locusID	N_alleles	Alleles
BMS1117	4	89 91 93 99 
TGLA53	5	136 140 134 138 142 
BMC4214	6	181 187 179 185 175 191 
BM1225	6	241 253 249 269 247 271 
BM47	5	103 107 104 102 105 
BMS1315	4	135 141 145 147 
IL4	8	97 91 103 89 93 83 85 101 
BM2113	6	129 127 143 149 141 131 
BMS1716	3	189 191 195 
BM1706	4	232 238 252 254 
BMS1675	4	87 85 89 91 
BMS1857	7	158 162 160 161 150 147 149 
BMS1001	3	113 115 108 
BMS601	6	172 178 182 174 180 176 
BM720	5	227 229 225 231 233 
ILSTS102	3	143 147 145 
BMS1074	4	154 158 160 156 
BMS1172	4	90 100 88 102 
BMS2258	7	140 148 127 150 142 146 138 
BM757	4	194 190 188 200 
SPS115	6	252 248 244 250 254 246 
BMS527	7	173 177 175 167 159 165 163 
BM2830	7	146 156 150 152 166 162 158 
INRA194	5	154 156 144 160 158 
BMS941	4	77 83 81 85 
INRA037	4	124 126 132 122 
BM4107	5	175 179 181 183 165 
TGLA122	4	142 148 150 138 
HUJ246	4	262 260 256 264 
BMS528	5	148 150 146 140 152 
BM4440	5	125 127 129 123 131 
TGLA44	4	157 159 155 153 
BMS510	4	91 92 95 94 
BMS1355	5	146 150 148 152 154 
BM1824	6	180 184 196 192 198 190 
BMS812	5	110 90 112 106 108 
BMS2639	8	172 174 170 176 186 168 166 178 
BMS410	5	89 95 83 81 85 
AGLA232	7	165 173 161 167 169 175 159 
BM17132	4	89 91 81 85 
BM711	3	161 167 165 
INRA133	5	228 238 236 240 224 
RM372	6	130 114 128 132 134 118 
BM4311	5	104 98 102 92 96 
BMS1747	6	95 103 99 101 91 97 
BL1036	4	181 177 191 193 
BM1862	5	205 207 211 201 215 
BMS1862	9	142 158 164 170 168 162 166 156 144 
URB011	5	145 149 153 151 147 
