

----------------------------------------------------
STRUCTURE by Pritchard, Stephens and Donnelly (2000)
     and Falush, Stephens and Pritchard (2003)
       Code by Pritchard, Falush and Hubisz
             Version 2.3.4 (Jul 2012)
----------------------------------------------------



Command line arguments:   structure -D 376636 -K 5 -m mainparams -o k5/c2_k5_run5 
Input File:    c2.str

Run parameters:
   269 individuals
   47 loci
   5 populations assumed
   500000 Burn-in period
   750000 Reps
RANDOMIZE turned off


--------------------------------------------
Proportion of membership of each pre-defined
 population in each of the 5 clusters

Given    Inferred Clusters                     Number of
 Pop       1      2      3      4      5      Individuals

  1:     0.007  0.849  0.089  0.041  0.015       25
  2:     0.003  0.006  0.005  0.005  0.980       29
  3:     0.990  0.003  0.002  0.003  0.002        9
  4:     0.008  0.346  0.079  0.552  0.015       26
  5:     0.009  0.230  0.333  0.417  0.012       74
  6:     0.008  0.135  0.612  0.231  0.014       35
  7:     0.008  0.064  0.826  0.093  0.010       24
  8:     0.010  0.297  0.084  0.583  0.027       43
  9:     0.003  0.150  0.079  0.758  0.010        4
--------------------------------------------

Allele-freq. divergence among pops (Net nucleotide distance),
computed using point estimates of P.

      1       2       3       4       5      
 1      -    0.0984  0.1193  0.0961  0.1294  
 2   0.0984     -    0.0161  0.0039  0.0514  
 3   0.1193  0.0161     -    0.0111  0.0632  
 4   0.0961  0.0039  0.0111     -    0.0498  
 5   0.1294  0.0514  0.0632  0.0498     -    

Average distances (expected heterozygosity) between individuals in same cluster:
cluster  1  : 0.5369 
cluster  2  : 0.6264 
cluster  3  : 0.5898 
cluster  4  : 0.6457 
cluster  5  : 0.5496 

--------------------------------------------
Estimated Ln Prob of Data   = -30041.5
Mean value of ln likelihood = -29555.1
Variance of ln likelihood   = 972.8
Mean value of alpha         = 0.0347

Mean value of Fst_1         = 0.3045
Mean value of Fst_2         = 0.0271
Mean value of Fst_3         = 0.0529
Mean value of Fst_4         = 0.0003
Mean value of Fst_5         = 0.1992


Inferred ancestry of individuals:
        Label (%Miss) Pop:  Inferred clusters
  1      591    (0)    1 :  0.015 0.892 0.048 0.039 0.006 
  2      592    (0)    1 :  0.004 0.616 0.322 0.043 0.015 
  3      593    (0)    1 :  0.012 0.961 0.011 0.013 0.003 
  4      594    (0)    1 :  0.007 0.788 0.101 0.087 0.016 
  5      595    (0)    1 :  0.005 0.946 0.005 0.030 0.014 
  6      596    (0)    1 :  0.012 0.892 0.009 0.030 0.058 
  7      597    (0)    1 :  0.003 0.940 0.018 0.031 0.008 
  8      598    (0)    1 :  0.001 0.928 0.012 0.035 0.023 
  9      599    (0)    1 :  0.015 0.361 0.599 0.018 0.006 
 10      600    (0)    1 :  0.007 0.953 0.004 0.011 0.025 
 11      601    (0)    1 :  0.003 0.927 0.036 0.031 0.003 
 12      602    (0)    1 :  0.007 0.931 0.019 0.034 0.009 
 13      603    (0)    1 :  0.011 0.046 0.864 0.068 0.012 
 14      604    (0)    1 :  0.003 0.948 0.005 0.032 0.012 
 15      605    (0)    1 :  0.004 0.944 0.006 0.020 0.025 
 16      606    (0)    1 :  0.032 0.905 0.014 0.038 0.012 
 17      607    (0)    1 :  0.003 0.960 0.005 0.018 0.014 
 18      608    (0)    1 :  0.003 0.956 0.024 0.012 0.005 
 19      609    (0)    1 :  0.004 0.970 0.007 0.016 0.004 
 20      610    (0)    1 :  0.003 0.825 0.029 0.134 0.009 
 21      611    (2)    1 :  0.003 0.960 0.006 0.023 0.008 
 22      612    (0)    1 :  0.002 0.893 0.013 0.048 0.044 
 23      755    (0)    1 :  0.002 0.739 0.035 0.190 0.034 
 24      756    (0)    1 :  0.005 0.966 0.017 0.008 0.004 
 25      757    (0)    1 :  0.002 0.969 0.011 0.011 0.007 
 26      212    (0)    2 :  0.001 0.002 0.004 0.003 0.990 
 27      213    (0)    2 :  0.003 0.004 0.006 0.004 0.983 
 28      214    (0)    2 :  0.001 0.006 0.004 0.005 0.985 
 29      215    (0)    2 :  0.004 0.004 0.005 0.004 0.984 
 30      216    (0)    2 :  0.002 0.003 0.004 0.003 0.988 
 31      217    (0)    2 :  0.002 0.005 0.005 0.005 0.984 
 32      218    (0)    2 :  0.002 0.003 0.003 0.003 0.990 
 33      332    (0)    2 :  0.006 0.018 0.017 0.010 0.948 
 34      333    (0)    2 :  0.011 0.023 0.009 0.018 0.939 
 35      334    (0)    2 :  0.003 0.006 0.005 0.004 0.982 
 36      335    (0)    2 :  0.002 0.003 0.004 0.003 0.989 
 37      336    (0)    2 :  0.013 0.003 0.003 0.003 0.979 
 38      337    (0)    2 :  0.002 0.010 0.003 0.006 0.979 
 39      673    (0)    2 :  0.001 0.001 0.002 0.001 0.994 
 40      674    (0)    2 :  0.002 0.006 0.004 0.006 0.983 
 41      675    (0)    2 :  0.005 0.005 0.006 0.004 0.980 
 42      676    (0)    2 :  0.001 0.007 0.007 0.005 0.980 
 43      677    (0)    2 :  0.003 0.004 0.004 0.003 0.987 
 44      678    (0)    2 :  0.005 0.009 0.010 0.016 0.960 
 45      679    (0)    2 :  0.002 0.016 0.007 0.013 0.961 
 46      680    (0)    2 :  0.005 0.007 0.007 0.005 0.976 
 47      681    (0)    2 :  0.002 0.007 0.005 0.006 0.981 
 48      682    (0)    2 :  0.004 0.002 0.002 0.002 0.990 
 49      683    (0)    2 :  0.002 0.006 0.004 0.005 0.983 
 50      684    (0)    2 :  0.003 0.005 0.005 0.005 0.982 
 51      685    (0)    2 :  0.003 0.007 0.003 0.006 0.982 
 52      686    (0)    2 :  0.003 0.002 0.002 0.002 0.990 
 53      687    (0)    2 :  0.002 0.002 0.003 0.002 0.991 
 54      688    (0)    2 :  0.002 0.004 0.007 0.003 0.984 
 55      070    (0)    3 :  0.987 0.004 0.003 0.005 0.002 
 56      071    (0)    3 :  0.985 0.003 0.003 0.003 0.006 
 57      072    (0)    3 :  0.993 0.002 0.002 0.002 0.001 
 58      151    (0)    3 :  0.994 0.002 0.002 0.001 0.002 
 59      152    (0)    3 :  0.982 0.005 0.004 0.006 0.002 
 60      153    (2)    3 :  0.994 0.002 0.001 0.001 0.002 
 61      788    (4)    3 :  0.989 0.002 0.003 0.003 0.002 
 62      789    (2)    3 :  0.992 0.002 0.002 0.002 0.003 
 63      790    (0)    3 :  0.993 0.002 0.002 0.002 0.001 
 64      010    (0)    4 :  0.002 0.112 0.008 0.873 0.004 
 65      024    (0)    4 :  0.007 0.042 0.027 0.911 0.013 
 66      051    (0)    4 :  0.012 0.898 0.007 0.077 0.007 
 67      090    (0)    4 :  0.007 0.460 0.018 0.511 0.005 
 68      102    (0)    4 :  0.002 0.193 0.470 0.332 0.003 
 69      111    (0)    4 :  0.002 0.487 0.021 0.487 0.004 
 70      113    (0)    4 :  0.006 0.781 0.056 0.153 0.005 
 71      138    (0)    4 :  0.023 0.399 0.019 0.475 0.084 
 72      150    (0)    4 :  0.012 0.172 0.756 0.054 0.005 
 73      173    (2)    4 :  0.024 0.386 0.063 0.510 0.016 
 74      174    (2)    4 :  0.027 0.528 0.005 0.437 0.003 
 75      175    (0)    4 :  0.009 0.340 0.008 0.640 0.003 
 76      176    (0)    4 :  0.006 0.057 0.014 0.911 0.013 
 77      177    (0)    4 :  0.003 0.810 0.013 0.171 0.002 
 78      180    (0)    4 :  0.003 0.882 0.006 0.104 0.005 
 79      184    (0)    4 :  0.011 0.331 0.086 0.567 0.005 
 80      195    (0)    4 :  0.005 0.085 0.019 0.879 0.013 
 81      198    (0)    4 :  0.003 0.489 0.011 0.492 0.006 
 82      203    (0)    4 :  0.009 0.168 0.025 0.793 0.005 
 83      211    (0)    4 :  0.003 0.082 0.032 0.786 0.097 
 84      220    (0)    4 :  0.003 0.330 0.235 0.423 0.009 
 85      233    (0)    4 :  0.005 0.077 0.107 0.775 0.037 
 86      331    (0)    4 :  0.008 0.281 0.013 0.693 0.005 
 87      349    (0)    4 :  0.006 0.310 0.022 0.658 0.005 
 88      410    (0)    4 :  0.003 0.157 0.005 0.812 0.023 
 89      417    (2)    4 :  0.002 0.140 0.018 0.836 0.005 
 90      421    (0)    5 :  0.002 0.007 0.974 0.011 0.006 
 91      423    (0)    5 :  0.008 0.182 0.007 0.800 0.003 
 92      424    (0)    5 :  0.002 0.941 0.007 0.048 0.002 
 93      433    (0)    5 :  0.002 0.071 0.657 0.248 0.023 
 94      462    (0)    5 :  0.002 0.553 0.168 0.251 0.025 
 95      463    (0)    5 :  0.003 0.258 0.014 0.722 0.004 
 96      467    (0)    5 :  0.006 0.011 0.961 0.010 0.012 
 97      468    (0)    5 :  0.004 0.237 0.696 0.060 0.002 
 98      469    (0)    5 :  0.002 0.033 0.734 0.229 0.003 
 99      472    (0)    5 :  0.004 0.027 0.016 0.946 0.007 
100      473    (0)    5 :  0.003 0.253 0.027 0.709 0.008 
101      474    (0)    5 :  0.002 0.013 0.967 0.007 0.011 
102      475    (0)    5 :  0.003 0.062 0.797 0.135 0.003 
103      476    (2)    5 :  0.011 0.023 0.921 0.018 0.028 
104      477    (0)    5 :  0.005 0.018 0.040 0.917 0.020 
105      478    (0)    5 :  0.002 0.108 0.112 0.775 0.003 
106      479    (0)    5 :  0.004 0.108 0.819 0.065 0.004 
107      480    (0)    5 :  0.002 0.008 0.981 0.007 0.003 
108      481    (0)    5 :  0.033 0.101 0.066 0.797 0.003 
109      482    (0)    5 :  0.003 0.335 0.058 0.566 0.039 
110      489    (0)    5 :  0.004 0.110 0.063 0.809 0.014 
111      490    (0)    5 :  0.004 0.850 0.011 0.132 0.004 
112      491    (0)    5 :  0.008 0.169 0.024 0.700 0.099 
113      492    (0)    5 :  0.005 0.081 0.821 0.073 0.021 
114      493    (0)    5 :  0.013 0.042 0.817 0.122 0.007 
115      494    (0)    5 :  0.026 0.291 0.377 0.271 0.034 
116      498    (0)    5 :  0.006 0.069 0.024 0.898 0.004 
117      499    (0)    5 :  0.004 0.509 0.021 0.460 0.007 
118      709    (0)    5 :  0.065 0.183 0.020 0.722 0.010 
119      710    (4)    5 :  0.008 0.008 0.134 0.848 0.003 
120      711    (2)    5 :  0.006 0.356 0.016 0.618 0.004 
121      712    (4)    5 :  0.002 0.748 0.021 0.225 0.003 
122      713    (0)    5 :  0.004 0.047 0.005 0.937 0.007 
123      714    (2)    5 :  0.010 0.010 0.968 0.010 0.002 
124      715    (4)    5 :  0.011 0.033 0.896 0.023 0.036 
125      716    (0)    5 :  0.003 0.007 0.977 0.010 0.003 
126      717    (2)    5 :  0.003 0.056 0.570 0.363 0.009 
127      718    (4)    5 :  0.003 0.520 0.057 0.418 0.002 
128      719    (0)    5 :  0.002 0.004 0.987 0.005 0.002 
129      720    (2)    5 :  0.002 0.012 0.948 0.027 0.010 
130      721    (0)    5 :  0.046 0.111 0.614 0.222 0.007 
131      722    (4)    5 :  0.002 0.005 0.987 0.004 0.002 
132      723    (0)    5 :  0.007 0.006 0.938 0.042 0.007 
133      724    (0)    5 :  0.004 0.012 0.954 0.023 0.008 
134      725    (0)    5 :  0.003 0.053 0.019 0.914 0.010 
135      726    (0)    5 :  0.008 0.135 0.378 0.474 0.006 
136      727    (0)    5 :  0.009 0.230 0.185 0.562 0.015 
137      728    (2)    5 :  0.075 0.052 0.022 0.845 0.006 
138      729    (6)    5 :  0.004 0.092 0.033 0.867 0.004 
139      730    (2)    5 :  0.007 0.666 0.047 0.274 0.006 
140      731    (2)    5 :  0.002 0.320 0.009 0.666 0.003 
141      732    (0)    5 :  0.003 0.084 0.310 0.597 0.007 
142      733    (0)    5 :  0.005 0.146 0.124 0.721 0.003 
143      734    (2)    5 :  0.009 0.475 0.028 0.394 0.094 
144      735    (4)    5 :  0.003 0.232 0.050 0.707 0.007 
145      736    (2)    5 :  0.011 0.488 0.010 0.474 0.017 
146      737    (0)    5 :  0.017 0.587 0.008 0.384 0.004 
147      738    (2)    5 :  0.003 0.545 0.009 0.438 0.005 
148      739    (8)    5 :  0.011 0.512 0.058 0.413 0.007 
149      740    (4)    5 :  0.002 0.033 0.073 0.890 0.003 
150      741    (2)    5 :  0.002 0.372 0.158 0.452 0.016 
151      742    (4)    5 :  0.005 0.813 0.012 0.165 0.004 
152      743    (2)    5 :  0.002 0.011 0.965 0.012 0.010 
153      744    (0)    5 :  0.037 0.103 0.169 0.687 0.005 
154      745    (0)    5 :  0.025 0.035 0.764 0.168 0.007 
155      746    (2)    5 :  0.004 0.196 0.008 0.787 0.006 
156      747    (2)    5 :  0.005 0.540 0.014 0.421 0.020 
157      748    (0)    5 :  0.004 0.485 0.020 0.478 0.012 
158      749    (2)    5 :  0.010 0.548 0.008 0.413 0.020 
159      750    (4)    5 :  0.005 0.185 0.012 0.793 0.005 
160      751    (0)    5 :  0.014 0.326 0.017 0.637 0.007 
161      752    (2)    5 :  0.003 0.203 0.743 0.048 0.003 
162      753    (4)    5 :  0.009 0.191 0.081 0.673 0.045 
163      754    (2)    5 :  0.004 0.743 0.008 0.242 0.004 
164      155    (0)    6 :  0.004 0.056 0.018 0.888 0.034 
165      156    (2)    6 :  0.124 0.113 0.017 0.740 0.006 
166      157    (2)    6 :  0.002 0.569 0.013 0.407 0.008 
167      158    (0)    6 :  0.004 0.209 0.020 0.760 0.007 
168      159    (0)    6 :  0.007 0.056 0.017 0.917 0.003 
169      160    (0)    6 :  0.003 0.237 0.622 0.128 0.010 
170      161    (0)    6 :  0.003 0.240 0.051 0.697 0.009 
171      162    (0)    6 :  0.009 0.045 0.595 0.345 0.006 
172      163    (2)    6 :  0.010 0.711 0.007 0.268 0.003 
173      164    (0)    6 :  0.002 0.117 0.022 0.838 0.020 
174      165    (2)    6 :  0.006 0.018 0.008 0.962 0.006 
175      427    (0)    6 :  0.010 0.013 0.883 0.015 0.079 
176      428    (0)    6 :  0.003 0.008 0.978 0.007 0.004 
177      429    (0)    6 :  0.004 0.006 0.977 0.011 0.003 
178      430    (0)    6 :  0.002 0.649 0.099 0.246 0.004 
179      431    (0)    6 :  0.002 0.010 0.973 0.011 0.003 
180      435    (0)    6 :  0.002 0.004 0.989 0.004 0.002 
181      436    (0)    6 :  0.002 0.004 0.987 0.004 0.003 
182      437    (0)    6 :  0.002 0.005 0.978 0.011 0.004 
183      438    (0)    6 :  0.006 0.012 0.965 0.016 0.002 
184      439    (0)    6 :  0.007 0.066 0.836 0.087 0.005 
185      441    (0)    6 :  0.001 0.279 0.656 0.060 0.003 
186      442    (0)    6 :  0.006 0.012 0.772 0.020 0.191 
187      443    (4)    6 :  0.003 0.008 0.980 0.006 0.002 
188      444    (4)    6 :  0.005 0.006 0.965 0.011 0.013 
189      445    (2)    6 :  0.009 0.010 0.775 0.202 0.004 
190      446    (0)    6 :  0.004 0.008 0.975 0.007 0.007 
191      447    (0)    6 :  0.004 0.009 0.973 0.010 0.004 
192      449    (0)    6 :  0.002 0.003 0.987 0.004 0.005 
193      460    (0)    6 :  0.002 0.007 0.972 0.014 0.005 
194      461    (0)    6 :  0.002 0.111 0.740 0.137 0.010 
195      484    (0)    6 :  0.005 0.816 0.060 0.104 0.015 
196      485    (0)    6 :  0.002 0.004 0.983 0.007 0.004 
197      486    (0)    6 :  0.003 0.287 0.598 0.108 0.004 
198      487    (0)    6 :  0.003 0.025 0.929 0.034 0.009 
199      178    (0)    7 :  0.008 0.023 0.913 0.050 0.005 
200      422    (0)    7 :  0.003 0.007 0.981 0.006 0.003 
201      425    (0)    7 :  0.001 0.011 0.966 0.019 0.003 
202      426    (0)    7 :  0.092 0.481 0.083 0.325 0.020 
203      432    (0)    7 :  0.011 0.130 0.636 0.211 0.012 
204      434    (0)    7 :  0.003 0.007 0.978 0.005 0.006 
205      440    (0)    7 :  0.002 0.039 0.824 0.118 0.018 
206      448    (2)    7 :  0.002 0.008 0.961 0.007 0.021 
207      456    (0)    7 :  0.003 0.058 0.257 0.671 0.010 
208      457    (0)    7 :  0.006 0.029 0.924 0.036 0.005 
209      458    (0)    7 :  0.008 0.259 0.445 0.269 0.020 
210      459    (0)    7 :  0.003 0.019 0.955 0.018 0.005 
211      464    (0)    7 :  0.004 0.005 0.978 0.007 0.006 
212      465    (0)    7 :  0.001 0.008 0.980 0.009 0.002 
213      466    (0)    7 :  0.002 0.015 0.958 0.021 0.005 
214      470    (0)    7 :  0.002 0.008 0.982 0.005 0.004 
215      471    (0)    7 :  0.017 0.021 0.945 0.013 0.004 
216      483    (0)    7 :  0.003 0.097 0.857 0.030 0.012 
217      488    (0)    7 :  0.003 0.036 0.875 0.079 0.006 
218      495    (0)    7 :  0.001 0.013 0.974 0.009 0.003 
219      496    (0)    7 :  0.003 0.011 0.972 0.012 0.002 
220      497    (0)    7 :  0.003 0.005 0.931 0.018 0.042 
221      500    (0)    7 :  0.004 0.189 0.524 0.280 0.004 
222      879    (0)    7 :  0.003 0.047 0.922 0.013 0.015 
223      036    (0)    8 :  0.004 0.012 0.015 0.967 0.002 
224      063    (2)    8 :  0.004 0.386 0.041 0.555 0.014 
225      094    (4)    8 :  0.005 0.382 0.090 0.514 0.009 
226      103    (4)    8 :  0.003 0.023 0.008 0.959 0.007 
227      112    (0)    8 :  0.004 0.685 0.006 0.300 0.005 
228      114    (2)    8 :  0.002 0.018 0.050 0.926 0.004 
229      120    (0)    8 :  0.002 0.804 0.022 0.167 0.005 
230      127    (2)    8 :  0.003 0.519 0.015 0.457 0.006 
231      147    (0)    8 :  0.048 0.568 0.013 0.364 0.006 
232      166    (0)    8 :  0.033 0.550 0.031 0.371 0.016 
233      167    (0)    8 :  0.008 0.062 0.452 0.472 0.007 
234      168    (0)    8 :  0.003 0.009 0.014 0.970 0.004 
235      169    (2)    8 :  0.006 0.218 0.426 0.345 0.005 
236      170    (0)    8 :  0.005 0.271 0.011 0.679 0.033 
237      171    (2)    8 :  0.014 0.525 0.009 0.448 0.005 
238      172    (0)    8 :  0.011 0.770 0.023 0.192 0.004 
239      185    (0)    8 :  0.005 0.160 0.106 0.723 0.006 
240      199    (2)    8 :  0.006 0.064 0.011 0.689 0.230 
241      339    (0)    8 :  0.011 0.051 0.768 0.163 0.007 
242      355    (0)    8 :  0.013 0.044 0.004 0.860 0.079 
243      356    (0)    8 :  0.004 0.485 0.010 0.496 0.005 
244      357    (0)    8 :  0.011 0.080 0.012 0.885 0.013 
245      358    (0)    8 :  0.007 0.181 0.016 0.792 0.004 
246      359    (0)    8 :  0.002 0.549 0.009 0.430 0.009 
247      360    (0)    8 :  0.010 0.231 0.042 0.713 0.005 
248      361    (0)    8 :  0.002 0.620 0.195 0.181 0.003 
249      362    (0)    8 :  0.006 0.572 0.080 0.337 0.005 
250      363    (0)    8 :  0.013 0.860 0.013 0.075 0.039 
251      364    (0)    8 :  0.003 0.377 0.028 0.532 0.060 
252      365    (0)    8 :  0.016 0.027 0.128 0.826 0.003 
253      366    (0)    8 :  0.031 0.305 0.007 0.654 0.003 
254      367    (0)    8 :  0.009 0.032 0.009 0.948 0.003 
255      368    (0)    8 :  0.018 0.260 0.007 0.710 0.005 
256      369    (0)    8 :  0.005 0.083 0.006 0.903 0.004 
257      370    (0)    8 :  0.016 0.470 0.017 0.487 0.009 
258      371    (0)    8 :  0.003 0.019 0.011 0.960 0.007 
259      372    (0)    8 :  0.004 0.050 0.566 0.032 0.348 
260      373    (0)    8 :  0.003 0.022 0.022 0.921 0.033 
261      380    (0)    8 :  0.005 0.541 0.012 0.429 0.012 
262      388    (0)    8 :  0.007 0.613 0.009 0.354 0.017 
263      418    (0)    8 :  0.006 0.054 0.015 0.886 0.040 
264      419    (0)    8 :  0.006 0.034 0.039 0.919 0.003 
265      420    (0)    8 :  0.049 0.165 0.243 0.480 0.063 
266      409    (0)    9 :  0.002 0.255 0.062 0.677 0.004 
267      414    (0)    9 :  0.003 0.094 0.014 0.881 0.008 
268      415    (2)    9 :  0.004 0.141 0.010 0.834 0.012 
269      416    (0)    9 :  0.004 0.110 0.230 0.642 0.014 


Estimated Allele Frequencies in each cluster
First column gives estimated ancestral frequencies


Locus 1 : 1 
4 alleles
0.0% missing data
  89   (0.563) 0.068 0.554 0.539 0.564 0.639 
  91   (0.361) 0.693 0.401 0.402 0.360 0.312 
  93   (0.057) 0.102 0.041 0.041 0.057 0.048 
  99   (0.019) 0.136 0.005 0.018 0.019 0.001 

Locus 2 : 2 
6 alleles
1.9% missing data
 134   (0.234) 0.027 0.286 0.268 0.233 0.371 
 136   (0.365) 0.199 0.447 0.104 0.366 0.460 
 142   (0.019) 0.002 0.013 0.100 0.018 0.001 
 138   (0.288) 0.761 0.203 0.479 0.288 0.162 
 140   (0.062) 0.007 0.041 0.044 0.062 0.004 
 132   (0.032) 0.003 0.010 0.006 0.033 0.002 

Locus 3 : 3 
6 alleles
0.0% missing data
 181   (0.262) 0.183 0.274 0.325 0.261 0.078 
 179   (0.226) 0.027 0.321 0.245 0.226 0.015 
 187   (0.340) 0.770 0.291 0.216 0.341 0.264 
 185   (0.090) 0.010 0.065 0.085 0.089 0.451 
 191   (0.029) 0.003 0.009 0.005 0.029 0.189 
 175   (0.053) 0.006 0.040 0.124 0.053 0.004 

Locus 4 : 4 
10 alleles
0.4% missing data
 253   (0.520) 0.603 0.546 0.530 0.522 0.469 
 241   (0.149) 0.173 0.172 0.145 0.148 0.151 
 269   (0.165) 0.204 0.168 0.249 0.165 0.104 
 255   (0.007) 0.001 0.002 0.005 0.007 0.000 
 247   (0.075) 0.008 0.064 0.052 0.075 0.270 
 245   (0.007) 0.001 0.002 0.001 0.007 0.000 
 249   (0.020) 0.003 0.008 0.002 0.020 0.001 
 271   (0.035) 0.004 0.023 0.012 0.036 0.002 
 239   (0.013) 0.001 0.008 0.002 0.013 0.001 
 273   (0.009) 0.001 0.008 0.001 0.009 0.001 

Locus 5 : 5 
6 alleles
0.4% missing data
 103   (0.829) 0.980 0.867 0.941 0.829 0.975 
 104   (0.077) 0.009 0.039 0.029 0.078 0.005 
 105   (0.050) 0.006 0.069 0.023 0.049 0.003 
 101   (0.011) 0.001 0.005 0.001 0.010 0.014 
 102   (0.019) 0.003 0.013 0.003 0.019 0.001 
 107   (0.014) 0.001 0.006 0.002 0.014 0.001 

Locus 6 : 6 
5 alleles
0.0% missing data
 141   (0.251) 0.028 0.283 0.293 0.251 0.142 
 145   (0.459) 0.415 0.464 0.506 0.459 0.268 
 135   (0.209) 0.547 0.170 0.184 0.209 0.285 
 147   (0.071) 0.008 0.076 0.015 0.071 0.305 
 137   (0.010) 0.001 0.007 0.002 0.009 0.001 

Locus 7 : 7 
10 alleles
1.9% missing data
  97   (0.201) 0.133 0.162 0.133 0.202 0.255 
 103   (0.316) 0.044 0.387 0.345 0.315 0.512 
  93   (0.198) 0.785 0.220 0.296 0.198 0.071 
  91   (0.067) 0.010 0.064 0.032 0.067 0.148 
  89   (0.066) 0.008 0.071 0.113 0.065 0.004 
  85   (0.044) 0.006 0.042 0.032 0.044 0.003 
  83   (0.081) 0.010 0.048 0.045 0.082 0.005 
 105   (0.014) 0.002 0.004 0.002 0.014 0.001 
 101   (0.007) 0.001 0.002 0.001 0.007 0.000 
  99   (0.007) 0.001 0.002 0.001 0.007 0.000 

Locus 8 : 8 
8 alleles
0.0% missing data
 129   (0.557) 0.206 0.530 0.676 0.559 0.635 
 143   (0.258) 0.675 0.333 0.208 0.258 0.138 
 141   (0.048) 0.005 0.052 0.022 0.047 0.204 
 149   (0.077) 0.008 0.056 0.080 0.077 0.018 
 127   (0.019) 0.058 0.007 0.002 0.019 0.001 
 131   (0.013) 0.045 0.004 0.006 0.013 0.002 
 133   (0.021) 0.002 0.015 0.005 0.021 0.001 
 145   (0.007) 0.001 0.002 0.001 0.007 0.000 

Locus 9 : 9 
4 alleles
0.0% missing data
 195   (0.129) 0.343 0.166 0.238 0.128 0.054 
 191   (0.402) 0.346 0.402 0.325 0.402 0.540 
 189   (0.462) 0.310 0.431 0.436 0.463 0.405 
 197   (0.007) 0.001 0.002 0.001 0.007 0.000 

Locus 10 : 10 
7 alleles
0.4% missing data
 238   (0.553) 0.379 0.601 0.771 0.552 0.353 
 252   (0.092) 0.012 0.121 0.065 0.091 0.037 
 232   (0.270) 0.226 0.233 0.154 0.271 0.281 
 254   (0.042) 0.379 0.031 0.005 0.042 0.244 
 248   (0.023) 0.003 0.008 0.003 0.023 0.083 
 250   (0.014) 0.002 0.004 0.002 0.014 0.001 
 236   (0.007) 0.001 0.002 0.001 0.007 0.001 

Locus 11 : 11 
4 alleles
0.0% missing data
  87   (0.710) 0.966 0.674 0.826 0.710 0.539 
  89   (0.227) 0.027 0.281 0.147 0.227 0.379 
  91   (0.046) 0.005 0.036 0.025 0.046 0.081 
  85   (0.017) 0.002 0.009 0.002 0.017 0.001 

Locus 12 : 12 
13 alleles
0.4% missing data
 162   (0.255) 0.074 0.341 0.289 0.254 0.235 
 158   (0.230) 0.029 0.225 0.177 0.232 0.028 
 161   (0.106) 0.119 0.125 0.112 0.105 0.019 
 147   (0.033) 0.004 0.061 0.035 0.033 0.002 
 160   (0.203) 0.573 0.152 0.249 0.203 0.704 
 143   (0.038) 0.186 0.019 0.006 0.038 0.002 
 154   (0.021) 0.002 0.018 0.002 0.021 0.001 
 170   (0.056) 0.007 0.031 0.038 0.057 0.004 
 149   (0.022) 0.002 0.014 0.067 0.021 0.001 
 153   (0.013) 0.001 0.008 0.002 0.013 0.001 
 150   (0.007) 0.001 0.002 0.006 0.007 0.000 
 159   (0.009) 0.001 0.003 0.016 0.009 0.001 
 164   (0.007) 0.001 0.002 0.001 0.007 0.000 

Locus 13 : 13 
5 alleles
0.0% missing data
 108   (0.208) 0.330 0.196 0.113 0.209 0.199 
 113   (0.337) 0.572 0.321 0.358 0.337 0.508 
 115   (0.441) 0.096 0.479 0.528 0.441 0.292 
 109   (0.007) 0.001 0.002 0.001 0.007 0.000 
 110   (0.007) 0.001 0.002 0.001 0.007 0.000 

Locus 14 : 14 
5 alleles
1.1% missing data
 229   (0.536) 0.105 0.474 0.520 0.538 0.424 
 231   (0.149) 0.266 0.290 0.029 0.149 0.346 
 225   (0.133) 0.223 0.118 0.112 0.132 0.206 
 227   (0.131) 0.258 0.075 0.296 0.131 0.021 
 233   (0.050) 0.147 0.043 0.043 0.050 0.004 

Locus 15 : 15 
4 alleles
0.4% missing data
 143   (0.837) 0.724 0.866 0.873 0.838 0.819 
 145   (0.088) 0.267 0.086 0.064 0.088 0.006 
 147   (0.057) 0.008 0.032 0.061 0.057 0.143 
 133   (0.018) 0.002 0.015 0.002 0.017 0.032 

Locus 16 : 16 
5 alleles
0.0% missing data
 154   (0.092) 0.213 0.070 0.024 0.092 0.180 
 156   (0.224) 0.514 0.298 0.204 0.223 0.491 
 158   (0.549) 0.258 0.507 0.627 0.550 0.212 
 160   (0.129) 0.015 0.124 0.134 0.128 0.116 
 152   (0.008) 0.001 0.002 0.012 0.007 0.000 

Locus 17 : 17 
5 alleles
0.0% missing data
  90   (0.658) 0.552 0.743 0.722 0.657 0.788 
 102   (0.200) 0.023 0.158 0.229 0.200 0.202 
 100   (0.052) 0.415 0.045 0.014 0.052 0.003 
  88   (0.083) 0.009 0.052 0.029 0.084 0.006 
 104   (0.007) 0.001 0.002 0.006 0.007 0.000 

Locus 18 : 18 
7 alleles
0.0% missing data
 140   (0.302) 0.287 0.364 0.263 0.302 0.186 
 127   (0.304) 0.553 0.317 0.293 0.304 0.067 
 146   (0.078) 0.008 0.069 0.100 0.077 0.217 
 148   (0.085) 0.009 0.089 0.075 0.085 0.213 
 138   (0.048) 0.121 0.038 0.037 0.047 0.003 
 150   (0.059) 0.006 0.036 0.129 0.058 0.306 
 142   (0.126) 0.014 0.087 0.102 0.127 0.008 

Locus 19 : 19 
7 alleles
0.0% missing data
 194   (0.568) 0.953 0.589 0.520 0.569 0.480 
 200   (0.106) 0.012 0.090 0.147 0.106 0.007 
 190   (0.099) 0.011 0.154 0.177 0.098 0.200 
 188   (0.197) 0.022 0.148 0.152 0.198 0.170 
 202   (0.016) 0.002 0.008 0.002 0.015 0.142 
 192   (0.007) 0.001 0.006 0.001 0.007 0.000 
 196   (0.007) 0.001 0.005 0.001 0.007 0.000 

Locus 20 : 20 
6 alleles
1.1% missing data
 252   (0.722) 0.389 0.756 0.774 0.723 0.725 
 246   (0.093) 0.161 0.111 0.062 0.092 0.050 
 250   (0.071) 0.340 0.061 0.059 0.071 0.142 
 254   (0.068) 0.104 0.055 0.090 0.067 0.081 
 248   (0.030) 0.003 0.009 0.006 0.030 0.002 
 244   (0.016) 0.003 0.008 0.008 0.016 0.001 

Locus 21 : 21 
7 alleles
0.4% missing data
 173   (0.266) 0.120 0.282 0.500 0.266 0.212 
 167   (0.195) 0.114 0.175 0.125 0.196 0.122 
 175   (0.138) 0.480 0.206 0.074 0.137 0.253 
 177   (0.272) 0.272 0.225 0.261 0.272 0.174 
 165   (0.054) 0.006 0.076 0.023 0.054 0.018 
 163   (0.041) 0.004 0.022 0.010 0.041 0.219 
 159   (0.033) 0.004 0.013 0.007 0.034 0.002 

Locus 22 : 22 
10 alleles
1.1% missing data
 152   (0.419) 0.490 0.469 0.568 0.419 0.368 
 164   (0.024) 0.003 0.034 0.006 0.024 0.002 
 146   (0.232) 0.076 0.193 0.313 0.233 0.144 
 158   (0.102) 0.012 0.123 0.022 0.103 0.107 
 166   (0.097) 0.115 0.095 0.040 0.098 0.006 
 162   (0.057) 0.007 0.066 0.020 0.056 0.071 
 156   (0.016) 0.002 0.005 0.010 0.016 0.298 
 150   (0.027) 0.113 0.009 0.011 0.027 0.002 
 148   (0.009) 0.180 0.003 0.001 0.009 0.001 
 142   (0.016) 0.002 0.004 0.009 0.016 0.001 

Locus 23 : 23 
7 alleles
0.7% missing data
 144   (0.168) 0.595 0.155 0.227 0.167 0.618 
 156   (0.132) 0.016 0.160 0.051 0.132 0.038 
 154   (0.567) 0.372 0.532 0.595 0.568 0.236 
 160   (0.091) 0.011 0.120 0.118 0.090 0.105 
 158   (0.025) 0.003 0.026 0.005 0.025 0.002 
 152   (0.007) 0.001 0.002 0.002 0.007 0.000 
 146   (0.010) 0.002 0.005 0.001 0.010 0.001 

Locus 24 : 24 
4 alleles
0.7% missing data
  81   (0.386) 0.300 0.317 0.405 0.388 0.027 
  83   (0.461) 0.682 0.514 0.430 0.460 0.915 
  77   (0.072) 0.008 0.081 0.078 0.071 0.052 
  85   (0.081) 0.009 0.088 0.086 0.081 0.006 

Locus 25 : 25 
6 alleles
0.4% missing data
 122   (0.098) 0.115 0.079 0.121 0.098 0.006 
 132   (0.327) 0.184 0.347 0.322 0.327 0.449 
 124   (0.524) 0.408 0.544 0.551 0.525 0.542 
 136   (0.016) 0.002 0.013 0.002 0.016 0.001 
 120   (0.018) 0.289 0.007 0.002 0.018 0.001 
 126   (0.017) 0.002 0.009 0.002 0.017 0.001 

Locus 26 : 26 
7 alleles
0.4% missing data
 165   (0.238) 0.322 0.272 0.260 0.237 0.060 
 183   (0.351) 0.297 0.404 0.329 0.351 0.426 
 175   (0.241) 0.030 0.213 0.322 0.241 0.440 
 181   (0.072) 0.009 0.070 0.012 0.072 0.067 
 179   (0.084) 0.341 0.038 0.074 0.085 0.005 
 185   (0.007) 0.001 0.002 0.001 0.007 0.000 
 157   (0.007) 0.001 0.002 0.001 0.007 0.000 

Locus 27 : 27 
4 alleles
0.4% missing data
 142   (0.655) 0.316 0.631 0.750 0.656 0.739 
 148   (0.205) 0.668 0.230 0.102 0.205 0.072 
 150   (0.110) 0.012 0.110 0.126 0.110 0.187 
 138   (0.030) 0.004 0.028 0.023 0.029 0.002 

Locus 28 : 28 
6 alleles
0.4% missing data
 262   (0.496) 0.844 0.616 0.412 0.496 0.548 
 260   (0.385) 0.142 0.314 0.502 0.385 0.378 
 256   (0.081) 0.010 0.053 0.057 0.081 0.071 
 258   (0.014) 0.001 0.005 0.002 0.014 0.001 
 266   (0.007) 0.001 0.002 0.006 0.007 0.000 
 264   (0.017) 0.002 0.010 0.022 0.017 0.001 

Locus 29 : 29 
7 alleles
0.0% missing data
 150   (0.448) 0.149 0.452 0.520 0.449 0.298 
 140   (0.174) 0.805 0.149 0.162 0.174 0.062 
 146   (0.288) 0.036 0.326 0.247 0.288 0.334 
 148   (0.048) 0.005 0.051 0.032 0.048 0.304 
 142   (0.007) 0.001 0.007 0.001 0.007 0.000 
 152   (0.027) 0.003 0.011 0.037 0.027 0.002 
 151   (0.007) 0.001 0.004 0.001 0.007 0.000 

Locus 30 : 30 
6 alleles
0.0% missing data
 127   (0.105) 0.595 0.112 0.064 0.105 0.085 
 123   (0.153) 0.017 0.125 0.223 0.153 0.103 
 129   (0.398) 0.201 0.407 0.576 0.397 0.774 
 125   (0.290) 0.137 0.329 0.095 0.292 0.035 
 121   (0.014) 0.044 0.004 0.002 0.014 0.001 
 131   (0.040) 0.005 0.022 0.039 0.040 0.003 

Locus 31 : 31 
5 alleles
0.4% missing data
 155   (0.563) 0.526 0.493 0.444 0.564 0.716 
 159   (0.166) 0.019 0.231 0.259 0.166 0.012 
 157   (0.179) 0.115 0.225 0.217 0.178 0.026 
 151   (0.032) 0.236 0.019 0.004 0.032 0.242 
 153   (0.060) 0.104 0.031 0.076 0.060 0.004 

Locus 32 : 32 
5 alleles
0.0% missing data
 150   (0.549) 0.407 0.520 0.595 0.550 0.633 
 146   (0.352) 0.582 0.330 0.325 0.352 0.316 
 148   (0.055) 0.006 0.075 0.035 0.054 0.048 
 154   (0.034) 0.004 0.072 0.011 0.034 0.002 
 152   (0.010) 0.001 0.003 0.033 0.010 0.001 

Locus 33 : 33 
6 alleles
0.0% missing data
 184   (0.178) 0.273 0.226 0.261 0.177 0.075 
 180   (0.466) 0.687 0.475 0.377 0.467 0.662 
 192   (0.168) 0.019 0.166 0.170 0.168 0.185 
 190   (0.020) 0.002 0.017 0.033 0.020 0.001 
 196   (0.098) 0.011 0.083 0.142 0.098 0.006 
 198   (0.070) 0.007 0.034 0.018 0.070 0.070 

Locus 34 : 34 
6 alleles
0.0% missing data
 106   (0.263) 0.228 0.343 0.382 0.262 0.693 
 110   (0.185) 0.216 0.171 0.114 0.185 0.078 
 112   (0.346) 0.039 0.350 0.389 0.347 0.068 
 108   (0.162) 0.116 0.109 0.090 0.163 0.113 
  96   (0.011) 0.001 0.003 0.001 0.010 0.046 
  90   (0.034) 0.399 0.023 0.024 0.033 0.002 

Locus 35 : 35 
9 alleles
0.0% missing data
 170   (0.250) 0.608 0.354 0.223 0.249 0.321 
 172   (0.317) 0.040 0.218 0.397 0.318 0.576 
 176   (0.091) 0.010 0.160 0.012 0.091 0.019 
 174   (0.173) 0.020 0.154 0.175 0.174 0.072 
 166   (0.042) 0.005 0.043 0.099 0.042 0.003 
 168   (0.063) 0.309 0.047 0.026 0.063 0.004 
 186   (0.015) 0.002 0.004 0.038 0.015 0.001 
 178   (0.041) 0.005 0.020 0.030 0.042 0.003 
 158   (0.007) 0.001 0.002 0.001 0.007 0.000 

Locus 36 : 36 
6 alleles
0.0% missing data
  85   (0.171) 0.490 0.144 0.135 0.171 0.234 
  95   (0.052) 0.006 0.052 0.065 0.052 0.004 
  89   (0.562) 0.373 0.557 0.668 0.562 0.513 
  81   (0.072) 0.008 0.132 0.032 0.072 0.005 
  83   (0.125) 0.014 0.109 0.094 0.125 0.242 
  91   (0.019) 0.108 0.005 0.006 0.018 0.001 

Locus 37 : 37 
10 alleles
0.0% missing data
 161   (0.337) 0.425 0.413 0.281 0.337 0.380 
 173   (0.259) 0.225 0.280 0.305 0.258 0.500 
 165   (0.231) 0.137 0.210 0.245 0.231 0.108 
 169   (0.101) 0.205 0.069 0.123 0.101 0.007 
 168   (0.013) 0.001 0.003 0.002 0.013 0.001 
 155   (0.018) 0.002 0.012 0.002 0.019 0.001 
 167   (0.016) 0.002 0.006 0.005 0.016 0.002 
 159   (0.010) 0.001 0.002 0.005 0.010 0.001 
 177   (0.007) 0.001 0.002 0.001 0.007 0.000 
 175   (0.008) 0.001 0.002 0.031 0.007 0.000 

Locus 38 : 38 
5 alleles
0.0% missing data
  81   (0.126) 0.015 0.151 0.092 0.126 0.117 
  87   (0.074) 0.553 0.084 0.053 0.073 0.128 
  89   (0.443) 0.052 0.381 0.559 0.445 0.105 
  85   (0.181) 0.172 0.204 0.198 0.180 0.464 
  91   (0.176) 0.208 0.180 0.098 0.176 0.186 

Locus 39 : 39 
4 alleles
0.7% missing data
 167   (0.786) 0.684 0.854 0.796 0.786 0.858 
 161   (0.181) 0.312 0.134 0.151 0.181 0.139 
 165   (0.027) 0.003 0.011 0.052 0.027 0.002 
 177   (0.007) 0.001 0.002 0.001 0.007 0.001 

Locus 40 : 40 
6 alleles
0.4% missing data
 228   (0.403) 0.534 0.401 0.507 0.403 0.242 
 240   (0.138) 0.017 0.124 0.131 0.138 0.263 
 238   (0.332) 0.086 0.358 0.293 0.333 0.120 
 236   (0.097) 0.360 0.082 0.054 0.097 0.373 
 224   (0.018) 0.002 0.024 0.014 0.018 0.001 
 232   (0.012) 0.001 0.011 0.001 0.012 0.001 

Locus 41 : 41 
7 alleles
0.0% missing data
 130   (0.533) 0.061 0.534 0.452 0.535 0.768 
 132   (0.116) 0.014 0.133 0.199 0.116 0.055 
 114   (0.045) 0.491 0.055 0.006 0.045 0.003 
 128   (0.110) 0.012 0.100 0.189 0.109 0.037 
 134   (0.118) 0.212 0.141 0.084 0.118 0.008 
 118   (0.070) 0.210 0.036 0.071 0.069 0.129 
 136   (0.007) 0.001 0.002 0.001 0.007 0.000 

Locus 42 : 42 
5 alleles
1.5% missing data
  92   (0.103) 0.055 0.132 0.060 0.103 0.007 
  96   (0.068) 0.103 0.066 0.024 0.068 0.004 
 102   (0.262) 0.571 0.290 0.335 0.260 0.475 
 104   (0.445) 0.053 0.391 0.501 0.447 0.415 
  98   (0.122) 0.217 0.121 0.079 0.121 0.099 

Locus 43 : 43 
6 alleles
2.2% missing data
 103   (0.331) 0.235 0.249 0.414 0.331 0.350 
 101   (0.283) 0.034 0.416 0.287 0.283 0.188 
  95   (0.201) 0.177 0.182 0.194 0.201 0.450 
  99   (0.159) 0.406 0.139 0.102 0.159 0.010 
  97   (0.019) 0.147 0.012 0.003 0.019 0.001 
  91   (0.007) 0.001 0.003 0.001 0.007 0.000 

Locus 44 : 44 
7 alleles
0.0% missing data
 181   (0.542) 0.517 0.604 0.696 0.541 0.855 
 191   (0.301) 0.281 0.307 0.214 0.302 0.105 
 177   (0.079) 0.010 0.047 0.050 0.080 0.005 
 189   (0.007) 0.001 0.002 0.001 0.007 0.030 
 179   (0.053) 0.190 0.033 0.006 0.053 0.004 
 183   (0.010) 0.001 0.005 0.002 0.010 0.001 
 193   (0.008) 0.001 0.002 0.031 0.008 0.000 

Locus 45 : 45 
6 alleles
1.5% missing data
 211   (0.228) 0.333 0.259 0.163 0.228 0.270 
 215   (0.079) 0.010 0.073 0.069 0.079 0.115 
 205   (0.488) 0.261 0.489 0.505 0.489 0.412 
 201   (0.066) 0.380 0.077 0.065 0.065 0.004 
 207   (0.129) 0.016 0.099 0.196 0.129 0.198 
 202   (0.010) 0.001 0.003 0.002 0.010 0.001 

Locus 46 : 46 
10 alleles
0.7% missing data
 142   (0.374) 0.046 0.388 0.566 0.374 0.287 
 166   (0.131) 0.116 0.078 0.183 0.131 0.379 
 158   (0.144) 0.018 0.208 0.088 0.144 0.086 
 168   (0.141) 0.215 0.142 0.042 0.142 0.111 
 162   (0.057) 0.112 0.043 0.028 0.057 0.004 
 144   (0.056) 0.007 0.036 0.052 0.056 0.127 
 156   (0.028) 0.478 0.013 0.013 0.028 0.002 
 164   (0.049) 0.006 0.073 0.025 0.049 0.003 
 170   (0.014) 0.002 0.015 0.002 0.014 0.001 
 160   (0.007) 0.001 0.003 0.001 0.007 0.000 

Locus 47 : 47 
6 alleles
7.8% missing data
 145   (0.243) 0.524 0.278 0.114 0.242 0.616 
 151   (0.169) 0.091 0.276 0.155 0.168 0.012 
 153   (0.178) 0.028 0.178 0.336 0.178 0.028 
 149   (0.365) 0.350 0.237 0.389 0.366 0.341 
 143   (0.018) 0.003 0.012 0.002 0.018 0.001 
 147   (0.027) 0.004 0.018 0.003 0.028 0.002 

Values of parameters used in structure:
DATAFILE=c2.str,	OUTFILE=k5/c2_k5_run5,	NUMINDS=269,	NUMLOCI=47,	MISSING=-9,	LABEL=1,	POPDATA=1,	POPFLAG=0,	PHENOTYPE=0,	EXTRACOLS=0,	MAXPOPS=5,	BURNIN=500000,	NUMREPS=750000,	USEPOPINFO=0,	INFERALPHA=1,	INFERLAMBDA=0,	POPSPECIFICLAMBDA=0,	POPALPHAS=0,	COMPUTEPROB=1,	NOADMIX=0,	ADMBURNIN=500,	UPDATEFREQ=100,	PRINTLIKES=0,	INTERMEDSAVE=0,	PRINTKLD=0,	PRINTNET=1,	PRINTLAMBDA=1,	ANCESTDIST=0,	NUMBOXES=1000,	ANCESTPINT=0.90000,	GENSBACK=2,	MIGRPRIOR=0.01000,	PRINTQHAT=0,	PRINTQSUM=1,	ALPHA=1.0000,	FREQSCORR=1,	FPRIORMEAN=0.0100,	FPRIORSD=0.0500,	ONEFST=0,	LAMBDA=1.0000,	UNIFPRIORALPHA=1,	ALPHAMAX=10.0000,	ALPHAPRIORA=1.0000,	ALPHAPRIORB=2.0000,	ALPHAPROPSD=0.0250,	STARTATPOPINFO=0,	RANDOMIZE=0,	LINKAGE=0,	METROFREQ=10,	REPORTHITRATE=0,	MARKOVPHASE=0,	PHASED=1,	PLOIDY=2,	PHASEINFO=0	LOCPRIOR=0, 	LOCPRIORINIT=1.000000, 	LOCDATA=0, 	LOCISPOP=1, 	LOCPRIORSTEP=0.100000, 	MAXLOCPRIOR=20.000000, 	SEED=376636,	
[STRAT parameters]:    NUMSIMSTATS=1000,	PHENOTYPECOL=-9,	POOLFREQ=10,	LOCUSxONLY=0,	EMERROR=0.00100,	MISSINGPHENO=-9,	