

----------------------------------------------------
STRUCTURE by Pritchard, Stephens and Donnelly (2000)
     and Falush, Stephens and Pritchard (2003)
       Code by Pritchard, Falush and Hubisz
             Version 2.3.4 (Jul 2012)
----------------------------------------------------



Command line arguments:   structure -D 389081 -K 3 -m mainparams -o k3/c2_k3_run7 
Input File:    c2.str

Run parameters:
   269 individuals
   47 loci
   3 populations assumed
   500000 Burn-in period
   750000 Reps
RANDOMIZE turned off


--------------------------------------------
Proportion of membership of each pre-defined
 population in each of the 3 clusters

Given    Inferred Clusters       Number of
 Pop       1      2      3      Individuals

  1:     0.752  0.025  0.223       25
  2:     0.006  0.987  0.006       29
  3:     0.983  0.013  0.004        9
  4:     0.844  0.016  0.140       26
  5:     0.568  0.013  0.419       74
  6:     0.303  0.017  0.679       35
  7:     0.104  0.011  0.884       24
  8:     0.839  0.028  0.133       43
  9:     0.711  0.013  0.276        4
--------------------------------------------

Allele-freq. divergence among pops (Net nucleotide distance),
computed using point estimates of P.

      1       2       3      
 1      -    0.0479  0.0113  
 2   0.0479     -    0.0604  
 3   0.0113  0.0604     -    

Average distances (expected heterozygosity) between individuals in same cluster:
cluster  1  : 0.6466 
cluster  2  : 0.5508 
cluster  3  : 0.5973 

--------------------------------------------
Estimated Ln Prob of Data   = -30443.9
Mean value of ln likelihood = -30205.7
Variance of ln likelihood   = 476.3
Mean value of alpha         = 0.0407

Mean value of Fst_1         = 0.0002
Mean value of Fst_2         = 0.1947
Mean value of Fst_3         = 0.0456


Inferred ancestry of individuals:
        Label (%Miss) Pop:  Inferred clusters
  1      591    (0)    1 :  0.723 0.009 0.268 
  2      592    (0)    1 :  0.109 0.022 0.869 
  3      593    (0)    1 :  0.953 0.005 0.042 
  4      594    (0)    1 :  0.543 0.022 0.436 
  5      595    (0)    1 :  0.973 0.019 0.009 
  6      596    (0)    1 :  0.858 0.106 0.036 
  7      597    (0)    1 :  0.872 0.010 0.118 
  8      598    (0)    1 :  0.865 0.045 0.090 
  9      599    (0)    1 :  0.041 0.007 0.951 
 10      600    (0)    1 :  0.957 0.035 0.008 
 11      601    (0)    1 :  0.611 0.005 0.384 
 12      602    (0)    1 :  0.881 0.017 0.102 
 13      603    (0)    1 :  0.050 0.010 0.940 
 14      604    (0)    1 :  0.965 0.025 0.010 
 15      605    (0)    1 :  0.956 0.030 0.014 
 16      606    (0)    1 :  0.940 0.018 0.042 
 17      607    (0)    1 :  0.956 0.033 0.011 
 18      608    (0)    1 :  0.574 0.011 0.415 
 19      609    (0)    1 :  0.972 0.006 0.022 
 20      610    (0)    1 :  0.896 0.011 0.092 
 21      611    (2)    1 :  0.957 0.015 0.028 
 22      612    (0)    1 :  0.804 0.076 0.120 
 23      755    (0)    1 :  0.754 0.062 0.183 
 24      756    (0)    1 :  0.715 0.007 0.277 
 25      757    (0)    1 :  0.870 0.015 0.114 
 26      212    (0)    2 :  0.003 0.993 0.004 
 27      213    (0)    2 :  0.005 0.989 0.006 
 28      214    (0)    2 :  0.005 0.991 0.004 
 29      215    (0)    2 :  0.004 0.990 0.006 
 30      216    (0)    2 :  0.003 0.991 0.005 
 31      217    (0)    2 :  0.005 0.989 0.005 
 32      218    (0)    2 :  0.003 0.993 0.004 
 33      332    (0)    2 :  0.014 0.963 0.023 
 34      333    (0)    2 :  0.027 0.962 0.011 
 35      334    (0)    2 :  0.005 0.988 0.006 
 36      335    (0)    2 :  0.003 0.993 0.004 
 37      336    (0)    2 :  0.003 0.994 0.003 
 38      337    (0)    2 :  0.007 0.989 0.004 
 39      673    (0)    2 :  0.002 0.996 0.002 
 40      674    (0)    2 :  0.007 0.989 0.005 
 41      675    (0)    2 :  0.005 0.987 0.007 
 42      676    (0)    2 :  0.005 0.987 0.008 
 43      677    (0)    2 :  0.004 0.992 0.004 
 44      678    (0)    2 :  0.016 0.971 0.013 
 45      679    (0)    2 :  0.016 0.974 0.010 
 46      680    (0)    2 :  0.006 0.985 0.008 
 47      681    (0)    2 :  0.006 0.989 0.005 
 48      682    (0)    2 :  0.002 0.995 0.002 
 49      683    (0)    2 :  0.006 0.989 0.005 
 50      684    (0)    2 :  0.006 0.989 0.006 
 51      685    (0)    2 :  0.007 0.989 0.004 
 52      686    (0)    2 :  0.003 0.995 0.002 
 53      687    (0)    2 :  0.003 0.994 0.003 
 54      688    (0)    2 :  0.004 0.989 0.007 
 55      070    (0)    3 :  0.991 0.003 0.005 
 56      071    (0)    3 :  0.980 0.016 0.004 
 57      072    (0)    3 :  0.994 0.003 0.003 
 58      151    (0)    3 :  0.988 0.009 0.003 
 59      152    (0)    3 :  0.991 0.005 0.004 
 60      153    (2)    3 :  0.983 0.014 0.003 
 61      788    (4)    3 :  0.984 0.012 0.004 
 62      789    (2)    3 :  0.945 0.050 0.004 
 63      790    (0)    3 :  0.992 0.004 0.004 
 64      010    (0)    4 :  0.981 0.005 0.014 
 65      024    (0)    4 :  0.941 0.014 0.046 
 66      051    (0)    4 :  0.982 0.009 0.010 
 67      090    (0)    4 :  0.961 0.006 0.033 
 68      102    (0)    4 :  0.154 0.003 0.843 
 69      111    (0)    4 :  0.935 0.005 0.060 
 70      113    (0)    4 :  0.751 0.005 0.244 
 71      138    (0)    4 :  0.904 0.069 0.027 
 72      150    (0)    4 :  0.068 0.005 0.926 
 73      173    (2)    4 :  0.909 0.014 0.077 
 74      174    (2)    4 :  0.989 0.004 0.007 
 75      175    (0)    4 :  0.986 0.003 0.010 
 76      176    (0)    4 :  0.956 0.013 0.031 
 77      177    (0)    4 :  0.960 0.002 0.037 
 78      180    (0)    4 :  0.984 0.007 0.009 
 79      184    (0)    4 :  0.872 0.006 0.122 
 80      195    (0)    4 :  0.941 0.017 0.042 
 81      198    (0)    4 :  0.973 0.008 0.019 
 82      203    (0)    4 :  0.954 0.006 0.039 
 83      211    (0)    4 :  0.848 0.106 0.046 
 84      220    (0)    4 :  0.369 0.013 0.618 
 85      233    (0)    4 :  0.721 0.057 0.222 
 86      331    (0)    4 :  0.976 0.005 0.019 
 87      349    (0)    4 :  0.947 0.006 0.048 
 88      410    (0)    4 :  0.971 0.022 0.007 
 89      417    (2)    4 :  0.920 0.007 0.073 
 90      421    (0)    5 :  0.009 0.007 0.984 
 91      423    (0)    5 :  0.987 0.003 0.010 
 92      424    (0)    5 :  0.983 0.003 0.014 
 93      433    (0)    5 :  0.088 0.028 0.884 
 94      462    (0)    5 :  0.368 0.024 0.608 
 95      463    (0)    5 :  0.957 0.004 0.039 
 96      467    (0)    5 :  0.009 0.011 0.980 
 97      468    (0)    5 :  0.019 0.003 0.979 
 98      469    (0)    5 :  0.030 0.003 0.967 
 99      472    (0)    5 :  0.957 0.009 0.033 
100      473    (0)    5 :  0.881 0.010 0.109 
101      474    (0)    5 :  0.008 0.014 0.978 
102      475    (0)    5 :  0.046 0.003 0.950 
103      476    (2)    5 :  0.020 0.030 0.950 
104      477    (0)    5 :  0.760 0.022 0.218 
105      478    (0)    5 :  0.643 0.004 0.353 
106      479    (0)    5 :  0.041 0.005 0.954 
107      480    (0)    5 :  0.007 0.003 0.989 
108      481    (0)    5 :  0.933 0.004 0.063 
109      482    (0)    5 :  0.783 0.054 0.164 
110      489    (0)    5 :  0.760 0.020 0.221 
111      490    (0)    5 :  0.972 0.004 0.024 
112      491    (0)    5 :  0.868 0.098 0.033 
113      492    (0)    5 :  0.059 0.023 0.918 
114      493    (0)    5 :  0.076 0.008 0.916 
115      494    (0)    5 :  0.297 0.038 0.665 
116      498    (0)    5 :  0.962 0.004 0.033 
117      499    (0)    5 :  0.967 0.007 0.026 
118      709    (0)    5 :  0.970 0.011 0.019 
119      710    (4)    5 :  0.531 0.003 0.466 
120      711    (2)    5 :  0.957 0.005 0.038 
121      712    (4)    5 :  0.887 0.005 0.108 
122      713    (0)    5 :  0.984 0.008 0.008 
123      714    (2)    5 :  0.012 0.003 0.986 
124      715    (4)    5 :  0.025 0.035 0.940 
125      716    (0)    5 :  0.008 0.004 0.988 
126      717    (2)    5 :  0.131 0.011 0.858 
127      718    (4)    5 :  0.824 0.003 0.173 
128      719    (0)    5 :  0.005 0.003 0.992 
129      720    (2)    5 :  0.013 0.011 0.977 
130      721    (0)    5 :  0.110 0.009 0.881 
131      722    (4)    5 :  0.004 0.003 0.993 
132      723    (0)    5 :  0.034 0.009 0.957 
133      724    (0)    5 :  0.020 0.009 0.971 
134      725    (0)    5 :  0.953 0.012 0.035 
135      726    (0)    5 :  0.293 0.006 0.701 
136      727    (0)    5 :  0.687 0.017 0.296 
137      728    (2)    5 :  0.975 0.007 0.019 
138      729    (6)    5 :  0.955 0.005 0.041 
139      730    (2)    5 :  0.920 0.006 0.073 
140      731    (2)    5 :  0.975 0.003 0.021 
141      732    (0)    5 :  0.325 0.008 0.667 
142      733    (0)    5 :  0.680 0.004 0.316 
143      734    (2)    5 :  0.861 0.086 0.053 
144      735    (4)    5 :  0.833 0.010 0.157 
145      736    (2)    5 :  0.969 0.017 0.014 
146      737    (0)    5 :  0.985 0.004 0.010 
147      738    (2)    5 :  0.981 0.006 0.014 
148      739    (8)    5 :  0.913 0.008 0.079 
149      740    (4)    5 :  0.782 0.003 0.215 
150      741    (2)    5 :  0.550 0.023 0.427 
151      742    (4)    5 :  0.976 0.005 0.019 
152      743    (2)    5 :  0.011 0.013 0.976 
153      744    (0)    5 :  0.772 0.006 0.222 
154      745    (0)    5 :  0.081 0.007 0.912 
155      746    (2)    5 :  0.982 0.007 0.011 
156      747    (2)    5 :  0.951 0.021 0.028 
157      748    (0)    5 :  0.951 0.015 0.035 
158      749    (2)    5 :  0.976 0.014 0.009 
159      750    (4)    5 :  0.976 0.006 0.018 
160      751    (0)    5 :  0.972 0.007 0.021 
161      752    (2)    5 :  0.013 0.003 0.984 
162      753    (4)    5 :  0.753 0.058 0.189 
163      754    (2)    5 :  0.982 0.005 0.013 
164      155    (0)    6 :  0.915 0.049 0.036 
165      156    (2)    6 :  0.983 0.005 0.012 
166      157    (2)    6 :  0.962 0.011 0.027 
167      158    (0)    6 :  0.960 0.008 0.032 
168      159    (0)    6 :  0.968 0.003 0.029 
169      160    (0)    6 :  0.159 0.011 0.830 
170      161    (0)    6 :  0.861 0.011 0.128 
171      162    (0)    6 :  0.276 0.007 0.717 
172      163    (2)    6 :  0.983 0.004 0.013 
173      164    (0)    6 :  0.924 0.027 0.049 
174      165    (2)    6 :  0.980 0.008 0.012 
175      427    (0)    6 :  0.020 0.106 0.874 
176      428    (0)    6 :  0.007 0.005 0.988 
177      429    (0)    6 :  0.013 0.003 0.983 
178      430    (0)    6 :  0.477 0.006 0.518 
179      431    (0)    6 :  0.008 0.004 0.989 
180      435    (0)    6 :  0.004 0.003 0.993 
181      436    (0)    6 :  0.004 0.004 0.992 
182      437    (0)    6 :  0.006 0.005 0.990 
183      438    (0)    6 :  0.011 0.002 0.987 
184      439    (0)    6 :  0.038 0.005 0.957 
185      441    (0)    6 :  0.018 0.004 0.978 
186      442    (0)    6 :  0.018 0.214 0.768 
187      443    (4)    6 :  0.007 0.003 0.990 
188      444    (4)    6 :  0.011 0.017 0.972 
189      445    (2)    6 :  0.051 0.004 0.945 
190      446    (0)    6 :  0.008 0.008 0.983 
191      447    (0)    6 :  0.010 0.005 0.985 
192      449    (0)    6 :  0.004 0.006 0.990 
193      460    (0)    6 :  0.009 0.006 0.985 
194      461    (0)    6 :  0.059 0.010 0.931 
195      484    (0)    6 :  0.798 0.018 0.183 
196      485    (0)    6 :  0.006 0.005 0.989 
197      486    (0)    6 :  0.043 0.005 0.952 
198      487    (0)    6 :  0.016 0.009 0.974 
199      178    (0)    7 :  0.018 0.005 0.977 
200      422    (0)    7 :  0.007 0.003 0.990 
201      425    (0)    7 :  0.017 0.004 0.979 
202      426    (0)    7 :  0.953 0.017 0.029 
203      432    (0)    7 :  0.124 0.013 0.863 
204      434    (0)    7 :  0.007 0.008 0.985 
205      440    (0)    7 :  0.049 0.021 0.929 
206      448    (2)    7 :  0.007 0.023 0.970 
207      456    (0)    7 :  0.509 0.013 0.478 
208      457    (0)    7 :  0.020 0.005 0.975 
209      458    (0)    7 :  0.479 0.021 0.499 
210      459    (0)    7 :  0.015 0.005 0.980 
211      464    (0)    7 :  0.007 0.007 0.987 
212      465    (0)    7 :  0.008 0.002 0.990 
213      466    (0)    7 :  0.009 0.005 0.986 
214      470    (0)    7 :  0.005 0.005 0.990 
215      471    (0)    7 :  0.018 0.004 0.978 
216      483    (0)    7 :  0.042 0.014 0.945 
217      488    (0)    7 :  0.042 0.007 0.951 
218      495    (0)    7 :  0.009 0.003 0.987 
219      496    (0)    7 :  0.011 0.003 0.987 
220      497    (0)    7 :  0.011 0.061 0.928 
221      500    (0)    7 :  0.124 0.004 0.872 
222      879    (0)    7 :  0.014 0.016 0.970 
223      036    (0)    8 :  0.973 0.003 0.024 
224      063    (2)    8 :  0.761 0.018 0.221 
225      094    (4)    8 :  0.755 0.011 0.234 
226      103    (4)    8 :  0.978 0.009 0.013 
227      112    (0)    8 :  0.985 0.005 0.010 
228      114    (2)    8 :  0.766 0.009 0.226 
229      120    (0)    8 :  0.929 0.006 0.064 
230      127    (2)    8 :  0.968 0.007 0.025 
231      147    (0)    8 :  0.980 0.006 0.013 
232      166    (0)    8 :  0.954 0.015 0.031 
233      167    (0)    8 :  0.341 0.009 0.650 
234      168    (0)    8 :  0.957 0.005 0.037 
235      169    (2)    8 :  0.388 0.006 0.606 
236      170    (0)    8 :  0.942 0.037 0.021 
237      171    (2)    8 :  0.984 0.005 0.011 
238      172    (0)    8 :  0.957 0.005 0.038 
239      185    (0)    8 :  0.840 0.006 0.153 
240      199    (2)    8 :  0.728 0.243 0.029 
241      339    (0)    8 :  0.142 0.008 0.850 
242      355    (0)    8 :  0.927 0.067 0.006 
243      356    (0)    8 :  0.980 0.006 0.014 
244      357    (0)    8 :  0.968 0.015 0.017 
245      358    (0)    8 :  0.964 0.005 0.031 
246      359    (0)    8 :  0.980 0.009 0.011 
247      360    (0)    8 :  0.921 0.005 0.074 
248      361    (0)    8 :  0.456 0.005 0.539 
249      362    (0)    8 :  0.891 0.005 0.104 
250      363    (0)    8 :  0.937 0.033 0.030 
251      364    (0)    8 :  0.872 0.060 0.068 
252      365    (0)    8 :  0.706 0.004 0.290 
253      366    (0)    8 :  0.989 0.003 0.008 
254      367    (0)    8 :  0.978 0.003 0.019 
255      368    (0)    8 :  0.984 0.005 0.011 
256      369    (0)    8 :  0.986 0.005 0.008 
257      370    (0)    8 :  0.968 0.010 0.022 
258      371    (0)    8 :  0.970 0.008 0.022 
259      372    (0)    8 :  0.031 0.332 0.637 
260      373    (0)    8 :  0.905 0.043 0.052 
261      380    (0)    8 :  0.969 0.011 0.020 
262      388    (0)    8 :  0.971 0.019 0.011 
263      418    (0)    8 :  0.913 0.050 0.037 
264      419    (0)    8 :  0.848 0.004 0.148 
265      420    (0)    8 :  0.652 0.071 0.277 
266      409    (0)    9 :  0.665 0.006 0.329 
267      414    (0)    9 :  0.914 0.011 0.075 
268      415    (2)    9 :  0.964 0.016 0.020 
269      416    (0)    9 :  0.300 0.020 0.679 


Estimated Allele Frequencies in each cluster
First column gives estimated ancestral frequencies


Locus 1 : 1 
4 alleles
0.0% missing data
  89   (0.537) 0.537 0.635 0.531 
  91   (0.389) 0.389 0.314 0.413 
  93   (0.053) 0.053 0.049 0.039 
  99   (0.021) 0.021 0.001 0.017 

Locus 2 : 2 
6 alleles
1.9% missing data
 134   (0.234) 0.233 0.372 0.271 
 136   (0.398) 0.400 0.459 0.136 
 142   (0.012) 0.011 0.001 0.088 
 138   (0.281) 0.281 0.163 0.448 
 140   (0.050) 0.050 0.003 0.047 
 132   (0.025) 0.025 0.002 0.009 

Locus 3 : 3 
6 alleles
0.0% missing data
 181   (0.255) 0.255 0.079 0.319 
 179   (0.245) 0.246 0.016 0.257 
 187   (0.356) 0.357 0.269 0.228 
 185   (0.075) 0.075 0.444 0.081 
 191   (0.024) 0.023 0.188 0.004 
 175   (0.044) 0.044 0.003 0.111 

Locus 4 : 4 
10 alleles
0.4% missing data
 253   (0.533) 0.534 0.474 0.535 
 241   (0.162) 0.162 0.152 0.137 
 269   (0.165) 0.165 0.103 0.239 
 255   (0.006) 0.005 0.000 0.005 
 247   (0.064) 0.063 0.265 0.062 
 245   (0.006) 0.006 0.000 0.001 
 249   (0.017) 0.017 0.001 0.002 
 271   (0.029) 0.029 0.002 0.018 
 239   (0.011) 0.011 0.001 0.001 
 273   (0.008) 0.008 0.001 0.001 

Locus 5 : 5 
6 alleles
0.4% missing data
 103   (0.845) 0.845 0.976 0.934 
 104   (0.065) 0.065 0.004 0.028 
 105   (0.053) 0.053 0.004 0.032 
 101   (0.009) 0.008 0.014 0.001 
 102   (0.017) 0.017 0.001 0.003 
 107   (0.011) 0.011 0.001 0.001 

Locus 6 : 6 
5 alleles
0.0% missing data
 141   (0.236) 0.236 0.142 0.308 
 145   (0.470) 0.471 0.270 0.479 
 135   (0.213) 0.213 0.283 0.193 
 147   (0.073) 0.073 0.304 0.018 
 137   (0.009) 0.008 0.001 0.003 

Locus 7 : 7 
10 alleles
1.9% missing data
  97   (0.183) 0.183 0.256 0.134 
 103   (0.322) 0.322 0.509 0.354 
  93   (0.234) 0.234 0.077 0.292 
  91   (0.066) 0.066 0.145 0.031 
  89   (0.063) 0.063 0.004 0.105 
  85   (0.042) 0.042 0.003 0.031 
  83   (0.067) 0.067 0.004 0.048 
 105   (0.011) 0.011 0.001 0.003 
 101   (0.006) 0.006 0.000 0.001 
  99   (0.006) 0.006 0.000 0.001 

Locus 8 : 8 
8 alleles
0.0% missing data
 129   (0.529) 0.529 0.631 0.641 
 143   (0.308) 0.309 0.145 0.237 
 141   (0.047) 0.046 0.200 0.026 
 149   (0.064) 0.063 0.018 0.079 
 127   (0.017) 0.017 0.001 0.003 
 131   (0.011) 0.011 0.003 0.005 
 133   (0.018) 0.018 0.001 0.008 
 145   (0.006) 0.006 0.000 0.001 

Locus 9 : 9 
4 alleles
0.0% missing data
 195   (0.156) 0.156 0.057 0.223 
 191   (0.391) 0.392 0.541 0.346 
 189   (0.447) 0.447 0.402 0.430 
 197   (0.006) 0.006 0.000 0.001 

Locus 10 : 10 
7 alleles
0.4% missing data
 238   (0.543) 0.543 0.353 0.760 
 252   (0.100) 0.100 0.039 0.070 
 232   (0.261) 0.261 0.282 0.159 
 254   (0.060) 0.060 0.243 0.007 
 248   (0.019) 0.019 0.081 0.003 
 250   (0.012) 0.011 0.001 0.001 
 236   (0.006) 0.006 0.000 0.001 

Locus 11 : 11 
4 alleles
0.0% missing data
  87   (0.703) 0.703 0.542 0.816 
  89   (0.240) 0.240 0.377 0.158 
  91   (0.043) 0.042 0.080 0.024 
  85   (0.014) 0.014 0.001 0.002 

Locus 12 : 12 
13 alleles
0.4% missing data
 162   (0.263) 0.263 0.239 0.307 
 158   (0.223) 0.224 0.029 0.178 
 161   (0.112) 0.112 0.021 0.111 
 147   (0.040) 0.040 0.003 0.038 
 160   (0.211) 0.211 0.698 0.233 
 143   (0.040) 0.040 0.003 0.011 
 154   (0.019) 0.020 0.001 0.002 
 170   (0.046) 0.046 0.003 0.039 
 149   (0.015) 0.015 0.001 0.062 
 153   (0.011) 0.011 0.001 0.001 
 150   (0.006) 0.005 0.000 0.005 
 159   (0.008) 0.007 0.000 0.013 
 164   (0.006) 0.006 0.000 0.001 

Locus 13 : 13 
5 alleles
0.0% missing data
 108   (0.218) 0.218 0.201 0.119 
 113   (0.344) 0.344 0.509 0.355 
 115   (0.427) 0.427 0.290 0.525 
 109   (0.006) 0.005 0.000 0.001 
 110   (0.006) 0.006 0.000 0.001 

Locus 14 : 14 
5 alleles
1.1% missing data
 229   (0.487) 0.486 0.418 0.518 
 231   (0.220) 0.221 0.353 0.050 
 225   (0.130) 0.130 0.205 0.116 
 227   (0.113) 0.112 0.021 0.270 
 233   (0.050) 0.050 0.004 0.047 

Locus 15 : 15 
4 alleles
0.4% missing data
 143   (0.839) 0.840 0.821 0.871 
 145   (0.097) 0.097 0.007 0.070 
 147   (0.047) 0.047 0.141 0.056 
 133   (0.017) 0.017 0.032 0.002 

Locus 16 : 16 
5 alleles
0.0% missing data
 154   (0.092) 0.092 0.180 0.033 
 156   (0.273) 0.274 0.493 0.214 
 158   (0.510) 0.510 0.212 0.610 
 160   (0.118) 0.118 0.115 0.133 
 152   (0.006) 0.006 0.000 0.010 

Locus 17 : 17 
5 alleles
0.0% missing data
  90   (0.683) 0.683 0.789 0.713 
 102   (0.169) 0.169 0.200 0.220 
 100   (0.074) 0.074 0.005 0.022 
  88   (0.068) 0.068 0.005 0.040 
 104   (0.006) 0.006 0.000 0.005 

Locus 18 : 18 
7 alleles
0.0% missing data
 140   (0.320) 0.320 0.190 0.283 
 127   (0.332) 0.333 0.071 0.289 
 146   (0.065) 0.064 0.214 0.101 
 148   (0.084) 0.084 0.212 0.070 
 138   (0.049) 0.049 0.003 0.034 
 150   (0.046) 0.045 0.302 0.115 
 142   (0.104) 0.104 0.007 0.109 

Locus 19 : 19 
7 alleles
0.0% missing data
 194   (0.611) 0.612 0.485 0.521 
 200   (0.087) 0.087 0.006 0.147 
 190   (0.106) 0.106 0.201 0.179 
 188   (0.171) 0.171 0.169 0.151 
 202   (0.013) 0.013 0.138 0.001 
 192   (0.006) 0.006 0.000 0.001 
 196   (0.006) 0.006 0.000 0.001 

Locus 20 : 20 
6 alleles
1.1% missing data
 252   (0.711) 0.711 0.721 0.774 
 246   (0.102) 0.102 0.053 0.070 
 250   (0.085) 0.085 0.143 0.058 
 254   (0.064) 0.064 0.081 0.083 
 248   (0.025) 0.025 0.002 0.008 
 244   (0.014) 0.014 0.001 0.007 

Locus 21 : 21 
7 alleles
0.4% missing data
 173   (0.252) 0.252 0.210 0.472 
 167   (0.185) 0.185 0.122 0.132 
 175   (0.191) 0.192 0.259 0.082 
 177   (0.250) 0.250 0.173 0.263 
 165   (0.057) 0.057 0.020 0.036 
 163   (0.036) 0.036 0.214 0.009 
 159   (0.029) 0.029 0.002 0.006 

Locus 22 : 22 
10 alleles
1.1% missing data
 152   (0.442) 0.442 0.372 0.544 
 164   (0.026) 0.026 0.002 0.011 
 146   (0.202) 0.202 0.143 0.300 
 158   (0.110) 0.111 0.109 0.031 
 166   (0.096) 0.096 0.006 0.051 
 162   (0.059) 0.059 0.070 0.025 
 156   (0.013) 0.013 0.295 0.006 
 150   (0.024) 0.024 0.002 0.018 
 148   (0.017) 0.017 0.001 0.002 
 142   (0.012) 0.011 0.001 0.011 

Locus 23 : 23 
7 alleles
0.7% missing data
 144   (0.193) 0.192 0.616 0.211 
 156   (0.140) 0.141 0.039 0.065 
 154   (0.531) 0.532 0.236 0.598 
 160   (0.097) 0.096 0.107 0.115 
 158   (0.025) 0.025 0.002 0.009 
 152   (0.006) 0.006 0.000 0.002 
 146   (0.009) 0.008 0.001 0.001 

Locus 24 : 24 
4 alleles
0.7% missing data
  81   (0.350) 0.350 0.025 0.405 
  83   (0.493) 0.493 0.917 0.443 
  77   (0.075) 0.074 0.052 0.072 
  85   (0.083) 0.083 0.006 0.080 

Locus 25 : 25 
6 alleles
0.4% missing data
 122   (0.091) 0.091 0.006 0.114 
 132   (0.323) 0.323 0.449 0.325 
 124   (0.527) 0.527 0.541 0.552 
 136   (0.014) 0.014 0.001 0.003 
 120   (0.031) 0.031 0.002 0.003 
 126   (0.014) 0.014 0.001 0.002 

Locus 26 : 26 
7 alleles
0.4% missing data
 165   (0.254) 0.255 0.064 0.259 
 183   (0.364) 0.364 0.427 0.341 
 175   (0.212) 0.211 0.436 0.311 
 181   (0.073) 0.073 0.067 0.016 
 179   (0.085) 0.086 0.006 0.073 
 185   (0.006) 0.006 0.000 0.001 
 157   (0.006) 0.005 0.000 0.001 

Locus 27 : 27 
4 alleles
0.4% missing data
 142   (0.621) 0.620 0.734 0.732 
 148   (0.250) 0.251 0.078 0.120 
 150   (0.102) 0.101 0.185 0.126 
 138   (0.028) 0.028 0.002 0.023 

Locus 28 : 28 
6 alleles
0.4% missing data
 262   (0.564) 0.565 0.554 0.444 
 260   (0.334) 0.334 0.374 0.480 
 256   (0.072) 0.072 0.070 0.050 
 258   (0.011) 0.011 0.001 0.001 
 266   (0.006) 0.005 0.000 0.005 
 264   (0.013) 0.013 0.001 0.020 

Locus 29 : 29 
7 alleles
0.0% missing data
 150   (0.422) 0.423 0.297 0.519 
 140   (0.211) 0.211 0.066 0.158 
 146   (0.292) 0.292 0.335 0.248 
 148   (0.043) 0.042 0.300 0.039 
 142   (0.006) 0.006 0.000 0.001 
 152   (0.021) 0.020 0.001 0.035 
 151   (0.006) 0.006 0.000 0.001 

Locus 30 : 30 
6 alleles
0.0% missing data
 127   (0.136) 0.136 0.090 0.081 
 123   (0.130) 0.129 0.100 0.213 
 129   (0.386) 0.385 0.770 0.543 
 125   (0.305) 0.307 0.037 0.124 
 121   (0.012) 0.012 0.001 0.001 
 131   (0.032) 0.031 0.002 0.038 

Locus 31 : 31 
5 alleles
0.4% missing data
 155   (0.543) 0.543 0.715 0.447 
 159   (0.180) 0.179 0.013 0.255 
 157   (0.185) 0.185 0.027 0.224 
 151   (0.040) 0.040 0.241 0.005 
 153   (0.053) 0.052 0.004 0.069 

Locus 32 : 32 
5 alleles
0.0% missing data
 150   (0.526) 0.526 0.629 0.589 
 146   (0.364) 0.364 0.319 0.318 
 148   (0.058) 0.058 0.049 0.041 
 154   (0.045) 0.045 0.003 0.024 
 152   (0.007) 0.007 0.000 0.029 

Locus 33 : 33 
6 alleles
0.0% missing data
 184   (0.198) 0.198 0.078 0.255 
 180   (0.484) 0.485 0.662 0.392 
 192   (0.159) 0.159 0.184 0.167 
 190   (0.016) 0.016 0.001 0.031 
 196   (0.086) 0.085 0.006 0.135 
 198   (0.058) 0.058 0.069 0.021 

Locus 34 : 34 
6 alleles
0.0% missing data
 106   (0.283) 0.283 0.692 0.376 
 110   (0.185) 0.185 0.080 0.116 
 112   (0.327) 0.328 0.068 0.386 
 108   (0.144) 0.144 0.112 0.091 
  96   (0.009) 0.008 0.044 0.001 
  90   (0.052) 0.052 0.003 0.030 

Locus 35 : 35 
9 alleles
0.0% missing data
 170   (0.304) 0.304 0.327 0.251 
 172   (0.263) 0.262 0.567 0.369 
 176   (0.118) 0.119 0.023 0.023 
 174   (0.157) 0.157 0.072 0.172 
 166   (0.036) 0.036 0.003 0.091 
 168   (0.074) 0.074 0.005 0.030 
 186   (0.012) 0.012 0.001 0.032 
 178   (0.032) 0.032 0.002 0.030 
 158   (0.006) 0.005 0.000 0.001 

Locus 36 : 36 
6 alleles
0.0% missing data
  85   (0.181) 0.181 0.237 0.139 
  95   (0.050) 0.049 0.004 0.060 
  89   (0.540) 0.540 0.512 0.659 
  81   (0.094) 0.094 0.007 0.043 
  83   (0.117) 0.117 0.239 0.090 
  91   (0.019) 0.019 0.001 0.008 

Locus 37 : 37 
10 alleles
0.0% missing data
 161   (0.374) 0.374 0.381 0.297 
 173   (0.255) 0.255 0.500 0.307 
 165   (0.218) 0.218 0.109 0.234 
 169   (0.093) 0.093 0.006 0.121 
 168   (0.011) 0.011 0.001 0.001 
 155   (0.017) 0.017 0.001 0.002 
 167   (0.014) 0.013 0.001 0.006 
 159   (0.008) 0.008 0.001 0.006 
 177   (0.006) 0.006 0.000 0.001 
 175   (0.006) 0.006 0.000 0.025 

Locus 38 : 38 
5 alleles
0.0% missing data
  81   (0.123) 0.123 0.118 0.107 
  87   (0.109) 0.109 0.131 0.060 
  89   (0.397) 0.397 0.102 0.536 
  85   (0.192) 0.191 0.462 0.187 
  91   (0.178) 0.179 0.187 0.110 

Locus 39 : 39 
4 alleles
0.7% missing data
 167   (0.799) 0.800 0.860 0.807 
 161   (0.176) 0.176 0.138 0.145 
 165   (0.019) 0.019 0.002 0.047 
 177   (0.006) 0.006 0.001 0.001 

Locus 40 : 40 
6 alleles
0.4% missing data
 228   (0.406) 0.406 0.244 0.496 
 240   (0.125) 0.125 0.261 0.130 
 238   (0.333) 0.333 0.121 0.294 
 236   (0.107) 0.107 0.372 0.061 
 224   (0.018) 0.017 0.001 0.018 
 232   (0.011) 0.011 0.001 0.001 

Locus 41 : 41 
7 alleles
0.0% missing data
 130   (0.514) 0.514 0.765 0.458 
 132   (0.115) 0.115 0.055 0.186 
 114   (0.077) 0.078 0.005 0.013 
 128   (0.093) 0.092 0.036 0.182 
 134   (0.129) 0.129 0.008 0.096 
 118   (0.067) 0.067 0.129 0.065 
 136   (0.006) 0.006 0.000 0.001 

Locus 42 : 42 
5 alleles
1.5% missing data
  92   (0.112) 0.112 0.007 0.069 
  96   (0.070) 0.070 0.004 0.027 
 102   (0.288) 0.288 0.478 0.332 
 104   (0.399) 0.399 0.410 0.492 
  98   (0.131) 0.131 0.100 0.080 

Locus 43 : 43 
6 alleles
2.2% missing data
 103   (0.289) 0.288 0.347 0.393 
 101   (0.321) 0.322 0.193 0.300 
  95   (0.191) 0.191 0.446 0.193 
  99   (0.169) 0.170 0.011 0.110 
  97   (0.024) 0.024 0.002 0.003 
  91   (0.006) 0.006 0.000 0.001 

Locus 44 : 44 
7 alleles
0.0% missing data
 181   (0.557) 0.557 0.855 0.682 
 191   (0.299) 0.300 0.106 0.235 
 177   (0.066) 0.066 0.005 0.048 
 189   (0.006) 0.006 0.029 0.001 
 179   (0.057) 0.057 0.004 0.007 
 183   (0.009) 0.009 0.001 0.002 
 193   (0.007) 0.006 0.000 0.025 

Locus 45 : 45 
6 alleles
1.5% missing data
 211   (0.247) 0.248 0.272 0.178 
 215   (0.070) 0.069 0.115 0.073 
 205   (0.470) 0.470 0.411 0.506 
 201   (0.090) 0.090 0.006 0.065 
 207   (0.115) 0.114 0.196 0.177 
 202   (0.009) 0.008 0.001 0.001 

Locus 46 : 46 
10 alleles
0.7% missing data
 142   (0.342) 0.342 0.286 0.560 
 166   (0.104) 0.103 0.376 0.174 
 158   (0.170) 0.171 0.089 0.086 
 168   (0.150) 0.151 0.113 0.055 
 162   (0.056) 0.056 0.004 0.027 
 144   (0.048) 0.047 0.124 0.049 
 156   (0.051) 0.051 0.003 0.018 
 164   (0.059) 0.060 0.004 0.027 
 170   (0.014) 0.014 0.001 0.002 
 160   (0.006) 0.005 0.000 0.001 

Locus 47 : 47 
6 alleles
7.8% missing data
 145   (0.273) 0.273 0.616 0.137 
 151   (0.200) 0.200 0.015 0.177 
 153   (0.163) 0.163 0.028 0.318 
 149   (0.322) 0.322 0.338 0.363 
 143   (0.016) 0.016 0.001 0.002 
 147   (0.025) 0.025 0.002 0.003 

Values of parameters used in structure:
DATAFILE=c2.str,	OUTFILE=k3/c2_k3_run7,	NUMINDS=269,	NUMLOCI=47,	MISSING=-9,	LABEL=1,	POPDATA=1,	POPFLAG=0,	PHENOTYPE=0,	EXTRACOLS=0,	MAXPOPS=3,	BURNIN=500000,	NUMREPS=750000,	USEPOPINFO=0,	INFERALPHA=1,	INFERLAMBDA=0,	POPSPECIFICLAMBDA=0,	POPALPHAS=0,	COMPUTEPROB=1,	NOADMIX=0,	ADMBURNIN=500,	UPDATEFREQ=100,	PRINTLIKES=0,	INTERMEDSAVE=0,	PRINTKLD=0,	PRINTNET=1,	PRINTLAMBDA=1,	ANCESTDIST=0,	NUMBOXES=1000,	ANCESTPINT=0.90000,	GENSBACK=2,	MIGRPRIOR=0.01000,	PRINTQHAT=0,	PRINTQSUM=1,	ALPHA=1.0000,	FREQSCORR=1,	FPRIORMEAN=0.0100,	FPRIORSD=0.0500,	ONEFST=0,	LAMBDA=1.0000,	UNIFPRIORALPHA=1,	ALPHAMAX=10.0000,	ALPHAPRIORA=1.0000,	ALPHAPRIORB=2.0000,	ALPHAPROPSD=0.0250,	STARTATPOPINFO=0,	RANDOMIZE=0,	LINKAGE=0,	METROFREQ=10,	REPORTHITRATE=0,	MARKOVPHASE=0,	PHASED=1,	PLOIDY=2,	PHASEINFO=0	LOCPRIOR=0, 	LOCPRIORINIT=1.000000, 	LOCDATA=0, 	LOCISPOP=1, 	LOCPRIORSTEP=0.100000, 	MAXLOCPRIOR=20.000000, 	SEED=389081,	
[STRAT parameters]:    NUMSIMSTATS=1000,	PHENOTYPECOL=-9,	POOLFREQ=10,	LOCUSxONLY=0,	EMERROR=0.00100,	MISSINGPHENO=-9,	