

----------------------------------------------------
STRUCTURE by Pritchard, Stephens and Donnelly (2000)
     and Falush, Stephens and Pritchard (2003)
       Code by Pritchard, Falush and Hubisz
             Version 2.3.4 (Jul 2012)
----------------------------------------------------



Command line arguments:   structure -D 446866 -K 6 -m mainparams -o k6/c2_k6_run4 
Input File:    c2.str

Run parameters:
   269 individuals
   47 loci
   6 populations assumed
   500000 Burn-in period
   750000 Reps
RANDOMIZE turned off


--------------------------------------------
Proportion of membership of each pre-defined
 population in each of the 6 clusters

Given    Inferred Clusters                            Number of
 Pop       1      2      3      4      5      6      Individuals

  1:     0.061  0.006  0.023  0.013  0.023  0.874       25
  2:     0.005  0.003  0.005  0.974  0.005  0.007       29
  3:     0.002  0.987  0.003  0.002  0.003  0.002        9
  4:     0.067  0.008  0.399  0.014  0.390  0.121       26
  5:     0.289  0.009  0.311  0.012  0.309  0.070       74
  6:     0.557  0.007  0.166  0.014  0.165  0.090       35
  7:     0.795  0.009  0.081  0.010  0.070  0.035       24
  8:     0.070  0.010  0.421  0.028  0.398  0.073       43
  9:     0.051  0.003  0.441  0.010  0.476  0.019        4
--------------------------------------------

Allele-freq. divergence among pops (Net nucleotide distance),
computed using point estimates of P.

      1       2       3       4       5       6      
 1      -    0.1207  0.0129  0.0645  0.0138  0.0231  
 2   0.1207     -    0.0974  0.1298  0.0985  0.1043  
 3   0.0129  0.0974     -    0.0515  0.0001  0.0118  
 4   0.0645  0.1298  0.0515     -    0.0523  0.0554  
 5   0.0138  0.0985  0.0001  0.0523     -    0.0125  
 6   0.0231  0.1043  0.0118  0.0554  0.0125     -    

Average distances (expected heterozygosity) between individuals in same cluster:
cluster  1  : 0.5857 
cluster  2  : 0.5367 
cluster  3  : 0.6404 
cluster  4  : 0.5489 
cluster  5  : 0.6373 
cluster  6  : 0.6154 

--------------------------------------------
Estimated Ln Prob of Data   = -30437.7
Mean value of ln likelihood = -29369.4
Variance of ln likelihood   = 2136.6
Mean value of alpha         = 0.0355

Mean value of Fst_1         = 0.0592
Mean value of Fst_2         = 0.3037
Mean value of Fst_3         = 0.0089
Mean value of Fst_4         = 0.2007
Mean value of Fst_5         = 0.0130
Mean value of Fst_6         = 0.0563


Inferred ancestry of individuals:
        Label (%Miss) Pop:  Inferred clusters
  1      591    (0)    1 :  0.013 0.010 0.009 0.005 0.009 0.955 
  2      592    (0)    1 :  0.142 0.003 0.026 0.011 0.026 0.792 
  3      593    (0)    1 :  0.008 0.008 0.011 0.003 0.010 0.960 
  4      594    (0)    1 :  0.106 0.007 0.097 0.017 0.105 0.669 
  5      595    (0)    1 :  0.005 0.005 0.014 0.010 0.013 0.952 
  6      596    (0)    1 :  0.005 0.012 0.009 0.039 0.009 0.926 
  7      597    (0)    1 :  0.019 0.003 0.020 0.006 0.018 0.934 
  8      598    (0)    1 :  0.015 0.002 0.058 0.024 0.053 0.848 
  9      599    (0)    1 :  0.259 0.009 0.009 0.004 0.008 0.711 
 10      600    (0)    1 :  0.004 0.007 0.008 0.017 0.008 0.955 
 11      601    (0)    1 :  0.036 0.003 0.029 0.003 0.028 0.901 
 12      602    (0)    1 :  0.011 0.006 0.011 0.007 0.009 0.957 
 13      603    (0)    1 :  0.788 0.009 0.042 0.011 0.032 0.118 
 14      604    (0)    1 :  0.004 0.003 0.011 0.010 0.012 0.961 
 15      605    (0)    1 :  0.011 0.006 0.059 0.034 0.063 0.828 
 16      606    (0)    1 :  0.012 0.031 0.030 0.011 0.030 0.886 
 17      607    (0)    1 :  0.003 0.003 0.005 0.008 0.005 0.976 
 18      608    (0)    1 :  0.009 0.003 0.006 0.004 0.007 0.971 
 19      609    (0)    1 :  0.005 0.004 0.009 0.004 0.009 0.970 
 20      610    (0)    1 :  0.034 0.004 0.071 0.009 0.058 0.825 
 21      611    (2)    1 :  0.004 0.003 0.007 0.006 0.007 0.973 
 22      612    (0)    1 :  0.008 0.002 0.010 0.034 0.010 0.935 
 23      755    (0)    1 :  0.014 0.002 0.017 0.031 0.016 0.919 
 24      756    (0)    1 :  0.010 0.004 0.006 0.003 0.006 0.971 
 25      757    (0)    1 :  0.009 0.003 0.012 0.007 0.013 0.956 
 26      212    (0)    2 :  0.004 0.001 0.003 0.987 0.003 0.002 
 27      213    (0)    2 :  0.006 0.003 0.004 0.979 0.004 0.003 
 28      214    (0)    2 :  0.004 0.001 0.005 0.980 0.006 0.005 
 29      215    (0)    2 :  0.005 0.004 0.004 0.980 0.004 0.004 
 30      216    (0)    2 :  0.004 0.002 0.003 0.984 0.003 0.003 
 31      217    (0)    2 :  0.004 0.002 0.006 0.978 0.006 0.004 
 32      218    (0)    2 :  0.003 0.002 0.003 0.987 0.003 0.003 
 33      332    (0)    2 :  0.014 0.006 0.010 0.935 0.011 0.024 
 34      333    (0)    2 :  0.008 0.011 0.016 0.922 0.017 0.027 
 35      334    (0)    2 :  0.005 0.003 0.005 0.976 0.005 0.007 
 36      335    (0)    2 :  0.004 0.002 0.003 0.986 0.003 0.003 
 37      336    (0)    2 :  0.003 0.013 0.002 0.974 0.003 0.005 
 38      337    (0)    2 :  0.003 0.002 0.006 0.973 0.006 0.010 
 39      673    (0)    2 :  0.002 0.001 0.001 0.993 0.001 0.002 
 40      674    (0)    2 :  0.004 0.002 0.005 0.977 0.004 0.009 
 41      675    (0)    2 :  0.006 0.005 0.004 0.975 0.004 0.005 
 42      676    (0)    2 :  0.008 0.001 0.005 0.974 0.006 0.006 
 43      677    (0)    2 :  0.004 0.002 0.003 0.983 0.004 0.004 
 44      678    (0)    2 :  0.010 0.005 0.015 0.950 0.015 0.005 
 45      679    (0)    2 :  0.005 0.002 0.012 0.944 0.012 0.025 
 46      680    (0)    2 :  0.007 0.005 0.005 0.967 0.005 0.011 
 47      681    (0)    2 :  0.004 0.002 0.006 0.976 0.006 0.006 
 48      682    (0)    2 :  0.002 0.004 0.002 0.988 0.002 0.002 
 49      683    (0)    2 :  0.004 0.002 0.005 0.977 0.005 0.007 
 50      684    (0)    2 :  0.005 0.003 0.005 0.977 0.005 0.006 
 51      685    (0)    2 :  0.003 0.003 0.005 0.976 0.006 0.007 
 52      686    (0)    2 :  0.002 0.003 0.002 0.988 0.002 0.003 
 53      687    (0)    2 :  0.003 0.002 0.002 0.988 0.002 0.003 
 54      688    (0)    2 :  0.007 0.002 0.003 0.979 0.003 0.005 
 55      070    (0)    3 :  0.003 0.983 0.005 0.002 0.005 0.003 
 56      071    (0)    3 :  0.003 0.981 0.003 0.006 0.003 0.004 
 57      072    (0)    3 :  0.002 0.991 0.002 0.001 0.002 0.002 
 58      151    (0)    3 :  0.002 0.992 0.001 0.002 0.002 0.002 
 59      152    (0)    3 :  0.004 0.978 0.006 0.002 0.006 0.004 
 60      153    (2)    3 :  0.001 0.993 0.002 0.002 0.002 0.002 
 61      788    (4)    3 :  0.003 0.987 0.003 0.002 0.003 0.002 
 62      789    (2)    3 :  0.002 0.990 0.002 0.003 0.002 0.002 
 63      790    (0)    3 :  0.002 0.991 0.002 0.001 0.002 0.002 
 64      010    (0)    4 :  0.006 0.002 0.440 0.004 0.530 0.018 
 65      024    (0)    4 :  0.028 0.007 0.556 0.013 0.381 0.014 
 66      051    (0)    4 :  0.008 0.018 0.263 0.008 0.302 0.402 
 67      090    (0)    4 :  0.013 0.006 0.507 0.005 0.407 0.062 
 68      102    (0)    4 :  0.310 0.002 0.338 0.003 0.308 0.039 
 69      111    (0)    4 :  0.014 0.002 0.430 0.004 0.538 0.013 
 70      113    (0)    4 :  0.066 0.007 0.356 0.005 0.394 0.172 
 71      138    (0)    4 :  0.016 0.030 0.424 0.075 0.440 0.014 
 72      150    (0)    4 :  0.732 0.013 0.075 0.005 0.063 0.112 
 73      173    (2)    4 :  0.042 0.022 0.207 0.019 0.151 0.558 
 74      174    (2)    4 :  0.005 0.023 0.389 0.004 0.563 0.017 
 75      175    (0)    4 :  0.008 0.007 0.515 0.003 0.419 0.048 
 76      176    (0)    4 :  0.013 0.006 0.485 0.012 0.475 0.010 
 77      177    (0)    4 :  0.016 0.004 0.273 0.002 0.320 0.386 
 78      180    (0)    4 :  0.007 0.004 0.382 0.007 0.447 0.154 
 79      184    (0)    4 :  0.052 0.011 0.453 0.005 0.424 0.055 
 80      195    (0)    4 :  0.021 0.006 0.494 0.015 0.428 0.036 
 81      198    (0)    4 :  0.009 0.003 0.440 0.007 0.526 0.016 
 82      203    (0)    4 :  0.016 0.009 0.516 0.005 0.434 0.019 
 83      211    (0)    4 :  0.035 0.003 0.447 0.097 0.406 0.011 
 84      220    (0)    4 :  0.211 0.002 0.307 0.008 0.254 0.218 
 85      233    (0)    4 :  0.069 0.005 0.496 0.034 0.335 0.061 
 86      331    (0)    4 :  0.011 0.008 0.489 0.005 0.434 0.053 
 87      349    (0)    4 :  0.020 0.009 0.195 0.005 0.142 0.630 
 88      410    (0)    4 :  0.005 0.003 0.465 0.023 0.484 0.019 
 89      417    (2)    4 :  0.010 0.002 0.429 0.005 0.548 0.007 
 90      421    (0)    5 :  0.959 0.002 0.013 0.006 0.014 0.006 
 91      423    (0)    5 :  0.006 0.007 0.539 0.003 0.410 0.036 
 92      424    (0)    5 :  0.009 0.002 0.168 0.002 0.180 0.638 
 93      433    (0)    5 :  0.470 0.002 0.239 0.018 0.263 0.007 
 94      462    (0)    5 :  0.151 0.002 0.316 0.024 0.346 0.161 
 95      463    (0)    5 :  0.010 0.002 0.446 0.004 0.502 0.036 
 96      467    (0)    5 :  0.951 0.006 0.009 0.012 0.009 0.013 
 97      468    (0)    5 :  0.190 0.004 0.030 0.002 0.024 0.750 
 98      469    (0)    5 :  0.641 0.002 0.178 0.003 0.167 0.010 
 99      472    (0)    5 :  0.018 0.004 0.558 0.008 0.403 0.009 
100      473    (0)    5 :  0.016 0.003 0.332 0.009 0.276 0.365 
101      474    (0)    5 :  0.925 0.002 0.012 0.012 0.011 0.039 
102      475    (0)    5 :  0.562 0.004 0.193 0.003 0.220 0.019 
103      476    (2)    5 :  0.879 0.012 0.023 0.029 0.021 0.037 
104      477    (0)    5 :  0.037 0.005 0.557 0.019 0.369 0.012 
105      478    (0)    5 :  0.078 0.002 0.507 0.003 0.388 0.022 
106      479    (0)    5 :  0.704 0.004 0.122 0.004 0.142 0.024 
107      480    (0)    5 :  0.973 0.002 0.008 0.003 0.007 0.007 
108      481    (0)    5 :  0.057 0.035 0.469 0.003 0.413 0.022 
109      482    (0)    5 :  0.036 0.002 0.425 0.038 0.486 0.012 
110      489    (0)    5 :  0.041 0.005 0.459 0.017 0.464 0.015 
111      490    (0)    5 :  0.012 0.003 0.400 0.003 0.561 0.021 
112      491    (0)    5 :  0.024 0.008 0.440 0.115 0.335 0.077 
113      492    (0)    5 :  0.742 0.005 0.082 0.021 0.079 0.072 
114      493    (0)    5 :  0.775 0.012 0.094 0.007 0.077 0.035 
115      494    (0)    5 :  0.225 0.021 0.322 0.037 0.366 0.030 
116      498    (0)    5 :  0.020 0.007 0.495 0.004 0.457 0.016 
117      499    (0)    5 :  0.018 0.004 0.448 0.008 0.454 0.069 
118      709    (0)    5 :  0.014 0.075 0.432 0.010 0.454 0.014 
119      710    (4)    5 :  0.099 0.007 0.525 0.003 0.362 0.005 
120      711    (2)    5 :  0.016 0.007 0.419 0.004 0.439 0.114 
121      712    (4)    5 :  0.013 0.002 0.401 0.003 0.569 0.012 
122      713    (0)    5 :  0.005 0.004 0.545 0.007 0.426 0.013 
123      714    (2)    5 :  0.948 0.010 0.010 0.002 0.010 0.019 
124      715    (4)    5 :  0.900 0.011 0.019 0.034 0.020 0.015 
125      716    (0)    5 :  0.968 0.002 0.011 0.003 0.011 0.005 
126      717    (2)    5 :  0.476 0.003 0.251 0.009 0.247 0.014 
127      718    (4)    5 :  0.043 0.002 0.429 0.002 0.496 0.028 
128      719    (0)    5 :  0.983 0.002 0.005 0.002 0.005 0.003 
129      720    (2)    5 :  0.936 0.002 0.021 0.010 0.018 0.014 
130      721    (0)    5 :  0.486 0.043 0.213 0.007 0.196 0.055 
131      722    (4)    5 :  0.980 0.002 0.005 0.002 0.005 0.006 
132      723    (0)    5 :  0.936 0.007 0.024 0.009 0.019 0.004 
133      724    (0)    5 :  0.943 0.004 0.019 0.008 0.017 0.009 
134      725    (0)    5 :  0.018 0.004 0.519 0.011 0.436 0.013 
135      726    (0)    5 :  0.178 0.007 0.427 0.006 0.324 0.058 
136      727    (0)    5 :  0.085 0.008 0.400 0.013 0.471 0.023 
137      728    (2)    5 :  0.020 0.084 0.478 0.006 0.398 0.014 
138      729    (6)    5 :  0.036 0.004 0.549 0.005 0.389 0.019 
139      730    (2)    5 :  0.032 0.007 0.400 0.005 0.546 0.010 
140      731    (2)    5 :  0.007 0.002 0.453 0.003 0.527 0.009 
141      732    (0)    5 :  0.283 0.003 0.361 0.007 0.310 0.037 
142      733    (0)    5 :  0.094 0.005 0.421 0.003 0.462 0.015 
143      734    (2)    5 :  0.032 0.010 0.369 0.102 0.394 0.094 
144      735    (4)    5 :  0.031 0.003 0.509 0.007 0.406 0.043 
145      736    (2)    5 :  0.007 0.014 0.406 0.015 0.545 0.014 
146      737    (0)    5 :  0.005 0.012 0.420 0.004 0.534 0.024 
147      738    (2)    5 :  0.010 0.003 0.452 0.005 0.472 0.057 
148      739    (8)    5 :  0.029 0.010 0.422 0.006 0.514 0.019 
149      740    (4)    5 :  0.078 0.002 0.454 0.003 0.457 0.005 
150      741    (2)    5 :  0.112 0.002 0.383 0.015 0.458 0.030 
151      742    (4)    5 :  0.014 0.006 0.381 0.005 0.541 0.053 
152      743    (2)    5 :  0.961 0.002 0.011 0.010 0.010 0.006 
153      744    (0)    5 :  0.095 0.027 0.461 0.004 0.401 0.011 
154      745    (0)    5 :  0.563 0.020 0.218 0.006 0.180 0.013 
155      746    (2)    5 :  0.007 0.004 0.459 0.006 0.510 0.014 
156      747    (2)    5 :  0.010 0.005 0.406 0.019 0.522 0.038 
157      748    (0)    5 :  0.020 0.006 0.204 0.016 0.145 0.609 
158      749    (2)    5 :  0.008 0.011 0.437 0.020 0.361 0.163 
159      750    (4)    5 :  0.011 0.005 0.489 0.005 0.477 0.013 
160      751    (0)    5 :  0.017 0.015 0.482 0.007 0.357 0.121 
161      752    (2)    5 :  0.300 0.002 0.025 0.003 0.019 0.651 
162      753    (4)    5 :  0.050 0.009 0.439 0.037 0.369 0.096 
163      754    (2)    5 :  0.006 0.003 0.405 0.004 0.576 0.007 
164      155    (0)    6 :  0.020 0.004 0.518 0.040 0.406 0.012 
165      156    (2)    6 :  0.013 0.113 0.451 0.006 0.406 0.011 
166      157    (2)    6 :  0.008 0.002 0.402 0.008 0.569 0.011 
167      158    (0)    6 :  0.021 0.004 0.480 0.009 0.446 0.040 
168      159    (0)    6 :  0.015 0.008 0.520 0.003 0.442 0.011 
169      160    (0)    6 :  0.507 0.003 0.199 0.009 0.197 0.084 
170      161    (0)    6 :  0.033 0.003 0.451 0.009 0.484 0.019 
171      162    (0)    6 :  0.407 0.007 0.295 0.006 0.244 0.041 
172      163    (2)    6 :  0.007 0.008 0.411 0.003 0.500 0.070 
173      164    (0)    6 :  0.019 0.002 0.501 0.022 0.435 0.020 
174      165    (2)    6 :  0.007 0.005 0.422 0.005 0.556 0.004 
175      427    (0)    6 :  0.882 0.009 0.012 0.074 0.011 0.011 
176      428    (0)    6 :  0.962 0.003 0.007 0.004 0.006 0.018 
177      429    (0)    6 :  0.972 0.004 0.008 0.003 0.007 0.007 
178      430    (0)    6 :  0.059 0.002 0.235 0.005 0.233 0.466 
179      431    (0)    6 :  0.961 0.002 0.012 0.003 0.012 0.010 
180      435    (0)    6 :  0.986 0.002 0.004 0.002 0.003 0.004 
181      436    (0)    6 :  0.983 0.002 0.004 0.003 0.004 0.003 
182      437    (0)    6 :  0.967 0.002 0.011 0.005 0.011 0.006 
183      438    (0)    6 :  0.932 0.006 0.021 0.002 0.021 0.019 
184      439    (0)    6 :  0.696 0.007 0.131 0.005 0.129 0.033 
185      441    (0)    6 :  0.086 0.001 0.012 0.003 0.008 0.889 
186      442    (0)    6 :  0.753 0.006 0.015 0.191 0.011 0.025 
187      443    (4)    6 :  0.969 0.003 0.008 0.002 0.007 0.011 
188      444    (4)    6 :  0.963 0.005 0.007 0.011 0.007 0.006 
189      445    (2)    6 :  0.716 0.008 0.163 0.004 0.101 0.008 
190      446    (0)    6 :  0.972 0.004 0.006 0.006 0.006 0.006 
191      447    (0)    6 :  0.967 0.004 0.010 0.004 0.009 0.006 
192      449    (0)    6 :  0.983 0.002 0.003 0.005 0.003 0.003 
193      460    (0)    6 :  0.955 0.002 0.014 0.005 0.014 0.009 
194      461    (0)    6 :  0.649 0.002 0.152 0.010 0.142 0.044 
195      484    (0)    6 :  0.100 0.006 0.264 0.020 0.296 0.315 
196      485    (0)    6 :  0.974 0.002 0.009 0.004 0.008 0.004 
197      486    (0)    6 :  0.068 0.002 0.021 0.004 0.011 0.894 
198      487    (0)    6 :  0.879 0.003 0.042 0.010 0.042 0.024 
199      178    (0)    7 :  0.815 0.012 0.077 0.005 0.072 0.019 
200      422    (0)    7 :  0.975 0.003 0.007 0.003 0.008 0.004 
201      425    (0)    7 :  0.958 0.001 0.015 0.003 0.014 0.007 
202      426    (0)    7 :  0.119 0.117 0.272 0.024 0.215 0.252 
203      432    (0)    7 :  0.527 0.011 0.198 0.012 0.142 0.110 
204      434    (0)    7 :  0.973 0.003 0.006 0.007 0.005 0.006 
205      440    (0)    7 :  0.783 0.002 0.086 0.018 0.067 0.043 
206      448    (2)    7 :  0.945 0.002 0.008 0.025 0.008 0.012 
207      456    (0)    7 :  0.275 0.003 0.409 0.010 0.270 0.033 
208      457    (0)    7 :  0.850 0.006 0.052 0.005 0.039 0.047 
209      458    (0)    7 :  0.439 0.008 0.228 0.020 0.205 0.099 
210      459    (0)    7 :  0.934 0.003 0.021 0.005 0.021 0.016 
211      464    (0)    7 :  0.970 0.004 0.008 0.006 0.007 0.005 
212      465    (0)    7 :  0.970 0.001 0.011 0.002 0.011 0.005 
213      466    (0)    7 :  0.939 0.002 0.022 0.005 0.021 0.012 
214      470    (0)    7 :  0.972 0.002 0.006 0.004 0.006 0.010 
215      471    (0)    7 :  0.922 0.018 0.015 0.003 0.014 0.027 
216      483    (0)    7 :  0.860 0.004 0.048 0.012 0.056 0.020 
217      488    (0)    7 :  0.822 0.003 0.072 0.006 0.054 0.042 
218      495    (0)    7 :  0.967 0.001 0.011 0.003 0.012 0.006 
219      496    (0)    7 :  0.958 0.002 0.015 0.002 0.015 0.007 
220      497    (0)    7 :  0.926 0.003 0.016 0.037 0.015 0.004 
221      500    (0)    7 :  0.254 0.003 0.320 0.003 0.393 0.026 
222      879    (0)    7 :  0.923 0.003 0.019 0.014 0.021 0.020 
223      036    (0)    8 :  0.015 0.004 0.561 0.002 0.413 0.005 
224      063    (2)    8 :  0.035 0.004 0.438 0.014 0.455 0.055 
225      094    (4)    8 :  0.057 0.005 0.411 0.009 0.500 0.018 
226      103    (4)    8 :  0.007 0.003 0.422 0.006 0.557 0.005 
227      112    (0)    8 :  0.006 0.004 0.415 0.006 0.529 0.040 
228      114    (2)    8 :  0.050 0.003 0.489 0.004 0.447 0.007 
229      120    (0)    8 :  0.019 0.002 0.398 0.005 0.531 0.044 
230      127    (2)    8 :  0.012 0.003 0.214 0.006 0.159 0.606 
231      147    (0)    8 :  0.017 0.063 0.225 0.008 0.202 0.486 
232      166    (0)    8 :  0.033 0.027 0.452 0.017 0.391 0.081 
233      167    (0)    8 :  0.238 0.007 0.370 0.006 0.367 0.013 
234      168    (0)    8 :  0.013 0.003 0.556 0.004 0.419 0.005 
235      169    (2)    8 :  0.462 0.006 0.235 0.006 0.233 0.059 
236      170    (0)    8 :  0.009 0.005 0.405 0.034 0.492 0.054 
237      171    (2)    8 :  0.007 0.012 0.452 0.005 0.494 0.030 
238      172    (0)    8 :  0.018 0.012 0.405 0.005 0.546 0.014 
239      185    (0)    8 :  0.083 0.005 0.459 0.006 0.400 0.048 
240      199    (2)    8 :  0.008 0.006 0.394 0.233 0.333 0.027 
241      339    (0)    8 :  0.595 0.010 0.188 0.008 0.168 0.031 
242      355    (0)    8 :  0.004 0.012 0.500 0.090 0.383 0.010 
243      356    (0)    8 :  0.007 0.004 0.422 0.005 0.553 0.010 
244      357    (0)    8 :  0.016 0.013 0.506 0.020 0.384 0.061 
245      358    (0)    8 :  0.013 0.006 0.547 0.004 0.366 0.065 
246      359    (0)    8 :  0.007 0.002 0.473 0.009 0.491 0.018 
247      360    (0)    8 :  0.039 0.010 0.505 0.005 0.414 0.028 
248      361    (0)    8 :  0.108 0.002 0.367 0.003 0.505 0.015 
249      362    (0)    8 :  0.071 0.005 0.482 0.004 0.387 0.050 
250      363    (0)    8 :  0.017 0.017 0.066 0.049 0.060 0.792 
251      364    (0)    8 :  0.021 0.003 0.407 0.062 0.380 0.126 
252      365    (0)    8 :  0.097 0.014 0.500 0.004 0.376 0.010 
253      366    (0)    8 :  0.006 0.031 0.530 0.003 0.408 0.022 
254      367    (0)    8 :  0.008 0.009 0.548 0.003 0.421 0.012 
255      368    (0)    8 :  0.006 0.016 0.493 0.004 0.401 0.079 
256      369    (0)    8 :  0.005 0.004 0.517 0.005 0.460 0.009 
257      370    (0)    8 :  0.011 0.013 0.422 0.007 0.533 0.014 
258      371    (0)    8 :  0.010 0.003 0.557 0.007 0.419 0.005 
259      372    (0)    8 :  0.572 0.004 0.025 0.348 0.025 0.025 
260      373    (0)    8 :  0.016 0.003 0.442 0.035 0.499 0.005 
261      380    (0)    8 :  0.011 0.006 0.426 0.010 0.512 0.035 
262      388    (0)    8 :  0.009 0.008 0.440 0.021 0.480 0.042 
263      418    (0)    8 :  0.018 0.007 0.516 0.053 0.349 0.056 
264      419    (0)    8 :  0.041 0.007 0.562 0.003 0.366 0.021 
265      420    (0)    8 :  0.207 0.047 0.370 0.063 0.289 0.023 
266      409    (0)    9 :  0.029 0.002 0.396 0.004 0.559 0.009 
267      414    (0)    9 :  0.010 0.003 0.483 0.008 0.479 0.017 
268      415    (2)    9 :  0.008 0.004 0.467 0.013 0.480 0.029 
269      416    (0)    9 :  0.156 0.004 0.420 0.015 0.385 0.021 


Estimated Allele Frequencies in each cluster
First column gives estimated ancestral frequencies


Locus 1 : 1 
4 alleles
0.0% missing data
  89   (0.545) 0.538 0.067 0.550 0.638 0.546 0.598 
  91   (0.372) 0.401 0.694 0.378 0.312 0.387 0.382 
  93   (0.062) 0.041 0.101 0.057 0.048 0.055 0.015 
  99   (0.021) 0.020 0.137 0.015 0.001 0.012 0.004 

Locus 2 : 2 
6 alleles
1.9% missing data
 134   (0.231) 0.258 0.027 0.217 0.371 0.210 0.401 
 136   (0.365) 0.095 0.198 0.395 0.461 0.412 0.370 
 142   (0.024) 0.104 0.003 0.019 0.002 0.018 0.018 
 138   (0.295) 0.493 0.763 0.281 0.162 0.272 0.176 
 140   (0.057) 0.045 0.007 0.060 0.004 0.063 0.029 
 132   (0.027) 0.004 0.003 0.027 0.002 0.025 0.006 

Locus 3 : 3 
6 alleles
0.0% missing data
 181   (0.258) 0.321 0.184 0.239 0.075 0.227 0.372 
 179   (0.240) 0.244 0.029 0.245 0.015 0.249 0.344 
 187   (0.327) 0.212 0.767 0.347 0.263 0.359 0.207 
 185   (0.091) 0.088 0.010 0.087 0.452 0.085 0.053 
 191   (0.029) 0.005 0.003 0.025 0.191 0.022 0.007 
 175   (0.056) 0.131 0.007 0.058 0.004 0.058 0.017 

Locus 4 : 4 
10 alleles
0.4% missing data
 253   (0.504) 0.524 0.599 0.520 0.467 0.523 0.580 
 241   (0.155) 0.149 0.177 0.152 0.152 0.152 0.168 
 269   (0.174) 0.255 0.204 0.167 0.104 0.165 0.172 
 255   (0.008) 0.006 0.001 0.005 0.001 0.004 0.003 
 247   (0.078) 0.050 0.009 0.077 0.272 0.078 0.047 
 245   (0.007) 0.001 0.001 0.006 0.000 0.005 0.001 
 249   (0.017) 0.002 0.003 0.017 0.001 0.016 0.004 
 271   (0.034) 0.010 0.004 0.035 0.002 0.035 0.016 
 239   (0.013) 0.002 0.002 0.012 0.001 0.012 0.007 
 273   (0.010) 0.001 0.001 0.010 0.001 0.010 0.002 

Locus 5 : 5 
6 alleles
0.4% missing data
 103   (0.839) 0.945 0.980 0.829 0.976 0.826 0.911 
 104   (0.062) 0.029 0.007 0.073 0.004 0.075 0.026 
 105   (0.055) 0.021 0.006 0.060 0.004 0.065 0.043 
 101   (0.011) 0.001 0.001 0.007 0.014 0.006 0.008 
 102   (0.019) 0.003 0.004 0.018 0.001 0.018 0.009 
 107   (0.013) 0.002 0.001 0.012 0.001 0.011 0.003 

Locus 6 : 6 
5 alleles
0.0% missing data
 141   (0.254) 0.271 0.029 0.244 0.141 0.235 0.380 
 145   (0.458) 0.530 0.416 0.469 0.267 0.479 0.394 
 135   (0.212) 0.185 0.546 0.211 0.286 0.208 0.131 
 147   (0.066) 0.013 0.008 0.066 0.305 0.067 0.092 
 137   (0.010) 0.001 0.001 0.010 0.001 0.010 0.002 

Locus 7 : 7 
10 alleles
1.9% missing data
  97   (0.196) 0.131 0.132 0.187 0.254 0.180 0.167 
 103   (0.312) 0.349 0.044 0.318 0.512 0.323 0.430 
  93   (0.210) 0.297 0.786 0.207 0.071 0.205 0.229 
  91   (0.068) 0.033 0.010 0.065 0.149 0.064 0.062 
  89   (0.070) 0.109 0.009 0.072 0.005 0.074 0.070 
  85   (0.047) 0.034 0.007 0.046 0.003 0.047 0.021 
  83   (0.067) 0.042 0.009 0.082 0.004 0.085 0.015 
 105   (0.013) 0.002 0.002 0.013 0.001 0.011 0.003 
 101   (0.008) 0.001 0.001 0.006 0.000 0.006 0.002 
  99   (0.008) 0.001 0.001 0.006 0.000 0.005 0.001 

Locus 8 : 8 
8 alleles
0.0% missing data
 129   (0.554) 0.693 0.205 0.575 0.636 0.588 0.432 
 143   (0.262) 0.200 0.680 0.258 0.136 0.254 0.401 
 141   (0.049) 0.022 0.006 0.041 0.206 0.038 0.069 
 149   (0.073) 0.071 0.008 0.072 0.016 0.068 0.081 
 127   (0.019) 0.002 0.055 0.016 0.001 0.015 0.004 
 131   (0.014) 0.007 0.044 0.010 0.002 0.008 0.003 
 133   (0.021) 0.004 0.002 0.021 0.001 0.022 0.008 
 145   (0.008) 0.001 0.001 0.006 0.001 0.006 0.002 

Locus 9 : 9 
4 alleles
0.0% missing data
 195   (0.142) 0.255 0.346 0.130 0.054 0.126 0.185 
 191   (0.393) 0.309 0.344 0.387 0.540 0.381 0.471 
 189   (0.458) 0.435 0.309 0.476 0.406 0.487 0.343 
 197   (0.008) 0.001 0.001 0.006 0.000 0.006 0.002 

Locus 10 : 10 
7 alleles
0.4% missing data
 238   (0.557) 0.768 0.378 0.547 0.351 0.540 0.700 
 252   (0.097) 0.065 0.012 0.101 0.037 0.101 0.112 
 232   (0.258) 0.156 0.225 0.275 0.281 0.286 0.151 
 254   (0.045) 0.005 0.380 0.039 0.246 0.036 0.027 
 248   (0.023) 0.003 0.003 0.020 0.083 0.018 0.005 
 250   (0.013) 0.001 0.002 0.013 0.001 0.013 0.003 
 236   (0.008) 0.001 0.001 0.006 0.001 0.005 0.002 

Locus 11 : 11 
4 alleles
0.0% missing data
  87   (0.709) 0.833 0.966 0.706 0.539 0.700 0.684 
  89   (0.232) 0.142 0.028 0.230 0.379 0.233 0.299 
  91   (0.042) 0.023 0.004 0.048 0.080 0.052 0.011 
  85   (0.017) 0.002 0.002 0.016 0.001 0.016 0.006 

Locus 12 : 12 
13 alleles
0.4% missing data
 162   (0.255) 0.280 0.073 0.249 0.234 0.250 0.444 
 158   (0.221) 0.180 0.027 0.241 0.026 0.249 0.173 
 161   (0.102) 0.115 0.121 0.108 0.017 0.111 0.130 
 147   (0.042) 0.037 0.005 0.035 0.003 0.032 0.071 
 160   (0.210) 0.256 0.575 0.208 0.709 0.209 0.090 
 143   (0.035) 0.005 0.184 0.037 0.002 0.034 0.008 
 154   (0.021) 0.002 0.003 0.019 0.001 0.019 0.015 
 170   (0.049) 0.039 0.006 0.055 0.003 0.056 0.012 
 149   (0.026) 0.059 0.003 0.019 0.002 0.016 0.048 
 153   (0.014) 0.002 0.002 0.012 0.001 0.011 0.004 
 150   (0.008) 0.007 0.001 0.005 0.000 0.004 0.002 
 159   (0.010) 0.018 0.001 0.007 0.001 0.006 0.003 
 164   (0.008) 0.001 0.001 0.006 0.000 0.005 0.002 

Locus 13 : 13 
5 alleles
0.0% missing data
 108   (0.197) 0.108 0.331 0.214 0.199 0.225 0.149 
 113   (0.336) 0.369 0.571 0.323 0.509 0.316 0.345 
 115   (0.452) 0.522 0.097 0.451 0.291 0.449 0.503 
 109   (0.008) 0.001 0.001 0.006 0.000 0.005 0.002 
 110   (0.008) 0.001 0.001 0.006 0.000 0.005 0.002 

Locus 14 : 14 
5 alleles
1.1% missing data
 229   (0.511) 0.506 0.101 0.547 0.423 0.563 0.408 
 231   (0.162) 0.026 0.270 0.158 0.346 0.159 0.352 
 225   (0.140) 0.108 0.226 0.127 0.207 0.120 0.131 
 227   (0.133) 0.316 0.255 0.123 0.021 0.119 0.051 
 233   (0.054) 0.043 0.148 0.044 0.004 0.039 0.058 

Locus 15 : 15 
4 alleles
0.4% missing data
 143   (0.837) 0.873 0.725 0.845 0.818 0.846 0.874 
 145   (0.087) 0.063 0.265 0.081 0.006 0.079 0.108 
 147   (0.058) 0.062 0.007 0.055 0.144 0.056 0.014 
 133   (0.019) 0.002 0.002 0.019 0.031 0.020 0.004 

Locus 16 : 16 
5 alleles
0.0% missing data
 154   (0.091) 0.022 0.210 0.088 0.181 0.087 0.056 
 156   (0.232) 0.209 0.518 0.249 0.493 0.260 0.253 
 158   (0.542) 0.630 0.257 0.543 0.210 0.537 0.507 
 160   (0.126) 0.125 0.015 0.115 0.115 0.111 0.182 
 152   (0.009) 0.013 0.001 0.005 0.001 0.004 0.002 

Locus 17 : 17 
5 alleles
0.0% missing data
  90   (0.673) 0.739 0.559 0.682 0.790 0.693 0.709 
 102   (0.194) 0.229 0.023 0.180 0.201 0.168 0.209 
 100   (0.052) 0.012 0.409 0.055 0.003 0.059 0.016 
  88   (0.074) 0.013 0.008 0.078 0.006 0.076 0.065 
 104   (0.008) 0.007 0.001 0.005 0.000 0.004 0.002 

Locus 18 : 18 
7 alleles
0.0% missing data
 140   (0.297) 0.251 0.285 0.290 0.184 0.291 0.461 
 127   (0.309) 0.298 0.550 0.324 0.066 0.334 0.242 
 146   (0.077) 0.099 0.008 0.073 0.217 0.067 0.094 
 148   (0.091) 0.078 0.010 0.081 0.214 0.076 0.099 
 138   (0.050) 0.039 0.127 0.045 0.003 0.042 0.039 
 150   (0.061) 0.141 0.006 0.055 0.307 0.052 0.027 
 142   (0.115) 0.094 0.013 0.133 0.008 0.139 0.039 

Locus 19 : 19 
7 alleles
0.0% missing data
 194   (0.571) 0.540 0.954 0.580 0.480 0.581 0.534 
 200   (0.104) 0.130 0.011 0.104 0.007 0.102 0.132 
 190   (0.104) 0.171 0.011 0.091 0.199 0.088 0.248 
 188   (0.191) 0.155 0.021 0.200 0.170 0.204 0.075 
 202   (0.016) 0.002 0.002 0.014 0.143 0.014 0.003 
 192   (0.008) 0.001 0.001 0.006 0.000 0.005 0.005 
 196   (0.008) 0.001 0.001 0.006 0.001 0.006 0.002 

Locus 20 : 20 
6 alleles
1.1% missing data
 252   (0.718) 0.778 0.388 0.746 0.724 0.754 0.703 
 246   (0.096) 0.052 0.161 0.089 0.049 0.088 0.145 
 250   (0.073) 0.059 0.340 0.060 0.143 0.054 0.086 
 254   (0.071) 0.097 0.104 0.064 0.081 0.062 0.055 
 248   (0.025) 0.005 0.003 0.027 0.002 0.029 0.006 
 244   (0.017) 0.009 0.004 0.015 0.001 0.013 0.006 

Locus 21 : 21 
7 alleles
0.4% missing data
 173   (0.284) 0.524 0.122 0.280 0.213 0.274 0.267 
 167   (0.184) 0.124 0.112 0.199 0.121 0.208 0.132 
 175   (0.147) 0.077 0.482 0.134 0.254 0.126 0.260 
 177   (0.272) 0.252 0.272 0.276 0.173 0.283 0.176 
 165   (0.046) 0.007 0.005 0.043 0.015 0.042 0.142 
 163   (0.039) 0.010 0.004 0.039 0.221 0.037 0.017 
 159   (0.029) 0.005 0.003 0.030 0.002 0.028 0.007 

Locus 22 : 22 
10 alleles
1.1% missing data
 152   (0.413) 0.577 0.490 0.427 0.366 0.441 0.481 
 164   (0.026) 0.004 0.003 0.025 0.002 0.024 0.042 
 146   (0.231) 0.310 0.076 0.232 0.143 0.228 0.192 
 158   (0.098) 0.021 0.011 0.103 0.108 0.106 0.126 
 166   (0.099) 0.038 0.117 0.097 0.006 0.095 0.078 
 162   (0.061) 0.020 0.008 0.057 0.072 0.056 0.063 
 156   (0.018) 0.011 0.002 0.012 0.299 0.010 0.007 
 150   (0.027) 0.009 0.110 0.024 0.002 0.022 0.006 
 148   (0.011) 0.001 0.181 0.007 0.001 0.006 0.002 
 142   (0.016) 0.009 0.002 0.015 0.001 0.012 0.003 

Locus 23 : 23 
7 alleles
0.7% missing data
 144   (0.172) 0.242 0.597 0.157 0.622 0.153 0.169 
 156   (0.130) 0.047 0.016 0.153 0.037 0.165 0.098 
 154   (0.559) 0.591 0.369 0.569 0.234 0.564 0.528 
 160   (0.094) 0.113 0.011 0.082 0.104 0.080 0.181 
 158   (0.026) 0.004 0.003 0.025 0.002 0.024 0.019 
 152   (0.008) 0.002 0.001 0.006 0.001 0.005 0.002 
 146   (0.010) 0.001 0.002 0.009 0.001 0.008 0.002 

Locus 24 : 24 
4 alleles
0.7% missing data
  81   (0.368) 0.403 0.298 0.382 0.026 0.384 0.287 
  83   (0.471) 0.426 0.684 0.455 0.916 0.449 0.578 
  77   (0.079) 0.082 0.009 0.073 0.052 0.072 0.082 
  85   (0.082) 0.090 0.010 0.090 0.006 0.095 0.052 

Locus 25 : 25 
6 alleles
0.4% missing data
 122   (0.095) 0.127 0.114 0.090 0.006 0.088 0.090 
 132   (0.322) 0.321 0.182 0.313 0.450 0.308 0.411 
 124   (0.532) 0.546 0.406 0.554 0.541 0.565 0.473 
 136   (0.017) 0.002 0.002 0.014 0.001 0.012 0.016 
 120   (0.018) 0.002 0.295 0.015 0.001 0.014 0.006 
 126   (0.016) 0.002 0.002 0.015 0.001 0.013 0.003 

Locus 26 : 26 
7 alleles
0.4% missing data
 165   (0.238) 0.267 0.323 0.231 0.059 0.226 0.312 
 183   (0.357) 0.311 0.296 0.354 0.426 0.358 0.455 
 175   (0.242) 0.332 0.030 0.248 0.442 0.250 0.165 
 181   (0.069) 0.011 0.009 0.079 0.067 0.085 0.033 
 179   (0.079) 0.077 0.341 0.076 0.005 0.072 0.033 
 185   (0.008) 0.001 0.001 0.006 0.000 0.006 0.002 
 157   (0.008) 0.001 0.001 0.006 0.000 0.005 0.001 

Locus 27 : 27 
4 alleles
0.4% missing data
 142   (0.648) 0.755 0.314 0.646 0.739 0.643 0.650 
 148   (0.198) 0.100 0.668 0.209 0.070 0.215 0.221 
 150   (0.121) 0.120 0.013 0.118 0.188 0.117 0.099 
 138   (0.033) 0.025 0.004 0.027 0.002 0.025 0.030 

Locus 28 : 28 
6 alleles
0.4% missing data
 262   (0.500) 0.396 0.844 0.526 0.549 0.541 0.618 
 260   (0.381) 0.511 0.141 0.366 0.378 0.355 0.334 
 256   (0.080) 0.061 0.011 0.076 0.071 0.074 0.039 
 258   (0.013) 0.001 0.001 0.012 0.001 0.011 0.003 
 266   (0.008) 0.007 0.001 0.005 0.001 0.004 0.002 
 264   (0.018) 0.023 0.002 0.015 0.001 0.015 0.004 

Locus 29 : 29 
7 alleles
0.0% missing data
 150   (0.446) 0.532 0.147 0.470 0.296 0.477 0.380 
 140   (0.174) 0.167 0.807 0.165 0.061 0.158 0.156 
 146   (0.283) 0.243 0.035 0.288 0.333 0.294 0.349 
 148   (0.050) 0.024 0.006 0.041 0.307 0.038 0.081 
 142   (0.008) 0.001 0.001 0.005 0.000 0.003 0.012 
 152   (0.031) 0.032 0.003 0.027 0.002 0.025 0.016 
 151   (0.008) 0.001 0.001 0.005 0.001 0.004 0.007 

Locus 30 : 30 
6 alleles
0.0% missing data
 127   (0.107) 0.051 0.597 0.094 0.085 0.090 0.165 
 123   (0.151) 0.235 0.017 0.148 0.103 0.144 0.119 
 129   (0.410) 0.585 0.202 0.396 0.776 0.390 0.444 
 125   (0.279) 0.089 0.135 0.310 0.033 0.326 0.256 
 121   (0.015) 0.002 0.044 0.012 0.001 0.010 0.004 
 131   (0.038) 0.039 0.005 0.039 0.003 0.040 0.012 

Locus 31 : 31 
5 alleles
0.4% missing data
 155   (0.554) 0.433 0.521 0.562 0.714 0.565 0.440 
 159   (0.169) 0.274 0.020 0.173 0.012 0.175 0.255 
 157   (0.185) 0.206 0.115 0.183 0.025 0.183 0.275 
 151   (0.034) 0.004 0.239 0.028 0.245 0.025 0.015 
 153   (0.059) 0.083 0.106 0.054 0.004 0.052 0.015 

Locus 32 : 32 
5 alleles
0.0% missing data
 150   (0.545) 0.598 0.405 0.555 0.634 0.558 0.494 
 146   (0.353) 0.339 0.584 0.360 0.315 0.363 0.261 
 148   (0.052) 0.018 0.006 0.042 0.047 0.037 0.145 
 154   (0.037) 0.010 0.004 0.035 0.002 0.035 0.097 
 152   (0.013) 0.035 0.001 0.009 0.001 0.007 0.003 

Locus 33 : 33 
6 alleles
0.0% missing data
 184   (0.191) 0.269 0.273 0.186 0.075 0.189 0.233 
 180   (0.467) 0.369 0.689 0.463 0.664 0.459 0.487 
 192   (0.168) 0.159 0.019 0.168 0.184 0.166 0.189 
 190   (0.021) 0.036 0.002 0.016 0.001 0.014 0.025 
 196   (0.097) 0.153 0.011 0.101 0.006 0.101 0.053 
 198   (0.055) 0.013 0.006 0.067 0.069 0.071 0.013 

Locus 34 : 34 
6 alleles
0.0% missing data
 106   (0.278) 0.398 0.230 0.281 0.695 0.286 0.343 
 110   (0.176) 0.112 0.215 0.169 0.076 0.165 0.207 
 112   (0.342) 0.386 0.039 0.356 0.067 0.361 0.331 
 108   (0.155) 0.092 0.114 0.154 0.114 0.151 0.080 
  96   (0.012) 0.001 0.001 0.008 0.046 0.007 0.003 
  90   (0.037) 0.012 0.401 0.033 0.002 0.031 0.037 

Locus 35 : 35 
9 alleles
0.0% missing data
 170   (0.266) 0.222 0.606 0.254 0.322 0.254 0.415 
 172   (0.304) 0.403 0.038 0.307 0.577 0.306 0.185 
 176   (0.093) 0.011 0.011 0.097 0.019 0.098 0.184 
 174   (0.165) 0.168 0.019 0.182 0.071 0.189 0.115 
 166   (0.045) 0.103 0.006 0.038 0.003 0.034 0.066 
 168   (0.060) 0.024 0.313 0.064 0.004 0.065 0.019 
 186   (0.018) 0.038 0.002 0.014 0.001 0.013 0.004 
 178   (0.040) 0.030 0.005 0.039 0.003 0.038 0.011 
 158   (0.008) 0.001 0.001 0.006 0.000 0.005 0.001 

Locus 36 : 36 
6 alleles
0.0% missing data
  85   (0.163) 0.129 0.490 0.164 0.233 0.164 0.154 
  95   (0.052) 0.070 0.006 0.044 0.004 0.040 0.072 
  89   (0.560) 0.670 0.372 0.568 0.513 0.569 0.545 
  81   (0.082) 0.030 0.010 0.086 0.005 0.090 0.128 
  83   (0.123) 0.095 0.014 0.123 0.243 0.124 0.097 
  91   (0.019) 0.005 0.108 0.015 0.001 0.013 0.004 

Locus 37 : 37 
10 alleles
0.0% missing data
 161   (0.335) 0.269 0.427 0.358 0.379 0.374 0.407 
 173   (0.257) 0.298 0.225 0.246 0.502 0.238 0.370 
 165   (0.237) 0.254 0.137 0.231 0.107 0.225 0.180 
 169   (0.096) 0.130 0.203 0.102 0.006 0.106 0.027 
 168   (0.013) 0.001 0.001 0.011 0.001 0.010 0.002 
 155   (0.018) 0.002 0.002 0.017 0.001 0.017 0.004 
 167   (0.016) 0.004 0.002 0.015 0.002 0.015 0.004 
 159   (0.011) 0.005 0.001 0.008 0.001 0.007 0.002 
 177   (0.008) 0.001 0.001 0.006 0.000 0.006 0.002 
 175   (0.009) 0.035 0.001 0.005 0.001 0.004 0.002 

Locus 38 : 38 
5 alleles
0.0% missing data
  81   (0.119) 0.074 0.014 0.109 0.116 0.102 0.247 
  87   (0.082) 0.055 0.552 0.072 0.129 0.068 0.093 
  89   (0.437) 0.560 0.051 0.468 0.104 0.478 0.267 
  85   (0.192) 0.214 0.175 0.181 0.465 0.178 0.203 
  91   (0.170) 0.097 0.207 0.170 0.186 0.173 0.191 

Locus 39 : 39 
4 alleles
0.7% missing data
 167   (0.782) 0.795 0.684 0.789 0.857 0.790 0.903 
 161   (0.183) 0.148 0.312 0.182 0.140 0.182 0.084 
 165   (0.028) 0.056 0.003 0.024 0.002 0.022 0.012 
 177   (0.008) 0.001 0.001 0.006 0.001 0.005 0.002 

Locus 40 : 40 
6 alleles
0.4% missing data
 228   (0.393) 0.513 0.536 0.390 0.239 0.388 0.461 
 240   (0.135) 0.133 0.017 0.133 0.262 0.134 0.132 
 238   (0.346) 0.297 0.087 0.365 0.121 0.372 0.245 
 236   (0.097) 0.053 0.358 0.087 0.376 0.083 0.101 
 224   (0.016) 0.003 0.002 0.012 0.001 0.010 0.058 
 232   (0.013) 0.001 0.001 0.013 0.001 0.014 0.002 

Locus 41 : 41 
7 alleles
0.0% missing data
 130   (0.521) 0.450 0.059 0.540 0.769 0.547 0.497 
 132   (0.123) 0.210 0.015 0.121 0.054 0.123 0.123 
 114   (0.047) 0.005 0.492 0.045 0.003 0.044 0.061 
 128   (0.112) 0.187 0.013 0.111 0.037 0.110 0.110 
 134   (0.122) 0.072 0.211 0.114 0.008 0.111 0.181 
 118   (0.068) 0.073 0.210 0.064 0.129 0.061 0.027 
 136   (0.008) 0.001 0.001 0.006 0.000 0.005 0.001 

Locus 42 : 42 
5 alleles
1.5% missing data
  92   (0.106) 0.061 0.055 0.120 0.007 0.129 0.086 
  96   (0.064) 0.023 0.104 0.067 0.004 0.068 0.063 
 102   (0.268) 0.341 0.571 0.246 0.475 0.238 0.360 
 104   (0.433) 0.496 0.052 0.443 0.415 0.443 0.385 
  98   (0.129) 0.079 0.218 0.124 0.099 0.122 0.106 

Locus 43 : 43 
6 alleles
2.2% missing data
 103   (0.326) 0.429 0.236 0.305 0.350 0.287 0.268 
 101   (0.301) 0.292 0.036 0.311 0.188 0.318 0.419 
  95   (0.203) 0.198 0.179 0.202 0.451 0.205 0.155 
  99   (0.142) 0.077 0.403 0.159 0.009 0.168 0.151 
  97   (0.020) 0.003 0.145 0.017 0.001 0.016 0.005 
  91   (0.008) 0.001 0.001 0.006 0.000 0.006 0.002 

Locus 44 : 44 
7 alleles
0.0% missing data
 181   (0.547) 0.709 0.517 0.554 0.857 0.557 0.618 
 191   (0.302) 0.199 0.280 0.308 0.104 0.318 0.285 
 177   (0.074) 0.050 0.009 0.072 0.005 0.068 0.055 
 189   (0.008) 0.001 0.001 0.005 0.030 0.003 0.001 
 179   (0.049) 0.006 0.192 0.048 0.003 0.042 0.036 
 183   (0.011) 0.001 0.001 0.009 0.001 0.008 0.003 
 193   (0.009) 0.034 0.001 0.005 0.001 0.004 0.002 

Locus 45 : 45 
6 alleles
1.5% missing data
 211   (0.235) 0.150 0.337 0.246 0.271 0.253 0.228 
 215   (0.079) 0.064 0.010 0.075 0.114 0.073 0.094 
 205   (0.474) 0.509 0.257 0.476 0.411 0.474 0.524 
 201   (0.067) 0.068 0.379 0.069 0.005 0.070 0.071 
 207   (0.134) 0.209 0.016 0.125 0.199 0.121 0.080 
 202   (0.011) 0.001 0.001 0.009 0.001 0.009 0.002 

Locus 46 : 46 
10 alleles
0.7% missing data
 142   (0.375) 0.565 0.047 0.369 0.287 0.367 0.458 
 166   (0.130) 0.190 0.117 0.122 0.380 0.116 0.074 
 158   (0.139) 0.087 0.018 0.138 0.085 0.140 0.263 
 168   (0.142) 0.039 0.216 0.147 0.111 0.149 0.109 
 162   (0.056) 0.031 0.115 0.055 0.004 0.051 0.037 
 144   (0.053) 0.051 0.007 0.056 0.127 0.057 0.021 
 156   (0.029) 0.010 0.472 0.025 0.002 0.023 0.007 
 164   (0.054) 0.024 0.006 0.066 0.003 0.074 0.020 
 170   (0.014) 0.002 0.002 0.016 0.001 0.017 0.008 
 160   (0.008) 0.001 0.001 0.006 0.000 0.005 0.002 

Locus 47 : 47 
6 alleles
7.8% missing data
 145   (0.246) 0.113 0.524 0.243 0.615 0.244 0.282 
 151   (0.174) 0.141 0.091 0.172 0.012 0.172 0.354 
 153   (0.186) 0.349 0.029 0.186 0.028 0.187 0.168 
 149   (0.357) 0.392 0.351 0.352 0.342 0.346 0.187 
 143   (0.015) 0.002 0.002 0.019 0.001 0.020 0.003 
 147   (0.022) 0.003 0.004 0.029 0.001 0.031 0.005 

Values of parameters used in structure:
DATAFILE=c2.str,	OUTFILE=k6/c2_k6_run4,	NUMINDS=269,	NUMLOCI=47,	MISSING=-9,	LABEL=1,	POPDATA=1,	POPFLAG=0,	PHENOTYPE=0,	EXTRACOLS=0,	MAXPOPS=6,	BURNIN=500000,	NUMREPS=750000,	USEPOPINFO=0,	INFERALPHA=1,	INFERLAMBDA=0,	POPSPECIFICLAMBDA=0,	POPALPHAS=0,	COMPUTEPROB=1,	NOADMIX=0,	ADMBURNIN=500,	UPDATEFREQ=100,	PRINTLIKES=0,	INTERMEDSAVE=0,	PRINTKLD=0,	PRINTNET=1,	PRINTLAMBDA=1,	ANCESTDIST=0,	NUMBOXES=1000,	ANCESTPINT=0.90000,	GENSBACK=2,	MIGRPRIOR=0.01000,	PRINTQHAT=0,	PRINTQSUM=1,	ALPHA=1.0000,	FREQSCORR=1,	FPRIORMEAN=0.0100,	FPRIORSD=0.0500,	ONEFST=0,	LAMBDA=1.0000,	UNIFPRIORALPHA=1,	ALPHAMAX=10.0000,	ALPHAPRIORA=1.0000,	ALPHAPRIORB=2.0000,	ALPHAPROPSD=0.0250,	STARTATPOPINFO=0,	RANDOMIZE=0,	LINKAGE=0,	METROFREQ=10,	REPORTHITRATE=0,	MARKOVPHASE=0,	PHASED=1,	PLOIDY=2,	PHASEINFO=0	LOCPRIOR=0, 	LOCPRIORINIT=1.000000, 	LOCDATA=0, 	LOCISPOP=1, 	LOCPRIORSTEP=0.100000, 	MAXLOCPRIOR=20.000000, 	SEED=446866,	
[STRAT parameters]:    NUMSIMSTATS=1000,	PHENOTYPECOL=-9,	POOLFREQ=10,	LOCUSxONLY=0,	EMERROR=0.00100,	MISSINGPHENO=-9,	