

----------------------------------------------------
STRUCTURE by Pritchard, Stephens and Donnelly (2000)
     and Falush, Stephens and Pritchard (2003)
       Code by Pritchard, Falush and Hubisz
             Version 2.3.4 (Jul 2012)
----------------------------------------------------



Command line arguments:   structure -D 522339 -K 5 -m mainparams -o k5/c2_k5_run4 
Input File:    c2.str

Run parameters:
   269 individuals
   47 loci
   5 populations assumed
   500000 Burn-in period
   750000 Reps
RANDOMIZE turned off


--------------------------------------------
Proportion of membership of each pre-defined
 population in each of the 5 clusters

Given    Inferred Clusters                     Number of
 Pop       1      2      3      4      5      Individuals

  1:     0.854  0.015  0.007  0.088  0.036       25
  2:     0.006  0.980  0.003  0.005  0.005       29
  3:     0.003  0.002  0.990  0.002  0.003        9
  4:     0.334  0.015  0.008  0.080  0.564       26
  5:     0.217  0.012  0.009  0.331  0.431       74
  6:     0.134  0.014  0.008  0.610  0.234       35
  7:     0.066  0.010  0.008  0.827  0.090       24
  8:     0.283  0.027  0.010  0.088  0.593       43
  9:     0.126  0.010  0.003  0.077  0.784        4
--------------------------------------------

Allele-freq. divergence among pops (Net nucleotide distance),
computed using point estimates of P.

      1       2       3       4       5      
 1      -    0.0512  0.0982  0.0160  0.0041  
 2   0.0512     -    0.1293  0.0631  0.0501  
 3   0.0982  0.1293     -    0.1191  0.0964  
 4   0.0160  0.0631  0.1191     -    0.0113  
 5   0.0041  0.0501  0.0964  0.0113     -    

Average distances (expected heterozygosity) between individuals in same cluster:
cluster  1  : 0.6272 
cluster  2  : 0.5496 
cluster  3  : 0.5371 
cluster  4  : 0.5898 
cluster  5  : 0.6445 

--------------------------------------------
Estimated Ln Prob of Data   = -30081.7
Mean value of ln likelihood = -29545.4
Variance of ln likelihood   = 1072.4
Mean value of alpha         = 0.0349

Mean value of Fst_1         = 0.0278
Mean value of Fst_2         = 0.1992
Mean value of Fst_3         = 0.3036
Mean value of Fst_4         = 0.0531
Mean value of Fst_5         = 0.0016


Inferred ancestry of individuals:
        Label (%Miss) Pop:  Inferred clusters
  1      591    (0)    1 :  0.894 0.006 0.016 0.047 0.038 
  2      592    (0)    1 :  0.607 0.015 0.004 0.329 0.046 
  3      593    (0)    1 :  0.963 0.003 0.011 0.010 0.013 
  4      594    (0)    1 :  0.761 0.016 0.007 0.113 0.103 
  5      595    (0)    1 :  0.948 0.014 0.005 0.005 0.028 
  6      596    (0)    1 :  0.894 0.059 0.012 0.008 0.026 
  7      597    (0)    1 :  0.943 0.008 0.003 0.020 0.027 
  8      598    (0)    1 :  0.930 0.022 0.001 0.012 0.034 
  9      599    (0)    1 :  0.394 0.006 0.015 0.570 0.015 
 10      600    (0)    1 :  0.953 0.024 0.007 0.004 0.011 
 11      601    (0)    1 :  0.929 0.003 0.003 0.036 0.030 
 12      602    (0)    1 :  0.940 0.009 0.007 0.018 0.026 
 13      603    (0)    1 :  0.049 0.011 0.010 0.872 0.057 
 14      604    (0)    1 :  0.954 0.011 0.003 0.005 0.027 
 15      605    (0)    1 :  0.945 0.025 0.004 0.007 0.019 
 16      606    (0)    1 :  0.911 0.012 0.030 0.013 0.033 
 17      607    (0)    1 :  0.963 0.015 0.003 0.005 0.015 
 18      608    (0)    1 :  0.955 0.005 0.003 0.024 0.013 
 19      609    (0)    1 :  0.970 0.004 0.004 0.007 0.015 
 20      610    (0)    1 :  0.856 0.008 0.003 0.028 0.105 
 21      611    (2)    1 :  0.962 0.008 0.003 0.006 0.021 
 22      612    (0)    1 :  0.899 0.043 0.002 0.013 0.043 
 23      755    (0)    1 :  0.787 0.032 0.002 0.031 0.148 
 24      756    (0)    1 :  0.966 0.004 0.005 0.016 0.009 
 25      757    (0)    1 :  0.969 0.007 0.002 0.011 0.011 
 26      212    (0)    2 :  0.002 0.990 0.001 0.004 0.003 
 27      213    (0)    2 :  0.004 0.983 0.003 0.006 0.004 
 28      214    (0)    2 :  0.005 0.985 0.001 0.004 0.005 
 29      215    (0)    2 :  0.004 0.984 0.004 0.005 0.004 
 30      216    (0)    2 :  0.003 0.987 0.002 0.005 0.003 
 31      217    (0)    2 :  0.005 0.984 0.002 0.004 0.005 
 32      218    (0)    2 :  0.003 0.990 0.002 0.003 0.003 
 33      332    (0)    2 :  0.018 0.949 0.006 0.017 0.010 
 34      333    (0)    2 :  0.024 0.937 0.012 0.009 0.019 
 35      334    (0)    2 :  0.006 0.981 0.003 0.005 0.005 
 36      335    (0)    2 :  0.003 0.989 0.002 0.004 0.003 
 37      336    (0)    2 :  0.003 0.979 0.013 0.003 0.002 
 38      337    (0)    2 :  0.010 0.980 0.002 0.003 0.006 
 39      673    (0)    2 :  0.001 0.994 0.001 0.002 0.001 
 40      674    (0)    2 :  0.006 0.983 0.002 0.004 0.005 
 41      675    (0)    2 :  0.005 0.980 0.005 0.006 0.005 
 42      676    (0)    2 :  0.007 0.980 0.001 0.007 0.005 
 43      677    (0)    2 :  0.004 0.987 0.002 0.004 0.003 
 44      678    (0)    2 :  0.009 0.960 0.005 0.010 0.016 
 45      679    (0)    2 :  0.018 0.959 0.002 0.007 0.014 
 46      680    (0)    2 :  0.007 0.975 0.005 0.007 0.005 
 47      681    (0)    2 :  0.006 0.982 0.002 0.004 0.006 
 48      682    (0)    2 :  0.002 0.990 0.003 0.002 0.002 
 49      683    (0)    2 :  0.005 0.983 0.002 0.004 0.005 
 50      684    (0)    2 :  0.005 0.983 0.003 0.005 0.005 
 51      685    (0)    2 :  0.007 0.981 0.003 0.003 0.006 
 52      686    (0)    2 :  0.002 0.990 0.003 0.002 0.002 
 53      687    (0)    2 :  0.002 0.991 0.002 0.003 0.002 
 54      688    (0)    2 :  0.004 0.984 0.002 0.007 0.003 
 55      070    (0)    3 :  0.003 0.002 0.987 0.003 0.005 
 56      071    (0)    3 :  0.004 0.006 0.985 0.003 0.003 
 57      072    (0)    3 :  0.002 0.001 0.993 0.002 0.002 
 58      151    (0)    3 :  0.002 0.002 0.994 0.002 0.002 
 59      152    (0)    3 :  0.005 0.002 0.982 0.004 0.006 
 60      153    (2)    3 :  0.002 0.002 0.994 0.001 0.001 
 61      788    (4)    3 :  0.002 0.002 0.989 0.003 0.003 
 62      789    (2)    3 :  0.002 0.003 0.992 0.002 0.002 
 63      790    (0)    3 :  0.002 0.001 0.993 0.002 0.002 
 64      010    (0)    4 :  0.086 0.004 0.002 0.008 0.900 
 65      024    (0)    4 :  0.048 0.014 0.008 0.031 0.899 
 66      051    (0)    4 :  0.876 0.006 0.012 0.007 0.099 
 67      090    (0)    4 :  0.423 0.005 0.007 0.018 0.547 
 68      102    (0)    4 :  0.176 0.003 0.002 0.448 0.371 
 69      111    (0)    4 :  0.400 0.004 0.002 0.021 0.574 
 70      113    (0)    4 :  0.747 0.005 0.006 0.056 0.186 
 71      138    (0)    4 :  0.345 0.084 0.022 0.018 0.530 
 72      150    (0)    4 :  0.169 0.005 0.013 0.761 0.052 
 73      173    (2)    4 :  0.475 0.017 0.024 0.068 0.415 
 74      174    (2)    4 :  0.453 0.004 0.026 0.006 0.512 
 75      175    (0)    4 :  0.370 0.003 0.009 0.008 0.609 
 76      176    (0)    4 :  0.051 0.012 0.005 0.014 0.917 
 77      177    (0)    4 :  0.806 0.002 0.003 0.013 0.176 
 78      180    (0)    4 :  0.839 0.005 0.003 0.006 0.147 
 79      184    (0)    4 :  0.331 0.005 0.010 0.078 0.576 
 80      195    (0)    4 :  0.088 0.013 0.005 0.020 0.874 
 81      198    (0)    4 :  0.416 0.006 0.003 0.011 0.565 
 82      203    (0)    4 :  0.157 0.005 0.009 0.025 0.803 
 83      211    (0)    4 :  0.082 0.101 0.003 0.034 0.780 
 84      220    (0)    4 :  0.323 0.008 0.003 0.243 0.423 
 85      233    (0)    4 :  0.098 0.040 0.005 0.123 0.734 
 86      331    (0)    4 :  0.244 0.004 0.008 0.013 0.730 
 87      349    (0)    4 :  0.389 0.005 0.006 0.020 0.580 
 88      410    (0)    4 :  0.169 0.023 0.003 0.005 0.800 
 89      417    (2)    4 :  0.115 0.005 0.002 0.016 0.862 
 90      421    (0)    5 :  0.007 0.006 0.002 0.974 0.011 
 91      423    (0)    5 :  0.197 0.003 0.008 0.007 0.786 
 92      424    (0)    5 :  0.942 0.002 0.002 0.007 0.047 
 93      433    (0)    5 :  0.063 0.022 0.002 0.645 0.268 
 94      462    (0)    5 :  0.538 0.026 0.002 0.172 0.262 
 95      463    (0)    5 :  0.249 0.004 0.003 0.014 0.731 
 96      467    (0)    5 :  0.010 0.012 0.006 0.962 0.010 
 97      468    (0)    5 :  0.296 0.002 0.004 0.636 0.062 
 98      469    (0)    5 :  0.032 0.002 0.002 0.724 0.240 
 99      472    (0)    5 :  0.028 0.007 0.004 0.018 0.943 
100      473    (0)    5 :  0.288 0.008 0.003 0.028 0.673 
101      474    (0)    5 :  0.016 0.011 0.002 0.964 0.008 
102      475    (0)    5 :  0.052 0.003 0.003 0.798 0.144 
103      476    (2)    5 :  0.025 0.028 0.011 0.918 0.018 
104      477    (0)    5 :  0.023 0.019 0.005 0.042 0.911 
105      478    (0)    5 :  0.104 0.003 0.002 0.114 0.777 
106      479    (0)    5 :  0.090 0.004 0.004 0.834 0.069 
107      480    (0)    5 :  0.008 0.003 0.002 0.981 0.006 
108      481    (0)    5 :  0.095 0.003 0.034 0.067 0.800 
109      482    (0)    5 :  0.280 0.040 0.003 0.059 0.618 
110      489    (0)    5 :  0.098 0.014 0.004 0.061 0.822 
111      490    (0)    5 :  0.776 0.003 0.004 0.013 0.204 
112      491    (0)    5 :  0.173 0.103 0.008 0.026 0.691 
113      492    (0)    5 :  0.078 0.020 0.005 0.822 0.075 
114      493    (0)    5 :  0.042 0.007 0.013 0.822 0.116 
115      494    (0)    5 :  0.247 0.034 0.027 0.380 0.312 
116      498    (0)    5 :  0.075 0.004 0.007 0.023 0.892 
117      499    (0)    5 :  0.477 0.007 0.004 0.020 0.493 
118      709    (0)    5 :  0.184 0.010 0.067 0.019 0.721 
119      710    (4)    5 :  0.007 0.003 0.008 0.137 0.845 
120      711    (2)    5 :  0.316 0.004 0.006 0.016 0.657 
121      712    (4)    5 :  0.651 0.003 0.002 0.021 0.323 
122      713    (0)    5 :  0.042 0.007 0.004 0.005 0.943 
123      714    (2)    5 :  0.010 0.002 0.010 0.967 0.011 
124      715    (4)    5 :  0.032 0.035 0.011 0.900 0.022 
125      716    (0)    5 :  0.007 0.003 0.003 0.977 0.010 
126      717    (2)    5 :  0.051 0.009 0.003 0.565 0.371 
127      718    (4)    5 :  0.449 0.002 0.003 0.056 0.490 
128      719    (0)    5 :  0.003 0.002 0.002 0.988 0.005 
129      720    (2)    5 :  0.013 0.010 0.002 0.950 0.025 
130      721    (0)    5 :  0.103 0.007 0.046 0.615 0.229 
131      722    (4)    5 :  0.005 0.002 0.002 0.986 0.005 
132      723    (0)    5 :  0.006 0.008 0.007 0.945 0.034 
133      724    (0)    5 :  0.013 0.007 0.004 0.954 0.021 
134      725    (0)    5 :  0.047 0.010 0.004 0.019 0.920 
135      726    (0)    5 :  0.139 0.006 0.008 0.360 0.487 
136      727    (0)    5 :  0.207 0.014 0.009 0.183 0.586 
137      728    (2)    5 :  0.062 0.006 0.078 0.023 0.832 
138      729    (6)    5 :  0.097 0.004 0.004 0.034 0.861 
139      730    (2)    5 :  0.582 0.006 0.007 0.049 0.357 
140      731    (2)    5 :  0.291 0.003 0.002 0.009 0.696 
141      732    (0)    5 :  0.099 0.007 0.003 0.314 0.578 
142      733    (0)    5 :  0.136 0.003 0.005 0.124 0.732 
143      734    (2)    5 :  0.452 0.095 0.009 0.032 0.412 
144      735    (4)    5 :  0.204 0.008 0.003 0.053 0.732 
145      736    (2)    5 :  0.416 0.017 0.012 0.009 0.546 
146      737    (0)    5 :  0.513 0.004 0.015 0.008 0.460 
147      738    (2)    5 :  0.496 0.005 0.003 0.009 0.487 
148      739    (8)    5 :  0.452 0.007 0.011 0.055 0.477 
149      740    (4)    5 :  0.040 0.003 0.002 0.084 0.872 
150      741    (2)    5 :  0.342 0.016 0.002 0.163 0.476 
151      742    (4)    5 :  0.733 0.005 0.005 0.013 0.244 
152      743    (2)    5 :  0.010 0.010 0.002 0.966 0.010 
153      744    (0)    5 :  0.099 0.005 0.036 0.172 0.688 
154      745    (0)    5 :  0.033 0.007 0.025 0.760 0.175 
155      746    (2)    5 :  0.179 0.006 0.004 0.007 0.804 
156      747    (2)    5 :  0.450 0.020 0.004 0.014 0.511 
157      748    (0)    5 :  0.584 0.013 0.005 0.021 0.378 
158      749    (2)    5 :  0.575 0.020 0.011 0.008 0.387 
159      750    (4)    5 :  0.183 0.005 0.005 0.012 0.795 
160      751    (0)    5 :  0.345 0.007 0.014 0.016 0.618 
161      752    (2)    5 :  0.256 0.003 0.003 0.689 0.050 
162      753    (4)    5 :  0.189 0.043 0.009 0.075 0.684 
163      754    (2)    5 :  0.642 0.004 0.004 0.008 0.342 
164      155    (0)    6 :  0.062 0.038 0.004 0.021 0.876 
165      156    (2)    6 :  0.101 0.005 0.126 0.018 0.749 
166      157    (2)    6 :  0.503 0.008 0.002 0.013 0.474 
167      158    (0)    6 :  0.209 0.008 0.004 0.021 0.758 
168      159    (0)    6 :  0.048 0.003 0.007 0.017 0.924 
169      160    (0)    6 :  0.221 0.010 0.003 0.626 0.139 
170      161    (0)    6 :  0.244 0.009 0.003 0.054 0.690 
171      162    (0)    6 :  0.050 0.006 0.009 0.621 0.314 
172      163    (2)    6 :  0.647 0.003 0.010 0.007 0.332 
173      164    (0)    6 :  0.099 0.021 0.002 0.022 0.855 
174      165    (2)    6 :  0.016 0.006 0.006 0.008 0.965 
175      427    (0)    6 :  0.012 0.077 0.010 0.888 0.013 
176      428    (0)    6 :  0.008 0.004 0.003 0.977 0.007 
177      429    (0)    6 :  0.006 0.003 0.004 0.978 0.009 
178      430    (0)    6 :  0.656 0.005 0.002 0.092 0.245 
179      431    (0)    6 :  0.010 0.003 0.002 0.974 0.011 
180      435    (0)    6 :  0.004 0.002 0.002 0.989 0.004 
181      436    (0)    6 :  0.004 0.003 0.002 0.987 0.004 
182      437    (0)    6 :  0.005 0.004 0.002 0.978 0.011 
183      438    (0)    6 :  0.012 0.002 0.006 0.965 0.015 
184      439    (0)    6 :  0.066 0.004 0.007 0.826 0.096 
185      441    (0)    6 :  0.349 0.003 0.001 0.588 0.057 
186      442    (0)    6 :  0.014 0.191 0.006 0.773 0.017 
187      443    (4)    6 :  0.008 0.002 0.003 0.981 0.006 
188      444    (4)    6 :  0.006 0.012 0.005 0.967 0.009 
189      445    (2)    6 :  0.010 0.004 0.009 0.794 0.182 
190      446    (0)    6 :  0.007 0.007 0.004 0.976 0.006 
191      447    (0)    6 :  0.008 0.004 0.003 0.975 0.009 
192      449    (0)    6 :  0.003 0.005 0.002 0.987 0.003 
193      460    (0)    6 :  0.008 0.005 0.002 0.972 0.014 
194      461    (0)    6 :  0.111 0.010 0.002 0.738 0.139 
195      484    (0)    6 :  0.796 0.016 0.005 0.066 0.117 
196      485    (0)    6 :  0.004 0.004 0.002 0.982 0.008 
197      486    (0)    6 :  0.358 0.004 0.003 0.541 0.094 
198      487    (0)    6 :  0.025 0.009 0.003 0.926 0.037 
199      178    (0)    7 :  0.024 0.005 0.009 0.906 0.057 
200      422    (0)    7 :  0.007 0.003 0.003 0.981 0.006 
201      425    (0)    7 :  0.011 0.003 0.001 0.966 0.019 
202      426    (0)    7 :  0.494 0.020 0.094 0.086 0.307 
203      432    (0)    7 :  0.149 0.012 0.011 0.623 0.205 
204      434    (0)    7 :  0.006 0.007 0.003 0.978 0.005 
205      440    (0)    7 :  0.041 0.018 0.002 0.826 0.112 
206      448    (2)    7 :  0.009 0.022 0.002 0.960 0.007 
207      456    (0)    7 :  0.070 0.010 0.003 0.284 0.633 
208      457    (0)    7 :  0.034 0.005 0.006 0.922 0.034 
209      458    (0)    7 :  0.279 0.020 0.008 0.454 0.239 
210      459    (0)    7 :  0.019 0.005 0.003 0.956 0.017 
211      464    (0)    7 :  0.005 0.006 0.004 0.977 0.008 
212      465    (0)    7 :  0.007 0.002 0.001 0.980 0.009 
213      466    (0)    7 :  0.014 0.005 0.002 0.959 0.021 
214      470    (0)    7 :  0.007 0.004 0.002 0.981 0.006 
215      471    (0)    7 :  0.022 0.003 0.017 0.943 0.015 
216      483    (0)    7 :  0.088 0.012 0.004 0.861 0.035 
217      488    (0)    7 :  0.038 0.006 0.003 0.893 0.059 
218      495    (0)    7 :  0.013 0.003 0.001 0.975 0.008 
219      496    (0)    7 :  0.010 0.002 0.002 0.974 0.011 
220      497    (0)    7 :  0.005 0.041 0.003 0.935 0.016 
221      500    (0)    7 :  0.184 0.004 0.004 0.500 0.309 
222      879    (0)    7 :  0.044 0.014 0.003 0.926 0.013 
223      036    (0)    8 :  0.012 0.002 0.004 0.015 0.967 
224      063    (2)    8 :  0.343 0.014 0.004 0.047 0.592 
225      094    (4)    8 :  0.323 0.010 0.005 0.079 0.583 
226      103    (4)    8 :  0.018 0.006 0.003 0.008 0.965 
227      112    (0)    8 :  0.595 0.005 0.003 0.006 0.390 
228      114    (2)    8 :  0.020 0.004 0.002 0.055 0.918 
229      120    (0)    8 :  0.728 0.005 0.002 0.023 0.242 
230      127    (2)    8 :  0.603 0.006 0.003 0.015 0.374 
231      147    (0)    8 :  0.591 0.006 0.051 0.013 0.339 
232      166    (0)    8 :  0.510 0.016 0.032 0.033 0.409 
233      167    (0)    8 :  0.060 0.007 0.008 0.472 0.453 
234      168    (0)    8 :  0.008 0.004 0.003 0.013 0.971 
235      169    (2)    8 :  0.210 0.006 0.006 0.453 0.326 
236      170    (0)    8 :  0.260 0.034 0.005 0.011 0.690 
237      171    (2)    8 :  0.453 0.005 0.014 0.009 0.519 
238      172    (0)    8 :  0.676 0.005 0.012 0.024 0.283 
239      185    (0)    8 :  0.162 0.006 0.005 0.107 0.721 
240      199    (2)    8 :  0.060 0.230 0.007 0.010 0.694 
241      339    (0)    8 :  0.051 0.007 0.011 0.786 0.145 
242      355    (0)    8 :  0.041 0.081 0.013 0.004 0.861 
243      356    (0)    8 :  0.454 0.005 0.004 0.010 0.526 
244      357    (0)    8 :  0.108 0.014 0.011 0.012 0.854 
245      358    (0)    8 :  0.256 0.004 0.008 0.018 0.715 
246      359    (0)    8 :  0.492 0.009 0.002 0.009 0.487 
247      360    (0)    8 :  0.230 0.005 0.011 0.048 0.706 
248      361    (0)    8 :  0.524 0.003 0.002 0.223 0.247 
249      362    (0)    8 :  0.531 0.005 0.006 0.081 0.377 
250      363    (0)    8 :  0.867 0.038 0.013 0.012 0.069 
251      364    (0)    8 :  0.376 0.060 0.003 0.025 0.535 
252      365    (0)    8 :  0.031 0.004 0.015 0.139 0.811 
253      366    (0)    8 :  0.305 0.003 0.031 0.007 0.654 
254      367    (0)    8 :  0.025 0.003 0.009 0.009 0.954 
255      368    (0)    8 :  0.286 0.005 0.019 0.008 0.683 
256      369    (0)    8 :  0.076 0.004 0.005 0.006 0.909 
257      370    (0)    8 :  0.416 0.008 0.017 0.018 0.541 
258      371    (0)    8 :  0.017 0.007 0.003 0.012 0.961 
259      372    (0)    8 :  0.050 0.346 0.005 0.571 0.029 
260      373    (0)    8 :  0.020 0.035 0.003 0.022 0.920 
261      380    (0)    8 :  0.507 0.012 0.005 0.012 0.464 
262      388    (0)    8 :  0.600 0.017 0.007 0.008 0.368 
263      418    (0)    8 :  0.063 0.043 0.006 0.017 0.872 
264      419    (0)    8 :  0.037 0.003 0.006 0.040 0.915 
265      420    (0)    8 :  0.152 0.062 0.055 0.284 0.447 
266      409    (0)    9 :  0.195 0.004 0.002 0.052 0.746 
267      414    (0)    9 :  0.084 0.009 0.003 0.014 0.891 
268      415    (2)    9 :  0.133 0.012 0.004 0.010 0.842 
269      416    (0)    9 :  0.093 0.014 0.004 0.231 0.658 


Estimated Allele Frequencies in each cluster
First column gives estimated ancestral frequencies


Locus 1 : 1 
4 alleles
0.0% missing data
  89   (0.556) 0.560 0.638 0.068 0.537 0.563 
  91   (0.365) 0.396 0.312 0.694 0.403 0.363 
  93   (0.058) 0.039 0.048 0.102 0.041 0.056 
  99   (0.020) 0.005 0.001 0.137 0.019 0.018 

Locus 2 : 2 
6 alleles
1.9% missing data
 134   (0.235) 0.292 0.371 0.027 0.266 0.230 
 136   (0.366) 0.440 0.460 0.199 0.104 0.373 
 142   (0.020) 0.013 0.001 0.002 0.100 0.018 
 138   (0.287) 0.204 0.162 0.761 0.480 0.284 
 140   (0.061) 0.041 0.004 0.007 0.044 0.062 
 132   (0.030) 0.009 0.002 0.003 0.006 0.033 

Locus 3 : 3 
6 alleles
0.0% missing data
 181   (0.257) 0.281 0.077 0.183 0.325 0.254 
 179   (0.231) 0.320 0.015 0.028 0.245 0.231 
 187   (0.339) 0.285 0.264 0.769 0.216 0.344 
 185   (0.089) 0.066 0.451 0.010 0.085 0.087 
 191   (0.029) 0.009 0.190 0.003 0.005 0.029 
 175   (0.055) 0.038 0.004 0.007 0.124 0.054 

Locus 4 : 4 
10 alleles
0.4% missing data
 253   (0.517) 0.545 0.469 0.603 0.529 0.523 
 241   (0.149) 0.173 0.151 0.174 0.146 0.146 
 269   (0.167) 0.168 0.104 0.204 0.249 0.165 
 255   (0.007) 0.002 0.001 0.001 0.006 0.006 
 247   (0.076) 0.063 0.270 0.008 0.052 0.076 
 245   (0.007) 0.002 0.000 0.001 0.001 0.007 
 249   (0.019) 0.008 0.001 0.003 0.002 0.020 
 271   (0.035) 0.023 0.002 0.004 0.012 0.036 
 239   (0.013) 0.008 0.001 0.002 0.002 0.012 
 273   (0.009) 0.008 0.001 0.001 0.001 0.009 

Locus 5 : 5 
6 alleles
0.4% missing data
 103   (0.832) 0.870 0.975 0.980 0.942 0.829 
 104   (0.074) 0.038 0.005 0.009 0.029 0.079 
 105   (0.051) 0.068 0.003 0.006 0.024 0.051 
 101   (0.011) 0.006 0.015 0.001 0.001 0.009 
 102   (0.019) 0.013 0.001 0.003 0.003 0.019 
 107   (0.014) 0.006 0.001 0.001 0.002 0.014 

Locus 6 : 6 
5 alleles
0.0% missing data
 141   (0.250) 0.290 0.142 0.029 0.289 0.249 
 145   (0.461) 0.456 0.268 0.416 0.509 0.463 
 135   (0.209) 0.169 0.285 0.546 0.184 0.209 
 147   (0.070) 0.078 0.305 0.008 0.015 0.070 
 137   (0.010) 0.007 0.001 0.001 0.002 0.009 

Locus 7 : 7 
10 alleles
1.9% missing data
  97   (0.197) 0.162 0.255 0.133 0.133 0.200 
 103   (0.317) 0.386 0.512 0.044 0.347 0.316 
  93   (0.201) 0.220 0.071 0.785 0.296 0.197 
  91   (0.067) 0.066 0.148 0.010 0.032 0.066 
  89   (0.066) 0.072 0.004 0.009 0.112 0.065 
  85   (0.044) 0.042 0.003 0.006 0.032 0.044 
  83   (0.079) 0.045 0.005 0.010 0.045 0.084 
 105   (0.013) 0.004 0.001 0.002 0.002 0.014 
 101   (0.007) 0.002 0.000 0.001 0.001 0.007 
  99   (0.007) 0.002 0.000 0.001 0.001 0.007 

Locus 8 : 8 
8 alleles
0.0% missing data
 129   (0.557) 0.520 0.635 0.205 0.677 0.564 
 143   (0.259) 0.338 0.138 0.676 0.208 0.257 
 141   (0.048) 0.053 0.204 0.005 0.022 0.046 
 149   (0.075) 0.060 0.018 0.008 0.078 0.075 
 127   (0.019) 0.007 0.001 0.058 0.002 0.019 
 131   (0.014) 0.004 0.002 0.045 0.006 0.012 
 133   (0.021) 0.015 0.001 0.002 0.005 0.021 
 145   (0.007) 0.002 0.000 0.001 0.001 0.007 

Locus 9 : 9 
4 alleles
0.0% missing data
 195   (0.133) 0.167 0.054 0.343 0.238 0.127 
 191   (0.401) 0.405 0.540 0.346 0.324 0.403 
 189   (0.459) 0.426 0.405 0.310 0.436 0.464 
 197   (0.007) 0.002 0.000 0.001 0.001 0.007 

Locus 10 : 10 
7 alleles
0.4% missing data
 238   (0.551) 0.611 0.353 0.379 0.770 0.547 
 252   (0.094) 0.120 0.037 0.012 0.066 0.092 
 232   (0.269) 0.225 0.281 0.226 0.154 0.275 
 254   (0.043) 0.030 0.245 0.378 0.005 0.041 
 248   (0.023) 0.008 0.082 0.003 0.003 0.023 
 250   (0.013) 0.004 0.001 0.002 0.002 0.014 
 236   (0.007) 0.003 0.001 0.001 0.001 0.007 

Locus 11 : 11 
4 alleles
0.0% missing data
  87   (0.709) 0.674 0.539 0.966 0.826 0.710 
  89   (0.227) 0.283 0.379 0.027 0.147 0.227 
  91   (0.047) 0.034 0.081 0.005 0.025 0.046 
  85   (0.016) 0.009 0.001 0.002 0.002 0.017 

Locus 12 : 12 
13 alleles
0.4% missing data
 162   (0.256) 0.345 0.236 0.074 0.289 0.254 
 158   (0.227) 0.219 0.028 0.029 0.176 0.235 
 161   (0.106) 0.127 0.019 0.119 0.112 0.104 
 147   (0.034) 0.062 0.002 0.004 0.035 0.032 
 160   (0.204) 0.148 0.704 0.573 0.250 0.204 
 143   (0.037) 0.018 0.002 0.186 0.005 0.038 
 154   (0.021) 0.018 0.001 0.002 0.002 0.021 
 170   (0.055) 0.029 0.004 0.006 0.038 0.057 
 149   (0.023) 0.017 0.001 0.003 0.066 0.021 
 153   (0.013) 0.008 0.001 0.001 0.002 0.013 
 150   (0.007) 0.002 0.000 0.001 0.007 0.006 
 159   (0.010) 0.003 0.001 0.001 0.016 0.008 
 164   (0.007) 0.003 0.000 0.001 0.001 0.006 

Locus 13 : 13 
5 alleles
0.0% missing data
 108   (0.208) 0.191 0.199 0.331 0.113 0.211 
 113   (0.336) 0.323 0.508 0.571 0.358 0.334 
 115   (0.441) 0.482 0.292 0.096 0.527 0.442 
 109   (0.007) 0.002 0.000 0.001 0.001 0.007 
 110   (0.007) 0.002 0.000 0.001 0.001 0.007 

Locus 14 : 14 
5 alleles
1.1% missing data
 229   (0.532) 0.469 0.424 0.105 0.518 0.541 
 231   (0.153) 0.292 0.346 0.267 0.029 0.151 
 225   (0.132) 0.122 0.206 0.223 0.113 0.129 
 227   (0.130) 0.073 0.021 0.258 0.297 0.130 
 233   (0.052) 0.044 0.004 0.147 0.043 0.050 

Locus 15 : 15 
4 alleles
0.4% missing data
 143   (0.836) 0.865 0.819 0.724 0.873 0.840 
 145   (0.087) 0.089 0.006 0.267 0.064 0.086 
 147   (0.058) 0.032 0.144 0.008 0.061 0.057 
 133   (0.019) 0.014 0.032 0.002 0.002 0.017 

Locus 16 : 16 
5 alleles
0.0% missing data
 154   (0.092) 0.068 0.180 0.213 0.024 0.093 
 156   (0.231) 0.292 0.492 0.514 0.206 0.226 
 158   (0.541) 0.510 0.212 0.257 0.626 0.548 
 160   (0.128) 0.129 0.116 0.015 0.133 0.127 
 152   (0.008) 0.002 0.001 0.001 0.012 0.007 

Locus 17 : 17 
5 alleles
0.0% missing data
  90   (0.664) 0.738 0.788 0.552 0.724 0.659 
 102   (0.197) 0.163 0.202 0.023 0.228 0.198 
 100   (0.053) 0.043 0.003 0.416 0.014 0.053 
  88   (0.080) 0.054 0.006 0.008 0.027 0.084 
 104   (0.007) 0.002 0.000 0.001 0.006 0.006 

Locus 18 : 18 
7 alleles
0.0% missing data
 140   (0.302) 0.372 0.186 0.287 0.262 0.301 
 127   (0.304) 0.310 0.067 0.553 0.294 0.307 
 146   (0.078) 0.071 0.217 0.008 0.100 0.075 
 148   (0.086) 0.091 0.213 0.010 0.075 0.084 
 138   (0.048) 0.039 0.003 0.121 0.038 0.046 
 150   (0.059) 0.036 0.306 0.006 0.130 0.057 
 142   (0.124) 0.082 0.008 0.014 0.102 0.130 

Locus 19 : 19 
7 alleles
0.0% missing data
 194   (0.568) 0.585 0.480 0.953 0.522 0.572 
 200   (0.104) 0.094 0.007 0.011 0.145 0.105 
 190   (0.102) 0.161 0.200 0.011 0.176 0.096 
 188   (0.195) 0.141 0.170 0.021 0.153 0.200 
 202   (0.016) 0.008 0.142 0.002 0.002 0.015 
 192   (0.007) 0.006 0.000 0.001 0.001 0.006 
 196   (0.007) 0.005 0.000 0.001 0.001 0.006 

Locus 20 : 20 
6 alleles
1.1% missing data
 252   (0.720) 0.750 0.724 0.389 0.775 0.728 
 246   (0.094) 0.114 0.050 0.161 0.061 0.091 
 250   (0.072) 0.064 0.142 0.340 0.059 0.068 
 254   (0.069) 0.056 0.081 0.104 0.091 0.066 
 248   (0.029) 0.009 0.002 0.003 0.006 0.031 
 244   (0.017) 0.008 0.001 0.003 0.008 0.016 

Locus 21 : 21 
7 alleles
0.4% missing data
 173   (0.271) 0.279 0.212 0.121 0.502 0.267 
 167   (0.194) 0.170 0.122 0.114 0.125 0.198 
 175   (0.139) 0.212 0.253 0.480 0.074 0.134 
 177   (0.269) 0.224 0.174 0.272 0.260 0.273 
 165   (0.054) 0.081 0.018 0.006 0.022 0.053 
 163   (0.041) 0.022 0.219 0.004 0.010 0.041 
 159   (0.032) 0.012 0.002 0.004 0.007 0.034 

Locus 22 : 22 
10 alleles
1.1% missing data
 152   (0.421) 0.467 0.368 0.491 0.567 0.420 
 164   (0.025) 0.034 0.002 0.003 0.006 0.024 
 146   (0.230) 0.193 0.144 0.076 0.313 0.231 
 158   (0.101) 0.122 0.107 0.012 0.022 0.104 
 166   (0.096) 0.094 0.006 0.114 0.040 0.099 
 162   (0.057) 0.067 0.071 0.007 0.021 0.056 
 156   (0.017) 0.006 0.298 0.002 0.010 0.015 
 150   (0.027) 0.008 0.002 0.113 0.011 0.027 
 148   (0.010) 0.003 0.001 0.180 0.001 0.009 
 142   (0.016) 0.004 0.001 0.002 0.009 0.016 

Locus 23 : 23 
7 alleles
0.7% missing data
 144   (0.171) 0.158 0.619 0.595 0.228 0.165 
 156   (0.134) 0.153 0.038 0.017 0.051 0.138 
 154   (0.561) 0.531 0.236 0.371 0.596 0.568 
 160   (0.092) 0.125 0.105 0.011 0.117 0.088 
 158   (0.025) 0.026 0.002 0.003 0.005 0.025 
 152   (0.007) 0.002 0.000 0.001 0.002 0.007 
 146   (0.010) 0.006 0.001 0.002 0.001 0.009 

Locus 24 : 24 
4 alleles
0.7% missing data
  81   (0.381) 0.314 0.027 0.300 0.404 0.390 
  83   (0.464) 0.518 0.915 0.683 0.430 0.459 
  77   (0.073) 0.082 0.052 0.008 0.079 0.070 
  85   (0.082) 0.086 0.006 0.010 0.087 0.081 

Locus 25 : 25 
6 alleles
0.4% missing data
 122   (0.097) 0.081 0.006 0.115 0.121 0.096 
 132   (0.326) 0.350 0.449 0.184 0.322 0.325 
 124   (0.527) 0.538 0.542 0.408 0.551 0.530 
 136   (0.016) 0.014 0.001 0.002 0.002 0.015 
 120   (0.018) 0.008 0.001 0.289 0.002 0.017 
 126   (0.016) 0.009 0.001 0.002 0.002 0.017 

Locus 26 : 26 
7 alleles
0.4% missing data
 165   (0.237) 0.275 0.060 0.322 0.260 0.235 
 183   (0.353) 0.407 0.426 0.297 0.329 0.351 
 175   (0.242) 0.210 0.440 0.030 0.323 0.242 
 181   (0.072) 0.066 0.067 0.009 0.013 0.075 
 179   (0.082) 0.038 0.005 0.341 0.075 0.084 
 185   (0.007) 0.003 0.000 0.001 0.001 0.007 
 157   (0.007) 0.002 0.000 0.001 0.001 0.007 

Locus 27 : 27 
4 alleles
0.4% missing data
 142   (0.652) 0.630 0.739 0.316 0.750 0.655 
 148   (0.206) 0.229 0.072 0.668 0.102 0.207 
 150   (0.112) 0.110 0.187 0.013 0.125 0.110 
 138   (0.030) 0.031 0.002 0.004 0.023 0.028 

Locus 28 : 28 
6 alleles
0.4% missing data
 262   (0.501) 0.614 0.549 0.844 0.412 0.500 
 260   (0.381) 0.318 0.378 0.141 0.501 0.384 
 256   (0.080) 0.053 0.071 0.010 0.057 0.081 
 258   (0.014) 0.004 0.001 0.001 0.002 0.014 
 266   (0.007) 0.002 0.000 0.001 0.006 0.006 
 264   (0.017) 0.009 0.001 0.002 0.022 0.016 

Locus 29 : 29 
7 alleles
0.0% missing data
 150   (0.448) 0.443 0.298 0.149 0.521 0.452 
 140   (0.174) 0.151 0.062 0.805 0.162 0.174 
 146   (0.287) 0.329 0.334 0.036 0.247 0.288 
 148   (0.049) 0.053 0.304 0.006 0.032 0.046 
 142   (0.007) 0.008 0.001 0.001 0.001 0.006 
 152   (0.028) 0.011 0.002 0.003 0.037 0.027 
 151   (0.007) 0.005 0.000 0.001 0.001 0.006 

Locus 30 : 30 
6 alleles
0.0% missing data
 127   (0.107) 0.115 0.085 0.596 0.063 0.105 
 123   (0.152) 0.125 0.103 0.017 0.224 0.151 
 129   (0.400) 0.413 0.774 0.201 0.576 0.394 
 125   (0.287) 0.322 0.035 0.136 0.095 0.298 
 121   (0.014) 0.005 0.001 0.044 0.002 0.013 
 131   (0.040) 0.021 0.003 0.005 0.040 0.040 

Locus 31 : 31 
5 alleles
0.4% missing data
 155   (0.559) 0.490 0.716 0.526 0.444 0.566 
 159   (0.168) 0.232 0.012 0.020 0.261 0.165 
 157   (0.181) 0.228 0.026 0.115 0.216 0.178 
 151   (0.032) 0.020 0.243 0.235 0.004 0.030 
 153   (0.060) 0.030 0.004 0.104 0.076 0.060 

Locus 32 : 32 
5 alleles
0.0% missing data
 150   (0.548) 0.517 0.633 0.407 0.595 0.551 
 146   (0.352) 0.325 0.316 0.582 0.327 0.355 
 148   (0.055) 0.081 0.048 0.006 0.034 0.052 
 154   (0.035) 0.074 0.002 0.004 0.011 0.033 
 152   (0.011) 0.003 0.001 0.001 0.033 0.009 

Locus 33 : 33 
6 alleles
0.0% missing data
 184   (0.182) 0.225 0.075 0.273 0.261 0.177 
 180   (0.464) 0.476 0.662 0.687 0.377 0.467 
 192   (0.168) 0.169 0.185 0.019 0.168 0.168 
 190   (0.020) 0.018 0.001 0.002 0.033 0.018 
 196   (0.098) 0.081 0.006 0.011 0.143 0.099 
 198   (0.068) 0.032 0.070 0.007 0.017 0.072 

Locus 34 : 34 
6 alleles
0.0% missing data
 106   (0.271) 0.340 0.693 0.229 0.384 0.263 
 110   (0.181) 0.174 0.078 0.215 0.114 0.183 
 112   (0.344) 0.348 0.068 0.039 0.388 0.350 
 108   (0.159) 0.110 0.114 0.116 0.090 0.162 
  96   (0.011) 0.003 0.046 0.001 0.001 0.010 
  90   (0.034) 0.025 0.002 0.399 0.022 0.033 

Locus 35 : 35 
9 alleles
0.0% missing data
 170   (0.256) 0.356 0.321 0.607 0.224 0.249 
 172   (0.313) 0.217 0.576 0.040 0.397 0.319 
 176   (0.090) 0.161 0.019 0.010 0.012 0.092 
 174   (0.171) 0.152 0.072 0.020 0.174 0.174 
 166   (0.042) 0.046 0.003 0.005 0.099 0.040 
 168   (0.063) 0.045 0.004 0.310 0.026 0.063 
 186   (0.016) 0.004 0.001 0.002 0.038 0.015 
 178   (0.041) 0.019 0.003 0.005 0.030 0.042 
 158   (0.007) 0.002 0.000 0.001 0.001 0.007 

Locus 36 : 36 
6 alleles
0.0% missing data
  85   (0.171) 0.144 0.234 0.490 0.134 0.171 
  95   (0.052) 0.055 0.004 0.006 0.065 0.050 
  89   (0.559) 0.558 0.513 0.373 0.667 0.561 
  81   (0.075) 0.128 0.005 0.009 0.033 0.075 
  83   (0.125) 0.109 0.242 0.015 0.094 0.125 
  91   (0.019) 0.005 0.001 0.108 0.006 0.018 

Locus 37 : 37 
10 alleles
0.0% missing data
 161   (0.340) 0.412 0.380 0.426 0.280 0.340 
 173   (0.257) 0.287 0.500 0.225 0.304 0.254 
 165   (0.228) 0.209 0.108 0.137 0.246 0.230 
 169   (0.101) 0.065 0.007 0.204 0.124 0.103 
 168   (0.013) 0.003 0.001 0.001 0.002 0.014 
 155   (0.018) 0.012 0.001 0.002 0.002 0.019 
 167   (0.017) 0.006 0.002 0.002 0.005 0.017 
 159   (0.011) 0.002 0.001 0.001 0.006 0.010 
 177   (0.007) 0.002 0.000 0.001 0.001 0.007 
 175   (0.008) 0.002 0.000 0.001 0.031 0.006 

Locus 38 : 38 
5 alleles
0.0% missing data
  81   (0.124) 0.159 0.117 0.015 0.090 0.123 
  87   (0.076) 0.084 0.128 0.553 0.054 0.071 
  89   (0.439) 0.371 0.105 0.052 0.558 0.450 
  85   (0.185) 0.204 0.464 0.173 0.199 0.180 
  91   (0.176) 0.181 0.186 0.208 0.099 0.176 

Locus 39 : 39 
4 alleles
0.7% missing data
 167   (0.785) 0.854 0.858 0.685 0.797 0.785 
 161   (0.180) 0.132 0.139 0.312 0.151 0.182 
 165   (0.027) 0.011 0.002 0.003 0.052 0.026 
 177   (0.007) 0.002 0.001 0.001 0.001 0.007 

Locus 40 : 40 
6 alleles
0.4% missing data
 228   (0.403) 0.406 0.241 0.533 0.505 0.402 
 240   (0.138) 0.122 0.263 0.017 0.132 0.138 
 238   (0.331) 0.349 0.120 0.086 0.295 0.337 
 236   (0.097) 0.085 0.374 0.360 0.054 0.095 
 224   (0.018) 0.027 0.001 0.002 0.013 0.016 
 232   (0.012) 0.010 0.001 0.001 0.001 0.012 

Locus 41 : 41 
7 alleles
0.0% missing data
 130   (0.532) 0.529 0.768 0.061 0.452 0.540 
 132   (0.118) 0.132 0.055 0.014 0.200 0.115 
 114   (0.045) 0.055 0.003 0.491 0.005 0.045 
 128   (0.110) 0.101 0.037 0.013 0.188 0.109 
 134   (0.118) 0.145 0.008 0.212 0.083 0.117 
 118   (0.070) 0.037 0.129 0.210 0.071 0.067 
 136   (0.007) 0.002 0.000 0.001 0.001 0.007 

Locus 42 : 42 
5 alleles
1.5% missing data
  92   (0.105) 0.128 0.007 0.056 0.060 0.106 
  96   (0.067) 0.068 0.004 0.103 0.024 0.067 
 102   (0.262) 0.295 0.475 0.571 0.337 0.255 
 104   (0.442) 0.388 0.415 0.053 0.500 0.450 
  98   (0.123) 0.121 0.099 0.218 0.079 0.121 

Locus 43 : 43 
6 alleles
2.2% missing data
 103   (0.326) 0.251 0.350 0.235 0.415 0.328 
 101   (0.287) 0.416 0.189 0.034 0.288 0.284 
  95   (0.204) 0.179 0.450 0.177 0.194 0.203 
  99   (0.156) 0.140 0.010 0.405 0.099 0.160 
  97   (0.019) 0.012 0.001 0.148 0.003 0.018 
  91   (0.007) 0.003 0.000 0.001 0.001 0.007 

Locus 44 : 44 
7 alleles
0.0% missing data
 181   (0.545) 0.606 0.855 0.518 0.697 0.539 
 191   (0.302) 0.302 0.105 0.280 0.214 0.307 
 177   (0.077) 0.047 0.005 0.010 0.051 0.079 
 189   (0.007) 0.002 0.030 0.001 0.001 0.006 
 179   (0.051) 0.035 0.003 0.190 0.006 0.053 
 183   (0.010) 0.005 0.001 0.001 0.002 0.010 
 193   (0.008) 0.002 0.001 0.001 0.031 0.007 

Locus 45 : 45 
6 alleles
1.5% missing data
 211   (0.230) 0.258 0.270 0.334 0.163 0.230 
 215   (0.079) 0.074 0.115 0.010 0.069 0.078 
 205   (0.484) 0.491 0.412 0.260 0.505 0.488 
 201   (0.067) 0.077 0.005 0.379 0.065 0.064 
 207   (0.130) 0.098 0.199 0.016 0.196 0.130 
 202   (0.011) 0.003 0.001 0.001 0.002 0.010 

Locus 46 : 46 
10 alleles
0.7% missing data
 142   (0.374) 0.392 0.287 0.046 0.564 0.375 
 166   (0.130) 0.078 0.379 0.116 0.183 0.129 
 158   (0.143) 0.212 0.086 0.018 0.087 0.142 
 168   (0.140) 0.140 0.111 0.216 0.042 0.143 
 162   (0.057) 0.044 0.004 0.111 0.029 0.056 
 144   (0.056) 0.035 0.127 0.007 0.052 0.055 
 156   (0.028) 0.013 0.002 0.476 0.014 0.027 
 164   (0.051) 0.068 0.003 0.006 0.026 0.051 
 170   (0.015) 0.014 0.001 0.002 0.002 0.014 
 160   (0.007) 0.004 0.000 0.001 0.001 0.007 

Locus 47 : 47 
6 alleles
7.8% missing data
 145   (0.244) 0.276 0.615 0.524 0.116 0.243 
 151   (0.170) 0.282 0.012 0.091 0.154 0.167 
 153   (0.181) 0.177 0.029 0.028 0.336 0.180 
 149   (0.359) 0.237 0.341 0.349 0.388 0.364 
 143   (0.017) 0.011 0.001 0.003 0.002 0.018 
 147   (0.027) 0.017 0.002 0.004 0.003 0.028 

Values of parameters used in structure:
DATAFILE=c2.str,	OUTFILE=k5/c2_k5_run4,	NUMINDS=269,	NUMLOCI=47,	MISSING=-9,	LABEL=1,	POPDATA=1,	POPFLAG=0,	PHENOTYPE=0,	EXTRACOLS=0,	MAXPOPS=5,	BURNIN=500000,	NUMREPS=750000,	USEPOPINFO=0,	INFERALPHA=1,	INFERLAMBDA=0,	POPSPECIFICLAMBDA=0,	POPALPHAS=0,	COMPUTEPROB=1,	NOADMIX=0,	ADMBURNIN=500,	UPDATEFREQ=100,	PRINTLIKES=0,	INTERMEDSAVE=0,	PRINTKLD=0,	PRINTNET=1,	PRINTLAMBDA=1,	ANCESTDIST=0,	NUMBOXES=1000,	ANCESTPINT=0.90000,	GENSBACK=2,	MIGRPRIOR=0.01000,	PRINTQHAT=0,	PRINTQSUM=1,	ALPHA=1.0000,	FREQSCORR=1,	FPRIORMEAN=0.0100,	FPRIORSD=0.0500,	ONEFST=0,	LAMBDA=1.0000,	UNIFPRIORALPHA=1,	ALPHAMAX=10.0000,	ALPHAPRIORA=1.0000,	ALPHAPRIORB=2.0000,	ALPHAPROPSD=0.0250,	STARTATPOPINFO=0,	RANDOMIZE=0,	LINKAGE=0,	METROFREQ=10,	REPORTHITRATE=0,	MARKOVPHASE=0,	PHASED=1,	PLOIDY=2,	PHASEINFO=0	LOCPRIOR=0, 	LOCPRIORINIT=1.000000, 	LOCDATA=0, 	LOCISPOP=1, 	LOCPRIORSTEP=0.100000, 	MAXLOCPRIOR=20.000000, 	SEED=522339,	
[STRAT parameters]:    NUMSIMSTATS=1000,	PHENOTYPECOL=-9,	POOLFREQ=10,	LOCUSxONLY=0,	EMERROR=0.00100,	MISSINGPHENO=-9,	