

----------------------------------------------------
STRUCTURE by Pritchard, Stephens and Donnelly (2000)
     and Falush, Stephens and Pritchard (2003)
       Code by Pritchard, Falush and Hubisz
             Version 2.3.4 (Jul 2012)
----------------------------------------------------



Command line arguments:   structure -D 912926 -K 5 -m mainparams -o k5/c2_k5_run6 
Input File:    c2.str

Run parameters:
   269 individuals
   47 loci
   5 populations assumed
   500000 Burn-in period
   750000 Reps
RANDOMIZE turned off


--------------------------------------------
Proportion of membership of each pre-defined
 population in each of the 5 clusters

Given    Inferred Clusters                     Number of
 Pop       1      2      3      4      5      Individuals

  1:     0.007  0.852  0.037  0.015  0.089       25
  2:     0.003  0.006  0.005  0.980  0.005       29
  3:     0.990  0.003  0.003  0.002  0.002        9
  4:     0.008  0.333  0.565  0.015  0.079       26
  5:     0.009  0.216  0.432  0.012  0.331       74
  6:     0.008  0.136  0.234  0.014  0.608       35
  7:     0.008  0.066  0.089  0.010  0.827       24
  8:     0.010  0.284  0.592  0.027  0.087       43
  9:     0.003  0.127  0.782  0.010  0.078        4
--------------------------------------------

Allele-freq. divergence among pops (Net nucleotide distance),
computed using point estimates of P.

      1       2       3       4       5      
 1      -    0.0982  0.0965  0.1293  0.1190  
 2   0.0982     -    0.0040  0.0512  0.0159  
 3   0.0965  0.0040     -    0.0502  0.0113  
 4   0.1293  0.0512  0.0502     -    0.0631  
 5   0.1190  0.0159  0.0113  0.0631     -    

Average distances (expected heterozygosity) between individuals in same cluster:
cluster  1  : 0.5372 
cluster  2  : 0.6275 
cluster  3  : 0.6442 
cluster  4  : 0.5496 
cluster  5  : 0.5897 

--------------------------------------------
Estimated Ln Prob of Data   = -30094.2
Mean value of ln likelihood = -29543.8
Variance of ln likelihood   = 1100.9
Mean value of alpha         = 0.0349

Mean value of Fst_1         = 0.3036
Mean value of Fst_2         = 0.0278
Mean value of Fst_3         = 0.0019
Mean value of Fst_4         = 0.1990
Mean value of Fst_5         = 0.0532


Inferred ancestry of individuals:
        Label (%Miss) Pop:  Inferred clusters
  1      591    (0)    1 :  0.016 0.888 0.042 0.006 0.049 
  2      592    (0)    1 :  0.004 0.602 0.042 0.016 0.336 
  3      593    (0)    1 :  0.012 0.960 0.015 0.003 0.010 
  4      594    (0)    1 :  0.008 0.744 0.111 0.016 0.121 
  5      595    (0)    1 :  0.005 0.948 0.028 0.014 0.005 
  6      596    (0)    1 :  0.012 0.894 0.026 0.060 0.009 
  7      597    (0)    1 :  0.003 0.940 0.029 0.007 0.020 
  8      598    (0)    1 :  0.001 0.930 0.033 0.023 0.013 
  9      599    (0)    1 :  0.016 0.383 0.016 0.006 0.579 
 10      600    (0)    1 :  0.007 0.952 0.012 0.024 0.005 
 11      601    (0)    1 :  0.003 0.928 0.030 0.003 0.036 
 12      602    (0)    1 :  0.007 0.941 0.025 0.009 0.018 
 13      603    (0)    1 :  0.010 0.055 0.059 0.012 0.865 
 14      604    (0)    1 :  0.003 0.954 0.027 0.012 0.005 
 15      605    (0)    1 :  0.004 0.943 0.020 0.026 0.007 
 16      606    (0)    1 :  0.029 0.911 0.034 0.012 0.014 
 17      607    (0)    1 :  0.003 0.962 0.014 0.015 0.005 
 18      608    (0)    1 :  0.003 0.955 0.013 0.005 0.023 
 19      609    (0)    1 :  0.004 0.970 0.016 0.004 0.006 
 20      610    (0)    1 :  0.003 0.862 0.099 0.008 0.027 
 21      611    (2)    1 :  0.003 0.961 0.023 0.007 0.006 
 22      612    (0)    1 :  0.002 0.891 0.049 0.045 0.012 
 23      755    (0)    1 :  0.002 0.788 0.149 0.030 0.031 
 24      756    (0)    1 :  0.005 0.966 0.008 0.004 0.017 
 25      757    (0)    1 :  0.002 0.968 0.012 0.007 0.011 
 26      212    (0)    2 :  0.001 0.002 0.003 0.990 0.004 
 27      213    (0)    2 :  0.003 0.004 0.004 0.983 0.006 
 28      214    (0)    2 :  0.001 0.005 0.005 0.985 0.003 
 29      215    (0)    2 :  0.004 0.004 0.004 0.984 0.005 
 30      216    (0)    2 :  0.002 0.003 0.003 0.987 0.005 
 31      217    (0)    2 :  0.002 0.005 0.005 0.984 0.004 
 32      218    (0)    2 :  0.002 0.003 0.003 0.989 0.003 
 33      332    (0)    2 :  0.006 0.018 0.010 0.949 0.017 
 34      333    (0)    2 :  0.012 0.023 0.019 0.938 0.008 
 35      334    (0)    2 :  0.003 0.006 0.004 0.981 0.005 
 36      335    (0)    2 :  0.002 0.003 0.003 0.989 0.003 
 37      336    (0)    2 :  0.013 0.003 0.003 0.979 0.002 
 38      337    (0)    2 :  0.002 0.009 0.006 0.980 0.003 
 39      673    (0)    2 :  0.001 0.001 0.001 0.994 0.002 
 40      674    (0)    2 :  0.002 0.006 0.005 0.983 0.004 
 41      675    (0)    2 :  0.005 0.005 0.005 0.980 0.006 
 42      676    (0)    2 :  0.001 0.007 0.005 0.980 0.007 
 43      677    (0)    2 :  0.002 0.004 0.003 0.987 0.004 
 44      678    (0)    2 :  0.006 0.009 0.016 0.960 0.010 
 45      679    (0)    2 :  0.002 0.018 0.013 0.960 0.007 
 46      680    (0)    2 :  0.005 0.008 0.005 0.975 0.007 
 47      681    (0)    2 :  0.002 0.007 0.006 0.982 0.004 
 48      682    (0)    2 :  0.003 0.002 0.002 0.991 0.002 
 49      683    (0)    2 :  0.002 0.006 0.005 0.983 0.004 
 50      684    (0)    2 :  0.003 0.005 0.005 0.983 0.005 
 51      685    (0)    2 :  0.003 0.007 0.006 0.982 0.003 
 52      686    (0)    2 :  0.003 0.002 0.002 0.990 0.002 
 53      687    (0)    2 :  0.002 0.003 0.002 0.991 0.003 
 54      688    (0)    2 :  0.002 0.004 0.003 0.984 0.007 
 55      070    (0)    3 :  0.988 0.004 0.005 0.002 0.002 
 56      071    (0)    3 :  0.985 0.003 0.003 0.006 0.003 
 57      072    (0)    3 :  0.993 0.002 0.002 0.001 0.002 
 58      151    (0)    3 :  0.994 0.002 0.001 0.002 0.002 
 59      152    (0)    3 :  0.982 0.005 0.006 0.002 0.004 
 60      153    (2)    3 :  0.994 0.002 0.001 0.002 0.001 
 61      788    (4)    3 :  0.989 0.002 0.003 0.002 0.003 
 62      789    (2)    3 :  0.992 0.002 0.002 0.003 0.002 
 63      790    (0)    3 :  0.993 0.002 0.002 0.001 0.002 
 64      010    (0)    4 :  0.002 0.086 0.899 0.004 0.008 
 65      024    (0)    4 :  0.007 0.054 0.892 0.014 0.033 
 66      051    (0)    4 :  0.013 0.873 0.101 0.007 0.007 
 67      090    (0)    4 :  0.007 0.399 0.572 0.005 0.018 
 68      102    (0)    4 :  0.002 0.169 0.384 0.003 0.442 
 69      111    (0)    4 :  0.002 0.408 0.567 0.004 0.020 
 70      113    (0)    4 :  0.007 0.739 0.191 0.005 0.059 
 71      138    (0)    4 :  0.022 0.345 0.531 0.084 0.019 
 72      150    (0)    4 :  0.013 0.164 0.049 0.005 0.769 
 73      173    (2)    4 :  0.024 0.481 0.409 0.018 0.068 
 74      174    (2)    4 :  0.027 0.428 0.536 0.003 0.006 
 75      175    (0)    4 :  0.009 0.366 0.614 0.003 0.008 
 76      176    (0)    4 :  0.006 0.053 0.915 0.013 0.014 
 77      177    (0)    4 :  0.003 0.787 0.194 0.002 0.014 
 78      180    (0)    4 :  0.003 0.820 0.165 0.006 0.006 
 79      184    (0)    4 :  0.010 0.345 0.560 0.005 0.080 
 80      195    (0)    4 :  0.005 0.094 0.867 0.013 0.021 
 81      198    (0)    4 :  0.003 0.423 0.557 0.006 0.011 
 82      203    (0)    4 :  0.009 0.152 0.809 0.005 0.024 
 83      211    (0)    4 :  0.003 0.089 0.774 0.099 0.036 
 84      220    (0)    4 :  0.002 0.336 0.413 0.008 0.240 
 85      233    (0)    4 :  0.005 0.099 0.751 0.038 0.107 
 86      331    (0)    4 :  0.008 0.247 0.727 0.005 0.013 
 87      349    (0)    4 :  0.006 0.418 0.550 0.005 0.022 
 88      410    (0)    4 :  0.003 0.171 0.799 0.022 0.005 
 89      417    (2)    4 :  0.002 0.109 0.869 0.005 0.016 
 90      421    (0)    5 :  0.002 0.007 0.011 0.005 0.974 
 91      423    (0)    5 :  0.008 0.211 0.771 0.003 0.007 
 92      424    (0)    5 :  0.002 0.944 0.045 0.002 0.007 
 93      433    (0)    5 :  0.002 0.061 0.251 0.021 0.664 
 94      462    (0)    5 :  0.002 0.535 0.267 0.025 0.171 
 95      463    (0)    5 :  0.003 0.253 0.727 0.004 0.014 
 96      467    (0)    5 :  0.006 0.011 0.009 0.011 0.963 
 97      468    (0)    5 :  0.004 0.336 0.057 0.002 0.601 
 98      469    (0)    5 :  0.002 0.032 0.237 0.002 0.727 
 99      472    (0)    5 :  0.004 0.025 0.947 0.007 0.017 
100      473    (0)    5 :  0.002 0.296 0.669 0.008 0.025 
101      474    (0)    5 :  0.001 0.017 0.007 0.011 0.964 
102      475    (0)    5 :  0.004 0.057 0.147 0.003 0.789 
103      476    (2)    5 :  0.011 0.027 0.019 0.028 0.916 
104      477    (0)    5 :  0.005 0.025 0.904 0.020 0.047 
105      478    (0)    5 :  0.002 0.101 0.775 0.003 0.118 
106      479    (0)    5 :  0.004 0.100 0.070 0.004 0.822 
107      480    (0)    5 :  0.002 0.008 0.006 0.003 0.981 
108      481    (0)    5 :  0.034 0.100 0.797 0.003 0.065 
109      482    (0)    5 :  0.003 0.276 0.624 0.039 0.058 
110      489    (0)    5 :  0.004 0.091 0.830 0.014 0.061 
111      490    (0)    5 :  0.004 0.748 0.233 0.004 0.012 
112      491    (0)    5 :  0.008 0.170 0.697 0.099 0.025 
113      492    (0)    5 :  0.005 0.086 0.071 0.021 0.817 
114      493    (0)    5 :  0.013 0.043 0.107 0.007 0.830 
115      494    (0)    5 :  0.028 0.235 0.309 0.035 0.393 
116      498    (0)    5 :  0.007 0.087 0.879 0.004 0.023 
117      499    (0)    5 :  0.004 0.445 0.524 0.007 0.021 
118      709    (0)    5 :  0.067 0.188 0.714 0.011 0.020 
119      710    (4)    5 :  0.008 0.007 0.848 0.003 0.134 
120      711    (2)    5 :  0.007 0.311 0.663 0.004 0.016 
121      712    (4)    5 :  0.002 0.638 0.337 0.003 0.020 
122      713    (0)    5 :  0.004 0.049 0.935 0.007 0.005 
123      714    (2)    5 :  0.010 0.011 0.010 0.002 0.967 
124      715    (4)    5 :  0.011 0.029 0.021 0.034 0.905 
125      716    (0)    5 :  0.003 0.007 0.010 0.003 0.978 
126      717    (2)    5 :  0.003 0.048 0.374 0.009 0.566 
127      718    (4)    5 :  0.003 0.448 0.492 0.002 0.055 
128      719    (0)    5 :  0.002 0.003 0.005 0.002 0.988 
129      720    (2)    5 :  0.002 0.014 0.027 0.010 0.948 
130      721    (0)    5 :  0.046 0.100 0.228 0.007 0.619 
131      722    (4)    5 :  0.002 0.005 0.004 0.002 0.987 
132      723    (0)    5 :  0.007 0.006 0.035 0.008 0.944 
133      724    (0)    5 :  0.004 0.012 0.021 0.007 0.956 
134      725    (0)    5 :  0.004 0.046 0.923 0.010 0.018 
135      726    (0)    5 :  0.008 0.161 0.477 0.006 0.349 
136      727    (0)    5 :  0.009 0.211 0.588 0.014 0.179 
137      728    (2)    5 :  0.082 0.062 0.821 0.006 0.028 
138      729    (6)    5 :  0.004 0.094 0.863 0.004 0.035 
139      730    (2)    5 :  0.008 0.550 0.384 0.006 0.053 
140      731    (2)    5 :  0.002 0.284 0.704 0.003 0.008 
141      732    (0)    5 :  0.003 0.096 0.578 0.007 0.317 
142      733    (0)    5 :  0.005 0.131 0.736 0.003 0.124 
143      734    (2)    5 :  0.009 0.454 0.406 0.097 0.035 
144      735    (4)    5 :  0.003 0.196 0.744 0.007 0.050 
145      736    (2)    5 :  0.012 0.401 0.560 0.017 0.010 
146      737    (0)    5 :  0.015 0.526 0.448 0.004 0.007 
147      738    (2)    5 :  0.003 0.508 0.475 0.005 0.009 
148      739    (8)    5 :  0.011 0.442 0.483 0.006 0.058 
149      740    (4)    5 :  0.002 0.036 0.875 0.003 0.085 
150      741    (2)    5 :  0.002 0.341 0.485 0.016 0.156 
151      742    (4)    5 :  0.005 0.711 0.266 0.004 0.013 
152      743    (2)    5 :  0.002 0.010 0.011 0.010 0.966 
153      744    (0)    5 :  0.036 0.102 0.684 0.005 0.172 
154      745    (0)    5 :  0.026 0.035 0.176 0.007 0.756 
155      746    (2)    5 :  0.004 0.176 0.807 0.006 0.007 
156      747    (2)    5 :  0.005 0.436 0.526 0.020 0.013 
157      748    (0)    5 :  0.004 0.593 0.370 0.013 0.020 
158      749    (2)    5 :  0.011 0.577 0.384 0.020 0.008 
159      750    (4)    5 :  0.005 0.164 0.814 0.005 0.012 
160      751    (0)    5 :  0.013 0.348 0.614 0.007 0.018 
161      752    (2)    5 :  0.003 0.289 0.046 0.002 0.660 
162      753    (4)    5 :  0.010 0.199 0.675 0.043 0.073 
163      754    (2)    5 :  0.004 0.616 0.369 0.004 0.008 
164      155    (0)    6 :  0.004 0.066 0.872 0.038 0.021 
165      156    (2)    6 :  0.125 0.096 0.754 0.006 0.019 
166      157    (2)    6 :  0.002 0.488 0.489 0.008 0.013 
167      158    (0)    6 :  0.004 0.218 0.749 0.008 0.020 
168      159    (0)    6 :  0.007 0.047 0.925 0.003 0.018 
169      160    (0)    6 :  0.003 0.218 0.130 0.010 0.639 
170      161    (0)    6 :  0.003 0.269 0.664 0.009 0.054 
171      162    (0)    6 :  0.009 0.056 0.322 0.007 0.606 
172      163    (2)    6 :  0.010 0.622 0.356 0.004 0.008 
173      164    (0)    6 :  0.002 0.094 0.863 0.021 0.020 
174      165    (2)    6 :  0.005 0.016 0.965 0.006 0.008 
175      427    (0)    6 :  0.010 0.012 0.013 0.079 0.887 
176      428    (0)    6 :  0.003 0.009 0.007 0.004 0.977 
177      429    (0)    6 :  0.004 0.006 0.009 0.003 0.978 
178      430    (0)    6 :  0.002 0.673 0.231 0.005 0.089 
179      431    (0)    6 :  0.002 0.011 0.012 0.003 0.972 
180      435    (0)    6 :  0.002 0.004 0.003 0.002 0.989 
181      436    (0)    6 :  0.002 0.004 0.004 0.003 0.987 
182      437    (0)    6 :  0.002 0.005 0.010 0.005 0.978 
183      438    (0)    6 :  0.006 0.012 0.016 0.002 0.965 
184      439    (0)    6 :  0.007 0.067 0.090 0.004 0.831 
185      441    (0)    6 :  0.001 0.391 0.057 0.003 0.548 
186      442    (0)    6 :  0.006 0.015 0.016 0.190 0.773 
187      443    (4)    6 :  0.003 0.008 0.007 0.002 0.980 
188      444    (4)    6 :  0.005 0.007 0.009 0.012 0.967 
189      445    (2)    6 :  0.009 0.011 0.183 0.004 0.793 
190      446    (0)    6 :  0.004 0.007 0.006 0.006 0.976 
191      447    (0)    6 :  0.004 0.008 0.009 0.004 0.974 
192      449    (0)    6 :  0.002 0.003 0.003 0.005 0.987 
193      460    (0)    6 :  0.002 0.008 0.014 0.005 0.971 
194      461    (0)    6 :  0.002 0.105 0.136 0.010 0.748 
195      484    (0)    6 :  0.005 0.790 0.124 0.016 0.065 
196      485    (0)    6 :  0.002 0.004 0.008 0.004 0.982 
197      486    (0)    6 :  0.002 0.398 0.092 0.004 0.503 
198      487    (0)    6 :  0.003 0.025 0.035 0.009 0.927 
199      178    (0)    7 :  0.009 0.024 0.052 0.005 0.910 
200      422    (0)    7 :  0.003 0.007 0.006 0.003 0.981 
201      425    (0)    7 :  0.001 0.011 0.018 0.003 0.967 
202      426    (0)    7 :  0.095 0.507 0.286 0.020 0.091 
203      432    (0)    7 :  0.012 0.148 0.201 0.012 0.626 
204      434    (0)    7 :  0.003 0.007 0.006 0.006 0.978 
205      440    (0)    7 :  0.002 0.038 0.116 0.018 0.825 
206      448    (2)    7 :  0.002 0.008 0.008 0.022 0.960 
207      456    (0)    7 :  0.003 0.070 0.632 0.010 0.285 
208      457    (0)    7 :  0.006 0.036 0.036 0.005 0.917 
209      458    (0)    7 :  0.008 0.278 0.237 0.019 0.459 
210      459    (0)    7 :  0.003 0.021 0.018 0.005 0.954 
211      464    (0)    7 :  0.004 0.005 0.007 0.006 0.978 
212      465    (0)    7 :  0.001 0.008 0.009 0.002 0.981 
213      466    (0)    7 :  0.002 0.015 0.020 0.005 0.958 
214      470    (0)    7 :  0.002 0.008 0.006 0.004 0.980 
215      471    (0)    7 :  0.018 0.022 0.014 0.003 0.943 
216      483    (0)    7 :  0.003 0.080 0.036 0.013 0.867 
217      488    (0)    7 :  0.003 0.040 0.064 0.006 0.887 
218      495    (0)    7 :  0.001 0.012 0.009 0.003 0.975 
219      496    (0)    7 :  0.002 0.011 0.013 0.002 0.972 
220      497    (0)    7 :  0.003 0.005 0.017 0.041 0.934 
221      500    (0)    7 :  0.004 0.190 0.316 0.004 0.487 
222      879    (0)    7 :  0.003 0.041 0.014 0.014 0.928 
223      036    (0)    8 :  0.004 0.012 0.967 0.002 0.015 
224      063    (2)    8 :  0.004 0.353 0.585 0.013 0.045 
225      094    (4)    8 :  0.005 0.334 0.567 0.009 0.085 
226      103    (4)    8 :  0.003 0.019 0.964 0.006 0.009 
227      112    (0)    8 :  0.004 0.571 0.414 0.005 0.006 
228      114    (2)    8 :  0.002 0.020 0.919 0.004 0.055 
229      120    (0)    8 :  0.002 0.706 0.263 0.005 0.024 
230      127    (2)    8 :  0.003 0.645 0.332 0.006 0.014 
231      147    (0)    8 :  0.051 0.615 0.313 0.006 0.015 
232      166    (0)    8 :  0.033 0.507 0.410 0.017 0.034 
233      167    (0)    8 :  0.008 0.056 0.479 0.007 0.450 
234      168    (0)    8 :  0.003 0.009 0.969 0.004 0.014 
235      169    (2)    8 :  0.006 0.199 0.336 0.006 0.454 
236      170    (0)    8 :  0.005 0.251 0.699 0.034 0.012 
237      171    (2)    8 :  0.014 0.436 0.537 0.005 0.009 
238      172    (0)    8 :  0.012 0.649 0.311 0.004 0.024 
239      185    (0)    8 :  0.005 0.159 0.727 0.006 0.104 
240      199    (2)    8 :  0.006 0.071 0.677 0.236 0.010 
241      339    (0)    8 :  0.010 0.055 0.154 0.007 0.774 
242      355    (0)    8 :  0.013 0.047 0.852 0.084 0.004 
243      356    (0)    8 :  0.004 0.467 0.514 0.005 0.010 
244      357    (0)    8 :  0.011 0.111 0.850 0.014 0.014 
245      358    (0)    8 :  0.008 0.267 0.703 0.004 0.019 
246      359    (0)    8 :  0.002 0.470 0.509 0.009 0.009 
247      360    (0)    8 :  0.011 0.241 0.694 0.005 0.049 
248      361    (0)    8 :  0.002 0.502 0.272 0.003 0.221 
249      362    (0)    8 :  0.006 0.514 0.392 0.005 0.084 
250      363    (0)    8 :  0.013 0.870 0.067 0.038 0.013 
251      364    (0)    8 :  0.003 0.394 0.512 0.064 0.027 
252      365    (0)    8 :  0.017 0.033 0.802 0.003 0.145 
253      366    (0)    8 :  0.032 0.332 0.625 0.003 0.007 
254      367    (0)    8 :  0.009 0.028 0.952 0.003 0.009 
255      368    (0)    8 :  0.020 0.314 0.653 0.005 0.008 
256      369    (0)    8 :  0.005 0.071 0.914 0.004 0.006 
257      370    (0)    8 :  0.016 0.414 0.544 0.008 0.018 
258      371    (0)    8 :  0.003 0.020 0.960 0.007 0.011 
259      372    (0)    8 :  0.004 0.048 0.030 0.341 0.576 
260      373    (0)    8 :  0.003 0.019 0.921 0.035 0.022 
261      380    (0)    8 :  0.005 0.520 0.450 0.012 0.012 
262      388    (0)    8 :  0.007 0.598 0.368 0.018 0.009 
263      418    (0)    8 :  0.006 0.071 0.867 0.040 0.016 
264      419    (0)    8 :  0.006 0.043 0.906 0.003 0.042 
265      420    (0)    8 :  0.051 0.158 0.469 0.062 0.259 
266      409    (0)    9 :  0.002 0.190 0.749 0.004 0.055 
267      414    (0)    9 :  0.003 0.079 0.896 0.009 0.014 
268      415    (2)    9 :  0.004 0.141 0.834 0.012 0.009 
269      416    (0)    9 :  0.004 0.099 0.648 0.014 0.235 


Estimated Allele Frequencies in each cluster
First column gives estimated ancestral frequencies


Locus 1 : 1 
4 alleles
0.0% missing data
  89   (0.556) 0.068 0.561 0.563 0.638 0.537 
  91   (0.366) 0.693 0.395 0.362 0.312 0.403 
  93   (0.059) 0.102 0.038 0.057 0.048 0.041 
  99   (0.020) 0.137 0.005 0.018 0.001 0.019 

Locus 2 : 2 
6 alleles
1.9% missing data
 134   (0.237) 0.027 0.293 0.231 0.371 0.266 
 136   (0.365) 0.199 0.438 0.373 0.460 0.104 
 142   (0.020) 0.002 0.013 0.017 0.001 0.100 
 138   (0.287) 0.761 0.205 0.284 0.162 0.480 
 140   (0.061) 0.007 0.042 0.062 0.004 0.044 
 132   (0.030) 0.003 0.009 0.033 0.002 0.006 

Locus 3 : 3 
6 alleles
0.0% missing data
 181   (0.258) 0.183 0.282 0.254 0.077 0.324 
 179   (0.231) 0.028 0.319 0.232 0.015 0.245 
 187   (0.337) 0.769 0.285 0.343 0.264 0.216 
 185   (0.090) 0.010 0.067 0.087 0.450 0.085 
 191   (0.029) 0.003 0.009 0.029 0.189 0.005 
 175   (0.055) 0.007 0.038 0.054 0.004 0.125 

Locus 4 : 4 
10 alleles
0.4% missing data
 253   (0.517) 0.603 0.544 0.524 0.469 0.529 
 241   (0.149) 0.173 0.174 0.146 0.151 0.146 
 269   (0.168) 0.205 0.169 0.165 0.104 0.249 
 255   (0.007) 0.001 0.002 0.006 0.001 0.006 
 247   (0.076) 0.008 0.063 0.076 0.270 0.053 
 245   (0.007) 0.001 0.002 0.007 0.000 0.001 
 249   (0.019) 0.003 0.007 0.021 0.001 0.002 
 271   (0.034) 0.004 0.023 0.036 0.002 0.012 
 239   (0.013) 0.002 0.008 0.012 0.001 0.002 
 273   (0.009) 0.001 0.008 0.009 0.001 0.001 

Locus 5 : 5 
6 alleles
0.4% missing data
 103   (0.832) 0.980 0.870 0.829 0.975 0.941 
 104   (0.073) 0.008 0.037 0.079 0.005 0.029 
 105   (0.051) 0.006 0.067 0.051 0.003 0.024 
 101   (0.011) 0.001 0.006 0.009 0.015 0.001 
 102   (0.019) 0.003 0.013 0.019 0.001 0.003 
 107   (0.014) 0.001 0.006 0.014 0.001 0.002 

Locus 6 : 6 
5 alleles
0.0% missing data
 141   (0.250) 0.029 0.294 0.249 0.142 0.288 
 145   (0.461) 0.416 0.453 0.463 0.268 0.511 
 135   (0.209) 0.546 0.169 0.208 0.285 0.185 
 147   (0.070) 0.008 0.077 0.070 0.305 0.015 
 137   (0.010) 0.001 0.007 0.009 0.001 0.002 

Locus 7 : 7 
10 alleles
1.9% missing data
  97   (0.197) 0.133 0.162 0.200 0.255 0.132 
 103   (0.318) 0.044 0.384 0.317 0.512 0.348 
  93   (0.201) 0.785 0.220 0.197 0.072 0.295 
  91   (0.068) 0.010 0.066 0.066 0.148 0.032 
  89   (0.066) 0.009 0.074 0.064 0.004 0.111 
  85   (0.045) 0.006 0.041 0.044 0.003 0.032 
  83   (0.078) 0.010 0.044 0.083 0.005 0.045 
 105   (0.013) 0.002 0.005 0.014 0.001 0.002 
 101   (0.007) 0.001 0.002 0.007 0.000 0.001 
  99   (0.007) 0.001 0.002 0.007 0.000 0.001 

Locus 8 : 8 
8 alleles
0.0% missing data
 129   (0.557) 0.205 0.517 0.565 0.635 0.678 
 143   (0.259) 0.675 0.338 0.257 0.137 0.208 
 141   (0.048) 0.005 0.053 0.046 0.204 0.022 
 149   (0.075) 0.008 0.062 0.075 0.018 0.078 
 127   (0.019) 0.058 0.007 0.019 0.001 0.002 
 131   (0.014) 0.045 0.004 0.012 0.002 0.006 
 133   (0.021) 0.002 0.014 0.021 0.001 0.005 
 145   (0.007) 0.001 0.002 0.007 0.000 0.001 

Locus 9 : 9 
4 alleles
0.0% missing data
 195   (0.134) 0.342 0.166 0.127 0.054 0.239 
 191   (0.400) 0.346 0.406 0.403 0.540 0.323 
 189   (0.458) 0.311 0.426 0.464 0.405 0.436 
 197   (0.007) 0.001 0.002 0.007 0.000 0.001 

Locus 10 : 10 
7 alleles
0.4% missing data
 238   (0.550) 0.379 0.614 0.546 0.352 0.769 
 252   (0.095) 0.012 0.119 0.093 0.037 0.066 
 232   (0.268) 0.226 0.223 0.276 0.281 0.154 
 254   (0.043) 0.378 0.030 0.042 0.245 0.005 
 248   (0.023) 0.003 0.008 0.023 0.083 0.003 
 250   (0.013) 0.002 0.004 0.014 0.001 0.002 
 236   (0.007) 0.001 0.003 0.007 0.001 0.001 

Locus 11 : 11 
4 alleles
0.0% missing data
  87   (0.709) 0.966 0.675 0.711 0.539 0.826 
  89   (0.227) 0.027 0.282 0.227 0.379 0.147 
  91   (0.047) 0.005 0.034 0.046 0.081 0.025 
  85   (0.016) 0.002 0.009 0.017 0.001 0.002 

Locus 12 : 12 
13 alleles
0.4% missing data
 162   (0.257) 0.074 0.346 0.254 0.236 0.289 
 158   (0.226) 0.029 0.218 0.236 0.028 0.177 
 161   (0.107) 0.119 0.128 0.104 0.019 0.113 
 147   (0.035) 0.004 0.061 0.032 0.002 0.035 
 160   (0.205) 0.573 0.147 0.205 0.704 0.250 
 143   (0.037) 0.186 0.018 0.039 0.002 0.005 
 154   (0.020) 0.002 0.019 0.020 0.001 0.002 
 170   (0.054) 0.006 0.029 0.058 0.004 0.039 
 149   (0.023) 0.003 0.019 0.021 0.001 0.065 
 153   (0.013) 0.001 0.008 0.013 0.001 0.001 
 150   (0.007) 0.001 0.002 0.006 0.000 0.007 
 159   (0.009) 0.001 0.003 0.008 0.001 0.016 
 164   (0.007) 0.001 0.003 0.006 0.000 0.001 

Locus 13 : 13 
5 alleles
0.0% missing data
 108   (0.208) 0.331 0.190 0.211 0.199 0.113 
 113   (0.336) 0.571 0.324 0.333 0.509 0.359 
 115   (0.441) 0.096 0.483 0.441 0.291 0.527 
 109   (0.007) 0.001 0.002 0.007 0.000 0.001 
 110   (0.007) 0.001 0.002 0.007 0.000 0.001 

Locus 14 : 14 
5 alleles
1.1% missing data
 229   (0.531) 0.105 0.471 0.541 0.423 0.517 
 231   (0.154) 0.268 0.291 0.151 0.346 0.029 
 225   (0.132) 0.222 0.122 0.129 0.206 0.113 
 227   (0.131) 0.258 0.073 0.130 0.021 0.298 
 233   (0.052) 0.147 0.044 0.049 0.004 0.043 

Locus 15 : 15 
4 alleles
0.4% missing data
 143   (0.837) 0.723 0.865 0.840 0.818 0.873 
 145   (0.087) 0.267 0.090 0.086 0.006 0.064 
 147   (0.058) 0.008 0.031 0.057 0.144 0.061 
 133   (0.019) 0.002 0.014 0.017 0.032 0.002 

Locus 16 : 16 
5 alleles
0.0% missing data
 154   (0.091) 0.213 0.067 0.093 0.181 0.024 
 156   (0.233) 0.515 0.289 0.227 0.492 0.206 
 158   (0.540) 0.257 0.511 0.547 0.212 0.626 
 160   (0.128) 0.015 0.130 0.127 0.116 0.132 
 152   (0.008) 0.001 0.002 0.006 0.001 0.012 

Locus 17 : 17 
5 alleles
0.0% missing data
  90   (0.664) 0.552 0.736 0.660 0.788 0.725 
 102   (0.197) 0.023 0.165 0.197 0.202 0.228 
 100   (0.053) 0.415 0.042 0.053 0.003 0.014 
  88   (0.079) 0.008 0.056 0.084 0.006 0.026 
 104   (0.007) 0.001 0.002 0.006 0.000 0.006 

Locus 18 : 18 
7 alleles
0.0% missing data
 140   (0.302) 0.288 0.372 0.301 0.186 0.262 
 127   (0.304) 0.553 0.309 0.308 0.067 0.294 
 146   (0.077) 0.008 0.072 0.074 0.217 0.100 
 148   (0.086) 0.010 0.091 0.084 0.213 0.075 
 138   (0.048) 0.121 0.040 0.046 0.003 0.038 
 150   (0.060) 0.006 0.036 0.057 0.306 0.130 
 142   (0.123) 0.014 0.081 0.131 0.008 0.102 

Locus 19 : 19 
7 alleles
0.0% missing data
 194   (0.568) 0.953 0.583 0.571 0.480 0.523 
 200   (0.104) 0.011 0.096 0.105 0.007 0.144 
 190   (0.103) 0.011 0.162 0.096 0.200 0.176 
 188   (0.195) 0.021 0.140 0.201 0.170 0.153 
 202   (0.016) 0.002 0.008 0.015 0.142 0.002 
 192   (0.007) 0.001 0.006 0.006 0.000 0.001 
 196   (0.007) 0.001 0.005 0.006 0.001 0.001 

Locus 20 : 20 
6 alleles
1.1% missing data
 252   (0.720) 0.389 0.749 0.729 0.724 0.775 
 246   (0.094) 0.161 0.114 0.091 0.050 0.061 
 250   (0.072) 0.340 0.064 0.068 0.142 0.059 
 254   (0.069) 0.104 0.056 0.065 0.081 0.091 
 248   (0.028) 0.003 0.009 0.031 0.002 0.006 
 244   (0.017) 0.003 0.009 0.016 0.001 0.008 

Locus 21 : 21 
7 alleles
0.4% missing data
 173   (0.272) 0.121 0.277 0.268 0.212 0.503 
 167   (0.194) 0.114 0.169 0.198 0.122 0.125 
 175   (0.138) 0.480 0.213 0.133 0.253 0.075 
 177   (0.269) 0.271 0.226 0.273 0.174 0.259 
 165   (0.054) 0.006 0.082 0.053 0.018 0.021 
 163   (0.041) 0.004 0.022 0.041 0.219 0.010 
 159   (0.032) 0.004 0.012 0.034 0.002 0.007 

Locus 22 : 22 
10 alleles
1.1% missing data
 152   (0.422) 0.490 0.466 0.421 0.368 0.567 
 164   (0.025) 0.003 0.034 0.024 0.002 0.006 
 146   (0.230) 0.076 0.195 0.232 0.144 0.313 
 158   (0.101) 0.012 0.122 0.104 0.107 0.022 
 166   (0.096) 0.115 0.094 0.098 0.006 0.040 
 162   (0.057) 0.007 0.067 0.056 0.072 0.021 
 156   (0.017) 0.002 0.006 0.015 0.298 0.010 
 150   (0.027) 0.112 0.008 0.027 0.002 0.011 
 148   (0.010) 0.180 0.003 0.008 0.001 0.001 
 142   (0.016) 0.002 0.004 0.016 0.001 0.009 

Locus 23 : 23 
7 alleles
0.7% missing data
 144   (0.170) 0.594 0.158 0.164 0.619 0.228 
 156   (0.134) 0.017 0.151 0.139 0.038 0.051 
 154   (0.561) 0.372 0.531 0.569 0.235 0.596 
 160   (0.093) 0.011 0.126 0.088 0.105 0.116 
 158   (0.025) 0.003 0.026 0.025 0.002 0.005 
 152   (0.008) 0.001 0.002 0.007 0.001 0.002 
 146   (0.010) 0.002 0.006 0.009 0.001 0.001 

Locus 24 : 24 
4 alleles
0.7% missing data
  81   (0.378) 0.300 0.315 0.388 0.027 0.405 
  83   (0.466) 0.683 0.519 0.460 0.915 0.430 
  77   (0.074) 0.008 0.082 0.070 0.052 0.079 
  85   (0.082) 0.010 0.085 0.082 0.006 0.087 

Locus 25 : 25 
6 alleles
0.4% missing data
 122   (0.096) 0.115 0.081 0.096 0.006 0.121 
 132   (0.326) 0.184 0.351 0.324 0.449 0.322 
 124   (0.528) 0.408 0.536 0.532 0.541 0.550 
 136   (0.015) 0.002 0.014 0.015 0.001 0.002 
 120   (0.018) 0.290 0.008 0.017 0.001 0.002 
 126   (0.016) 0.002 0.009 0.017 0.001 0.002 

Locus 26 : 26 
7 alleles
0.4% missing data
 165   (0.237) 0.322 0.274 0.235 0.060 0.261 
 183   (0.354) 0.297 0.409 0.352 0.426 0.327 
 175   (0.241) 0.030 0.210 0.242 0.440 0.323 
 181   (0.071) 0.009 0.065 0.074 0.067 0.013 
 179   (0.081) 0.340 0.039 0.083 0.005 0.075 
 185   (0.007) 0.001 0.002 0.007 0.000 0.001 
 157   (0.007) 0.001 0.002 0.007 0.000 0.001 

Locus 27 : 27 
4 alleles
0.4% missing data
 142   (0.652) 0.316 0.631 0.656 0.739 0.749 
 148   (0.205) 0.668 0.227 0.207 0.071 0.103 
 150   (0.113) 0.013 0.111 0.110 0.187 0.125 
 138   (0.030) 0.004 0.031 0.028 0.002 0.023 

Locus 28 : 28 
6 alleles
0.4% missing data
 262   (0.502) 0.844 0.612 0.500 0.549 0.412 
 260   (0.379) 0.141 0.319 0.383 0.378 0.501 
 256   (0.080) 0.010 0.053 0.081 0.071 0.057 
 258   (0.014) 0.001 0.004 0.014 0.001 0.002 
 266   (0.007) 0.001 0.002 0.006 0.000 0.006 
 264   (0.018) 0.002 0.009 0.016 0.001 0.022 

Locus 29 : 29 
7 alleles
0.0% missing data
 150   (0.449) 0.149 0.441 0.454 0.298 0.522 
 140   (0.173) 0.804 0.151 0.173 0.062 0.162 
 146   (0.287) 0.036 0.330 0.288 0.334 0.246 
 148   (0.049) 0.006 0.054 0.046 0.304 0.031 
 142   (0.007) 0.001 0.008 0.006 0.001 0.001 
 152   (0.028) 0.003 0.012 0.027 0.002 0.036 
 151   (0.007) 0.001 0.005 0.006 0.000 0.001 

Locus 30 : 30 
6 alleles
0.0% missing data
 127   (0.108) 0.596 0.115 0.104 0.085 0.063 
 123   (0.152) 0.017 0.125 0.151 0.103 0.224 
 129   (0.401) 0.201 0.414 0.393 0.774 0.576 
 125   (0.285) 0.137 0.321 0.298 0.034 0.095 
 121   (0.014) 0.044 0.005 0.013 0.001 0.002 
 131   (0.040) 0.005 0.021 0.040 0.003 0.040 

Locus 31 : 31 
5 alleles
0.4% missing data
 155   (0.558) 0.527 0.489 0.567 0.716 0.443 
 159   (0.168) 0.019 0.232 0.165 0.012 0.261 
 157   (0.182) 0.115 0.229 0.178 0.026 0.216 
 151   (0.033) 0.235 0.021 0.030 0.243 0.004 
 153   (0.060) 0.104 0.030 0.060 0.004 0.076 

Locus 32 : 32 
5 alleles
0.0% missing data
 150   (0.547) 0.408 0.517 0.551 0.633 0.595 
 146   (0.352) 0.581 0.324 0.355 0.316 0.327 
 148   (0.055) 0.006 0.082 0.052 0.048 0.033 
 154   (0.035) 0.004 0.074 0.033 0.002 0.011 
 152   (0.011) 0.001 0.003 0.009 0.001 0.033 

Locus 33 : 33 
6 alleles
0.0% missing data
 184   (0.182) 0.274 0.224 0.177 0.075 0.262 
 180   (0.464) 0.687 0.476 0.467 0.662 0.376 
 192   (0.168) 0.019 0.170 0.168 0.185 0.168 
 190   (0.021) 0.002 0.018 0.018 0.001 0.033 
 196   (0.098) 0.011 0.080 0.099 0.006 0.143 
 198   (0.067) 0.007 0.031 0.071 0.070 0.017 

Locus 34 : 34 
6 alleles
0.0% missing data
 106   (0.271) 0.229 0.339 0.262 0.693 0.385 
 110   (0.181) 0.216 0.176 0.183 0.078 0.114 
 112   (0.344) 0.039 0.347 0.351 0.068 0.387 
 108   (0.158) 0.116 0.109 0.163 0.113 0.090 
  96   (0.011) 0.001 0.003 0.010 0.046 0.001 
  90   (0.034) 0.399 0.026 0.032 0.002 0.022 

Locus 35 : 35 
9 alleles
0.0% missing data
 170   (0.257) 0.608 0.354 0.250 0.321 0.225 
 172   (0.312) 0.040 0.217 0.318 0.576 0.397 
 176   (0.090) 0.010 0.160 0.092 0.019 0.012 
 174   (0.172) 0.020 0.154 0.174 0.072 0.173 
 166   (0.043) 0.005 0.046 0.040 0.003 0.099 
 168   (0.063) 0.310 0.044 0.064 0.004 0.026 
 186   (0.016) 0.002 0.004 0.015 0.001 0.038 
 178   (0.040) 0.005 0.019 0.042 0.003 0.030 
 158   (0.007) 0.001 0.002 0.007 0.000 0.001 

Locus 36 : 36 
6 alleles
0.0% missing data
  85   (0.171) 0.489 0.145 0.171 0.234 0.133 
  95   (0.052) 0.006 0.056 0.050 0.004 0.065 
  89   (0.558) 0.373 0.558 0.561 0.513 0.668 
  81   (0.075) 0.009 0.127 0.076 0.005 0.033 
  83   (0.124) 0.014 0.110 0.124 0.242 0.094 
  91   (0.019) 0.109 0.005 0.018 0.001 0.006 

Locus 37 : 37 
10 alleles
0.0% missing data
 161   (0.340) 0.426 0.411 0.340 0.380 0.280 
 173   (0.257) 0.224 0.289 0.253 0.500 0.304 
 165   (0.228) 0.137 0.208 0.231 0.108 0.246 
 169   (0.101) 0.205 0.065 0.103 0.007 0.124 
 168   (0.013) 0.001 0.003 0.014 0.001 0.001 
 155   (0.018) 0.002 0.011 0.019 0.001 0.002 
 167   (0.016) 0.002 0.006 0.017 0.002 0.005 
 159   (0.010) 0.001 0.002 0.010 0.001 0.006 
 177   (0.007) 0.001 0.002 0.007 0.000 0.001 
 175   (0.008) 0.001 0.002 0.006 0.000 0.031 

Locus 38 : 38 
5 alleles
0.0% missing data
  81   (0.124) 0.015 0.161 0.122 0.117 0.089 
  87   (0.076) 0.553 0.084 0.071 0.128 0.055 
  89   (0.439) 0.052 0.371 0.452 0.105 0.557 
  85   (0.185) 0.174 0.203 0.180 0.464 0.200 
  91   (0.175) 0.207 0.181 0.175 0.186 0.099 

Locus 39 : 39 
4 alleles
0.7% missing data
 167   (0.785) 0.685 0.854 0.786 0.858 0.797 
 161   (0.180) 0.312 0.132 0.181 0.139 0.150 
 165   (0.027) 0.003 0.012 0.026 0.002 0.052 
 177   (0.008) 0.001 0.002 0.007 0.001 0.001 

Locus 40 : 40 
6 alleles
0.4% missing data
 228   (0.402) 0.533 0.409 0.402 0.241 0.504 
 240   (0.138) 0.017 0.122 0.138 0.263 0.133 
 238   (0.332) 0.087 0.346 0.338 0.120 0.296 
 236   (0.098) 0.360 0.085 0.095 0.374 0.054 
 224   (0.018) 0.002 0.028 0.016 0.001 0.012 
 232   (0.012) 0.001 0.010 0.012 0.001 0.001 

Locus 41 : 41 
7 alleles
0.0% missing data
 130   (0.531) 0.061 0.527 0.541 0.768 0.452 
 132   (0.119) 0.014 0.131 0.115 0.055 0.200 
 114   (0.045) 0.491 0.055 0.045 0.003 0.005 
 128   (0.110) 0.013 0.102 0.108 0.037 0.188 
 134   (0.118) 0.211 0.146 0.117 0.008 0.082 
 118   (0.069) 0.209 0.037 0.067 0.129 0.071 
 136   (0.007) 0.001 0.002 0.007 0.000 0.001 

Locus 42 : 42 
5 alleles
1.5% missing data
  92   (0.106) 0.055 0.127 0.106 0.007 0.061 
  96   (0.067) 0.103 0.068 0.067 0.004 0.024 
 102   (0.263) 0.571 0.295 0.255 0.475 0.337 
 104   (0.442) 0.053 0.390 0.450 0.414 0.499 
  98   (0.123) 0.218 0.120 0.122 0.099 0.079 

Locus 43 : 43 
6 alleles
2.2% missing data
 103   (0.325) 0.235 0.251 0.328 0.350 0.415 
 101   (0.287) 0.034 0.416 0.283 0.189 0.289 
  95   (0.204) 0.177 0.178 0.203 0.450 0.195 
  99   (0.157) 0.406 0.141 0.161 0.010 0.098 
  97   (0.019) 0.147 0.012 0.018 0.001 0.003 
  91   (0.008) 0.001 0.003 0.007 0.000 0.001 

Locus 44 : 44 
7 alleles
0.0% missing data
 181   (0.545) 0.518 0.606 0.538 0.855 0.698 
 191   (0.302) 0.280 0.301 0.308 0.105 0.213 
 177   (0.076) 0.009 0.048 0.080 0.005 0.050 
 189   (0.008) 0.001 0.002 0.006 0.030 0.001 
 179   (0.050) 0.189 0.036 0.052 0.003 0.006 
 183   (0.011) 0.001 0.005 0.010 0.001 0.002 
 193   (0.009) 0.001 0.002 0.007 0.001 0.031 

Locus 45 : 45 
6 alleles
1.5% missing data
 211   (0.231) 0.333 0.258 0.230 0.270 0.162 
 215   (0.079) 0.010 0.074 0.077 0.115 0.070 
 205   (0.483) 0.260 0.490 0.488 0.412 0.505 
 201   (0.067) 0.380 0.076 0.064 0.005 0.065 
 207   (0.130) 0.016 0.098 0.129 0.198 0.197 
 202   (0.011) 0.001 0.003 0.011 0.001 0.002 

Locus 46 : 46 
10 alleles
0.7% missing data
 142   (0.374) 0.046 0.392 0.376 0.287 0.564 
 166   (0.129) 0.116 0.078 0.128 0.379 0.184 
 158   (0.143) 0.018 0.213 0.141 0.086 0.087 
 168   (0.140) 0.215 0.140 0.144 0.111 0.042 
 162   (0.056) 0.112 0.044 0.056 0.004 0.029 
 144   (0.057) 0.007 0.035 0.056 0.127 0.052 
 156   (0.028) 0.477 0.013 0.027 0.002 0.014 
 164   (0.051) 0.006 0.067 0.052 0.003 0.026 
 170   (0.014) 0.002 0.014 0.014 0.001 0.002 
 160   (0.007) 0.001 0.004 0.007 0.000 0.001 

Locus 47 : 47 
6 alleles
7.8% missing data
 145   (0.245) 0.523 0.275 0.243 0.616 0.116 
 151   (0.170) 0.091 0.282 0.166 0.012 0.153 
 153   (0.182) 0.029 0.176 0.180 0.029 0.337 
 149   (0.359) 0.350 0.238 0.365 0.341 0.388 
 143   (0.017) 0.003 0.011 0.018 0.001 0.002 
 147   (0.027) 0.004 0.017 0.029 0.002 0.003 

Values of parameters used in structure:
DATAFILE=c2.str,	OUTFILE=k5/c2_k5_run6,	NUMINDS=269,	NUMLOCI=47,	MISSING=-9,	LABEL=1,	POPDATA=1,	POPFLAG=0,	PHENOTYPE=0,	EXTRACOLS=0,	MAXPOPS=5,	BURNIN=500000,	NUMREPS=750000,	USEPOPINFO=0,	INFERALPHA=1,	INFERLAMBDA=0,	POPSPECIFICLAMBDA=0,	POPALPHAS=0,	COMPUTEPROB=1,	NOADMIX=0,	ADMBURNIN=500,	UPDATEFREQ=100,	PRINTLIKES=0,	INTERMEDSAVE=0,	PRINTKLD=0,	PRINTNET=1,	PRINTLAMBDA=1,	ANCESTDIST=0,	NUMBOXES=1000,	ANCESTPINT=0.90000,	GENSBACK=2,	MIGRPRIOR=0.01000,	PRINTQHAT=0,	PRINTQSUM=1,	ALPHA=1.0000,	FREQSCORR=1,	FPRIORMEAN=0.0100,	FPRIORSD=0.0500,	ONEFST=0,	LAMBDA=1.0000,	UNIFPRIORALPHA=1,	ALPHAMAX=10.0000,	ALPHAPRIORA=1.0000,	ALPHAPRIORB=2.0000,	ALPHAPROPSD=0.0250,	STARTATPOPINFO=0,	RANDOMIZE=0,	LINKAGE=0,	METROFREQ=10,	REPORTHITRATE=0,	MARKOVPHASE=0,	PHASED=1,	PLOIDY=2,	PHASEINFO=0	LOCPRIOR=0, 	LOCPRIORINIT=1.000000, 	LOCDATA=0, 	LOCISPOP=1, 	LOCPRIORSTEP=0.100000, 	MAXLOCPRIOR=20.000000, 	SEED=912926,	
[STRAT parameters]:    NUMSIMSTATS=1000,	PHENOTYPECOL=-9,	POOLFREQ=10,	LOCUSxONLY=0,	EMERROR=0.00100,	MISSINGPHENO=-9,	