

----------------------------------------------------
STRUCTURE by Pritchard, Stephens and Donnelly (2000)
     and Falush, Stephens and Pritchard (2003)
       Code by Pritchard, Falush and Hubisz
             Version 2.3.4 (Jul 2012)
----------------------------------------------------



Command line arguments:   structure -D 543220 -K 3 -m mainparams -o k3/c2_k3_run8 
Input File:    c2.str

Run parameters:
   269 individuals
   47 loci
   3 populations assumed
   500000 Burn-in period
   750000 Reps
RANDOMIZE turned off


--------------------------------------------
Proportion of membership of each pre-defined
 population in each of the 3 clusters

Given    Inferred Clusters       Number of
 Pop       1      2      3      Individuals

  1:     0.025  0.211  0.763       25
  2:     0.987  0.006  0.007       29
  3:     0.013  0.004  0.983        9
  4:     0.017  0.140  0.843       26
  5:     0.014  0.420  0.567       74
  6:     0.017  0.679  0.304       35
  7:     0.011  0.889  0.100       24
  8:     0.029  0.133  0.839       43
  9:     0.013  0.261  0.726        4
--------------------------------------------

Allele-freq. divergence among pops (Net nucleotide distance),
computed using point estimates of P.

      1       2       3      
 1      -    0.0604  0.0482  
 2   0.0604     -    0.0116  
 3   0.0482  0.0116     -    

Average distances (expected heterozygosity) between individuals in same cluster:
cluster  1  : 0.5509 
cluster  2  : 0.5975 
cluster  3  : 0.6460 

--------------------------------------------
Estimated Ln Prob of Data   = -30441.7
Mean value of ln likelihood = -30198.5
Variance of ln likelihood   = 486.6
Mean value of alpha         = 0.0414

Mean value of Fst_1         = 0.1946
Mean value of Fst_2         = 0.0453
Mean value of Fst_3         = 0.0029


Inferred ancestry of individuals:
        Label (%Miss) Pop:  Inferred clusters
  1      591    (0)    1 :  0.009 0.247 0.744 
  2      592    (0)    1 :  0.022 0.861 0.117 
  3      593    (0)    1 :  0.005 0.034 0.961 
  4      594    (0)    1 :  0.022 0.404 0.575 
  5      595    (0)    1 :  0.019 0.008 0.973 
  6      596    (0)    1 :  0.104 0.031 0.865 
  7      597    (0)    1 :  0.011 0.114 0.875 
  8      598    (0)    1 :  0.046 0.088 0.866 
  9      599    (0)    1 :  0.008 0.945 0.047 
 10      600    (0)    1 :  0.035 0.008 0.957 
 11      601    (0)    1 :  0.005 0.343 0.652 
 12      602    (0)    1 :  0.017 0.104 0.879 
 13      603    (0)    1 :  0.011 0.946 0.043 
 14      604    (0)    1 :  0.025 0.010 0.965 
 15      605    (0)    1 :  0.030 0.014 0.956 
 16      606    (0)    1 :  0.018 0.034 0.948 
 17      607    (0)    1 :  0.033 0.011 0.956 
 18      608    (0)    1 :  0.011 0.350 0.639 
 19      609    (0)    1 :  0.006 0.021 0.973 
 20      610    (0)    1 :  0.011 0.079 0.910 
 21      611    (2)    1 :  0.015 0.025 0.960 
 22      612    (0)    1 :  0.079 0.108 0.812 
 23      755    (0)    1 :  0.062 0.173 0.765 
 24      756    (0)    1 :  0.007 0.234 0.758 
 25      757    (0)    1 :  0.015 0.092 0.893 
 26      212    (0)    2 :  0.993 0.004 0.003 
 27      213    (0)    2 :  0.989 0.006 0.005 
 28      214    (0)    2 :  0.991 0.004 0.005 
 29      215    (0)    2 :  0.990 0.006 0.005 
 30      216    (0)    2 :  0.991 0.005 0.003 
 31      217    (0)    2 :  0.989 0.005 0.006 
 32      218    (0)    2 :  0.993 0.004 0.003 
 33      332    (0)    2 :  0.963 0.022 0.015 
 34      333    (0)    2 :  0.961 0.011 0.028 
 35      334    (0)    2 :  0.988 0.006 0.006 
 36      335    (0)    2 :  0.993 0.004 0.003 
 37      336    (0)    2 :  0.993 0.003 0.003 
 38      337    (0)    2 :  0.988 0.004 0.008 
 39      673    (0)    2 :  0.996 0.002 0.002 
 40      674    (0)    2 :  0.990 0.005 0.006 
 41      675    (0)    2 :  0.987 0.007 0.006 
 42      676    (0)    2 :  0.987 0.008 0.006 
 43      677    (0)    2 :  0.992 0.004 0.004 
 44      678    (0)    2 :  0.971 0.013 0.016 
 45      679    (0)    2 :  0.974 0.010 0.016 
 46      680    (0)    2 :  0.985 0.009 0.006 
 47      681    (0)    2 :  0.988 0.005 0.006 
 48      682    (0)    2 :  0.995 0.002 0.003 
 49      683    (0)    2 :  0.990 0.005 0.006 
 50      684    (0)    2 :  0.989 0.006 0.005 
 51      685    (0)    2 :  0.989 0.004 0.007 
 52      686    (0)    2 :  0.995 0.002 0.003 
 53      687    (0)    2 :  0.994 0.003 0.003 
 54      688    (0)    2 :  0.989 0.007 0.004 
 55      070    (0)    3 :  0.003 0.005 0.991 
 56      071    (0)    3 :  0.016 0.004 0.981 
 57      072    (0)    3 :  0.003 0.003 0.994 
 58      151    (0)    3 :  0.009 0.003 0.988 
 59      152    (0)    3 :  0.005 0.004 0.991 
 60      153    (2)    3 :  0.013 0.003 0.983 
 61      788    (4)    3 :  0.012 0.005 0.983 
 62      789    (2)    3 :  0.051 0.004 0.944 
 63      790    (0)    3 :  0.004 0.004 0.992 
 64      010    (0)    4 :  0.005 0.015 0.980 
 65      024    (0)    4 :  0.015 0.062 0.923 
 66      051    (0)    4 :  0.009 0.009 0.982 
 67      090    (0)    4 :  0.006 0.032 0.962 
 68      102    (0)    4 :  0.003 0.820 0.177 
 69      111    (0)    4 :  0.005 0.053 0.942 
 70      113    (0)    4 :  0.005 0.197 0.798 
 71      138    (0)    4 :  0.070 0.029 0.902 
 72      150    (0)    4 :  0.006 0.924 0.071 
 73      173    (2)    4 :  0.017 0.095 0.888 
 74      174    (2)    4 :  0.004 0.007 0.989 
 75      175    (0)    4 :  0.004 0.010 0.986 
 76      176    (0)    4 :  0.014 0.034 0.952 
 77      177    (0)    4 :  0.002 0.041 0.956 
 78      180    (0)    4 :  0.007 0.009 0.985 
 79      184    (0)    4 :  0.005 0.115 0.880 
 80      195    (0)    4 :  0.017 0.046 0.937 
 81      198    (0)    4 :  0.009 0.020 0.971 
 82      203    (0)    4 :  0.006 0.040 0.954 
 83      211    (0)    4 :  0.122 0.061 0.817 
 84      220    (0)    4 :  0.013 0.605 0.381 
 85      233    (0)    4 :  0.064 0.260 0.677 
 86      331    (0)    4 :  0.005 0.018 0.978 
 87      349    (0)    4 :  0.006 0.044 0.951 
 88      410    (0)    4 :  0.025 0.007 0.968 
 89      417    (2)    4 :  0.007 0.083 0.910 
 90      421    (0)    5 :  0.007 0.984 0.009 
 91      423    (0)    5 :  0.003 0.011 0.986 
 92      424    (0)    5 :  0.003 0.013 0.984 
 93      433    (0)    5 :  0.029 0.880 0.091 
 94      462    (0)    5 :  0.025 0.575 0.400 
 95      463    (0)    5 :  0.004 0.038 0.957 
 96      467    (0)    5 :  0.011 0.979 0.009 
 97      468    (0)    5 :  0.003 0.976 0.021 
 98      469    (0)    5 :  0.003 0.962 0.035 
 99      472    (0)    5 :  0.010 0.050 0.940 
100      473    (0)    5 :  0.011 0.105 0.885 
101      474    (0)    5 :  0.014 0.978 0.008 
102      475    (0)    5 :  0.003 0.948 0.048 
103      476    (2)    5 :  0.032 0.946 0.021 
104      477    (0)    5 :  0.024 0.252 0.724 
105      478    (0)    5 :  0.004 0.353 0.643 
106      479    (0)    5 :  0.005 0.950 0.045 
107      480    (0)    5 :  0.003 0.989 0.007 
108      481    (0)    5 :  0.004 0.062 0.935 
109      482    (0)    5 :  0.055 0.155 0.790 
110      489    (0)    5 :  0.021 0.229 0.750 
111      490    (0)    5 :  0.004 0.023 0.973 
112      491    (0)    5 :  0.105 0.040 0.855 
113      492    (0)    5 :  0.023 0.918 0.060 
114      493    (0)    5 :  0.009 0.912 0.080 
115      494    (0)    5 :  0.039 0.646 0.315 
116      498    (0)    5 :  0.004 0.037 0.959 
117      499    (0)    5 :  0.008 0.026 0.966 
118      709    (0)    5 :  0.011 0.020 0.969 
119      710    (4)    5 :  0.003 0.494 0.503 
120      711    (2)    5 :  0.005 0.036 0.959 
121      712    (4)    5 :  0.005 0.100 0.895 
122      713    (0)    5 :  0.008 0.008 0.984 
123      714    (2)    5 :  0.003 0.985 0.012 
124      715    (4)    5 :  0.036 0.941 0.023 
125      716    (0)    5 :  0.004 0.988 0.008 
126      717    (2)    5 :  0.011 0.855 0.134 
127      718    (4)    5 :  0.003 0.169 0.828 
128      719    (0)    5 :  0.003 0.992 0.005 
129      720    (2)    5 :  0.011 0.976 0.014 
130      721    (0)    5 :  0.009 0.874 0.117 
131      722    (4)    5 :  0.003 0.993 0.004 
132      723    (0)    5 :  0.009 0.969 0.022 
133      724    (0)    5 :  0.009 0.971 0.020 
134      725    (0)    5 :  0.013 0.035 0.952 
135      726    (0)    5 :  0.006 0.697 0.297 
136      727    (0)    5 :  0.017 0.287 0.697 
137      728    (2)    5 :  0.007 0.018 0.976 
138      729    (6)    5 :  0.005 0.045 0.950 
139      730    (2)    5 :  0.006 0.065 0.929 
140      731    (2)    5 :  0.003 0.025 0.972 
141      732    (0)    5 :  0.008 0.679 0.312 
142      733    (0)    5 :  0.004 0.299 0.696 
143      734    (2)    5 :  0.091 0.052 0.858 
144      735    (4)    5 :  0.011 0.180 0.809 
145      736    (2)    5 :  0.019 0.013 0.968 
146      737    (0)    5 :  0.004 0.010 0.985 
147      738    (2)    5 :  0.006 0.013 0.981 
148      739    (8)    5 :  0.008 0.089 0.903 
149      740    (4)    5 :  0.004 0.283 0.714 
150      741    (2)    5 :  0.024 0.448 0.528 
151      742    (4)    5 :  0.005 0.020 0.975 
152      743    (2)    5 :  0.014 0.975 0.011 
153      744    (0)    5 :  0.006 0.214 0.780 
154      745    (0)    5 :  0.007 0.907 0.085 
155      746    (2)    5 :  0.007 0.011 0.982 
156      747    (2)    5 :  0.021 0.026 0.953 
157      748    (0)    5 :  0.014 0.039 0.946 
158      749    (2)    5 :  0.015 0.010 0.975 
159      750    (4)    5 :  0.006 0.019 0.975 
160      751    (0)    5 :  0.007 0.022 0.971 
161      752    (2)    5 :  0.003 0.983 0.014 
162      753    (4)    5 :  0.058 0.179 0.762 
163      754    (2)    5 :  0.005 0.013 0.982 
164      155    (0)    6 :  0.055 0.039 0.906 
165      156    (2)    6 :  0.006 0.012 0.982 
166      157    (2)    6 :  0.011 0.028 0.961 
167      158    (0)    6 :  0.009 0.034 0.957 
168      159    (0)    6 :  0.003 0.028 0.968 
169      160    (0)    6 :  0.012 0.825 0.163 
170      161    (0)    6 :  0.012 0.142 0.846 
171      162    (0)    6 :  0.007 0.732 0.261 
172      163    (2)    6 :  0.004 0.013 0.983 
173      164    (0)    6 :  0.027 0.049 0.925 
174      165    (2)    6 :  0.008 0.013 0.979 
175      427    (0)    6 :  0.103 0.878 0.019 
176      428    (0)    6 :  0.005 0.988 0.007 
177      429    (0)    6 :  0.003 0.986 0.010 
178      430    (0)    6 :  0.006 0.479 0.516 
179      431    (0)    6 :  0.004 0.988 0.008 
180      435    (0)    6 :  0.003 0.994 0.004 
181      436    (0)    6 :  0.004 0.992 0.004 
182      437    (0)    6 :  0.005 0.989 0.006 
183      438    (0)    6 :  0.002 0.987 0.011 
184      439    (0)    6 :  0.005 0.954 0.041 
185      441    (0)    6 :  0.004 0.976 0.020 
186      442    (0)    6 :  0.208 0.775 0.017 
187      443    (4)    6 :  0.003 0.990 0.007 
188      444    (4)    6 :  0.018 0.972 0.011 
189      445    (2)    6 :  0.004 0.954 0.041 
190      446    (0)    6 :  0.008 0.984 0.008 
191      447    (0)    6 :  0.005 0.986 0.009 
192      449    (0)    6 :  0.006 0.991 0.004 
193      460    (0)    6 :  0.006 0.985 0.009 
194      461    (0)    6 :  0.010 0.930 0.060 
195      484    (0)    6 :  0.018 0.170 0.812 
196      485    (0)    6 :  0.005 0.989 0.007 
197      486    (0)    6 :  0.005 0.950 0.045 
198      487    (0)    6 :  0.009 0.973 0.018 
199      178    (0)    7 :  0.006 0.977 0.018 
200      422    (0)    7 :  0.004 0.990 0.007 
201      425    (0)    7 :  0.004 0.983 0.013 
202      426    (0)    7 :  0.018 0.030 0.952 
203      432    (0)    7 :  0.014 0.859 0.127 
204      434    (0)    7 :  0.008 0.985 0.007 
205      440    (0)    7 :  0.021 0.928 0.051 
206      448    (2)    7 :  0.022 0.971 0.007 
207      456    (0)    7 :  0.015 0.543 0.442 
208      457    (0)    7 :  0.005 0.974 0.020 
209      458    (0)    7 :  0.023 0.554 0.423 
210      459    (0)    7 :  0.005 0.981 0.014 
211      464    (0)    7 :  0.007 0.987 0.006 
212      465    (0)    7 :  0.002 0.991 0.007 
213      466    (0)    7 :  0.005 0.985 0.010 
214      470    (0)    7 :  0.005 0.990 0.005 
215      471    (0)    7 :  0.004 0.977 0.019 
216      483    (0)    7 :  0.014 0.944 0.042 
217      488    (0)    7 :  0.007 0.955 0.038 
218      495    (0)    7 :  0.003 0.987 0.009 
219      496    (0)    7 :  0.003 0.987 0.010 
220      497    (0)    7 :  0.056 0.934 0.010 
221      500    (0)    7 :  0.004 0.856 0.139 
222      879    (0)    7 :  0.016 0.969 0.015 
223      036    (0)    8 :  0.003 0.028 0.970 
224      063    (2)    8 :  0.019 0.196 0.785 
225      094    (4)    8 :  0.012 0.215 0.773 
226      103    (4)    8 :  0.009 0.014 0.977 
227      112    (0)    8 :  0.005 0.011 0.985 
228      114    (2)    8 :  0.009 0.261 0.729 
229      120    (0)    8 :  0.006 0.058 0.936 
230      127    (2)    8 :  0.007 0.026 0.966 
231      147    (0)    8 :  0.006 0.013 0.980 
232      166    (0)    8 :  0.016 0.029 0.956 
233      167    (0)    8 :  0.009 0.661 0.329 
234      168    (0)    8 :  0.006 0.045 0.949 
235      169    (2)    8 :  0.007 0.604 0.389 
236      170    (0)    8 :  0.037 0.021 0.942 
237      171    (2)    8 :  0.005 0.011 0.984 
238      172    (0)    8 :  0.005 0.036 0.959 
239      185    (0)    8 :  0.007 0.146 0.847 
240      199    (2)    8 :  0.249 0.030 0.721 
241      339    (0)    8 :  0.008 0.854 0.138 
242      355    (0)    8 :  0.071 0.006 0.923 
243      356    (0)    8 :  0.006 0.015 0.979 
244      357    (0)    8 :  0.017 0.018 0.965 
245      358    (0)    8 :  0.005 0.035 0.960 
246      359    (0)    8 :  0.009 0.012 0.979 
247      360    (0)    8 :  0.005 0.075 0.919 
248      361    (0)    8 :  0.005 0.530 0.465 
249      362    (0)    8 :  0.005 0.099 0.895 
250      363    (0)    8 :  0.034 0.028 0.938 
251      364    (0)    8 :  0.061 0.068 0.871 
252      365    (0)    8 :  0.004 0.278 0.717 
253      366    (0)    8 :  0.003 0.008 0.989 
254      367    (0)    8 :  0.003 0.019 0.978 
255      368    (0)    8 :  0.005 0.011 0.984 
256      369    (0)    8 :  0.005 0.008 0.986 
257      370    (0)    8 :  0.009 0.024 0.967 
258      371    (0)    8 :  0.008 0.025 0.967 
259      372    (0)    8 :  0.335 0.634 0.031 
260      373    (0)    8 :  0.050 0.069 0.881 
261      380    (0)    8 :  0.011 0.020 0.969 
262      388    (0)    8 :  0.019 0.011 0.970 
263      418    (0)    8 :  0.053 0.040 0.906 
264      419    (0)    8 :  0.004 0.142 0.854 
265      420    (0)    8 :  0.072 0.267 0.661 
266      409    (0)    9 :  0.006 0.299 0.696 
267      414    (0)    9 :  0.012 0.073 0.915 
268      415    (2)    9 :  0.016 0.020 0.965 
269      416    (0)    9 :  0.020 0.653 0.327 


Estimated Allele Frequencies in each cluster
First column gives estimated ancestral frequencies


Locus 1 : 1 
4 alleles
0.0% missing data
  89   (0.532) 0.635 0.530 0.537 
  91   (0.388) 0.314 0.413 0.390 
  93   (0.056) 0.049 0.039 0.053 
  99   (0.023) 0.002 0.018 0.020 

Locus 2 : 2 
6 alleles
1.9% missing data
 134   (0.239) 0.372 0.271 0.233 
 136   (0.380) 0.458 0.134 0.402 
 142   (0.015) 0.001 0.089 0.010 
 138   (0.288) 0.164 0.450 0.280 
 140   (0.052) 0.003 0.047 0.050 
 132   (0.026) 0.002 0.009 0.025 

Locus 3 : 3 
6 alleles
0.0% missing data
 181   (0.253) 0.079 0.320 0.251 
 179   (0.244) 0.016 0.255 0.251 
 187   (0.349) 0.269 0.227 0.358 
 185   (0.080) 0.443 0.082 0.074 
 191   (0.025) 0.189 0.005 0.022 
 175   (0.048) 0.003 0.112 0.044 

Locus 4 : 4 
10 alleles
0.4% missing data
 253   (0.522) 0.474 0.535 0.534 
 241   (0.162) 0.152 0.136 0.164 
 269   (0.167) 0.103 0.239 0.164 
 255   (0.007) 0.001 0.005 0.004 
 247   (0.067) 0.265 0.062 0.062 
 245   (0.007) 0.000 0.001 0.005 
 249   (0.017) 0.001 0.002 0.017 
 271   (0.030) 0.002 0.017 0.029 
 239   (0.012) 0.001 0.002 0.011 
 273   (0.010) 0.001 0.001 0.008 

Locus 5 : 5 
6 alleles
0.4% missing data
 103   (0.843) 0.975 0.934 0.845 
 104   (0.063) 0.004 0.029 0.065 
 105   (0.054) 0.004 0.031 0.054 
 101   (0.011) 0.015 0.001 0.008 
 102   (0.018) 0.001 0.003 0.017 
 107   (0.012) 0.001 0.001 0.011 

Locus 6 : 6 
5 alleles
0.0% missing data
 141   (0.240) 0.142 0.306 0.237 
 145   (0.465) 0.269 0.480 0.470 
 135   (0.214) 0.283 0.193 0.213 
 147   (0.071) 0.305 0.018 0.072 
 137   (0.010) 0.001 0.003 0.008 

Locus 7 : 7 
10 alleles
1.9% missing data
  97   (0.180) 0.257 0.134 0.183 
 103   (0.320) 0.508 0.352 0.322 
  93   (0.232) 0.077 0.292 0.235 
  91   (0.067) 0.145 0.031 0.066 
  89   (0.065) 0.004 0.106 0.063 
  85   (0.043) 0.003 0.031 0.042 
  83   (0.066) 0.004 0.049 0.067 
 105   (0.013) 0.001 0.003 0.011 
 101   (0.007) 0.000 0.001 0.006 
  99   (0.007) 0.000 0.001 0.006 

Locus 8 : 8 
8 alleles
0.0% missing data
 129   (0.527) 0.632 0.643 0.529 
 143   (0.300) 0.144 0.234 0.311 
 141   (0.049) 0.200 0.026 0.046 
 149   (0.066) 0.018 0.080 0.063 
 127   (0.017) 0.001 0.003 0.017 
 131   (0.013) 0.003 0.006 0.010 
 133   (0.020) 0.001 0.008 0.018 
 145   (0.007) 0.000 0.001 0.005 

Locus 9 : 9 
4 alleles
0.0% missing data
 195   (0.159) 0.057 0.223 0.155 
 191   (0.390) 0.541 0.346 0.393 
 189   (0.443) 0.402 0.429 0.447 
 197   (0.007) 0.000 0.002 0.005 

Locus 10 : 10 
7 alleles
0.4% missing data
 238   (0.545) 0.353 0.760 0.542 
 252   (0.101) 0.039 0.070 0.100 
 232   (0.256) 0.282 0.159 0.262 
 254   (0.058) 0.242 0.007 0.060 
 248   (0.021) 0.082 0.003 0.018 
 250   (0.012) 0.001 0.002 0.011 
 236   (0.007) 0.001 0.001 0.005 

Locus 11 : 11 
4 alleles
0.0% missing data
  87   (0.703) 0.542 0.815 0.704 
  89   (0.237) 0.377 0.158 0.240 
  91   (0.045) 0.081 0.024 0.041 
  85   (0.015) 0.001 0.002 0.014 

Locus 12 : 12 
13 alleles
0.4% missing data
 162   (0.262) 0.239 0.305 0.264 
 158   (0.215) 0.029 0.176 0.226 
 161   (0.111) 0.021 0.111 0.113 
 147   (0.041) 0.003 0.038 0.040 
 160   (0.213) 0.698 0.233 0.211 
 143   (0.038) 0.003 0.011 0.041 
 154   (0.019) 0.001 0.002 0.020 
 170   (0.046) 0.003 0.040 0.045 
 149   (0.018) 0.001 0.063 0.014 
 153   (0.012) 0.001 0.001 0.011 
 150   (0.007) 0.000 0.005 0.004 
 159   (0.009) 0.001 0.014 0.006 
 164   (0.007) 0.000 0.001 0.005 

Locus 13 : 13 
5 alleles
0.0% missing data
 108   (0.212) 0.200 0.119 0.218 
 113   (0.346) 0.508 0.354 0.344 
 115   (0.428) 0.291 0.526 0.427 
 109   (0.007) 0.000 0.001 0.005 
 110   (0.007) 0.000 0.001 0.005 

Locus 14 : 14 
5 alleles
1.1% missing data
 229   (0.488) 0.419 0.518 0.487 
 231   (0.208) 0.351 0.047 0.223 
 225   (0.133) 0.205 0.118 0.129 
 227   (0.119) 0.021 0.270 0.112 
 233   (0.052) 0.004 0.047 0.050 

Locus 15 : 15 
4 alleles
0.4% missing data
 143   (0.835) 0.821 0.871 0.841 
 145   (0.095) 0.007 0.069 0.097 
 147   (0.051) 0.141 0.057 0.045 
 133   (0.019) 0.032 0.002 0.016 

Locus 16 : 16 
5 alleles
0.0% missing data
 154   (0.091) 0.180 0.032 0.092 
 156   (0.272) 0.492 0.213 0.274 
 158   (0.507) 0.212 0.611 0.511 
 160   (0.122) 0.115 0.133 0.118 
 152   (0.008) 0.000 0.010 0.005 

Locus 17 : 17 
5 alleles
0.0% missing data
  90   (0.680) 0.789 0.714 0.683 
 102   (0.176) 0.201 0.221 0.170 
 100   (0.070) 0.005 0.021 0.074 
  88   (0.067) 0.005 0.040 0.068 
 104   (0.007) 0.000 0.005 0.004 

Locus 18 : 18 
7 alleles
0.0% missing data
 140   (0.315) 0.190 0.280 0.322 
 127   (0.323) 0.071 0.287 0.334 
 146   (0.070) 0.215 0.102 0.064 
 148   (0.088) 0.213 0.070 0.084 
 138   (0.049) 0.003 0.035 0.049 
 150   (0.051) 0.302 0.116 0.043 
 142   (0.103) 0.007 0.109 0.105 

Locus 19 : 19 
7 alleles
0.0% missing data
 194   (0.597) 0.484 0.518 0.612 
 200   (0.090) 0.006 0.148 0.088 
 190   (0.112) 0.202 0.179 0.105 
 188   (0.172) 0.169 0.152 0.171 
 202   (0.015) 0.138 0.002 0.012 
 192   (0.007) 0.000 0.001 0.005 
 196   (0.007) 0.000 0.001 0.005 

Locus 20 : 20 
6 alleles
1.1% missing data
 252   (0.703) 0.721 0.773 0.713 
 246   (0.101) 0.052 0.070 0.101 
 250   (0.087) 0.143 0.058 0.085 
 254   (0.068) 0.081 0.084 0.063 
 248   (0.025) 0.002 0.009 0.025 
 244   (0.016) 0.001 0.007 0.013 

Locus 21 : 21 
7 alleles
0.4% missing data
 173   (0.258) 0.211 0.473 0.250 
 167   (0.182) 0.122 0.131 0.185 
 175   (0.186) 0.258 0.082 0.193 
 177   (0.251) 0.173 0.263 0.252 
 165   (0.059) 0.021 0.035 0.057 
 163   (0.037) 0.214 0.009 0.035 
 159   (0.028) 0.002 0.006 0.028 

Locus 22 : 22 
10 alleles
1.1% missing data
 152   (0.439) 0.372 0.544 0.442 
 164   (0.027) 0.002 0.011 0.026 
 146   (0.205) 0.143 0.301 0.202 
 158   (0.105) 0.109 0.030 0.111 
 166   (0.092) 0.006 0.050 0.097 
 162   (0.060) 0.071 0.025 0.059 
 156   (0.015) 0.294 0.007 0.011 
 150   (0.025) 0.002 0.018 0.023 
 148   (0.017) 0.001 0.002 0.017 
 142   (0.014) 0.001 0.011 0.011 

Locus 23 : 23 
7 alleles
0.7% missing data
 144   (0.197) 0.615 0.211 0.192 
 156   (0.136) 0.039 0.063 0.142 
 154   (0.525) 0.236 0.598 0.532 
 160   (0.100) 0.107 0.115 0.095 
 158   (0.025) 0.002 0.009 0.025 
 152   (0.007) 0.001 0.003 0.005 
 146   (0.010) 0.001 0.001 0.008 

Locus 24 : 24 
4 alleles
0.7% missing data
  81   (0.345) 0.025 0.404 0.351 
  83   (0.494) 0.917 0.443 0.493 
  77   (0.078) 0.052 0.073 0.074 
  85   (0.083) 0.006 0.081 0.082 

Locus 25 : 25 
6 alleles
0.4% missing data
 122   (0.091) 0.006 0.115 0.090 
 132   (0.325) 0.449 0.324 0.324 
 124   (0.524) 0.541 0.552 0.526 
 136   (0.015) 0.001 0.003 0.014 
 120   (0.029) 0.002 0.003 0.032 
 126   (0.015) 0.001 0.002 0.014 

Locus 26 : 26 
7 alleles
0.4% missing data
 165   (0.250) 0.064 0.258 0.254 
 183   (0.362) 0.427 0.339 0.365 
 175   (0.219) 0.436 0.311 0.212 
 181   (0.071) 0.067 0.016 0.073 
 179   (0.084) 0.006 0.074 0.085 
 185   (0.007) 0.000 0.001 0.006 
 157   (0.007) 0.000 0.001 0.006 

Locus 27 : 27 
4 alleles
0.4% missing data
 142   (0.623) 0.735 0.733 0.620 
 148   (0.240) 0.078 0.119 0.252 
 150   (0.107) 0.186 0.126 0.101 
 138   (0.030) 0.002 0.023 0.027 

Locus 28 : 28 
6 alleles
0.4% missing data
 262   (0.553) 0.553 0.441 0.568 
 260   (0.339) 0.374 0.481 0.334 
 256   (0.074) 0.070 0.051 0.071 
 258   (0.012) 0.001 0.001 0.011 
 266   (0.007) 0.000 0.005 0.004 
 264   (0.016) 0.001 0.020 0.012 

Locus 29 : 29 
7 alleles
0.0% missing data
 150   (0.421) 0.297 0.519 0.422 
 140   (0.207) 0.066 0.157 0.213 
 146   (0.289) 0.334 0.248 0.294 
 148   (0.046) 0.301 0.039 0.041 
 142   (0.007) 0.000 0.001 0.006 
 152   (0.023) 0.001 0.035 0.019 
 151   (0.007) 0.000 0.001 0.005 

Locus 30 : 30 
6 alleles
0.0% missing data
 127   (0.136) 0.089 0.080 0.137 
 123   (0.135) 0.101 0.215 0.128 
 129   (0.395) 0.771 0.545 0.383 
 125   (0.288) 0.036 0.120 0.310 
 121   (0.013) 0.001 0.001 0.011 
 131   (0.034) 0.002 0.038 0.031 

Locus 31 : 31 
5 alleles
0.4% missing data
 155   (0.539) 0.714 0.447 0.544 
 159   (0.179) 0.013 0.255 0.179 
 157   (0.186) 0.028 0.224 0.185 
 151   (0.041) 0.241 0.005 0.040 
 153   (0.055) 0.004 0.069 0.052 

Locus 32 : 32 
5 alleles
0.0% missing data
 150   (0.523) 0.629 0.589 0.524 
 146   (0.361) 0.319 0.318 0.367 
 148   (0.061) 0.049 0.041 0.058 
 154   (0.045) 0.003 0.023 0.045 
 152   (0.009) 0.001 0.029 0.006 

Locus 33 : 33 
6 alleles
0.0% missing data
 184   (0.200) 0.078 0.254 0.198 
 180   (0.476) 0.661 0.390 0.486 
 192   (0.161) 0.184 0.168 0.158 
 190   (0.018) 0.001 0.032 0.015 
 196   (0.087) 0.006 0.136 0.085 
 198   (0.059) 0.070 0.021 0.058 

Locus 34 : 34 
6 alleles
0.0% missing data
 106   (0.290) 0.692 0.376 0.283 
 110   (0.181) 0.080 0.115 0.186 
 112   (0.324) 0.068 0.385 0.329 
 108   (0.142) 0.112 0.093 0.143 
  96   (0.011) 0.045 0.002 0.007 
  90   (0.052) 0.003 0.030 0.052 

Locus 35 : 35 
9 alleles
0.0% missing data
 170   (0.300) 0.327 0.249 0.305 
 172   (0.269) 0.567 0.370 0.262 
 176   (0.109) 0.022 0.021 0.120 
 174   (0.157) 0.072 0.173 0.156 
 166   (0.040) 0.003 0.093 0.036 
 168   (0.070) 0.005 0.030 0.073 
 186   (0.014) 0.001 0.033 0.010 
 178   (0.034) 0.002 0.031 0.032 
 158   (0.007) 0.000 0.001 0.005 

Locus 36 : 36 
6 alleles
0.0% missing data
  85   (0.180) 0.237 0.140 0.181 
  95   (0.051) 0.004 0.061 0.049 
  89   (0.539) 0.512 0.658 0.540 
  81   (0.090) 0.006 0.042 0.095 
  83   (0.119) 0.238 0.090 0.117 
  91   (0.020) 0.001 0.009 0.018 

Locus 37 : 37 
10 alleles
0.0% missing data
 161   (0.364) 0.381 0.296 0.375 
 173   (0.257) 0.499 0.306 0.255 
 165   (0.217) 0.108 0.234 0.219 
 169   (0.093) 0.006 0.121 0.094 
 168   (0.012) 0.001 0.001 0.011 
 155   (0.017) 0.001 0.002 0.017 
 167   (0.015) 0.002 0.007 0.013 
 159   (0.010) 0.001 0.007 0.007 
 177   (0.007) 0.000 0.001 0.005 
 175   (0.008) 0.000 0.025 0.005 

Locus 38 : 38 
5 alleles
0.0% missing data
  81   (0.125) 0.118 0.107 0.123 
  87   (0.108) 0.131 0.060 0.109 
  89   (0.395) 0.102 0.537 0.397 
  85   (0.195) 0.462 0.186 0.192 
  91   (0.177) 0.187 0.109 0.180 

Locus 39 : 39 
4 alleles
0.7% missing data
 167   (0.794) 0.860 0.806 0.800 
 161   (0.176) 0.138 0.146 0.176 
 165   (0.023) 0.002 0.047 0.019 
 177   (0.007) 0.001 0.001 0.005 

Locus 40 : 40 
6 alleles
0.4% missing data
 228   (0.405) 0.243 0.496 0.406 
 240   (0.128) 0.261 0.130 0.125 
 238   (0.326) 0.120 0.294 0.334 
 236   (0.108) 0.373 0.061 0.107 
 224   (0.020) 0.001 0.018 0.017 
 232   (0.012) 0.001 0.001 0.011 

Locus 41 : 41 
7 alleles
0.0% missing data
 130   (0.507) 0.765 0.457 0.512 
 132   (0.120) 0.055 0.186 0.114 
 114   (0.071) 0.005 0.012 0.080 
 128   (0.099) 0.037 0.183 0.092 
 134   (0.126) 0.008 0.096 0.130 
 118   (0.071) 0.129 0.065 0.066 
 136   (0.007) 0.000 0.001 0.006 

Locus 42 : 42 
5 alleles
1.5% missing data
  92   (0.108) 0.007 0.069 0.113 
  96   (0.067) 0.004 0.027 0.070 
 102   (0.290) 0.479 0.333 0.286 
 104   (0.403) 0.410 0.491 0.400 
  98   (0.130) 0.100 0.079 0.131 

Locus 43 : 43 
6 alleles
2.2% missing data
 103   (0.294) 0.348 0.395 0.288 
 101   (0.320) 0.193 0.298 0.323 
  95   (0.194) 0.447 0.193 0.190 
  99   (0.162) 0.011 0.110 0.170 
  97   (0.023) 0.002 0.003 0.024 
  91   (0.007) 0.000 0.001 0.006 

Locus 44 : 44 
7 alleles
0.0% missing data
 181   (0.561) 0.855 0.682 0.556 
 191   (0.295) 0.106 0.234 0.303 
 177   (0.066) 0.005 0.049 0.067 
 189   (0.007) 0.029 0.001 0.004 
 179   (0.051) 0.003 0.007 0.057 
 183   (0.010) 0.001 0.002 0.008 
 193   (0.008) 0.001 0.025 0.005 

Locus 45 : 45 
6 alleles
1.5% missing data
 211   (0.244) 0.271 0.177 0.249 
 215   (0.074) 0.115 0.073 0.069 
 205   (0.466) 0.411 0.505 0.471 
 201   (0.088) 0.006 0.065 0.091 
 207   (0.119) 0.196 0.178 0.112 
 202   (0.010) 0.001 0.001 0.008 

Locus 46 : 46 
10 alleles
0.7% missing data
 142   (0.347) 0.286 0.559 0.342 
 166   (0.110) 0.376 0.175 0.102 
 158   (0.165) 0.089 0.086 0.172 
 168   (0.143) 0.113 0.054 0.150 
 162   (0.055) 0.004 0.028 0.056 
 144   (0.051) 0.124 0.050 0.046 
 156   (0.049) 0.003 0.018 0.051 
 164   (0.058) 0.004 0.027 0.059 
 170   (0.015) 0.001 0.003 0.014 
 160   (0.007) 0.000 0.001 0.005 

Locus 47 : 47 
6 alleles
7.8% missing data
 145   (0.268) 0.616 0.137 0.274 
 151   (0.197) 0.015 0.175 0.202 
 153   (0.169) 0.029 0.318 0.162 
 149   (0.325) 0.338 0.365 0.320 
 143   (0.016) 0.001 0.002 0.016 
 147   (0.025) 0.002 0.003 0.026 

Values of parameters used in structure:
DATAFILE=c2.str,	OUTFILE=k3/c2_k3_run8,	NUMINDS=269,	NUMLOCI=47,	MISSING=-9,	LABEL=1,	POPDATA=1,	POPFLAG=0,	PHENOTYPE=0,	EXTRACOLS=0,	MAXPOPS=3,	BURNIN=500000,	NUMREPS=750000,	USEPOPINFO=0,	INFERALPHA=1,	INFERLAMBDA=0,	POPSPECIFICLAMBDA=0,	POPALPHAS=0,	COMPUTEPROB=1,	NOADMIX=0,	ADMBURNIN=500,	UPDATEFREQ=100,	PRINTLIKES=0,	INTERMEDSAVE=0,	PRINTKLD=0,	PRINTNET=1,	PRINTLAMBDA=1,	ANCESTDIST=0,	NUMBOXES=1000,	ANCESTPINT=0.90000,	GENSBACK=2,	MIGRPRIOR=0.01000,	PRINTQHAT=0,	PRINTQSUM=1,	ALPHA=1.0000,	FREQSCORR=1,	FPRIORMEAN=0.0100,	FPRIORSD=0.0500,	ONEFST=0,	LAMBDA=1.0000,	UNIFPRIORALPHA=1,	ALPHAMAX=10.0000,	ALPHAPRIORA=1.0000,	ALPHAPRIORB=2.0000,	ALPHAPROPSD=0.0250,	STARTATPOPINFO=0,	RANDOMIZE=0,	LINKAGE=0,	METROFREQ=10,	REPORTHITRATE=0,	MARKOVPHASE=0,	PHASED=1,	PLOIDY=2,	PHASEINFO=0	LOCPRIOR=0, 	LOCPRIORINIT=1.000000, 	LOCDATA=0, 	LOCISPOP=1, 	LOCPRIORSTEP=0.100000, 	MAXLOCPRIOR=20.000000, 	SEED=543220,	
[STRAT parameters]:    NUMSIMSTATS=1000,	PHENOTYPECOL=-9,	POOLFREQ=10,	LOCUSxONLY=0,	EMERROR=0.00100,	MISSINGPHENO=-9,	