

----------------------------------------------------
STRUCTURE by Pritchard, Stephens and Donnelly (2000)
     and Falush, Stephens and Pritchard (2003)
       Code by Pritchard, Falush and Hubisz
             Version 2.3.4 (Jul 2012)
----------------------------------------------------



Command line arguments:   structure -D 941322 -K 4 -m mainparams -o k4/c2_k4_run4 
Input File:    c2.str

Run parameters:
   269 individuals
   47 loci
   4 populations assumed
   500000 Burn-in period
   750000 Reps
RANDOMIZE turned off


--------------------------------------------
Proportion of membership of each pre-defined
 population in each of the 4 clusters

Given    Inferred Clusters              Number of
 Pop       1      2      3      4      Individuals

  1:     0.020  0.168  0.008  0.803       25
  2:     0.987  0.005  0.003  0.005       29
  3:     0.002  0.002  0.993  0.003        9
  4:     0.014  0.107  0.007  0.871       26
  5:     0.011  0.386  0.009  0.594       74
  6:     0.014  0.661  0.008  0.318       35
  7:     0.009  0.873  0.007  0.111       24
  8:     0.026  0.116  0.010  0.848       43
  9:     0.009  0.120  0.003  0.868        4
--------------------------------------------

Allele-freq. divergence among pops (Net nucleotide distance),
computed using point estimates of P.

      1       2       3       4      
 1      -    0.0608  0.1283  0.0490  
 2   0.0608     -    0.1162  0.0110  
 3   0.1283  0.1162     -    0.0956  
 4   0.0490  0.0110  0.0956     -    

Average distances (expected heterozygosity) between individuals in same cluster:
cluster  1  : 0.5506 
cluster  2  : 0.5951 
cluster  3  : 0.5376 
cluster  4  : 0.6401 

--------------------------------------------
Estimated Ln Prob of Data   = -30013.1
Mean value of ln likelihood = -29725.9
Variance of ln likelihood   = 574.4
Mean value of alpha         = 0.0333

Mean value of Fst_1         = 0.1936
Mean value of Fst_2         = 0.0453
Mean value of Fst_3         = 0.3001
Mean value of Fst_4         = 0.0038


Inferred ancestry of individuals:
        Label (%Miss) Pop:  Inferred clusters
  1      591    (0)    1 :  0.008 0.271 0.034 0.687 
  2      592    (0)    1 :  0.018 0.803 0.005 0.173 
  3      593    (0)    1 :  0.005 0.038 0.020 0.937 
  4      594    (0)    1 :  0.018 0.329 0.008 0.644 
  5      595    (0)    1 :  0.016 0.005 0.005 0.973 
  6      596    (0)    1 :  0.107 0.028 0.015 0.850 
  7      597    (0)    1 :  0.008 0.036 0.003 0.952 
  8      598    (0)    1 :  0.026 0.023 0.001 0.949 
  9      599    (0)    1 :  0.006 0.930 0.017 0.047 
 10      600    (0)    1 :  0.039 0.006 0.007 0.947 
 11      601    (0)    1 :  0.003 0.102 0.003 0.892 
 12      602    (0)    1 :  0.014 0.057 0.009 0.920 
 13      603    (0)    1 :  0.010 0.943 0.008 0.039 
 14      604    (0)    1 :  0.018 0.006 0.003 0.973 
 15      605    (0)    1 :  0.025 0.009 0.004 0.962 
 16      606    (0)    1 :  0.016 0.030 0.035 0.919 
 17      607    (0)    1 :  0.028 0.008 0.004 0.961 
 18      608    (0)    1 :  0.008 0.189 0.004 0.798 
 19      609    (0)    1 :  0.005 0.012 0.004 0.980 
 20      610    (0)    1 :  0.008 0.041 0.003 0.948 
 21      611    (2)    1 :  0.010 0.011 0.003 0.975 
 22      612    (0)    1 :  0.057 0.054 0.002 0.887 
 23      755    (0)    1 :  0.037 0.070 0.002 0.891 
 24      756    (0)    1 :  0.006 0.164 0.007 0.823 
 25      757    (0)    1 :  0.010 0.030 0.003 0.958 
 26      212    (0)    2 :  0.993 0.003 0.001 0.002 
 27      213    (0)    2 :  0.988 0.005 0.003 0.004 
 28      214    (0)    2 :  0.991 0.003 0.001 0.005 
 29      215    (0)    2 :  0.989 0.005 0.003 0.003 
 30      216    (0)    2 :  0.991 0.004 0.002 0.003 
 31      217    (0)    2 :  0.989 0.004 0.002 0.005 
 32      218    (0)    2 :  0.993 0.003 0.002 0.003 
 33      332    (0)    2 :  0.965 0.017 0.006 0.012 
 34      333    (0)    2 :  0.959 0.010 0.011 0.020 
 35      334    (0)    2 :  0.988 0.005 0.003 0.005 
 36      335    (0)    2 :  0.992 0.003 0.001 0.003 
 37      336    (0)    2 :  0.983 0.003 0.012 0.002 
 38      337    (0)    2 :  0.988 0.003 0.002 0.007 
 39      673    (0)    2 :  0.996 0.002 0.001 0.001 
 40      674    (0)    2 :  0.990 0.004 0.002 0.005 
 41      675    (0)    2 :  0.985 0.006 0.004 0.004 
 42      676    (0)    2 :  0.987 0.007 0.001 0.005 
 43      677    (0)    2 :  0.991 0.003 0.002 0.003 
 44      678    (0)    2 :  0.971 0.010 0.006 0.013 
 45      679    (0)    2 :  0.976 0.008 0.002 0.014 
 46      680    (0)    2 :  0.984 0.007 0.004 0.005 
 47      681    (0)    2 :  0.989 0.004 0.002 0.006 
 48      682    (0)    2 :  0.993 0.002 0.003 0.002 
 49      683    (0)    2 :  0.989 0.004 0.002 0.005 
 50      684    (0)    2 :  0.988 0.005 0.003 0.005 
 51      685    (0)    2 :  0.988 0.003 0.003 0.006 
 52      686    (0)    2 :  0.993 0.002 0.003 0.002 
 53      687    (0)    2 :  0.993 0.002 0.002 0.002 
 54      688    (0)    2 :  0.989 0.006 0.002 0.003 
 55      070    (0)    3 :  0.001 0.002 0.992 0.004 
 56      071    (0)    3 :  0.006 0.003 0.989 0.003 
 57      072    (0)    3 :  0.001 0.002 0.995 0.002 
 58      151    (0)    3 :  0.002 0.002 0.996 0.001 
 59      152    (0)    3 :  0.002 0.004 0.988 0.006 
 60      153    (2)    3 :  0.001 0.001 0.996 0.001 
 61      788    (4)    3 :  0.002 0.003 0.992 0.003 
 62      789    (2)    3 :  0.003 0.002 0.994 0.002 
 63      790    (0)    3 :  0.001 0.002 0.995 0.002 
 64      010    (0)    4 :  0.004 0.009 0.002 0.985 
 65      024    (0)    4 :  0.012 0.051 0.007 0.929 
 66      051    (0)    4 :  0.007 0.006 0.012 0.975 
 67      090    (0)    4 :  0.004 0.019 0.006 0.971 
 68      102    (0)    4 :  0.003 0.559 0.002 0.436 
 69      111    (0)    4 :  0.003 0.020 0.002 0.975 
 70      113    (0)    4 :  0.004 0.108 0.005 0.883 
 71      138    (0)    4 :  0.076 0.022 0.018 0.883 
 72      150    (0)    4 :  0.004 0.920 0.011 0.065 
 73      173    (2)    4 :  0.014 0.095 0.024 0.867 
 74      174    (2)    4 :  0.003 0.005 0.023 0.969 
 75      175    (0)    4 :  0.003 0.007 0.007 0.982 
 76      176    (0)    4 :  0.012 0.022 0.006 0.961 
 77      177    (0)    4 :  0.002 0.020 0.003 0.975 
 78      180    (0)    4 :  0.005 0.006 0.003 0.986 
 79      184    (0)    4 :  0.005 0.106 0.010 0.879 
 80      195    (0)    4 :  0.012 0.025 0.004 0.959 
 81      198    (0)    4 :  0.005 0.010 0.002 0.982 
 82      203    (0)    4 :  0.005 0.028 0.008 0.958 
 83      211    (0)    4 :  0.094 0.038 0.003 0.865 
 84      220    (0)    4 :  0.009 0.398 0.002 0.590 
 85      233    (0)    4 :  0.054 0.247 0.006 0.693 
 86      331    (0)    4 :  0.004 0.013 0.007 0.976 
 87      349    (0)    4 :  0.004 0.027 0.005 0.963 
 88      410    (0)    4 :  0.020 0.005 0.002 0.973 
 89      417    (2)    4 :  0.005 0.022 0.002 0.972 
 90      421    (0)    5 :  0.006 0.984 0.002 0.009 
 91      423    (0)    5 :  0.002 0.007 0.008 0.982 
 92      424    (0)    5 :  0.003 0.008 0.002 0.987 
 93      433    (0)    5 :  0.022 0.781 0.002 0.194 
 94      462    (0)    5 :  0.020 0.309 0.002 0.668 
 95      463    (0)    5 :  0.003 0.018 0.002 0.977 
 96      467    (0)    5 :  0.010 0.977 0.005 0.008 
 97      468    (0)    5 :  0.002 0.972 0.004 0.022 
 98      469    (0)    5 :  0.002 0.900 0.002 0.096 
 99      472    (0)    5 :  0.007 0.037 0.004 0.952 
100      473    (0)    5 :  0.008 0.042 0.002 0.948 
101      474    (0)    5 :  0.010 0.980 0.001 0.008 
102      475    (0)    5 :  0.003 0.923 0.003 0.072 
103      476    (2)    5 :  0.025 0.951 0.009 0.014 
104      477    (0)    5 :  0.019 0.130 0.006 0.845 
105      478    (0)    5 :  0.003 0.132 0.002 0.863 
106      479    (0)    5 :  0.004 0.935 0.004 0.057 
107      480    (0)    5 :  0.002 0.990 0.002 0.006 
108      481    (0)    5 :  0.003 0.098 0.037 0.862 
109      482    (0)    5 :  0.039 0.087 0.002 0.871 
110      489    (0)    5 :  0.015 0.130 0.005 0.851 
111      490    (0)    5 :  0.003 0.014 0.004 0.979 
112      491    (0)    5 :  0.097 0.033 0.007 0.863 
113      492    (0)    5 :  0.020 0.908 0.005 0.068 
114      493    (0)    5 :  0.007 0.906 0.012 0.075 
115      494    (0)    5 :  0.033 0.650 0.033 0.284 
116      498    (0)    5 :  0.004 0.028 0.007 0.962 
117      499    (0)    5 :  0.006 0.016 0.003 0.975 
118      709    (0)    5 :  0.009 0.020 0.056 0.915 
119      710    (4)    5 :  0.003 0.475 0.017 0.505 
120      711    (2)    5 :  0.004 0.017 0.006 0.974 
121      712    (4)    5 :  0.003 0.031 0.002 0.964 
122      713    (0)    5 :  0.007 0.006 0.004 0.983 
123      714    (2)    5 :  0.002 0.980 0.009 0.009 
124      715    (4)    5 :  0.030 0.940 0.010 0.020 
125      716    (0)    5 :  0.003 0.987 0.002 0.008 
126      717    (2)    5 :  0.009 0.689 0.003 0.298 
127      718    (4)    5 :  0.002 0.065 0.002 0.931 
128      719    (0)    5 :  0.002 0.992 0.002 0.004 
129      720    (2)    5 :  0.009 0.973 0.002 0.016 
130      721    (0)    5 :  0.007 0.802 0.042 0.149 
131      722    (4)    5 :  0.002 0.992 0.002 0.004 
132      723    (0)    5 :  0.007 0.973 0.007 0.013 
133      724    (0)    5 :  0.007 0.972 0.003 0.017 
134      725    (0)    5 :  0.011 0.022 0.004 0.964 
135      726    (0)    5 :  0.005 0.651 0.008 0.335 
136      727    (0)    5 :  0.014 0.300 0.009 0.677 
137      728    (2)    5 :  0.006 0.045 0.089 0.860 
138      729    (6)    5 :  0.004 0.035 0.004 0.957 
139      730    (2)    5 :  0.005 0.050 0.007 0.938 
140      731    (2)    5 :  0.003 0.011 0.002 0.985 
141      732    (0)    5 :  0.006 0.404 0.003 0.587 
142      733    (0)    5 :  0.003 0.166 0.005 0.825 
143      734    (2)    5 :  0.077 0.034 0.007 0.882 
144      735    (4)    5 :  0.008 0.092 0.003 0.898 
145      736    (2)    5 :  0.014 0.009 0.010 0.966 
146      737    (0)    5 :  0.004 0.008 0.011 0.977 
147      738    (2)    5 :  0.005 0.008 0.003 0.985 
148      739    (8)    5 :  0.007 0.076 0.009 0.907 
149      740    (4)    5 :  0.003 0.128 0.002 0.867 
150      741    (2)    5 :  0.016 0.216 0.002 0.767 
151      742    (4)    5 :  0.004 0.012 0.004 0.979 
152      743    (2)    5 :  0.010 0.974 0.002 0.014 
153      744    (0)    5 :  0.005 0.362 0.052 0.581 
154      745    (0)    5 :  0.006 0.907 0.023 0.064 
155      746    (2)    5 :  0.005 0.007 0.003 0.984 
156      747    (2)    5 :  0.018 0.016 0.005 0.961 
157      748    (0)    5 :  0.011 0.026 0.004 0.959 
158      749    (2)    5 :  0.015 0.008 0.008 0.970 
159      750    (4)    5 :  0.004 0.014 0.004 0.978 
160      751    (0)    5 :  0.006 0.017 0.011 0.966 
161      752    (2)    5 :  0.002 0.979 0.003 0.016 
162      753    (4)    5 :  0.043 0.140 0.009 0.808 
163      754    (2)    5 :  0.004 0.009 0.003 0.984 
164      155    (0)    6 :  0.043 0.023 0.004 0.930 
165      156    (2)    6 :  0.005 0.020 0.132 0.843 
166      157    (2)    6 :  0.007 0.013 0.002 0.978 
167      158    (0)    6 :  0.007 0.022 0.004 0.967 
168      159    (0)    6 :  0.003 0.019 0.008 0.970 
169      160    (0)    6 :  0.010 0.724 0.003 0.262 
170      161    (0)    6 :  0.009 0.077 0.003 0.911 
171      162    (0)    6 :  0.006 0.790 0.009 0.195 
172      163    (2)    6 :  0.003 0.008 0.007 0.981 
173      164    (0)    6 :  0.022 0.030 0.002 0.947 
174      165    (2)    6 :  0.006 0.009 0.006 0.979 
175      427    (0)    6 :  0.078 0.898 0.010 0.014 
176      428    (0)    6 :  0.004 0.987 0.003 0.006 
177      429    (0)    6 :  0.003 0.986 0.003 0.008 
178      430    (0)    6 :  0.004 0.215 0.002 0.778 
179      431    (0)    6 :  0.003 0.986 0.002 0.010 
180      435    (0)    6 :  0.002 0.993 0.002 0.003 
181      436    (0)    6 :  0.003 0.991 0.002 0.004 
182      437    (0)    6 :  0.004 0.989 0.002 0.006 
183      438    (0)    6 :  0.002 0.983 0.005 0.010 
184      439    (0)    6 :  0.004 0.929 0.006 0.061 
185      441    (0)    6 :  0.003 0.958 0.001 0.038 
186      442    (0)    6 :  0.190 0.792 0.006 0.013 
187      443    (4)    6 :  0.002 0.989 0.003 0.006 
188      444    (4)    6 :  0.013 0.975 0.005 0.007 
189      445    (2)    6 :  0.004 0.947 0.009 0.041 
190      446    (0)    6 :  0.006 0.984 0.003 0.007 
191      447    (0)    6 :  0.004 0.984 0.003 0.009 
192      449    (0)    6 :  0.005 0.991 0.002 0.003 
193      460    (0)    6 :  0.004 0.985 0.002 0.008 
194      461    (0)    6 :  0.009 0.848 0.002 0.140 
195      484    (0)    6 :  0.013 0.099 0.005 0.882 
196      485    (0)    6 :  0.004 0.989 0.002 0.006 
197      486    (0)    6 :  0.004 0.921 0.003 0.072 
198      487    (0)    6 :  0.008 0.967 0.003 0.022 
199      178    (0)    7 :  0.005 0.968 0.006 0.022 
200      422    (0)    7 :  0.003 0.989 0.002 0.006 
201      425    (0)    7 :  0.003 0.981 0.001 0.015 
202      426    (0)    7 :  0.019 0.084 0.077 0.820 
203      432    (0)    7 :  0.011 0.807 0.012 0.171 
204      434    (0)    7 :  0.006 0.985 0.003 0.006 
205      440    (0)    7 :  0.017 0.894 0.002 0.086 
206      448    (2)    7 :  0.018 0.973 0.002 0.007 
207      456    (0)    7 :  0.010 0.381 0.003 0.605 
208      457    (0)    7 :  0.004 0.970 0.005 0.021 
209      458    (0)    7 :  0.018 0.530 0.008 0.444 
210      459    (0)    7 :  0.004 0.980 0.003 0.013 
211      464    (0)    7 :  0.006 0.985 0.003 0.006 
212      465    (0)    7 :  0.002 0.990 0.001 0.007 
213      466    (0)    7 :  0.004 0.981 0.002 0.014 
214      470    (0)    7 :  0.004 0.989 0.002 0.005 
215      471    (0)    7 :  0.003 0.967 0.015 0.015 
216      483    (0)    7 :  0.012 0.938 0.003 0.047 
217      488    (0)    7 :  0.006 0.950 0.003 0.041 
218      495    (0)    7 :  0.003 0.986 0.001 0.010 
219      496    (0)    7 :  0.002 0.983 0.002 0.012 
220      497    (0)    7 :  0.042 0.948 0.003 0.008 
221      500    (0)    7 :  0.004 0.720 0.004 0.273 
222      879    (0)    7 :  0.013 0.969 0.003 0.015 
223      036    (0)    8 :  0.002 0.021 0.004 0.973 
224      063    (2)    8 :  0.014 0.098 0.004 0.885 
225      094    (4)    8 :  0.009 0.102 0.005 0.885 
226      103    (4)    8 :  0.006 0.008 0.003 0.982 
227      112    (0)    8 :  0.004 0.006 0.003 0.986 
228      114    (2)    8 :  0.006 0.144 0.003 0.848 
229      120    (0)    8 :  0.005 0.025 0.002 0.968 
230      127    (2)    8 :  0.005 0.014 0.002 0.978 
231      147    (0)    8 :  0.005 0.012 0.032 0.950 
232      166    (0)    8 :  0.013 0.026 0.024 0.936 
233      167    (0)    8 :  0.008 0.696 0.009 0.288 
234      168    (0)    8 :  0.005 0.028 0.003 0.965 
235      169    (2)    8 :  0.005 0.478 0.005 0.512 
236      170    (0)    8 :  0.028 0.014 0.004 0.954 
237      171    (2)    8 :  0.004 0.008 0.011 0.976 
238      172    (0)    8 :  0.004 0.025 0.012 0.959 
239      185    (0)    8 :  0.005 0.124 0.004 0.867 
240      199    (2)    8 :  0.263 0.021 0.006 0.710 
241      339    (0)    8 :  0.007 0.894 0.009 0.091 
242      355    (0)    8 :  0.076 0.005 0.014 0.906 
243      356    (0)    8 :  0.005 0.010 0.004 0.982 
244      357    (0)    8 :  0.014 0.014 0.009 0.962 
245      358    (0)    8 :  0.004 0.020 0.007 0.969 
246      359    (0)    8 :  0.008 0.007 0.002 0.983 
247      360    (0)    8 :  0.005 0.063 0.010 0.923 
248      361    (0)    8 :  0.004 0.337 0.002 0.658 
249      362    (0)    8 :  0.004 0.070 0.005 0.920 
250      363    (0)    8 :  0.034 0.023 0.011 0.933 
251      364    (0)    8 :  0.047 0.030 0.003 0.921 
252      365    (0)    8 :  0.003 0.380 0.034 0.583 
253      366    (0)    8 :  0.003 0.007 0.028 0.962 
254      367    (0)    8 :  0.003 0.013 0.008 0.976 
255      368    (0)    8 :  0.004 0.009 0.016 0.971 
256      369    (0)    8 :  0.004 0.006 0.004 0.985 
257      370    (0)    8 :  0.008 0.018 0.013 0.961 
258      371    (0)    8 :  0.007 0.014 0.003 0.976 
259      372    (0)    8 :  0.336 0.621 0.004 0.039 
260      373    (0)    8 :  0.043 0.045 0.003 0.909 
261      380    (0)    8 :  0.009 0.011 0.005 0.975 
262      388    (0)    8 :  0.016 0.008 0.007 0.969 
263      418    (0)    8 :  0.046 0.024 0.007 0.924 
264      419    (0)    8 :  0.003 0.083 0.007 0.907 
265      420    (0)    8 :  0.057 0.414 0.064 0.464 
266      409    (0)    9 :  0.004 0.074 0.002 0.920 
267      414    (0)    9 :  0.008 0.017 0.003 0.972 
268      415    (2)    9 :  0.010 0.011 0.004 0.975 
269      416    (0)    9 :  0.014 0.378 0.004 0.604 


Estimated Allele Frequencies in each cluster
First column gives estimated ancestral frequencies


Locus 1 : 1 
4 alleles
0.0% missing data
  89   (0.547) 0.637 0.535 0.068 0.563 
  91   (0.376) 0.313 0.407 0.694 0.373 
  93   (0.058) 0.049 0.040 0.101 0.051 
  99   (0.020) 0.001 0.018 0.137 0.013 

Locus 2 : 2 
6 alleles
1.9% missing data
 134   (0.253) 0.373 0.275 0.030 0.248 
 136   (0.383) 0.460 0.123 0.201 0.414 
 142   (0.017) 0.001 0.094 0.002 0.011 
 138   (0.264) 0.160 0.460 0.758 0.244 
 140   (0.056) 0.004 0.042 0.007 0.056 
 132   (0.026) 0.002 0.006 0.003 0.027 

Locus 3 : 3 
6 alleles
0.0% missing data
 181   (0.260) 0.080 0.325 0.185 0.256 
 179   (0.252) 0.017 0.250 0.030 0.267 
 187   (0.323) 0.264 0.219 0.766 0.327 
 185   (0.086) 0.446 0.083 0.010 0.080 
 191   (0.027) 0.189 0.005 0.003 0.023 
 175   (0.051) 0.004 0.117 0.006 0.046 

Locus 4 : 4 
10 alleles
0.4% missing data
 253   (0.513) 0.471 0.534 0.605 0.529 
 241   (0.160) 0.151 0.142 0.172 0.160 
 269   (0.169) 0.104 0.241 0.204 0.164 
 255   (0.007) 0.001 0.006 0.001 0.004 
 247   (0.073) 0.268 0.056 0.008 0.070 
 245   (0.007) 0.000 0.001 0.001 0.005 
 249   (0.017) 0.001 0.002 0.003 0.017 
 271   (0.031) 0.002 0.017 0.004 0.031 
 239   (0.012) 0.001 0.002 0.001 0.011 
 273   (0.010) 0.001 0.001 0.001 0.008 

Locus 5 : 5 
6 alleles
0.4% missing data
 103   (0.840) 0.975 0.937 0.982 0.840 
 104   (0.063) 0.004 0.029 0.007 0.066 
 105   (0.055) 0.004 0.028 0.006 0.058 
 101   (0.011) 0.015 0.001 0.001 0.007 
 102   (0.018) 0.001 0.003 0.002 0.017 
 107   (0.013) 0.001 0.001 0.001 0.012 

Locus 6 : 6 
5 alleles
0.0% missing data
 141   (0.253) 0.143 0.303 0.029 0.255 
 145   (0.465) 0.269 0.491 0.417 0.469 
 135   (0.200) 0.282 0.186 0.543 0.193 
 147   (0.072) 0.305 0.019 0.009 0.074 
 137   (0.010) 0.001 0.002 0.001 0.008 

Locus 7 : 7 
10 alleles
1.9% missing data
  97   (0.184) 0.255 0.135 0.133 0.186 
 103   (0.334) 0.511 0.350 0.047 0.342 
  93   (0.207) 0.073 0.291 0.783 0.201 
  91   (0.068) 0.147 0.032 0.010 0.067 
  89   (0.068) 0.004 0.108 0.009 0.066 
  85   (0.043) 0.003 0.033 0.006 0.043 
  83   (0.068) 0.004 0.045 0.009 0.072 
 105   (0.013) 0.001 0.004 0.002 0.011 
 101   (0.008) 0.000 0.001 0.001 0.006 
  99   (0.008) 0.000 0.001 0.001 0.006 

Locus 8 : 8 
8 alleles
0.0% missing data
 129   (0.543) 0.633 0.654 0.203 0.552 
 143   (0.277) 0.142 0.226 0.671 0.285 
 141   (0.052) 0.201 0.024 0.006 0.049 
 149   (0.069) 0.019 0.081 0.008 0.066 
 127   (0.018) 0.001 0.003 0.064 0.015 
 131   (0.014) 0.003 0.006 0.045 0.009 
 133   (0.020) 0.001 0.005 0.002 0.019 
 145   (0.007) 0.000 0.001 0.001 0.005 

Locus 9 : 9 
4 alleles
0.0% missing data
 195   (0.152) 0.056 0.227 0.345 0.142 
 191   (0.394) 0.540 0.340 0.346 0.398 
 189   (0.447) 0.403 0.432 0.307 0.454 
 197   (0.008) 0.000 0.001 0.001 0.005 

Locus 10 : 10 
7 alleles
0.4% missing data
 238   (0.559) 0.353 0.767 0.379 0.558 
 252   (0.101) 0.038 0.071 0.013 0.103 
 232   (0.257) 0.279 0.151 0.223 0.266 
 254   (0.041) 0.244 0.005 0.380 0.037 
 248   (0.021) 0.083 0.003 0.002 0.018 
 250   (0.013) 0.001 0.002 0.002 0.012 
 236   (0.008) 0.001 0.001 0.001 0.005 

Locus 11 : 11 
4 alleles
0.0% missing data
  87   (0.695) 0.539 0.818 0.964 0.690 
  89   (0.243) 0.379 0.155 0.029 0.252 
  91   (0.047) 0.081 0.024 0.005 0.043 
  85   (0.015) 0.001 0.002 0.002 0.015 

Locus 12 : 12 
13 alleles
0.4% missing data
 162   (0.276) 0.240 0.301 0.078 0.282 
 158   (0.216) 0.029 0.174 0.028 0.236 
 161   (0.115) 0.021 0.110 0.118 0.114 
 147   (0.043) 0.003 0.036 0.005 0.043 
 160   (0.193) 0.697 0.240 0.567 0.183 
 143   (0.033) 0.002 0.009 0.190 0.032 
 154   (0.019) 0.001 0.002 0.002 0.020 
 170   (0.048) 0.003 0.038 0.006 0.049 
 149   (0.020) 0.001 0.067 0.002 0.014 
 153   (0.012) 0.001 0.001 0.001 0.011 
 150   (0.008) 0.000 0.006 0.001 0.004 
 159   (0.010) 0.001 0.014 0.001 0.006 
 164   (0.007) 0.000 0.001 0.001 0.005 

Locus 13 : 13 
5 alleles
0.0% missing data
 108   (0.204) 0.198 0.118 0.328 0.208 
 113   (0.336) 0.507 0.351 0.572 0.330 
 115   (0.445) 0.293 0.529 0.098 0.451 
 109   (0.008) 0.000 0.001 0.001 0.005 
 110   (0.008) 0.000 0.001 0.001 0.005 

Locus 14 : 14 
5 alleles
1.1% missing data
 229   (0.504) 0.420 0.518 0.104 0.512 
 231   (0.198) 0.352 0.043 0.272 0.214 
 225   (0.129) 0.204 0.121 0.220 0.121 
 227   (0.118) 0.021 0.273 0.258 0.107 
 233   (0.051) 0.004 0.044 0.146 0.046 

Locus 15 : 15 
4 alleles
0.4% missing data
 143   (0.839) 0.820 0.873 0.723 0.850 
 145   (0.087) 0.006 0.068 0.268 0.086 
 147   (0.055) 0.142 0.057 0.007 0.048 
 133   (0.020) 0.032 0.003 0.002 0.017 

Locus 16 : 16 
5 alleles
0.0% missing data
 154   (0.086) 0.178 0.029 0.215 0.085 
 156   (0.259) 0.492 0.209 0.514 0.257 
 158   (0.520) 0.213 0.618 0.255 0.529 
 160   (0.127) 0.116 0.133 0.015 0.125 
 152   (0.008) 0.001 0.011 0.001 0.004 

Locus 17 : 17 
5 alleles
0.0% missing data
  90   (0.690) 0.789 0.715 0.552 0.695 
 102   (0.183) 0.201 0.224 0.022 0.180 
 100   (0.051) 0.003 0.017 0.417 0.050 
  88   (0.068) 0.006 0.038 0.007 0.072 
 104   (0.008) 0.000 0.006 0.001 0.004 

Locus 18 : 18 
7 alleles
0.0% missing data
 140   (0.315) 0.189 0.279 0.292 0.324 
 127   (0.307) 0.069 0.286 0.552 0.316 
 146   (0.076) 0.215 0.102 0.008 0.069 
 148   (0.090) 0.213 0.072 0.010 0.087 
 138   (0.048) 0.003 0.036 0.119 0.044 
 150   (0.057) 0.303 0.119 0.006 0.048 
 142   (0.106) 0.007 0.107 0.013 0.111 

Locus 19 : 19 
7 alleles
0.0% missing data
 194   (0.576) 0.481 0.513 0.953 0.587 
 200   (0.094) 0.006 0.150 0.010 0.094 
 190   (0.121) 0.202 0.182 0.013 0.115 
 188   (0.178) 0.169 0.152 0.020 0.181 
 202   (0.016) 0.140 0.002 0.002 0.012 
 192   (0.008) 0.000 0.001 0.001 0.006 
 196   (0.008) 0.001 0.001 0.001 0.006 

Locus 20 : 20 
6 alleles
1.1% missing data
 252   (0.717) 0.723 0.771 0.390 0.738 
 246   (0.100) 0.052 0.069 0.162 0.097 
 250   (0.073) 0.142 0.059 0.337 0.066 
 254   (0.069) 0.081 0.087 0.106 0.060 
 248   (0.025) 0.002 0.006 0.003 0.026 
 244   (0.016) 0.001 0.008 0.003 0.013 

Locus 21 : 21 
7 alleles
0.4% missing data
 173   (0.273) 0.212 0.482 0.123 0.265 
 167   (0.186) 0.122 0.126 0.114 0.191 
 175   (0.164) 0.257 0.080 0.483 0.167 
 177   (0.252) 0.172 0.261 0.266 0.252 
 165   (0.060) 0.021 0.034 0.007 0.060 
 163   (0.038) 0.215 0.010 0.004 0.036 
 159   (0.028) 0.002 0.007 0.003 0.029 

Locus 22 : 22 
10 alleles
1.1% missing data
 152   (0.436) 0.370 0.552 0.491 0.439 
 164   (0.027) 0.002 0.011 0.004 0.027 
 146   (0.213) 0.144 0.308 0.076 0.211 
 158   (0.104) 0.108 0.025 0.012 0.115 
 166   (0.093) 0.006 0.044 0.113 0.099 
 162   (0.060) 0.071 0.023 0.007 0.061 
 156   (0.017) 0.296 0.009 0.002 0.011 
 150   (0.025) 0.002 0.013 0.113 0.020 
 148   (0.010) 0.001 0.001 0.179 0.007 
 142   (0.014) 0.001 0.012 0.002 0.011 

Locus 23 : 23 
7 alleles
0.7% missing data
 144   (0.178) 0.614 0.213 0.593 0.165 
 156   (0.136) 0.039 0.060 0.017 0.147 
 154   (0.538) 0.237 0.598 0.370 0.548 
 160   (0.105) 0.107 0.116 0.012 0.101 
 158   (0.025) 0.002 0.009 0.004 0.025 
 152   (0.008) 0.001 0.002 0.001 0.005 
 146   (0.010) 0.001 0.001 0.002 0.009 

Locus 24 : 24 
4 alleles
0.7% missing data
  81   (0.349) 0.025 0.404 0.297 0.357 
  83   (0.487) 0.916 0.438 0.684 0.482 
  77   (0.080) 0.053 0.075 0.009 0.076 
  85   (0.084) 0.006 0.083 0.010 0.085 

Locus 25 : 25 
6 alleles
0.4% missing data
 122   (0.093) 0.006 0.117 0.114 0.089 
 132   (0.332) 0.448 0.326 0.189 0.333 
 124   (0.528) 0.542 0.551 0.409 0.534 
 136   (0.015) 0.001 0.002 0.002 0.014 
 120   (0.018) 0.001 0.002 0.284 0.015 
 126   (0.015) 0.001 0.002 0.002 0.014 

Locus 26 : 26 
7 alleles
0.4% missing data
 165   (0.247) 0.063 0.258 0.323 0.250 
 183   (0.364) 0.426 0.344 0.300 0.368 
 175   (0.232) 0.439 0.312 0.029 0.228 
 181   (0.069) 0.067 0.014 0.009 0.075 
 179   (0.072) 0.005 0.071 0.338 0.068 
 185   (0.008) 0.000 0.001 0.001 0.005 
 157   (0.008) 0.000 0.001 0.001 0.005 

Locus 27 : 27 
4 alleles
0.4% missing data
 142   (0.643) 0.738 0.741 0.314 0.643 
 148   (0.212) 0.073 0.110 0.669 0.220 
 150   (0.114) 0.187 0.126 0.013 0.108 
 138   (0.031) 0.002 0.022 0.004 0.029 

Locus 28 : 28 
6 alleles
0.4% missing data
 262   (0.530) 0.550 0.437 0.848 0.544 
 260   (0.358) 0.376 0.482 0.139 0.355 
 256   (0.075) 0.071 0.053 0.009 0.073 
 258   (0.013) 0.001 0.001 0.001 0.012 
 266   (0.008) 0.001 0.006 0.001 0.004 
 264   (0.017) 0.001 0.020 0.002 0.013 

Locus 29 : 29 
7 alleles
0.0% missing data
 150   (0.443) 0.299 0.517 0.151 0.449 
 140   (0.171) 0.062 0.156 0.801 0.168 
 146   (0.297) 0.335 0.249 0.038 0.308 
 148   (0.051) 0.302 0.038 0.006 0.045 
 142   (0.008) 0.001 0.001 0.001 0.006 
 152   (0.024) 0.002 0.037 0.003 0.020 
 151   (0.008) 0.000 0.001 0.001 0.005 

Locus 30 : 30 
6 alleles
0.0% missing data
 127   (0.109) 0.086 0.076 0.598 0.103 
 123   (0.145) 0.102 0.214 0.016 0.139 
 129   (0.411) 0.772 0.559 0.200 0.398 
 125   (0.286) 0.036 0.109 0.137 0.318 
 121   (0.014) 0.001 0.002 0.045 0.011 
 131   (0.035) 0.002 0.040 0.004 0.032 

Locus 31 : 31 
5 alleles
0.4% missing data
 155   (0.531) 0.715 0.451 0.529 0.537 
 159   (0.186) 0.014 0.256 0.022 0.191 
 157   (0.194) 0.028 0.220 0.116 0.194 
 151   (0.033) 0.239 0.004 0.231 0.028 
 153   (0.056) 0.004 0.070 0.102 0.050 

Locus 32 : 32 
5 alleles
0.0% missing data
 150   (0.534) 0.630 0.592 0.410 0.536 
 146   (0.348) 0.316 0.317 0.577 0.350 
 148   (0.062) 0.050 0.043 0.007 0.059 
 154   (0.046) 0.003 0.017 0.005 0.049 
 152   (0.010) 0.001 0.031 0.001 0.006 

Locus 33 : 33 
6 alleles
0.0% missing data
 184   (0.198) 0.077 0.259 0.275 0.193 
 180   (0.464) 0.660 0.384 0.686 0.473 
 192   (0.165) 0.186 0.172 0.019 0.165 
 190   (0.021) 0.001 0.031 0.002 0.016 
 196   (0.092) 0.006 0.135 0.010 0.092 
 198   (0.059) 0.069 0.019 0.007 0.060 

Locus 34 : 34 
6 alleles
0.0% missing data
 106   (0.299) 0.692 0.382 0.235 0.290 
 110   (0.178) 0.079 0.115 0.215 0.182 
 112   (0.334) 0.069 0.383 0.038 0.349 
 108   (0.144) 0.112 0.090 0.117 0.145 
  96   (0.011) 0.045 0.002 0.001 0.007 
  90   (0.033) 0.002 0.029 0.394 0.026 

Locus 35 : 35 
9 alleles
0.0% missing data
 170   (0.288) 0.324 0.242 0.614 0.287 
 172   (0.283) 0.570 0.381 0.036 0.278 
 176   (0.105) 0.022 0.016 0.012 0.124 
 174   (0.163) 0.073 0.174 0.019 0.165 
 166   (0.044) 0.003 0.094 0.005 0.039 
 168   (0.059) 0.004 0.027 0.306 0.058 
 186   (0.015) 0.001 0.036 0.002 0.010 
 178   (0.036) 0.002 0.029 0.004 0.034 
 158   (0.008) 0.000 0.001 0.001 0.005 

Locus 36 : 36 
6 alleles
0.0% missing data
  85   (0.164) 0.235 0.138 0.486 0.159 
  95   (0.052) 0.004 0.064 0.006 0.050 
  89   (0.554) 0.513 0.660 0.369 0.558 
  81   (0.089) 0.006 0.040 0.011 0.099 
  83   (0.122) 0.240 0.090 0.014 0.123 
  91   (0.018) 0.001 0.008 0.115 0.012 

Locus 37 : 37 
10 alleles
0.0% missing data
 161   (0.356) 0.380 0.291 0.428 0.370 
 173   (0.260) 0.500 0.311 0.227 0.258 
 165   (0.219) 0.109 0.239 0.137 0.222 
 169   (0.093) 0.006 0.115 0.200 0.091 
 168   (0.012) 0.001 0.001 0.001 0.011 
 155   (0.017) 0.001 0.002 0.002 0.017 
 167   (0.016) 0.002 0.006 0.002 0.013 
 159   (0.011) 0.001 0.007 0.001 0.007 
 177   (0.007) 0.000 0.001 0.001 0.005 
 175   (0.009) 0.001 0.027 0.001 0.004 

Locus 38 : 38 
5 alleles
0.0% missing data
  81   (0.131) 0.119 0.104 0.016 0.131 
  87   (0.082) 0.128 0.059 0.553 0.075 
  89   (0.410) 0.104 0.543 0.049 0.421 
  85   (0.199) 0.463 0.193 0.174 0.193 
  91   (0.178) 0.186 0.102 0.207 0.181 

Locus 39 : 39 
4 alleles
0.7% missing data
 167   (0.799) 0.860 0.803 0.687 0.810 
 161   (0.168) 0.137 0.148 0.310 0.164 
 165   (0.025) 0.002 0.047 0.003 0.021 
 177   (0.008) 0.001 0.001 0.001 0.005 

Locus 40 : 40 
6 alleles
0.4% missing data
 228   (0.405) 0.243 0.492 0.530 0.404 
 240   (0.132) 0.263 0.136 0.017 0.129 
 238   (0.333) 0.121 0.296 0.088 0.347 
 236   (0.097) 0.372 0.056 0.361 0.091 
 224   (0.021) 0.002 0.018 0.002 0.018 
 232   (0.012) 0.001 0.001 0.001 0.012 

Locus 41 : 41 
7 alleles
0.0% missing data
 130   (0.524) 0.767 0.454 0.060 0.542 
 132   (0.125) 0.056 0.191 0.015 0.121 
 114   (0.048) 0.003 0.007 0.493 0.050 
 128   (0.106) 0.038 0.186 0.012 0.100 
 134   (0.123) 0.008 0.092 0.210 0.126 
 118   (0.066) 0.128 0.068 0.209 0.055 
 136   (0.008) 0.000 0.001 0.001 0.006 

Locus 42 : 42 
5 alleles
1.5% missing data
  92   (0.112) 0.008 0.064 0.058 0.119 
  96   (0.067) 0.004 0.026 0.103 0.069 
 102   (0.276) 0.477 0.335 0.572 0.266 
 104   (0.417) 0.412 0.496 0.050 0.423 
  98   (0.126) 0.100 0.079 0.217 0.124 

Locus 43 : 43 
6 alleles
2.2% missing data
 103   (0.302) 0.349 0.399 0.232 0.295 
 101   (0.326) 0.193 0.296 0.040 0.339 
  95   (0.199) 0.446 0.192 0.175 0.194 
  99   (0.146) 0.010 0.109 0.403 0.151 
  97   (0.019) 0.001 0.003 0.149 0.016 
  91   (0.008) 0.000 0.001 0.001 0.006 

Locus 44 : 44 
7 alleles
0.0% missing data
 181   (0.567) 0.855 0.687 0.521 0.562 
 191   (0.295) 0.106 0.226 0.280 0.305 
 177   (0.066) 0.005 0.051 0.008 0.068 
 189   (0.008) 0.030 0.001 0.001 0.004 
 179   (0.045) 0.003 0.006 0.188 0.048 
 183   (0.010) 0.001 0.002 0.001 0.008 
 193   (0.009) 0.001 0.027 0.001 0.004 

Locus 45 : 45 
6 alleles
1.5% missing data
 211   (0.238) 0.270 0.176 0.333 0.242 
 215   (0.076) 0.115 0.077 0.010 0.071 
 205   (0.478) 0.413 0.502 0.261 0.488 
 201   (0.074) 0.005 0.062 0.379 0.071 
 207   (0.125) 0.197 0.182 0.015 0.119 
 202   (0.010) 0.001 0.002 0.001 0.008 

Locus 46 : 46 
10 alleles
0.7% missing data
 142   (0.368) 0.287 0.556 0.046 0.372 
 166   (0.117) 0.376 0.178 0.113 0.106 
 158   (0.163) 0.089 0.088 0.020 0.175 
 168   (0.138) 0.112 0.049 0.216 0.146 
 162   (0.054) 0.004 0.028 0.109 0.053 
 144   (0.053) 0.126 0.053 0.007 0.047 
 156   (0.026) 0.002 0.016 0.480 0.021 
 164   (0.057) 0.004 0.028 0.006 0.060 
 170   (0.015) 0.001 0.002 0.002 0.014 
 160   (0.007) 0.000 0.001 0.001 0.005 

Locus 47 : 47 
6 alleles
7.8% missing data
 145   (0.256) 0.616 0.129 0.526 0.259 
 151   (0.202) 0.015 0.169 0.099 0.210 
 153   (0.178) 0.029 0.322 0.028 0.173 
 149   (0.324) 0.338 0.374 0.340 0.316 
 143   (0.016) 0.001 0.002 0.002 0.016 
 147   (0.024) 0.002 0.003 0.004 0.026 

Values of parameters used in structure:
DATAFILE=c2.str,	OUTFILE=k4/c2_k4_run4,	NUMINDS=269,	NUMLOCI=47,	MISSING=-9,	LABEL=1,	POPDATA=1,	POPFLAG=0,	PHENOTYPE=0,	EXTRACOLS=0,	MAXPOPS=4,	BURNIN=500000,	NUMREPS=750000,	USEPOPINFO=0,	INFERALPHA=1,	INFERLAMBDA=0,	POPSPECIFICLAMBDA=0,	POPALPHAS=0,	COMPUTEPROB=1,	NOADMIX=0,	ADMBURNIN=500,	UPDATEFREQ=100,	PRINTLIKES=0,	INTERMEDSAVE=0,	PRINTKLD=0,	PRINTNET=1,	PRINTLAMBDA=1,	ANCESTDIST=0,	NUMBOXES=1000,	ANCESTPINT=0.90000,	GENSBACK=2,	MIGRPRIOR=0.01000,	PRINTQHAT=0,	PRINTQSUM=1,	ALPHA=1.0000,	FREQSCORR=1,	FPRIORMEAN=0.0100,	FPRIORSD=0.0500,	ONEFST=0,	LAMBDA=1.0000,	UNIFPRIORALPHA=1,	ALPHAMAX=10.0000,	ALPHAPRIORA=1.0000,	ALPHAPRIORB=2.0000,	ALPHAPROPSD=0.0250,	STARTATPOPINFO=0,	RANDOMIZE=0,	LINKAGE=0,	METROFREQ=10,	REPORTHITRATE=0,	MARKOVPHASE=0,	PHASED=1,	PLOIDY=2,	PHASEINFO=0	LOCPRIOR=0, 	LOCPRIORINIT=1.000000, 	LOCDATA=0, 	LOCISPOP=1, 	LOCPRIORSTEP=0.100000, 	MAXLOCPRIOR=20.000000, 	SEED=941322,	
[STRAT parameters]:    NUMSIMSTATS=1000,	PHENOTYPECOL=-9,	POOLFREQ=10,	LOCUSxONLY=0,	EMERROR=0.00100,	MISSINGPHENO=-9,	