

----------------------------------------------------
STRUCTURE by Pritchard, Stephens and Donnelly (2000)
     and Falush, Stephens and Pritchard (2003)
       Code by Pritchard, Falush and Hubisz
             Version 2.3.4 (Jul 2012)
----------------------------------------------------



Command line arguments:   structure -D 484792 -K 7 -m mainparams -o k7/c2_k7_run10 
Input File:    c2.str

Run parameters:
   269 individuals
   47 loci
   7 populations assumed
   500000 Burn-in period
   750000 Reps
RANDOMIZE turned off


--------------------------------------------
Proportion of membership of each pre-defined
 population in each of the 7 clusters

Given    Inferred Clusters                                   Number of
 Pop       1      2      3      4      5      6      7      Individuals

  1:     0.012  0.053  0.005  0.865  0.024  0.021  0.019       25
  2:     0.969  0.005  0.003  0.007  0.005  0.005  0.005       29
  3:     0.002  0.002  0.985  0.002  0.003  0.003  0.003        9
  4:     0.014  0.054  0.009  0.082  0.333  0.297  0.210       26
  5:     0.012  0.260  0.008  0.046  0.224  0.196  0.254       74
  6:     0.014  0.527  0.007  0.059  0.128  0.148  0.117       35
  7:     0.010  0.750  0.009  0.029  0.092  0.052  0.059       24
  8:     0.027  0.061  0.010  0.052  0.343  0.263  0.244       43
  9:     0.010  0.031  0.003  0.014  0.237  0.561  0.145        4
--------------------------------------------

Allele-freq. divergence among pops (Net nucleotide distance),
computed using point estimates of P.

      1       2       3       4       5       6       7      
 1      -    0.0657  0.1306  0.0563  0.0502  0.0546  0.0565  
 2   0.0657     -    0.1226  0.0268  0.0127  0.0138  0.0183  
 3   0.1306  0.1226     -    0.1049  0.0957  0.1024  0.1028  
 4   0.0563  0.0268  0.1049     -    0.0129  0.0152  0.0177  
 5   0.0502  0.0127  0.0957  0.0129     -    0.0011  0.0038  
 6   0.0546  0.0138  0.1024  0.0152  0.0011     -    0.0062  
 7   0.0565  0.0183  0.1028  0.0177  0.0038  0.0062     -    

Average distances (expected heterozygosity) between individuals in same cluster:
cluster  1  : 0.5484 
cluster  2  : 0.5829 
cluster  3  : 0.5361 
cluster  4  : 0.6084 
cluster  5  : 0.6474 
cluster  6  : 0.6351 
cluster  7  : 0.6252 

--------------------------------------------
Estimated Ln Prob of Data   = -30329.2
Mean value of ln likelihood = -29281.3
Variance of ln likelihood   = 2095.8
Mean value of alpha         = 0.0357

Mean value of Fst_1         = 0.2030
Mean value of Fst_2         = 0.0639
Mean value of Fst_3         = 0.3057
Mean value of Fst_4         = 0.0697
Mean value of Fst_5         = 0.0002
Mean value of Fst_6         = 0.0199
Mean value of Fst_7         = 0.0287


Inferred ancestry of individuals:
        Label (%Miss) Pop:  Inferred clusters
  1      591    (0)    1 :  0.004 0.010 0.008 0.956 0.007 0.006 0.008 
  2      592    (0)    1 :  0.008 0.093 0.003 0.851 0.014 0.010 0.021 
  3      593    (0)    1 :  0.003 0.008 0.007 0.956 0.009 0.009 0.010 
  4      594    (0)    1 :  0.015 0.067 0.006 0.749 0.057 0.049 0.057 
  5      595    (0)    1 :  0.011 0.005 0.005 0.935 0.016 0.021 0.008 
  6      596    (0)    1 :  0.030 0.005 0.010 0.934 0.008 0.007 0.007 
  7      597    (0)    1 :  0.006 0.017 0.002 0.931 0.021 0.013 0.010 
  8      598    (0)    1 :  0.026 0.016 0.002 0.797 0.065 0.031 0.063 
  9      599    (0)    1 :  0.004 0.215 0.008 0.749 0.010 0.009 0.006 
 10      600    (0)    1 :  0.016 0.004 0.007 0.953 0.008 0.007 0.007 
 11      601    (0)    1 :  0.003 0.034 0.003 0.901 0.023 0.025 0.012 
 12      602    (0)    1 :  0.007 0.012 0.005 0.944 0.014 0.013 0.007 
 13      603    (0)    1 :  0.010 0.714 0.009 0.145 0.068 0.041 0.012 
 14      604    (0)    1 :  0.009 0.004 0.003 0.950 0.011 0.012 0.012 
 15      605    (0)    1 :  0.030 0.010 0.005 0.801 0.037 0.021 0.096 
 16      606    (0)    1 :  0.010 0.012 0.028 0.891 0.017 0.010 0.032 
 17      607    (0)    1 :  0.008 0.003 0.003 0.963 0.007 0.010 0.006 
 18      608    (0)    1 :  0.003 0.009 0.003 0.965 0.006 0.007 0.007 
 19      609    (0)    1 :  0.003 0.005 0.004 0.964 0.008 0.009 0.008 
 20      610    (0)    1 :  0.009 0.036 0.004 0.694 0.125 0.101 0.031 
 21      611    (2)    1 :  0.006 0.004 0.003 0.965 0.007 0.009 0.007 
 22      612    (0)    1 :  0.039 0.008 0.002 0.916 0.012 0.015 0.008 
 23      755    (0)    1 :  0.036 0.020 0.002 0.803 0.047 0.072 0.020 
 24      756    (0)    1 :  0.003 0.009 0.004 0.965 0.006 0.007 0.007 
 25      757    (0)    1 :  0.006 0.009 0.003 0.948 0.009 0.010 0.015 
 26      212    (0)    2 :  0.984 0.004 0.001 0.002 0.003 0.003 0.003 
 27      213    (0)    2 :  0.974 0.006 0.003 0.003 0.004 0.004 0.005 
 28      214    (0)    2 :  0.974 0.004 0.001 0.005 0.005 0.005 0.006 
 29      215    (0)    2 :  0.975 0.005 0.004 0.004 0.004 0.004 0.004 
 30      216    (0)    2 :  0.981 0.004 0.002 0.003 0.003 0.004 0.003 
 31      217    (0)    2 :  0.973 0.004 0.002 0.004 0.005 0.005 0.007 
 32      218    (0)    2 :  0.984 0.003 0.002 0.003 0.003 0.003 0.003 
 33      332    (0)    2 :  0.926 0.013 0.006 0.022 0.009 0.009 0.015 
 34      333    (0)    2 :  0.907 0.007 0.011 0.030 0.016 0.016 0.013 
 35      334    (0)    2 :  0.970 0.005 0.003 0.007 0.005 0.005 0.005 
 36      335    (0)    2 :  0.983 0.004 0.002 0.003 0.003 0.003 0.003 
 37      336    (0)    2 :  0.971 0.003 0.013 0.005 0.003 0.003 0.003 
 38      337    (0)    2 :  0.966 0.003 0.002 0.011 0.005 0.006 0.007 
 39      673    (0)    2 :  0.991 0.002 0.001 0.002 0.001 0.001 0.001 
 40      674    (0)    2 :  0.974 0.004 0.002 0.006 0.006 0.006 0.004 
 41      675    (0)    2 :  0.971 0.006 0.004 0.005 0.005 0.005 0.004 
 42      676    (0)    2 :  0.969 0.007 0.001 0.006 0.005 0.004 0.007 
 43      677    (0)    2 :  0.979 0.004 0.003 0.004 0.004 0.003 0.004 
 44      678    (0)    2 :  0.942 0.009 0.005 0.005 0.014 0.014 0.011 
 45      679    (0)    2 :  0.940 0.004 0.002 0.017 0.011 0.013 0.012 
 46      680    (0)    2 :  0.961 0.007 0.005 0.012 0.005 0.006 0.004 
 47      681    (0)    2 :  0.970 0.004 0.002 0.006 0.005 0.006 0.007 
 48      682    (0)    2 :  0.986 0.002 0.004 0.002 0.002 0.002 0.002 
 49      683    (0)    2 :  0.972 0.004 0.002 0.007 0.005 0.006 0.004 
 50      684    (0)    2 :  0.972 0.005 0.003 0.005 0.005 0.005 0.004 
 51      685    (0)    2 :  0.969 0.003 0.003 0.008 0.005 0.006 0.005 
 52      686    (0)    2 :  0.985 0.002 0.003 0.003 0.002 0.002 0.002 
 53      687    (0)    2 :  0.985 0.003 0.002 0.003 0.002 0.002 0.002 
 54      688    (0)    2 :  0.974 0.007 0.002 0.006 0.004 0.003 0.004 
 55      070    (0)    3 :  0.002 0.002 0.980 0.003 0.005 0.004 0.004 
 56      071    (0)    3 :  0.006 0.003 0.978 0.004 0.003 0.003 0.003 
 57      072    (0)    3 :  0.001 0.002 0.989 0.002 0.002 0.002 0.002 
 58      151    (0)    3 :  0.002 0.002 0.990 0.002 0.002 0.002 0.002 
 59      152    (0)    3 :  0.002 0.004 0.972 0.004 0.006 0.006 0.006 
 60      153    (2)    3 :  0.002 0.001 0.991 0.002 0.002 0.001 0.002 
 61      788    (4)    3 :  0.002 0.003 0.984 0.002 0.003 0.003 0.003 
 62      789    (2)    3 :  0.003 0.002 0.988 0.002 0.002 0.002 0.002 
 63      790    (0)    3 :  0.001 0.002 0.989 0.002 0.002 0.002 0.002 
 64      010    (0)    4 :  0.004 0.006 0.002 0.014 0.210 0.563 0.200 
 65      024    (0)    4 :  0.011 0.021 0.006 0.011 0.794 0.127 0.029 
 66      051    (0)    4 :  0.008 0.006 0.017 0.310 0.258 0.264 0.136 
 67      090    (0)    4 :  0.005 0.011 0.006 0.052 0.296 0.561 0.069 
 68      102    (0)    4 :  0.003 0.254 0.002 0.028 0.244 0.390 0.080 
 69      111    (0)    4 :  0.004 0.016 0.002 0.011 0.268 0.341 0.359 
 70      113    (0)    4 :  0.005 0.059 0.006 0.139 0.265 0.350 0.176 
 71      138    (0)    4 :  0.076 0.014 0.041 0.017 0.231 0.106 0.516 
 72      150    (0)    4 :  0.005 0.594 0.013 0.116 0.105 0.037 0.129 
 73      173    (2)    4 :  0.016 0.038 0.021 0.336 0.437 0.078 0.073 
 74      174    (2)    4 :  0.004 0.005 0.026 0.018 0.115 0.189 0.644 
 75      175    (0)    4 :  0.003 0.008 0.006 0.034 0.647 0.248 0.053 
 76      176    (0)    4 :  0.013 0.011 0.006 0.010 0.504 0.331 0.125 
 77      177    (0)    4 :  0.002 0.014 0.004 0.343 0.332 0.113 0.192 
 78      180    (0)    4 :  0.007 0.007 0.004 0.177 0.314 0.228 0.264 
 79      184    (0)    4 :  0.005 0.048 0.012 0.027 0.252 0.134 0.522 
 80      195    (0)    4 :  0.015 0.018 0.006 0.021 0.388 0.470 0.082 
 81      198    (0)    4 :  0.007 0.009 0.003 0.016 0.268 0.177 0.521 
 82      203    (0)    4 :  0.005 0.013 0.011 0.017 0.324 0.598 0.032 
 83      211    (0)    4 :  0.094 0.032 0.003 0.011 0.606 0.165 0.089 
 84      220    (0)    4 :  0.008 0.138 0.002 0.119 0.267 0.347 0.120 
 85      233    (0)    4 :  0.032 0.051 0.004 0.039 0.518 0.333 0.022 
 86      331    (0)    4 :  0.005 0.009 0.008 0.034 0.258 0.627 0.058 
 87      349    (0)    4 :  0.005 0.014 0.007 0.218 0.207 0.525 0.024 
 88      410    (0)    4 :  0.026 0.005 0.003 0.016 0.391 0.085 0.474 
 89      417    (2)    4 :  0.005 0.009 0.002 0.007 0.162 0.336 0.479 
 90      421    (0)    5 :  0.006 0.939 0.002 0.006 0.013 0.023 0.012 
 91      423    (0)    5 :  0.003 0.006 0.007 0.017 0.388 0.528 0.051 
 92      424    (0)    5 :  0.003 0.009 0.002 0.468 0.188 0.090 0.240 
 93      433    (0)    5 :  0.017 0.406 0.002 0.007 0.104 0.050 0.414 
 94      462    (0)    5 :  0.023 0.139 0.002 0.130 0.274 0.188 0.243 
 95      463    (0)    5 :  0.004 0.009 0.003 0.019 0.266 0.374 0.325 
 96      467    (0)    5 :  0.012 0.939 0.007 0.012 0.011 0.010 0.008 
 97      468    (0)    5 :  0.002 0.128 0.004 0.407 0.034 0.411 0.015 
 98      469    (0)    5 :  0.003 0.559 0.002 0.009 0.158 0.096 0.173 
 99      472    (0)    5 :  0.008 0.015 0.004 0.008 0.656 0.147 0.161 
100      473    (0)    5 :  0.007 0.010 0.002 0.142 0.136 0.676 0.026 
101      474    (0)    5 :  0.012 0.869 0.002 0.029 0.011 0.041 0.036 
102      475    (0)    5 :  0.003 0.387 0.003 0.013 0.135 0.394 0.064 
103      476    (2)    5 :  0.030 0.814 0.013 0.024 0.032 0.076 0.011 
104      477    (0)    5 :  0.019 0.020 0.005 0.009 0.351 0.569 0.028 
105      478    (0)    5 :  0.003 0.072 0.002 0.019 0.372 0.509 0.023 
106      479    (0)    5 :  0.004 0.433 0.004 0.018 0.067 0.031 0.443 
107      480    (0)    5 :  0.003 0.964 0.002 0.007 0.008 0.010 0.007 
108      481    (0)    5 :  0.003 0.047 0.035 0.018 0.408 0.182 0.307 
109      482    (0)    5 :  0.038 0.040 0.003 0.012 0.403 0.256 0.248 
110      489    (0)    5 :  0.015 0.036 0.005 0.012 0.495 0.257 0.181 
111      490    (0)    5 :  0.003 0.009 0.003 0.014 0.022 0.012 0.937 
112      491    (0)    5 :  0.108 0.019 0.009 0.071 0.520 0.124 0.149 
113      492    (0)    5 :  0.020 0.659 0.005 0.047 0.087 0.128 0.055 
114      493    (0)    5 :  0.007 0.654 0.013 0.032 0.135 0.134 0.025 
115      494    (0)    5 :  0.038 0.163 0.019 0.025 0.199 0.088 0.468 
116      498    (0)    5 :  0.004 0.019 0.008 0.012 0.429 0.162 0.366 
117      499    (0)    5 :  0.008 0.018 0.004 0.068 0.408 0.388 0.106 
118      709    (0)    5 :  0.011 0.016 0.081 0.012 0.286 0.136 0.458 
119      710    (4)    5 :  0.003 0.077 0.006 0.004 0.295 0.518 0.097 
120      711    (2)    5 :  0.004 0.015 0.007 0.111 0.302 0.366 0.195 
121      712    (4)    5 :  0.003 0.009 0.002 0.009 0.012 0.010 0.954 
122      713    (0)    5 :  0.008 0.005 0.004 0.011 0.449 0.491 0.033 
123      714    (2)    5 :  0.002 0.923 0.011 0.019 0.015 0.021 0.008 
124      715    (4)    5 :  0.036 0.870 0.011 0.022 0.021 0.011 0.029 
125      716    (0)    5 :  0.003 0.951 0.003 0.005 0.012 0.011 0.015 
126      717    (2)    5 :  0.009 0.368 0.003 0.012 0.134 0.432 0.042 
127      718    (4)    5 :  0.002 0.029 0.003 0.025 0.073 0.063 0.804 
128      719    (0)    5 :  0.002 0.977 0.002 0.003 0.005 0.006 0.005 
129      720    (2)    5 :  0.010 0.904 0.002 0.013 0.026 0.035 0.010 
130      721    (0)    5 :  0.007 0.328 0.031 0.039 0.194 0.317 0.084 
131      722    (4)    5 :  0.002 0.972 0.002 0.006 0.005 0.007 0.006 
132      723    (0)    5 :  0.008 0.914 0.008 0.004 0.039 0.015 0.012 
133      724    (0)    5 :  0.008 0.924 0.004 0.008 0.025 0.014 0.017 
134      725    (0)    5 :  0.011 0.020 0.004 0.013 0.476 0.429 0.048 
135      726    (0)    5 :  0.006 0.106 0.007 0.026 0.383 0.410 0.062 
136      727    (0)    5 :  0.013 0.067 0.008 0.017 0.317 0.177 0.401 
137      728    (2)    5 :  0.006 0.014 0.072 0.012 0.660 0.183 0.055 
138      729    (6)    5 :  0.004 0.034 0.004 0.016 0.662 0.115 0.165 
139      730    (2)    5 :  0.005 0.023 0.006 0.010 0.030 0.020 0.904 
140      731    (2)    5 :  0.002 0.006 0.002 0.007 0.078 0.047 0.857 
141      732    (0)    5 :  0.006 0.196 0.003 0.024 0.519 0.161 0.092 
142      733    (0)    5 :  0.003 0.088 0.005 0.015 0.293 0.259 0.336 
143      734    (2)    5 :  0.096 0.025 0.009 0.078 0.364 0.156 0.271 
144      735    (4)    5 :  0.007 0.025 0.003 0.035 0.267 0.606 0.057 
145      736    (2)    5 :  0.019 0.007 0.016 0.016 0.134 0.098 0.710 
146      737    (0)    5 :  0.003 0.005 0.012 0.020 0.067 0.027 0.865 
147      738    (2)    5 :  0.005 0.009 0.003 0.068 0.285 0.129 0.501 
148      739    (8)    5 :  0.006 0.023 0.012 0.015 0.102 0.041 0.801 
149      740    (4)    5 :  0.003 0.057 0.002 0.004 0.165 0.047 0.723 
150      741    (2)    5 :  0.016 0.099 0.002 0.020 0.213 0.111 0.540 
151      742    (4)    5 :  0.005 0.013 0.007 0.072 0.128 0.161 0.614 
152      743    (2)    5 :  0.010 0.951 0.002 0.006 0.010 0.009 0.011 
153      744    (0)    5 :  0.004 0.087 0.027 0.009 0.516 0.241 0.116 
154      745    (0)    5 :  0.006 0.405 0.016 0.010 0.152 0.374 0.038 
155      746    (2)    5 :  0.006 0.007 0.005 0.013 0.259 0.224 0.486 
156      747    (2)    5 :  0.022 0.010 0.005 0.048 0.112 0.103 0.700 
157      748    (0)    5 :  0.014 0.015 0.005 0.284 0.422 0.190 0.069 
158      749    (2)    5 :  0.017 0.008 0.010 0.089 0.619 0.186 0.072 
159      750    (4)    5 :  0.005 0.011 0.005 0.014 0.459 0.188 0.318 
160      751    (0)    5 :  0.007 0.015 0.015 0.075 0.467 0.354 0.066 
161      752    (2)    5 :  0.003 0.244 0.002 0.377 0.045 0.302 0.027 
162      753    (4)    5 :  0.028 0.028 0.007 0.042 0.152 0.717 0.026 
163      754    (2)    5 :  0.003 0.005 0.003 0.005 0.010 0.006 0.967 
164      155    (0)    6 :  0.037 0.017 0.004 0.009 0.611 0.284 0.038 
165      156    (2)    6 :  0.006 0.013 0.118 0.010 0.393 0.388 0.072 
166      157    (2)    6 :  0.008 0.009 0.002 0.008 0.029 0.021 0.923 
167      158    (0)    6 :  0.008 0.018 0.004 0.037 0.643 0.130 0.159 
168      159    (0)    6 :  0.003 0.015 0.009 0.010 0.325 0.523 0.115 
169      160    (0)    6 :  0.009 0.385 0.003 0.066 0.094 0.073 0.371 
170      161    (0)    6 :  0.009 0.031 0.003 0.013 0.195 0.040 0.708 
171      162    (0)    6 :  0.006 0.340 0.007 0.028 0.224 0.386 0.010 
172      163    (2)    6 :  0.004 0.007 0.009 0.085 0.289 0.352 0.254 
173      164    (0)    6 :  0.020 0.015 0.002 0.014 0.232 0.647 0.069 
174      165    (2)    6 :  0.005 0.007 0.005 0.004 0.234 0.287 0.458 
175      427    (0)    6 :  0.074 0.867 0.010 0.013 0.014 0.013 0.009 
176      428    (0)    6 :  0.004 0.946 0.003 0.021 0.008 0.013 0.004 
177      429    (0)    6 :  0.003 0.964 0.004 0.006 0.011 0.007 0.005 
178      430    (0)    6 :  0.005 0.050 0.002 0.259 0.239 0.323 0.122 
179      431    (0)    6 :  0.004 0.943 0.002 0.010 0.014 0.013 0.015 
180      435    (0)    6 :  0.002 0.981 0.002 0.004 0.004 0.005 0.004 
181      436    (0)    6 :  0.004 0.978 0.002 0.004 0.005 0.005 0.004 
182      437    (0)    6 :  0.006 0.944 0.002 0.006 0.014 0.016 0.013 
183      438    (0)    6 :  0.002 0.865 0.006 0.019 0.028 0.061 0.020 
184      439    (0)    6 :  0.005 0.559 0.006 0.027 0.130 0.140 0.133 
185      441    (0)    6 :  0.003 0.061 0.001 0.514 0.015 0.399 0.005 
186      442    (0)    6 :  0.185 0.748 0.006 0.017 0.022 0.016 0.006 
187      443    (4)    6 :  0.002 0.952 0.003 0.012 0.008 0.010 0.012 
188      444    (4)    6 :  0.011 0.956 0.005 0.006 0.009 0.007 0.006 
189      445    (2)    6 :  0.004 0.467 0.007 0.006 0.191 0.312 0.014 
190      446    (0)    6 :  0.006 0.966 0.004 0.006 0.006 0.005 0.006 
191      447    (0)    6 :  0.004 0.959 0.004 0.006 0.009 0.010 0.009 
192      449    (0)    6 :  0.005 0.979 0.002 0.003 0.004 0.003 0.003 
193      460    (0)    6 :  0.005 0.903 0.002 0.009 0.015 0.057 0.008 
194      461    (0)    6 :  0.010 0.591 0.002 0.046 0.112 0.041 0.197 
195      484    (0)    6 :  0.018 0.083 0.006 0.243 0.291 0.077 0.282 
196      485    (0)    6 :  0.004 0.964 0.002 0.003 0.009 0.009 0.010 
197      486    (0)    6 :  0.004 0.036 0.002 0.505 0.019 0.426 0.008 
198      487    (0)    6 :  0.010 0.816 0.003 0.019 0.047 0.077 0.028 
199      178    (0)    7 :  0.006 0.729 0.011 0.018 0.087 0.081 0.069 
200      422    (0)    7 :  0.003 0.966 0.003 0.005 0.006 0.005 0.011 
201      425    (0)    7 :  0.003 0.940 0.001 0.007 0.020 0.013 0.017 
202      426    (0)    7 :  0.023 0.095 0.104 0.222 0.381 0.060 0.115 
203      432    (0)    7 :  0.012 0.432 0.011 0.084 0.264 0.168 0.029 
204      434    (0)    7 :  0.006 0.968 0.003 0.006 0.005 0.005 0.006 
205      440    (0)    7 :  0.017 0.699 0.002 0.042 0.103 0.120 0.017 
206      448    (2)    7 :  0.026 0.935 0.002 0.012 0.009 0.007 0.010 
207      456    (0)    7 :  0.009 0.197 0.003 0.023 0.583 0.155 0.031 
208      457    (0)    7 :  0.005 0.727 0.006 0.036 0.056 0.154 0.016 
209      458    (0)    7 :  0.019 0.320 0.007 0.067 0.242 0.036 0.309 
210      459    (0)    7 :  0.005 0.914 0.003 0.017 0.021 0.016 0.023 
211      464    (0)    7 :  0.007 0.960 0.004 0.005 0.008 0.010 0.007 
212      465    (0)    7 :  0.002 0.946 0.001 0.005 0.012 0.009 0.026 
213      466    (0)    7 :  0.005 0.895 0.002 0.010 0.030 0.024 0.035 
214      470    (0)    7 :  0.005 0.963 0.002 0.010 0.006 0.009 0.006 
215      471    (0)    7 :  0.003 0.900 0.019 0.032 0.018 0.017 0.010 
216      483    (0)    7 :  0.012 0.846 0.004 0.019 0.037 0.017 0.065 
217      488    (0)    7 :  0.007 0.671 0.003 0.026 0.078 0.055 0.160 
218      495    (0)    7 :  0.003 0.955 0.001 0.006 0.009 0.006 0.019 
219      496    (0)    7 :  0.002 0.932 0.003 0.007 0.014 0.011 0.031 
220      497    (0)    7 :  0.037 0.902 0.003 0.003 0.021 0.027 0.007 
221      500    (0)    7 :  0.004 0.196 0.003 0.017 0.170 0.226 0.383 
222      879    (0)    7 :  0.014 0.915 0.003 0.020 0.015 0.010 0.023 
223      036    (0)    8 :  0.002 0.015 0.004 0.005 0.706 0.234 0.033 
224      063    (2)    8 :  0.014 0.035 0.004 0.059 0.355 0.282 0.251 
225      094    (4)    8 :  0.010 0.053 0.005 0.018 0.156 0.093 0.664 
226      103    (4)    8 :  0.006 0.007 0.003 0.004 0.184 0.324 0.472 
227      112    (0)    8 :  0.006 0.007 0.004 0.047 0.306 0.221 0.408 
228      114    (2)    8 :  0.004 0.044 0.003 0.006 0.462 0.261 0.219 
229      120    (0)    8 :  0.005 0.014 0.002 0.021 0.059 0.048 0.851 
230      127    (2)    8 :  0.006 0.011 0.003 0.205 0.482 0.186 0.106 
231      147    (0)    8 :  0.007 0.014 0.058 0.342 0.383 0.096 0.100 
232      166    (0)    8 :  0.018 0.037 0.031 0.106 0.412 0.281 0.116 
233      167    (0)    8 :  0.006 0.202 0.007 0.010 0.283 0.409 0.084 
234      168    (0)    8 :  0.005 0.012 0.003 0.004 0.363 0.590 0.022 
235      169    (2)    8 :  0.006 0.419 0.006 0.060 0.213 0.182 0.115 
236      170    (0)    8 :  0.037 0.009 0.005 0.032 0.279 0.360 0.279 
237      171    (2)    8 :  0.005 0.007 0.013 0.031 0.220 0.571 0.154 
238      172    (0)    8 :  0.004 0.013 0.012 0.012 0.034 0.020 0.904 
239      185    (0)    8 :  0.006 0.069 0.005 0.036 0.364 0.482 0.039 
240      199    (2)    8 :  0.219 0.006 0.006 0.010 0.147 0.585 0.026 
241      339    (0)    8 :  0.008 0.511 0.009 0.025 0.183 0.246 0.018 
242      355    (0)    8 :  0.090 0.004 0.013 0.009 0.381 0.478 0.024 
243      356    (0)    8 :  0.005 0.007 0.004 0.007 0.067 0.024 0.887 
244      357    (0)    8 :  0.018 0.013 0.013 0.030 0.569 0.152 0.205 
245      358    (0)    8 :  0.003 0.012 0.006 0.027 0.758 0.179 0.015 
246      359    (0)    8 :  0.008 0.007 0.002 0.018 0.483 0.194 0.287 
247      360    (0)    8 :  0.005 0.032 0.010 0.023 0.646 0.215 0.070 
248      361    (0)    8 :  0.003 0.072 0.002 0.014 0.051 0.026 0.832 
249      362    (0)    8 :  0.004 0.084 0.006 0.084 0.430 0.337 0.055 
250      363    (0)    8 :  0.056 0.018 0.016 0.673 0.134 0.056 0.048 
251      364    (0)    8 :  0.052 0.016 0.003 0.060 0.379 0.276 0.214 
252      365    (0)    8 :  0.004 0.062 0.011 0.007 0.679 0.143 0.094 
253      366    (0)    8 :  0.003 0.005 0.023 0.017 0.739 0.077 0.136 
254      367    (0)    8 :  0.003 0.007 0.009 0.009 0.179 0.769 0.024 
255      368    (0)    8 :  0.004 0.005 0.015 0.027 0.275 0.648 0.026 
256      369    (0)    8 :  0.005 0.005 0.005 0.010 0.385 0.543 0.048 
257      370    (0)    8 :  0.007 0.010 0.013 0.013 0.104 0.048 0.805 
258      371    (0)    8 :  0.007 0.012 0.003 0.005 0.602 0.339 0.033 
259      372    (0)    8 :  0.340 0.549 0.004 0.040 0.031 0.016 0.020 
260      373    (0)    8 :  0.039 0.021 0.003 0.005 0.321 0.100 0.510 
261      380    (0)    8 :  0.011 0.011 0.006 0.032 0.368 0.101 0.470 
262      388    (0)    8 :  0.019 0.008 0.008 0.031 0.314 0.041 0.580 
263      418    (0)    8 :  0.044 0.014 0.007 0.028 0.427 0.400 0.080 
264      419    (0)    8 :  0.003 0.026 0.006 0.010 0.350 0.554 0.051 
265      420    (0)    8 :  0.057 0.136 0.038 0.020 0.495 0.126 0.128 
266      409    (0)    9 :  0.004 0.022 0.002 0.008 0.104 0.558 0.301 
267      414    (0)    9 :  0.008 0.008 0.003 0.014 0.185 0.724 0.058 
268      415    (2)    9 :  0.013 0.007 0.004 0.020 0.345 0.480 0.131 
269      416    (0)    9 :  0.014 0.085 0.003 0.015 0.313 0.481 0.089 


Estimated Allele Frequencies in each cluster
First column gives estimated ancestral frequencies


Locus 1 : 1 
4 alleles
0.0% missing data
  89   (0.554) 0.640 0.546 0.067 0.579 0.555 0.562 0.530 
  91   (0.370) 0.311 0.396 0.694 0.403 0.369 0.353 0.418 
  93   (0.057) 0.048 0.039 0.101 0.014 0.057 0.068 0.045 
  99   (0.019) 0.001 0.019 0.138 0.004 0.019 0.018 0.007 

Locus 2 : 2 
6 alleles
1.9% missing data
 134   (0.229) 0.371 0.263 0.026 0.409 0.229 0.229 0.200 
 136   (0.358) 0.460 0.083 0.197 0.383 0.359 0.343 0.473 
 142   (0.025) 0.002 0.107 0.003 0.018 0.025 0.018 0.020 
 138   (0.302) 0.161 0.497 0.764 0.166 0.302 0.307 0.235 
 140   (0.059) 0.004 0.045 0.007 0.020 0.059 0.060 0.061 
 132   (0.026) 0.002 0.004 0.003 0.005 0.026 0.043 0.010 

Locus 3 : 3 
6 alleles
0.0% missing data
 181   (0.266) 0.074 0.329 0.183 0.388 0.266 0.247 0.193 
 179   (0.229) 0.015 0.236 0.028 0.356 0.229 0.262 0.263 
 187   (0.330) 0.263 0.208 0.769 0.196 0.330 0.335 0.370 
 185   (0.092) 0.454 0.089 0.010 0.039 0.091 0.089 0.082 
 191   (0.029) 0.190 0.005 0.003 0.006 0.029 0.029 0.012 
 175   (0.055) 0.004 0.132 0.007 0.015 0.055 0.039 0.080 

Locus 4 : 4 
10 alleles
0.4% missing data
 253   (0.504) 0.466 0.520 0.599 0.598 0.504 0.544 0.519 
 241   (0.157) 0.152 0.151 0.177 0.160 0.157 0.137 0.168 
 269   (0.172) 0.103 0.262 0.204 0.172 0.172 0.168 0.163 
 255   (0.007) 0.001 0.005 0.001 0.003 0.007 0.003 0.002 
 247   (0.080) 0.274 0.049 0.009 0.044 0.080 0.077 0.073 
 245   (0.007) 0.000 0.001 0.001 0.001 0.007 0.004 0.002 
 249   (0.018) 0.001 0.002 0.003 0.004 0.018 0.023 0.008 
 271   (0.034) 0.002 0.008 0.004 0.012 0.035 0.034 0.033 
 239   (0.012) 0.001 0.001 0.001 0.005 0.012 0.006 0.017 
 273   (0.009) 0.001 0.001 0.001 0.002 0.009 0.004 0.016 

Locus 5 : 5 
6 alleles
0.4% missing data
 103   (0.835) 0.976 0.948 0.980 0.915 0.835 0.847 0.823 
 104   (0.065) 0.004 0.028 0.007 0.027 0.065 0.066 0.079 
 105   (0.055) 0.004 0.018 0.006 0.043 0.055 0.058 0.071 
 101   (0.011) 0.014 0.001 0.001 0.004 0.011 0.006 0.004 
 102   (0.021) 0.001 0.003 0.003 0.008 0.021 0.012 0.014 
 107   (0.014) 0.001 0.002 0.001 0.003 0.014 0.010 0.009 

Locus 6 : 6 
5 alleles
0.0% missing data
 141   (0.254) 0.140 0.262 0.029 0.354 0.253 0.308 0.214 
 145   (0.457) 0.266 0.541 0.415 0.415 0.457 0.429 0.499 
 135   (0.212) 0.286 0.183 0.548 0.128 0.212 0.205 0.206 
 147   (0.068) 0.308 0.012 0.008 0.102 0.068 0.053 0.066 
 137   (0.009) 0.001 0.001 0.001 0.002 0.009 0.005 0.015 

Locus 7 : 7 
10 alleles
1.9% missing data
  97   (0.194) 0.253 0.131 0.131 0.162 0.194 0.226 0.127 
 103   (0.314) 0.513 0.347 0.043 0.472 0.314 0.307 0.323 
  93   (0.208) 0.071 0.299 0.787 0.225 0.207 0.192 0.234 
  91   (0.070) 0.150 0.033 0.011 0.049 0.070 0.067 0.059 
  89   (0.071) 0.005 0.112 0.009 0.052 0.071 0.077 0.087 
  85   (0.049) 0.003 0.035 0.007 0.021 0.049 0.036 0.047 
  83   (0.068) 0.004 0.040 0.009 0.014 0.068 0.066 0.109 
 105   (0.012) 0.001 0.002 0.001 0.002 0.012 0.016 0.005 
 101   (0.007) 0.000 0.001 0.001 0.001 0.007 0.005 0.006 
  99   (0.007) 0.000 0.001 0.001 0.001 0.007 0.007 0.002 

Locus 8 : 8 
8 alleles
0.0% missing data
 129   (0.551) 0.636 0.702 0.205 0.431 0.551 0.570 0.613 
 143   (0.263) 0.135 0.193 0.680 0.430 0.263 0.255 0.250 
 141   (0.050) 0.207 0.022 0.006 0.077 0.050 0.036 0.027 
 149   (0.077) 0.017 0.070 0.008 0.048 0.077 0.089 0.070 
 127   (0.019) 0.001 0.002 0.055 0.004 0.019 0.016 0.008 
 131   (0.014) 0.002 0.007 0.043 0.003 0.014 0.007 0.005 
 133   (0.020) 0.001 0.003 0.002 0.005 0.019 0.024 0.021 
 145   (0.007) 0.000 0.001 0.001 0.001 0.007 0.003 0.006 

Locus 9 : 9 
4 alleles
0.0% missing data
 195   (0.136) 0.053 0.266 0.346 0.207 0.136 0.112 0.126 
 191   (0.389) 0.540 0.306 0.344 0.478 0.389 0.415 0.353 
 189   (0.467) 0.406 0.426 0.309 0.313 0.468 0.470 0.512 
 197   (0.007) 0.000 0.001 0.001 0.001 0.007 0.003 0.008 

Locus 10 : 10 
7 alleles
0.4% missing data
 238   (0.565) 0.351 0.771 0.376 0.689 0.565 0.589 0.528 
 252   (0.096) 0.037 0.064 0.012 0.117 0.096 0.079 0.122 
 232   (0.253) 0.280 0.155 0.224 0.155 0.253 0.262 0.296 
 254   (0.043) 0.247 0.005 0.383 0.031 0.043 0.036 0.029 
 248   (0.023) 0.084 0.003 0.003 0.004 0.023 0.019 0.012 
 250   (0.014) 0.001 0.002 0.002 0.003 0.014 0.011 0.011 
 236   (0.007) 0.001 0.001 0.001 0.002 0.007 0.004 0.004 

Locus 11 : 11 
4 alleles
0.0% missing data
  87   (0.709) 0.538 0.838 0.966 0.677 0.709 0.734 0.676 
  89   (0.236) 0.381 0.137 0.028 0.310 0.236 0.219 0.232 
  91   (0.040) 0.081 0.023 0.004 0.009 0.040 0.026 0.078 
  85   (0.015) 0.001 0.002 0.002 0.004 0.015 0.021 0.014 

Locus 12 : 12 
13 alleles
0.4% missing data
 162   (0.249) 0.233 0.271 0.071 0.464 0.248 0.278 0.250 
 158   (0.228) 0.026 0.184 0.028 0.176 0.228 0.222 0.260 
 161   (0.105) 0.017 0.118 0.121 0.134 0.105 0.072 0.140 
 147   (0.040) 0.002 0.037 0.005 0.082 0.040 0.038 0.019 
 160   (0.214) 0.711 0.260 0.577 0.080 0.215 0.198 0.203 
 143   (0.032) 0.002 0.004 0.184 0.006 0.032 0.046 0.030 
 154   (0.021) 0.001 0.002 0.002 0.008 0.021 0.026 0.011 
 170   (0.049) 0.003 0.037 0.006 0.010 0.049 0.057 0.060 
 149   (0.025) 0.002 0.059 0.003 0.031 0.025 0.038 0.009 
 153   (0.013) 0.001 0.002 0.001 0.003 0.013 0.013 0.009 
 150   (0.007) 0.000 0.007 0.001 0.001 0.007 0.003 0.002 
 159   (0.010) 0.001 0.018 0.001 0.002 0.010 0.004 0.006 
 164   (0.007) 0.000 0.001 0.001 0.001 0.007 0.004 0.002 

Locus 13 : 13 
5 alleles
0.0% missing data
 108   (0.196) 0.200 0.108 0.331 0.151 0.196 0.168 0.263 
 113   (0.338) 0.510 0.372 0.572 0.356 0.338 0.342 0.278 
 115   (0.451) 0.289 0.518 0.096 0.490 0.451 0.482 0.453 
 109   (0.007) 0.000 0.001 0.001 0.001 0.007 0.004 0.003 
 110   (0.007) 0.000 0.001 0.001 0.001 0.007 0.004 0.003 

Locus 14 : 14 
5 alleles
1.1% missing data
 229   (0.511) 0.423 0.509 0.099 0.360 0.511 0.529 0.633 
 231   (0.157) 0.347 0.023 0.268 0.388 0.157 0.157 0.146 
 225   (0.148) 0.207 0.101 0.225 0.139 0.148 0.122 0.101 
 227   (0.136) 0.020 0.327 0.257 0.048 0.136 0.134 0.097 
 233   (0.049) 0.003 0.039 0.150 0.065 0.048 0.059 0.022 

Locus 15 : 15 
4 alleles
0.4% missing data
 143   (0.835) 0.817 0.873 0.724 0.878 0.835 0.853 0.857 
 145   (0.090) 0.006 0.062 0.266 0.106 0.090 0.083 0.070 
 147   (0.058) 0.145 0.064 0.008 0.012 0.058 0.054 0.046 
 133   (0.018) 0.031 0.002 0.002 0.004 0.018 0.011 0.027 

Locus 16 : 16 
5 alleles
0.0% missing data
 154   (0.091) 0.182 0.021 0.209 0.059 0.091 0.094 0.066 
 156   (0.222) 0.493 0.210 0.517 0.276 0.222 0.183 0.336 
 158   (0.556) 0.209 0.633 0.258 0.493 0.557 0.563 0.507 
 160   (0.122) 0.115 0.123 0.014 0.171 0.122 0.156 0.087 
 152   (0.009) 0.001 0.013 0.001 0.002 0.008 0.004 0.004 

Locus 17 : 17 
5 alleles
0.0% missing data
  90   (0.669) 0.790 0.744 0.560 0.745 0.668 0.621 0.749 
 102   (0.201) 0.201 0.228 0.023 0.200 0.201 0.207 0.134 
 100   (0.051) 0.003 0.010 0.409 0.014 0.051 0.057 0.057 
  88   (0.072) 0.005 0.011 0.008 0.040 0.072 0.111 0.058 
 104   (0.007) 0.000 0.007 0.001 0.001 0.007 0.003 0.003 

Locus 18 : 18 
7 alleles
0.0% missing data
 140   (0.303) 0.183 0.255 0.285 0.474 0.303 0.303 0.262 
 127   (0.304) 0.065 0.299 0.551 0.239 0.304 0.310 0.362 
 146   (0.080) 0.218 0.092 0.009 0.094 0.080 0.071 0.078 
 148   (0.091) 0.214 0.079 0.010 0.106 0.091 0.090 0.049 
 138   (0.051) 0.003 0.040 0.126 0.034 0.051 0.038 0.038 
 150   (0.059) 0.309 0.146 0.006 0.022 0.059 0.053 0.055 
 142   (0.113) 0.007 0.090 0.013 0.030 0.113 0.135 0.157 

Locus 19 : 19 
7 alleles
0.0% missing data
 194   (0.561) 0.478 0.539 0.953 0.544 0.561 0.573 0.588 
 200   (0.108) 0.007 0.126 0.012 0.120 0.108 0.121 0.102 
 190   (0.104) 0.200 0.176 0.011 0.250 0.103 0.099 0.091 
 188   (0.197) 0.171 0.155 0.021 0.076 0.198 0.192 0.194 
 202   (0.016) 0.144 0.002 0.002 0.003 0.016 0.008 0.014 
 192   (0.007) 0.000 0.001 0.001 0.005 0.007 0.004 0.004 
 196   (0.007) 0.000 0.001 0.001 0.002 0.007 0.003 0.007 

Locus 20 : 20 
6 alleles
1.1% missing data
 252   (0.721) 0.725 0.778 0.387 0.714 0.721 0.727 0.790 
 246   (0.097) 0.049 0.050 0.161 0.141 0.097 0.104 0.073 
 250   (0.068) 0.142 0.061 0.341 0.078 0.068 0.079 0.034 
 254   (0.072) 0.081 0.097 0.104 0.056 0.071 0.051 0.066 
 248   (0.026) 0.002 0.004 0.003 0.005 0.026 0.031 0.023 
 244   (0.017) 0.001 0.009 0.004 0.006 0.017 0.009 0.014 

Locus 21 : 21 
7 alleles
0.4% missing data
 173   (0.277) 0.213 0.533 0.121 0.288 0.277 0.254 0.303 
 167   (0.184) 0.121 0.123 0.112 0.136 0.184 0.172 0.238 
 175   (0.150) 0.254 0.075 0.482 0.281 0.151 0.109 0.123 
 177   (0.276) 0.173 0.248 0.273 0.136 0.276 0.321 0.257 
 165   (0.046) 0.015 0.006 0.005 0.137 0.046 0.064 0.032 
 163   (0.040) 0.222 0.010 0.004 0.017 0.040 0.032 0.035 
 159   (0.026) 0.002 0.004 0.003 0.005 0.026 0.047 0.011 

Locus 22 : 22 
10 alleles
1.1% missing data
 152   (0.408) 0.366 0.593 0.493 0.495 0.408 0.376 0.506 
 164   (0.026) 0.002 0.004 0.003 0.047 0.026 0.019 0.024 
 146   (0.238) 0.142 0.303 0.076 0.181 0.238 0.253 0.223 
 158   (0.095) 0.107 0.020 0.011 0.129 0.095 0.114 0.102 
 166   (0.104) 0.007 0.034 0.116 0.081 0.104 0.111 0.065 
 162   (0.061) 0.073 0.018 0.008 0.052 0.061 0.067 0.049 
 156   (0.017) 0.301 0.011 0.002 0.005 0.017 0.009 0.006 
 150   (0.025) 0.002 0.007 0.109 0.005 0.025 0.032 0.013 
 148   (0.010) 0.001 0.001 0.180 0.002 0.010 0.005 0.004 
 142   (0.016) 0.001 0.009 0.002 0.003 0.016 0.015 0.008 

Locus 23 : 23 
7 alleles
0.7% missing data
 144   (0.170) 0.625 0.252 0.600 0.175 0.169 0.147 0.142 
 156   (0.126) 0.035 0.044 0.016 0.108 0.125 0.117 0.211 
 154   (0.563) 0.232 0.581 0.367 0.521 0.563 0.603 0.554 
 160   (0.097) 0.105 0.117 0.011 0.178 0.097 0.091 0.071 
 158   (0.027) 0.002 0.004 0.003 0.015 0.027 0.032 0.014 
 152   (0.007) 0.000 0.001 0.001 0.001 0.007 0.004 0.002 
 146   (0.010) 0.001 0.001 0.002 0.002 0.010 0.005 0.005 

Locus 24 : 24 
4 alleles
0.7% missing data
  81   (0.374) 0.026 0.398 0.298 0.282 0.375 0.400 0.376 
  83   (0.465) 0.917 0.429 0.683 0.588 0.465 0.482 0.414 
  77   (0.078) 0.051 0.080 0.009 0.080 0.078 0.056 0.088 
  85   (0.082) 0.006 0.092 0.009 0.050 0.082 0.062 0.121 

Locus 25 : 25 
6 alleles
0.4% missing data
 122   (0.098) 0.006 0.133 0.114 0.097 0.098 0.082 0.073 
 132   (0.324) 0.450 0.324 0.181 0.422 0.324 0.337 0.267 
 124   (0.526) 0.540 0.537 0.404 0.455 0.526 0.541 0.634 
 136   (0.017) 0.001 0.002 0.002 0.016 0.017 0.014 0.007 
 120   (0.018) 0.001 0.002 0.298 0.005 0.018 0.012 0.011 
 126   (0.017) 0.001 0.002 0.002 0.004 0.017 0.013 0.007 

Locus 26 : 26 
7 alleles
0.4% missing data
 165   (0.244) 0.059 0.272 0.323 0.332 0.245 0.214 0.217 
 183   (0.349) 0.426 0.305 0.294 0.454 0.349 0.396 0.340 
 175   (0.248) 0.443 0.339 0.031 0.159 0.248 0.245 0.248 
 181   (0.064) 0.066 0.009 0.008 0.032 0.064 0.058 0.115 
 179   (0.079) 0.005 0.073 0.343 0.021 0.080 0.079 0.073 
 185   (0.007) 0.000 0.001 0.001 0.001 0.007 0.004 0.005 
 157   (0.007) 0.000 0.001 0.001 0.001 0.007 0.004 0.002 

Locus 27 : 27 
4 alleles
0.4% missing data
 142   (0.646) 0.739 0.759 0.313 0.661 0.646 0.678 0.610 
 148   (0.202) 0.070 0.097 0.670 0.230 0.202 0.179 0.237 
 150   (0.118) 0.189 0.118 0.013 0.083 0.117 0.121 0.132 
 138   (0.035) 0.002 0.026 0.004 0.025 0.035 0.022 0.021 

Locus 28 : 28 
6 alleles
0.4% missing data
 262   (0.500) 0.549 0.387 0.845 0.637 0.499 0.461 0.630 
 260   (0.383) 0.378 0.518 0.140 0.318 0.383 0.433 0.281 
 256   (0.080) 0.071 0.062 0.011 0.038 0.080 0.075 0.066 
 258   (0.012) 0.001 0.001 0.001 0.002 0.012 0.017 0.004 
 266   (0.007) 0.001 0.007 0.001 0.001 0.007 0.003 0.002 
 264   (0.018) 0.001 0.025 0.002 0.003 0.018 0.010 0.017 

Locus 29 : 29 
7 alleles
0.0% missing data
 150   (0.441) 0.295 0.530 0.145 0.398 0.441 0.435 0.530 
 140   (0.171) 0.060 0.170 0.808 0.155 0.171 0.180 0.132 
 146   (0.293) 0.334 0.247 0.036 0.348 0.294 0.283 0.291 
 148   (0.051) 0.308 0.024 0.006 0.071 0.051 0.052 0.027 
 142   (0.007) 0.000 0.001 0.001 0.013 0.007 0.003 0.002 
 152   (0.029) 0.002 0.029 0.003 0.011 0.029 0.041 0.015 
 151   (0.007) 0.000 0.001 0.001 0.004 0.007 0.005 0.003 

Locus 30 : 30 
6 alleles
0.0% missing data
 127   (0.103) 0.084 0.046 0.597 0.168 0.103 0.120 0.067 
 123   (0.149) 0.102 0.240 0.017 0.120 0.149 0.131 0.158 
 129   (0.411) 0.777 0.592 0.202 0.430 0.411 0.414 0.388 
 125   (0.282) 0.033 0.082 0.135 0.268 0.282 0.294 0.341 
 121   (0.014) 0.001 0.002 0.044 0.003 0.014 0.007 0.007 
 131   (0.040) 0.003 0.038 0.005 0.011 0.040 0.034 0.040 

Locus 31 : 31 
5 alleles
0.4% missing data
 155   (0.550) 0.713 0.426 0.518 0.433 0.551 0.606 0.520 
 159   (0.168) 0.012 0.277 0.019 0.272 0.168 0.135 0.221 
 157   (0.188) 0.024 0.205 0.115 0.268 0.187 0.182 0.203 
 151   (0.033) 0.247 0.004 0.242 0.013 0.033 0.022 0.020 
 153   (0.061) 0.004 0.088 0.105 0.014 0.061 0.055 0.036 

Locus 32 : 32 
5 alleles
0.0% missing data
 150   (0.545) 0.635 0.596 0.403 0.497 0.545 0.537 0.584 
 146   (0.350) 0.314 0.344 0.585 0.264 0.351 0.350 0.362 
 148   (0.051) 0.047 0.015 0.006 0.136 0.051 0.070 0.019 
 154   (0.041) 0.003 0.009 0.004 0.100 0.041 0.033 0.030 
 152   (0.013) 0.001 0.035 0.001 0.003 0.013 0.009 0.005 

Locus 33 : 33 
6 alleles
0.0% missing data
 184   (0.188) 0.074 0.278 0.272 0.247 0.188 0.171 0.196 
 180   (0.466) 0.665 0.362 0.690 0.505 0.466 0.487 0.417 
 192   (0.163) 0.184 0.155 0.018 0.153 0.163 0.195 0.183 
 190   (0.021) 0.001 0.034 0.002 0.028 0.021 0.010 0.018 
 196   (0.104) 0.007 0.158 0.011 0.054 0.105 0.079 0.105 
 198   (0.057) 0.069 0.012 0.006 0.012 0.057 0.058 0.081 

Locus 34 : 34 
6 alleles
0.0% missing data
 106   (0.274) 0.697 0.400 0.227 0.369 0.274 0.223 0.349 
 110   (0.169) 0.075 0.108 0.216 0.206 0.169 0.202 0.137 
 112   (0.347) 0.066 0.389 0.040 0.320 0.347 0.383 0.348 
 108   (0.161) 0.114 0.092 0.114 0.078 0.162 0.149 0.131 
  96   (0.011) 0.046 0.001 0.001 0.002 0.011 0.009 0.004 
  90   (0.037) 0.002 0.010 0.401 0.025 0.037 0.034 0.032 

Locus 35 : 35 
9 alleles
0.0% missing data
 170   (0.266) 0.322 0.221 0.607 0.455 0.266 0.235 0.246 
 172   (0.305) 0.579 0.407 0.038 0.162 0.305 0.349 0.272 
 176   (0.091) 0.018 0.011 0.010 0.198 0.091 0.096 0.101 
 174   (0.165) 0.070 0.166 0.019 0.090 0.166 0.149 0.253 
 166   (0.048) 0.003 0.105 0.006 0.065 0.048 0.039 0.027 
 168   (0.062) 0.004 0.023 0.312 0.018 0.062 0.060 0.066 
 186   (0.017) 0.001 0.040 0.002 0.003 0.017 0.016 0.007 
 178   (0.039) 0.003 0.027 0.005 0.009 0.039 0.051 0.025 
 158   (0.007) 0.000 0.001 0.001 0.001 0.007 0.005 0.002 

Locus 36 : 36 
6 alleles
0.0% missing data
  85   (0.154) 0.232 0.130 0.491 0.150 0.153 0.159 0.182 
  95   (0.055) 0.004 0.073 0.006 0.074 0.055 0.040 0.028 
  89   (0.563) 0.513 0.674 0.374 0.531 0.564 0.589 0.568 
  81   (0.079) 0.005 0.024 0.009 0.145 0.079 0.078 0.101 
  83   (0.129) 0.244 0.095 0.015 0.095 0.129 0.118 0.113 
  91   (0.020) 0.001 0.004 0.104 0.004 0.020 0.015 0.007 

Locus 37 : 37 
10 alleles
0.0% missing data
 161   (0.336) 0.379 0.263 0.427 0.398 0.336 0.315 0.453 
 173   (0.260) 0.504 0.299 0.225 0.379 0.260 0.250 0.228 
 165   (0.241) 0.106 0.258 0.137 0.187 0.241 0.250 0.175 
 169   (0.092) 0.006 0.131 0.203 0.022 0.091 0.112 0.107 
 168   (0.013) 0.001 0.002 0.001 0.002 0.013 0.012 0.005 
 155   (0.018) 0.001 0.002 0.002 0.004 0.018 0.023 0.009 
 167   (0.015) 0.001 0.003 0.002 0.003 0.015 0.019 0.013 
 159   (0.010) 0.001 0.004 0.001 0.002 0.010 0.011 0.003 
 177   (0.007) 0.000 0.001 0.001 0.001 0.007 0.004 0.005 
 175   (0.008) 0.000 0.037 0.001 0.001 0.008 0.003 0.002 

Locus 38 : 38 
5 alleles
0.0% missing data
  81   (0.119) 0.116 0.071 0.014 0.238 0.118 0.146 0.077 
  87   (0.083) 0.130 0.052 0.553 0.103 0.083 0.053 0.069 
  89   (0.438) 0.102 0.566 0.051 0.247 0.439 0.469 0.505 
  85   (0.190) 0.466 0.219 0.174 0.218 0.190 0.166 0.172 
  91   (0.170) 0.185 0.092 0.208 0.195 0.170 0.166 0.177 

Locus 39 : 39 
4 alleles
0.7% missing data
 167   (0.781) 0.857 0.792 0.683 0.923 0.781 0.770 0.827 
 161   (0.186) 0.141 0.148 0.313 0.069 0.186 0.200 0.153 
 165   (0.026) 0.002 0.059 0.003 0.007 0.026 0.026 0.018 
 177   (0.007) 0.001 0.001 0.001 0.001 0.007 0.004 0.003 

Locus 40 : 40 
6 alleles
0.4% missing data
 228   (0.394) 0.238 0.520 0.536 0.443 0.394 0.405 0.395 
 240   (0.133) 0.263 0.134 0.016 0.151 0.133 0.116 0.131 
 238   (0.346) 0.120 0.289 0.085 0.249 0.347 0.361 0.382 
 236   (0.098) 0.378 0.053 0.360 0.107 0.098 0.084 0.064 
 224   (0.016) 0.001 0.002 0.002 0.049 0.016 0.026 0.007 
 232   (0.012) 0.001 0.001 0.001 0.002 0.012 0.008 0.021 

Locus 41 : 41 
7 alleles
0.0% missing data
 130   (0.513) 0.769 0.450 0.058 0.506 0.514 0.555 0.545 
 132   (0.121) 0.053 0.217 0.014 0.135 0.121 0.104 0.133 
 114   (0.048) 0.003 0.006 0.495 0.067 0.048 0.036 0.040 
 128   (0.117) 0.037 0.185 0.013 0.092 0.116 0.115 0.126 
 134   (0.126) 0.008 0.068 0.210 0.180 0.126 0.132 0.086 
 118   (0.068) 0.129 0.074 0.209 0.018 0.068 0.054 0.068 
 136   (0.007) 0.000 0.001 0.001 0.001 0.007 0.004 0.002 

Locus 42 : 42 
5 alleles
1.5% missing data
  92   (0.101) 0.007 0.060 0.054 0.086 0.101 0.090 0.173 
  96   (0.064) 0.004 0.022 0.104 0.058 0.064 0.055 0.082 
 102   (0.276) 0.475 0.340 0.571 0.382 0.276 0.259 0.200 
 104   (0.430) 0.415 0.499 0.051 0.367 0.431 0.475 0.431 
  98   (0.128) 0.099 0.079 0.219 0.107 0.128 0.121 0.113 

Locus 43 : 43 
6 alleles
2.2% missing data
 103   (0.320) 0.349 0.435 0.236 0.274 0.320 0.365 0.206 
 101   (0.305) 0.187 0.295 0.036 0.434 0.305 0.262 0.370 
  95   (0.205) 0.453 0.193 0.177 0.167 0.205 0.186 0.211 
  99   (0.142) 0.009 0.074 0.405 0.119 0.142 0.166 0.200 
  97   (0.020) 0.001 0.002 0.144 0.005 0.020 0.017 0.010 
  91   (0.008) 0.000 0.001 0.001 0.002 0.008 0.004 0.004 

Locus 44 : 44 
7 alleles
0.0% missing data
 181   (0.557) 0.858 0.716 0.516 0.622 0.557 0.492 0.628 
 191   (0.292) 0.102 0.189 0.278 0.293 0.292 0.357 0.284 
 177   (0.075) 0.005 0.050 0.009 0.059 0.076 0.073 0.050 
 189   (0.008) 0.030 0.001 0.001 0.001 0.007 0.003 0.002 
 179   (0.050) 0.003 0.006 0.193 0.020 0.050 0.061 0.029 
 183   (0.010) 0.001 0.001 0.001 0.002 0.010 0.011 0.004 
 193   (0.008) 0.001 0.037 0.001 0.001 0.008 0.004 0.003 

Locus 45 : 45 
6 alleles
1.5% missing data
 211   (0.229) 0.272 0.142 0.335 0.210 0.229 0.243 0.292 
 215   (0.079) 0.114 0.062 0.010 0.103 0.079 0.057 0.080 
 205   (0.477) 0.409 0.514 0.256 0.528 0.477 0.522 0.424 
 201   (0.067) 0.004 0.066 0.381 0.074 0.066 0.045 0.095 
 207   (0.138) 0.200 0.215 0.016 0.083 0.139 0.124 0.102 
 202   (0.010) 0.001 0.001 0.001 0.002 0.010 0.010 0.007 

Locus 46 : 46 
10 alleles
0.7% missing data
 142   (0.377) 0.287 0.569 0.046 0.453 0.377 0.427 0.328 
 166   (0.122) 0.380 0.196 0.117 0.080 0.122 0.131 0.103 
 158   (0.144) 0.085 0.086 0.018 0.263 0.144 0.146 0.139 
 168   (0.146) 0.110 0.038 0.215 0.119 0.146 0.133 0.140 
 162   (0.055) 0.004 0.031 0.114 0.038 0.055 0.043 0.058 
 144   (0.054) 0.128 0.045 0.007 0.018 0.054 0.041 0.080 
 156   (0.030) 0.002 0.009 0.475 0.007 0.030 0.028 0.012 
 164   (0.052) 0.003 0.023 0.006 0.016 0.052 0.040 0.108 
 170   (0.013) 0.001 0.002 0.002 0.005 0.013 0.006 0.029 
 160   (0.007) 0.000 0.001 0.001 0.002 0.007 0.006 0.003 

Locus 47 : 47 
6 alleles
7.8% missing data
 145   (0.239) 0.616 0.105 0.526 0.309 0.239 0.210 0.259 
 151   (0.176) 0.012 0.139 0.089 0.364 0.176 0.187 0.172 
 153   (0.183) 0.027 0.359 0.029 0.176 0.183 0.196 0.173 
 149   (0.364) 0.342 0.393 0.351 0.143 0.365 0.378 0.321 
 143   (0.015) 0.001 0.002 0.002 0.003 0.015 0.009 0.030 
 147   (0.022) 0.001 0.003 0.004 0.004 0.022 0.020 0.046 

Values of parameters used in structure:
DATAFILE=c2.str,	OUTFILE=k7/c2_k7_run10,	NUMINDS=269,	NUMLOCI=47,	MISSING=-9,	LABEL=1,	POPDATA=1,	POPFLAG=0,	PHENOTYPE=0,	EXTRACOLS=0,	MAXPOPS=7,	BURNIN=500000,	NUMREPS=750000,	USEPOPINFO=0,	INFERALPHA=1,	INFERLAMBDA=0,	POPSPECIFICLAMBDA=0,	POPALPHAS=0,	COMPUTEPROB=1,	NOADMIX=0,	ADMBURNIN=500,	UPDATEFREQ=100,	PRINTLIKES=0,	INTERMEDSAVE=0,	PRINTKLD=0,	PRINTNET=1,	PRINTLAMBDA=1,	ANCESTDIST=0,	NUMBOXES=1000,	ANCESTPINT=0.90000,	GENSBACK=2,	MIGRPRIOR=0.01000,	PRINTQHAT=0,	PRINTQSUM=1,	ALPHA=1.0000,	FREQSCORR=1,	FPRIORMEAN=0.0100,	FPRIORSD=0.0500,	ONEFST=0,	LAMBDA=1.0000,	UNIFPRIORALPHA=1,	ALPHAMAX=10.0000,	ALPHAPRIORA=1.0000,	ALPHAPRIORB=2.0000,	ALPHAPROPSD=0.0250,	STARTATPOPINFO=0,	RANDOMIZE=0,	LINKAGE=0,	METROFREQ=10,	REPORTHITRATE=0,	MARKOVPHASE=0,	PHASED=1,	PLOIDY=2,	PHASEINFO=0	LOCPRIOR=0, 	LOCPRIORINIT=1.000000, 	LOCDATA=0, 	LOCISPOP=1, 	LOCPRIORSTEP=0.100000, 	MAXLOCPRIOR=20.000000, 	SEED=484792,	
[STRAT parameters]:    NUMSIMSTATS=1000,	PHENOTYPECOL=-9,	POOLFREQ=10,	LOCUSxONLY=0,	EMERROR=0.00100,	MISSINGPHENO=-9,	