

----------------------------------------------------
STRUCTURE by Pritchard, Stephens and Donnelly (2000)
     and Falush, Stephens and Pritchard (2003)
       Code by Pritchard, Falush and Hubisz
             Version 2.3.4 (Jul 2012)
----------------------------------------------------



Command line arguments:   structure -D 462980 -K 9 -m mainparams -o k9/c2_k9_run10 
Input File:    c2.str

Run parameters:
   269 individuals
   47 loci
   9 populations assumed
   500000 Burn-in period
   750000 Reps
RANDOMIZE turned off


--------------------------------------------
Proportion of membership of each pre-defined
 population in each of the 9 clusters

Given    Inferred Clusters                                                 Number of
 Pop       1      2      3      4      5      6      7      8      9      Individuals

  1:     0.012  0.033  0.005  0.019  0.016  0.021  0.836  0.043  0.014       25
  2:     0.957  0.006  0.003  0.005  0.005  0.005  0.007  0.005  0.005       29
  3:     0.002  0.002  0.979  0.003  0.003  0.003  0.003  0.003  0.003        9
  4:     0.015  0.029  0.009  0.307  0.172  0.296  0.076  0.056  0.040       26
  5:     0.013  0.083  0.010  0.166  0.224  0.182  0.033  0.215  0.075       74
  6:     0.016  0.076  0.007  0.118  0.110  0.114  0.026  0.394  0.138       35
  7:     0.009  0.027  0.010  0.062  0.050  0.076  0.029  0.369  0.367       24
  8:     0.028  0.020  0.010  0.280  0.217  0.279  0.049  0.039  0.076       43
  9:     0.010  0.017  0.003  0.473  0.082  0.310  0.013  0.056  0.037        4
--------------------------------------------

Allele-freq. divergence among pops (Net nucleotide distance),
computed using point estimates of P.

      1       2       3       4       5       6       7       8       9      
 1      -    0.0897  0.1318  0.0531  0.0588  0.0519  0.0585  0.0704  0.0673  
 2   0.0897     -    0.1520  0.0370  0.0436  0.0358  0.0496  0.0454  0.0476  
 3   0.1318  0.1520     -    0.0987  0.1041  0.0972  0.1047  0.1238  0.1241  
 4   0.0531  0.0370  0.0987     -    0.0056  0.0001  0.0174  0.0150  0.0172  
 5   0.0588  0.0436  0.1041  0.0056     -    0.0051  0.0208  0.0208  0.0235  
 6   0.0519  0.0358  0.0972  0.0001  0.0051     -    0.0162  0.0139  0.0160  
 7   0.0585  0.0496  0.1047  0.0174  0.0208  0.0162     -    0.0329  0.0313  
 8   0.0704  0.0454  0.1238  0.0150  0.0208  0.0139  0.0329     -    0.0173  
 9   0.0673  0.0476  0.1241  0.0172  0.0235  0.0160  0.0313  0.0173     -    

Average distances (expected heterozygosity) between individuals in same cluster:
cluster  1  : 0.5467 
cluster  2  : 0.5591 
cluster  3  : 0.5356 
cluster  4  : 0.6416 
cluster  5  : 0.6225 
cluster  6  : 0.6448 
cluster  7  : 0.6018 
cluster  8  : 0.5798 
cluster  9  : 0.5866 

--------------------------------------------
Estimated Ln Prob of Data   = -30260.8
Mean value of ln likelihood = -28979.4
Variance of ln likelihood   = 2562.8
Mean value of alpha         = 0.0379

Mean value of Fst_1         = 0.2066
Mean value of Fst_2         = 0.1928
Mean value of Fst_3         = 0.3074
Mean value of Fst_4         = 0.0112
Mean value of Fst_5         = 0.0339
Mean value of Fst_6         = 0.0054
Mean value of Fst_7         = 0.0816
Mean value of Fst_8         = 0.0738
Mean value of Fst_9         = 0.0913


Inferred ancestry of individuals:
        Label (%Miss) Pop:  Inferred clusters
  1      591    (0)    1 :  0.004 0.006 0.007 0.006 0.007 0.006 0.950 0.008 0.007 
  2      592    (0)    1 :  0.007 0.006 0.003 0.009 0.015 0.010 0.860 0.074 0.017 
  3      593    (0)    1 :  0.002 0.005 0.006 0.008 0.008 0.007 0.950 0.007 0.008 
  4      594    (0)    1 :  0.012 0.004 0.005 0.024 0.031 0.027 0.841 0.045 0.011 
  5      595    (0)    1 :  0.012 0.007 0.004 0.016 0.008 0.017 0.924 0.005 0.008 
  6      596    (0)    1 :  0.024 0.006 0.009 0.007 0.007 0.007 0.931 0.005 0.004 
  7      597    (0)    1 :  0.007 0.005 0.002 0.012 0.008 0.013 0.930 0.015 0.009 
  8      598    (0)    1 :  0.033 0.025 0.002 0.044 0.060 0.063 0.738 0.019 0.016 
  9      599    (0)    1 :  0.003 0.005 0.007 0.008 0.005 0.009 0.826 0.082 0.054 
 10      600    (0)    1 :  0.013 0.004 0.006 0.006 0.006 0.006 0.950 0.003 0.006 
 11      601    (0)    1 :  0.003 0.007 0.003 0.017 0.010 0.017 0.886 0.030 0.027 
 12      602    (0)    1 :  0.006 0.010 0.004 0.012 0.007 0.014 0.923 0.010 0.014 
 13      603    (0)    1 :  0.011 0.016 0.009 0.052 0.011 0.058 0.143 0.666 0.034 
 14      604    (0)    1 :  0.009 0.009 0.003 0.014 0.012 0.012 0.934 0.004 0.004 
 15      605    (0)    1 :  0.026 0.005 0.005 0.021 0.075 0.024 0.821 0.008 0.016 
 16      606    (0)    1 :  0.008 0.003 0.022 0.009 0.017 0.010 0.913 0.009 0.008 
 17      607    (0)    1 :  0.011 0.175 0.003 0.006 0.007 0.007 0.785 0.003 0.003 
 18      608    (0)    1 :  0.004 0.017 0.003 0.006 0.007 0.007 0.931 0.006 0.019 
 19      609    (0)    1 :  0.003 0.008 0.004 0.009 0.008 0.008 0.949 0.005 0.005 
 20      610    (0)    1 :  0.010 0.036 0.004 0.106 0.034 0.125 0.623 0.021 0.040 
 21      611    (2)    1 :  0.007 0.022 0.003 0.010 0.007 0.009 0.934 0.004 0.004 
 22      612    (0)    1 :  0.044 0.155 0.003 0.018 0.010 0.017 0.733 0.007 0.012 
 23      755    (0)    1 :  0.039 0.281 0.003 0.035 0.024 0.046 0.541 0.025 0.006 
 24      756    (0)    1 :  0.004 0.012 0.004 0.006 0.007 0.006 0.944 0.011 0.005 
 25      757    (0)    1 :  0.006 0.008 0.003 0.009 0.014 0.009 0.934 0.012 0.006 
 26      212    (0)    2 :  0.976 0.003 0.001 0.003 0.003 0.003 0.002 0.004 0.004 
 27      213    (0)    2 :  0.963 0.004 0.003 0.005 0.006 0.005 0.003 0.008 0.004 
 28      214    (0)    2 :  0.960 0.003 0.001 0.006 0.007 0.006 0.006 0.003 0.008 
 29      215    (0)    2 :  0.965 0.003 0.004 0.004 0.004 0.004 0.005 0.007 0.003 
 30      216    (0)    2 :  0.970 0.004 0.002 0.004 0.003 0.003 0.003 0.005 0.004 
 31      217    (0)    2 :  0.959 0.006 0.002 0.006 0.008 0.006 0.004 0.005 0.005 
 32      218    (0)    2 :  0.976 0.004 0.002 0.003 0.003 0.003 0.003 0.003 0.004 
 33      332    (0)    2 :  0.894 0.036 0.006 0.007 0.014 0.008 0.016 0.010 0.011 
 34      333    (0)    2 :  0.885 0.007 0.011 0.015 0.014 0.016 0.035 0.008 0.010 
 35      334    (0)    2 :  0.955 0.009 0.003 0.005 0.006 0.005 0.008 0.005 0.005 
 36      335    (0)    2 :  0.975 0.002 0.002 0.003 0.003 0.003 0.003 0.004 0.005 
 37      336    (0)    2 :  0.962 0.004 0.014 0.003 0.003 0.003 0.005 0.003 0.003 
 38      337    (0)    2 :  0.955 0.003 0.002 0.006 0.007 0.006 0.013 0.003 0.003 
 39      673    (0)    2 :  0.987 0.001 0.001 0.001 0.002 0.002 0.002 0.002 0.002 
 40      674    (0)    2 :  0.958 0.011 0.002 0.006 0.004 0.006 0.005 0.004 0.005 
 41      675    (0)    2 :  0.961 0.004 0.005 0.005 0.004 0.005 0.005 0.007 0.004 
 42      676    (0)    2 :  0.954 0.007 0.001 0.005 0.007 0.005 0.006 0.008 0.006 
 43      677    (0)    2 :  0.970 0.003 0.003 0.004 0.005 0.004 0.005 0.004 0.004 
 44      678    (0)    2 :  0.922 0.003 0.005 0.017 0.011 0.015 0.005 0.012 0.010 
 45      679    (0)    2 :  0.926 0.024 0.002 0.010 0.010 0.009 0.010 0.004 0.005 
 46      680    (0)    2 :  0.942 0.009 0.005 0.005 0.005 0.006 0.013 0.006 0.008 
 47      681    (0)    2 :  0.957 0.005 0.002 0.006 0.007 0.006 0.007 0.005 0.004 
 48      682    (0)    2 :  0.980 0.002 0.004 0.002 0.002 0.002 0.003 0.002 0.002 
 49      683    (0)    2 :  0.958 0.006 0.002 0.006 0.004 0.006 0.008 0.004 0.006 
 50      684    (0)    2 :  0.959 0.005 0.003 0.006 0.004 0.005 0.006 0.005 0.007 
 51      685    (0)    2 :  0.958 0.004 0.003 0.007 0.006 0.006 0.010 0.004 0.004 
 52      686    (0)    2 :  0.980 0.003 0.003 0.002 0.002 0.003 0.003 0.002 0.002 
 53      687    (0)    2 :  0.979 0.002 0.002 0.003 0.002 0.003 0.004 0.003 0.003 
 54      688    (0)    2 :  0.954 0.006 0.002 0.004 0.004 0.004 0.006 0.004 0.016 
 55      070    (0)    3 :  0.002 0.002 0.973 0.005 0.004 0.005 0.004 0.003 0.003 
 56      071    (0)    3 :  0.006 0.002 0.971 0.003 0.003 0.003 0.005 0.003 0.003 
 57      072    (0)    3 :  0.001 0.001 0.985 0.002 0.002 0.002 0.002 0.002 0.002 
 58      151    (0)    3 :  0.002 0.002 0.986 0.002 0.002 0.002 0.002 0.002 0.002 
 59      152    (0)    3 :  0.002 0.003 0.962 0.007 0.005 0.007 0.004 0.004 0.005 
 60      153    (2)    3 :  0.002 0.001 0.988 0.002 0.002 0.002 0.002 0.001 0.001 
 61      788    (4)    3 :  0.002 0.002 0.978 0.003 0.003 0.003 0.003 0.004 0.003 
 62      789    (2)    3 :  0.003 0.001 0.983 0.002 0.002 0.002 0.002 0.002 0.002 
 63      790    (0)    3 :  0.002 0.001 0.985 0.002 0.002 0.002 0.002 0.002 0.002 
 64      010    (0)    4 :  0.004 0.011 0.002 0.504 0.128 0.298 0.012 0.006 0.034 
 65      024    (0)    4 :  0.013 0.008 0.007 0.359 0.022 0.510 0.012 0.016 0.052 
 66      051    (0)    4 :  0.008 0.009 0.016 0.329 0.063 0.238 0.310 0.008 0.018 
 67      090    (0)    4 :  0.005 0.016 0.007 0.353 0.083 0.422 0.061 0.016 0.037 
 68      102    (0)    4 :  0.003 0.021 0.002 0.219 0.056 0.215 0.025 0.419 0.041 
 69      111    (0)    4 :  0.004 0.006 0.002 0.436 0.198 0.279 0.011 0.010 0.053 
 70      113    (0)    4 :  0.005 0.013 0.006 0.339 0.107 0.271 0.131 0.032 0.096 
 71      138    (0)    4 :  0.081 0.004 0.041 0.127 0.522 0.169 0.023 0.019 0.014 
 72      150    (0)    4 :  0.005 0.017 0.017 0.057 0.112 0.075 0.126 0.550 0.040 
 73      173    (2)    4 :  0.015 0.033 0.023 0.215 0.053 0.356 0.236 0.018 0.052 
 74      174    (2)    4 :  0.004 0.005 0.026 0.286 0.473 0.149 0.019 0.004 0.034 
 75      175    (0)    4 :  0.003 0.009 0.007 0.439 0.037 0.441 0.035 0.008 0.021 
 76      176    (0)    4 :  0.012 0.005 0.006 0.510 0.058 0.352 0.010 0.008 0.040 
 77      177    (0)    4 :  0.002 0.005 0.004 0.238 0.093 0.231 0.376 0.011 0.041 
 78      180    (0)    4 :  0.007 0.006 0.004 0.307 0.178 0.271 0.196 0.008 0.022 
 79      184    (0)    4 :  0.006 0.077 0.015 0.108 0.573 0.145 0.017 0.021 0.039 
 80      195    (0)    4 :  0.015 0.008 0.006 0.413 0.063 0.434 0.018 0.014 0.030 
 81      198    (0)    4 :  0.007 0.004 0.003 0.268 0.427 0.236 0.022 0.011 0.021 
 82      203    (0)    4 :  0.005 0.029 0.011 0.407 0.031 0.442 0.016 0.011 0.047 
 83      211    (0)    4 :  0.090 0.006 0.003 0.387 0.042 0.392 0.010 0.017 0.053 
 84      220    (0)    4 :  0.008 0.022 0.003 0.216 0.112 0.283 0.127 0.076 0.152 
 85      233    (0)    4 :  0.039 0.015 0.005 0.316 0.017 0.452 0.022 0.114 0.021 
 86      331    (0)    4 :  0.005 0.013 0.008 0.469 0.052 0.368 0.039 0.009 0.037 
 87      349    (0)    4 :  0.006 0.389 0.012 0.217 0.046 0.201 0.097 0.018 0.014 
 88      410    (0)    4 :  0.026 0.006 0.003 0.194 0.480 0.255 0.018 0.005 0.013 
 89      417    (2)    4 :  0.005 0.008 0.002 0.280 0.446 0.214 0.007 0.024 0.014 
 90      421    (0)    5 :  0.007 0.008 0.002 0.010 0.011 0.011 0.006 0.919 0.027 
 91      423    (0)    5 :  0.003 0.043 0.008 0.405 0.055 0.445 0.016 0.007 0.018 
 92      424    (0)    5 :  0.003 0.008 0.002 0.104 0.225 0.123 0.501 0.008 0.026 
 93      433    (0)    5 :  0.018 0.006 0.002 0.097 0.334 0.115 0.008 0.389 0.031 
 94      462    (0)    5 :  0.023 0.026 0.003 0.234 0.145 0.210 0.123 0.205 0.032 
 95      463    (0)    5 :  0.004 0.141 0.003 0.298 0.276 0.244 0.009 0.007 0.018 
 96      467    (0)    5 :  0.015 0.026 0.007 0.017 0.011 0.019 0.017 0.626 0.262 
 97      468    (0)    5 :  0.002 0.820 0.004 0.010 0.008 0.010 0.010 0.121 0.015 
 98      469    (0)    5 :  0.003 0.004 0.002 0.101 0.120 0.105 0.008 0.601 0.056 
 99      472    (0)    5 :  0.008 0.007 0.005 0.318 0.117 0.469 0.011 0.046 0.020 
100      473    (0)    5 :  0.009 0.822 0.003 0.042 0.035 0.044 0.010 0.009 0.025 
101      474    (0)    5 :  0.023 0.653 0.002 0.009 0.037 0.012 0.012 0.165 0.087 
102      475    (0)    5 :  0.003 0.028 0.004 0.151 0.051 0.118 0.011 0.581 0.052 
103      476    (2)    5 :  0.021 0.666 0.024 0.018 0.009 0.019 0.009 0.038 0.197 
104      477    (0)    5 :  0.019 0.016 0.005 0.417 0.030 0.430 0.008 0.052 0.023 
105      478    (0)    5 :  0.003 0.004 0.003 0.252 0.015 0.231 0.021 0.020 0.451 
106      479    (0)    5 :  0.004 0.007 0.004 0.020 0.234 0.022 0.016 0.686 0.006 
107      480    (0)    5 :  0.003 0.016 0.002 0.008 0.007 0.008 0.006 0.932 0.019 
108      481    (0)    5 :  0.003 0.015 0.039 0.216 0.311 0.309 0.016 0.076 0.016 
109      482    (0)    5 :  0.043 0.005 0.003 0.301 0.143 0.274 0.017 0.018 0.197 
110      489    (0)    5 :  0.015 0.020 0.005 0.385 0.097 0.396 0.010 0.043 0.028 
111      490    (0)    5 :  0.004 0.005 0.003 0.019 0.901 0.022 0.017 0.007 0.023 
112      491    (0)    5 :  0.117 0.016 0.008 0.208 0.149 0.366 0.084 0.020 0.031 
113      492    (0)    5 :  0.017 0.610 0.007 0.044 0.038 0.045 0.014 0.051 0.174 
114      493    (0)    5 :  0.008 0.023 0.011 0.097 0.015 0.090 0.025 0.710 0.020 
115      494    (0)    5 :  0.038 0.010 0.024 0.143 0.291 0.167 0.020 0.293 0.015 
116      498    (0)    5 :  0.004 0.083 0.008 0.212 0.362 0.283 0.008 0.019 0.019 
117      499    (0)    5 :  0.008 0.010 0.004 0.336 0.071 0.341 0.085 0.007 0.138 
118      709    (0)    5 :  0.012 0.008 0.083 0.158 0.469 0.214 0.012 0.009 0.035 
119      710    (4)    5 :  0.003 0.010 0.010 0.264 0.064 0.255 0.004 0.365 0.025 
120      711    (2)    5 :  0.004 0.006 0.007 0.387 0.121 0.314 0.114 0.023 0.023 
121      712    (4)    5 :  0.003 0.004 0.002 0.010 0.945 0.009 0.010 0.009 0.007 
122      713    (0)    5 :  0.008 0.021 0.004 0.415 0.022 0.492 0.009 0.004 0.027 
123      714    (2)    5 :  0.002 0.073 0.016 0.020 0.010 0.021 0.020 0.789 0.048 
124      715    (4)    5 :  0.040 0.005 0.014 0.022 0.030 0.026 0.031 0.749 0.084 
125      716    (0)    5 :  0.004 0.010 0.003 0.017 0.020 0.018 0.006 0.875 0.047 
126      717    (2)    5 :  0.008 0.011 0.004 0.047 0.018 0.049 0.012 0.034 0.816 
127      718    (4)    5 :  0.002 0.007 0.003 0.052 0.801 0.047 0.025 0.057 0.007 
128      719    (0)    5 :  0.002 0.003 0.002 0.004 0.004 0.004 0.003 0.972 0.006 
129      720    (2)    5 :  0.018 0.016 0.002 0.026 0.010 0.032 0.012 0.828 0.056 
130      721    (0)    5 :  0.008 0.177 0.030 0.220 0.069 0.223 0.029 0.163 0.083 
131      722    (4)    5 :  0.003 0.031 0.002 0.005 0.007 0.006 0.005 0.907 0.033 
132      723    (0)    5 :  0.007 0.004 0.007 0.019 0.009 0.024 0.004 0.900 0.027 
133      724    (0)    5 :  0.009 0.035 0.005 0.026 0.020 0.037 0.010 0.797 0.061 
134      725    (0)    5 :  0.011 0.011 0.004 0.476 0.030 0.385 0.013 0.016 0.054 
135      726    (0)    5 :  0.006 0.138 0.007 0.275 0.055 0.390 0.012 0.071 0.046 
136      727    (0)    5 :  0.014 0.019 0.010 0.272 0.251 0.289 0.017 0.042 0.087 
137      728    (2)    5 :  0.007 0.004 0.084 0.386 0.035 0.430 0.013 0.014 0.026 
138      729    (6)    5 :  0.005 0.004 0.005 0.267 0.130 0.442 0.020 0.023 0.104 
139      730    (2)    5 :  0.005 0.003 0.007 0.045 0.842 0.037 0.013 0.022 0.024 
140      731    (2)    5 :  0.002 0.006 0.002 0.043 0.884 0.044 0.005 0.009 0.005 
141      732    (0)    5 :  0.006 0.022 0.003 0.391 0.044 0.387 0.016 0.078 0.054 
142      733    (0)    5 :  0.004 0.004 0.006 0.307 0.241 0.255 0.019 0.125 0.039 
143      734    (2)    5 :  0.128 0.004 0.010 0.170 0.163 0.175 0.093 0.009 0.248 
144      735    (4)    5 :  0.007 0.042 0.004 0.318 0.108 0.396 0.034 0.050 0.041 
145      736    (2)    5 :  0.020 0.005 0.017 0.157 0.625 0.132 0.019 0.007 0.017 
146      737    (0)    5 :  0.004 0.016 0.014 0.050 0.829 0.055 0.020 0.004 0.008 
147      738    (2)    5 :  0.005 0.005 0.003 0.221 0.458 0.203 0.076 0.009 0.018 
148      739    (8)    5 :  0.007 0.009 0.014 0.067 0.770 0.073 0.014 0.028 0.019 
149      740    (4)    5 :  0.003 0.004 0.002 0.079 0.650 0.099 0.005 0.150 0.010 
150      741    (2)    5 :  0.017 0.029 0.002 0.145 0.433 0.184 0.017 0.049 0.124 
151      742    (4)    5 :  0.006 0.006 0.007 0.172 0.534 0.139 0.099 0.016 0.023 
152      743    (2)    5 :  0.010 0.004 0.002 0.007 0.007 0.007 0.006 0.077 0.879 
153      744    (0)    5 :  0.005 0.007 0.031 0.378 0.054 0.357 0.009 0.114 0.046 
154      745    (0)    5 :  0.007 0.008 0.021 0.145 0.033 0.155 0.010 0.566 0.056 
155      746    (2)    5 :  0.006 0.006 0.005 0.168 0.604 0.173 0.013 0.013 0.011 
156      747    (2)    5 :  0.023 0.012 0.006 0.108 0.673 0.099 0.043 0.023 0.013 
157      748    (0)    5 :  0.015 0.321 0.007 0.154 0.075 0.265 0.135 0.014 0.014 
158      749    (2)    5 :  0.020 0.003 0.011 0.312 0.060 0.418 0.133 0.007 0.034 
159      750    (4)    5 :  0.005 0.005 0.005 0.320 0.229 0.380 0.016 0.010 0.030 
160      751    (0)    5 :  0.008 0.009 0.016 0.322 0.067 0.444 0.089 0.015 0.030 
161      752    (2)    5 :  0.003 0.825 0.002 0.007 0.015 0.009 0.006 0.124 0.009 
162      753    (4)    5 :  0.045 0.072 0.011 0.383 0.034 0.307 0.049 0.053 0.045 
163      754    (2)    5 :  0.004 0.004 0.003 0.007 0.959 0.007 0.005 0.004 0.008 
164      155    (0)    6 :  0.037 0.012 0.004 0.415 0.026 0.454 0.009 0.015 0.029 
165      156    (2)    6 :  0.005 0.004 0.118 0.466 0.034 0.291 0.010 0.008 0.064 
166      157    (2)    6 :  0.009 0.013 0.002 0.015 0.911 0.021 0.007 0.006 0.015 
167      158    (0)    6 :  0.008 0.004 0.004 0.365 0.083 0.416 0.057 0.043 0.020 
168      159    (0)    6 :  0.004 0.013 0.009 0.365 0.149 0.391 0.010 0.032 0.027 
169      160    (0)    6 :  0.009 0.037 0.003 0.074 0.476 0.094 0.062 0.158 0.086 
170      161    (0)    6 :  0.010 0.014 0.004 0.110 0.651 0.153 0.012 0.030 0.017 
171      162    (0)    6 :  0.007 0.026 0.005 0.082 0.008 0.095 0.021 0.034 0.723 
172      163    (2)    6 :  0.004 0.008 0.009 0.424 0.147 0.282 0.081 0.006 0.039 
173      164    (0)    6 :  0.026 0.057 0.003 0.350 0.130 0.358 0.016 0.023 0.038 
174      165    (2)    6 :  0.006 0.006 0.005 0.431 0.277 0.224 0.004 0.007 0.041 
175      427    (0)    6 :  0.100 0.004 0.009 0.012 0.008 0.012 0.014 0.825 0.015 
176      428    (0)    6 :  0.004 0.009 0.003 0.006 0.004 0.006 0.018 0.942 0.008 
177      429    (0)    6 :  0.003 0.008 0.004 0.010 0.005 0.013 0.007 0.298 0.651 
178      430    (0)    6 :  0.005 0.140 0.003 0.260 0.119 0.275 0.133 0.033 0.033 
179      431    (0)    6 :  0.004 0.007 0.002 0.022 0.020 0.024 0.013 0.730 0.177 
180      435    (0)    6 :  0.003 0.012 0.002 0.005 0.006 0.006 0.004 0.503 0.460 
181      436    (0)    6 :  0.005 0.017 0.002 0.008 0.006 0.009 0.005 0.853 0.096 
182      437    (0)    6 :  0.006 0.026 0.002 0.016 0.014 0.016 0.006 0.898 0.015 
183      438    (0)    6 :  0.002 0.025 0.006 0.016 0.015 0.017 0.017 0.889 0.013 
184      439    (0)    6 :  0.004 0.056 0.006 0.138 0.204 0.170 0.021 0.303 0.098 
185      441    (0)    6 :  0.002 0.973 0.002 0.003 0.002 0.003 0.004 0.007 0.003 
186      442    (0)    6 :  0.217 0.014 0.006 0.021 0.006 0.029 0.020 0.549 0.138 
187      443    (4)    6 :  0.002 0.007 0.002 0.005 0.007 0.005 0.007 0.959 0.005 
188      444    (4)    6 :  0.012 0.003 0.005 0.009 0.006 0.009 0.009 0.928 0.019 
189      445    (2)    6 :  0.003 0.007 0.009 0.061 0.009 0.057 0.005 0.834 0.014 
190      446    (0)    6 :  0.005 0.003 0.004 0.005 0.005 0.005 0.006 0.069 0.898 
191      447    (0)    6 :  0.005 0.005 0.004 0.016 0.014 0.016 0.010 0.401 0.529 
192      449    (0)    6 :  0.005 0.004 0.002 0.004 0.003 0.004 0.004 0.967 0.009 
193      460    (0)    6 :  0.008 0.096 0.003 0.047 0.014 0.043 0.010 0.626 0.154 
194      461    (0)    6 :  0.010 0.009 0.002 0.095 0.256 0.128 0.063 0.394 0.042 
195      484    (0)    6 :  0.019 0.016 0.006 0.173 0.192 0.238 0.216 0.088 0.051 
196      485    (0)    6 :  0.004 0.008 0.002 0.008 0.010 0.008 0.003 0.947 0.010 
197      486    (0)    6 :  0.002 0.985 0.001 0.002 0.002 0.002 0.002 0.002 0.002 
198      487    (0)    6 :  0.011 0.027 0.004 0.103 0.042 0.112 0.018 0.395 0.289 
199      178    (0)    7 :  0.006 0.041 0.011 0.094 0.082 0.117 0.015 0.574 0.060 
200      422    (0)    7 :  0.004 0.004 0.003 0.009 0.021 0.010 0.007 0.616 0.326 
201      425    (0)    7 :  0.003 0.008 0.001 0.009 0.009 0.010 0.005 0.067 0.888 
202      426    (0)    7 :  0.019 0.005 0.126 0.129 0.069 0.196 0.256 0.020 0.179 
203      432    (0)    7 :  0.011 0.009 0.009 0.225 0.025 0.267 0.056 0.372 0.026 
204      434    (0)    7 :  0.004 0.003 0.002 0.003 0.004 0.003 0.005 0.065 0.910 
205      440    (0)    7 :  0.017 0.029 0.003 0.100 0.014 0.095 0.045 0.095 0.602 
206      448    (2)    7 :  0.019 0.005 0.002 0.007 0.010 0.007 0.011 0.923 0.016 
207      456    (0)    7 :  0.010 0.006 0.003 0.328 0.016 0.366 0.024 0.170 0.076 
208      457    (0)    7 :  0.007 0.047 0.006 0.076 0.019 0.094 0.030 0.667 0.054 
209      458    (0)    7 :  0.019 0.020 0.006 0.167 0.287 0.286 0.069 0.090 0.056 
210      459    (0)    7 :  0.006 0.007 0.003 0.012 0.018 0.013 0.015 0.914 0.012 
211      464    (0)    7 :  0.010 0.016 0.005 0.013 0.009 0.015 0.006 0.696 0.230 
212      465    (0)    7 :  0.002 0.032 0.002 0.011 0.026 0.013 0.005 0.103 0.808 
213      466    (0)    7 :  0.004 0.008 0.002 0.014 0.014 0.013 0.008 0.924 0.012 
214      470    (0)    7 :  0.006 0.081 0.002 0.007 0.008 0.008 0.011 0.848 0.029 
215      471    (0)    7 :  0.004 0.007 0.042 0.041 0.013 0.039 0.057 0.252 0.545 
216      483    (0)    7 :  0.010 0.007 0.003 0.017 0.025 0.016 0.014 0.085 0.822 
217      488    (0)    7 :  0.007 0.174 0.004 0.051 0.179 0.081 0.025 0.416 0.064 
218      495    (0)    7 :  0.003 0.003 0.001 0.006 0.013 0.006 0.005 0.070 0.892 
219      496    (0)    7 :  0.003 0.075 0.003 0.027 0.086 0.037 0.009 0.279 0.480 
220      497    (0)    7 :  0.028 0.003 0.002 0.006 0.004 0.007 0.003 0.065 0.882 
221      500    (0)    7 :  0.004 0.044 0.004 0.119 0.241 0.108 0.011 0.456 0.013 
222      879    (0)    7 :  0.010 0.009 0.003 0.010 0.014 0.012 0.014 0.095 0.833 
223      036    (0)    8 :  0.002 0.005 0.004 0.382 0.035 0.516 0.006 0.021 0.029 
224      063    (2)    8 :  0.014 0.015 0.004 0.413 0.133 0.300 0.047 0.042 0.033 
225      094    (4)    8 :  0.010 0.012 0.005 0.098 0.669 0.122 0.018 0.052 0.013 
226      103    (4)    8 :  0.006 0.009 0.003 0.432 0.281 0.217 0.004 0.006 0.042 
227      112    (0)    8 :  0.006 0.010 0.004 0.230 0.410 0.252 0.056 0.007 0.025 
228      114    (2)    8 :  0.005 0.017 0.003 0.326 0.210 0.363 0.006 0.021 0.050 
229      120    (0)    8 :  0.004 0.012 0.003 0.047 0.847 0.045 0.021 0.013 0.007 
230      127    (2)    8 :  0.007 0.179 0.003 0.231 0.097 0.345 0.117 0.009 0.012 
231      147    (0)    8 :  0.007 0.008 0.062 0.188 0.062 0.277 0.352 0.016 0.027 
232      166    (0)    8 :  0.018 0.007 0.035 0.347 0.081 0.317 0.116 0.039 0.040 
233      167    (0)    8 :  0.007 0.050 0.006 0.073 0.036 0.091 0.010 0.022 0.705 
234      168    (0)    8 :  0.005 0.004 0.003 0.412 0.029 0.480 0.004 0.014 0.048 
235      169    (2)    8 :  0.005 0.008 0.009 0.112 0.057 0.100 0.055 0.052 0.603 
236      170    (0)    8 :  0.043 0.031 0.005 0.338 0.219 0.300 0.023 0.010 0.031 
237      171    (2)    8 :  0.005 0.004 0.011 0.548 0.068 0.281 0.032 0.008 0.043 
238      172    (0)    8 :  0.005 0.003 0.014 0.032 0.865 0.039 0.018 0.011 0.014 
239      185    (0)    8 :  0.006 0.014 0.005 0.413 0.024 0.337 0.036 0.062 0.103 
240      199    (2)    8 :  0.218 0.022 0.006 0.371 0.030 0.307 0.009 0.007 0.030 
241      339    (0)    8 :  0.011 0.018 0.007 0.040 0.011 0.056 0.017 0.031 0.808 
242      355    (0)    8 :  0.092 0.005 0.015 0.479 0.012 0.357 0.010 0.004 0.026 
243      356    (0)    8 :  0.005 0.045 0.004 0.027 0.867 0.030 0.006 0.005 0.010 
244      357    (0)    8 :  0.020 0.026 0.013 0.279 0.228 0.381 0.025 0.013 0.015 
245      358    (0)    8 :  0.004 0.020 0.007 0.374 0.013 0.531 0.020 0.012 0.021 
246      359    (0)    8 :  0.009 0.004 0.002 0.337 0.261 0.336 0.023 0.006 0.022 
247      360    (0)    8 :  0.005 0.007 0.010 0.430 0.032 0.432 0.024 0.029 0.032 
248      361    (0)    8 :  0.003 0.006 0.002 0.027 0.831 0.034 0.014 0.030 0.054 
249      362    (0)    8 :  0.005 0.005 0.005 0.300 0.052 0.364 0.109 0.041 0.119 
250      363    (0)    8 :  0.057 0.012 0.015 0.086 0.045 0.099 0.649 0.015 0.021 
251      364    (0)    8 :  0.059 0.105 0.003 0.254 0.245 0.278 0.023 0.022 0.012 
252      365    (0)    8 :  0.004 0.013 0.017 0.334 0.054 0.410 0.007 0.148 0.013 
253      366    (0)    8 :  0.003 0.004 0.028 0.301 0.122 0.504 0.019 0.006 0.013 
254      367    (0)    8 :  0.003 0.025 0.011 0.526 0.022 0.374 0.006 0.010 0.023 
255      368    (0)    8 :  0.004 0.097 0.017 0.504 0.019 0.312 0.008 0.005 0.033 
256      369    (0)    8 :  0.004 0.003 0.004 0.601 0.014 0.329 0.009 0.005 0.030 
257      370    (0)    8 :  0.007 0.005 0.015 0.082 0.749 0.101 0.016 0.012 0.014 
258      371    (0)    8 :  0.007 0.004 0.003 0.519 0.014 0.412 0.005 0.014 0.022 
259      372    (0)    8 :  0.339 0.003 0.004 0.021 0.014 0.021 0.043 0.540 0.014 
260      373    (0)    8 :  0.044 0.003 0.003 0.264 0.363 0.272 0.006 0.030 0.014 
261      380    (0)    8 :  0.012 0.005 0.006 0.237 0.389 0.282 0.047 0.014 0.009 
262      388    (0)    8 :  0.023 0.005 0.009 0.137 0.569 0.198 0.038 0.011 0.009 
263      418    (0)    8 :  0.048 0.019 0.007 0.312 0.102 0.452 0.024 0.020 0.015 
264      419    (0)    8 :  0.003 0.013 0.007 0.373 0.068 0.453 0.010 0.047 0.026 
265      420    (0)    8 :  0.067 0.016 0.048 0.212 0.098 0.306 0.020 0.207 0.025 
266      409    (0)    9 :  0.004 0.007 0.002 0.453 0.178 0.237 0.009 0.074 0.036 
267      414    (0)    9 :  0.008 0.008 0.002 0.580 0.025 0.310 0.015 0.008 0.045 
268      415    (2)    9 :  0.014 0.045 0.004 0.470 0.075 0.348 0.013 0.006 0.025 
269      416    (0)    9 :  0.014 0.007 0.004 0.391 0.050 0.344 0.015 0.136 0.040 


Estimated Allele Frequencies in each cluster
First column gives estimated ancestral frequencies


Locus 1 : 1 
4 alleles
0.0% missing data
  89   (0.547) 0.641 0.676 0.066 0.560 0.522 0.552 0.553 0.585 0.476 
  91   (0.375) 0.310 0.306 0.696 0.370 0.424 0.372 0.429 0.366 0.406 
  93   (0.058) 0.047 0.013 0.102 0.055 0.047 0.057 0.014 0.022 0.108 
  99   (0.020) 0.001 0.004 0.136 0.015 0.007 0.018 0.004 0.028 0.009 

Locus 2 : 2 
6 alleles
1.9% missing data
 134   (0.230) 0.370 0.578 0.026 0.202 0.202 0.218 0.386 0.253 0.225 
 136   (0.345) 0.463 0.148 0.194 0.375 0.488 0.358 0.411 0.098 0.111 
 142   (0.032) 0.002 0.038 0.004 0.023 0.022 0.028 0.016 0.106 0.074 
 138   (0.303) 0.159 0.209 0.766 0.295 0.218 0.300 0.165 0.492 0.528 
 140   (0.062) 0.004 0.022 0.007 0.068 0.060 0.064 0.017 0.045 0.050 
 132   (0.027) 0.002 0.006 0.003 0.036 0.010 0.031 0.005 0.006 0.013 

Locus 3 : 3 
6 alleles
0.0% missing data
 181   (0.255) 0.070 0.252 0.181 0.243 0.183 0.251 0.399 0.340 0.350 
 179   (0.237) 0.015 0.310 0.028 0.243 0.273 0.239 0.372 0.223 0.242 
 187   (0.333) 0.261 0.268 0.771 0.357 0.369 0.343 0.185 0.205 0.203 
 185   (0.091) 0.456 0.128 0.010 0.082 0.080 0.087 0.027 0.048 0.168 
 191   (0.029) 0.193 0.007 0.003 0.027 0.012 0.028 0.006 0.006 0.008 
 175   (0.055) 0.004 0.036 0.007 0.047 0.083 0.051 0.011 0.178 0.029 

Locus 4 : 4 
10 alleles
0.4% missing data
 253   (0.501) 0.466 0.534 0.598 0.528 0.513 0.511 0.602 0.633 0.327 
 241   (0.156) 0.152 0.174 0.180 0.138 0.175 0.150 0.158 0.105 0.230 
 269   (0.174) 0.100 0.238 0.202 0.163 0.163 0.169 0.172 0.175 0.388 
 255   (0.007) 0.000 0.002 0.001 0.005 0.002 0.006 0.003 0.007 0.002 
 247   (0.080) 0.276 0.025 0.009 0.088 0.066 0.083 0.043 0.062 0.029 
 245   (0.007) 0.000 0.001 0.001 0.006 0.002 0.007 0.001 0.001 0.002 
 249   (0.018) 0.001 0.003 0.003 0.022 0.008 0.020 0.003 0.003 0.005 
 271   (0.035) 0.002 0.017 0.004 0.035 0.034 0.036 0.011 0.011 0.012 
 239   (0.012) 0.001 0.003 0.001 0.009 0.019 0.011 0.004 0.002 0.003 
 273   (0.009) 0.001 0.002 0.001 0.006 0.018 0.008 0.002 0.001 0.002 

Locus 5 : 5 
6 alleles
0.4% missing data
 103   (0.836) 0.977 0.957 0.981 0.824 0.829 0.832 0.913 0.940 0.924 
 104   (0.067) 0.004 0.017 0.008 0.076 0.076 0.069 0.028 0.020 0.049 
 105   (0.053) 0.003 0.012 0.006 0.060 0.070 0.056 0.045 0.033 0.016 
 101   (0.011) 0.013 0.008 0.001 0.008 0.004 0.010 0.003 0.002 0.002 
 102   (0.020) 0.001 0.004 0.003 0.019 0.011 0.020 0.008 0.003 0.006 
 107   (0.014) 0.001 0.002 0.001 0.013 0.009 0.014 0.003 0.002 0.003 

Locus 6 : 6 
5 alleles
0.0% missing data
 141   (0.246) 0.136 0.707 0.027 0.243 0.211 0.247 0.307 0.327 0.092 
 145   (0.461) 0.266 0.147 0.414 0.473 0.498 0.465 0.447 0.520 0.605 
 135   (0.217) 0.286 0.104 0.550 0.217 0.208 0.217 0.138 0.141 0.271 
 147   (0.067) 0.312 0.040 0.008 0.061 0.068 0.064 0.107 0.011 0.029 
 137   (0.009) 0.001 0.002 0.001 0.007 0.016 0.008 0.002 0.001 0.003 

Locus 7 : 7 
10 alleles
1.9% missing data
  97   (0.197) 0.253 0.180 0.131 0.211 0.126 0.205 0.159 0.091 0.239 
 103   (0.312) 0.516 0.169 0.043 0.315 0.313 0.312 0.513 0.326 0.421 
  93   (0.208) 0.069 0.283 0.788 0.188 0.235 0.200 0.210 0.364 0.162 
  91   (0.068) 0.149 0.036 0.011 0.069 0.063 0.068 0.052 0.047 0.019 
  89   (0.071) 0.004 0.303 0.009 0.065 0.089 0.068 0.029 0.098 0.058 
  85   (0.048) 0.003 0.010 0.007 0.051 0.044 0.049 0.019 0.018 0.070 
  83   (0.068) 0.004 0.015 0.008 0.073 0.119 0.070 0.013 0.049 0.024 
 105   (0.013) 0.001 0.003 0.002 0.014 0.005 0.014 0.002 0.004 0.003 
 101   (0.007) 0.000 0.001 0.001 0.007 0.005 0.007 0.001 0.001 0.002 
  99   (0.007) 0.000 0.001 0.001 0.006 0.002 0.007 0.001 0.001 0.002 

Locus 8 : 8 
8 alleles
0.0% missing data
 129   (0.559) 0.638 0.548 0.204 0.581 0.612 0.568 0.421 0.663 0.693 
 143   (0.260) 0.132 0.157 0.684 0.251 0.254 0.257 0.460 0.215 0.220 
 141   (0.048) 0.210 0.010 0.005 0.045 0.024 0.047 0.086 0.024 0.023 
 149   (0.073) 0.014 0.247 0.008 0.069 0.067 0.072 0.021 0.081 0.042 
 127   (0.018) 0.001 0.004 0.055 0.020 0.007 0.019 0.003 0.003 0.004 
 131   (0.014) 0.002 0.003 0.041 0.011 0.005 0.012 0.003 0.008 0.006 
 133   (0.021) 0.001 0.029 0.002 0.018 0.025 0.019 0.004 0.005 0.011 
 145   (0.007) 0.000 0.001 0.001 0.005 0.007 0.006 0.001 0.001 0.001 

Locus 9 : 9 
4 alleles
0.0% missing data
 195   (0.142) 0.052 0.039 0.345 0.119 0.130 0.132 0.237 0.256 0.248 
 191   (0.390) 0.543 0.415 0.345 0.399 0.351 0.393 0.474 0.330 0.318 
 189   (0.461) 0.405 0.544 0.310 0.477 0.510 0.469 0.288 0.413 0.432 
 197   (0.007) 0.000 0.001 0.001 0.005 0.009 0.006 0.001 0.002 0.002 

Locus 10 : 10 
7 alleles
0.4% missing data
 238   (0.568) 0.348 0.854 0.376 0.558 0.528 0.565 0.675 0.727 0.737 
 252   (0.097) 0.036 0.054 0.012 0.079 0.130 0.090 0.126 0.064 0.090 
 232   (0.248) 0.282 0.076 0.225 0.281 0.287 0.260 0.157 0.196 0.153 
 254   (0.042) 0.249 0.008 0.381 0.040 0.030 0.042 0.033 0.006 0.010 
 248   (0.023) 0.084 0.004 0.003 0.022 0.012 0.023 0.004 0.003 0.005 
 250   (0.013) 0.001 0.002 0.002 0.015 0.009 0.013 0.002 0.002 0.003 
 236   (0.007) 0.001 0.001 0.001 0.005 0.004 0.006 0.002 0.001 0.002 

Locus 11 : 11 
4 alleles
0.0% missing data
  87   (0.709) 0.536 0.891 0.966 0.708 0.676 0.709 0.646 0.820 0.821 
  89   (0.232) 0.381 0.067 0.028 0.243 0.224 0.236 0.342 0.155 0.149 
  91   (0.043) 0.082 0.010 0.005 0.035 0.082 0.039 0.010 0.022 0.027 
  85   (0.017) 0.001 0.033 0.002 0.014 0.017 0.015 0.003 0.002 0.004 

Locus 12 : 12 
13 alleles
0.4% missing data
 162   (0.255) 0.231 0.369 0.069 0.251 0.252 0.253 0.471 0.318 0.184 
 158   (0.218) 0.023 0.105 0.027 0.242 0.259 0.228 0.183 0.166 0.246 
 161   (0.107) 0.017 0.033 0.118 0.090 0.147 0.100 0.151 0.088 0.159 
 147   (0.041) 0.002 0.011 0.005 0.039 0.017 0.041 0.092 0.034 0.049 
 160   (0.207) 0.715 0.250 0.580 0.209 0.193 0.207 0.065 0.274 0.209 
 143   (0.034) 0.002 0.011 0.186 0.037 0.033 0.036 0.006 0.010 0.009 
 154   (0.020) 0.001 0.009 0.002 0.027 0.009 0.023 0.007 0.003 0.005 
 170   (0.052) 0.003 0.017 0.006 0.054 0.061 0.054 0.011 0.041 0.042 
 149   (0.028) 0.002 0.187 0.003 0.022 0.009 0.025 0.006 0.056 0.044 
 153   (0.013) 0.001 0.002 0.001 0.013 0.009 0.013 0.004 0.002 0.003 
 150   (0.007) 0.000 0.001 0.001 0.005 0.002 0.006 0.001 0.003 0.013 
 159   (0.011) 0.001 0.004 0.001 0.007 0.006 0.009 0.002 0.004 0.035 
 164   (0.007) 0.000 0.001 0.001 0.006 0.002 0.006 0.001 0.001 0.002 

Locus 13 : 13 
5 alleles
0.0% missing data
 108   (0.189) 0.200 0.053 0.330 0.184 0.267 0.187 0.158 0.082 0.232 
 113   (0.343) 0.513 0.382 0.574 0.353 0.279 0.345 0.354 0.323 0.380 
 115   (0.454) 0.287 0.562 0.094 0.452 0.448 0.455 0.485 0.592 0.383 
 109   (0.007) 0.000 0.001 0.001 0.006 0.003 0.006 0.001 0.001 0.002 
 110   (0.007) 0.000 0.001 0.001 0.005 0.003 0.006 0.001 0.001 0.002 

Locus 14 : 14 
5 alleles
1.1% missing data
 229   (0.514) 0.420 0.823 0.098 0.519 0.652 0.515 0.302 0.496 0.463 
 231   (0.154) 0.349 0.041 0.269 0.162 0.144 0.159 0.434 0.030 0.046 
 225   (0.149) 0.209 0.069 0.226 0.138 0.097 0.145 0.153 0.090 0.129 
 227   (0.131) 0.018 0.054 0.255 0.131 0.084 0.130 0.041 0.328 0.343 
 233   (0.052) 0.004 0.013 0.152 0.050 0.023 0.051 0.069 0.057 0.019 

Locus 15 : 15 
4 alleles
0.4% missing data
 143   (0.837) 0.817 0.953 0.724 0.837 0.864 0.838 0.870 0.893 0.793 
 145   (0.089) 0.006 0.032 0.267 0.089 0.066 0.088 0.115 0.069 0.069 
 147   (0.056) 0.145 0.012 0.007 0.060 0.040 0.058 0.012 0.036 0.133 
 133   (0.018) 0.032 0.003 0.002 0.014 0.030 0.016 0.003 0.002 0.005 

Locus 16 : 16 
5 alleles
0.0% missing data
 154   (0.087) 0.184 0.026 0.211 0.099 0.058 0.092 0.062 0.024 0.045 
 156   (0.229) 0.497 0.075 0.516 0.203 0.357 0.218 0.307 0.201 0.220 
 158   (0.549) 0.206 0.530 0.257 0.561 0.491 0.555 0.489 0.684 0.576 
 160   (0.125) 0.113 0.365 0.014 0.131 0.089 0.127 0.139 0.076 0.156 
 152   (0.009) 0.001 0.004 0.001 0.006 0.004 0.007 0.002 0.016 0.003 

Locus 17 : 17 
5 alleles
0.0% missing data
  90   (0.672) 0.793 0.366 0.561 0.652 0.760 0.662 0.789 0.786 0.697 
 102   (0.203) 0.199 0.393 0.024 0.198 0.134 0.201 0.182 0.181 0.241 
 100   (0.048) 0.003 0.011 0.407 0.066 0.049 0.055 0.013 0.016 0.015 
  88   (0.070) 0.005 0.228 0.007 0.079 0.055 0.076 0.015 0.015 0.029 
 104   (0.007) 0.000 0.001 0.001 0.005 0.002 0.006 0.001 0.001 0.017 

Locus 18 : 18 
7 alleles
0.0% missing data
 140   (0.298) 0.182 0.377 0.285 0.322 0.248 0.307 0.484 0.215 0.299 
 127   (0.303) 0.064 0.152 0.551 0.317 0.366 0.309 0.243 0.344 0.257 
 146   (0.083) 0.219 0.146 0.009 0.068 0.085 0.077 0.082 0.107 0.039 
 148   (0.093) 0.214 0.172 0.010 0.087 0.046 0.092 0.116 0.057 0.063 
 138   (0.048) 0.003 0.014 0.126 0.040 0.039 0.045 0.034 0.014 0.101 
 150   (0.061) 0.311 0.059 0.006 0.047 0.056 0.055 0.017 0.163 0.109 
 142   (0.113) 0.007 0.080 0.013 0.119 0.160 0.116 0.025 0.100 0.132 

Locus 19 : 19 
7 alleles
0.0% missing data
 194   (0.568) 0.478 0.242 0.954 0.582 0.608 0.576 0.595 0.560 0.530 
 200   (0.100) 0.006 0.436 0.011 0.096 0.095 0.097 0.081 0.128 0.063 
 190   (0.108) 0.199 0.274 0.011 0.089 0.093 0.099 0.239 0.176 0.143 
 188   (0.194) 0.169 0.044 0.021 0.210 0.182 0.201 0.075 0.132 0.256 
 202   (0.015) 0.147 0.002 0.002 0.012 0.012 0.013 0.003 0.002 0.004 
 192   (0.007) 0.000 0.001 0.001 0.006 0.003 0.007 0.005 0.001 0.002 
 196   (0.007) 0.000 0.001 0.001 0.005 0.008 0.006 0.002 0.001 0.001 

Locus 20 : 20 
6 alleles
1.1% missing data
 252   (0.724) 0.725 0.671 0.388 0.731 0.798 0.730 0.735 0.745 0.815 
 246   (0.097) 0.048 0.202 0.162 0.093 0.073 0.095 0.127 0.068 0.025 
 250   (0.071) 0.144 0.103 0.342 0.070 0.032 0.070 0.070 0.024 0.129 
 254   (0.067) 0.080 0.015 0.102 0.058 0.065 0.062 0.058 0.148 0.016 
 248   (0.024) 0.001 0.004 0.003 0.036 0.019 0.028 0.005 0.005 0.007 
 244   (0.017) 0.001 0.004 0.004 0.013 0.014 0.015 0.006 0.011 0.007 

Locus 21 : 21 
7 alleles
0.4% missing data
 173   (0.292) 0.214 0.111 0.121 0.264 0.319 0.281 0.321 0.540 0.450 
 167   (0.188) 0.122 0.093 0.111 0.186 0.252 0.185 0.141 0.115 0.153 
 175   (0.147) 0.255 0.034 0.484 0.135 0.122 0.141 0.317 0.089 0.060 
 177   (0.262) 0.169 0.525 0.272 0.289 0.234 0.274 0.088 0.237 0.289 
 165   (0.045) 0.013 0.222 0.005 0.050 0.026 0.046 0.109 0.008 0.011 
 163   (0.040) 0.226 0.010 0.004 0.038 0.037 0.038 0.018 0.007 0.018 
 159   (0.028) 0.002 0.006 0.003 0.040 0.011 0.034 0.005 0.004 0.018 

Locus 22 : 22 
10 alleles
1.1% missing data
 152   (0.416) 0.362 0.604 0.493 0.401 0.516 0.406 0.483 0.521 0.584 
 164   (0.026) 0.002 0.005 0.003 0.023 0.024 0.025 0.052 0.005 0.009 
 146   (0.237) 0.140 0.269 0.076 0.223 0.222 0.234 0.174 0.362 0.227 
 158   (0.095) 0.109 0.053 0.011 0.108 0.106 0.101 0.138 0.024 0.042 
 166   (0.099) 0.006 0.029 0.117 0.123 0.057 0.109 0.084 0.039 0.036 
 162   (0.060) 0.073 0.024 0.008 0.059 0.047 0.061 0.056 0.012 0.066 
 156   (0.018) 0.305 0.004 0.002 0.013 0.006 0.015 0.005 0.007 0.017 
 150   (0.026) 0.002 0.007 0.108 0.030 0.013 0.027 0.005 0.009 0.013 
 148   (0.010) 0.001 0.002 0.180 0.007 0.004 0.009 0.002 0.001 0.002 
 142   (0.014) 0.001 0.003 0.002 0.012 0.006 0.013 0.003 0.021 0.004 

Locus 23 : 23 
7 alleles
0.7% missing data
 144   (0.173) 0.631 0.054 0.600 0.162 0.137 0.167 0.193 0.280 0.194 
 156   (0.125) 0.034 0.030 0.015 0.130 0.220 0.127 0.121 0.043 0.072 
 154   (0.561) 0.228 0.576 0.367 0.565 0.561 0.565 0.518 0.611 0.569 
 160   (0.097) 0.105 0.326 0.012 0.095 0.063 0.094 0.150 0.059 0.153 
 158   (0.026) 0.002 0.011 0.003 0.034 0.012 0.030 0.014 0.005 0.007 
 152   (0.007) 0.000 0.001 0.001 0.006 0.002 0.007 0.001 0.002 0.002 
 146   (0.010) 0.001 0.002 0.002 0.008 0.005 0.010 0.002 0.001 0.002 

Locus 24 : 24 
4 alleles
0.7% missing data
  81   (0.376) 0.026 0.222 0.299 0.399 0.378 0.388 0.289 0.457 0.305 
  83   (0.456) 0.918 0.677 0.682 0.450 0.399 0.452 0.578 0.395 0.515 
  77   (0.082) 0.050 0.078 0.009 0.069 0.098 0.076 0.081 0.063 0.080 
  85   (0.086) 0.006 0.023 0.010 0.081 0.124 0.084 0.052 0.084 0.100 

Locus 25 : 25 
6 alleles
0.4% missing data
 122   (0.100) 0.006 0.074 0.118 0.102 0.063 0.100 0.105 0.144 0.083 
 132   (0.322) 0.453 0.203 0.180 0.328 0.260 0.324 0.443 0.362 0.315 
 124   (0.527) 0.537 0.711 0.402 0.526 0.651 0.526 0.427 0.487 0.584 
 136   (0.017) 0.001 0.006 0.002 0.015 0.008 0.016 0.017 0.003 0.009 
 120   (0.018) 0.001 0.003 0.297 0.014 0.011 0.016 0.005 0.003 0.004 
 126   (0.017) 0.001 0.003 0.002 0.016 0.007 0.017 0.004 0.002 0.005 

Locus 26 : 26 
7 alleles
0.4% missing data
 165   (0.248) 0.058 0.206 0.324 0.239 0.220 0.244 0.346 0.306 0.160 
 183   (0.340) 0.425 0.533 0.292 0.356 0.325 0.346 0.441 0.303 0.377 
 175   (0.256) 0.445 0.202 0.032 0.249 0.244 0.254 0.161 0.291 0.396 
 181   (0.060) 0.066 0.012 0.008 0.066 0.126 0.063 0.032 0.010 0.017 
 179   (0.080) 0.005 0.045 0.343 0.077 0.078 0.080 0.018 0.087 0.047 
 185   (0.007) 0.000 0.001 0.001 0.006 0.004 0.007 0.001 0.001 0.002 
 157   (0.007) 0.000 0.001 0.001 0.006 0.002 0.007 0.001 0.001 0.002 

Locus 27 : 27 
4 alleles
0.4% missing data
 142   (0.644) 0.740 0.656 0.311 0.655 0.596 0.649 0.667 0.769 0.780 
 148   (0.202) 0.068 0.049 0.672 0.205 0.235 0.203 0.255 0.093 0.133 
 150   (0.120) 0.189 0.265 0.013 0.111 0.149 0.116 0.058 0.107 0.076 
 138   (0.034) 0.003 0.030 0.005 0.029 0.020 0.032 0.021 0.031 0.011 

Locus 28 : 28 
6 alleles
0.4% missing data
 262   (0.497) 0.550 0.482 0.846 0.472 0.652 0.487 0.655 0.405 0.373 
 260   (0.382) 0.376 0.470 0.139 0.409 0.257 0.393 0.299 0.541 0.469 
 256   (0.083) 0.071 0.041 0.011 0.084 0.067 0.084 0.039 0.036 0.099 
 258   (0.012) 0.001 0.002 0.001 0.017 0.004 0.014 0.002 0.002 0.003 
 266   (0.007) 0.000 0.001 0.001 0.005 0.002 0.006 0.001 0.009 0.002 
 264   (0.018) 0.001 0.003 0.002 0.014 0.018 0.016 0.003 0.006 0.054 

Locus 29 : 29 
7 alleles
0.0% missing data
 150   (0.447) 0.295 0.281 0.145 0.441 0.547 0.446 0.421 0.601 0.381 
 140   (0.178) 0.060 0.163 0.810 0.183 0.138 0.181 0.164 0.164 0.131 
 146   (0.278) 0.333 0.369 0.034 0.288 0.271 0.280 0.342 0.151 0.454 
 148   (0.052) 0.310 0.117 0.006 0.051 0.023 0.052 0.052 0.035 0.014 
 142   (0.007) 0.000 0.007 0.001 0.005 0.002 0.006 0.012 0.001 0.001 
 152   (0.030) 0.002 0.055 0.003 0.028 0.016 0.029 0.005 0.047 0.017 
 151   (0.007) 0.000 0.008 0.001 0.005 0.003 0.006 0.003 0.001 0.002 

Locus 30 : 30 
6 alleles
0.0% missing data
 127   (0.099) 0.082 0.312 0.598 0.095 0.063 0.097 0.152 0.048 0.029 
 123   (0.151) 0.102 0.074 0.017 0.134 0.164 0.143 0.120 0.254 0.230 
 129   (0.423) 0.782 0.510 0.203 0.398 0.391 0.414 0.419 0.543 0.624 
 125   (0.272) 0.030 0.073 0.134 0.322 0.337 0.294 0.296 0.104 0.099 
 121   (0.014) 0.001 0.003 0.043 0.010 0.007 0.013 0.004 0.002 0.004 
 131   (0.041) 0.003 0.028 0.005 0.040 0.038 0.040 0.010 0.050 0.014 

Locus 31 : 31 
5 alleles
0.4% missing data
 155   (0.544) 0.713 0.388 0.518 0.590 0.509 0.563 0.436 0.545 0.327 
 159   (0.173) 0.012 0.153 0.020 0.154 0.229 0.165 0.286 0.221 0.328 
 157   (0.189) 0.022 0.420 0.113 0.166 0.210 0.181 0.250 0.187 0.183 
 151   (0.032) 0.249 0.007 0.242 0.026 0.022 0.030 0.013 0.005 0.007 
 153   (0.061) 0.004 0.033 0.108 0.064 0.030 0.062 0.013 0.042 0.154 

Locus 32 : 32 
5 alleles
0.0% missing data
 150   (0.540) 0.635 0.505 0.401 0.536 0.581 0.539 0.502 0.628 0.549 
 146   (0.354) 0.315 0.207 0.587 0.372 0.368 0.360 0.276 0.320 0.362 
 148   (0.050) 0.045 0.266 0.005 0.042 0.017 0.047 0.108 0.011 0.041 
 154   (0.039) 0.003 0.013 0.004 0.038 0.026 0.039 0.110 0.016 0.011 
 152   (0.017) 0.001 0.009 0.002 0.012 0.007 0.015 0.003 0.025 0.037 

Locus 33 : 33 
6 alleles
0.0% missing data
 184   (0.192) 0.073 0.069 0.271 0.190 0.192 0.191 0.271 0.247 0.328 
 180   (0.455) 0.666 0.466 0.690 0.468 0.415 0.461 0.512 0.423 0.311 
 192   (0.168) 0.182 0.424 0.019 0.158 0.194 0.165 0.118 0.131 0.148 
 190   (0.022) 0.001 0.005 0.002 0.015 0.017 0.019 0.031 0.044 0.015 
 196   (0.106) 0.007 0.024 0.012 0.104 0.101 0.105 0.056 0.140 0.181 
 198   (0.057) 0.071 0.011 0.006 0.065 0.080 0.059 0.012 0.015 0.017 

Locus 34 : 34 
6 alleles
0.0% missing data
 106   (0.283) 0.702 0.202 0.228 0.251 0.354 0.268 0.397 0.424 0.308 
 110   (0.170) 0.073 0.231 0.217 0.186 0.136 0.178 0.214 0.105 0.097 
 112   (0.345) 0.062 0.393 0.039 0.355 0.351 0.350 0.300 0.369 0.467 
 108   (0.157) 0.113 0.037 0.113 0.174 0.125 0.163 0.079 0.093 0.115 
  96   (0.011) 0.046 0.003 0.001 0.008 0.004 0.010 0.002 0.002 0.003 
  90   (0.034) 0.002 0.135 0.403 0.028 0.030 0.031 0.007 0.009 0.010 

Locus 35 : 35 
9 alleles
0.0% missing data
 170   (0.268) 0.323 0.147 0.603 0.264 0.238 0.266 0.497 0.210 0.248 
 172   (0.316) 0.582 0.330 0.040 0.334 0.263 0.323 0.146 0.394 0.407 
 176   (0.089) 0.017 0.037 0.010 0.095 0.112 0.092 0.213 0.013 0.029 
 174   (0.154) 0.066 0.375 0.018 0.143 0.264 0.151 0.057 0.202 0.053 
 166   (0.050) 0.004 0.077 0.007 0.040 0.024 0.045 0.057 0.141 0.031 
 168   (0.062) 0.004 0.020 0.316 0.066 0.064 0.063 0.018 0.024 0.034 
 186   (0.013) 0.001 0.002 0.001 0.011 0.004 0.012 0.002 0.004 0.121 
 178   (0.040) 0.003 0.010 0.005 0.040 0.028 0.041 0.009 0.011 0.076 
 158   (0.007) 0.000 0.001 0.001 0.007 0.002 0.007 0.001 0.001 0.002 

Locus 36 : 36 
6 alleles
0.0% missing data
  85   (0.162) 0.232 0.207 0.489 0.147 0.190 0.155 0.142 0.148 0.107 
  95   (0.055) 0.004 0.021 0.006 0.053 0.026 0.054 0.077 0.096 0.022 
  89   (0.563) 0.512 0.711 0.374 0.576 0.564 0.569 0.517 0.580 0.781 
  81   (0.076) 0.005 0.018 0.009 0.075 0.106 0.076 0.161 0.045 0.021 
  83   (0.125) 0.246 0.041 0.014 0.133 0.108 0.128 0.099 0.123 0.065 
  91   (0.019) 0.001 0.004 0.108 0.016 0.006 0.018 0.003 0.008 0.005 

Locus 37 : 37 
10 alleles
0.0% missing data
 161   (0.330) 0.380 0.440 0.429 0.323 0.465 0.325 0.393 0.297 0.168 
 173   (0.264) 0.506 0.402 0.224 0.244 0.225 0.257 0.378 0.223 0.387 
 165   (0.235) 0.103 0.088 0.135 0.253 0.162 0.243 0.194 0.309 0.236 
 169   (0.098) 0.006 0.054 0.205 0.107 0.109 0.101 0.021 0.109 0.175 
 168   (0.013) 0.001 0.002 0.001 0.015 0.004 0.014 0.002 0.002 0.003 
 155   (0.018) 0.001 0.004 0.002 0.021 0.009 0.020 0.004 0.003 0.007 
 167   (0.015) 0.001 0.004 0.002 0.016 0.015 0.016 0.003 0.003 0.005 
 159   (0.010) 0.001 0.002 0.001 0.009 0.003 0.009 0.002 0.009 0.002 
 177   (0.007) 0.000 0.003 0.001 0.005 0.006 0.006 0.001 0.001 0.002 
 175   (0.010) 0.001 0.002 0.001 0.006 0.003 0.008 0.002 0.044 0.015 

Locus 38 : 38 
5 alleles
0.0% missing data
  81   (0.121) 0.115 0.306 0.014 0.118 0.076 0.121 0.223 0.063 0.091 
  87   (0.084) 0.130 0.066 0.555 0.069 0.066 0.077 0.114 0.044 0.047 
  89   (0.430) 0.098 0.394 0.050 0.461 0.502 0.443 0.225 0.628 0.481 
  85   (0.197) 0.470 0.133 0.176 0.183 0.176 0.191 0.230 0.167 0.272 
  91   (0.169) 0.187 0.101 0.205 0.170 0.180 0.168 0.208 0.099 0.109 

Locus 39 : 39 
4 alleles
0.7% missing data
 167   (0.784) 0.857 0.839 0.681 0.764 0.835 0.775 0.938 0.723 0.905 
 161   (0.182) 0.140 0.146 0.315 0.204 0.142 0.191 0.055 0.195 0.086 
 165   (0.027) 0.002 0.014 0.003 0.025 0.020 0.026 0.006 0.081 0.008 
 177   (0.007) 0.001 0.001 0.001 0.007 0.003 0.007 0.001 0.001 0.002 

Locus 40 : 40 
6 alleles
0.4% missing data
 228   (0.398) 0.234 0.560 0.537 0.382 0.399 0.392 0.437 0.485 0.535 
 240   (0.135) 0.265 0.066 0.016 0.137 0.122 0.134 0.164 0.133 0.138 
 238   (0.343) 0.119 0.096 0.083 0.364 0.388 0.354 0.274 0.329 0.287 
 236   (0.098) 0.380 0.086 0.360 0.097 0.063 0.097 0.113 0.050 0.035 
 224   (0.014) 0.001 0.190 0.001 0.011 0.006 0.013 0.010 0.002 0.003 
 232   (0.012) 0.001 0.002 0.001 0.010 0.024 0.010 0.002 0.002 0.003 

Locus 41 : 41 
7 alleles
0.0% missing data
 130   (0.523) 0.772 0.529 0.059 0.552 0.562 0.536 0.506 0.420 0.466 
 132   (0.115) 0.050 0.025 0.013 0.107 0.127 0.111 0.151 0.152 0.364 
 114   (0.046) 0.003 0.010 0.495 0.043 0.040 0.045 0.073 0.007 0.011 
 128   (0.111) 0.035 0.222 0.012 0.103 0.117 0.107 0.075 0.252 0.061 
 134   (0.127) 0.008 0.132 0.211 0.131 0.081 0.130 0.179 0.089 0.051 
 118   (0.070) 0.131 0.081 0.210 0.057 0.070 0.064 0.015 0.079 0.046 
 136   (0.007) 0.000 0.001 0.001 0.006 0.002 0.007 0.001 0.001 0.002 

Locus 42 : 42 
5 alleles
1.5% missing data
  92   (0.097) 0.006 0.033 0.052 0.092 0.185 0.095 0.092 0.026 0.143 
  96   (0.064) 0.004 0.022 0.103 0.064 0.082 0.063 0.063 0.033 0.017 
 102   (0.275) 0.476 0.249 0.572 0.275 0.186 0.273 0.395 0.312 0.376 
 104   (0.433) 0.415 0.652 0.052 0.444 0.428 0.440 0.337 0.542 0.377 
  98   (0.131) 0.099 0.044 0.220 0.125 0.118 0.129 0.113 0.086 0.088 

Locus 43 : 43 
6 alleles
2.2% missing data
 103   (0.327) 0.349 0.201 0.235 0.327 0.212 0.330 0.290 0.414 0.498 
 101   (0.304) 0.185 0.311 0.036 0.292 0.378 0.298 0.450 0.252 0.344 
  95   (0.204) 0.455 0.089 0.177 0.208 0.201 0.204 0.186 0.242 0.104 
  99   (0.138) 0.009 0.393 0.407 0.147 0.197 0.141 0.068 0.088 0.048 
  97   (0.020) 0.001 0.004 0.145 0.020 0.009 0.020 0.004 0.003 0.005 
  91   (0.008) 0.000 0.001 0.001 0.006 0.003 0.007 0.002 0.001 0.002 

Locus 44 : 44 
7 alleles
0.0% missing data
 181   (0.558) 0.860 0.529 0.516 0.532 0.637 0.545 0.622 0.698 0.678 
 191   (0.292) 0.100 0.380 0.277 0.322 0.277 0.305 0.293 0.177 0.250 
 177   (0.073) 0.005 0.015 0.009 0.078 0.046 0.075 0.064 0.063 0.054 
 189   (0.008) 0.030 0.001 0.001 0.005 0.002 0.006 0.001 0.001 0.001 
 179   (0.051) 0.003 0.072 0.194 0.049 0.031 0.052 0.017 0.007 0.013 
 183   (0.011) 0.001 0.002 0.001 0.009 0.004 0.010 0.002 0.002 0.003 
 193   (0.008) 0.001 0.001 0.001 0.005 0.002 0.007 0.001 0.052 0.002 

Locus 45 : 45 
6 alleles
1.5% missing data
 211   (0.227) 0.272 0.302 0.338 0.225 0.306 0.227 0.197 0.108 0.220 
 215   (0.077) 0.114 0.065 0.010 0.069 0.077 0.073 0.097 0.096 0.019 
 205   (0.478) 0.409 0.524 0.254 0.498 0.409 0.488 0.535 0.502 0.543 
 201   (0.069) 0.005 0.064 0.381 0.055 0.103 0.062 0.080 0.054 0.058 
 207   (0.139) 0.200 0.044 0.016 0.141 0.100 0.140 0.088 0.239 0.157 
 202   (0.010) 0.001 0.002 0.001 0.012 0.006 0.010 0.002 0.002 0.003 

Locus 46 : 46 
10 alleles
0.7% missing data
 142   (0.389) 0.286 0.581 0.048 0.397 0.316 0.391 0.436 0.520 0.593 
 166   (0.128) 0.385 0.034 0.117 0.121 0.114 0.126 0.090 0.247 0.086 
 158   (0.142) 0.083 0.286 0.018 0.150 0.134 0.145 0.263 0.051 0.108 
 168   (0.140) 0.109 0.035 0.212 0.161 0.131 0.149 0.129 0.051 0.039 
 162   (0.055) 0.003 0.011 0.117 0.045 0.063 0.051 0.043 0.042 0.024 
 144   (0.051) 0.128 0.034 0.006 0.044 0.080 0.048 0.012 0.074 0.013 
 156   (0.028) 0.002 0.006 0.474 0.025 0.010 0.027 0.006 0.005 0.048 
 164   (0.046) 0.003 0.009 0.005 0.042 0.117 0.044 0.015 0.008 0.084 
 170   (0.013) 0.001 0.003 0.002 0.009 0.032 0.011 0.004 0.002 0.003 
 160   (0.007) 0.000 0.001 0.001 0.006 0.003 0.007 0.002 0.001 0.002 

Locus 47 : 47 
6 alleles
7.8% missing data
 145   (0.236) 0.618 0.067 0.524 0.242 0.254 0.238 0.339 0.089 0.175 
 151   (0.172) 0.012 0.347 0.086 0.161 0.168 0.168 0.364 0.104 0.225 
 153   (0.197) 0.028 0.110 0.030 0.199 0.173 0.199 0.190 0.400 0.227 
 149   (0.360) 0.340 0.467 0.355 0.369 0.313 0.364 0.101 0.403 0.364 
 143   (0.015) 0.001 0.003 0.002 0.012 0.035 0.013 0.003 0.002 0.003 
 147   (0.021) 0.001 0.006 0.003 0.018 0.057 0.019 0.004 0.003 0.005 

Values of parameters used in structure:
DATAFILE=c2.str,	OUTFILE=k9/c2_k9_run10,	NUMINDS=269,	NUMLOCI=47,	MISSING=-9,	LABEL=1,	POPDATA=1,	POPFLAG=0,	PHENOTYPE=0,	EXTRACOLS=0,	MAXPOPS=9,	BURNIN=500000,	NUMREPS=750000,	USEPOPINFO=0,	INFERALPHA=1,	INFERLAMBDA=0,	POPSPECIFICLAMBDA=0,	POPALPHAS=0,	COMPUTEPROB=1,	NOADMIX=0,	ADMBURNIN=500,	UPDATEFREQ=100,	PRINTLIKES=0,	INTERMEDSAVE=0,	PRINTKLD=0,	PRINTNET=1,	PRINTLAMBDA=1,	ANCESTDIST=0,	NUMBOXES=1000,	ANCESTPINT=0.90000,	GENSBACK=2,	MIGRPRIOR=0.01000,	PRINTQHAT=0,	PRINTQSUM=1,	ALPHA=1.0000,	FREQSCORR=1,	FPRIORMEAN=0.0100,	FPRIORSD=0.0500,	ONEFST=0,	LAMBDA=1.0000,	UNIFPRIORALPHA=1,	ALPHAMAX=10.0000,	ALPHAPRIORA=1.0000,	ALPHAPRIORB=2.0000,	ALPHAPROPSD=0.0250,	STARTATPOPINFO=0,	RANDOMIZE=0,	LINKAGE=0,	METROFREQ=10,	REPORTHITRATE=0,	MARKOVPHASE=0,	PHASED=1,	PLOIDY=2,	PHASEINFO=0	LOCPRIOR=0, 	LOCPRIORINIT=1.000000, 	LOCDATA=0, 	LOCISPOP=1, 	LOCPRIORSTEP=0.100000, 	MAXLOCPRIOR=20.000000, 	SEED=462980,	
[STRAT parameters]:    NUMSIMSTATS=1000,	PHENOTYPECOL=-9,	POOLFREQ=10,	LOCUSxONLY=0,	EMERROR=0.00100,	MISSINGPHENO=-9,	