

----------------------------------------------------
STRUCTURE by Pritchard, Stephens and Donnelly (2000)
     and Falush, Stephens and Pritchard (2003)
       Code by Pritchard, Falush and Hubisz
             Version 2.3.4 (Jul 2012)
----------------------------------------------------



Command line arguments:   structure -D 635779 -K 5 -m mainparams -o k5/c2_k5_run7 
Input File:    c2.str

Run parameters:
   269 individuals
   47 loci
   5 populations assumed
   500000 Burn-in period
   750000 Reps
RANDOMIZE turned off


--------------------------------------------
Proportion of membership of each pre-defined
 population in each of the 5 clusters

Given    Inferred Clusters                     Number of
 Pop       1      2      3      4      5      Individuals

  1:     0.015  0.858  0.034  0.007  0.087       25
  2:     0.980  0.006  0.005  0.003  0.005       29
  3:     0.002  0.003  0.003  0.990  0.002        9
  4:     0.015  0.320  0.575  0.008  0.081       26
  5:     0.012  0.205  0.444  0.009  0.329       74
  6:     0.015  0.138  0.238  0.007  0.602       35
  7:     0.010  0.065  0.087  0.008  0.830       24
  8:     0.027  0.267  0.607  0.010  0.089       43
  9:     0.010  0.113  0.790  0.003  0.084        4
--------------------------------------------

Allele-freq. divergence among pops (Net nucleotide distance),
computed using point estimates of P.

      1       2       3       4       5      
 1      -    0.0513  0.0504  0.1292  0.0630  
 2   0.0513     -    0.0043  0.0984  0.0160  
 3   0.0504  0.0043     -    0.0966  0.0115  
 4   0.1292  0.0984  0.0966     -    0.1189  
 5   0.0630  0.0160  0.0115  0.1189     -    

Average distances (expected heterozygosity) between individuals in same cluster:
cluster  1  : 0.5496 
cluster  2  : 0.6277 
cluster  3  : 0.6435 
cluster  4  : 0.5372 
cluster  5  : 0.5897 

--------------------------------------------
Estimated Ln Prob of Data   = -30105.7
Mean value of ln likelihood = -29538.3
Variance of ln likelihood   = 1134.7
Mean value of alpha         = 0.0350

Mean value of Fst_1         = 0.1991
Mean value of Fst_2         = 0.0288
Mean value of Fst_3         = 0.0025
Mean value of Fst_4         = 0.3027
Mean value of Fst_5         = 0.0532


Inferred ancestry of individuals:
        Label (%Miss) Pop:  Inferred clusters
  1      591    (0)    1 :  0.006 0.900 0.036 0.015 0.044 
  2      592    (0)    1 :  0.015 0.612 0.043 0.004 0.326 
  3      593    (0)    1 :  0.003 0.961 0.013 0.012 0.011 
  4      594    (0)    1 :  0.017 0.734 0.118 0.007 0.124 
  5      595    (0)    1 :  0.013 0.951 0.025 0.005 0.005 
  6      596    (0)    1 :  0.059 0.894 0.025 0.012 0.009 
  7      597    (0)    1 :  0.007 0.944 0.026 0.003 0.020 
  8      598    (0)    1 :  0.022 0.934 0.031 0.001 0.012 
  9      599    (0)    1 :  0.006 0.417 0.015 0.014 0.548 
 10      600    (0)    1 :  0.024 0.953 0.011 0.007 0.005 
 11      601    (0)    1 :  0.003 0.926 0.031 0.003 0.037 
 12      602    (0)    1 :  0.009 0.946 0.023 0.006 0.016 
 13      603    (0)    1 :  0.011 0.055 0.052 0.010 0.872 
 14      604    (0)    1 :  0.011 0.959 0.022 0.003 0.005 
 15      605    (0)    1 :  0.026 0.939 0.023 0.004 0.007 
 16      606    (0)    1 :  0.012 0.909 0.035 0.030 0.014 
 17      607    (0)    1 :  0.014 0.966 0.013 0.003 0.004 
 18      608    (0)    1 :  0.005 0.956 0.013 0.003 0.022 
 19      609    (0)    1 :  0.004 0.972 0.014 0.004 0.006 
 20      610    (0)    1 :  0.008 0.872 0.090 0.003 0.026 
 21      611    (2)    1 :  0.007 0.963 0.021 0.003 0.006 
 22      612    (0)    1 :  0.040 0.912 0.034 0.002 0.011 
 23      755    (0)    1 :  0.031 0.825 0.117 0.002 0.025 
 24      756    (0)    1 :  0.004 0.968 0.008 0.005 0.016 
 25      757    (0)    1 :  0.007 0.969 0.011 0.002 0.010 
 26      212    (0)    2 :  0.990 0.002 0.003 0.001 0.004 
 27      213    (0)    2 :  0.983 0.004 0.004 0.003 0.006 
 28      214    (0)    2 :  0.985 0.005 0.005 0.001 0.003 
 29      215    (0)    2 :  0.983 0.004 0.004 0.004 0.005 
 30      216    (0)    2 :  0.987 0.003 0.003 0.002 0.005 
 31      217    (0)    2 :  0.984 0.005 0.005 0.002 0.004 
 32      218    (0)    2 :  0.989 0.003 0.003 0.002 0.003 
 33      332    (0)    2 :  0.949 0.018 0.010 0.006 0.016 
 34      333    (0)    2 :  0.938 0.023 0.018 0.012 0.009 
 35      334    (0)    2 :  0.981 0.006 0.004 0.003 0.005 
 36      335    (0)    2 :  0.989 0.003 0.003 0.002 0.004 
 37      336    (0)    2 :  0.978 0.003 0.003 0.014 0.003 
 38      337    (0)    2 :  0.979 0.010 0.006 0.002 0.003 
 39      673    (0)    2 :  0.994 0.001 0.001 0.001 0.002 
 40      674    (0)    2 :  0.983 0.006 0.005 0.002 0.004 
 41      675    (0)    2 :  0.980 0.005 0.005 0.005 0.006 
 42      676    (0)    2 :  0.980 0.006 0.005 0.001 0.007 
 43      677    (0)    2 :  0.987 0.004 0.003 0.002 0.004 
 44      678    (0)    2 :  0.960 0.008 0.016 0.006 0.011 
 45      679    (0)    2 :  0.958 0.020 0.013 0.002 0.006 
 46      680    (0)    2 :  0.975 0.008 0.005 0.005 0.007 
 47      681    (0)    2 :  0.982 0.006 0.006 0.002 0.004 
 48      682    (0)    2 :  0.990 0.002 0.002 0.003 0.002 
 49      683    (0)    2 :  0.983 0.005 0.005 0.002 0.004 
 50      684    (0)    2 :  0.982 0.005 0.005 0.003 0.005 
 51      685    (0)    2 :  0.981 0.007 0.006 0.003 0.003 
 52      686    (0)    2 :  0.990 0.002 0.002 0.003 0.002 
 53      687    (0)    2 :  0.991 0.002 0.002 0.002 0.003 
 54      688    (0)    2 :  0.984 0.004 0.003 0.002 0.007 
 55      070    (0)    3 :  0.002 0.003 0.005 0.988 0.003 
 56      071    (0)    3 :  0.006 0.004 0.003 0.985 0.003 
 57      072    (0)    3 :  0.001 0.002 0.002 0.993 0.002 
 58      151    (0)    3 :  0.002 0.002 0.001 0.994 0.002 
 59      152    (0)    3 :  0.002 0.005 0.006 0.982 0.005 
 60      153    (2)    3 :  0.002 0.002 0.001 0.994 0.001 
 61      788    (4)    3 :  0.002 0.002 0.003 0.989 0.003 
 62      789    (2)    3 :  0.003 0.002 0.002 0.992 0.002 
 63      790    (0)    3 :  0.001 0.002 0.002 0.993 0.002 
 64      010    (0)    4 :  0.004 0.072 0.914 0.002 0.007 
 65      024    (0)    4 :  0.015 0.054 0.892 0.008 0.033 
 66      051    (0)    4 :  0.006 0.867 0.106 0.013 0.007 
 67      090    (0)    4 :  0.005 0.389 0.582 0.007 0.018 
 68      102    (0)    4 :  0.003 0.158 0.367 0.002 0.471 
 69      111    (0)    4 :  0.004 0.349 0.626 0.002 0.020 
 70      113    (0)    4 :  0.005 0.711 0.216 0.007 0.061 
 71      138    (0)    4 :  0.082 0.293 0.583 0.022 0.019 
 72      150    (0)    4 :  0.005 0.164 0.050 0.012 0.768 
 73      173    (2)    4 :  0.018 0.520 0.373 0.024 0.065 
 74      174    (2)    4 :  0.004 0.382 0.582 0.027 0.005 
 75      175    (0)    4 :  0.003 0.352 0.627 0.009 0.008 
 76      176    (0)    4 :  0.013 0.051 0.915 0.006 0.015 
 77      177    (0)    4 :  0.002 0.793 0.188 0.003 0.014 
 78      180    (0)    4 :  0.005 0.786 0.199 0.003 0.006 
 79      184    (0)    4 :  0.005 0.311 0.602 0.010 0.072 
 80      195    (0)    4 :  0.014 0.087 0.872 0.005 0.022 
 81      198    (0)    4 :  0.006 0.365 0.615 0.003 0.012 
 82      203    (0)    4 :  0.005 0.136 0.826 0.009 0.023 
 83      211    (0)    4 :  0.104 0.098 0.757 0.003 0.038 
 84      220    (0)    4 :  0.009 0.327 0.399 0.003 0.262 
 85      233    (0)    4 :  0.039 0.125 0.718 0.005 0.112 
 86      331    (0)    4 :  0.005 0.225 0.750 0.008 0.013 
 87      349    (0)    4 :  0.005 0.475 0.492 0.006 0.021 
 88      410    (0)    4 :  0.023 0.142 0.827 0.003 0.005 
 89      417    (2)    4 :  0.005 0.096 0.882 0.002 0.015 
 90      421    (0)    5 :  0.006 0.007 0.013 0.002 0.972 
 91      423    (0)    5 :  0.003 0.194 0.788 0.008 0.007 
 92      424    (0)    5 :  0.002 0.942 0.046 0.002 0.007 
 93      433    (0)    5 :  0.021 0.050 0.241 0.002 0.686 
 94      462    (0)    5 :  0.026 0.520 0.287 0.002 0.165 
 95      463    (0)    5 :  0.004 0.254 0.726 0.003 0.014 
 96      467    (0)    5 :  0.011 0.011 0.009 0.006 0.963 
 97      468    (0)    5 :  0.002 0.440 0.065 0.004 0.488 
 98      469    (0)    5 :  0.003 0.030 0.215 0.002 0.751 
 99      472    (0)    5 :  0.007 0.027 0.944 0.004 0.018 
100      473    (0)    5 :  0.008 0.345 0.621 0.002 0.023 
101      474    (0)    5 :  0.011 0.018 0.007 0.002 0.962 
102      475    (0)    5 :  0.003 0.059 0.170 0.004 0.764 
103      476    (2)    5 :  0.029 0.031 0.020 0.011 0.908 
104      477    (0)    5 :  0.019 0.025 0.900 0.005 0.050 
105      478    (0)    5 :  0.003 0.108 0.754 0.002 0.133 
106      479    (0)    5 :  0.004 0.079 0.072 0.004 0.841 
107      480    (0)    5 :  0.003 0.009 0.007 0.002 0.980 
108      481    (0)    5 :  0.003 0.101 0.790 0.034 0.071 
109      482    (0)    5 :  0.040 0.242 0.657 0.003 0.058 
110      489    (0)    5 :  0.014 0.087 0.838 0.004 0.056 
111      490    (0)    5 :  0.004 0.681 0.297 0.004 0.015 
112      491    (0)    5 :  0.102 0.166 0.698 0.008 0.026 
113      492    (0)    5 :  0.021 0.099 0.075 0.005 0.800 
114      493    (0)    5 :  0.007 0.044 0.092 0.013 0.844 
115      494    (0)    5 :  0.035 0.219 0.336 0.027 0.382 
116      498    (0)    5 :  0.004 0.080 0.889 0.006 0.021 
117      499    (0)    5 :  0.007 0.421 0.548 0.004 0.020 
118      709    (0)    5 :  0.010 0.157 0.747 0.067 0.018 
119      710    (4)    5 :  0.003 0.008 0.851 0.007 0.132 
120      711    (2)    5 :  0.004 0.289 0.684 0.007 0.017 
121      712    (4)    5 :  0.003 0.546 0.426 0.002 0.023 
122      713    (0)    5 :  0.007 0.036 0.948 0.003 0.005 
123      714    (2)    5 :  0.002 0.011 0.010 0.010 0.967 
124      715    (4)    5 :  0.034 0.025 0.020 0.011 0.910 
125      716    (0)    5 :  0.003 0.007 0.011 0.003 0.977 
126      717    (2)    5 :  0.009 0.048 0.360 0.003 0.580 
127      718    (4)    5 :  0.002 0.369 0.568 0.003 0.057 
128      719    (0)    5 :  0.002 0.004 0.005 0.002 0.987 
129      720    (2)    5 :  0.010 0.014 0.022 0.002 0.952 
130      721    (0)    5 :  0.007 0.102 0.227 0.044 0.620 
131      722    (4)    5 :  0.002 0.005 0.004 0.002 0.986 
132      723    (0)    5 :  0.008 0.006 0.029 0.007 0.950 
133      724    (0)    5 :  0.007 0.013 0.021 0.004 0.955 
134      725    (0)    5 :  0.010 0.046 0.921 0.004 0.019 
135      726    (0)    5 :  0.006 0.171 0.484 0.008 0.331 
136      727    (0)    5 :  0.014 0.198 0.595 0.009 0.184 
137      728    (2)    5 :  0.006 0.063 0.817 0.083 0.030 
138      729    (6)    5 :  0.004 0.090 0.864 0.004 0.038 
139      730    (2)    5 :  0.006 0.478 0.451 0.008 0.058 
140      731    (2)    5 :  0.003 0.248 0.739 0.002 0.009 
141      732    (0)    5 :  0.007 0.100 0.543 0.003 0.347 
142      733    (0)    5 :  0.003 0.121 0.727 0.005 0.144 
143      734    (2)    5 :  0.097 0.428 0.427 0.009 0.040 
144      735    (4)    5 :  0.008 0.199 0.742 0.003 0.048 
145      736    (2)    5 :  0.017 0.337 0.625 0.012 0.010 
146      737    (0)    5 :  0.004 0.455 0.520 0.014 0.007 
147      738    (2)    5 :  0.005 0.433 0.550 0.003 0.010 
148      739    (8)    5 :  0.007 0.393 0.537 0.010 0.053 
149      740    (4)    5 :  0.003 0.037 0.867 0.002 0.092 
150      741    (2)    5 :  0.016 0.336 0.487 0.002 0.159 
151      742    (4)    5 :  0.004 0.638 0.339 0.005 0.014 
152      743    (2)    5 :  0.010 0.009 0.010 0.002 0.968 
153      744    (0)    5 :  0.005 0.098 0.678 0.037 0.183 
154      745    (0)    5 :  0.007 0.034 0.184 0.026 0.749 
155      746    (2)    5 :  0.006 0.152 0.831 0.004 0.008 
156      747    (2)    5 :  0.020 0.381 0.581 0.005 0.014 
157      748    (0)    5 :  0.013 0.648 0.313 0.005 0.021 
158      749    (2)    5 :  0.020 0.568 0.393 0.011 0.008 
159      750    (4)    5 :  0.005 0.145 0.833 0.005 0.013 
160      751    (0)    5 :  0.007 0.337 0.623 0.014 0.018 
161      752    (2)    5 :  0.003 0.377 0.050 0.003 0.567 
162      753    (4)    5 :  0.043 0.204 0.674 0.009 0.069 
163      754    (2)    5 :  0.004 0.538 0.447 0.003 0.008 
164      155    (0)    6 :  0.039 0.065 0.871 0.004 0.022 
165      156    (2)    6 :  0.006 0.091 0.761 0.124 0.017 
166      157    (2)    6 :  0.008 0.415 0.561 0.002 0.014 
167      158    (0)    6 :  0.008 0.216 0.751 0.004 0.021 
168      159    (0)    6 :  0.003 0.042 0.931 0.007 0.017 
169      160    (0)    6 :  0.010 0.202 0.136 0.003 0.648 
170      161    (0)    6 :  0.009 0.236 0.696 0.003 0.056 
171      162    (0)    6 :  0.007 0.060 0.321 0.009 0.604 
172      163    (2)    6 :  0.004 0.586 0.393 0.010 0.008 
173      164    (0)    6 :  0.021 0.089 0.867 0.002 0.021 
174      165    (2)    6 :  0.006 0.014 0.967 0.006 0.008 
175      427    (0)    6 :  0.076 0.012 0.013 0.010 0.890 
176      428    (0)    6 :  0.004 0.010 0.006 0.003 0.977 
177      429    (0)    6 :  0.003 0.007 0.009 0.004 0.978 
178      430    (0)    6 :  0.004 0.697 0.214 0.002 0.083 
179      431    (0)    6 :  0.003 0.009 0.011 0.002 0.974 
180      435    (0)    6 :  0.002 0.004 0.004 0.002 0.989 
181      436    (0)    6 :  0.003 0.004 0.004 0.002 0.987 
182      437    (0)    6 :  0.004 0.005 0.010 0.002 0.979 
183      438    (0)    6 :  0.002 0.012 0.016 0.006 0.964 
184      439    (0)    6 :  0.004 0.059 0.098 0.007 0.832 
185      441    (0)    6 :  0.003 0.506 0.058 0.001 0.431 
186      442    (0)    6 :  0.195 0.018 0.015 0.006 0.766 
187      443    (4)    6 :  0.002 0.008 0.007 0.003 0.980 
188      444    (4)    6 :  0.012 0.007 0.008 0.005 0.968 
189      445    (2)    6 :  0.004 0.010 0.174 0.009 0.803 
190      446    (0)    6 :  0.006 0.008 0.006 0.004 0.976 
191      447    (0)    6 :  0.004 0.008 0.009 0.003 0.975 
192      449    (0)    6 :  0.005 0.003 0.003 0.002 0.987 
193      460    (0)    6 :  0.005 0.008 0.014 0.002 0.970 
194      461    (0)    6 :  0.010 0.096 0.127 0.002 0.765 
195      484    (0)    6 :  0.016 0.770 0.135 0.006 0.073 
196      485    (0)    6 :  0.004 0.005 0.008 0.002 0.982 
197      486    (0)    6 :  0.004 0.517 0.089 0.002 0.388 
198      487    (0)    6 :  0.009 0.024 0.038 0.003 0.925 
199      178    (0)    7 :  0.005 0.025 0.055 0.010 0.904 
200      422    (0)    7 :  0.003 0.006 0.006 0.003 0.982 
201      425    (0)    7 :  0.003 0.010 0.017 0.001 0.968 
202      426    (0)    7 :  0.021 0.480 0.302 0.097 0.101 
203      432    (0)    7 :  0.013 0.158 0.188 0.011 0.631 
204      434    (0)    7 :  0.006 0.006 0.005 0.003 0.979 
205      440    (0)    7 :  0.018 0.042 0.108 0.002 0.829 
206      448    (2)    7 :  0.023 0.009 0.008 0.002 0.958 
207      456    (0)    7 :  0.010 0.078 0.585 0.003 0.324 
208      457    (0)    7 :  0.005 0.039 0.036 0.006 0.914 
209      458    (0)    7 :  0.019 0.250 0.230 0.008 0.492 
210      459    (0)    7 :  0.005 0.019 0.018 0.003 0.955 
211      464    (0)    7 :  0.006 0.005 0.007 0.004 0.978 
212      465    (0)    7 :  0.002 0.007 0.008 0.001 0.981 
213      466    (0)    7 :  0.005 0.014 0.020 0.002 0.960 
214      470    (0)    7 :  0.004 0.008 0.005 0.002 0.981 
215      471    (0)    7 :  0.003 0.023 0.013 0.017 0.943 
216      483    (0)    7 :  0.012 0.081 0.037 0.004 0.866 
217      488    (0)    7 :  0.006 0.039 0.056 0.003 0.896 
218      495    (0)    7 :  0.003 0.011 0.009 0.001 0.976 
219      496    (0)    7 :  0.002 0.010 0.012 0.002 0.974 
220      497    (0)    7 :  0.039 0.005 0.015 0.003 0.938 
221      500    (0)    7 :  0.004 0.189 0.339 0.004 0.464 
222      879    (0)    7 :  0.014 0.042 0.013 0.003 0.928 
223      036    (0)    8 :  0.002 0.015 0.963 0.004 0.015 
224      063    (2)    8 :  0.013 0.320 0.618 0.004 0.045 
225      094    (4)    8 :  0.009 0.288 0.608 0.005 0.089 
226      103    (4)    8 :  0.006 0.016 0.966 0.003 0.008 
227      112    (0)    8 :  0.005 0.498 0.487 0.004 0.006 
228      114    (2)    8 :  0.004 0.018 0.927 0.002 0.049 
229      120    (0)    8 :  0.005 0.652 0.316 0.003 0.025 
230      127    (2)    8 :  0.006 0.682 0.296 0.003 0.014 
231      147    (0)    8 :  0.006 0.631 0.297 0.052 0.014 
232      166    (0)    8 :  0.017 0.461 0.457 0.031 0.034 
233      167    (0)    8 :  0.007 0.055 0.503 0.007 0.428 
234      168    (0)    8 :  0.004 0.008 0.971 0.003 0.014 
235      169    (2)    8 :  0.006 0.176 0.329 0.006 0.484 
236      170    (0)    8 :  0.034 0.248 0.703 0.005 0.011 
237      171    (2)    8 :  0.005 0.393 0.580 0.013 0.009 
238      172    (0)    8 :  0.005 0.570 0.386 0.012 0.027 
239      185    (0)    8 :  0.006 0.154 0.736 0.005 0.099 
240      199    (2)    8 :  0.238 0.064 0.682 0.006 0.010 
241      339    (0)    8 :  0.008 0.057 0.158 0.010 0.767 
242      355    (0)    8 :  0.087 0.046 0.849 0.013 0.004 
243      356    (0)    8 :  0.005 0.399 0.582 0.004 0.010 
244      357    (0)    8 :  0.014 0.109 0.853 0.011 0.012 
245      358    (0)    8 :  0.004 0.307 0.663 0.008 0.019 
246      359    (0)    8 :  0.009 0.402 0.577 0.002 0.009 
247      360    (0)    8 :  0.005 0.231 0.704 0.011 0.049 
248      361    (0)    8 :  0.003 0.429 0.321 0.002 0.245 
249      362    (0)    8 :  0.004 0.476 0.425 0.006 0.087 
250      363    (0)    8 :  0.038 0.876 0.060 0.013 0.013 
251      364    (0)    8 :  0.065 0.401 0.507 0.003 0.025 
252      365    (0)    8 :  0.004 0.032 0.801 0.017 0.147 
253      366    (0)    8 :  0.003 0.315 0.644 0.031 0.007 
254      367    (0)    8 :  0.003 0.027 0.952 0.008 0.009 
255      368    (0)    8 :  0.005 0.324 0.644 0.019 0.008 
256      369    (0)    8 :  0.004 0.064 0.921 0.005 0.006 
257      370    (0)    8 :  0.008 0.383 0.575 0.016 0.018 
258      371    (0)    8 :  0.007 0.017 0.962 0.003 0.012 
259      372    (0)    8 :  0.346 0.040 0.026 0.004 0.584 
260      373    (0)    8 :  0.037 0.016 0.920 0.003 0.024 
261      380    (0)    8 :  0.012 0.465 0.506 0.006 0.012 
262      388    (0)    8 :  0.019 0.569 0.395 0.007 0.009 
263      418    (0)    8 :  0.043 0.074 0.859 0.007 0.018 
264      419    (0)    8 :  0.003 0.042 0.906 0.006 0.043 
265      420    (0)    8 :  0.062 0.135 0.454 0.056 0.293 
266      409    (0)    9 :  0.004 0.150 0.792 0.002 0.052 
267      414    (0)    9 :  0.008 0.077 0.898 0.003 0.014 
268      415    (2)    9 :  0.012 0.129 0.846 0.004 0.009 
269      416    (0)    9 :  0.015 0.095 0.625 0.004 0.261 


Estimated Allele Frequencies in each cluster
First column gives estimated ancestral frequencies


Locus 1 : 1 
4 alleles
0.0% missing data
  89   (0.552) 0.638 0.567 0.561 0.068 0.535 
  91   (0.369) 0.312 0.391 0.365 0.694 0.405 
  93   (0.059) 0.048 0.037 0.056 0.102 0.041 
  99   (0.020) 0.001 0.005 0.017 0.136 0.019 

Locus 2 : 2 
6 alleles
1.9% missing data
 134   (0.237) 0.371 0.301 0.229 0.027 0.262 
 136   (0.367) 0.460 0.430 0.377 0.199 0.106 
 142   (0.021) 0.001 0.014 0.017 0.002 0.100 
 138   (0.285) 0.162 0.205 0.281 0.761 0.482 
 140   (0.061) 0.004 0.041 0.062 0.007 0.045 
 132   (0.029) 0.002 0.009 0.033 0.003 0.006 

Locus 3 : 3 
6 alleles
0.0% missing data
 181   (0.257) 0.077 0.289 0.252 0.184 0.322 
 179   (0.233) 0.015 0.318 0.234 0.028 0.246 
 187   (0.337) 0.264 0.280 0.345 0.769 0.216 
 185   (0.089) 0.450 0.067 0.086 0.010 0.086 
 191   (0.029) 0.190 0.010 0.029 0.003 0.005 
 175   (0.055) 0.004 0.036 0.054 0.007 0.125 

Locus 4 : 4 
10 alleles
0.4% missing data
 253   (0.516) 0.469 0.544 0.525 0.602 0.528 
 241   (0.151) 0.151 0.173 0.147 0.174 0.147 
 269   (0.168) 0.104 0.169 0.164 0.204 0.249 
 255   (0.007) 0.001 0.002 0.005 0.001 0.006 
 247   (0.076) 0.270 0.063 0.075 0.008 0.053 
 245   (0.007) 0.000 0.002 0.007 0.001 0.001 
 249   (0.019) 0.001 0.007 0.020 0.003 0.002 
 271   (0.034) 0.002 0.023 0.036 0.004 0.012 
 239   (0.013) 0.001 0.008 0.013 0.002 0.002 
 273   (0.010) 0.001 0.008 0.009 0.001 0.001 

Locus 5 : 5 
6 alleles
0.4% missing data
 103   (0.833) 0.975 0.873 0.828 0.980 0.941 
 104   (0.072) 0.005 0.036 0.079 0.008 0.029 
 105   (0.052) 0.003 0.066 0.052 0.006 0.024 
 101   (0.011) 0.015 0.007 0.008 0.001 0.001 
 102   (0.019) 0.001 0.013 0.019 0.003 0.003 
 107   (0.014) 0.001 0.006 0.014 0.001 0.002 

Locus 6 : 6 
5 alleles
0.0% missing data
 141   (0.249) 0.141 0.303 0.248 0.029 0.282 
 145   (0.462) 0.268 0.445 0.465 0.417 0.514 
 135   (0.209) 0.285 0.167 0.208 0.545 0.187 
 147   (0.070) 0.305 0.078 0.070 0.008 0.015 
 137   (0.010) 0.001 0.006 0.009 0.001 0.002 

Locus 7 : 7 
10 alleles
1.9% missing data
  97   (0.195) 0.255 0.163 0.200 0.133 0.131 
 103   (0.317) 0.512 0.385 0.316 0.044 0.350 
  93   (0.203) 0.071 0.221 0.197 0.784 0.295 
  91   (0.067) 0.148 0.066 0.066 0.010 0.032 
  89   (0.067) 0.004 0.076 0.065 0.009 0.109 
  85   (0.045) 0.003 0.040 0.044 0.006 0.033 
  83   (0.077) 0.005 0.041 0.084 0.010 0.045 
 105   (0.013) 0.001 0.005 0.014 0.002 0.002 
 101   (0.007) 0.000 0.002 0.007 0.001 0.001 
  99   (0.008) 0.000 0.002 0.007 0.001 0.001 

Locus 8 : 8 
8 alleles
0.0% missing data
 129   (0.557) 0.635 0.510 0.568 0.206 0.679 
 143   (0.259) 0.137 0.342 0.256 0.675 0.208 
 141   (0.048) 0.204 0.054 0.045 0.006 0.023 
 149   (0.074) 0.018 0.066 0.074 0.008 0.076 
 127   (0.019) 0.001 0.007 0.018 0.058 0.002 
 131   (0.014) 0.002 0.004 0.011 0.045 0.006 
 133   (0.021) 0.001 0.014 0.021 0.002 0.005 
 145   (0.007) 0.000 0.002 0.007 0.001 0.001 

Locus 9 : 9 
4 alleles
0.0% missing data
 195   (0.136) 0.054 0.167 0.126 0.343 0.240 
 191   (0.398) 0.540 0.410 0.400 0.346 0.322 
 189   (0.459) 0.406 0.421 0.466 0.310 0.437 
 197   (0.008) 0.000 0.002 0.007 0.001 0.001 

Locus 10 : 10 
7 alleles
0.4% missing data
 238   (0.550) 0.352 0.622 0.544 0.378 0.767 
 252   (0.096) 0.037 0.118 0.094 0.012 0.067 
 232   (0.267) 0.281 0.217 0.277 0.226 0.156 
 254   (0.043) 0.245 0.029 0.041 0.378 0.005 
 248   (0.023) 0.083 0.008 0.023 0.003 0.003 
 250   (0.013) 0.001 0.004 0.014 0.002 0.002 
 236   (0.007) 0.001 0.003 0.007 0.001 0.001 

Locus 11 : 11 
4 alleles
0.0% missing data
  87   (0.709) 0.539 0.676 0.711 0.966 0.824 
  89   (0.227) 0.378 0.283 0.226 0.027 0.149 
  91   (0.048) 0.081 0.032 0.046 0.005 0.026 
  85   (0.016) 0.001 0.009 0.017 0.002 0.002 

Locus 12 : 12 
13 alleles
0.4% missing data
 162   (0.256) 0.236 0.351 0.253 0.074 0.288 
 158   (0.225) 0.028 0.213 0.238 0.029 0.178 
 161   (0.106) 0.019 0.128 0.103 0.119 0.113 
 147   (0.036) 0.002 0.062 0.032 0.004 0.035 
 160   (0.204) 0.704 0.144 0.204 0.573 0.251 
 143   (0.037) 0.002 0.017 0.039 0.185 0.005 
 154   (0.020) 0.001 0.019 0.020 0.002 0.002 
 170   (0.054) 0.004 0.027 0.058 0.006 0.039 
 149   (0.024) 0.002 0.023 0.021 0.003 0.063 
 153   (0.013) 0.001 0.007 0.013 0.001 0.002 
 150   (0.007) 0.000 0.002 0.005 0.001 0.007 
 159   (0.010) 0.001 0.003 0.007 0.001 0.016 
 164   (0.007) 0.000 0.003 0.006 0.001 0.001 

Locus 13 : 13 
5 alleles
0.0% missing data
 108   (0.208) 0.199 0.186 0.213 0.331 0.113 
 113   (0.336) 0.508 0.325 0.332 0.571 0.359 
 115   (0.441) 0.291 0.486 0.441 0.096 0.526 
 109   (0.008) 0.000 0.002 0.007 0.001 0.001 
 110   (0.008) 0.000 0.002 0.007 0.001 0.001 

Locus 14 : 14 
5 alleles
1.1% missing data
 229   (0.531) 0.424 0.468 0.544 0.105 0.514 
 231   (0.156) 0.346 0.293 0.152 0.268 0.029 
 225   (0.132) 0.205 0.124 0.127 0.223 0.114 
 227   (0.129) 0.021 0.071 0.128 0.257 0.300 
 233   (0.052) 0.004 0.045 0.049 0.147 0.044 

Locus 15 : 15 
4 alleles
0.4% missing data
 143   (0.837) 0.818 0.865 0.842 0.724 0.872 
 145   (0.086) 0.006 0.092 0.084 0.267 0.065 
 147   (0.058) 0.144 0.031 0.057 0.008 0.061 
 133   (0.019) 0.032 0.013 0.017 0.002 0.002 

Locus 16 : 16 
5 alleles
0.0% missing data
 154   (0.092) 0.180 0.066 0.093 0.212 0.024 
 156   (0.236) 0.492 0.283 0.230 0.515 0.209 
 158   (0.537) 0.211 0.513 0.546 0.257 0.625 
 160   (0.127) 0.115 0.136 0.126 0.015 0.130 
 152   (0.008) 0.001 0.002 0.006 0.001 0.012 

Locus 17 : 17 
5 alleles
0.0% missing data
  90   (0.668) 0.789 0.731 0.663 0.554 0.728 
 102   (0.194) 0.202 0.169 0.195 0.023 0.228 
 100   (0.053) 0.003 0.041 0.053 0.414 0.014 
  88   (0.077) 0.006 0.058 0.084 0.008 0.024 
 104   (0.008) 0.000 0.002 0.005 0.001 0.006 

Locus 18 : 18 
7 alleles
0.0% missing data
 140   (0.301) 0.186 0.379 0.300 0.287 0.259 
 127   (0.306) 0.067 0.303 0.311 0.552 0.295 
 146   (0.077) 0.217 0.074 0.073 0.008 0.101 
 148   (0.086) 0.213 0.092 0.083 0.010 0.075 
 138   (0.048) 0.003 0.039 0.046 0.122 0.038 
 150   (0.059) 0.306 0.036 0.056 0.006 0.131 
 142   (0.122) 0.008 0.077 0.132 0.014 0.102 

Locus 19 : 19 
7 alleles
0.0% missing data
 194   (0.569) 0.480 0.577 0.574 0.953 0.526 
 200   (0.104) 0.007 0.100 0.105 0.011 0.142 
 190   (0.103) 0.200 0.169 0.094 0.011 0.174 
 188   (0.193) 0.170 0.134 0.201 0.021 0.155 
 202   (0.016) 0.142 0.008 0.014 0.002 0.002 
 192   (0.008) 0.000 0.007 0.006 0.001 0.001 
 196   (0.007) 0.001 0.005 0.006 0.001 0.001 

Locus 20 : 20 
6 alleles
1.1% missing data
 252   (0.720) 0.724 0.743 0.732 0.390 0.777 
 246   (0.094) 0.050 0.118 0.090 0.161 0.059 
 250   (0.072) 0.142 0.067 0.067 0.339 0.059 
 254   (0.070) 0.081 0.056 0.065 0.104 0.091 
 248   (0.027) 0.002 0.009 0.031 0.003 0.006 
 244   (0.017) 0.001 0.008 0.015 0.003 0.009 

Locus 21 : 21 
7 alleles
0.4% missing data
 173   (0.273) 0.212 0.274 0.267 0.121 0.507 
 167   (0.194) 0.122 0.164 0.200 0.114 0.126 
 175   (0.139) 0.253 0.216 0.132 0.480 0.075 
 177   (0.269) 0.173 0.226 0.273 0.271 0.258 
 165   (0.053) 0.017 0.087 0.051 0.006 0.017 
 163   (0.041) 0.219 0.022 0.041 0.004 0.010 
 159   (0.031) 0.002 0.012 0.035 0.003 0.007 

Locus 22 : 22 
10 alleles
1.1% missing data
 152   (0.424) 0.368 0.466 0.422 0.491 0.565 
 164   (0.025) 0.002 0.033 0.024 0.003 0.006 
 146   (0.228) 0.143 0.195 0.231 0.076 0.312 
 158   (0.101) 0.108 0.122 0.105 0.012 0.022 
 166   (0.095) 0.006 0.094 0.098 0.115 0.040 
 162   (0.057) 0.072 0.068 0.055 0.007 0.021 
 156   (0.017) 0.298 0.007 0.014 0.002 0.010 
 150   (0.027) 0.002 0.008 0.026 0.112 0.012 
 148   (0.010) 0.001 0.003 0.008 0.181 0.001 
 142   (0.016) 0.001 0.004 0.016 0.002 0.009 

Locus 23 : 23 
7 alleles
0.7% missing data
 144   (0.171) 0.619 0.159 0.163 0.594 0.229 
 156   (0.136) 0.038 0.144 0.143 0.017 0.052 
 154   (0.557) 0.236 0.530 0.568 0.371 0.597 
 160   (0.093) 0.105 0.132 0.087 0.011 0.114 
 158   (0.025) 0.002 0.027 0.025 0.004 0.005 
 152   (0.007) 0.000 0.002 0.006 0.001 0.002 
 146   (0.010) 0.001 0.006 0.009 0.002 0.001 

Locus 24 : 24 
4 alleles
0.7% missing data
  81   (0.376) 0.027 0.313 0.389 0.299 0.405 
  83   (0.467) 0.916 0.524 0.458 0.683 0.427 
  77   (0.075) 0.052 0.081 0.070 0.008 0.079 
  85   (0.083) 0.006 0.082 0.082 0.010 0.088 

Locus 25 : 25 
6 alleles
0.4% missing data
 122   (0.096) 0.006 0.082 0.095 0.114 0.122 
 132   (0.323) 0.449 0.355 0.321 0.184 0.323 
 124   (0.530) 0.541 0.531 0.536 0.408 0.549 
 136   (0.015) 0.001 0.015 0.014 0.002 0.002 
 120   (0.018) 0.001 0.008 0.017 0.290 0.002 
 126   (0.016) 0.001 0.009 0.017 0.002 0.002 

Locus 26 : 26 
7 alleles
0.4% missing data
 165   (0.238) 0.060 0.276 0.234 0.322 0.261 
 183   (0.354) 0.426 0.412 0.352 0.297 0.324 
 175   (0.241) 0.440 0.208 0.241 0.030 0.325 
 181   (0.072) 0.067 0.061 0.076 0.009 0.013 
 179   (0.080) 0.005 0.039 0.083 0.340 0.076 
 185   (0.007) 0.000 0.002 0.007 0.001 0.001 
 157   (0.008) 0.000 0.002 0.007 0.001 0.001 

Locus 27 : 27 
4 alleles
0.4% missing data
 142   (0.651) 0.739 0.631 0.655 0.315 0.749 
 148   (0.206) 0.071 0.225 0.208 0.668 0.104 
 150   (0.114) 0.188 0.111 0.110 0.013 0.124 
 138   (0.029) 0.002 0.032 0.027 0.004 0.023 

Locus 28 : 28 
6 alleles
0.4% missing data
 262   (0.505) 0.549 0.610 0.504 0.845 0.412 
 260   (0.377) 0.378 0.323 0.380 0.141 0.501 
 256   (0.080) 0.071 0.053 0.080 0.010 0.057 
 258   (0.013) 0.001 0.004 0.014 0.001 0.001 
 266   (0.008) 0.001 0.002 0.006 0.001 0.006 
 264   (0.018) 0.001 0.008 0.016 0.002 0.022 

Locus 29 : 29 
7 alleles
0.0% missing data
 150   (0.449) 0.298 0.433 0.455 0.149 0.526 
 140   (0.174) 0.062 0.151 0.174 0.805 0.161 
 146   (0.286) 0.334 0.333 0.288 0.036 0.246 
 148   (0.049) 0.304 0.057 0.045 0.006 0.030 
 142   (0.008) 0.001 0.008 0.005 0.001 0.001 
 152   (0.028) 0.002 0.012 0.028 0.003 0.035 
 151   (0.007) 0.000 0.006 0.006 0.001 0.001 

Locus 30 : 30 
6 alleles
0.0% missing data
 127   (0.108) 0.085 0.120 0.103 0.596 0.060 
 123   (0.152) 0.102 0.124 0.150 0.017 0.225 
 129   (0.401) 0.774 0.418 0.391 0.201 0.576 
 125   (0.286) 0.035 0.314 0.303 0.137 0.096 
 121   (0.014) 0.001 0.005 0.013 0.044 0.002 
 131   (0.040) 0.003 0.020 0.040 0.005 0.040 

Locus 31 : 31 
5 alleles
0.4% missing data
 155   (0.556) 0.715 0.486 0.568 0.526 0.442 
 159   (0.168) 0.012 0.231 0.165 0.020 0.263 
 157   (0.182) 0.026 0.233 0.178 0.115 0.214 
 151   (0.033) 0.243 0.020 0.030 0.235 0.004 
 153   (0.060) 0.004 0.029 0.059 0.104 0.077 

Locus 32 : 32 
5 alleles
0.0% missing data
 150   (0.547) 0.633 0.514 0.552 0.407 0.595 
 146   (0.352) 0.316 0.318 0.356 0.582 0.330 
 148   (0.054) 0.048 0.088 0.050 0.006 0.030 
 154   (0.035) 0.002 0.076 0.032 0.004 0.012 
 152   (0.011) 0.001 0.003 0.009 0.001 0.033 

Locus 33 : 33 
6 alleles
0.0% missing data
 184   (0.185) 0.075 0.225 0.178 0.273 0.261 
 180   (0.464) 0.662 0.476 0.467 0.687 0.376 
 192   (0.167) 0.185 0.174 0.167 0.019 0.166 
 190   (0.021) 0.001 0.018 0.017 0.002 0.034 
 196   (0.097) 0.006 0.078 0.099 0.011 0.145 
 198   (0.066) 0.070 0.029 0.072 0.007 0.018 

Locus 34 : 34 
6 alleles
0.0% missing data
 106   (0.275) 0.693 0.336 0.264 0.230 0.387 
 110   (0.179) 0.077 0.178 0.181 0.215 0.114 
 112   (0.343) 0.068 0.346 0.353 0.039 0.386 
 108   (0.156) 0.114 0.110 0.161 0.115 0.092 
  96   (0.011) 0.046 0.004 0.009 0.001 0.001 
  90   (0.035) 0.002 0.028 0.032 0.399 0.019 

Locus 35 : 35 
9 alleles
0.0% missing data
 170   (0.259) 0.322 0.356 0.249 0.607 0.226 
 172   (0.309) 0.575 0.216 0.316 0.039 0.397 
 176   (0.090) 0.019 0.161 0.093 0.010 0.012 
 174   (0.173) 0.072 0.151 0.176 0.020 0.171 
 166   (0.042) 0.003 0.048 0.038 0.005 0.099 
 168   (0.063) 0.004 0.043 0.063 0.311 0.026 
 186   (0.016) 0.001 0.004 0.015 0.002 0.038 
 178   (0.040) 0.003 0.018 0.042 0.005 0.030 
 158   (0.007) 0.000 0.002 0.007 0.001 0.001 

Locus 36 : 36 
6 alleles
0.0% missing data
  85   (0.171) 0.234 0.145 0.171 0.488 0.132 
  95   (0.051) 0.004 0.057 0.048 0.006 0.066 
  89   (0.558) 0.514 0.558 0.561 0.373 0.668 
  81   (0.077) 0.005 0.125 0.077 0.009 0.034 
  83   (0.124) 0.242 0.109 0.124 0.014 0.094 
  91   (0.019) 0.001 0.005 0.017 0.109 0.006 

Locus 37 : 37 
10 alleles
0.0% missing data
 161   (0.341) 0.380 0.410 0.342 0.426 0.279 
 173   (0.257) 0.500 0.294 0.252 0.225 0.302 
 165   (0.227) 0.108 0.208 0.230 0.137 0.247 
 169   (0.100) 0.007 0.061 0.103 0.204 0.125 
 168   (0.013) 0.001 0.003 0.014 0.001 0.002 
 155   (0.018) 0.001 0.010 0.019 0.002 0.002 
 167   (0.017) 0.002 0.006 0.017 0.002 0.005 
 159   (0.011) 0.001 0.003 0.009 0.001 0.006 
 177   (0.007) 0.000 0.002 0.007 0.001 0.001 
 175   (0.008) 0.001 0.002 0.006 0.001 0.031 

Locus 38 : 38 
5 alleles
0.0% missing data
  81   (0.123) 0.117 0.169 0.120 0.014 0.087 
  87   (0.077) 0.129 0.084 0.070 0.553 0.055 
  89   (0.439) 0.105 0.364 0.456 0.052 0.556 
  85   (0.187) 0.464 0.202 0.180 0.173 0.201 
  91   (0.175) 0.186 0.182 0.174 0.207 0.100 

Locus 39 : 39 
4 alleles
0.7% missing data
 167   (0.786) 0.858 0.855 0.787 0.684 0.797 
 161   (0.179) 0.139 0.131 0.181 0.312 0.149 
 165   (0.027) 0.002 0.012 0.026 0.003 0.053 
 177   (0.008) 0.001 0.002 0.007 0.001 0.001 

Locus 40 : 40 
6 alleles
0.4% missing data
 228   (0.402) 0.241 0.413 0.401 0.533 0.503 
 240   (0.139) 0.263 0.120 0.139 0.017 0.133 
 238   (0.332) 0.120 0.340 0.340 0.087 0.298 
 236   (0.097) 0.374 0.086 0.093 0.360 0.055 
 224   (0.017) 0.001 0.032 0.015 0.002 0.010 
 232   (0.013) 0.001 0.009 0.012 0.001 0.001 

Locus 41 : 41 
7 alleles
0.0% missing data
 130   (0.529) 0.768 0.523 0.543 0.061 0.453 
 132   (0.119) 0.055 0.130 0.115 0.014 0.201 
 114   (0.046) 0.003 0.055 0.045 0.491 0.006 
 128   (0.111) 0.037 0.105 0.108 0.013 0.187 
 134   (0.118) 0.008 0.149 0.116 0.211 0.081 
 118   (0.070) 0.129 0.037 0.066 0.210 0.072 
 136   (0.007) 0.000 0.002 0.007 0.001 0.001 

Locus 42 : 42 
5 alleles
1.5% missing data
  92   (0.107) 0.007 0.123 0.108 0.056 0.062 
  96   (0.067) 0.004 0.068 0.066 0.103 0.024 
 102   (0.263) 0.475 0.300 0.252 0.571 0.338 
 104   (0.440) 0.414 0.389 0.451 0.053 0.497 
  98   (0.124) 0.099 0.120 0.122 0.218 0.079 

Locus 43 : 43 
6 alleles
2.2% missing data
 103   (0.323) 0.349 0.252 0.326 0.235 0.416 
 101   (0.289) 0.189 0.416 0.285 0.035 0.290 
  95   (0.204) 0.450 0.175 0.203 0.177 0.197 
  99   (0.156) 0.010 0.144 0.162 0.405 0.094 
  97   (0.019) 0.001 0.011 0.018 0.148 0.003 
  91   (0.008) 0.000 0.003 0.007 0.001 0.001 

Locus 44 : 44 
7 alleles
0.0% missing data
 181   (0.547) 0.855 0.606 0.538 0.518 0.699 
 191   (0.303) 0.105 0.299 0.310 0.281 0.211 
 177   (0.075) 0.005 0.048 0.079 0.009 0.051 
 189   (0.008) 0.030 0.002 0.005 0.001 0.001 
 179   (0.049) 0.003 0.037 0.052 0.189 0.006 
 183   (0.010) 0.001 0.005 0.010 0.001 0.002 
 193   (0.009) 0.001 0.002 0.006 0.001 0.031 

Locus 45 : 45 
6 alleles
1.5% missing data
 211   (0.232) 0.270 0.257 0.232 0.335 0.160 
 215   (0.079) 0.114 0.075 0.077 0.010 0.070 
 205   (0.481) 0.411 0.494 0.488 0.259 0.504 
 201   (0.068) 0.005 0.075 0.065 0.379 0.067 
 207   (0.129) 0.199 0.096 0.129 0.016 0.198 
 202   (0.010) 0.001 0.003 0.010 0.001 0.001 

Locus 46 : 46 
10 alleles
0.7% missing data
 142   (0.372) 0.287 0.399 0.373 0.046 0.563 
 166   (0.129) 0.379 0.078 0.128 0.116 0.184 
 158   (0.143) 0.086 0.216 0.141 0.018 0.087 
 168   (0.140) 0.111 0.136 0.145 0.216 0.043 
 162   (0.056) 0.004 0.043 0.056 0.112 0.029 
 144   (0.057) 0.127 0.034 0.056 0.007 0.052 
 156   (0.028) 0.002 0.013 0.027 0.476 0.013 
 164   (0.053) 0.003 0.062 0.054 0.006 0.026 
 170   (0.015) 0.001 0.014 0.014 0.002 0.002 
 160   (0.007) 0.000 0.004 0.006 0.001 0.001 

Locus 47 : 47 
6 alleles
7.8% missing data
 145   (0.246) 0.615 0.271 0.244 0.524 0.119 
 151   (0.171) 0.012 0.289 0.166 0.091 0.150 
 153   (0.182) 0.029 0.176 0.180 0.029 0.338 
 149   (0.356) 0.341 0.238 0.364 0.349 0.388 
 143   (0.017) 0.001 0.010 0.018 0.003 0.002 
 147   (0.027) 0.002 0.016 0.029 0.004 0.003 

Values of parameters used in structure:
DATAFILE=c2.str,	OUTFILE=k5/c2_k5_run7,	NUMINDS=269,	NUMLOCI=47,	MISSING=-9,	LABEL=1,	POPDATA=1,	POPFLAG=0,	PHENOTYPE=0,	EXTRACOLS=0,	MAXPOPS=5,	BURNIN=500000,	NUMREPS=750000,	USEPOPINFO=0,	INFERALPHA=1,	INFERLAMBDA=0,	POPSPECIFICLAMBDA=0,	POPALPHAS=0,	COMPUTEPROB=1,	NOADMIX=0,	ADMBURNIN=500,	UPDATEFREQ=100,	PRINTLIKES=0,	INTERMEDSAVE=0,	PRINTKLD=0,	PRINTNET=1,	PRINTLAMBDA=1,	ANCESTDIST=0,	NUMBOXES=1000,	ANCESTPINT=0.90000,	GENSBACK=2,	MIGRPRIOR=0.01000,	PRINTQHAT=0,	PRINTQSUM=1,	ALPHA=1.0000,	FREQSCORR=1,	FPRIORMEAN=0.0100,	FPRIORSD=0.0500,	ONEFST=0,	LAMBDA=1.0000,	UNIFPRIORALPHA=1,	ALPHAMAX=10.0000,	ALPHAPRIORA=1.0000,	ALPHAPRIORB=2.0000,	ALPHAPROPSD=0.0250,	STARTATPOPINFO=0,	RANDOMIZE=0,	LINKAGE=0,	METROFREQ=10,	REPORTHITRATE=0,	MARKOVPHASE=0,	PHASED=1,	PLOIDY=2,	PHASEINFO=0	LOCPRIOR=0, 	LOCPRIORINIT=1.000000, 	LOCDATA=0, 	LOCISPOP=1, 	LOCPRIORSTEP=0.100000, 	MAXLOCPRIOR=20.000000, 	SEED=635779,	
[STRAT parameters]:    NUMSIMSTATS=1000,	PHENOTYPECOL=-9,	POOLFREQ=10,	LOCUSxONLY=0,	EMERROR=0.00100,	MISSINGPHENO=-9,	