

----------------------------------------------------
STRUCTURE by Pritchard, Stephens and Donnelly (2000)
     and Falush, Stephens and Pritchard (2003)
       Code by Pritchard, Falush and Hubisz
             Version 2.3.4 (Jul 2012)
----------------------------------------------------



Command line arguments:   structure -D 740499 -K 1 -m mainparams -o k1/c2_k1_run2 
Input File:    c2.str

Run parameters:
   269 individuals
   47 loci
   1 populations assumed
   500000 Burn-in period
   750000 Reps
RANDOMIZE turned off


--------------------------------------------
Proportion of membership of each pre-defined
 population in each of the 1 clusters

Given    Inferred Clusters       Number of
 Pop       1                    Individuals

  1:     1.000                     25
  2:     1.000                     29
  3:     1.000                      9
  4:     1.000                     26
  5:     1.000                     74
  6:     1.000                     35
  7:     1.000                     24
  8:     1.000                     43
  9:     1.000                      4
--------------------------------------------

Allele-freq. divergence among pops (Net nucleotide distance),
computed using point estimates of P.

      1      
 1      -    

Average distances (expected heterozygosity) between individuals in same cluster:
cluster  1  : 0.6326 

--------------------------------------------
Estimated Ln Prob of Data   = -31467.5
Mean value of ln likelihood = -31404.8
Variance of ln likelihood   = 125.5

Mean value of Fst_1         = 0.0433


Inferred ancestry of individuals:
        Label (%Miss) Pop:  Inferred clusters
  1      591    (0)    1 :  1.000 
  2      592    (0)    1 :  1.000 
  3      593    (0)    1 :  1.000 
  4      594    (0)    1 :  1.000 
  5      595    (0)    1 :  1.000 
  6      596    (0)    1 :  1.000 
  7      597    (0)    1 :  1.000 
  8      598    (0)    1 :  1.000 
  9      599    (0)    1 :  1.000 
 10      600    (0)    1 :  1.000 
 11      601    (0)    1 :  1.000 
 12      602    (0)    1 :  1.000 
 13      603    (0)    1 :  1.000 
 14      604    (0)    1 :  1.000 
 15      605    (0)    1 :  1.000 
 16      606    (0)    1 :  1.000 
 17      607    (0)    1 :  1.000 
 18      608    (0)    1 :  1.000 
 19      609    (0)    1 :  1.000 
 20      610    (0)    1 :  1.000 
 21      611    (2)    1 :  1.000 
 22      612    (0)    1 :  1.000 
 23      755    (0)    1 :  1.000 
 24      756    (0)    1 :  1.000 
 25      757    (0)    1 :  1.000 
 26      212    (0)    2 :  1.000 
 27      213    (0)    2 :  1.000 
 28      214    (0)    2 :  1.000 
 29      215    (0)    2 :  1.000 
 30      216    (0)    2 :  1.000 
 31      217    (0)    2 :  1.000 
 32      218    (0)    2 :  1.000 
 33      332    (0)    2 :  1.000 
 34      333    (0)    2 :  1.000 
 35      334    (0)    2 :  1.000 
 36      335    (0)    2 :  1.000 
 37      336    (0)    2 :  1.000 
 38      337    (0)    2 :  1.000 
 39      673    (0)    2 :  1.000 
 40      674    (0)    2 :  1.000 
 41      675    (0)    2 :  1.000 
 42      676    (0)    2 :  1.000 
 43      677    (0)    2 :  1.000 
 44      678    (0)    2 :  1.000 
 45      679    (0)    2 :  1.000 
 46      680    (0)    2 :  1.000 
 47      681    (0)    2 :  1.000 
 48      682    (0)    2 :  1.000 
 49      683    (0)    2 :  1.000 
 50      684    (0)    2 :  1.000 
 51      685    (0)    2 :  1.000 
 52      686    (0)    2 :  1.000 
 53      687    (0)    2 :  1.000 
 54      688    (0)    2 :  1.000 
 55      070    (0)    3 :  1.000 
 56      071    (0)    3 :  1.000 
 57      072    (0)    3 :  1.000 
 58      151    (0)    3 :  1.000 
 59      152    (0)    3 :  1.000 
 60      153    (2)    3 :  1.000 
 61      788    (4)    3 :  1.000 
 62      789    (2)    3 :  1.000 
 63      790    (0)    3 :  1.000 
 64      010    (0)    4 :  1.000 
 65      024    (0)    4 :  1.000 
 66      051    (0)    4 :  1.000 
 67      090    (0)    4 :  1.000 
 68      102    (0)    4 :  1.000 
 69      111    (0)    4 :  1.000 
 70      113    (0)    4 :  1.000 
 71      138    (0)    4 :  1.000 
 72      150    (0)    4 :  1.000 
 73      173    (2)    4 :  1.000 
 74      174    (2)    4 :  1.000 
 75      175    (0)    4 :  1.000 
 76      176    (0)    4 :  1.000 
 77      177    (0)    4 :  1.000 
 78      180    (0)    4 :  1.000 
 79      184    (0)    4 :  1.000 
 80      195    (0)    4 :  1.000 
 81      198    (0)    4 :  1.000 
 82      203    (0)    4 :  1.000 
 83      211    (0)    4 :  1.000 
 84      220    (0)    4 :  1.000 
 85      233    (0)    4 :  1.000 
 86      331    (0)    4 :  1.000 
 87      349    (0)    4 :  1.000 
 88      410    (0)    4 :  1.000 
 89      417    (2)    4 :  1.000 
 90      421    (0)    5 :  1.000 
 91      423    (0)    5 :  1.000 
 92      424    (0)    5 :  1.000 
 93      433    (0)    5 :  1.000 
 94      462    (0)    5 :  1.000 
 95      463    (0)    5 :  1.000 
 96      467    (0)    5 :  1.000 
 97      468    (0)    5 :  1.000 
 98      469    (0)    5 :  1.000 
 99      472    (0)    5 :  1.000 
100      473    (0)    5 :  1.000 
101      474    (0)    5 :  1.000 
102      475    (0)    5 :  1.000 
103      476    (2)    5 :  1.000 
104      477    (0)    5 :  1.000 
105      478    (0)    5 :  1.000 
106      479    (0)    5 :  1.000 
107      480    (0)    5 :  1.000 
108      481    (0)    5 :  1.000 
109      482    (0)    5 :  1.000 
110      489    (0)    5 :  1.000 
111      490    (0)    5 :  1.000 
112      491    (0)    5 :  1.000 
113      492    (0)    5 :  1.000 
114      493    (0)    5 :  1.000 
115      494    (0)    5 :  1.000 
116      498    (0)    5 :  1.000 
117      499    (0)    5 :  1.000 
118      709    (0)    5 :  1.000 
119      710    (4)    5 :  1.000 
120      711    (2)    5 :  1.000 
121      712    (4)    5 :  1.000 
122      713    (0)    5 :  1.000 
123      714    (2)    5 :  1.000 
124      715    (4)    5 :  1.000 
125      716    (0)    5 :  1.000 
126      717    (2)    5 :  1.000 
127      718    (4)    5 :  1.000 
128      719    (0)    5 :  1.000 
129      720    (2)    5 :  1.000 
130      721    (0)    5 :  1.000 
131      722    (4)    5 :  1.000 
132      723    (0)    5 :  1.000 
133      724    (0)    5 :  1.000 
134      725    (0)    5 :  1.000 
135      726    (0)    5 :  1.000 
136      727    (0)    5 :  1.000 
137      728    (2)    5 :  1.000 
138      729    (6)    5 :  1.000 
139      730    (2)    5 :  1.000 
140      731    (2)    5 :  1.000 
141      732    (0)    5 :  1.000 
142      733    (0)    5 :  1.000 
143      734    (2)    5 :  1.000 
144      735    (4)    5 :  1.000 
145      736    (2)    5 :  1.000 
146      737    (0)    5 :  1.000 
147      738    (2)    5 :  1.000 
148      739    (8)    5 :  1.000 
149      740    (4)    5 :  1.000 
150      741    (2)    5 :  1.000 
151      742    (4)    5 :  1.000 
152      743    (2)    5 :  1.000 
153      744    (0)    5 :  1.000 
154      745    (0)    5 :  1.000 
155      746    (2)    5 :  1.000 
156      747    (2)    5 :  1.000 
157      748    (0)    5 :  1.000 
158      749    (2)    5 :  1.000 
159      750    (4)    5 :  1.000 
160      751    (0)    5 :  1.000 
161      752    (2)    5 :  1.000 
162      753    (4)    5 :  1.000 
163      754    (2)    5 :  1.000 
164      155    (0)    6 :  1.000 
165      156    (2)    6 :  1.000 
166      157    (2)    6 :  1.000 
167      158    (0)    6 :  1.000 
168      159    (0)    6 :  1.000 
169      160    (0)    6 :  1.000 
170      161    (0)    6 :  1.000 
171      162    (0)    6 :  1.000 
172      163    (2)    6 :  1.000 
173      164    (0)    6 :  1.000 
174      165    (2)    6 :  1.000 
175      427    (0)    6 :  1.000 
176      428    (0)    6 :  1.000 
177      429    (0)    6 :  1.000 
178      430    (0)    6 :  1.000 
179      431    (0)    6 :  1.000 
180      435    (0)    6 :  1.000 
181      436    (0)    6 :  1.000 
182      437    (0)    6 :  1.000 
183      438    (0)    6 :  1.000 
184      439    (0)    6 :  1.000 
185      441    (0)    6 :  1.000 
186      442    (0)    6 :  1.000 
187      443    (4)    6 :  1.000 
188      444    (4)    6 :  1.000 
189      445    (2)    6 :  1.000 
190      446    (0)    6 :  1.000 
191      447    (0)    6 :  1.000 
192      449    (0)    6 :  1.000 
193      460    (0)    6 :  1.000 
194      461    (0)    6 :  1.000 
195      484    (0)    6 :  1.000 
196      485    (0)    6 :  1.000 
197      486    (0)    6 :  1.000 
198      487    (0)    6 :  1.000 
199      178    (0)    7 :  1.000 
200      422    (0)    7 :  1.000 
201      425    (0)    7 :  1.000 
202      426    (0)    7 :  1.000 
203      432    (0)    7 :  1.000 
204      434    (0)    7 :  1.000 
205      440    (0)    7 :  1.000 
206      448    (2)    7 :  1.000 
207      456    (0)    7 :  1.000 
208      457    (0)    7 :  1.000 
209      458    (0)    7 :  1.000 
210      459    (0)    7 :  1.000 
211      464    (0)    7 :  1.000 
212      465    (0)    7 :  1.000 
213      466    (0)    7 :  1.000 
214      470    (0)    7 :  1.000 
215      471    (0)    7 :  1.000 
216      483    (0)    7 :  1.000 
217      488    (0)    7 :  1.000 
218      495    (0)    7 :  1.000 
219      496    (0)    7 :  1.000 
220      497    (0)    7 :  1.000 
221      500    (0)    7 :  1.000 
222      879    (0)    7 :  1.000 
223      036    (0)    8 :  1.000 
224      063    (2)    8 :  1.000 
225      094    (4)    8 :  1.000 
226      103    (4)    8 :  1.000 
227      112    (0)    8 :  1.000 
228      114    (2)    8 :  1.000 
229      120    (0)    8 :  1.000 
230      127    (2)    8 :  1.000 
231      147    (0)    8 :  1.000 
232      166    (0)    8 :  1.000 
233      167    (0)    8 :  1.000 
234      168    (0)    8 :  1.000 
235      169    (2)    8 :  1.000 
236      170    (0)    8 :  1.000 
237      171    (2)    8 :  1.000 
238      172    (0)    8 :  1.000 
239      185    (0)    8 :  1.000 
240      199    (2)    8 :  1.000 
241      339    (0)    8 :  1.000 
242      355    (0)    8 :  1.000 
243      356    (0)    8 :  1.000 
244      357    (0)    8 :  1.000 
245      358    (0)    8 :  1.000 
246      359    (0)    8 :  1.000 
247      360    (0)    8 :  1.000 
248      361    (0)    8 :  1.000 
249      362    (0)    8 :  1.000 
250      363    (0)    8 :  1.000 
251      364    (0)    8 :  1.000 
252      365    (0)    8 :  1.000 
253      366    (0)    8 :  1.000 
254      367    (0)    8 :  1.000 
255      368    (0)    8 :  1.000 
256      369    (0)    8 :  1.000 
257      370    (0)    8 :  1.000 
258      371    (0)    8 :  1.000 
259      372    (0)    8 :  1.000 
260      373    (0)    8 :  1.000 
261      380    (0)    8 :  1.000 
262      388    (0)    8 :  1.000 
263      418    (0)    8 :  1.000 
264      419    (0)    8 :  1.000 
265      420    (0)    8 :  1.000 
266      409    (0)    9 :  1.000 
267      414    (0)    9 :  1.000 
268      415    (2)    9 :  1.000 
269      416    (0)    9 :  1.000 


Estimated Allele Frequencies in each cluster
First column gives estimated ancestral frequencies


Locus 1 : 1 
4 alleles
0.0% missing data
  89   (0.502) 0.548 
  91   (0.369) 0.390 
  93   (0.080) 0.046 
  99   (0.049) 0.016 

Locus 2 : 2 
6 alleles
1.9% missing data
 134   (0.241) 0.261 
 136   (0.286) 0.321 
 142   (0.068) 0.037 
 138   (0.287) 0.322 
 140   (0.072) 0.043 
 132   (0.047) 0.016 

Locus 3 : 3 
6 alleles
0.0% missing data
 181   (0.232) 0.252 
 179   (0.212) 0.226 
 187   (0.268) 0.302 
 185   (0.134) 0.121 
 191   (0.066) 0.037 
 175   (0.088) 0.062 

Locus 4 : 4 
10 alleles
0.4% missing data
 253   (0.393) 0.530 
 241   (0.145) 0.153 
 269   (0.165) 0.182 
 255   (0.025) 0.003 
 247   (0.100) 0.086 
 245   (0.025) 0.003 
 249   (0.038) 0.010 
 271   (0.050) 0.022 
 239   (0.032) 0.007 
 273   (0.029) 0.005 

Locus 5 : 5 
6 alleles
0.4% missing data
 103   (0.745) 0.891 
 104   (0.077) 0.046 
 105   (0.072) 0.040 
 101   (0.031) 0.005 
 102   (0.040) 0.011 
 107   (0.034) 0.007 

Locus 6 : 6 
5 alleles
0.0% missing data
 141   (0.243) 0.249 
 145   (0.402) 0.450 
 135   (0.215) 0.214 
 147   (0.109) 0.083 
 137   (0.031) 0.005 

Locus 7 : 7 
10 alleles
1.9% missing data
  97   (0.155) 0.175 
 103   (0.270) 0.356 
  93   (0.193) 0.235 
  91   (0.081) 0.063 
  89   (0.086) 0.071 
  85   (0.059) 0.033 
  83   (0.074) 0.054 
 105   (0.032) 0.007 
 101   (0.024) 0.003 
  99   (0.024) 0.003 

Locus 8 : 8 
8 alleles
0.0% missing data
 129   (0.460) 0.582 
 143   (0.234) 0.266 
 141   (0.082) 0.057 
 149   (0.086) 0.062 
 127   (0.039) 0.010 
 131   (0.033) 0.007 
 133   (0.041) 0.012 
 145   (0.025) 0.003 

Locus 9 : 9 
4 alleles
0.0% missing data
 195   (0.185) 0.166 
 191   (0.377) 0.395 
 189   (0.412) 0.436 
 197   (0.027) 0.003 

Locus 10 : 10 
7 alleles
0.4% missing data
 238   (0.484) 0.594 
 252   (0.103) 0.081 
 232   (0.213) 0.229 
 254   (0.091) 0.066 
 248   (0.050) 0.020 
 250   (0.033) 0.007 
 236   (0.026) 0.003 

Locus 11 : 11 
4 alleles
0.0% missing data
  87   (0.652) 0.724 
  89   (0.237) 0.229 
  91   (0.073) 0.039 
  85   (0.038) 0.009 

Locus 12 : 12 
13 alleles
0.4% missing data
 162   (0.196) 0.275 
 158   (0.148) 0.187 
 161   (0.098) 0.101 
 147   (0.056) 0.034 
 160   (0.198) 0.278 
 143   (0.050) 0.027 
 154   (0.037) 0.012 
 170   (0.059) 0.038 
 149   (0.052) 0.029 
 153   (0.030) 0.007 
 150   (0.023) 0.003 
 159   (0.030) 0.007 
 164   (0.023) 0.003 

Locus 13 : 13 
5 alleles
0.0% missing data
 108   (0.194) 0.183 
 113   (0.345) 0.367 
 115   (0.408) 0.445 
 109   (0.026) 0.003 
 110   (0.026) 0.003 

Locus 14 : 14 
5 alleles
1.1% missing data
 229   (0.425) 0.486 
 231   (0.187) 0.183 
 225   (0.148) 0.132 
 227   (0.166) 0.156 
 233   (0.074) 0.043 

Locus 15 : 15 
4 alleles
0.4% missing data
 143   (0.756) 0.850 
 145   (0.109) 0.078 
 147   (0.092) 0.059 
 133   (0.044) 0.013 

Locus 16 : 16 
5 alleles
0.0% missing data
 154   (0.109) 0.083 
 156   (0.268) 0.280 
 158   (0.451) 0.511 
 160   (0.141) 0.122 
 152   (0.031) 0.005 

Locus 17 : 17 
5 alleles
0.0% missing data
  90   (0.612) 0.706 
 102   (0.198) 0.190 
 100   (0.081) 0.050 
  88   (0.083) 0.051 
 104   (0.026) 0.003 

Locus 18 : 18 
7 alleles
0.0% missing data
 140   (0.248) 0.292 
 127   (0.246) 0.288 
 146   (0.109) 0.094 
 148   (0.108) 0.094 
 138   (0.066) 0.038 
 150   (0.113) 0.099 
 142   (0.110) 0.095 

Locus 19 : 19 
7 alleles
0.0% missing data
 194   (0.463) 0.566 
 200   (0.117) 0.099 
 190   (0.149) 0.142 
 188   (0.166) 0.164 
 202   (0.054) 0.024 
 192   (0.025) 0.003 
 196   (0.025) 0.003 

Locus 20 : 20 
6 alleles
1.1% missing data
 252   (0.607) 0.739 
 246   (0.107) 0.084 
 250   (0.106) 0.082 
 254   (0.096) 0.071 
 248   (0.047) 0.016 
 244   (0.037) 0.009 

Locus 21 : 21 
7 alleles
0.4% missing data
 173   (0.273) 0.323 
 167   (0.157) 0.158 
 175   (0.160) 0.164 
 177   (0.218) 0.245 
 165   (0.071) 0.044 
 163   (0.074) 0.048 
 159   (0.047) 0.018 

Locus 22 : 22 
10 alleles
1.1% missing data
 152   (0.335) 0.468 
 164   (0.045) 0.018 
 146   (0.186) 0.228 
 158   (0.095) 0.085 
 166   (0.086) 0.072 
 162   (0.069) 0.048 
 156   (0.067) 0.044 
 150   (0.045) 0.018 
 148   (0.037) 0.011 
 142   (0.034) 0.009 

Locus 23 : 23 
7 alleles
0.7% missing data
 144   (0.230) 0.250 
 156   (0.120) 0.104 
 154   (0.429) 0.520 
 160   (0.119) 0.102 
 158   (0.046) 0.016 
 152   (0.026) 0.003 
 146   (0.030) 0.005 

Locus 24 : 24 
4 alleles
0.7% missing data
  81   (0.319) 0.333 
  83   (0.478) 0.526 
  77   (0.099) 0.069 
  85   (0.103) 0.072 

Locus 25 : 25 
6 alleles
0.4% missing data
 122   (0.112) 0.089 
 132   (0.306) 0.338 
 124   (0.457) 0.536 
 136   (0.037) 0.009 
 120   (0.051) 0.020 
 126   (0.037) 0.009 

Locus 26 : 26 
7 alleles
0.4% missing data
 165   (0.216) 0.232 
 183   (0.312) 0.364 
 175   (0.245) 0.273 
 181   (0.081) 0.053 
 179   (0.095) 0.072 
 185   (0.025) 0.003 
 157   (0.025) 0.003 

Locus 27 : 27 
4 alleles
0.4% missing data
 142   (0.602) 0.673 
 148   (0.200) 0.187 
 150   (0.143) 0.118 
 138   (0.055) 0.022 

Locus 28 : 28 
6 alleles
0.4% missing data
 262   (0.455) 0.525 
 260   (0.351) 0.390 
 256   (0.091) 0.063 
 258   (0.034) 0.007 
 266   (0.026) 0.003 
 264   (0.043) 0.012 

Locus 29 : 29 
7 alleles
0.0% missing data
 150   (0.372) 0.441 
 140   (0.175) 0.176 
 146   (0.254) 0.283 
 148   (0.096) 0.072 
 142   (0.026) 0.003 
 152   (0.052) 0.022 
 151   (0.026) 0.003 

Locus 30 : 30 
6 alleles
0.0% missing data
 127   (0.127) 0.110 
 123   (0.160) 0.153 
 129   (0.410) 0.484 
 125   (0.209) 0.217 
 121   (0.034) 0.007 
 131   (0.060) 0.029 

Locus 31 : 31 
5 alleles
0.4% missing data
 155   (0.458) 0.529 
 159   (0.191) 0.187 
 157   (0.185) 0.179 
 151   (0.083) 0.053 
 153   (0.082) 0.052 

Locus 32 : 32 
5 alleles
0.0% missing data
 150   (0.491) 0.560 
 146   (0.320) 0.345 
 148   (0.081) 0.050 
 154   (0.065) 0.033 
 152   (0.043) 0.012 

Locus 33 : 33 
6 alleles
0.0% missing data
 184   (0.196) 0.202 
 180   (0.401) 0.476 
 192   (0.167) 0.164 
 190   (0.049) 0.018 
 196   (0.113) 0.094 
 198   (0.074) 0.046 

Locus 34 : 34 
6 alleles
0.0% missing data
 106   (0.319) 0.364 
 110   (0.157) 0.149 
 112   (0.284) 0.318 
 108   (0.135) 0.121 
  96   (0.037) 0.009 
  90   (0.068) 0.038 

Locus 35 : 35 
9 alleles
0.0% missing data
 170   (0.232) 0.288 
 172   (0.263) 0.335 
 176   (0.093) 0.079 
 174   (0.142) 0.150 
 166   (0.073) 0.051 
 168   (0.073) 0.051 
 186   (0.044) 0.016 
 178   (0.054) 0.027 
 158   (0.025) 0.003 

Locus 36 : 36 
6 alleles
0.0% missing data
  85   (0.175) 0.173 
  95   (0.077) 0.048 
  89   (0.478) 0.578 
  81   (0.094) 0.068 
  83   (0.135) 0.121 
  91   (0.042) 0.012 

Locus 37 : 37 
10 alleles
0.0% missing data
 161   (0.274) 0.350 
 173   (0.243) 0.302 
 165   (0.183) 0.211 
 169   (0.104) 0.093 
 168   (0.032) 0.007 
 155   (0.038) 0.010 
 167   (0.035) 0.009 
 159   (0.029) 0.005 
 177   (0.025) 0.003 
 175   (0.037) 0.010 

Locus 38 : 38 
5 alleles
0.0% missing data
  81   (0.135) 0.116 
  87   (0.117) 0.094 
  89   (0.364) 0.411 
  85   (0.218) 0.223 
  91   (0.166) 0.157 

Locus 39 : 39 
4 alleles
0.7% missing data
 167   (0.733) 0.811 
 161   (0.181) 0.160 
 165   (0.060) 0.026 
 177   (0.027) 0.003 

Locus 40 : 40 
6 alleles
0.4% missing data
 228   (0.361) 0.417 
 240   (0.153) 0.142 
 238   (0.269) 0.296 
 236   (0.138) 0.124 
 224   (0.045) 0.014 
 232   (0.034) 0.007 

Locus 41 : 41 
7 alleles
0.0% missing data
 130   (0.421) 0.524 
 132   (0.138) 0.130 
 114   (0.078) 0.051 
 128   (0.127) 0.116 
 134   (0.118) 0.105 
 118   (0.094) 0.072 
 136   (0.025) 0.003 

Locus 42 : 42 
5 alleles
1.5% missing data
  92   (0.111) 0.086 
  96   (0.079) 0.048 
 102   (0.299) 0.325 
 104   (0.382) 0.432 
  98   (0.129) 0.108 

Locus 43 : 43 
6 alleles
2.2% missing data
 103   (0.298) 0.331 
 101   (0.272) 0.297 
  95   (0.214) 0.222 
  99   (0.145) 0.132 
  97   (0.045) 0.015 
  91   (0.026) 0.003 

Locus 44 : 44 
7 alleles
0.0% missing data
 181   (0.518) 0.635 
 191   (0.235) 0.256 
 177   (0.081) 0.053 
 189   (0.030) 0.005 
 179   (0.067) 0.037 
 183   (0.030) 0.005 
 193   (0.040) 0.011 

Locus 45 : 45 
6 alleles
1.5% missing data
 211   (0.216) 0.228 
 215   (0.099) 0.075 
 205   (0.404) 0.476 
 201   (0.097) 0.073 
 207   (0.153) 0.144 
 202   (0.030) 0.005 

Locus 46 : 46 
10 alleles
0.7% missing data
 142   (0.296) 0.409 
 166   (0.143) 0.160 
 158   (0.126) 0.133 
 168   (0.114) 0.114 
 162   (0.063) 0.040 
 144   (0.075) 0.055 
 156   (0.059) 0.035 
 164   (0.065) 0.042 
 170   (0.034) 0.009 
 160   (0.024) 0.003 

Locus 47 : 47 
6 alleles
7.8% missing data
 145   (0.249) 0.269 
 151   (0.173) 0.170 
 153   (0.197) 0.201 
 149   (0.298) 0.335 
 143   (0.038) 0.009 
 147   (0.046) 0.015 

Values of parameters used in structure:
DATAFILE=c2.str,	OUTFILE=k1/c2_k1_run2,	NUMINDS=269,	NUMLOCI=47,	MISSING=-9,	LABEL=1,	POPDATA=1,	POPFLAG=0,	PHENOTYPE=0,	EXTRACOLS=0,	MAXPOPS=1,	BURNIN=500000,	NUMREPS=750000,	USEPOPINFO=0,	INFERALPHA=1,	INFERLAMBDA=0,	POPSPECIFICLAMBDA=0,	POPALPHAS=0,	COMPUTEPROB=1,	NOADMIX=0,	ADMBURNIN=500,	UPDATEFREQ=100,	PRINTLIKES=0,	INTERMEDSAVE=0,	PRINTKLD=0,	PRINTNET=1,	PRINTLAMBDA=1,	ANCESTDIST=0,	NUMBOXES=1000,	ANCESTPINT=0.90000,	GENSBACK=2,	MIGRPRIOR=0.01000,	PRINTQHAT=0,	PRINTQSUM=1,	ALPHA=1.0000,	FREQSCORR=1,	FPRIORMEAN=0.0100,	FPRIORSD=0.0500,	ONEFST=0,	LAMBDA=1.0000,	UNIFPRIORALPHA=1,	ALPHAMAX=10.0000,	ALPHAPRIORA=1.0000,	ALPHAPRIORB=2.0000,	ALPHAPROPSD=0.0250,	STARTATPOPINFO=0,	RANDOMIZE=0,	LINKAGE=0,	METROFREQ=10,	REPORTHITRATE=0,	MARKOVPHASE=0,	PHASED=1,	PLOIDY=2,	PHASEINFO=0	LOCPRIOR=0, 	LOCPRIORINIT=1.000000, 	LOCDATA=0, 	LOCISPOP=1, 	LOCPRIORSTEP=0.100000, 	MAXLOCPRIOR=20.000000, 	SEED=740499,	
[STRAT parameters]:    NUMSIMSTATS=1000,	PHENOTYPECOL=-9,	POOLFREQ=10,	LOCUSxONLY=0,	EMERROR=0.00100,	MISSINGPHENO=-9,	