indivID	dropout_rate
36	0.000000
63	0.039641
94	0.051581
103	0.091634
112	0.000000
114	0.005085
120	0.002932
127	0.000060
147	0.034548
166	0.000000
167	0.000000
168	0.021163
169	0.090963
170	0.027191
171	0.095096
172	0.000000
185	0.000015
199	0.043429
339	0.000887
355	0.000069
356	0.000212
357	0.045124
358	0.000000
359	0.000000
360	0.000000
361	0.016599
362	0.017728
363	0.000000
364	0.000000
365	0.003648
366	0.000000
367	0.000000
368	0.019891
369	0.000000
370	0.000001
371	0.000447
372	0.002865
373	0.051511
380	0.016772
388	0.002762
418	0.000000
419	0.000046
420	0.000000
