

----------------------------------------------------
STRUCTURE by Pritchard, Stephens and Donnelly (2000)
     and Falush, Stephens and Pritchard (2003)
       Code by Pritchard, Falush and Hubisz
             Version 2.3.4 (Jul 2012)
----------------------------------------------------



Command line arguments:   structure -D 199341 -K 5 -m mainparams -o k5/w2_k5_run9 
Input File:    w2.str

Run parameters:
   206 individuals
   47 loci
   5 populations assumed
   500000 Burn-in period
   750000 Reps
RANDOMIZE turned off


--------------------------------------------
Proportion of membership of each pre-defined
 population in each of the 5 clusters

Given    Inferred Clusters                     Number of
 Pop       1      2      3      4      5      Individuals

  1:     0.074  0.243  0.274  0.091  0.319       26
  2:     0.204  0.224  0.213  0.164  0.195       74
  3:     0.415  0.134  0.136  0.176  0.139       35
  4:     0.548  0.105  0.096  0.157  0.094       24
  5:     0.086  0.266  0.274  0.076  0.298       43
  6:     0.060  0.172  0.296  0.056  0.416        4
--------------------------------------------

Allele-freq. divergence among pops (Net nucleotide distance),
computed using point estimates of P.

      1       2       3       4       5      
 1      -    0.0255  0.0249  0.0371  0.0238  
 2   0.0255     -    0.0004  0.0279  0.0028  
 3   0.0249  0.0004     -    0.0271  0.0012  
 4   0.0371  0.0279  0.0271     -    0.0258  
 5   0.0238  0.0028  0.0012  0.0258     -    

Average distances (expected heterozygosity) between individuals in same cluster:
cluster  1  : 0.5635 
cluster  2  : 0.6364 
cluster  3  : 0.6383 
cluster  4  : 0.5753 
cluster  5  : 0.6442 

--------------------------------------------
Estimated Ln Prob of Data   = -23968.3
Mean value of ln likelihood = -23039.2
Variance of ln likelihood   = 1858.2
Mean value of alpha         = 0.1882

Mean value of Fst_1         = 0.1114
Mean value of Fst_2         = 0.0318
Mean value of Fst_3         = 0.0312
Mean value of Fst_4         = 0.1376
Mean value of Fst_5         = 0.0195


Inferred ancestry of individuals:
        Label (%Miss) Pop:  Inferred clusters
  1      010    (0)    1 :  0.021 0.151 0.327 0.041 0.460 
  2      024    (0)    1 :  0.070 0.298 0.237 0.044 0.351 
  3      051    (0)    1 :  0.025 0.210 0.316 0.045 0.404 
  4      090    (0)    1 :  0.052 0.234 0.296 0.059 0.359 
  5      102    (0)    1 :  0.213 0.191 0.188 0.178 0.229 
  6      111    (0)    1 :  0.052 0.286 0.305 0.041 0.316 
  7      113    (0)    1 :  0.110 0.176 0.281 0.068 0.366 
  8      138    (0)    1 :  0.053 0.382 0.334 0.025 0.206 
  9      150    (0)    1 :  0.340 0.179 0.145 0.243 0.093 
 10      173    (2)    1 :  0.089 0.235 0.235 0.114 0.328 
 11      174    (2)    1 :  0.021 0.277 0.339 0.019 0.344 
 12      175    (0)    1 :  0.024 0.237 0.281 0.049 0.409 
 13      176    (0)    1 :  0.042 0.238 0.292 0.043 0.385 
 14      177    (0)    1 :  0.093 0.277 0.278 0.022 0.330 
 15      180    (0)    1 :  0.026 0.288 0.320 0.030 0.337 
 16      184    (0)    1 :  0.053 0.308 0.241 0.264 0.134 
 17      195    (0)    1 :  0.049 0.181 0.295 0.054 0.421 
 18      198    (0)    1 :  0.032 0.326 0.331 0.029 0.282 
 19      203    (0)    1 :  0.039 0.182 0.264 0.148 0.368 
 20      211    (0)    1 :  0.116 0.236 0.257 0.034 0.357 
 21      220    (0)    1 :  0.105 0.216 0.208 0.250 0.221 
 22      233    (0)    1 :  0.177 0.227 0.226 0.053 0.316 
 23      331    (0)    1 :  0.034 0.203 0.298 0.066 0.400 
 24      349    (0)    1 :  0.030 0.127 0.206 0.339 0.298 
 25      410    (0)    1 :  0.021 0.344 0.318 0.028 0.289 
 26      417    (2)    1 :  0.027 0.306 0.313 0.073 0.281 
 27      421    (0)    2 :  0.833 0.038 0.039 0.051 0.039 
 28      423    (0)    2 :  0.019 0.211 0.251 0.169 0.350 
 29      424    (0)    2 :  0.046 0.328 0.316 0.033 0.277 
 30      433    (0)    2 :  0.253 0.284 0.232 0.085 0.146 
 31      462    (0)    2 :  0.182 0.215 0.233 0.116 0.254 
 32      463    (0)    2 :  0.023 0.228 0.254 0.222 0.272 
 33      467    (0)    2 :  0.700 0.045 0.048 0.153 0.053 
 34      468    (0)    2 :  0.052 0.022 0.023 0.880 0.024 
 35      469    (0)    2 :  0.422 0.193 0.166 0.060 0.158 
 36      472    (0)    2 :  0.047 0.320 0.260 0.064 0.309 
 37      473    (0)    2 :  0.033 0.082 0.100 0.659 0.126 
 38      474    (0)    2 :  0.056 0.031 0.025 0.870 0.018 
 39      475    (0)    2 :  0.237 0.126 0.188 0.209 0.240 
 40      476    (2)    2 :  0.064 0.026 0.026 0.855 0.028 
 41      477    (0)    2 :  0.059 0.229 0.257 0.097 0.358 
 42      478    (0)    2 :  0.254 0.173 0.224 0.024 0.325 
 43      479    (0)    2 :  0.188 0.309 0.232 0.196 0.075 
 44      480    (0)    2 :  0.795 0.035 0.037 0.093 0.040 
 45      481    (0)    2 :  0.055 0.290 0.259 0.145 0.251 
 46      482    (0)    2 :  0.203 0.222 0.252 0.023 0.299 
 47      489    (0)    2 :  0.092 0.239 0.261 0.085 0.323 
 48      490    (0)    2 :  0.050 0.488 0.353 0.025 0.084 
 49      491    (0)    2 :  0.068 0.295 0.254 0.098 0.285 
 50      492    (0)    2 :  0.048 0.049 0.051 0.798 0.054 
 51      493    (0)    2 :  0.156 0.122 0.152 0.357 0.213 
 52      494    (0)    2 :  0.194 0.280 0.255 0.071 0.199 
 53      498    (0)    2 :  0.032 0.272 0.221 0.287 0.189 
 54      499    (0)    2 :  0.044 0.196 0.285 0.085 0.390 
 55      709    (0)    2 :  0.039 0.343 0.307 0.066 0.244 
 56      710    (4)    2 :  0.148 0.236 0.230 0.098 0.287 
 57      711    (2)    2 :  0.061 0.241 0.305 0.038 0.356 
 58      712    (4)    2 :  0.037 0.500 0.365 0.027 0.071 
 59      713    (0)    2 :  0.018 0.237 0.268 0.089 0.388 
 60      714    (2)    2 :  0.361 0.038 0.041 0.509 0.050 
 61      715    (4)    2 :  0.757 0.090 0.077 0.023 0.053 
 62      716    (0)    2 :  0.563 0.077 0.070 0.228 0.063 
 63      717    (2)    2 :  0.422 0.114 0.171 0.059 0.234 
 64      718    (4)    2 :  0.065 0.420 0.330 0.070 0.115 
 65      719    (0)    2 :  0.905 0.023 0.024 0.024 0.024 
 66      720    (2)    2 :  0.679 0.061 0.070 0.105 0.085 
 67      721    (0)    2 :  0.110 0.132 0.158 0.404 0.196 
 68      722    (4)    2 :  0.727 0.030 0.027 0.196 0.020 
 69      723    (0)    2 :  0.797 0.060 0.053 0.024 0.066 
 70      724    (0)    2 :  0.634 0.073 0.068 0.153 0.071 
 71      725    (0)    2 :  0.096 0.199 0.266 0.041 0.398 
 72      726    (0)    2 :  0.101 0.167 0.163 0.381 0.188 
 73      727    (0)    2 :  0.077 0.269 0.260 0.157 0.237 
 74      728    (2)    2 :  0.044 0.279 0.268 0.026 0.383 
 75      729    (6)    2 :  0.174 0.296 0.230 0.024 0.276 
 76      730    (2)    2 :  0.147 0.422 0.316 0.017 0.098 
 77      731    (2)    2 :  0.023 0.461 0.352 0.048 0.115 
 78      732    (0)    2 :  0.112 0.221 0.225 0.142 0.300 
 79      733    (0)    2 :  0.155 0.266 0.281 0.031 0.266 
 80      734    (2)    2 :  0.076 0.278 0.295 0.033 0.318 
 81      735    (4)    2 :  0.102 0.238 0.255 0.100 0.305 
 82      736    (2)    2 :  0.023 0.354 0.337 0.040 0.245 
 83      737    (0)    2 :  0.017 0.468 0.349 0.067 0.099 
 84      738    (2)    2 :  0.033 0.405 0.338 0.031 0.194 
 85      739    (8)    2 :  0.080 0.409 0.319 0.047 0.144 
 86      740    (4)    2 :  0.140 0.376 0.286 0.039 0.158 
 87      741    (2)    2 :  0.209 0.307 0.248 0.089 0.147 
 88      742    (4)    2 :  0.039 0.351 0.337 0.038 0.235 
 89      743    (2)    2 :  0.830 0.050 0.047 0.034 0.039 
 90      744    (0)    2 :  0.139 0.208 0.256 0.049 0.348 
 91      745    (0)    2 :  0.495 0.132 0.151 0.047 0.175 
 92      746    (2)    2 :  0.028 0.374 0.334 0.026 0.239 
 93      747    (2)    2 :  0.035 0.381 0.325 0.067 0.192 
 94      748    (0)    2 :  0.021 0.181 0.170 0.456 0.171 
 95      749    (2)    2 :  0.047 0.244 0.295 0.017 0.397 
 96      750    (4)    2 :  0.066 0.318 0.296 0.025 0.295 
 97      751    (0)    2 :  0.078 0.246 0.282 0.045 0.349 
 98      752    (2)    2 :  0.077 0.026 0.024 0.850 0.022 
 99      753    (4)    2 :  0.100 0.123 0.238 0.197 0.342 
100      754    (2)    2 :  0.020 0.521 0.374 0.018 0.066 
101      155    (0)    3 :  0.048 0.220 0.261 0.094 0.378 
102      156    (2)    3 :  0.040 0.171 0.312 0.017 0.461 
103      157    (2)    3 :  0.044 0.464 0.344 0.052 0.095 
104      158    (0)    3 :  0.079 0.299 0.271 0.032 0.319 
105      159    (0)    3 :  0.040 0.266 0.268 0.121 0.305 
106      160    (0)    3 :  0.128 0.248 0.188 0.350 0.085 
107      161    (0)    3 :  0.064 0.408 0.310 0.073 0.146 
108      162    (0)    3 :  0.345 0.117 0.163 0.139 0.236 
109      163    (2)    3 :  0.034 0.209 0.312 0.028 0.417 
110      164    (0)    3 :  0.074 0.201 0.254 0.144 0.326 
111      165    (2)    3 :  0.030 0.265 0.313 0.029 0.363 
112      427    (0)    3 :  0.804 0.047 0.048 0.049 0.051 
113      428    (0)    3 :  0.747 0.031 0.036 0.141 0.046 
114      429    (0)    3 :  0.888 0.028 0.026 0.029 0.030 
115      430    (0)    3 :  0.072 0.185 0.198 0.341 0.205 
116      431    (0)    3 :  0.668 0.073 0.069 0.126 0.064 
117      435    (0)    3 :  0.802 0.023 0.022 0.131 0.022 
118      436    (0)    3 :  0.638 0.027 0.026 0.283 0.026 
119      437    (0)    3 :  0.441 0.072 0.063 0.359 0.064 
120      438    (0)    3 :  0.374 0.071 0.070 0.414 0.071 
121      439    (0)    3 :  0.301 0.181 0.163 0.212 0.143 
122      441    (0)    3 :  0.029 0.013 0.015 0.925 0.018 
123      442    (0)    3 :  0.731 0.051 0.056 0.085 0.077 
124      443    (4)    3 :  0.776 0.047 0.043 0.099 0.035 
125      444    (4)    3 :  0.882 0.031 0.032 0.018 0.037 
126      445    (2)    3 :  0.344 0.146 0.150 0.168 0.193 
127      446    (0)    3 :  0.911 0.024 0.024 0.018 0.024 
128      447    (0)    3 :  0.848 0.042 0.042 0.029 0.038 
129      449    (0)    3 :  0.902 0.019 0.019 0.039 0.020 
130      460    (0)    3 :  0.646 0.043 0.052 0.193 0.065 
131      461    (0)    3 :  0.376 0.212 0.179 0.113 0.120 
132      484    (0)    3 :  0.216 0.304 0.260 0.041 0.178 
133      485    (0)    3 :  0.722 0.055 0.051 0.128 0.044 
134      486    (0)    3 :  0.015 0.012 0.013 0.946 0.014 
135      487    (0)    3 :  0.451 0.093 0.116 0.197 0.143 
136      178    (0)    4 :  0.390 0.144 0.125 0.232 0.109 
137      422    (0)    4 :  0.840 0.055 0.047 0.029 0.029 
138      425    (0)    4 :  0.650 0.086 0.075 0.104 0.085 
139      426    (0)    4 :  0.121 0.291 0.270 0.034 0.284 
140      432    (0)    4 :  0.455 0.127 0.159 0.044 0.215 
141      434    (0)    4 :  0.928 0.020 0.018 0.017 0.017 
142      440    (0)    4 :  0.454 0.091 0.127 0.146 0.182 
143      448    (2)    4 :  0.861 0.036 0.034 0.040 0.029 
144      456    (0)    4 :  0.286 0.199 0.182 0.058 0.275 
145      457    (0)    4 :  0.420 0.082 0.088 0.306 0.104 
146      458    (0)    4 :  0.119 0.291 0.233 0.196 0.162 
147      459    (0)    4 :  0.764 0.074 0.064 0.049 0.049 
148      464    (0)    4 :  0.677 0.040 0.041 0.195 0.047 
149      465    (0)    4 :  0.534 0.078 0.059 0.278 0.050 
150      466    (0)    4 :  0.634 0.100 0.089 0.107 0.070 
151      470    (0)    4 :  0.467 0.030 0.028 0.451 0.025 
152      471    (0)    4 :  0.789 0.048 0.056 0.040 0.067 
153      483    (0)    4 :  0.734 0.106 0.086 0.025 0.049 
154      488    (0)    4 :  0.098 0.121 0.091 0.628 0.062 
155      495    (0)    4 :  0.755 0.081 0.068 0.052 0.045 
156      496    (0)    4 :  0.361 0.106 0.085 0.391 0.058 
157      497    (0)    4 :  0.847 0.038 0.039 0.027 0.049 
158      500    (0)    4 :  0.144 0.223 0.197 0.283 0.153 
159      879    (0)    4 :  0.824 0.062 0.053 0.026 0.034 
160      036    (0)    5 :  0.057 0.297 0.255 0.040 0.350 
161      063    (2)    5 :  0.084 0.261 0.287 0.066 0.303 
162      094    (4)    5 :  0.071 0.362 0.287 0.124 0.156 
163      103    (4)    5 :  0.034 0.258 0.314 0.030 0.364 
164      112    (0)    5 :  0.027 0.315 0.318 0.037 0.304 
165      114    (2)    5 :  0.050 0.267 0.255 0.120 0.308 
166      120    (0)    5 :  0.039 0.461 0.350 0.052 0.096 
167      127    (2)    5 :  0.023 0.249 0.209 0.272 0.246 
168      147    (0)    5 :  0.049 0.275 0.286 0.036 0.354 
169      166    (0)    5 :  0.062 0.214 0.290 0.048 0.385 
170      167    (0)    5 :  0.257 0.186 0.206 0.088 0.264 
171      168    (0)    5 :  0.061 0.250 0.270 0.030 0.390 
172      169    (2)    5 :  0.294 0.167 0.205 0.086 0.248 
173      170    (0)    5 :  0.038 0.215 0.311 0.063 0.373 
174      171    (2)    5 :  0.030 0.142 0.327 0.023 0.477 
175      172    (0)    5 :  0.049 0.491 0.362 0.020 0.078 
176      185    (0)    5 :  0.219 0.148 0.225 0.062 0.346 
177      199    (2)    5 :  0.031 0.148 0.304 0.065 0.453 
178      339    (0)    5 :  0.339 0.123 0.138 0.213 0.188 
179      355    (0)    5 :  0.015 0.143 0.314 0.021 0.507 
180      356    (0)    5 :  0.022 0.426 0.312 0.141 0.099 
181      357    (0)    5 :  0.030 0.266 0.250 0.135 0.319 
182      358    (0)    5 :  0.049 0.284 0.246 0.059 0.361 
183      359    (0)    5 :  0.030 0.340 0.302 0.027 0.302 
184      360    (0)    5 :  0.105 0.237 0.263 0.037 0.359 
185      361    (0)    5 :  0.099 0.426 0.317 0.057 0.100 
186      362    (0)    5 :  0.234 0.218 0.236 0.044 0.268 
187      363    (0)    5 :  0.046 0.233 0.274 0.091 0.356 
188      364    (0)    5 :  0.029 0.226 0.226 0.299 0.220 
189      365    (0)    5 :  0.086 0.284 0.237 0.073 0.320 
190      366    (0)    5 :  0.022 0.365 0.280 0.023 0.310 
191      367    (0)    5 :  0.026 0.195 0.293 0.086 0.401 
192      368    (0)    5 :  0.021 0.132 0.285 0.114 0.448 
193      369    (0)    5 :  0.022 0.143 0.320 0.019 0.496 
194      370    (0)    5 :  0.041 0.437 0.335 0.035 0.152 
195      371    (0)    5 :  0.056 0.250 0.270 0.022 0.401 
196      372    (0)    5 :  0.559 0.124 0.136 0.037 0.144 
197      373    (0)    5 :  0.077 0.347 0.290 0.020 0.266 
198      380    (0)    5 :  0.028 0.357 0.315 0.058 0.242 
199      388    (0)    5 :  0.036 0.442 0.337 0.023 0.162 
200      418    (0)    5 :  0.040 0.255 0.248 0.145 0.313 
201      419    (0)    5 :  0.067 0.228 0.250 0.121 0.334 
202      420    (0)    5 :  0.126 0.268 0.231 0.113 0.263 
203      409    (0)    6 :  0.052 0.184 0.310 0.047 0.407 
204      414    (0)    6 :  0.039 0.136 0.312 0.042 0.470 
205      415    (2)    6 :  0.023 0.168 0.298 0.089 0.421 
206      416    (0)    6 :  0.127 0.199 0.262 0.045 0.367 


Estimated Allele Frequencies in each cluster
First column gives estimated ancestral frequencies


Locus 1 : 1 
4 alleles
0.0% missing data
  89   (0.562) 0.593 0.542 0.549 0.518 0.563 
  91   (0.358) 0.337 0.394 0.385 0.449 0.365 
  93   (0.059) 0.055 0.052 0.054 0.013 0.057 
  99   (0.021) 0.015 0.012 0.012 0.020 0.015 

Locus 2 : 2 
6 alleles
2.4% missing data
 136   (0.334) 0.053 0.457 0.439 0.128 0.378 
 140   (0.076) 0.036 0.063 0.068 0.039 0.078 
 132   (0.035) 0.004 0.022 0.027 0.007 0.038 
 138   (0.306) 0.527 0.245 0.257 0.376 0.290 
 134   (0.221) 0.255 0.194 0.191 0.407 0.198 
 142   (0.029) 0.124 0.019 0.017 0.044 0.019 

Locus 3 : 3 
6 alleles
0.0% missing data
 187   (0.323) 0.143 0.357 0.361 0.275 0.352 
 175   (0.066) 0.134 0.074 0.064 0.082 0.051 
 181   (0.244) 0.404 0.201 0.210 0.213 0.237 
 179   (0.241) 0.200 0.264 0.261 0.319 0.247 
 185   (0.091) 0.110 0.082 0.080 0.099 0.082 
 191   (0.035) 0.009 0.022 0.024 0.012 0.032 

Locus 4 : 4 
9 alleles
0.5% missing data
 253   (0.497) 0.525 0.499 0.518 0.537 0.536 
 245   (0.010) 0.001 0.005 0.005 0.001 0.006 
 269   (0.162) 0.289 0.161 0.154 0.205 0.150 
 247   (0.085) 0.040 0.081 0.085 0.042 0.089 
 249   (0.023) 0.002 0.015 0.018 0.004 0.023 
 241   (0.153) 0.135 0.173 0.161 0.175 0.141 
 271   (0.041) 0.006 0.037 0.036 0.031 0.035 
 239   (0.017) 0.002 0.015 0.013 0.003 0.012 
 273   (0.012) 0.001 0.014 0.011 0.002 0.007 

Locus 5 : 5 
6 alleles
0.5% missing data
 103   (0.810) 0.965 0.822 0.820 0.944 0.813 
 105   (0.058) 0.009 0.066 0.069 0.019 0.068 
 102   (0.025) 0.003 0.018 0.018 0.004 0.021 
 104   (0.079) 0.021 0.075 0.075 0.027 0.078 
 107   (0.018) 0.002 0.013 0.012 0.003 0.014 
 101   (0.010) 0.001 0.006 0.005 0.003 0.006 

Locus 6 : 6 
5 alleles
0.0% missing data
 145   (0.464) 0.645 0.500 0.498 0.192 0.483 
 135   (0.223) 0.190 0.213 0.217 0.120 0.225 
 141   (0.232) 0.154 0.208 0.209 0.662 0.218 
 147   (0.068) 0.009 0.067 0.066 0.024 0.066 
 137   (0.013) 0.002 0.013 0.011 0.002 0.008 

Locus 7 : 7 
10 alleles
1.9% missing data
  97   (0.188) 0.174 0.151 0.173 0.118 0.206 
 103   (0.309) 0.369 0.310 0.320 0.239 0.331 
  93   (0.190) 0.299 0.224 0.204 0.286 0.170 
  85   (0.053) 0.042 0.050 0.048 0.008 0.048 
  89   (0.067) 0.050 0.070 0.063 0.290 0.056 
  91   (0.074) 0.031 0.065 0.073 0.028 0.083 
  83   (0.083) 0.031 0.108 0.098 0.025 0.078 
 105   (0.017) 0.002 0.010 0.011 0.004 0.015 
 101   (0.010) 0.001 0.006 0.006 0.001 0.007 
  99   (0.010) 0.001 0.005 0.005 0.001 0.007 

Locus 8 : 8 
8 alleles
0.0% missing data
 129   (0.543) 0.717 0.585 0.582 0.590 0.565 
 143   (0.261) 0.207 0.268 0.266 0.170 0.260 
 141   (0.049) 0.019 0.036 0.039 0.013 0.049 
 133   (0.026) 0.004 0.023 0.022 0.015 0.022 
 127   (0.019) 0.002 0.012 0.015 0.003 0.020 
 149   (0.077) 0.045 0.064 0.063 0.205 0.068 
 145   (0.010) 0.001 0.006 0.006 0.001 0.006 
 131   (0.013) 0.006 0.007 0.007 0.003 0.009 

Locus 9 : 9 
4 alleles
0.0% missing data
 189   (0.485) 0.302 0.506 0.503 0.642 0.495 
 191   (0.385) 0.336 0.366 0.377 0.305 0.395 
 195   (0.120) 0.361 0.121 0.114 0.051 0.103 
 197   (0.010) 0.001 0.007 0.006 0.001 0.006 

Locus 10 : 10 
7 alleles
0.5% missing data
 238   (0.552) 0.736 0.526 0.530 0.875 0.544 
 250   (0.018) 0.002 0.011 0.012 0.002 0.015 
 232   (0.257) 0.180 0.286 0.291 0.074 0.285 
 254   (0.039) 0.004 0.034 0.037 0.006 0.042 
 252   (0.099) 0.075 0.121 0.107 0.037 0.086 
 236   (0.010) 0.001 0.006 0.005 0.002 0.006 
 248   (0.025) 0.002 0.017 0.018 0.004 0.023 

Locus 11 : 11 
4 alleles
0.0% missing data
  87   (0.700) 0.842 0.668 0.675 0.891 0.694 
  89   (0.237) 0.139 0.248 0.253 0.085 0.255 
  91   (0.042) 0.017 0.068 0.057 0.009 0.036 
  85   (0.020) 0.002 0.016 0.015 0.016 0.015 

Locus 12 : 12 
13 alleles
0.5% missing data
 158   (0.225) 0.210 0.242 0.246 0.094 0.248 
 160   (0.205) 0.314 0.202 0.202 0.219 0.206 
 154   (0.024) 0.002 0.016 0.021 0.006 0.029 
 162   (0.229) 0.216 0.239 0.244 0.395 0.240 
 170   (0.062) 0.027 0.059 0.062 0.032 0.064 
 147   (0.040) 0.032 0.028 0.031 0.036 0.039 
 149   (0.028) 0.061 0.016 0.015 0.109 0.019 
 161   (0.100) 0.113 0.134 0.115 0.074 0.086 
 143   (0.037) 0.005 0.033 0.035 0.014 0.037 
 153   (0.017) 0.002 0.013 0.012 0.002 0.013 
 150   (0.010) 0.007 0.005 0.004 0.002 0.005 
 159   (0.013) 0.009 0.009 0.007 0.017 0.008 
 164   (0.010) 0.001 0.005 0.005 0.001 0.006 

Locus 13 : 13 
5 alleles
0.0% missing data
 108   (0.201) 0.106 0.242 0.229 0.074 0.207 
 113   (0.332) 0.345 0.292 0.310 0.391 0.340 
 115   (0.448) 0.548 0.454 0.451 0.533 0.442 
 109   (0.010) 0.001 0.006 0.005 0.001 0.006 
 110   (0.010) 0.001 0.006 0.005 0.001 0.006 

Locus 14 : 14 
5 alleles
1.5% missing data
 229   (0.520) 0.481 0.577 0.553 0.680 0.513 
 231   (0.141) 0.017 0.155 0.168 0.031 0.175 
 233   (0.051) 0.049 0.034 0.038 0.015 0.047 
 227   (0.140) 0.383 0.109 0.113 0.140 0.127 
 225   (0.148) 0.070 0.126 0.128 0.134 0.139 

Locus 15 : 15 
4 alleles
0.5% missing data
 143   (0.825) 0.855 0.853 0.841 0.938 0.819 
 145   (0.097) 0.064 0.077 0.086 0.044 0.102 
 147   (0.061) 0.079 0.048 0.054 0.015 0.065 
 133   (0.018) 0.002 0.022 0.019 0.003 0.014 

Locus 16 : 16 
5 alleles
0.0% missing data
 160   (0.118) 0.075 0.091 0.104 0.271 0.124 
 158   (0.570) 0.660 0.528 0.536 0.581 0.562 
 156   (0.212) 0.242 0.302 0.268 0.116 0.203 
 154   (0.086) 0.016 0.072 0.085 0.023 0.103 
 152   (0.014) 0.007 0.008 0.007 0.009 0.008 

Locus 17 : 17 
5 alleles
0.0% missing data
  88   (0.084) 0.010 0.063 0.071 0.136 0.085 
  90   (0.653) 0.835 0.733 0.708 0.438 0.652 
 102   (0.197) 0.144 0.146 0.153 0.411 0.182 
 100   (0.056) 0.007 0.053 0.064 0.012 0.076 
 104   (0.010) 0.004 0.005 0.005 0.002 0.006 

Locus 18 : 18 
7 alleles
0.0% missing data
 127   (0.304) 0.323 0.353 0.346 0.187 0.321 
 140   (0.287) 0.256 0.266 0.291 0.278 0.325 
 148   (0.082) 0.046 0.058 0.063 0.176 0.077 
 150   (0.059) 0.199 0.052 0.047 0.037 0.044 
 142   (0.142) 0.091 0.155 0.146 0.095 0.131 
 138   (0.054) 0.044 0.045 0.043 0.020 0.045 
 146   (0.071) 0.041 0.071 0.063 0.207 0.057 

Locus 19 : 19 
7 alleles
0.0% missing data
 188   (0.204) 0.197 0.205 0.207 0.047 0.210 
 194   (0.574) 0.556 0.599 0.609 0.370 0.607 
 190   (0.093) 0.207 0.086 0.079 0.185 0.075 
 200   (0.092) 0.037 0.082 0.080 0.393 0.082 
 192   (0.010) 0.001 0.006 0.006 0.001 0.007 
 202   (0.017) 0.002 0.014 0.013 0.002 0.013 
 196   (0.010) 0.001 0.008 0.006 0.001 0.006 

Locus 20 : 20 
6 alleles
1.0% missing data
 252   (0.717) 0.765 0.768 0.756 0.798 0.726 
 246   (0.097) 0.043 0.081 0.087 0.109 0.098 
 250   (0.068) 0.083 0.044 0.056 0.055 0.075 
 254   (0.064) 0.099 0.065 0.059 0.027 0.052 
 248   (0.032) 0.004 0.024 0.028 0.006 0.035 
 244   (0.021) 0.007 0.017 0.015 0.006 0.014 

Locus 21 : 21 
7 alleles
0.5% missing data
 159   (0.033) 0.004 0.021 0.030 0.009 0.043 
 173   (0.268) 0.597 0.295 0.270 0.263 0.235 
 175   (0.151) 0.072 0.149 0.149 0.054 0.152 
 177   (0.280) 0.216 0.254 0.273 0.391 0.303 
 167   (0.182) 0.097 0.217 0.206 0.150 0.181 
 165   (0.043) 0.004 0.029 0.035 0.116 0.044 
 163   (0.043) 0.010 0.035 0.037 0.017 0.041 

Locus 22 : 22 
10 alleles
1.5% missing data
 146   (0.238) 0.295 0.221 0.217 0.366 0.217 
 158   (0.092) 0.016 0.096 0.107 0.033 0.114 
 152   (0.390) 0.612 0.461 0.431 0.512 0.380 
 162   (0.066) 0.013 0.058 0.067 0.023 0.077 
 166   (0.110) 0.026 0.090 0.102 0.041 0.123 
 156   (0.019) 0.019 0.011 0.011 0.004 0.014 
 164   (0.026) 0.003 0.025 0.023 0.006 0.023 
 150   (0.029) 0.005 0.019 0.024 0.008 0.032 
 142   (0.020) 0.010 0.013 0.012 0.005 0.014 
 148   (0.010) 0.001 0.006 0.005 0.001 0.006 

Locus 23 : 23 
7 alleles
1.0% missing data
 154   (0.575) 0.531 0.559 0.571 0.646 0.584 
 156   (0.120) 0.034 0.192 0.171 0.033 0.125 
 158   (0.032) 0.003 0.022 0.027 0.012 0.036 
 160   (0.093) 0.104 0.071 0.075 0.207 0.088 
 144   (0.158) 0.324 0.142 0.143 0.099 0.151 
 152   (0.010) 0.002 0.005 0.005 0.001 0.006 
 146   (0.013) 0.001 0.009 0.008 0.002 0.009 

Locus 24 : 24 
4 alleles
1.0% missing data
  81   (0.401) 0.360 0.382 0.394 0.380 0.409 
  83   (0.430) 0.466 0.419 0.428 0.497 0.443 
  85   (0.095) 0.114 0.112 0.101 0.025 0.086 
  77   (0.075) 0.059 0.088 0.077 0.098 0.062 

Locus 25 : 25 
6 alleles
0.5% missing data
 124   (0.518) 0.504 0.600 0.572 0.646 0.513 
 132   (0.319) 0.356 0.279 0.303 0.263 0.341 
 122   (0.103) 0.133 0.080 0.083 0.080 0.096 
 120   (0.020) 0.002 0.015 0.016 0.004 0.018 
 136   (0.018) 0.002 0.011 0.011 0.005 0.014 
 126   (0.022) 0.003 0.014 0.014 0.003 0.017 

Locus 26 : 26 
7 alleles
0.5% missing data
 183   (0.330) 0.315 0.332 0.350 0.382 0.365 
 165   (0.236) 0.306 0.226 0.223 0.182 0.228 
 175   (0.265) 0.339 0.255 0.253 0.272 0.252 
 181   (0.062) 0.006 0.098 0.090 0.010 0.068 
 179   (0.086) 0.032 0.078 0.074 0.150 0.075 
 185   (0.010) 0.001 0.006 0.006 0.001 0.006 
 157   (0.010) 0.001 0.005 0.005 0.001 0.006 

Locus 27 : 27 
4 alleles
0.5% missing data
 142   (0.643) 0.812 0.607 0.622 0.684 0.651 
 148   (0.203) 0.089 0.235 0.232 0.057 0.217 
 150   (0.114) 0.075 0.127 0.116 0.244 0.101 
 138   (0.040) 0.024 0.031 0.029 0.016 0.031 

Locus 28 : 28 
6 alleles
0.5% missing data
 262   (0.478) 0.363 0.594 0.554 0.457 0.470 
 260   (0.383) 0.552 0.299 0.335 0.482 0.401 
 256   (0.089) 0.052 0.072 0.079 0.051 0.092 
 258   (0.017) 0.002 0.010 0.012 0.003 0.016 
 266   (0.010) 0.006 0.005 0.004 0.001 0.006 
 264   (0.024) 0.027 0.019 0.016 0.006 0.016 

Locus 29 : 29 
6 alleles
0.0% missing data
 146   (0.286) 0.264 0.286 0.292 0.266 0.301 
 150   (0.435) 0.537 0.501 0.476 0.401 0.426 
 140   (0.177) 0.132 0.147 0.158 0.230 0.180 
 148   (0.054) 0.032 0.036 0.043 0.063 0.055 
 152   (0.038) 0.034 0.024 0.026 0.034 0.033 
 151   (0.010) 0.001 0.006 0.005 0.005 0.006 

Locus 30 : 30 
6 alleles
0.0% missing data
 129   (0.402) 0.629 0.386 0.386 0.539 0.392 
 131   (0.055) 0.017 0.043 0.043 0.052 0.046 
 123   (0.156) 0.274 0.155 0.142 0.128 0.131 
 127   (0.089) 0.019 0.068 0.076 0.209 0.090 
 125   (0.283) 0.060 0.339 0.345 0.070 0.331 
 121   (0.014) 0.002 0.009 0.008 0.002 0.009 

Locus 31 : 31 
5 alleles
0.5% missing data
 155   (0.557) 0.448 0.528 0.562 0.399 0.602 
 159   (0.170) 0.298 0.212 0.187 0.165 0.149 
 157   (0.175) 0.143 0.187 0.173 0.388 0.155 
 151   (0.033) 0.003 0.028 0.029 0.008 0.032 
 153   (0.065) 0.108 0.045 0.049 0.041 0.061 

Locus 32 : 32 
5 alleles
0.0% missing data
 150   (0.544) 0.584 0.568 0.560 0.566 0.541 
 148   (0.041) 0.007 0.024 0.027 0.153 0.035 
 146   (0.350) 0.361 0.357 0.363 0.255 0.369 
 154   (0.046) 0.009 0.041 0.041 0.012 0.044 
 152   (0.018) 0.039 0.010 0.009 0.014 0.011 

Locus 33 : 33 
6 alleles
0.0% missing data
 180   (0.457) 0.319 0.436 0.455 0.474 0.478 
 196   (0.113) 0.192 0.113 0.105 0.044 0.101 
 184   (0.177) 0.359 0.183 0.184 0.081 0.185 
 190   (0.022) 0.028 0.018 0.015 0.022 0.013 
 192   (0.166) 0.093 0.178 0.168 0.367 0.154 
 198   (0.066) 0.009 0.072 0.072 0.012 0.069 

Locus 34 : 34 
6 alleles
0.0% missing data
 112   (0.375) 0.404 0.355 0.364 0.398 0.376 
  90   (0.039) 0.005 0.034 0.031 0.084 0.030 
 108   (0.164) 0.093 0.141 0.156 0.048 0.183 
 110   (0.161) 0.053 0.141 0.159 0.230 0.183 
 106   (0.251) 0.444 0.324 0.285 0.238 0.222 
  96   (0.010) 0.001 0.006 0.005 0.002 0.007 

Locus 35 : 35 
9 alleles
0.0% missing data
 170   (0.247) 0.236 0.257 0.263 0.130 0.268 
 172   (0.314) 0.437 0.269 0.291 0.375 0.327 
 176   (0.084) 0.010 0.102 0.099 0.028 0.091 
 168   (0.070) 0.019 0.068 0.070 0.025 0.073 
 174   (0.153) 0.098 0.218 0.188 0.343 0.133 
 166   (0.050) 0.121 0.032 0.031 0.075 0.037 
 186   (0.022) 0.054 0.012 0.012 0.007 0.016 
 178   (0.050) 0.025 0.037 0.041 0.016 0.050 
 158   (0.010) 0.001 0.005 0.005 0.001 0.007 

Locus 36 : 36 
6 alleles
0.0% missing data
  89   (0.554) 0.663 0.550 0.561 0.725 0.574 
  83   (0.135) 0.073 0.121 0.126 0.079 0.140 
  81   (0.079) 0.017 0.105 0.097 0.022 0.079 
  95   (0.061) 0.086 0.042 0.044 0.022 0.054 
  85   (0.150) 0.155 0.170 0.158 0.149 0.137 
  91   (0.021) 0.005 0.013 0.013 0.003 0.017 

Locus 37 : 37 
10 alleles
0.0% missing data
 161   (0.318) 0.195 0.413 0.384 0.430 0.321 
 165   (0.245) 0.298 0.201 0.224 0.110 0.263 
 168   (0.017) 0.002 0.010 0.011 0.002 0.016 
 173   (0.238) 0.285 0.220 0.221 0.388 0.228 
 155   (0.023) 0.002 0.015 0.018 0.005 0.024 
 169   (0.105) 0.163 0.108 0.110 0.049 0.110 
 167   (0.020) 0.002 0.015 0.015 0.008 0.018 
 159   (0.013) 0.003 0.007 0.008 0.004 0.010 
 177   (0.010) 0.001 0.006 0.005 0.003 0.006 
 175   (0.011) 0.048 0.005 0.004 0.001 0.005 

Locus 38 : 38 
5 alleles
0.0% missing data
  85   (0.180) 0.254 0.177 0.177 0.127 0.177 
  91   (0.161) 0.063 0.177 0.175 0.125 0.167 
  87   (0.082) 0.024 0.077 0.073 0.095 0.072 
  89   (0.462) 0.613 0.481 0.475 0.458 0.461 
  81   (0.115) 0.046 0.087 0.100 0.195 0.123 

Locus 39 : 39 
4 alleles
1.0% missing data
 161   (0.192) 0.137 0.164 0.185 0.173 0.215 
 167   (0.763) 0.794 0.806 0.784 0.810 0.748 
 165   (0.036) 0.068 0.024 0.025 0.016 0.030 
 177   (0.010) 0.001 0.006 0.005 0.001 0.007 

Locus 40 : 40 
6 alleles
0.5% missing data
 240   (0.137) 0.140 0.133 0.133 0.084 0.135 
 228   (0.377) 0.512 0.378 0.371 0.588 0.363 
 238   (0.361) 0.307 0.389 0.391 0.166 0.383 
 236   (0.094) 0.038 0.073 0.082 0.089 0.099 
 232   (0.015) 0.001 0.019 0.015 0.002 0.011 
 224   (0.015) 0.001 0.008 0.008 0.071 0.010 

Locus 41 : 41 
7 alleles
0.0% missing data
 130   (0.510) 0.397 0.544 0.553 0.523 0.544 
 132   (0.112) 0.282 0.120 0.117 0.032 0.111 
 134   (0.132) 0.055 0.107 0.118 0.121 0.139 
 128   (0.117) 0.193 0.116 0.106 0.209 0.097 
 118   (0.070) 0.067 0.063 0.057 0.104 0.054 
 114   (0.049) 0.005 0.044 0.046 0.010 0.049 
 136   (0.010) 0.001 0.005 0.005 0.001 0.006 

Locus 42 : 42 
5 alleles
1.9% missing data
 104   (0.441) 0.441 0.423 0.430 0.647 0.441 
 102   (0.263) 0.390 0.219 0.235 0.233 0.269 
  96   (0.069) 0.020 0.077 0.075 0.021 0.070 
  92   (0.106) 0.056 0.155 0.137 0.041 0.103 
  98   (0.122) 0.092 0.126 0.123 0.058 0.117 

Locus 43 : 43 
6 alleles
2.9% missing data
  99   (0.148) 0.056 0.169 0.168 0.232 0.158 
  95   (0.205) 0.194 0.207 0.205 0.151 0.205 
 101   (0.300) 0.268 0.364 0.337 0.299 0.288 
 103   (0.316) 0.478 0.240 0.269 0.313 0.323 
  97   (0.021) 0.002 0.014 0.015 0.004 0.020 
  91   (0.010) 0.001 0.006 0.006 0.001 0.007 

Locus 44 : 44 
6 alleles
0.0% missing data
 191   (0.296) 0.114 0.285 0.308 0.375 0.333 
 181   (0.535) 0.772 0.598 0.566 0.559 0.516 
 183   (0.014) 0.002 0.008 0.008 0.002 0.011 
 179   (0.057) 0.006 0.042 0.045 0.041 0.054 
 177   (0.086) 0.060 0.062 0.067 0.021 0.080 
 193   (0.012) 0.047 0.006 0.005 0.002 0.006 

Locus 45 : 45 
6 alleles
1.9% missing data
 205   (0.482) 0.569 0.429 0.462 0.481 0.512 
 211   (0.223) 0.122 0.284 0.268 0.229 0.227 
 201   (0.063) 0.024 0.083 0.070 0.131 0.053 
 207   (0.140) 0.240 0.119 0.120 0.089 0.132 
 215   (0.078) 0.043 0.077 0.071 0.069 0.065 
 202   (0.013) 0.002 0.008 0.009 0.002 0.012 

Locus 46 : 46 
10 alleles
1.0% missing data
 158   (0.141) 0.030 0.139 0.150 0.221 0.162 
 164   (0.057) 0.017 0.098 0.082 0.017 0.055 
 168   (0.134) 0.029 0.147 0.151 0.046 0.153 
 142   (0.366) 0.598 0.325 0.338 0.561 0.364 
 156   (0.034) 0.009 0.021 0.025 0.011 0.032 
 144   (0.060) 0.024 0.075 0.065 0.066 0.048 
 166   (0.124) 0.254 0.106 0.111 0.060 0.121 
 170   (0.017) 0.002 0.024 0.019 0.003 0.012 
 162   (0.057) 0.037 0.060 0.053 0.015 0.046 
 160   (0.010) 0.001 0.005 0.005 0.001 0.007 

Locus 47 : 47 
6 alleles
8.7% missing data
 145   (0.220) 0.085 0.266 0.261 0.092 0.239 
 153   (0.191) 0.378 0.170 0.179 0.213 0.193 
 149   (0.372) 0.402 0.338 0.344 0.390 0.366 
 151   (0.169) 0.130 0.162 0.162 0.293 0.165 
 143   (0.020) 0.002 0.024 0.020 0.004 0.015 
 147   (0.027) 0.003 0.040 0.034 0.008 0.022 

Values of parameters used in structure:
DATAFILE=w2.str,	OUTFILE=k5/w2_k5_run9,	NUMINDS=206,	NUMLOCI=47,	MISSING=-9,	LABEL=1,	POPDATA=1,	POPFLAG=0,	PHENOTYPE=0,	EXTRACOLS=0,	MAXPOPS=5,	BURNIN=500000,	NUMREPS=750000,	USEPOPINFO=0,	INFERALPHA=1,	INFERLAMBDA=0,	POPSPECIFICLAMBDA=0,	POPALPHAS=0,	COMPUTEPROB=1,	NOADMIX=0,	ADMBURNIN=500,	UPDATEFREQ=100,	PRINTLIKES=0,	INTERMEDSAVE=0,	PRINTKLD=0,	PRINTNET=1,	PRINTLAMBDA=1,	ANCESTDIST=0,	NUMBOXES=1000,	ANCESTPINT=0.90000,	GENSBACK=2,	MIGRPRIOR=0.01000,	PRINTQHAT=0,	PRINTQSUM=1,	ALPHA=1.0000,	FREQSCORR=1,	FPRIORMEAN=0.0100,	FPRIORSD=0.0500,	ONEFST=0,	LAMBDA=1.0000,	UNIFPRIORALPHA=1,	ALPHAMAX=10.0000,	ALPHAPRIORA=1.0000,	ALPHAPRIORB=2.0000,	ALPHAPROPSD=0.0250,	STARTATPOPINFO=0,	RANDOMIZE=0,	LINKAGE=0,	METROFREQ=10,	REPORTHITRATE=0,	MARKOVPHASE=0,	PHASED=1,	PLOIDY=2,	PHASEINFO=0	LOCPRIOR=0, 	LOCPRIORINIT=1.000000, 	LOCDATA=0, 	LOCISPOP=1, 	LOCPRIORSTEP=0.100000, 	MAXLOCPRIOR=20.000000, 	SEED=199341,	
[STRAT parameters]:    NUMSIMSTATS=1000,	PHENOTYPECOL=-9,	POOLFREQ=10,	LOCUSxONLY=0,	EMERROR=0.00100,	MISSINGPHENO=-9,	