

----------------------------------------------------
STRUCTURE by Pritchard, Stephens and Donnelly (2000)
     and Falush, Stephens and Pritchard (2003)
       Code by Pritchard, Falush and Hubisz
             Version 2.3.4 (Jul 2012)
----------------------------------------------------



Command line arguments:   structure -D 642159 -K 6 -m mainparams -o k6/w2_k6_run5 
Input File:    w2.str

Run parameters:
   218 individuals
   47 loci
   6 populations assumed
   500000 Burn-in period
   750000 Reps
RANDOMIZE turned off


--------------------------------------------
Proportion of membership of each pre-defined
 population in each of the 6 clusters

Given    Inferred Clusters                            Number of
 Pop       1      2      3      4      5      6      Individuals

  1:     0.180  0.037  0.332  0.043  0.067  0.341       27
  2:     0.167  0.198  0.246  0.049  0.091  0.248       77
  3:     0.126  0.415  0.125  0.098  0.113  0.123       39
  4:     0.051  0.449  0.098  0.118  0.200  0.083       26
  5:     0.099  0.060  0.356  0.048  0.103  0.335       44
  6:     0.256  0.037  0.301  0.015  0.023  0.368        5
--------------------------------------------

Allele-freq. divergence among pops (Net nucleotide distance),
computed using point estimates of P.

      1       2       3       4       5       6      
 1      -    0.0298  0.0126  0.0698  0.0347  0.0145  
 2   0.0298     -    0.0209  0.0696  0.0388  0.0231  
 3   0.0126  0.0209     -    0.0559  0.0270  0.0003  
 4   0.0698  0.0696  0.0559     -    0.0879  0.0567  
 5   0.0347  0.0388  0.0270  0.0879     -    0.0288  
 6   0.0145  0.0231  0.0003  0.0567  0.0288     -    

Average distances (expected heterozygosity) between individuals in same cluster:
cluster  1  : 0.6122 
cluster  2  : 0.5649 
cluster  3  : 0.6435 
cluster  4  : 0.5239 
cluster  5  : 0.5760 
cluster  6  : 0.6380 

--------------------------------------------
Estimated Ln Prob of Data   = -24848.7
Mean value of ln likelihood = -24059.6
Variance of ln likelihood   = 1578.2
Mean value of alpha         = 0.0908

Mean value of Fst_1         = 0.0705
Mean value of Fst_2         = 0.1012
Mean value of Fst_3         = 0.0101
Mean value of Fst_4         = 0.2733
Mean value of Fst_5         = 0.1438
Mean value of Fst_6         = 0.0185


Inferred ancestry of individuals:
        Label (%Miss) Pop:  Inferred clusters
  1      010    (0)    1 :  0.128 0.014 0.336 0.009 0.014 0.499 
  2      025    (0)    1 :  0.023 0.035 0.543 0.010 0.015 0.373 
  3      052    (0)    1 :  0.134 0.012 0.326 0.030 0.019 0.479 
  4      094    (0)    1 :  0.100 0.034 0.440 0.014 0.025 0.387 
  5      106    (0)    1 :  0.096 0.170 0.345 0.033 0.116 0.239 
  6      115    (0)    1 :  0.047 0.024 0.359 0.098 0.082 0.389 
  7      117    (0)    1 :  0.051 0.063 0.328 0.021 0.023 0.515 
  8      142    (0)    1 :  0.029 0.027 0.378 0.103 0.060 0.404 
  9      154    (0)    1 :  0.091 0.120 0.085 0.043 0.593 0.067 
 10      186    (2)    1 :  0.044 0.050 0.473 0.027 0.030 0.377 
 11      187    (2)    1 :  0.015 0.008 0.326 0.017 0.008 0.625 
 12      188    (0)    1 :  0.034 0.012 0.513 0.006 0.019 0.415 
 13      189    (0)    1 :  0.121 0.023 0.490 0.022 0.023 0.321 
 14      190    (0)    1 :  0.015 0.035 0.407 0.053 0.021 0.470 
 15      193    (0)    1 :  0.043 0.011 0.350 0.150 0.013 0.433 
 16      197    (0)    1 :  0.032 0.053 0.324 0.011 0.257 0.323 
 17      208    (0)    1 :  0.146 0.030 0.360 0.009 0.037 0.419 
 18      211    (0)    1 :  0.019 0.015 0.355 0.010 0.054 0.548 
 19      216    (0)    1 :  0.936 0.010 0.014 0.016 0.009 0.014 
 20      224    (0)    1 :  0.022 0.025 0.414 0.091 0.128 0.319 
 21      233    (0)    1 :  0.820 0.031 0.031 0.017 0.071 0.030 
 22      246    (0)    1 :  0.088 0.088 0.394 0.191 0.007 0.231 
 23      344    (0)    1 :  0.491 0.015 0.194 0.091 0.027 0.181 
 24      364    (0)    1 :  0.331 0.032 0.317 0.008 0.042 0.270 
 25      428    (0)    1 :  0.095 0.010 0.443 0.035 0.012 0.405 
 26      435    (2)    1 :  0.836 0.040 0.018 0.019 0.069 0.018 
 27      436    (2)    1 :  0.064 0.014 0.403 0.019 0.036 0.464 
 28      440    (0)    2 :  0.020 0.927 0.016 0.008 0.013 0.016 
 29      442    (0)    2 :  0.386 0.011 0.307 0.008 0.082 0.205 
 30      443    (0)    2 :  0.029 0.016 0.422 0.060 0.038 0.434 
 31      452    (0)    2 :  0.022 0.145 0.268 0.167 0.150 0.247 
 32      481    (0)    2 :  0.041 0.165 0.372 0.014 0.029 0.378 
 33      482    (0)    2 :  0.580 0.015 0.161 0.025 0.019 0.201 
 34      486    (0)    2 :  0.026 0.602 0.036 0.154 0.148 0.035 
 35      487    (0)    2 :  0.879 0.054 0.017 0.013 0.022 0.016 
 36      488    (0)    2 :  0.020 0.292 0.294 0.025 0.181 0.188 
 37      491    (0)    2 :  0.040 0.035 0.469 0.017 0.021 0.419 
 38      492    (0)    2 :  0.850 0.014 0.051 0.017 0.017 0.050 
 39      493    (0)    2 :  0.078 0.026 0.010 0.010 0.867 0.010 
 40      494    (0)    2 :  0.071 0.513 0.162 0.011 0.033 0.210 
 41      495    (2)    2 :  0.609 0.032 0.020 0.027 0.293 0.019 
 42      496    (0)    2 :  0.121 0.049 0.484 0.013 0.055 0.278 
 43      497    (0)    2 :  0.054 0.218 0.409 0.009 0.018 0.291 
 44      498    (0)    2 :  0.023 0.070 0.065 0.213 0.569 0.060 
 45      499    (0)    2 :  0.046 0.041 0.462 0.019 0.023 0.409 
 46      500    (0)    2 :  0.034 0.884 0.019 0.029 0.012 0.021 
 47      501    (0)    2 :  0.075 0.022 0.400 0.039 0.116 0.348 
 48      502    (0)    2 :  0.026 0.056 0.318 0.072 0.012 0.517 
 49      512    (0)    2 :  0.123 0.040 0.396 0.085 0.011 0.344 
 50      513    (0)    2 :  0.019 0.022 0.260 0.194 0.031 0.474 
 51      514    (0)    2 :  0.086 0.053 0.447 0.012 0.039 0.362 
 52      515    (0)    2 :  0.419 0.054 0.080 0.011 0.355 0.080 
 53      516    (0)    2 :  0.027 0.153 0.131 0.009 0.558 0.122 
 54      517    (0)    2 :  0.026 0.232 0.276 0.029 0.034 0.403 
 55      522    (0)    2 :  0.125 0.018 0.383 0.021 0.171 0.282 
 56      523    (0)    2 :  0.338 0.025 0.230 0.044 0.029 0.334 
 57      748    (0)    2 :  0.037 0.023 0.375 0.012 0.142 0.413 
 58      749    (4)    2 :  0.167 0.152 0.398 0.011 0.028 0.245 
 59      750    (2)    2 :  0.204 0.027 0.324 0.060 0.031 0.354 
 60      751    (4)    2 :  0.018 0.026 0.329 0.033 0.038 0.556 
 61      752    (0)    2 :  0.937 0.006 0.016 0.018 0.007 0.015 
 62      753    (2)    2 :  0.949 0.006 0.014 0.011 0.006 0.013 
 63      754    (2)    2 :  0.192 0.535 0.060 0.023 0.140 0.050 
 64      755    (4)    2 :  0.010 0.559 0.028 0.345 0.028 0.030 
 65      756    (0)    2 :  0.021 0.456 0.039 0.010 0.438 0.035 
 66      757    (2)    2 :  0.409 0.390 0.088 0.013 0.010 0.090 
 67      758    (4)    2 :  0.060 0.067 0.388 0.014 0.172 0.298 
 68      759    (0)    2 :  0.006 0.961 0.008 0.010 0.007 0.008 
 69      760    (2)    2 :  0.093 0.730 0.086 0.013 0.016 0.062 
 70      761    (0)    2 :  0.453 0.126 0.143 0.012 0.123 0.143 
 71      762    (4)    2 :  0.036 0.875 0.013 0.047 0.016 0.012 
 72      763    (0)    2 :  0.009 0.885 0.040 0.006 0.031 0.030 
 73      764    (0)    2 :  0.015 0.937 0.011 0.011 0.014 0.011 
 74      765    (0)    2 :  0.006 0.962 0.007 0.010 0.007 0.007 
 75      767    (0)    2 :  0.066 0.062 0.436 0.033 0.009 0.394 
 76      768    (0)    2 :  0.751 0.068 0.071 0.016 0.041 0.053 
 77      769    (0)    2 :  0.031 0.032 0.236 0.053 0.311 0.337 
 78      770    (2)    2 :  0.022 0.025 0.546 0.052 0.016 0.339 
 79      771    (6)    2 :  0.020 0.123 0.496 0.016 0.016 0.329 
 80      772    (2)    2 :  0.012 0.075 0.297 0.089 0.017 0.510 
 81      773    (2)    2 :  0.035 0.015 0.464 0.020 0.125 0.342 
 82      774    (0)    2 :  0.020 0.054 0.465 0.059 0.094 0.307 
 83      775    (0)    2 :  0.064 0.089 0.397 0.022 0.033 0.394 
 84      776    (2)    2 :  0.035 0.024 0.331 0.020 0.102 0.488 
 85      777    (4)    2 :  0.496 0.086 0.194 0.066 0.016 0.142 
 86      778    (2)    2 :  0.044 0.014 0.349 0.025 0.019 0.549 
 87      779    (0)    2 :  0.035 0.010 0.344 0.080 0.106 0.425 
 88      780    (2)    2 :  0.015 0.017 0.441 0.057 0.145 0.325 
 89      781    (8)    2 :  0.025 0.051 0.334 0.068 0.029 0.493 
 90      782    (4)    2 :  0.026 0.112 0.416 0.007 0.092 0.347 
 91      783    (2)    2 :  0.052 0.147 0.304 0.079 0.037 0.381 
 92      784    (4)    2 :  0.041 0.025 0.329 0.032 0.028 0.544 
 93      785    (2)    2 :  0.044 0.675 0.036 0.153 0.056 0.036 
 94      786    (0)    2 :  0.025 0.136 0.399 0.008 0.037 0.394 
 95      787    (0)    2 :  0.073 0.565 0.119 0.133 0.015 0.096 
 96      788    (2)    2 :  0.126 0.018 0.434 0.011 0.019 0.392 
 97      789    (2)    2 :  0.025 0.019 0.349 0.033 0.026 0.547 
 98      790    (0)    2 :  0.506 0.016 0.117 0.026 0.246 0.089 
 99      791    (2)    2 :  0.044 0.021 0.386 0.126 0.007 0.417 
100      792    (4)    2 :  0.041 0.024 0.450 0.046 0.013 0.427 
101      793    (0)    2 :  0.104 0.035 0.440 0.096 0.017 0.308 
102      794    (2)    2 :  0.717 0.123 0.027 0.068 0.044 0.021 
103      795    (4)    2 :  0.546 0.104 0.165 0.019 0.034 0.132 
104      796    (2)    2 :  0.015 0.010 0.247 0.251 0.049 0.428 
105      167    (0)    3 :  0.163 0.029 0.454 0.013 0.054 0.288 
106      168    (2)    3 :  0.017 0.019 0.451 0.023 0.009 0.481 
107      169    (2)    3 :  0.029 0.023 0.346 0.015 0.025 0.563 
108      170    (0)    3 :  0.017 0.030 0.485 0.067 0.025 0.375 
109      171    (0)    3 :  0.242 0.030 0.402 0.011 0.059 0.257 
110      172    (0)    3 :  0.012 0.021 0.015 0.022 0.915 0.015 
111      173    (0)    3 :  0.012 0.021 0.015 0.022 0.915 0.015 
112      174    (0)    3 :  0.037 0.029 0.464 0.054 0.052 0.365 
113      175    (0)    3 :  0.242 0.382 0.108 0.009 0.183 0.076 
114      176    (2)    3 :  0.025 0.016 0.360 0.025 0.006 0.569 
115      177    (0)    3 :  0.682 0.051 0.125 0.016 0.007 0.118 
116      178    (2)    3 :  0.014 0.013 0.341 0.030 0.011 0.591 
117      446    (0)    3 :  0.016 0.882 0.022 0.029 0.030 0.022 
118      447    (0)    3 :  0.014 0.913 0.018 0.007 0.034 0.015 
119      448    (0)    3 :  0.013 0.896 0.021 0.039 0.014 0.017 
120      449    (0)    3 :  0.628 0.051 0.101 0.017 0.119 0.084 
121      450    (0)    3 :  0.018 0.516 0.034 0.029 0.375 0.028 
122      454    (0)    3 :  0.023 0.905 0.012 0.011 0.037 0.011 
123      455    (0)    3 :  0.032 0.680 0.020 0.013 0.239 0.016 
124      456    (0)    3 :  0.031 0.401 0.084 0.015 0.413 0.056 
125      457    (0)    3 :  0.174 0.584 0.090 0.010 0.069 0.074 
126      458    (0)    3 :  0.139 0.411 0.172 0.031 0.093 0.155 
127      460    (0)    3 :  0.910 0.036 0.011 0.010 0.023 0.010 
128      461    (0)    3 :  0.023 0.842 0.062 0.012 0.016 0.046 
129      462    (4)    3 :  0.027 0.883 0.016 0.042 0.016 0.016 
130      463    (4)    3 :  0.013 0.921 0.018 0.021 0.010 0.018 
131      464    (2)    3 :  0.070 0.541 0.208 0.013 0.038 0.130 
132      465    (0)    3 :  0.009 0.767 0.021 0.165 0.020 0.019 
133      466    (0)    3 :  0.019 0.838 0.027 0.032 0.058 0.026 
134      468    (0)    3 :  0.010 0.948 0.010 0.015 0.008 0.009 
135      479    (0)    3 :  0.058 0.834 0.039 0.015 0.016 0.037 
136      480    (0)    3 :  0.024 0.257 0.192 0.015 0.352 0.161 
137      504    (0)    3 :  0.004 0.005 0.004 0.979 0.003 0.004 
138      505    (0)    3 :  0.004 0.005 0.004 0.979 0.003 0.004 
139      506    (0)    3 :  0.013 0.901 0.016 0.009 0.046 0.015 
140      507    (0)    3 :  0.932 0.012 0.010 0.015 0.021 0.009 
141      508    (0)    3 :  0.196 0.602 0.068 0.012 0.051 0.071 
142      509    (0)    3 :  0.013 0.901 0.016 0.008 0.046 0.015 
143      510    (0)    3 :  0.004 0.005 0.004 0.979 0.003 0.004 
144      191    (0)    4 :  0.205 0.457 0.139 0.020 0.068 0.111 
145      441    (0)    4 :  0.010 0.629 0.013 0.319 0.015 0.013 
146      444    (0)    4 :  0.032 0.625 0.067 0.012 0.200 0.063 
147      445    (0)    4 :  0.030 0.048 0.439 0.052 0.058 0.373 
148      451    (0)    4 :  0.059 0.464 0.232 0.047 0.030 0.167 
149      453    (0)    4 :  0.012 0.934 0.011 0.022 0.010 0.011 
150      459    (0)    4 :  0.104 0.452 0.203 0.024 0.045 0.172 
151      467    (2)    4 :  0.010 0.932 0.015 0.013 0.015 0.015 
152      475    (0)    4 :  0.027 0.092 0.476 0.032 0.092 0.281 
153      476    (0)    4 :  0.399 0.375 0.053 0.046 0.085 0.042 
154      477    (0)    4 :  0.026 0.051 0.173 0.030 0.525 0.195 
155      478    (0)    4 :  0.013 0.724 0.035 0.166 0.029 0.033 
156      483    (0)    4 :  0.034 0.700 0.028 0.012 0.198 0.028 
157      484    (0)    4 :  0.014 0.308 0.030 0.015 0.604 0.029 
158      485    (0)    4 :  0.038 0.542 0.131 0.163 0.031 0.093 
159      489    (0)    4 :  0.066 0.603 0.020 0.043 0.249 0.018 
160      490    (0)    4 :  0.037 0.818 0.045 0.034 0.021 0.045 
161      503    (0)    4 :  0.010 0.045 0.017 0.895 0.014 0.020 
162      511    (0)    4 :  0.004 0.005 0.005 0.003 0.978 0.005 
163      518    (0)    4 :  0.015 0.591 0.045 0.129 0.174 0.046 
164      519    (0)    4 :  0.043 0.255 0.038 0.013 0.611 0.041 
165      520    (0)    4 :  0.004 0.005 0.004 0.003 0.978 0.004 
166      521    (0)    4 :  0.056 0.878 0.026 0.011 0.009 0.020 
167      524    (0)    4 :  0.060 0.172 0.290 0.032 0.136 0.309 
168      766    (0)    4 :  0.015 0.936 0.012 0.011 0.015 0.011 
169      928    (0)    4 :  0.007 0.034 0.007 0.935 0.009 0.007 
170      037    (0)    5 :  0.031 0.035 0.580 0.020 0.016 0.318 
171      064    (2)    5 :  0.093 0.040 0.416 0.086 0.015 0.350 
172      098    (4)    5 :  0.034 0.047 0.248 0.013 0.369 0.289 
173      107    (4)    5 :  0.015 0.018 0.334 0.021 0.010 0.603 
174      116    (0)    5 :  0.045 0.014 0.351 0.026 0.010 0.555 
175      118    (2)    5 :  0.106 0.037 0.466 0.007 0.041 0.343 
176      124    (0)    5 :  0.108 0.016 0.206 0.330 0.109 0.231 
177      131    (2)    5 :  0.039 0.007 0.073 0.014 0.810 0.057 
178      151    (0)    5 :  0.028 0.025 0.413 0.018 0.021 0.496 
179      179    (0)    5 :  0.044 0.035 0.426 0.016 0.086 0.393 
180      180    (0)    5 :  0.083 0.259 0.284 0.019 0.038 0.317 
181      181    (0)    5 :  0.156 0.071 0.470 0.006 0.030 0.267 
182      182    (2)    5 :  0.066 0.197 0.214 0.019 0.267 0.237 
183      183    (0)    5 :  0.073 0.022 0.323 0.014 0.013 0.554 
184      184    (2)    5 :  0.077 0.019 0.343 0.022 0.011 0.530 
185      185    (0)    5 :  0.019 0.020 0.188 0.360 0.146 0.267 
186      198    (0)    5 :  0.227 0.284 0.233 0.028 0.018 0.211 
187      212    (2)    5 :  0.498 0.031 0.224 0.006 0.039 0.203 
188      354    (0)    5 :  0.106 0.287 0.101 0.012 0.415 0.079 
189      370    (0)    5 :  0.247 0.010 0.365 0.004 0.010 0.364 
190      371    (0)    5 :  0.024 0.012 0.287 0.009 0.234 0.434 
191      372    (0)    5 :  0.039 0.018 0.477 0.008 0.041 0.417 
192      373    (0)    5 :  0.057 0.040 0.563 0.011 0.013 0.317 
193      374    (0)    5 :  0.041 0.012 0.452 0.061 0.027 0.407 
194      375    (0)    5 :  0.022 0.027 0.492 0.116 0.031 0.312 
195      376    (0)    5 :  0.022 0.056 0.314 0.057 0.096 0.455 
196      377    (0)    5 :  0.046 0.008 0.058 0.015 0.819 0.054 
197      378    (0)    5 :  0.258 0.044 0.187 0.359 0.029 0.123 
198      379    (0)    5 :  0.037 0.033 0.392 0.017 0.033 0.489 
199      380    (0)    5 :  0.211 0.021 0.297 0.014 0.235 0.223 
200      381    (0)    5 :  0.026 0.038 0.557 0.034 0.022 0.323 
201      382    (0)    5 :  0.015 0.010 0.542 0.028 0.032 0.373 
202      383    (0)    5 :  0.381 0.014 0.337 0.020 0.013 0.235 
203      384    (0)    5 :  0.487 0.015 0.246 0.022 0.012 0.219 
204      385    (0)    5 :  0.070 0.011 0.494 0.014 0.010 0.401 
205      386    (0)    5 :  0.014 0.022 0.344 0.022 0.049 0.549 
206      387    (0)    5 :  0.033 0.034 0.565 0.017 0.008 0.343 
207      388    (0)    5 :  0.019 0.509 0.131 0.032 0.150 0.160 
208      389    (0)    5 :  0.013 0.029 0.460 0.023 0.010 0.465 
209      396    (0)    5 :  0.066 0.017 0.412 0.030 0.055 0.420 
210      404    (0)    5 :  0.016 0.018 0.404 0.101 0.024 0.436 
211      437    (0)    5 :  0.173 0.028 0.452 0.006 0.062 0.280 
212      438    (0)    5 :  0.134 0.062 0.486 0.006 0.025 0.286 
213      439    (0)    5 :  0.044 0.078 0.470 0.035 0.023 0.350 
214      426    (0)    6 :  0.024 0.046 0.349 0.010 0.029 0.541 
215      427    (0)    6 :  0.936 0.010 0.014 0.017 0.009 0.014 
216      432    (0)    6 :  0.123 0.021 0.389 0.014 0.022 0.430 
217      433    (2)    6 :  0.140 0.014 0.358 0.009 0.014 0.465 
218      434    (0)    6 :  0.057 0.094 0.396 0.023 0.039 0.390 


Estimated Allele Frequencies in each cluster
First column gives estimated ancestral frequencies


Locus 1 : 1 
4 alleles
0.0% missing data
  89   (0.564) 0.590 0.538 0.556 0.841 0.502 0.541 
  91   (0.361) 0.312 0.387 0.377 0.137 0.484 0.399 
  93   (0.055) 0.088 0.050 0.051 0.020 0.010 0.048 
  99   (0.020) 0.010 0.024 0.016 0.002 0.004 0.011 

Locus 2 : 2 
6 alleles
2.3% missing data
 136   (0.348) 0.277 0.047 0.380 0.397 0.345 0.405 
 140   (0.067) 0.028 0.043 0.068 0.010 0.122 0.070 
 132   (0.035) 0.019 0.004 0.032 0.004 0.006 0.027 
 138   (0.295) 0.315 0.467 0.276 0.450 0.392 0.261 
 134   (0.229) 0.340 0.286 0.222 0.132 0.118 0.218 
 142   (0.027) 0.022 0.152 0.021 0.007 0.017 0.019 

Locus 3 : 3 
6 alleles
0.0% missing data
 187   (0.314) 0.359 0.151 0.334 0.295 0.280 0.358 
 175   (0.069) 0.029 0.149 0.063 0.016 0.147 0.060 
 181   (0.248) 0.241 0.417 0.237 0.266 0.080 0.221 
 179   (0.243) 0.230 0.179 0.245 0.390 0.424 0.248 
 185   (0.093) 0.120 0.093 0.090 0.025 0.061 0.089 
 191   (0.034) 0.021 0.011 0.030 0.007 0.007 0.024 

Locus 4 : 4 
9 alleles
0.5% missing data
 253   (0.509) 0.400 0.607 0.537 0.174 0.495 0.557 
 245   (0.009) 0.002 0.001 0.007 0.001 0.001 0.005 
 269   (0.161) 0.158 0.210 0.148 0.504 0.273 0.141 
 247   (0.085) 0.062 0.060 0.087 0.025 0.022 0.089 
 249   (0.023) 0.009 0.002 0.021 0.003 0.003 0.019 
 241   (0.151) 0.250 0.113 0.144 0.285 0.183 0.142 
 271   (0.034) 0.113 0.004 0.029 0.005 0.016 0.023 
 239   (0.016) 0.004 0.002 0.015 0.002 0.003 0.013 
 273   (0.012) 0.003 0.001 0.011 0.002 0.004 0.011 

Locus 5 : 5 
6 alleles
0.5% missing data
 103   (0.822) 0.944 0.961 0.809 0.972 0.912 0.796 
 105   (0.057) 0.017 0.012 0.067 0.010 0.027 0.079 
 102   (0.023) 0.005 0.002 0.022 0.005 0.009 0.021 
 104   (0.072) 0.026 0.022 0.081 0.010 0.033 0.089 
 107   (0.017) 0.005 0.002 0.015 0.002 0.004 0.011 
 101   (0.009) 0.002 0.001 0.006 0.001 0.015 0.004 

Locus 6 : 6 
5 alleles
0.0% missing data
 145   (0.449) 0.260 0.547 0.464 0.681 0.575 0.485 
 135   (0.220) 0.196 0.199 0.222 0.061 0.107 0.218 
 141   (0.257) 0.515 0.245 0.233 0.242 0.300 0.210 
 147   (0.062) 0.026 0.007 0.070 0.014 0.016 0.075 
 137   (0.012) 0.003 0.002 0.011 0.002 0.002 0.012 

Locus 7 : 7 
10 alleles
1.8% missing data
  97   (0.173) 0.268 0.133 0.165 0.378 0.032 0.153 
 103   (0.301) 0.221 0.377 0.325 0.065 0.421 0.356 
  93   (0.204) 0.275 0.320 0.193 0.345 0.256 0.185 
  85   (0.049) 0.012 0.013 0.049 0.156 0.009 0.046 
  89   (0.074) 0.125 0.066 0.067 0.013 0.230 0.063 
  91   (0.071) 0.047 0.036 0.076 0.013 0.013 0.081 
  83   (0.094) 0.034 0.052 0.097 0.025 0.035 0.091 
 105   (0.016) 0.013 0.002 0.013 0.002 0.003 0.011 
 101   (0.009) 0.002 0.001 0.008 0.001 0.001 0.008 
  99   (0.009) 0.003 0.001 0.007 0.001 0.001 0.005 

Locus 8 : 8 
8 alleles
0.0% missing data
 129   (0.542) 0.580 0.686 0.554 0.916 0.580 0.573 
 143   (0.264) 0.267 0.216 0.268 0.054 0.170 0.262 
 141   (0.045) 0.015 0.017 0.046 0.006 0.022 0.047 
 133   (0.026) 0.021 0.004 0.024 0.003 0.008 0.023 
 127   (0.019) 0.005 0.002 0.018 0.002 0.003 0.017 
 149   (0.082) 0.106 0.067 0.073 0.016 0.215 0.064 
 145   (0.009) 0.003 0.001 0.007 0.001 0.001 0.006 
 131   (0.013) 0.003 0.007 0.010 0.003 0.002 0.007 

Locus 9 : 9 
4 alleles
0.0% missing data
 189   (0.481) 0.507 0.348 0.493 0.107 0.810 0.509 
 191   (0.388) 0.358 0.311 0.387 0.630 0.149 0.379 
 195   (0.122) 0.133 0.339 0.113 0.262 0.039 0.107 
 197   (0.009) 0.002 0.001 0.007 0.001 0.002 0.006 

Locus 10 : 10 
7 alleles
0.5% missing data
 238   (0.557) 0.649 0.730 0.542 0.546 0.889 0.528 
 250   (0.016) 0.004 0.002 0.015 0.002 0.002 0.015 
 232   (0.258) 0.204 0.202 0.277 0.152 0.072 0.294 
 254   (0.038) 0.022 0.004 0.038 0.005 0.006 0.039 
 252   (0.099) 0.073 0.060 0.100 0.291 0.025 0.102 
 236   (0.009) 0.003 0.001 0.007 0.001 0.001 0.006 
 248   (0.024) 0.045 0.002 0.020 0.003 0.003 0.016 

Locus 11 : 11 
4 alleles
0.5% missing data
  87   (0.706) 0.797 0.861 0.701 0.669 0.718 0.697 
  89   (0.234) 0.140 0.127 0.241 0.113 0.270 0.243 
  91   (0.042) 0.030 0.010 0.044 0.217 0.010 0.047 
  85   (0.017) 0.032 0.002 0.015 0.002 0.003 0.013 

Locus 12 : 12 
13 alleles
0.5% missing data
 158   (0.227) 0.105 0.264 0.254 0.048 0.077 0.275 
 160   (0.206) 0.221 0.313 0.205 0.374 0.140 0.205 
 154   (0.024) 0.034 0.002 0.021 0.004 0.038 0.019 
 162   (0.229) 0.302 0.239 0.234 0.260 0.353 0.240 
 170   (0.059) 0.088 0.026 0.058 0.010 0.034 0.057 
 147   (0.040) 0.059 0.024 0.034 0.016 0.049 0.030 
 149   (0.031) 0.079 0.048 0.022 0.108 0.005 0.016 
 161   (0.106) 0.056 0.064 0.107 0.168 0.238 0.105 
 143   (0.034) 0.045 0.005 0.032 0.005 0.009 0.026 
 153   (0.016) 0.005 0.002 0.014 0.003 0.003 0.011 
 150   (0.009) 0.002 0.009 0.006 0.002 0.001 0.004 
 159   (0.010) 0.002 0.003 0.007 0.001 0.051 0.005 
 164   (0.009) 0.002 0.001 0.007 0.001 0.001 0.005 

Locus 13 : 13 
5 alleles
0.0% missing data
 108   (0.193) 0.073 0.106 0.224 0.046 0.164 0.259 
 113   (0.339) 0.358 0.381 0.329 0.345 0.257 0.314 
 115   (0.446) 0.564 0.511 0.429 0.606 0.577 0.413 
 109   (0.012) 0.003 0.001 0.011 0.001 0.002 0.010 
 110   (0.009) 0.002 0.001 0.007 0.001 0.001 0.005 

Locus 14 : 14 
5 alleles
1.4% missing data
 229   (0.539) 0.519 0.508 0.559 0.390 0.564 0.581 
 231   (0.127) 0.173 0.015 0.140 0.270 0.024 0.154 
 233   (0.046) 0.030 0.059 0.041 0.010 0.009 0.034 
 227   (0.143) 0.141 0.350 0.125 0.284 0.215 0.108 
 225   (0.144) 0.137 0.068 0.135 0.047 0.188 0.123 

Locus 15 : 15 
4 alleles
0.5% missing data
 143   (0.830) 0.917 0.878 0.830 0.707 0.957 0.824 
 145   (0.092) 0.053 0.070 0.092 0.165 0.021 0.092 
 147   (0.062) 0.026 0.051 0.061 0.126 0.019 0.063 
 133   (0.015) 0.004 0.002 0.018 0.003 0.003 0.022 

Locus 16 : 16 
5 alleles
0.0% missing data
 160   (0.113) 0.258 0.090 0.103 0.019 0.119 0.093 
 158   (0.579) 0.534 0.635 0.564 0.667 0.535 0.540 
 156   (0.215) 0.085 0.253 0.241 0.293 0.278 0.271 
 154   (0.081) 0.120 0.015 0.084 0.020 0.021 0.090 
 152   (0.013) 0.003 0.007 0.008 0.001 0.047 0.006 

Locus 17 : 17 
5 alleles
0.0% missing data
  88   (0.077) 0.174 0.009 0.075 0.011 0.016 0.072 
  90   (0.658) 0.640 0.846 0.667 0.943 0.455 0.683 
 102   (0.203) 0.160 0.130 0.187 0.034 0.513 0.162 
 100   (0.053) 0.024 0.009 0.064 0.011 0.011 0.078 
 104   (0.009) 0.002 0.005 0.006 0.001 0.005 0.005 

Locus 18 : 18 
7 alleles
0.0% missing data
 127   (0.311) 0.185 0.365 0.320 0.546 0.292 0.330 
 140   (0.293) 0.276 0.213 0.308 0.358 0.166 0.326 
 148   (0.073) 0.246 0.051 0.063 0.015 0.049 0.055 
 150   (0.062) 0.063 0.211 0.056 0.011 0.019 0.050 
 142   (0.143) 0.148 0.097 0.146 0.051 0.045 0.146 
 138   (0.051) 0.020 0.042 0.046 0.008 0.080 0.041 
 146   (0.067) 0.062 0.022 0.060 0.010 0.349 0.052 

Locus 19 : 19 
7 alleles
0.0% missing data
 188   (0.201) 0.146 0.176 0.204 0.416 0.058 0.203 
 194   (0.560) 0.530 0.564 0.580 0.201 0.598 0.595 
 190   (0.094) 0.129 0.179 0.084 0.358 0.103 0.079 
 200   (0.112) 0.188 0.079 0.103 0.020 0.235 0.094 
 192   (0.009) 0.002 0.001 0.007 0.001 0.001 0.007 
 202   (0.015) 0.004 0.001 0.015 0.002 0.003 0.016 
 196   (0.009) 0.002 0.001 0.007 0.002 0.001 0.006 

Locus 20 : 20 
6 alleles
0.9% missing data
 252   (0.723) 0.768 0.731 0.734 0.770 0.918 0.742 
 246   (0.092) 0.093 0.051 0.092 0.179 0.018 0.093 
 250   (0.064) 0.090 0.081 0.058 0.013 0.021 0.055 
 254   (0.066) 0.032 0.111 0.062 0.029 0.033 0.058 
 248   (0.031) 0.011 0.003 0.033 0.004 0.006 0.033 
 244   (0.025) 0.006 0.023 0.021 0.004 0.004 0.019 

Locus 21 : 21 
7 alleles
0.5% missing data
 159   (0.027) 0.104 0.003 0.023 0.003 0.005 0.021 
 173   (0.270) 0.179 0.584 0.253 0.552 0.467 0.231 
 175   (0.151) 0.047 0.083 0.154 0.058 0.141 0.150 
 177   (0.282) 0.315 0.216 0.289 0.337 0.186 0.307 
 167   (0.185) 0.222 0.096 0.197 0.039 0.183 0.208 
 165   (0.040) 0.114 0.004 0.038 0.005 0.007 0.037 
 163   (0.044) 0.019 0.014 0.046 0.006 0.011 0.045 

Locus 22 : 22 
10 alleles
1.8% missing data
 146   (0.235) 0.219 0.321 0.226 0.066 0.412 0.213 
 158   (0.087) 0.114 0.016 0.095 0.022 0.024 0.102 
 152   (0.403) 0.448 0.586 0.416 0.675 0.456 0.438 
 162   (0.062) 0.057 0.013 0.065 0.010 0.064 0.069 
 166   (0.107) 0.092 0.022 0.104 0.204 0.022 0.093 
 156   (0.018) 0.006 0.021 0.014 0.002 0.003 0.011 
 164   (0.025) 0.018 0.003 0.025 0.005 0.006 0.025 
 150   (0.032) 0.034 0.005 0.029 0.006 0.008 0.027 
 142   (0.022) 0.009 0.012 0.019 0.007 0.004 0.016 
 148   (0.009) 0.002 0.001 0.007 0.001 0.001 0.005 

Locus 23 : 23 
7 alleles
0.9% missing data
 154   (0.574) 0.659 0.559 0.576 0.200 0.625 0.567 
 156   (0.121) 0.097 0.017 0.144 0.244 0.037 0.171 
 158   (0.030) 0.041 0.003 0.028 0.004 0.005 0.027 
 160   (0.100) 0.117 0.109 0.089 0.219 0.119 0.085 
 144   (0.154) 0.082 0.309 0.145 0.329 0.210 0.137 
 152   (0.009) 0.002 0.001 0.007 0.001 0.002 0.005 
 146   (0.012) 0.003 0.001 0.011 0.002 0.002 0.008 

Locus 24 : 24 
4 alleles
0.9% missing data
  81   (0.394) 0.471 0.403 0.394 0.086 0.443 0.391 
  83   (0.441) 0.459 0.422 0.441 0.850 0.274 0.444 
  85   (0.095) 0.034 0.125 0.103 0.030 0.040 0.111 
  77   (0.070) 0.035 0.050 0.062 0.034 0.242 0.054 

Locus 25 : 25 
6 alleles
0.5% missing data
 124   (0.533) 0.610 0.531 0.540 0.794 0.521 0.548 
 132   (0.304) 0.314 0.358 0.307 0.061 0.404 0.316 
 122   (0.108) 0.053 0.105 0.102 0.134 0.063 0.093 
 120   (0.018) 0.006 0.002 0.018 0.002 0.004 0.019 
 136   (0.017) 0.007 0.002 0.014 0.002 0.005 0.011 
 126   (0.020) 0.010 0.002 0.018 0.008 0.003 0.013 

Locus 26 : 26 
7 alleles
0.5% missing data
 183   (0.318) 0.351 0.318 0.326 0.640 0.298 0.343 
 165   (0.240) 0.206 0.340 0.244 0.069 0.113 0.246 
 175   (0.267) 0.267 0.311 0.262 0.261 0.219 0.253 
 181   (0.073) 0.022 0.008 0.081 0.015 0.085 0.085 
 179   (0.082) 0.151 0.021 0.072 0.012 0.283 0.062 
 185   (0.009) 0.002 0.001 0.007 0.001 0.001 0.006 
 157   (0.009) 0.002 0.001 0.007 0.001 0.001 0.005 

Locus 27 : 27 
4 alleles
0.5% missing data
 142   (0.653) 0.696 0.830 0.654 0.302 0.602 0.658 
 148   (0.194) 0.148 0.047 0.210 0.482 0.071 0.220 
 150   (0.117) 0.143 0.078 0.108 0.037 0.319 0.100 
 138   (0.036) 0.014 0.045 0.029 0.179 0.008 0.023 

Locus 28 : 28 
6 alleles
0.5% missing data
 262   (0.478) 0.442 0.313 0.506 0.880 0.484 0.532 
 260   (0.391) 0.403 0.599 0.377 0.090 0.466 0.361 
 256   (0.083) 0.132 0.053 0.079 0.021 0.035 0.075 
 258   (0.016) 0.015 0.002 0.013 0.003 0.002 0.010 
 266   (0.009) 0.002 0.008 0.006 0.001 0.002 0.004 
 264   (0.023) 0.006 0.026 0.019 0.005 0.011 0.017 

Locus 29 : 29 
6 alleles
0.0% missing data
 146   (0.278) 0.228 0.211 0.290 0.572 0.216 0.307 
 150   (0.455) 0.421 0.536 0.465 0.374 0.543 0.468 
 140   (0.175) 0.207 0.161 0.167 0.040 0.183 0.154 
 148   (0.051) 0.074 0.035 0.046 0.009 0.048 0.045 
 152   (0.032) 0.061 0.057 0.026 0.004 0.005 0.022 
 151   (0.009) 0.008 0.001 0.006 0.001 0.004 0.005 

Locus 30 : 30 
6 alleles
0.0% missing data
 129   (0.388) 0.466 0.597 0.378 0.584 0.552 0.376 
 131   (0.052) 0.026 0.019 0.051 0.008 0.039 0.050 
 123   (0.164) 0.075 0.274 0.156 0.069 0.223 0.146 
 127   (0.087) 0.206 0.049 0.082 0.013 0.034 0.080 
 125   (0.296) 0.223 0.059 0.321 0.324 0.149 0.339 
 121   (0.013) 0.003 0.002 0.011 0.001 0.002 0.009 

Locus 31 : 31 
5 alleles
0.5% missing data
 155   (0.546) 0.552 0.529 0.565 0.372 0.195 0.577 
 159   (0.185) 0.162 0.256 0.173 0.292 0.343 0.162 
 157   (0.177) 0.238 0.178 0.174 0.032 0.432 0.176 
 151   (0.031) 0.011 0.003 0.032 0.006 0.007 0.032 
 153   (0.062) 0.037 0.034 0.057 0.298 0.024 0.053 

Locus 32 : 32 
5 alleles
0.0% missing data
 150   (0.555) 0.410 0.620 0.561 0.362 0.708 0.561 
 148   (0.029) 0.208 0.005 0.022 0.005 0.012 0.017 
 146   (0.354) 0.351 0.324 0.363 0.481 0.230 0.373 
 154   (0.046) 0.014 0.006 0.043 0.149 0.047 0.040 
 152   (0.016) 0.017 0.044 0.011 0.002 0.003 0.008 

Locus 33 : 33 
6 alleles
0.0% missing data
 180   (0.468) 0.482 0.359 0.470 0.379 0.284 0.466 
 196   (0.117) 0.044 0.114 0.108 0.393 0.105 0.097 
 184   (0.178) 0.124 0.394 0.193 0.041 0.050 0.213 
 190   (0.018) 0.004 0.006 0.014 0.003 0.100 0.010 
 192   (0.158) 0.316 0.119 0.144 0.173 0.441 0.135 
 198   (0.061) 0.031 0.008 0.071 0.011 0.021 0.080 

Locus 34 : 34 
6 alleles
0.0% missing data
 112   (0.369) 0.480 0.420 0.371 0.325 0.246 0.369 
  90   (0.039) 0.072 0.006 0.036 0.008 0.012 0.035 
 108   (0.168) 0.113 0.114 0.170 0.035 0.078 0.170 
 110   (0.154) 0.168 0.064 0.155 0.026 0.297 0.156 
 106   (0.260) 0.159 0.395 0.262 0.605 0.365 0.266 
  96   (0.009) 0.008 0.001 0.006 0.002 0.001 0.005 

Locus 35 : 35 
9 alleles
0.0% missing data
 170   (0.233) 0.170 0.181 0.249 0.515 0.123 0.266 
 172   (0.309) 0.341 0.451 0.309 0.332 0.336 0.315 
 176   (0.089) 0.074 0.010 0.090 0.025 0.081 0.087 
 168   (0.068) 0.053 0.021 0.073 0.014 0.017 0.079 
 174   (0.181) 0.188 0.121 0.178 0.082 0.400 0.171 
 166   (0.053) 0.032 0.142 0.046 0.022 0.016 0.038 
 186   (0.021) 0.008 0.050 0.016 0.003 0.020 0.012 
 178   (0.037) 0.133 0.022 0.032 0.006 0.007 0.026 
 158   (0.009) 0.002 0.001 0.007 0.001 0.001 0.005 

Locus 36 : 36 
6 alleles
0.0% missing data
  89   (0.569) 0.654 0.634 0.570 0.512 0.751 0.574 
  83   (0.125) 0.057 0.132 0.133 0.021 0.112 0.142 
  81   (0.077) 0.052 0.019 0.082 0.109 0.033 0.087 
  95   (0.060) 0.023 0.083 0.054 0.015 0.037 0.047 
  85   (0.149) 0.208 0.126 0.144 0.328 0.065 0.138 
  91   (0.020) 0.006 0.006 0.017 0.014 0.003 0.012 

Locus 37 : 37 
10 alleles
0.0% missing data
 161   (0.336) 0.325 0.261 0.361 0.309 0.339 0.387 
 165   (0.233) 0.129 0.284 0.238 0.426 0.083 0.238 
 168   (0.016) 0.006 0.002 0.014 0.002 0.002 0.011 
 173   (0.240) 0.357 0.241 0.229 0.185 0.431 0.217 
 155   (0.018) 0.079 0.002 0.014 0.002 0.003 0.012 
 169   (0.106) 0.083 0.144 0.105 0.070 0.088 0.105 
 167   (0.020) 0.011 0.002 0.016 0.002 0.048 0.013 
 159   (0.013) 0.005 0.004 0.010 0.001 0.003 0.007 
 177   (0.009) 0.003 0.001 0.007 0.001 0.003 0.005 
 175   (0.010) 0.002 0.059 0.006 0.001 0.001 0.005 

Locus 38 : 38 
5 alleles
0.0% missing data
  85   (0.171) 0.156 0.212 0.164 0.498 0.168 0.160 
  91   (0.158) 0.183 0.053 0.165 0.038 0.235 0.176 
  87   (0.078) 0.038 0.019 0.079 0.031 0.158 0.080 
  89   (0.484) 0.357 0.655 0.488 0.414 0.411 0.486 
  81   (0.108) 0.267 0.060 0.104 0.019 0.029 0.099 

Locus 39 : 39 
4 alleles
0.9% missing data
 161   (0.187) 0.194 0.166 0.188 0.218 0.077 0.192 
 167   (0.771) 0.789 0.751 0.776 0.776 0.907 0.776 
 165   (0.034) 0.015 0.082 0.030 0.004 0.014 0.027 
 177   (0.009) 0.002 0.001 0.007 0.002 0.002 0.006 

Locus 40 : 40 
6 alleles
0.5% missing data
 240   (0.140) 0.084 0.141 0.139 0.140 0.163 0.140 
 228   (0.387) 0.517 0.527 0.379 0.435 0.415 0.370 
 238   (0.352) 0.217 0.292 0.369 0.390 0.370 0.382 
 236   (0.092) 0.120 0.038 0.090 0.017 0.046 0.085 
 232   (0.014) 0.003 0.001 0.014 0.016 0.003 0.015 
 224   (0.015) 0.060 0.001 0.011 0.002 0.003 0.008 

Locus 41 : 41 
7 alleles
0.0% missing data
 130   (0.507) 0.622 0.379 0.522 0.520 0.474 0.534 
 132   (0.114) 0.040 0.246 0.120 0.164 0.080 0.130 
 134   (0.131) 0.109 0.061 0.131 0.031 0.106 0.128 
 128   (0.126) 0.147 0.230 0.113 0.264 0.130 0.103 
 118   (0.065) 0.024 0.079 0.059 0.014 0.201 0.053 
 114   (0.048) 0.056 0.005 0.048 0.007 0.009 0.046 
 136   (0.009) 0.002 0.001 0.007 0.001 0.001 0.005 

Locus 42 : 42 
5 alleles
1.8% missing data
 104   (0.450) 0.563 0.525 0.447 0.368 0.314 0.441 
 102   (0.259) 0.145 0.329 0.254 0.185 0.466 0.249 
  96   (0.066) 0.084 0.019 0.070 0.017 0.016 0.076 
  92   (0.113) 0.049 0.053 0.126 0.026 0.129 0.139 
  98   (0.112) 0.159 0.074 0.102 0.405 0.075 0.095 

Locus 43 : 43 
6 alleles
2.8% missing data
  99   (0.150) 0.191 0.085 0.171 0.041 0.050 0.196 
  95   (0.203) 0.112 0.191 0.203 0.269 0.302 0.206 
 101   (0.311) 0.245 0.205 0.314 0.630 0.386 0.315 
 103   (0.306) 0.441 0.516 0.285 0.056 0.258 0.260 
  97   (0.020) 0.009 0.002 0.019 0.002 0.003 0.018 
  91   (0.010) 0.002 0.001 0.008 0.001 0.001 0.006 

Locus 44 : 44 
6 alleles
0.0% missing data
 191   (0.276) 0.483 0.157 0.287 0.065 0.282 0.308 
 181   (0.559) 0.421 0.705 0.564 0.912 0.627 0.569 
 183   (0.013) 0.004 0.002 0.011 0.003 0.002 0.009 
 179   (0.058) 0.048 0.006 0.053 0.008 0.049 0.044 
 177   (0.084) 0.040 0.071 0.078 0.011 0.038 0.066 
 193   (0.011) 0.002 0.059 0.007 0.001 0.001 0.005 

Locus 45 : 45 
6 alleles
1.8% missing data
 205   (0.483) 0.566 0.616 0.493 0.302 0.290 0.504 
 211   (0.218) 0.278 0.088 0.224 0.502 0.202 0.234 
 201   (0.055) 0.021 0.017 0.057 0.014 0.283 0.061 
 207   (0.148) 0.087 0.224 0.135 0.153 0.178 0.118 
 215   (0.083) 0.042 0.052 0.080 0.027 0.045 0.071 
 202   (0.013) 0.005 0.003 0.011 0.002 0.002 0.011 

Locus 46 : 46 
10 alleles
0.9% missing data
 158   (0.134) 0.140 0.027 0.148 0.029 0.257 0.162 
 164   (0.058) 0.017 0.010 0.071 0.080 0.040 0.087 
 168   (0.142) 0.113 0.027 0.149 0.083 0.066 0.152 
 142   (0.369) 0.552 0.548 0.355 0.569 0.405 0.346 
 156   (0.032) 0.014 0.011 0.029 0.004 0.018 0.025 
 144   (0.063) 0.034 0.020 0.060 0.201 0.063 0.057 
 166   (0.117) 0.103 0.303 0.107 0.017 0.123 0.096 
 170   (0.018) 0.004 0.002 0.019 0.003 0.003 0.020 
 162   (0.059) 0.020 0.051 0.056 0.013 0.024 0.049 
 160   (0.009) 0.003 0.001 0.007 0.002 0.001 0.005 

Locus 47 : 47 
6 alleles
8.3% missing data
 145   (0.222) 0.251 0.049 0.227 0.446 0.222 0.228 
 153   (0.188) 0.172 0.350 0.189 0.241 0.239 0.194 
 149   (0.369) 0.323 0.458 0.366 0.105 0.339 0.358 
 151   (0.173) 0.226 0.139 0.169 0.198 0.185 0.169 
 143   (0.019) 0.005 0.002 0.020 0.002 0.004 0.022 
 147   (0.029) 0.023 0.003 0.029 0.008 0.011 0.029 

Values of parameters used in structure:
DATAFILE=w2.str,	OUTFILE=k6/w2_k6_run5,	NUMINDS=218,	NUMLOCI=47,	MISSING=-9,	LABEL=1,	POPDATA=1,	POPFLAG=0,	PHENOTYPE=0,	EXTRACOLS=0,	MAXPOPS=6,	BURNIN=500000,	NUMREPS=750000,	USEPOPINFO=0,	INFERALPHA=1,	INFERLAMBDA=0,	POPSPECIFICLAMBDA=0,	POPALPHAS=0,	COMPUTEPROB=1,	NOADMIX=0,	ADMBURNIN=500,	UPDATEFREQ=100,	PRINTLIKES=0,	INTERMEDSAVE=0,	PRINTKLD=0,	PRINTNET=1,	PRINTLAMBDA=1,	ANCESTDIST=0,	NUMBOXES=1000,	ANCESTPINT=0.90000,	GENSBACK=2,	MIGRPRIOR=0.01000,	PRINTQHAT=0,	PRINTQSUM=1,	ALPHA=1.0000,	FREQSCORR=1,	FPRIORMEAN=0.0100,	FPRIORSD=0.0500,	ONEFST=0,	LAMBDA=1.0000,	UNIFPRIORALPHA=1,	ALPHAMAX=10.0000,	ALPHAPRIORA=1.0000,	ALPHAPRIORB=2.0000,	ALPHAPROPSD=0.0250,	STARTATPOPINFO=0,	RANDOMIZE=0,	LINKAGE=0,	METROFREQ=10,	REPORTHITRATE=0,	MARKOVPHASE=0,	PHASED=1,	PLOIDY=2,	PHASEINFO=0	LOCPRIOR=0, 	LOCPRIORINIT=1.000000, 	LOCDATA=0, 	LOCISPOP=1, 	LOCPRIORSTEP=0.100000, 	MAXLOCPRIOR=20.000000, 	SEED=642159,	
[STRAT parameters]:    NUMSIMSTATS=1000,	PHENOTYPECOL=-9,	POOLFREQ=10,	LOCUSxONLY=0,	EMERROR=0.00100,	MISSINGPHENO=-9,	