

----------------------------------------------------
STRUCTURE by Pritchard, Stephens and Donnelly (2000)
     and Falush, Stephens and Pritchard (2003)
       Code by Pritchard, Falush and Hubisz
             Version 2.3.4 (Jul 2012)
----------------------------------------------------



Command line arguments:   structure -D 352640 -K 4 -m mainparams -o k4/w2_k4_run8 
Input File:    w2.str

Run parameters:
   206 individuals
   47 loci
   4 populations assumed
   500000 Burn-in period
   750000 Reps
RANDOMIZE turned off


--------------------------------------------
Proportion of membership of each pre-defined
 population in each of the 4 clusters

Given    Inferred Clusters              Number of
 Pop       1      2      3      4      Individuals

  1:     0.165  0.119  0.351  0.365       26
  2:     0.228  0.238  0.254  0.281       74
  3:     0.245  0.402  0.183  0.171       35
  4:     0.217  0.517  0.139  0.127       24
  5:     0.148  0.135  0.394  0.323       43
  6:     0.147  0.118  0.333  0.402        4
--------------------------------------------

Allele-freq. divergence among pops (Net nucleotide distance),
computed using point estimates of P.

      1       2       3       4      
 1      -    0.0399  0.0212  0.0356  
 2   0.0399     -    0.0282  0.0418  
 3   0.0212  0.0282     -    0.0072  
 4   0.0356  0.0418  0.0072     -    

Average distances (expected heterozygosity) between individuals in same cluster:
cluster  1  : 0.5820 
cluster  2  : 0.5519 
cluster  3  : 0.6624 
cluster  4  : 0.6212 

--------------------------------------------
Estimated Ln Prob of Data   = -23712.6
Mean value of ln likelihood = -23161.9
Variance of ln likelihood   = 1101.4
Mean value of alpha         = 0.4362

Mean value of Fst_1         = 0.1300
Mean value of Fst_2         = 0.1495
Mean value of Fst_3         = 0.0000
Mean value of Fst_4         = 0.0585


Inferred ancestry of individuals:
        Label (%Miss) Pop:  Inferred clusters
  1      010    (0)    1 :  0.127 0.050 0.351 0.472 
  2      024    (0)    1 :  0.079 0.135 0.652 0.134 
  3      051    (0)    1 :  0.110 0.054 0.260 0.576 
  4      090    (0)    1 :  0.155 0.102 0.439 0.304 
  5      102    (0)    1 :  0.267 0.266 0.311 0.156 
  6      111    (0)    1 :  0.099 0.107 0.231 0.563 
  7      113    (0)    1 :  0.140 0.189 0.164 0.507 
  8      138    (0)    1 :  0.074 0.123 0.267 0.536 
  9      150    (0)    1 :  0.335 0.367 0.159 0.139 
 10      173    (2)    1 :  0.190 0.128 0.454 0.228 
 11      174    (2)    1 :  0.045 0.044 0.116 0.794 
 12      175    (0)    1 :  0.116 0.047 0.604 0.233 
 13      176    (0)    1 :  0.107 0.092 0.497 0.304 
 14      177    (0)    1 :  0.046 0.177 0.303 0.474 
 15      180    (0)    1 :  0.077 0.051 0.200 0.672 
 16      184    (0)    1 :  0.375 0.099 0.227 0.300 
 17      195    (0)    1 :  0.168 0.098 0.457 0.276 
 18      198    (0)    1 :  0.070 0.074 0.229 0.628 
 19      203    (0)    1 :  0.272 0.072 0.432 0.225 
 20      211    (0)    1 :  0.071 0.206 0.443 0.281 
 21      220    (0)    1 :  0.392 0.153 0.242 0.214 
 22      233    (0)    1 :  0.125 0.227 0.505 0.143 
 23      331    (0)    1 :  0.155 0.069 0.440 0.336 
 24      349    (0)    1 :  0.442 0.056 0.353 0.149 
 25      410    (0)    1 :  0.071 0.044 0.489 0.395 
 26      417    (2)    1 :  0.186 0.052 0.299 0.463 
 27      421    (0)    2 :  0.121 0.750 0.060 0.069 
 28      423    (0)    2 :  0.298 0.038 0.489 0.175 
 29      424    (0)    2 :  0.087 0.092 0.304 0.516 
 30      433    (0)    2 :  0.164 0.333 0.187 0.316 
 31      462    (0)    2 :  0.205 0.244 0.210 0.341 
 32      463    (0)    2 :  0.319 0.045 0.271 0.364 
 33      467    (0)    2 :  0.212 0.631 0.081 0.077 
 34      468    (0)    2 :  0.831 0.085 0.046 0.038 
 35      469    (0)    2 :  0.139 0.424 0.296 0.141 
 36      472    (0)    2 :  0.139 0.089 0.508 0.263 
 37      473    (0)    2 :  0.664 0.064 0.172 0.100 
 38      474    (0)    2 :  0.820 0.106 0.033 0.040 
 39      475    (0)    2 :  0.339 0.274 0.163 0.224 
 40      476    (2)    2 :  0.781 0.122 0.053 0.044 
 41      477    (0)    2 :  0.213 0.097 0.578 0.112 
 42      478    (0)    2 :  0.059 0.358 0.453 0.130 
 43      479    (0)    2 :  0.337 0.276 0.136 0.251 
 44      480    (0)    2 :  0.176 0.685 0.062 0.077 
 45      481    (0)    2 :  0.268 0.101 0.386 0.244 
 46      482    (0)    2 :  0.055 0.311 0.190 0.444 
 47      489    (0)    2 :  0.193 0.149 0.326 0.332 
 48      490    (0)    2 :  0.059 0.111 0.073 0.758 
 49      491    (0)    2 :  0.198 0.124 0.449 0.230 
 50      492    (0)    2 :  0.739 0.096 0.085 0.080 
 51      493    (0)    2 :  0.456 0.217 0.206 0.122 
 52      494    (0)    2 :  0.132 0.247 0.169 0.452 
 53      498    (0)    2 :  0.356 0.063 0.318 0.263 
 54      499    (0)    2 :  0.203 0.086 0.292 0.420 
 55      709    (0)    2 :  0.163 0.072 0.343 0.422 
 56      710    (4)    2 :  0.203 0.205 0.513 0.079 
 57      711    (2)    2 :  0.107 0.120 0.339 0.434 
 58      712    (4)    2 :  0.079 0.095 0.089 0.737 
 59      713    (0)    2 :  0.172 0.038 0.647 0.142 
 60      714    (2)    2 :  0.529 0.352 0.066 0.052 
 61      715    (4)    2 :  0.045 0.719 0.083 0.152 
 62      716    (0)    2 :  0.333 0.502 0.091 0.075 
 63      717    (2)    2 :  0.157 0.445 0.237 0.162 
 64      718    (4)    2 :  0.203 0.147 0.277 0.373 
 65      719    (0)    2 :  0.062 0.841 0.053 0.045 
 66      720    (2)    2 :  0.207 0.591 0.135 0.067 
 67      721    (0)    2 :  0.475 0.165 0.159 0.201 
 68      722    (4)    2 :  0.301 0.611 0.046 0.042 
 69      723    (0)    2 :  0.047 0.746 0.161 0.046 
 70      724    (0)    2 :  0.210 0.575 0.133 0.082 
 71      725    (0)    2 :  0.105 0.195 0.507 0.193 
 72      726    (0)    2 :  0.464 0.144 0.252 0.140 
 73      727    (0)    2 :  0.239 0.142 0.185 0.434 
 74      728    (2)    2 :  0.061 0.097 0.658 0.184 
 75      729    (6)    2 :  0.057 0.286 0.518 0.139 
 76      730    (2)    2 :  0.039 0.249 0.074 0.638 
 77      731    (2)    2 :  0.147 0.062 0.382 0.409 
 78      732    (0)    2 :  0.234 0.168 0.387 0.210 
 79      733    (0)    2 :  0.080 0.232 0.298 0.389 
 80      734    (2)    2 :  0.073 0.153 0.298 0.476 
 81      735    (4)    2 :  0.218 0.168 0.427 0.186 
 82      736    (2)    2 :  0.109 0.049 0.172 0.670 
 83      737    (0)    2 :  0.147 0.039 0.145 0.669 
 84      738    (2)    2 :  0.086 0.075 0.352 0.487 
 85      739    (8)    2 :  0.102 0.141 0.158 0.599 
 86      740    (4)    2 :  0.103 0.211 0.415 0.270 
 87      741    (2)    2 :  0.164 0.255 0.172 0.409 
 88      742    (4)    2 :  0.084 0.078 0.120 0.717 
 89      743    (2)    2 :  0.076 0.761 0.067 0.096 
 90      744    (0)    2 :  0.108 0.233 0.413 0.246 
 91      745    (0)    2 :  0.108 0.490 0.222 0.180 
 92      746    (2)    2 :  0.075 0.054 0.456 0.414 
 93      747    (2)    2 :  0.160 0.070 0.167 0.603 
 94      748    (0)    2 :  0.491 0.042 0.299 0.168 
 95      749    (2)    2 :  0.051 0.103 0.448 0.398 
 96      750    (4)    2 :  0.062 0.134 0.383 0.422 
 97      751    (0)    2 :  0.112 0.147 0.462 0.279 
 98      752    (2)    2 :  0.791 0.122 0.048 0.039 
 99      753    (4)    2 :  0.392 0.182 0.272 0.154 
100      754    (2)    2 :  0.050 0.058 0.086 0.805 
101      155    (0)    3 :  0.185 0.084 0.543 0.188 
102      156    (2)    3 :  0.043 0.109 0.483 0.365 
103      157    (2)    3 :  0.116 0.084 0.139 0.661 
104      158    (0)    3 :  0.073 0.170 0.438 0.319 
105      159    (0)    3 :  0.240 0.075 0.514 0.171 
106      160    (0)    3 :  0.481 0.200 0.128 0.191 
107      161    (0)    3 :  0.145 0.123 0.396 0.336 
108      162    (0)    3 :  0.235 0.419 0.270 0.076 
109      163    (2)    3 :  0.082 0.072 0.226 0.620 
110      164    (0)    3 :  0.267 0.138 0.398 0.197 
111      165    (2)    3 :  0.064 0.068 0.277 0.590 
112      427    (0)    3 :  0.118 0.711 0.092 0.079 
113      428    (0)    3 :  0.256 0.633 0.069 0.042 
114      429    (0)    3 :  0.064 0.815 0.086 0.036 
115      430    (0)    3 :  0.422 0.116 0.254 0.208 
116      431    (0)    3 :  0.197 0.608 0.109 0.085 
117      435    (0)    3 :  0.209 0.707 0.047 0.037 
118      436    (0)    3 :  0.346 0.567 0.050 0.037 
119      437    (0)    3 :  0.442 0.383 0.123 0.052 
120      438    (0)    3 :  0.487 0.335 0.096 0.081 
121      439    (0)    3 :  0.295 0.306 0.175 0.224 
122      441    (0)    3 :  0.886 0.054 0.036 0.024 
123      442    (0)    3 :  0.163 0.653 0.137 0.048 
124      443    (4)    3 :  0.182 0.688 0.066 0.064 
125      444    (4)    3 :  0.046 0.822 0.073 0.058 
126      445    (2)    3 :  0.308 0.318 0.291 0.082 
127      446    (0)    3 :  0.043 0.857 0.047 0.053 
128      447    (0)    3 :  0.066 0.789 0.073 0.072 
129      449    (0)    3 :  0.085 0.838 0.043 0.035 
130      460    (0)    3 :  0.287 0.567 0.088 0.057 
131      461    (0)    3 :  0.217 0.404 0.199 0.180 
132      484    (0)    3 :  0.075 0.280 0.172 0.473 
133      485    (0)    3 :  0.221 0.635 0.079 0.065 
134      486    (0)    3 :  0.906 0.036 0.033 0.025 
135      487    (0)    3 :  0.308 0.410 0.141 0.140 
136      178    (0)    4 :  0.319 0.388 0.153 0.140 
137      422    (0)    4 :  0.068 0.785 0.051 0.096 
138      425    (0)    4 :  0.158 0.572 0.167 0.103 
139      426    (0)    4 :  0.073 0.204 0.391 0.331 
140      432    (0)    4 :  0.111 0.435 0.320 0.134 
141      434    (0)    4 :  0.038 0.886 0.037 0.039 
142      440    (0)    4 :  0.242 0.443 0.214 0.102 
143      448    (2)    4 :  0.094 0.788 0.057 0.060 
144      456    (0)    4 :  0.104 0.356 0.420 0.120 
145      457    (0)    4 :  0.413 0.376 0.123 0.088 
146      458    (0)    4 :  0.301 0.166 0.228 0.305 
147      459    (0)    4 :  0.101 0.699 0.091 0.109 
148      464    (0)    4 :  0.280 0.597 0.063 0.060 
149      465    (0)    4 :  0.331 0.492 0.101 0.076 
150      466    (0)    4 :  0.219 0.557 0.128 0.097 
151      470    (0)    4 :  0.511 0.402 0.042 0.045 
152      471    (0)    4 :  0.089 0.721 0.092 0.099 
153      483    (0)    4 :  0.050 0.664 0.067 0.220 
154      488    (0)    4 :  0.677 0.130 0.111 0.082 
155      495    (0)    4 :  0.102 0.687 0.085 0.126 
156      496    (0)    4 :  0.446 0.363 0.089 0.103 
157      497    (0)    4 :  0.063 0.771 0.118 0.048 
158      500    (0)    4 :  0.376 0.176 0.123 0.326 
159      879    (0)    4 :  0.053 0.754 0.058 0.135 
160      036    (0)    5 :  0.089 0.119 0.685 0.107 
161      063    (2)    5 :  0.137 0.154 0.274 0.435 
162      094    (4)    5 :  0.239 0.133 0.259 0.368 
163      103    (4)    5 :  0.061 0.074 0.257 0.607 
164      112    (0)    5 :  0.090 0.061 0.244 0.605 
165      114    (2)    5 :  0.253 0.082 0.466 0.199 
166      120    (0)    5 :  0.136 0.109 0.145 0.610 
167      127    (2)    5 :  0.335 0.046 0.449 0.171 
168      147    (0)    5 :  0.088 0.097 0.466 0.350 
169      166    (0)    5 :  0.117 0.130 0.412 0.341 
170      167    (0)    5 :  0.160 0.341 0.255 0.244 
171      168    (0)    5 :  0.083 0.111 0.711 0.094 
172      169    (2)    5 :  0.174 0.378 0.196 0.252 
173      170    (0)    5 :  0.147 0.083 0.252 0.518 
174      171    (2)    5 :  0.084 0.085 0.199 0.631 
175      172    (0)    5 :  0.051 0.146 0.094 0.710 
176      185    (0)    5 :  0.143 0.336 0.360 0.161 
177      199    (2)    5 :  0.187 0.073 0.606 0.134 
178      339    (0)    5 :  0.300 0.386 0.208 0.107 
179      355    (0)    5 :  0.089 0.037 0.679 0.195 
180      356    (0)    5 :  0.211 0.050 0.196 0.543 
181      357    (0)    5 :  0.240 0.060 0.497 0.204 
182      358    (0)    5 :  0.114 0.098 0.687 0.102 
183      359    (0)    5 :  0.066 0.060 0.443 0.431 
184      360    (0)    5 :  0.080 0.185 0.478 0.257 
185      361    (0)    5 :  0.132 0.162 0.135 0.571 
186      362    (0)    5 :  0.101 0.303 0.348 0.248 
187      363    (0)    5 :  0.179 0.087 0.351 0.382 
188      364    (0)    5 :  0.408 0.054 0.284 0.254 
189      365    (0)    5 :  0.123 0.151 0.616 0.111 
190      366    (0)    5 :  0.047 0.051 0.665 0.237 
191      367    (0)    5 :  0.185 0.046 0.541 0.227 
192      368    (0)    5 :  0.203 0.047 0.499 0.252 
193      369    (0)    5 :  0.064 0.056 0.556 0.324 
194      370    (0)    5 :  0.089 0.084 0.182 0.644 
195      371    (0)    5 :  0.057 0.115 0.662 0.167 
196      372    (0)    5 :  0.083 0.556 0.140 0.222 
197      373    (0)    5 :  0.045 0.144 0.505 0.306 
198      380    (0)    5 :  0.141 0.058 0.286 0.514 
199      388    (0)    5 :  0.052 0.075 0.308 0.565 
200      418    (0)    5 :  0.299 0.068 0.480 0.153 
201      419    (0)    5 :  0.292 0.108 0.478 0.122 
202      420    (0)    5 :  0.199 0.188 0.377 0.236 
203      409    (0)    6 :  0.139 0.108 0.175 0.578 
204      414    (0)    6 :  0.142 0.103 0.373 0.381 
205      415    (2)    6 :  0.185 0.051 0.375 0.388 
206      416    (0)    6 :  0.122 0.209 0.407 0.262 


Estimated Allele Frequencies in each cluster
First column gives estimated ancestral frequencies


Locus 1 : 1 
4 alleles
0.0% missing data
  89   (0.578) 0.504 0.609 0.578 0.525 
  91   (0.338) 0.456 0.327 0.338 0.415 
  93   (0.062) 0.015 0.055 0.062 0.055 
  99   (0.023) 0.024 0.010 0.023 0.004 

Locus 2 : 2 
6 alleles
2.4% missing data
 136   (0.365) 0.147 0.049 0.365 0.573 
 140   (0.080) 0.047 0.031 0.080 0.071 
 132   (0.046) 0.010 0.005 0.046 0.015 
 138   (0.273) 0.389 0.547 0.273 0.185 
 134   (0.208) 0.376 0.247 0.208 0.147 
 142   (0.027) 0.031 0.121 0.027 0.009 

Locus 3 : 3 
6 alleles
0.0% missing data
 187   (0.336) 0.269 0.125 0.336 0.445 
 175   (0.063) 0.084 0.141 0.063 0.043 
 181   (0.245) 0.200 0.426 0.245 0.159 
 179   (0.229) 0.337 0.186 0.229 0.273 
 185   (0.087) 0.093 0.113 0.087 0.069 
 191   (0.040) 0.017 0.009 0.040 0.012 

Locus 4 : 4 
9 alleles
0.5% missing data
 253   (0.477) 0.564 0.521 0.477 0.540 
 245   (0.011) 0.001 0.001 0.011 0.002 
 269   (0.164) 0.176 0.298 0.164 0.138 
 247   (0.085) 0.054 0.035 0.085 0.098 
 249   (0.029) 0.005 0.002 0.029 0.011 
 241   (0.155) 0.161 0.135 0.155 0.168 
 271   (0.046) 0.035 0.005 0.046 0.025 
 239   (0.019) 0.003 0.001 0.019 0.009 
 273   (0.013) 0.002 0.001 0.013 0.010 

Locus 5 : 5 
6 alleles
0.5% missing data
 103   (0.796) 0.937 0.970 0.796 0.792 
 105   (0.055) 0.021 0.008 0.055 0.099 
 102   (0.029) 0.004 0.003 0.029 0.016 
 104   (0.087) 0.033 0.018 0.087 0.084 
 107   (0.022) 0.003 0.002 0.022 0.007 
 101   (0.011) 0.002 0.001 0.011 0.002 

Locus 6 : 6 
5 alleles
0.0% missing data
 145   (0.452) 0.215 0.679 0.452 0.552 
 135   (0.245) 0.119 0.198 0.245 0.212 
 141   (0.216) 0.642 0.113 0.216 0.151 
 147   (0.073) 0.022 0.008 0.073 0.075 
 137   (0.014) 0.002 0.002 0.014 0.011 

Locus 7 : 7 
10 alleles
1.9% missing data
  97   (0.202) 0.125 0.182 0.202 0.154 
 103   (0.281) 0.247 0.390 0.281 0.363 
  93   (0.184) 0.280 0.303 0.184 0.185 
  85   (0.054) 0.007 0.040 0.054 0.056 
  89   (0.061) 0.257 0.029 0.061 0.050 
  91   (0.082) 0.035 0.025 0.082 0.081 
  83   (0.095) 0.042 0.029 0.095 0.100 
 105   (0.019) 0.005 0.002 0.019 0.005 
 101   (0.010) 0.001 0.001 0.010 0.005 
  99   (0.010) 0.001 0.001 0.010 0.002 

Locus 8 : 8 
8 alleles
0.0% missing data
 129   (0.514) 0.562 0.742 0.514 0.624 
 143   (0.270) 0.205 0.201 0.270 0.268 
 141   (0.059) 0.015 0.018 0.059 0.034 
 133   (0.031) 0.013 0.004 0.031 0.018 
 127   (0.025) 0.003 0.002 0.025 0.010 
 149   (0.075) 0.198 0.029 0.075 0.039 
 145   (0.011) 0.001 0.001 0.011 0.003 
 131   (0.015) 0.003 0.005 0.015 0.004 

Locus 9 : 9 
4 alleles
0.0% missing data
 189   (0.480) 0.628 0.279 0.480 0.537 
 191   (0.401) 0.321 0.336 0.401 0.368 
 195   (0.108) 0.050 0.383 0.108 0.092 
 197   (0.011) 0.001 0.001 0.011 0.003 

Locus 10 : 10 
7 alleles
0.5% missing data
 238   (0.519) 0.847 0.737 0.519 0.466 
 250   (0.020) 0.002 0.001 0.020 0.009 
 232   (0.271) 0.095 0.179 0.271 0.354 
 254   (0.049) 0.009 0.004 0.049 0.034 
 252   (0.101) 0.040 0.076 0.101 0.125 
 236   (0.011) 0.001 0.001 0.011 0.002 
 248   (0.030) 0.005 0.002 0.030 0.010 

Locus 11 : 11 
4 alleles
0.0% missing data
  87   (0.690) 0.864 0.840 0.690 0.625 
  89   (0.242) 0.113 0.143 0.242 0.289 
  91   (0.045) 0.010 0.015 0.045 0.076 
  85   (0.022) 0.013 0.002 0.022 0.011 

Locus 12 : 12 
13 alleles
0.5% missing data
 158   (0.227) 0.099 0.224 0.228 0.287 
 160   (0.189) 0.181 0.352 0.189 0.196 
 154   (0.030) 0.007 0.002 0.030 0.018 
 162   (0.211) 0.404 0.194 0.211 0.251 
 170   (0.068) 0.054 0.023 0.068 0.053 
 147   (0.043) 0.041 0.028 0.043 0.025 
 149   (0.028) 0.086 0.048 0.028 0.007 
 161   (0.102) 0.086 0.109 0.102 0.127 
 143   (0.045) 0.023 0.005 0.045 0.021 
 153   (0.019) 0.003 0.002 0.019 0.007 
 150   (0.011) 0.001 0.005 0.011 0.002 
 159   (0.015) 0.014 0.008 0.015 0.004 
 164   (0.011) 0.001 0.001 0.011 0.002 

Locus 13 : 13 
5 alleles
0.0% missing data
 108   (0.195) 0.086 0.102 0.195 0.299 
 113   (0.344) 0.382 0.336 0.344 0.279 
 115   (0.441) 0.531 0.560 0.441 0.418 
 109   (0.010) 0.001 0.001 0.010 0.002 
 110   (0.011) 0.001 0.001 0.011 0.002 

Locus 14 : 14 
5 alleles
1.5% missing data
 229   (0.515) 0.666 0.460 0.515 0.571 
 231   (0.146) 0.039 0.015 0.146 0.231 
 233   (0.059) 0.025 0.046 0.059 0.023 
 227   (0.124) 0.120 0.415 0.124 0.069 
 225   (0.156) 0.151 0.064 0.156 0.106 

Locus 15 : 15 
4 alleles
0.5% missing data
 143   (0.815) 0.923 0.866 0.815 0.830 
 145   (0.105) 0.057 0.057 0.105 0.084 
 147   (0.063) 0.017 0.075 0.063 0.062 
 133   (0.018) 0.003 0.002 0.018 0.025 

Locus 16 : 16 
5 alleles
0.0% missing data
 160   (0.126) 0.256 0.061 0.126 0.068 
 158   (0.574) 0.582 0.676 0.574 0.481 
 156   (0.192) 0.129 0.242 0.192 0.344 
 154   (0.094) 0.027 0.015 0.094 0.104 
 152   (0.015) 0.007 0.005 0.014 0.003 

Locus 17 : 17 
5 alleles
0.0% missing data
  88   (0.097) 0.118 0.010 0.097 0.053 
  90   (0.631) 0.475 0.856 0.631 0.759 
 102   (0.208) 0.392 0.126 0.208 0.090 
 100   (0.053) 0.012 0.006 0.053 0.096 
 104   (0.011) 0.002 0.003 0.011 0.002 

Locus 18 : 18 
7 alleles
0.0% missing data
 127   (0.306) 0.206 0.339 0.306 0.385 
 140   (0.285) 0.252 0.259 0.285 0.331 
 148   (0.082) 0.164 0.034 0.082 0.045 
 150   (0.057) 0.036 0.201 0.057 0.028 
 142   (0.150) 0.095 0.092 0.150 0.150 
 138   (0.059) 0.024 0.044 0.059 0.032 
 146   (0.061) 0.224 0.031 0.061 0.028 

Locus 19 : 19 
7 alleles
0.0% missing data
 188   (0.209) 0.053 0.211 0.209 0.231 
 194   (0.585) 0.435 0.562 0.585 0.633 
 190   (0.085) 0.156 0.202 0.085 0.063 
 200   (0.080) 0.352 0.022 0.080 0.052 
 192   (0.011) 0.001 0.001 0.011 0.004 
 202   (0.019) 0.002 0.002 0.019 0.012 
 196   (0.010) 0.001 0.001 0.010 0.004 

Locus 20 : 20 
6 alleles
1.0% missing data
 252   (0.689) 0.800 0.782 0.689 0.778 
 246   (0.099) 0.099 0.033 0.099 0.094 
 250   (0.079) 0.053 0.080 0.079 0.040 
 254   (0.071) 0.035 0.095 0.071 0.046 
 248   (0.038) 0.007 0.004 0.038 0.031 
 244   (0.024) 0.006 0.006 0.024 0.010 

Locus 21 : 21 
7 alleles
0.5% missing data
 159   (0.044) 0.015 0.004 0.044 0.022 
 173   (0.250) 0.280 0.626 0.250 0.219 
 175   (0.169) 0.065 0.072 0.170 0.152 
 177   (0.264) 0.360 0.198 0.264 0.307 
 167   (0.177) 0.167 0.088 0.177 0.240 
 165   (0.047) 0.091 0.004 0.047 0.026 
 163   (0.048) 0.022 0.008 0.048 0.034 

Locus 22 : 22 
10 alleles
1.5% missing data
 146   (0.219) 0.388 0.298 0.219 0.158 
 158   (0.104) 0.045 0.014 0.105 0.125 
 152   (0.361) 0.459 0.615 0.361 0.475 
 162   (0.073) 0.030 0.013 0.073 0.076 
 166   (0.125) 0.048 0.026 0.125 0.107 
 156   (0.022) 0.005 0.015 0.022 0.006 
 164   (0.027) 0.007 0.003 0.027 0.025 
 150   (0.034) 0.011 0.007 0.034 0.019 
 142   (0.023) 0.006 0.008 0.023 0.006 
 148   (0.011) 0.001 0.001 0.011 0.002 

Locus 23 : 23 
7 alleles
1.0% missing data
 154   (0.579) 0.688 0.523 0.579 0.525 
 156   (0.112) 0.031 0.027 0.112 0.260 
 158   (0.040) 0.012 0.004 0.040 0.026 
 160   (0.088) 0.163 0.099 0.088 0.070 
 144   (0.155) 0.103 0.346 0.155 0.112 
 152   (0.011) 0.001 0.001 0.011 0.002 
 146   (0.015) 0.001 0.001 0.015 0.004 

Locus 24 : 24 
4 alleles
1.0% missing data
  81   (0.422) 0.412 0.351 0.422 0.365 
  83   (0.401) 0.461 0.474 0.401 0.457 
  85   (0.095) 0.025 0.119 0.095 0.116 
  77   (0.082) 0.102 0.056 0.082 0.062 

Locus 25 : 25 
6 alleles
0.5% missing data
 124   (0.500) 0.621 0.494 0.500 0.629 
 132   (0.325) 0.294 0.361 0.325 0.279 
 122   (0.105) 0.072 0.139 0.105 0.065 
 120   (0.023) 0.005 0.002 0.023 0.013 
 136   (0.021) 0.004 0.002 0.021 0.006 
 126   (0.026) 0.003 0.002 0.026 0.008 

Locus 26 : 26 
7 alleles
0.5% missing data
 183   (0.322) 0.355 0.312 0.322 0.396 
 165   (0.231) 0.179 0.321 0.231 0.210 
 175   (0.259) 0.282 0.336 0.259 0.234 
 181   (0.075) 0.014 0.007 0.075 0.114 
 179   (0.091) 0.168 0.023 0.091 0.041 
 185   (0.011) 0.001 0.001 0.011 0.003 
 157   (0.010) 0.001 0.001 0.010 0.002 

Locus 27 : 27 
4 alleles
0.5% missing data
 142   (0.624) 0.684 0.829 0.624 0.587 
 148   (0.207) 0.071 0.085 0.207 0.295 
 150   (0.124) 0.232 0.064 0.124 0.095 
 138   (0.045) 0.013 0.022 0.045 0.024 

Locus 28 : 28 
6 alleles
0.5% missing data
 262   (0.471) 0.443 0.356 0.471 0.653 
 260   (0.368) 0.485 0.569 0.368 0.262 
 256   (0.103) 0.060 0.047 0.103 0.064 
 258   (0.020) 0.003 0.001 0.020 0.007 
 266   (0.011) 0.001 0.003 0.011 0.002 
 264   (0.027) 0.008 0.022 0.027 0.013 

Locus 29 : 29 
6 alleles
0.0% missing data
 146   (0.277) 0.239 0.268 0.277 0.335 
 150   (0.424) 0.431 0.554 0.424 0.484 
 140   (0.187) 0.240 0.117 0.187 0.130 
 148   (0.059) 0.053 0.031 0.059 0.034 
 152   (0.041) 0.033 0.030 0.041 0.015 
 151   (0.010) 0.003 0.001 0.010 0.002 

Locus 30 : 30 
6 alleles
0.0% missing data
 129   (0.377) 0.531 0.634 0.377 0.343 
 131   (0.058) 0.051 0.014 0.058 0.034 
 123   (0.161) 0.137 0.284 0.161 0.103 
 127   (0.089) 0.188 0.014 0.089 0.058 
 125   (0.299) 0.090 0.052 0.300 0.458 
 121   (0.016) 0.002 0.002 0.016 0.004 

Locus 31 : 31 
5 alleles
0.5% missing data
 155   (0.570) 0.438 0.436 0.570 0.598 
 159   (0.171) 0.155 0.318 0.171 0.174 
 157   (0.159) 0.365 0.126 0.159 0.164 
 151   (0.038) 0.009 0.003 0.038 0.027 
 153   (0.062) 0.032 0.117 0.062 0.038 

Locus 32 : 32 
5 alleles
0.0% missing data
 150   (0.546) 0.584 0.587 0.546 0.543 
 148   (0.042) 0.120 0.006 0.042 0.011 
 146   (0.343) 0.271 0.365 0.343 0.397 
 154   (0.050) 0.012 0.008 0.050 0.045 
 152   (0.019) 0.013 0.034 0.019 0.004 

Locus 33 : 33 
6 alleles
0.0% missing data
 180   (0.465) 0.497 0.309 0.465 0.449 
 196   (0.107) 0.046 0.207 0.107 0.096 
 184   (0.161) 0.075 0.368 0.161 0.216 
 190   (0.023) 0.024 0.028 0.023 0.006 
 192   (0.171) 0.343 0.079 0.171 0.148 
 198   (0.073) 0.015 0.009 0.073 0.085 

Locus 34 : 34 
6 alleles
0.0% missing data
 112   (0.364) 0.404 0.397 0.364 0.359 
  90   (0.041) 0.064 0.004 0.041 0.026 
 108   (0.187) 0.061 0.099 0.187 0.151 
 110   (0.172) 0.242 0.042 0.172 0.146 
 106   (0.226) 0.227 0.456 0.226 0.315 
  96   (0.010) 0.002 0.001 0.010 0.002 

Locus 35 : 35 
9 alleles
0.0% missing data
 170   (0.238) 0.126 0.248 0.238 0.314 
 172   (0.292) 0.365 0.455 0.292 0.263 
 176   (0.102) 0.037 0.010 0.102 0.106 
 168   (0.073) 0.027 0.017 0.073 0.083 
 174   (0.158) 0.342 0.079 0.158 0.181 
 166   (0.047) 0.073 0.113 0.047 0.017 
 186   (0.022) 0.006 0.054 0.022 0.005 
 178   (0.058) 0.025 0.023 0.058 0.029 
 158   (0.010) 0.001 0.001 0.010 0.002 

Locus 36 : 36 
6 alleles
0.0% missing data
  89   (0.532) 0.688 0.677 0.532 0.560 
  83   (0.135) 0.097 0.061 0.135 0.140 
  81   (0.082) 0.030 0.017 0.082 0.123 
  95   (0.066) 0.023 0.088 0.066 0.030 
  85   (0.161) 0.158 0.152 0.161 0.140 
  91   (0.025) 0.004 0.005 0.025 0.007 

Locus 37 : 37 
10 alleles
0.0% missing data
 161   (0.311) 0.416 0.170 0.311 0.464 
 165   (0.251) 0.120 0.315 0.251 0.220 
 168   (0.020) 0.002 0.001 0.020 0.005 
 173   (0.229) 0.384 0.283 0.229 0.174 
 155   (0.029) 0.007 0.003 0.029 0.014 
 169   (0.101) 0.054 0.179 0.101 0.107 
 167   (0.023) 0.010 0.002 0.023 0.009 
 159   (0.015) 0.004 0.002 0.015 0.003 
 177   (0.010) 0.002 0.001 0.010 0.003 
 175   (0.012) 0.001 0.043 0.012 0.002 

Locus 38 : 38 
5 alleles
0.0% missing data
  85   (0.179) 0.122 0.265 0.179 0.173 
  91   (0.168) 0.138 0.054 0.168 0.202 
  87   (0.084) 0.083 0.022 0.084 0.076 
  89   (0.446) 0.466 0.624 0.446 0.473 
  81   (0.124) 0.192 0.035 0.124 0.076 

Locus 39 : 39 
4 alleles
1.0% missing data
 161   (0.198) 0.192 0.122 0.198 0.190 
 167   (0.754) 0.789 0.810 0.754 0.793 
 165   (0.037) 0.018 0.067 0.037 0.014 
 177   (0.011) 0.001 0.001 0.011 0.003 

Locus 40 : 40 
6 alleles
0.5% missing data
 240   (0.136) 0.080 0.150 0.136 0.139 
 228   (0.358) 0.574 0.505 0.358 0.331 
 238   (0.367) 0.210 0.308 0.367 0.440 
 236   (0.105) 0.087 0.035 0.105 0.070 
 232   (0.017) 0.002 0.001 0.017 0.018 
 224   (0.017) 0.047 0.001 0.017 0.003 

Locus 41 : 41 
7 alleles
0.0% missing data
 130   (0.513) 0.561 0.374 0.513 0.592 
 132   (0.092) 0.027 0.311 0.092 0.121 
 134   (0.145) 0.119 0.049 0.145 0.115 
 128   (0.109) 0.189 0.195 0.108 0.081 
 118   (0.074) 0.091 0.066 0.074 0.041 
 114   (0.056) 0.011 0.004 0.056 0.048 
 136   (0.011) 0.001 0.001 0.011 0.002 

Locus 42 : 42 
5 alleles
1.9% missing data
 104   (0.428) 0.650 0.423 0.428 0.396 
 102   (0.257) 0.213 0.420 0.257 0.207 
  96   (0.075) 0.021 0.017 0.075 0.091 
  92   (0.114) 0.053 0.050 0.114 0.174 
  98   (0.127) 0.064 0.089 0.127 0.133 

Locus 43 : 43 
6 alleles
2.9% missing data
  99   (0.141) 0.205 0.041 0.141 0.212 
  95   (0.203) 0.164 0.194 0.203 0.219 
 101   (0.301) 0.276 0.267 0.301 0.382 
 103   (0.321) 0.348 0.496 0.321 0.171 
  97   (0.023) 0.005 0.002 0.023 0.013 
  91   (0.011) 0.001 0.001 0.011 0.003 

Locus 44 : 44 
6 alleles
0.0% missing data
 191   (0.296) 0.368 0.097 0.296 0.347 
 181   (0.509) 0.559 0.786 0.509 0.578 
 183   (0.016) 0.002 0.001 0.016 0.004 
 179   (0.067) 0.043 0.005 0.067 0.029 
 177   (0.100) 0.025 0.068 0.100 0.040 
 193   (0.013) 0.002 0.042 0.013 0.002 

Locus 45 : 45 
6 alleles
1.9% missing data
 205   (0.468) 0.494 0.574 0.468 0.448 
 211   (0.227) 0.216 0.116 0.227 0.319 
 201   (0.059) 0.122 0.020 0.059 0.077 
 207   (0.147) 0.099 0.243 0.147 0.089 
 215   (0.085) 0.066 0.045 0.085 0.060 
 202   (0.015) 0.002 0.002 0.015 0.007 

Locus 46 : 46 
10 alleles
1.0% missing data
 158   (0.146) 0.190 0.023 0.146 0.178 
 164   (0.054) 0.015 0.013 0.054 0.127 
 168   (0.138) 0.052 0.026 0.138 0.200 
 142   (0.333) 0.530 0.614 0.333 0.289 
 156   (0.040) 0.013 0.012 0.040 0.015 
 144   (0.062) 0.078 0.020 0.062 0.060 
 166   (0.130) 0.094 0.254 0.130 0.066 
 170   (0.021) 0.003 0.002 0.021 0.021 
 162   (0.066) 0.023 0.036 0.066 0.042 
 160   (0.010) 0.001 0.001 0.010 0.003 

Locus 47 : 47 
6 alleles
8.7% missing data
 145   (0.232) 0.107 0.081 0.232 0.325 
 153   (0.177) 0.217 0.382 0.177 0.165 
 149   (0.379) 0.388 0.406 0.379 0.302 
 151   (0.156) 0.273 0.128 0.156 0.154 
 143   (0.023) 0.005 0.002 0.023 0.020 
 147   (0.033) 0.011 0.003 0.033 0.034 

Values of parameters used in structure:
DATAFILE=w2.str,	OUTFILE=k4/w2_k4_run8,	NUMINDS=206,	NUMLOCI=47,	MISSING=-9,	LABEL=1,	POPDATA=1,	POPFLAG=0,	PHENOTYPE=0,	EXTRACOLS=0,	MAXPOPS=4,	BURNIN=500000,	NUMREPS=750000,	USEPOPINFO=0,	INFERALPHA=1,	INFERLAMBDA=0,	POPSPECIFICLAMBDA=0,	POPALPHAS=0,	COMPUTEPROB=1,	NOADMIX=0,	ADMBURNIN=500,	UPDATEFREQ=100,	PRINTLIKES=0,	INTERMEDSAVE=0,	PRINTKLD=0,	PRINTNET=1,	PRINTLAMBDA=1,	ANCESTDIST=0,	NUMBOXES=1000,	ANCESTPINT=0.90000,	GENSBACK=2,	MIGRPRIOR=0.01000,	PRINTQHAT=0,	PRINTQSUM=1,	ALPHA=1.0000,	FREQSCORR=1,	FPRIORMEAN=0.0100,	FPRIORSD=0.0500,	ONEFST=0,	LAMBDA=1.0000,	UNIFPRIORALPHA=1,	ALPHAMAX=10.0000,	ALPHAPRIORA=1.0000,	ALPHAPRIORB=2.0000,	ALPHAPROPSD=0.0250,	STARTATPOPINFO=0,	RANDOMIZE=0,	LINKAGE=0,	METROFREQ=10,	REPORTHITRATE=0,	MARKOVPHASE=0,	PHASED=1,	PLOIDY=2,	PHASEINFO=0	LOCPRIOR=0, 	LOCPRIORINIT=1.000000, 	LOCDATA=0, 	LOCISPOP=1, 	LOCPRIORSTEP=0.100000, 	MAXLOCPRIOR=20.000000, 	SEED=352640,	
[STRAT parameters]:    NUMSIMSTATS=1000,	PHENOTYPECOL=-9,	POOLFREQ=10,	LOCUSxONLY=0,	EMERROR=0.00100,	MISSINGPHENO=-9,	