

----------------------------------------------------
STRUCTURE by Pritchard, Stephens and Donnelly (2000)
     and Falush, Stephens and Pritchard (2003)
       Code by Pritchard, Falush and Hubisz
             Version 2.3.4 (Jul 2012)
----------------------------------------------------



Command line arguments:   structure -D 872716 -K 2 -m mainparams -o k2/w2_k2_run8 
Input File:    w2.str

Run parameters:
   218 individuals
   47 loci
   2 populations assumed
   500000 Burn-in period
   750000 Reps
RANDOMIZE turned off


--------------------------------------------
Proportion of membership of each pre-defined
 population in each of the 2 clusters

Given    Inferred Clusters       Number of
 Pop       1      2             Individuals

  1:     0.816  0.184              27
  2:     0.592  0.408              77
  3:     0.353  0.647              39
  4:     0.163  0.837              26
  5:     0.817  0.183              44
  6:     0.856  0.144               5
--------------------------------------------

Allele-freq. divergence among pops (Net nucleotide distance),
computed using point estimates of P.

      1       2      
 1      -    0.0165  
 2   0.0165     -    

Average distances (expected heterozygosity) between individuals in same cluster:
cluster  1  : 0.6451 
cluster  2  : 0.5858 

--------------------------------------------
Estimated Ln Prob of Data   = -24971.0
Mean value of ln likelihood = -24776.3
Variance of ln likelihood   = 389.4
Mean value of alpha         = 0.2718

Mean value of Fst_1         = 0.0042
Mean value of Fst_2         = 0.0711


Inferred ancestry of individuals:
        Label (%Miss) Pop:  Inferred clusters
  1      010    (0)    1 :  0.949 0.051 
  2      025    (0)    1 :  0.826 0.174 
  3      052    (0)    1 :  0.949 0.051 
  4      094    (0)    1 :  0.882 0.118 
  5      106    (0)    1 :  0.468 0.532 
  6      115    (0)    1 :  0.890 0.110 
  7      117    (0)    1 :  0.804 0.196 
  8      142    (0)    1 :  0.890 0.110 
  9      154    (0)    1 :  0.141 0.859 
 10      186    (2)    1 :  0.715 0.285 
 11      187    (2)    1 :  0.967 0.033 
 12      188    (0)    1 :  0.947 0.053 
 13      189    (0)    1 :  0.913 0.087 
 14      190    (0)    1 :  0.897 0.103 
 15      193    (0)    1 :  0.960 0.040 
 16      197    (0)    1 :  0.642 0.358 
 17      208    (0)    1 :  0.872 0.128 
 18      211    (0)    1 :  0.926 0.074 
 19      216    (0)    1 :  0.910 0.090 
 20      224    (0)    1 :  0.854 0.146 
 21      233    (0)    1 :  0.682 0.318 
 22      246    (0)    1 :  0.722 0.278 
 23      344    (0)    1 :  0.931 0.069 
 24      364    (0)    1 :  0.875 0.125 
 25      428    (0)    1 :  0.967 0.033 
 26      435    (2)    1 :  0.537 0.463 
 27      436    (2)    1 :  0.920 0.080 
 28      440    (0)    2 :  0.050 0.950 
 29      442    (0)    2 :  0.951 0.049 
 30      443    (0)    2 :  0.936 0.064 
 31      452    (0)    2 :  0.325 0.675 
 32      481    (0)    2 :  0.616 0.384 
 33      482    (0)    2 :  0.940 0.060 
 34      486    (0)    2 :  0.054 0.946 
 35      487    (0)    2 :  0.172 0.828 
 36      488    (0)    2 :  0.340 0.660 
 37      491    (0)    2 :  0.874 0.126 
 38      492    (0)    2 :  0.840 0.160 
 39      493    (0)    2 :  0.030 0.970 
 40      494    (0)    2 :  0.297 0.703 
 41      495    (2)    2 :  0.081 0.919 
 42      496    (0)    2 :  0.758 0.242 
 43      497    (0)    2 :  0.719 0.281 
 44      498    (0)    2 :  0.213 0.787 
 45      499    (0)    2 :  0.853 0.147 
 46      500    (0)    2 :  0.050 0.950 
 47      501    (0)    2 :  0.806 0.194 
 48      502    (0)    2 :  0.836 0.164 
 49      512    (0)    2 :  0.839 0.161 
 50      513    (0)    2 :  0.895 0.105 
 51      514    (0)    2 :  0.832 0.168 
 52      515    (0)    2 :  0.198 0.802 
 53      516    (0)    2 :  0.139 0.861 
 54      517    (0)    2 :  0.452 0.548 
 55      522    (0)    2 :  0.847 0.153 
 56      523    (0)    2 :  0.891 0.109 
 57      748    (0)    2 :  0.897 0.103 
 58      749    (4)    2 :  0.660 0.340 
 59      750    (2)    2 :  0.903 0.097 
 60      751    (4)    2 :  0.849 0.151 
 61      752    (0)    2 :  0.967 0.033 
 62      753    (2)    2 :  0.967 0.033 
 63      754    (2)    2 :  0.058 0.942 
 64      755    (4)    2 :  0.083 0.917 
 65      756    (0)    2 :  0.052 0.948 
 66      757    (2)    2 :  0.483 0.517 
 67      758    (4)    2 :  0.743 0.257 
 68      759    (0)    2 :  0.025 0.975 
 69      760    (2)    2 :  0.107 0.893 
 70      761    (0)    2 :  0.391 0.609 
 71      762    (4)    2 :  0.028 0.972 
 72      763    (0)    2 :  0.065 0.935 
 73      764    (0)    2 :  0.037 0.963 
 74      765    (0)    2 :  0.025 0.975 
 75      767    (0)    2 :  0.864 0.136 
 76      768    (0)    2 :  0.486 0.514 
 77      769    (0)    2 :  0.611 0.389 
 78      770    (2)    2 :  0.915 0.085 
 79      771    (6)    2 :  0.784 0.216 
 80      772    (2)    2 :  0.781 0.219 
 81      773    (2)    2 :  0.904 0.096 
 82      774    (0)    2 :  0.506 0.494 
 83      775    (0)    2 :  0.753 0.247 
 84      776    (2)    2 :  0.880 0.120 
 85      777    (4)    2 :  0.755 0.245 
 86      778    (2)    2 :  0.940 0.060 
 87      779    (0)    2 :  0.942 0.058 
 88      780    (2)    2 :  0.915 0.085 
 89      781    (8)    2 :  0.821 0.179 
 90      782    (4)    2 :  0.705 0.295 
 91      783    (2)    2 :  0.597 0.403 
 92      784    (4)    2 :  0.916 0.084 
 93      785    (2)    2 :  0.073 0.927 
 94      786    (0)    2 :  0.715 0.285 
 95      787    (0)    2 :  0.359 0.641 
 96      788    (2)    2 :  0.951 0.049 
 97      789    (2)    2 :  0.878 0.122 
 98      790    (0)    2 :  0.840 0.160 
 99      791    (2)    2 :  0.951 0.049 
100      792    (4)    2 :  0.911 0.089 
101      793    (0)    2 :  0.890 0.110 
102      794    (2)    2 :  0.135 0.865 
103      795    (4)    2 :  0.666 0.334 
104      796    (2)    2 :  0.941 0.059 
105      167    (0)    3 :  0.884 0.116 
106      168    (2)    3 :  0.947 0.053 
107      169    (2)    3 :  0.897 0.103 
108      170    (0)    3 :  0.859 0.141 
109      171    (0)    3 :  0.872 0.128 
110      172    (0)    3 :  0.114 0.886 
111      173    (0)    3 :  0.113 0.887 
112      174    (0)    3 :  0.822 0.178 
113      175    (0)    3 :  0.303 0.697 
114      176    (2)    3 :  0.950 0.050 
115      177    (0)    3 :  0.859 0.141 
116      178    (2)    3 :  0.947 0.053 
117      446    (0)    3 :  0.057 0.943 
118      447    (0)    3 :  0.034 0.966 
119      448    (0)    3 :  0.057 0.943 
120      449    (0)    3 :  0.633 0.367 
121      450    (0)    3 :  0.068 0.932 
122      454    (0)    3 :  0.025 0.975 
123      455    (0)    3 :  0.028 0.972 
124      456    (0)    3 :  0.056 0.944 
125      457    (0)    3 :  0.081 0.919 
126      458    (0)    3 :  0.260 0.740 
127      460    (0)    3 :  0.144 0.856 
128      461    (0)    3 :  0.118 0.882 
129      462    (4)    3 :  0.042 0.958 
130      463    (4)    3 :  0.053 0.947 
131      464    (2)    3 :  0.204 0.796 
132      465    (0)    3 :  0.045 0.955 
133      466    (0)    3 :  0.065 0.935 
134      468    (0)    3 :  0.023 0.977 
135      479    (0)    3 :  0.059 0.941 
136      480    (0)    3 :  0.213 0.787 
137      504    (0)    3 :  0.820 0.180 
138      505    (0)    3 :  0.820 0.180 
139      506    (0)    3 :  0.033 0.967 
140      507    (0)    3 :  0.239 0.761 
141      508    (0)    3 :  0.153 0.847 
142      509    (0)    3 :  0.033 0.967 
143      510    (0)    3 :  0.821 0.179 
144      191    (0)    4 :  0.120 0.880 
145      441    (0)    4 :  0.041 0.959 
146      444    (0)    4 :  0.102 0.898 
147      445    (0)    4 :  0.785 0.215 
148      451    (0)    4 :  0.340 0.660 
149      453    (0)    4 :  0.038 0.962 
150      459    (0)    4 :  0.230 0.770 
151      467    (2)    4 :  0.040 0.960 
152      475    (0)    4 :  0.565 0.435 
153      476    (0)    4 :  0.127 0.873 
154      477    (0)    4 :  0.336 0.664 
155      478    (0)    4 :  0.084 0.916 
156      483    (0)    4 :  0.035 0.965 
157      484    (0)    4 :  0.058 0.942 
158      485    (0)    4 :  0.109 0.891 
159      489    (0)    4 :  0.032 0.968 
160      490    (0)    4 :  0.086 0.914 
161      503    (0)    4 :  0.197 0.803 
162      511    (0)    4 :  0.052 0.948 
163      518    (0)    4 :  0.069 0.931 
164      519    (0)    4 :  0.059 0.941 
165      520    (0)    4 :  0.047 0.953 
166      521    (0)    4 :  0.090 0.910 
167      524    (0)    4 :  0.443 0.557 
168      766    (0)    4 :  0.037 0.963 
169      928    (0)    4 :  0.106 0.894 
170      037    (0)    5 :  0.882 0.118 
171      064    (2)    5 :  0.843 0.157 
172      098    (4)    5 :  0.646 0.354 
173      107    (4)    5 :  0.945 0.055 
174      116    (0)    5 :  0.958 0.042 
175      118    (2)    5 :  0.833 0.167 
176      124    (0)    5 :  0.880 0.120 
177      131    (2)    5 :  0.900 0.100 
178      151    (0)    5 :  0.924 0.076 
179      179    (0)    5 :  0.859 0.141 
180      180    (0)    5 :  0.559 0.441 
181      181    (0)    5 :  0.869 0.131 
182      182    (2)    5 :  0.409 0.591 
183      183    (0)    5 :  0.928 0.072 
184      184    (2)    5 :  0.948 0.052 
185      185    (0)    5 :  0.868 0.132 
186      198    (0)    5 :  0.672 0.328 
187      212    (2)    5 :  0.912 0.088 
188      354    (0)    5 :  0.173 0.827 
189      370    (0)    5 :  0.971 0.029 
190      371    (0)    5 :  0.906 0.094 
191      372    (0)    5 :  0.881 0.119 
192      373    (0)    5 :  0.872 0.128 
193      374    (0)    5 :  0.956 0.044 
194      375    (0)    5 :  0.843 0.157 
195      376    (0)    5 :  0.658 0.342 
196      377    (0)    5 :  0.881 0.119 
197      378    (0)    5 :  0.738 0.262 
198      379    (0)    5 :  0.867 0.133 
199      380    (0)    5 :  0.813 0.187 
200      381    (0)    5 :  0.769 0.231 
201      382    (0)    5 :  0.954 0.046 
202      383    (0)    5 :  0.931 0.069 
203      384    (0)    5 :  0.949 0.051 
204      385    (0)    5 :  0.964 0.036 
205      386    (0)    5 :  0.900 0.100 
206      387    (0)    5 :  0.917 0.083 
207      388    (0)    5 :  0.186 0.814 
208      389    (0)    5 :  0.887 0.113 
209      396    (0)    5 :  0.922 0.078 
210      404    (0)    5 :  0.942 0.058 
211      437    (0)    5 :  0.821 0.179 
212      438    (0)    5 :  0.728 0.272 
213      439    (0)    5 :  0.666 0.334 
214      426    (0)    6 :  0.828 0.172 
215      427    (0)    6 :  0.910 0.090 
216      432    (0)    6 :  0.905 0.095 
217      433    (2)    6 :  0.937 0.063 
218      434    (0)    6 :  0.702 0.298 


Estimated Allele Frequencies in each cluster
First column gives estimated ancestral frequencies


Locus 1 : 1 
4 alleles
0.0% missing data
  89   (0.574) 0.583 0.540 
  91   (0.347) 0.346 0.409 
  93   (0.062) 0.059 0.033 
  99   (0.017) 0.012 0.018 

Locus 2 : 2 
6 alleles
2.3% missing data
 136   (0.407) 0.437 0.105 
 140   (0.071) 0.067 0.049 
 132   (0.032) 0.032 0.005 
 138   (0.260) 0.248 0.469 
 134   (0.212) 0.205 0.274 
 142   (0.018) 0.012 0.098 

Locus 3 : 3 
6 alleles
0.0% missing data
 187   (0.350) 0.365 0.199 
 175   (0.052) 0.045 0.132 
 181   (0.231) 0.228 0.305 
 179   (0.248) 0.249 0.265 
 185   (0.087) 0.084 0.091 
 191   (0.031) 0.029 0.008 

Locus 4 : 4 
9 alleles
0.5% missing data
 253   (0.484) 0.494 0.538 
 245   (0.009) 0.006 0.001 
 269   (0.162) 0.159 0.244 
 247   (0.078) 0.076 0.057 
 249   (0.021) 0.020 0.002 
 241   (0.172) 0.174 0.143 
 271   (0.045) 0.045 0.012 
 239   (0.015) 0.014 0.001 
 273   (0.012) 0.010 0.001 

Locus 5 : 5 
6 alleles
0.5% missing data
 103   (0.814) 0.819 0.952 
 105   (0.064) 0.064 0.018 
 102   (0.022) 0.021 0.002 
 104   (0.075) 0.076 0.025 
 107   (0.016) 0.014 0.001 
 101   (0.009) 0.007 0.001 

Locus 6 : 6 
5 alleles
0.0% missing data
 145   (0.459) 0.461 0.516 
 135   (0.208) 0.209 0.167 
 141   (0.255) 0.253 0.305 
 147   (0.065) 0.068 0.011 
 137   (0.013) 0.010 0.002 

Locus 7 : 7 
10 alleles
1.8% missing data
  97   (0.192) 0.200 0.125 
 103   (0.288) 0.292 0.364 
  93   (0.202) 0.201 0.301 
  85   (0.051) 0.049 0.026 
  89   (0.077) 0.073 0.109 
  91   (0.073) 0.075 0.025 
  83   (0.084) 0.084 0.047 
 105   (0.015) 0.014 0.002 
 101   (0.009) 0.007 0.001 
  99   (0.009) 0.007 0.001 

Locus 8 : 8 
8 alleles
0.0% missing data
 129   (0.560) 0.569 0.678 
 143   (0.250) 0.256 0.199 
 141   (0.044) 0.041 0.020 
 133   (0.025) 0.023 0.004 
 127   (0.018) 0.017 0.002 
 149   (0.082) 0.079 0.092 
 145   (0.009) 0.007 0.001 
 131   (0.013) 0.009 0.005 

Locus 9 : 9 
4 alleles
0.0% missing data
 189   (0.492) 0.497 0.451 
 191   (0.386) 0.391 0.304 
 195   (0.113) 0.105 0.244 
 197   (0.009) 0.007 0.001 

Locus 10 : 10 
7 alleles
0.5% missing data
 238   (0.529) 0.524 0.774 
 250   (0.016) 0.014 0.001 
 232   (0.271) 0.279 0.157 
 254   (0.037) 0.038 0.003 
 252   (0.113) 0.113 0.062 
 236   (0.009) 0.007 0.001 
 248   (0.025) 0.024 0.002 

Locus 11 : 11 
4 alleles
0.5% missing data
  87   (0.686) 0.684 0.833 
  89   (0.237) 0.242 0.145 
  91   (0.058) 0.056 0.021 
  85   (0.019) 0.017 0.002 

Locus 12 : 12 
13 alleles
0.5% missing data
 158   (0.228) 0.239 0.180 
 160   (0.207) 0.211 0.264 
 154   (0.026) 0.027 0.002 
 162   (0.230) 0.235 0.289 
 170   (0.061) 0.061 0.033 
 147   (0.040) 0.036 0.032 
 149   (0.022) 0.016 0.065 
 161   (0.107) 0.107 0.109 
 143   (0.035) 0.036 0.005 
 153   (0.015) 0.013 0.001 
 150   (0.009) 0.005 0.005 
 159   (0.011) 0.007 0.014 
 164   (0.009) 0.006 0.001 

Locus 13 : 13 
5 alleles
0.0% missing data
 108   (0.216) 0.224 0.100 
 113   (0.316) 0.314 0.356 
 115   (0.446) 0.445 0.542 
 109   (0.013) 0.010 0.001 
 110   (0.009) 0.007 0.001 

Locus 14 : 14 
5 alleles
1.4% missing data
 229   (0.539) 0.540 0.538 
 231   (0.165) 0.183 0.019 
 233   (0.042) 0.037 0.039 
 227   (0.125) 0.115 0.294 
 225   (0.129) 0.126 0.109 

Locus 15 : 15 
4 alleles
0.5% missing data
 143   (0.825) 0.833 0.892 
 145   (0.096) 0.095 0.055 
 147   (0.060) 0.055 0.051 
 133   (0.019) 0.017 0.002 

Locus 16 : 16 
5 alleles
0.0% missing data
 160   (0.117) 0.114 0.120 
 158   (0.544) 0.548 0.609 
 156   (0.236) 0.236 0.237 
 154   (0.091) 0.096 0.019 
 152   (0.010) 0.006 0.015 

Locus 17 : 17 
5 alleles
0.0% missing data
  88   (0.090) 0.093 0.027 
  90   (0.671) 0.676 0.726 
 102   (0.168) 0.162 0.232 
 100   (0.062) 0.064 0.012 
 104   (0.009) 0.005 0.004 

Locus 18 : 18 
7 alleles
0.0% missing data
 127   (0.325) 0.332 0.314 
 140   (0.293) 0.302 0.237 
 148   (0.089) 0.087 0.069 
 150   (0.051) 0.044 0.133 
 142   (0.139) 0.141 0.089 
 138   (0.050) 0.047 0.034 
 146   (0.052) 0.046 0.125 

Locus 19 : 19 
7 alleles
0.0% missing data
 188   (0.209) 0.213 0.153 
 194   (0.563) 0.577 0.525 
 190   (0.096) 0.090 0.172 
 200   (0.097) 0.092 0.148 
 192   (0.009) 0.007 0.001 
 202   (0.016) 0.014 0.001 
 196   (0.009) 0.007 0.001 

Locus 20 : 20 
6 alleles
0.9% missing data
 252   (0.724) 0.737 0.794 
 246   (0.100) 0.100 0.052 
 250   (0.065) 0.061 0.059 
 254   (0.057) 0.052 0.077 
 248   (0.031) 0.031 0.004 
 244   (0.024) 0.019 0.014 

Locus 21 : 21 
7 alleles
0.5% missing data
 159   (0.040) 0.041 0.005 
 173   (0.236) 0.226 0.520 
 175   (0.142) 0.144 0.084 
 177   (0.292) 0.297 0.235 
 167   (0.197) 0.202 0.122 
 165   (0.049) 0.047 0.023 
 163   (0.044) 0.043 0.011 

Locus 22 : 22 
10 alleles
1.8% missing data
 146   (0.197) 0.192 0.338 
 158   (0.100) 0.108 0.017 
 152   (0.422) 0.424 0.561 
 162   (0.070) 0.072 0.017 
 166   (0.109) 0.114 0.035 
 156   (0.017) 0.012 0.013 
 164   (0.025) 0.024 0.003 
 150   (0.031) 0.029 0.009 
 142   (0.021) 0.018 0.009 
 148   (0.009) 0.007 0.001 

Locus 23 : 23 
7 alleles
0.9% missing data
 154   (0.555) 0.563 0.572 
 156   (0.152) 0.161 0.044 
 158   (0.031) 0.031 0.004 
 160   (0.090) 0.085 0.129 
 144   (0.150) 0.144 0.248 
 152   (0.009) 0.006 0.001 
 146   (0.012) 0.010 0.001 

Locus 24 : 24 
4 alleles
0.9% missing data
  81   (0.392) 0.395 0.387 
  83   (0.443) 0.447 0.444 
  85   (0.095) 0.092 0.088 
  77   (0.070) 0.066 0.081 

Locus 25 : 25 
6 alleles
0.5% missing data
 124   (0.549) 0.557 0.568 
 132   (0.311) 0.313 0.322 
 122   (0.087) 0.082 0.105 
 120   (0.019) 0.017 0.002 
 136   (0.016) 0.014 0.002 
 126   (0.019) 0.017 0.002 

Locus 26 : 26 
7 alleles
0.5% missing data
 183   (0.354) 0.361 0.323 
 165   (0.215) 0.213 0.268 
 175   (0.238) 0.237 0.305 
 181   (0.079) 0.083 0.017 
 179   (0.095) 0.092 0.086 
 185   (0.009) 0.007 0.001 
 157   (0.009) 0.007 0.001 

Locus 27 : 27 
4 alleles
0.5% missing data
 142   (0.623) 0.624 0.736 
 148   (0.221) 0.230 0.092 
 150   (0.115) 0.110 0.138 
 138   (0.041) 0.036 0.035 

Locus 28 : 28 
6 alleles
0.5% missing data
 262   (0.521) 0.537 0.404 
 260   (0.345) 0.341 0.523 
 256   (0.088) 0.087 0.048 
 258   (0.016) 0.014 0.001 
 266   (0.009) 0.005 0.004 
 264   (0.021) 0.016 0.019 

Locus 29 : 29 
6 alleles
0.0% missing data
 146   (0.303) 0.311 0.231 
 150   (0.434) 0.437 0.535 
 140   (0.167) 0.167 0.159 
 148   (0.053) 0.049 0.036 
 152   (0.034) 0.029 0.038 
 151   (0.009) 0.007 0.001 

Locus 30 : 30 
6 alleles
0.0% missing data
 129   (0.386) 0.377 0.589 
 131   (0.045) 0.040 0.034 
 123   (0.132) 0.124 0.235 
 127   (0.097) 0.094 0.068 
 125   (0.328) 0.355 0.072 
 121   (0.013) 0.010 0.001 

Locus 31 : 31 
5 alleles
0.5% missing data
 155   (0.555) 0.570 0.426 
 159   (0.187) 0.182 0.249 
 157   (0.170) 0.164 0.251 
 151   (0.031) 0.031 0.003 
 153   (0.058) 0.053 0.071 

Locus 32 : 32 
5 alleles
0.0% missing data
 150   (0.521) 0.523 0.606 
 148   (0.053) 0.049 0.036 
 146   (0.361) 0.366 0.320 
 154   (0.052) 0.053 0.010 
 152   (0.013) 0.008 0.029 

Locus 33 : 33 
6 alleles
0.0% missing data
 180   (0.448) 0.461 0.364 
 196   (0.106) 0.101 0.136 
 184   (0.184) 0.181 0.247 
 190   (0.016) 0.010 0.031 
 192   (0.180) 0.177 0.209 
 198   (0.067) 0.070 0.013 

Locus 34 : 34 
6 alleles
0.0% missing data
 112   (0.368) 0.372 0.386 
  90   (0.038) 0.034 0.025 
 108   (0.156) 0.159 0.098 
 110   (0.169) 0.172 0.108 
 106   (0.260) 0.256 0.383 
  96   (0.009) 0.006 0.001 

Locus 35 : 35 
9 alleles
0.0% missing data
 170   (0.251) 0.257 0.197 
 172   (0.294) 0.293 0.422 
 176   (0.092) 0.101 0.011 
 168   (0.071) 0.072 0.023 
 174   (0.181) 0.181 0.187 
 166   (0.033) 0.027 0.103 
 186   (0.018) 0.012 0.034 
 178   (0.051) 0.050 0.023 
 158   (0.009) 0.007 0.001 

Locus 36 : 36 
6 alleles
0.0% missing data
  89   (0.557) 0.562 0.676 
  83   (0.129) 0.128 0.099 
  81   (0.086) 0.088 0.027 
  95   (0.049) 0.044 0.060 
  85   (0.160) 0.161 0.135 
  91   (0.019) 0.016 0.004 

Locus 37 : 37 
10 alleles
0.0% missing data
 161   (0.357) 0.372 0.279 
 165   (0.225) 0.229 0.235 
 168   (0.015) 0.013 0.001 
 173   (0.222) 0.222 0.319 
 155   (0.027) 0.027 0.002 
 169   (0.101) 0.098 0.117 
 167   (0.021) 0.017 0.011 
 159   (0.012) 0.009 0.004 
 177   (0.009) 0.006 0.001 
 175   (0.011) 0.006 0.031 

Locus 38 : 38 
5 alleles
0.0% missing data
  85   (0.184) 0.182 0.204 
  91   (0.178) 0.183 0.091 
  87   (0.073) 0.069 0.063 
  89   (0.443) 0.443 0.564 
  81   (0.123) 0.123 0.079 

Locus 39 : 39 
4 alleles
0.9% missing data
 161   (0.194) 0.195 0.147 
 167   (0.767) 0.775 0.800 
 165   (0.029) 0.023 0.052 
 177   (0.009) 0.007 0.001 

Locus 40 : 40 
6 alleles
0.5% missing data
 240   (0.128) 0.125 0.143 
 228   (0.381) 0.380 0.507 
 238   (0.365) 0.375 0.288 
 236   (0.092) 0.091 0.048 
 232   (0.016) 0.014 0.001 
 224   (0.019) 0.015 0.014 

Locus 41 : 41 
7 alleles
0.0% missing data
 130   (0.533) 0.549 0.441 
 132   (0.109) 0.103 0.186 
 134   (0.123) 0.124 0.077 
 128   (0.119) 0.113 0.200 
 118   (0.059) 0.053 0.090 
 114   (0.048) 0.051 0.005 
 136   (0.009) 0.007 0.001 

Locus 42 : 42 
5 alleles
1.8% missing data
 104   (0.432) 0.433 0.501 
 102   (0.232) 0.227 0.334 
  96   (0.075) 0.077 0.019 
  92   (0.122) 0.124 0.061 
  98   (0.138) 0.139 0.085 

Locus 43 : 43 
6 alleles
2.8% missing data
  99   (0.164) 0.167 0.104 
  95   (0.197) 0.196 0.207 
 101   (0.319) 0.324 0.285 
 103   (0.292) 0.289 0.402 
  97   (0.019) 0.018 0.002 
  91   (0.009) 0.007 0.001 

Locus 44 : 44 
6 alleles
0.0% missing data
 191   (0.313) 0.321 0.215 
 181   (0.537) 0.537 0.694 
 183   (0.013) 0.010 0.001 
 179   (0.055) 0.058 0.006 
 177   (0.072) 0.069 0.053 
 193   (0.011) 0.006 0.031 

Locus 45 : 45 
6 alleles
1.8% missing data
 205   (0.480) 0.488 0.510 
 211   (0.253) 0.261 0.163 
 201   (0.064) 0.060 0.079 
 207   (0.124) 0.119 0.189 
 215   (0.066) 0.063 0.058 
 202   (0.013) 0.010 0.001 

Locus 46 : 46 
10 alleles
0.9% missing data
 158   (0.156) 0.161 0.085 
 164   (0.071) 0.073 0.022 
 168   (0.145) 0.157 0.036 
 142   (0.352) 0.352 0.551 
 156   (0.030) 0.027 0.013 
 144   (0.063) 0.060 0.049 
 166   (0.103) 0.097 0.207 
 170   (0.018) 0.017 0.002 
 162   (0.052) 0.049 0.036 
 160   (0.009) 0.007 0.001 

Locus 47 : 47 
6 alleles
8.3% missing data
 145   (0.260) 0.271 0.115 
 153   (0.173) 0.165 0.319 
 149   (0.343) 0.343 0.391 
 151   (0.174) 0.172 0.171 
 143   (0.020) 0.019 0.002 
 147   (0.030) 0.030 0.003 

Values of parameters used in structure:
DATAFILE=w2.str,	OUTFILE=k2/w2_k2_run8,	NUMINDS=218,	NUMLOCI=47,	MISSING=-9,	LABEL=1,	POPDATA=1,	POPFLAG=0,	PHENOTYPE=0,	EXTRACOLS=0,	MAXPOPS=2,	BURNIN=500000,	NUMREPS=750000,	USEPOPINFO=0,	INFERALPHA=1,	INFERLAMBDA=0,	POPSPECIFICLAMBDA=0,	POPALPHAS=0,	COMPUTEPROB=1,	NOADMIX=0,	ADMBURNIN=500,	UPDATEFREQ=100,	PRINTLIKES=0,	INTERMEDSAVE=0,	PRINTKLD=0,	PRINTNET=1,	PRINTLAMBDA=1,	ANCESTDIST=0,	NUMBOXES=1000,	ANCESTPINT=0.90000,	GENSBACK=2,	MIGRPRIOR=0.01000,	PRINTQHAT=0,	PRINTQSUM=1,	ALPHA=1.0000,	FREQSCORR=1,	FPRIORMEAN=0.0100,	FPRIORSD=0.0500,	ONEFST=0,	LAMBDA=1.0000,	UNIFPRIORALPHA=1,	ALPHAMAX=10.0000,	ALPHAPRIORA=1.0000,	ALPHAPRIORB=2.0000,	ALPHAPROPSD=0.0250,	STARTATPOPINFO=0,	RANDOMIZE=0,	LINKAGE=0,	METROFREQ=10,	REPORTHITRATE=0,	MARKOVPHASE=0,	PHASED=1,	PLOIDY=2,	PHASEINFO=0	LOCPRIOR=0, 	LOCPRIORINIT=1.000000, 	LOCDATA=0, 	LOCISPOP=1, 	LOCPRIORSTEP=0.100000, 	MAXLOCPRIOR=20.000000, 	SEED=872716,	
[STRAT parameters]:    NUMSIMSTATS=1000,	PHENOTYPECOL=-9,	POOLFREQ=10,	LOCUSxONLY=0,	EMERROR=0.00100,	MISSINGPHENO=-9,	