

----------------------------------------------------
STRUCTURE by Pritchard, Stephens and Donnelly (2000)
     and Falush, Stephens and Pritchard (2003)
       Code by Pritchard, Falush and Hubisz
             Version 2.3.4 (Jul 2012)
----------------------------------------------------



Command line arguments:   structure -D 392916 -K 3 -m mainparams -o k3/w2_k3_run9 
Input File:    w2.str

Run parameters:
   218 individuals
   47 loci
   3 populations assumed
   500000 Burn-in period
   750000 Reps
RANDOMIZE turned off


--------------------------------------------
Proportion of membership of each pre-defined
 population in each of the 3 clusters

Given    Inferred Clusters       Number of
 Pop       1      2      3      Individuals

  1:     0.421  0.472  0.107       27
  2:     0.335  0.350  0.315       77
  3:     0.207  0.239  0.554       39
  4:     0.093  0.159  0.748       26
  5:     0.423  0.457  0.119       44
  6:     0.535  0.389  0.077        5
--------------------------------------------

Allele-freq. divergence among pops (Net nucleotide distance),
computed using point estimates of P.

      1       2       3      
 1      -    0.0060  0.0166  
 2   0.0060     -    0.0203  
 3   0.0166  0.0203     -    

Average distances (expected heterozygosity) between individuals in same cluster:
cluster  1  : 0.6418 
cluster  2  : 0.6339 
cluster  3  : 0.5801 

--------------------------------------------
Estimated Ln Prob of Data   = -24968.4
Mean value of ln likelihood = -24571.5
Variance of ln likelihood   = 793.8
Mean value of alpha         = 0.1520

Mean value of Fst_1         = 0.0144
Mean value of Fst_2         = 0.0243
Mean value of Fst_3         = 0.0776


Inferred ancestry of individuals:
        Label (%Miss) Pop:  Inferred clusters
  1      010    (0)    1 :  0.495 0.479 0.027 
  2      025    (0)    1 :  0.275 0.624 0.101 
  3      052    (0)    1 :  0.238 0.738 0.023 
  4      094    (0)    1 :  0.673 0.271 0.056 
  5      106    (0)    1 :  0.350 0.245 0.405 
  6      115    (0)    1 :  0.130 0.819 0.051 
  7      117    (0)    1 :  0.154 0.727 0.119 
  8      142    (0)    1 :  0.319 0.613 0.068 
  9      154    (0)    1 :  0.104 0.135 0.761 
 10      186    (2)    1 :  0.331 0.515 0.154 
 11      187    (2)    1 :  0.077 0.908 0.016 
 12      188    (0)    1 :  0.400 0.569 0.031 
 13      189    (0)    1 :  0.390 0.559 0.051 
 14      190    (0)    1 :  0.060 0.898 0.042 
 15      193    (0)    1 :  0.097 0.884 0.019 
 16      197    (0)    1 :  0.505 0.288 0.208 
 17      208    (0)    1 :  0.832 0.106 0.062 
 18      211    (0)    1 :  0.194 0.767 0.039 
 19      216    (0)    1 :  0.924 0.047 0.030 
 20      224    (0)    1 :  0.180 0.732 0.089 
 21      233    (0)    1 :  0.814 0.069 0.117 
 22      246    (0)    1 :  0.619 0.272 0.108 
 23      344    (0)    1 :  0.752 0.216 0.032 
 24      364    (0)    1 :  0.904 0.058 0.039 
 25      428    (0)    1 :  0.470 0.512 0.018 
 26      435    (2)    1 :  0.757 0.059 0.184 
 27      436    (2)    1 :  0.321 0.642 0.037 
 28      440    (0)    2 :  0.042 0.030 0.928 
 29      442    (0)    2 :  0.894 0.084 0.022 
 30      443    (0)    2 :  0.247 0.719 0.034 
 31      452    (0)    2 :  0.069 0.406 0.525 
 32      481    (0)    2 :  0.144 0.619 0.237 
 33      482    (0)    2 :  0.728 0.248 0.024 
 34      486    (0)    2 :  0.037 0.044 0.919 
 35      487    (0)    2 :  0.785 0.033 0.182 
 36      488    (0)    2 :  0.164 0.240 0.596 
 37      491    (0)    2 :  0.231 0.698 0.071 
 38      492    (0)    2 :  0.930 0.037 0.033 
 39      493    (0)    2 :  0.030 0.017 0.953 
 40      494    (0)    2 :  0.334 0.156 0.510 
 41      495    (2)    2 :  0.176 0.045 0.779 
 42      496    (0)    2 :  0.794 0.083 0.123 
 43      497    (0)    2 :  0.647 0.139 0.214 
 44      498    (0)    2 :  0.101 0.223 0.676 
 45      499    (0)    2 :  0.233 0.682 0.084 
 46      500    (0)    2 :  0.039 0.036 0.924 
 47      501    (0)    2 :  0.620 0.271 0.109 
 48      502    (0)    2 :  0.095 0.832 0.073 
 49      512    (0)    2 :  0.422 0.512 0.066 
 50      513    (0)    2 :  0.031 0.932 0.036 
 51      514    (0)    2 :  0.594 0.291 0.115 
 52      515    (0)    2 :  0.215 0.134 0.651 
 53      516    (0)    2 :  0.094 0.091 0.815 
 54      517    (0)    2 :  0.097 0.530 0.374 
 55      522    (0)    2 :  0.478 0.439 0.084 
 56      523    (0)    2 :  0.474 0.468 0.058 
 57      748    (0)    2 :  0.594 0.335 0.070 
 58      749    (4)    2 :  0.720 0.084 0.196 
 59      750    (2)    2 :  0.591 0.362 0.047 
 60      751    (4)    2 :  0.049 0.894 0.057 
 61      752    (0)    2 :  0.953 0.034 0.013 
 62      753    (2)    2 :  0.956 0.031 0.013 
 63      754    (2)    2 :  0.071 0.035 0.894 
 64      755    (4)    2 :  0.028 0.149 0.823 
 65      756    (0)    2 :  0.034 0.036 0.929 
 66      757    (2)    2 :  0.572 0.121 0.307 
 67      758    (4)    2 :  0.526 0.286 0.188 
 68      759    (0)    2 :  0.015 0.014 0.971 
 69      760    (2)    2 :  0.126 0.058 0.816 
 70      761    (0)    2 :  0.438 0.156 0.405 
 71      762    (4)    2 :  0.026 0.021 0.953 
 72      763    (0)    2 :  0.031 0.034 0.935 
 73      764    (0)    2 :  0.019 0.025 0.956 
 74      765    (0)    2 :  0.015 0.014 0.970 
 75      767    (0)    2 :  0.479 0.445 0.075 
 76      768    (0)    2 :  0.681 0.108 0.211 
 77      769    (0)    2 :  0.064 0.776 0.160 
 78      770    (2)    2 :  0.173 0.786 0.041 
 79      771    (6)    2 :  0.331 0.496 0.172 
 80      772    (2)    2 :  0.034 0.880 0.087 
 81      773    (2)    2 :  0.560 0.394 0.046 
 82      774    (0)    2 :  0.113 0.575 0.312 
 83      775    (0)    2 :  0.357 0.463 0.180 
 84      776    (2)    2 :  0.141 0.797 0.062 
 85      777    (4)    2 :  0.838 0.072 0.090 
 86      778    (2)    2 :  0.169 0.801 0.030 
 87      779    (0)    2 :  0.092 0.883 0.025 
 88      780    (2)    2 :  0.255 0.698 0.046 
 89      781    (8)    2 :  0.067 0.840 0.093 
 90      782    (4)    2 :  0.467 0.237 0.296 
 91      783    (2)    2 :  0.123 0.674 0.203 
 92      784    (4)    2 :  0.133 0.825 0.042 
 93      785    (2)    2 :  0.039 0.067 0.895 
 94      786    (0)    2 :  0.307 0.478 0.215 
 95      787    (0)    2 :  0.294 0.235 0.471 
 96      788    (2)    2 :  0.806 0.169 0.024 
 97      789    (2)    2 :  0.221 0.722 0.057 
 98      790    (0)    2 :  0.788 0.148 0.065 
 99      791    (2)    2 :  0.306 0.669 0.024 
100      792    (4)    2 :  0.286 0.670 0.043 
101      793    (0)    2 :  0.672 0.269 0.059 
102      794    (2)    2 :  0.591 0.060 0.349 
103      795    (4)    2 :  0.850 0.048 0.101 
104      796    (2)    2 :  0.041 0.936 0.022 
105      167    (0)    3 :  0.756 0.179 0.066 
106      168    (2)    3 :  0.283 0.690 0.027 
107      169    (2)    3 :  0.123 0.831 0.047 
108      170    (0)    3 :  0.080 0.855 0.065 
109      171    (0)    3 :  0.862 0.082 0.057 
110      172    (0)    3 :  0.077 0.083 0.840 
111      173    (0)    3 :  0.075 0.084 0.841 
112      174    (0)    3 :  0.197 0.707 0.096 
113      175    (0)    3 :  0.439 0.055 0.506 
114      176    (2)    3 :  0.158 0.820 0.022 
115      177    (0)    3 :  0.913 0.044 0.043 
116      178    (2)    3 :  0.067 0.911 0.022 
117      446    (0)    3 :  0.036 0.035 0.929 
118      447    (0)    3 :  0.028 0.018 0.954 
119      448    (0)    3 :  0.035 0.027 0.939 
120      449    (0)    3 :  0.729 0.122 0.148 
121      450    (0)    3 :  0.044 0.051 0.904 
122      454    (0)    3 :  0.018 0.014 0.968 
123      455    (0)    3 :  0.018 0.016 0.966 
124      456    (0)    3 :  0.052 0.038 0.910 
125      457    (0)    3 :  0.120 0.051 0.829 
126      458    (0)    3 :  0.245 0.171 0.585 
127      460    (0)    3 :  0.795 0.019 0.185 
128      461    (0)    3 :  0.087 0.055 0.859 
129      462    (4)    3 :  0.036 0.027 0.937 
130      463    (4)    3 :  0.032 0.031 0.938 
131      464    (2)    3 :  0.271 0.072 0.657 
132      465    (0)    3 :  0.023 0.065 0.912 
133      466    (0)    3 :  0.041 0.047 0.912 
134      468    (0)    3 :  0.013 0.017 0.970 
135      479    (0)    3 :  0.077 0.034 0.889 
136      480    (0)    3 :  0.106 0.153 0.741 
137      504    (0)    3 :  0.030 0.929 0.042 
138      505    (0)    3 :  0.030 0.929 0.041 
139      506    (0)    3 :  0.020 0.021 0.959 
140      507    (0)    3 :  0.890 0.026 0.084 
141      508    (0)    3 :  0.203 0.075 0.722 
142      509    (0)    3 :  0.020 0.021 0.959 
143      510    (0)    3 :  0.029 0.929 0.042 
144      191    (0)    4 :  0.112 0.153 0.734 
145      441    (0)    4 :  0.020 0.053 0.927 
146      444    (0)    4 :  0.052 0.044 0.904 
147      445    (0)    4 :  0.152 0.728 0.120 
148      451    (0)    4 :  0.328 0.167 0.505 
149      453    (0)    4 :  0.025 0.026 0.949 
150      459    (0)    4 :  0.248 0.111 0.641 
151      467    (2)    4 :  0.025 0.029 0.946 
152      475    (0)    4 :  0.232 0.377 0.390 
153      476    (0)    4 :  0.310 0.052 0.638 
154      477    (0)    4 :  0.106 0.328 0.566 
155      478    (0)    4 :  0.035 0.111 0.854 
156      483    (0)    4 :  0.025 0.027 0.947 
157      484    (0)    4 :  0.031 0.045 0.924 
158      485    (0)    4 :  0.080 0.160 0.759 
159      489    (0)    4 :  0.029 0.024 0.947 
160      490    (0)    4 :  0.061 0.077 0.862 
161      503    (0)    4 :  0.031 0.551 0.418 
162      511    (0)    4 :  0.041 0.025 0.934 
163      518    (0)    4 :  0.028 0.068 0.903 
164      519    (0)    4 :  0.033 0.037 0.930 
165      520    (0)    4 :  0.040 0.023 0.937 
166      521    (0)    4 :  0.096 0.036 0.868 
167      524    (0)    4 :  0.216 0.454 0.330 
168      766    (0)    4 :  0.018 0.025 0.957 
169      928    (0)    4 :  0.030 0.402 0.568 
170      037    (0)    5 :  0.678 0.247 0.075 
171      064    (2)    5 :  0.144 0.788 0.068 
172      098    (4)    5 :  0.353 0.301 0.346 
173      107    (4)    5 :  0.083 0.893 0.024 
174      116    (0)    5 :  0.226 0.752 0.022 
175      118    (2)    5 :  0.696 0.208 0.097 
176      124    (0)    5 :  0.245 0.698 0.057 
177      131    (2)    5 :  0.772 0.186 0.042 
178      151    (0)    5 :  0.390 0.566 0.044 
179      179    (0)    5 :  0.320 0.579 0.101 
180      180    (0)    5 :  0.324 0.381 0.295 
181      181    (0)    5 :  0.900 0.042 0.058 
182      182    (2)    5 :  0.217 0.245 0.538 
183      183    (0)    5 :  0.591 0.375 0.034 
184      184    (2)    5 :  0.185 0.790 0.026 
185      185    (0)    5 :  0.032 0.917 0.052 
186      198    (0)    5 :  0.504 0.276 0.221 
187      212    (2)    5 :  0.935 0.031 0.034 
188      354    (0)    5 :  0.204 0.105 0.691 
189      370    (0)    5 :  0.901 0.085 0.014 
190      371    (0)    5 :  0.179 0.772 0.049 
191      372    (0)    5 :  0.592 0.343 0.066 
192      373    (0)    5 :  0.612 0.317 0.071 
193      374    (0)    5 :  0.364 0.610 0.026 
194      375    (0)    5 :  0.154 0.755 0.091 
195      376    (0)    5 :  0.087 0.723 0.190 
196      377    (0)    5 :  0.762 0.191 0.046 
197      378    (0)    5 :  0.476 0.363 0.160 
198      379    (0)    5 :  0.312 0.614 0.074 
199      380    (0)    5 :  0.770 0.144 0.086 
200      381    (0)    5 :  0.288 0.585 0.127 
201      382    (0)    5 :  0.218 0.758 0.024 
202      383    (0)    5 :  0.899 0.080 0.022 
203      384    (0)    5 :  0.871 0.109 0.020 
204      385    (0)    5 :  0.577 0.403 0.020 
205      386    (0)    5 :  0.078 0.874 0.048 
206      387    (0)    5 :  0.462 0.487 0.052 
207      388    (0)    5 :  0.056 0.198 0.747 
208      389    (0)    5 :  0.084 0.861 0.054 
209      396    (0)    5 :  0.150 0.806 0.044 
210      404    (0)    5 :  0.061 0.912 0.026 
211      437    (0)    5 :  0.869 0.059 0.072 
212      438    (0)    5 :  0.837 0.055 0.108 
213      439    (0)    5 :  0.168 0.643 0.189 
214      426    (0)    6 :  0.241 0.667 0.092 
215      427    (0)    6 :  0.924 0.046 0.030 
216      432    (0)    6 :  0.518 0.440 0.042 
217      433    (2)    6 :  0.545 0.426 0.029 
218      434    (0)    6 :  0.446 0.364 0.190 


Estimated Allele Frequencies in each cluster
First column gives estimated ancestral frequencies


Locus 1 : 1 
4 alleles
0.0% missing data
  89   (0.564) 0.578 0.584 0.533 
  91   (0.349) 0.335 0.364 0.416 
  93   (0.066) 0.068 0.046 0.032 
  99   (0.022) 0.018 0.006 0.018 

Locus 2 : 2 
6 alleles
2.3% missing data
 136   (0.342) 0.359 0.449 0.089 
 140   (0.074) 0.068 0.060 0.052 
 132   (0.033) 0.040 0.017 0.004 
 138   (0.288) 0.268 0.270 0.481 
 134   (0.236) 0.250 0.192 0.261 
 142   (0.027) 0.015 0.012 0.114 

Locus 3 : 3 
6 alleles
0.0% missing data
 187   (0.317) 0.329 0.370 0.188 
 175   (0.059) 0.040 0.053 0.149 
 181   (0.242) 0.242 0.225 0.313 
 179   (0.252) 0.258 0.255 0.256 
 185   (0.096) 0.094 0.082 0.086 
 191   (0.033) 0.037 0.016 0.008 

Locus 4 : 4 
9 alleles
0.5% missing data
 253   (0.474) 0.492 0.502 0.542 
 245   (0.011) 0.005 0.006 0.001 
 269   (0.171) 0.159 0.177 0.248 
 247   (0.078) 0.067 0.087 0.052 
 249   (0.023) 0.023 0.013 0.002 
 241   (0.168) 0.177 0.163 0.144 
 271   (0.045) 0.057 0.028 0.008 
 239   (0.017) 0.013 0.011 0.002 
 273   (0.013) 0.006 0.012 0.001 

Locus 5 : 5 
6 alleles
0.5% missing data
 103   (0.824) 0.862 0.806 0.956 
 105   (0.056) 0.044 0.076 0.015 
 102   (0.020) 0.011 0.026 0.002 
 104   (0.071) 0.061 0.079 0.024 
 107   (0.018) 0.015 0.009 0.002 
 101   (0.011) 0.008 0.003 0.001 

Locus 6 : 6 
5 alleles
0.0% missing data
 145   (0.436) 0.387 0.511 0.546 
 135   (0.205) 0.203 0.200 0.173 
 141   (0.286) 0.346 0.212 0.270 
 147   (0.060) 0.058 0.066 0.009 
 137   (0.014) 0.006 0.012 0.002 

Locus 7 : 7 
10 alleles
1.8% missing data
  97   (0.189) 0.230 0.169 0.108 
 103   (0.275) 0.253 0.327 0.384 
  93   (0.212) 0.209 0.213 0.307 
  85   (0.044) 0.027 0.067 0.019 
  89   (0.088) 0.090 0.067 0.107 
  91   (0.072) 0.074 0.065 0.026 
  83   (0.083) 0.084 0.077 0.047 
 105   (0.016) 0.019 0.004 0.002 
 101   (0.011) 0.004 0.007 0.001 
  99   (0.011) 0.008 0.003 0.001 

Locus 8 : 8 
8 alleles
0.0% missing data
 129   (0.546) 0.530 0.620 0.692 
 143   (0.247) 0.267 0.241 0.190 
 141   (0.044) 0.034 0.041 0.021 
 133   (0.026) 0.028 0.014 0.004 
 127   (0.019) 0.014 0.016 0.002 
 149   (0.092) 0.113 0.054 0.084 
 145   (0.011) 0.006 0.005 0.001 
 131   (0.015) 0.007 0.008 0.006 

Locus 9 : 9 
4 alleles
0.0% missing data
 189   (0.479) 0.484 0.493 0.456 
 191   (0.380) 0.396 0.392 0.277 
 195   (0.130) 0.114 0.111 0.265 
 197   (0.011) 0.007 0.004 0.002 

Locus 10 : 10 
7 alleles
0.5% missing data
 238   (0.557) 0.576 0.530 0.779 
 250   (0.017) 0.009 0.016 0.001 
 232   (0.247) 0.246 0.284 0.155 
 254   (0.037) 0.042 0.028 0.003 
 252   (0.105) 0.090 0.126 0.059 
 236   (0.011) 0.007 0.004 0.001 
 248   (0.027) 0.030 0.014 0.002 

Locus 11 : 11 
4 alleles
0.5% missing data
  87   (0.709) 0.740 0.660 0.842 
  89   (0.220) 0.207 0.257 0.138 
  91   (0.049) 0.031 0.073 0.018 
  85   (0.021) 0.023 0.009 0.002 

Locus 12 : 12 
13 alleles
0.5% missing data
 158   (0.205) 0.190 0.261 0.190 
 160   (0.199) 0.180 0.246 0.271 
 154   (0.027) 0.034 0.016 0.002 
 162   (0.237) 0.269 0.226 0.281 
 170   (0.063) 0.076 0.042 0.032 
 147   (0.044) 0.040 0.029 0.036 
 149   (0.039) 0.042 0.017 0.050 
 161   (0.102) 0.086 0.129 0.109 
 143   (0.032) 0.051 0.015 0.004 
 153   (0.017) 0.016 0.009 0.002 
 150   (0.010) 0.004 0.003 0.006 
 159   (0.013) 0.005 0.005 0.017 
 164   (0.011) 0.007 0.004 0.001 

Locus 13 : 13 
5 alleles
0.0% missing data
 108   (0.190) 0.174 0.240 0.099 
 113   (0.320) 0.321 0.309 0.366 
 115   (0.466) 0.492 0.435 0.532 
 109   (0.014) 0.007 0.011 0.001 
 110   (0.011) 0.006 0.005 0.001 

Locus 14 : 14 
5 alleles
1.4% missing data
 229   (0.542) 0.548 0.548 0.520 
 231   (0.135) 0.151 0.183 0.014 
 233   (0.048) 0.053 0.021 0.039 
 227   (0.143) 0.126 0.119 0.322 
 225   (0.133) 0.121 0.129 0.106 

Locus 15 : 15 
4 alleles
0.5% missing data
 143   (0.825) 0.857 0.820 0.895 
 145   (0.094) 0.082 0.099 0.054 
 147   (0.064) 0.053 0.058 0.049 
 133   (0.017) 0.008 0.022 0.002 

Locus 16 : 16 
5 alleles
0.0% missing data
 160   (0.128) 0.169 0.070 0.109 
 158   (0.559) 0.562 0.556 0.608 
 156   (0.214) 0.167 0.290 0.246 
 154   (0.087) 0.098 0.080 0.017 
 152   (0.013) 0.005 0.003 0.019 

Locus 17 : 17 
5 alleles
0.0% missing data
  88   (0.084) 0.120 0.061 0.010 
  90   (0.664) 0.632 0.730 0.734 
 102   (0.187) 0.202 0.131 0.242 
 100   (0.053) 0.041 0.075 0.009 
 104   (0.011) 0.005 0.003 0.006 

Locus 18 : 18 
7 alleles
0.0% missing data
 127   (0.302) 0.281 0.366 0.323 
 140   (0.284) 0.289 0.320 0.215 
 148   (0.092) 0.116 0.054 0.068 
 150   (0.063) 0.051 0.044 0.148 
 142   (0.136) 0.138 0.142 0.080 
 138   (0.054) 0.051 0.039 0.035 
 146   (0.068) 0.073 0.034 0.130 

Locus 19 : 19 
7 alleles
0.0% missing data
 188   (0.194) 0.181 0.231 0.149 
 194   (0.537) 0.573 0.545 0.547 
 190   (0.116) 0.112 0.100 0.164 
 200   (0.116) 0.119 0.093 0.136 
 192   (0.011) 0.004 0.007 0.001 
 202   (0.015) 0.007 0.017 0.001 
 196   (0.011) 0.004 0.007 0.001 

Locus 20 : 20 
6 alleles
0.9% missing data
 252   (0.713) 0.739 0.748 0.794 
 246   (0.098) 0.097 0.103 0.041 
 250   (0.071) 0.082 0.040 0.059 
 254   (0.062) 0.047 0.054 0.086 
 248   (0.030) 0.023 0.033 0.004 
 244   (0.025) 0.013 0.021 0.016 

Locus 21 : 21 
7 alleles
0.5% missing data
 159   (0.035) 0.059 0.013 0.004 
 173   (0.261) 0.240 0.242 0.566 
 175   (0.132) 0.114 0.156 0.084 
 177   (0.289) 0.293 0.311 0.211 
 167   (0.188) 0.187 0.203 0.118 
 165   (0.050) 0.064 0.037 0.006 
 163   (0.045) 0.042 0.037 0.011 

Locus 22 : 22 
10 alleles
1.8% missing data
 146   (0.221) 0.229 0.190 0.340 
 158   (0.089) 0.116 0.084 0.014 
 152   (0.413) 0.390 0.472 0.575 
 162   (0.066) 0.077 0.059 0.013 
 166   (0.096) 0.096 0.123 0.023 
 156   (0.021) 0.013 0.008 0.015 
 164   (0.026) 0.021 0.024 0.003 
 150   (0.032) 0.035 0.020 0.007 
 142   (0.024) 0.019 0.015 0.009 
 148   (0.011) 0.005 0.006 0.001 

Locus 23 : 23 
7 alleles
0.9% missing data
 154   (0.564) 0.632 0.499 0.572 
 156   (0.122) 0.108 0.196 0.028 
 158   (0.032) 0.031 0.026 0.003 
 160   (0.099) 0.079 0.106 0.126 
 144   (0.158) 0.138 0.157 0.268 
 152   (0.011) 0.005 0.005 0.002 
 146   (0.013) 0.007 0.011 0.001 

Locus 24 : 24 
4 alleles
0.9% missing data
  81   (0.397) 0.445 0.339 0.396 
  83   (0.440) 0.426 0.495 0.417 
  85   (0.087) 0.059 0.111 0.096 
  77   (0.076) 0.070 0.055 0.091 

Locus 25 : 25 
6 alleles
0.5% missing data
 124   (0.540) 0.535 0.595 0.555 
 132   (0.313) 0.343 0.275 0.333 
 122   (0.089) 0.067 0.100 0.106 
 120   (0.020) 0.020 0.011 0.002 
 136   (0.017) 0.017 0.006 0.002 
 126   (0.021) 0.018 0.012 0.002 

Locus 26 : 26 
7 alleles
0.5% missing data
 183   (0.347) 0.359 0.376 0.302 
 165   (0.218) 0.202 0.227 0.278 
 175   (0.243) 0.234 0.251 0.311 
 181   (0.072) 0.069 0.083 0.017 
 179   (0.098) 0.124 0.053 0.089 
 185   (0.011) 0.005 0.006 0.001 
 157   (0.011) 0.007 0.004 0.001 

Locus 27 : 27 
4 alleles
0.5% missing data
 142   (0.635) 0.655 0.606 0.752 
 148   (0.195) 0.187 0.253 0.076 
 150   (0.128) 0.134 0.096 0.136 
 138   (0.042) 0.024 0.045 0.036 

Locus 28 : 28 
6 alleles
0.5% missing data
 262   (0.486) 0.470 0.599 0.373 
 260   (0.371) 0.392 0.317 0.545 
 256   (0.089) 0.102 0.060 0.052 
 258   (0.018) 0.017 0.007 0.001 
 266   (0.011) 0.004 0.003 0.006 
 264   (0.025) 0.014 0.013 0.022 

Locus 29 : 29 
6 alleles
0.0% missing data
 146   (0.280) 0.253 0.362 0.215 
 150   (0.438) 0.433 0.450 0.555 
 140   (0.172) 0.192 0.134 0.166 
 148   (0.059) 0.068 0.036 0.028 
 152   (0.040) 0.046 0.014 0.036 
 151   (0.011) 0.008 0.003 0.001 

Locus 30 : 30 
6 alleles
0.0% missing data
 129   (0.419) 0.422 0.380 0.596 
 131   (0.045) 0.028 0.048 0.034 
 123   (0.146) 0.128 0.127 0.255 
 127   (0.104) 0.128 0.065 0.055 
 125   (0.271) 0.282 0.372 0.059 
 121   (0.015) 0.010 0.007 0.002 

Locus 31 : 31 
5 alleles
0.5% missing data
 155   (0.529) 0.563 0.552 0.413 
 159   (0.189) 0.172 0.191 0.266 
 157   (0.187) 0.184 0.167 0.253 
 151   (0.031) 0.033 0.023 0.003 
 153   (0.065) 0.048 0.067 0.065 

Locus 32 : 32 
5 alleles
0.0% missing data
 150   (0.527) 0.520 0.530 0.628 
 148   (0.054) 0.089 0.021 0.013 
 146   (0.354) 0.342 0.384 0.319 
 154   (0.047) 0.039 0.060 0.007 
 152   (0.018) 0.011 0.005 0.032 

Locus 33 : 33 
6 alleles
0.0% missing data
 180   (0.439) 0.466 0.449 0.349 
 196   (0.102) 0.071 0.134 0.139 
 184   (0.183) 0.157 0.200 0.267 
 190   (0.018) 0.009 0.006 0.039 
 192   (0.197) 0.239 0.139 0.196 
 198   (0.061) 0.058 0.071 0.011 

Locus 34 : 34 
6 alleles
0.0% missing data
 112   (0.378) 0.405 0.354 0.380 
  90   (0.043) 0.037 0.042 0.009 
 108   (0.152) 0.152 0.148 0.103 
 110   (0.167) 0.204 0.122 0.111 
 106   (0.248) 0.194 0.331 0.395 
  96   (0.011) 0.008 0.003 0.001 

Locus 35 : 35 
9 alleles
0.0% missing data
 170   (0.228) 0.205 0.297 0.190 
 172   (0.311) 0.325 0.287 0.431 
 176   (0.082) 0.107 0.079 0.009 
 168   (0.065) 0.056 0.080 0.019 
 174   (0.183) 0.182 0.185 0.183 
 166   (0.047) 0.033 0.033 0.110 
 186   (0.023) 0.014 0.009 0.039 
 178   (0.051) 0.072 0.024 0.018 
 158   (0.011) 0.006 0.005 0.001 

Locus 36 : 36 
6 alleles
0.0% missing data
  89   (0.559) 0.574 0.575 0.680 
  83   (0.120) 0.103 0.137 0.106 
  81   (0.079) 0.077 0.089 0.023 
  95   (0.054) 0.043 0.040 0.069 
  85   (0.166) 0.189 0.144 0.118 
  91   (0.020) 0.014 0.015 0.003 

Locus 37 : 37 
10 alleles
0.0% missing data
 161   (0.329) 0.328 0.409 0.262 
 165   (0.220) 0.212 0.243 0.239 
 168   (0.018) 0.014 0.010 0.002 
 173   (0.243) 0.267 0.210 0.314 
 155   (0.026) 0.037 0.012 0.002 
 169   (0.103) 0.100 0.095 0.125 
 167   (0.024) 0.020 0.010 0.012 
 159   (0.014) 0.011 0.004 0.004 
 177   (0.011) 0.006 0.005 0.001 
 175   (0.013) 0.005 0.003 0.038 

Locus 38 : 38 
5 alleles
0.0% missing data
  85   (0.190) 0.182 0.185 0.208 
  91   (0.169) 0.178 0.170 0.090 
  87   (0.068) 0.043 0.088 0.064 
  89   (0.447) 0.420 0.481 0.579 
  81   (0.127) 0.176 0.076 0.060 

Locus 39 : 39 
4 alleles
0.9% missing data
 161   (0.194) 0.202 0.181 0.144 
 167   (0.761) 0.763 0.800 0.794 
 165   (0.034) 0.030 0.013 0.062 
 177   (0.011) 0.005 0.006 0.001 

Locus 40 : 40 
6 alleles
0.5% missing data
 240   (0.123) 0.097 0.148 0.149 
 228   (0.407) 0.445 0.354 0.507 
 238   (0.341) 0.328 0.396 0.291 
 236   (0.092) 0.092 0.080 0.048 
 232   (0.016) 0.008 0.016 0.001 
 224   (0.020) 0.029 0.006 0.003 

Locus 41 : 41 
7 alleles
0.0% missing data
 130   (0.513) 0.559 0.525 0.429 
 132   (0.107) 0.077 0.131 0.201 
 134   (0.125) 0.136 0.112 0.064 
 128   (0.133) 0.122 0.126 0.202 
 118   (0.066) 0.052 0.054 0.100 
 114   (0.046) 0.047 0.048 0.004 
 136   (0.011) 0.007 0.004 0.001 

Locus 42 : 42 
5 alleles
1.8% missing data
 104   (0.446) 0.482 0.411 0.491 
 102   (0.237) 0.213 0.251 0.349 
  96   (0.071) 0.072 0.071 0.018 
  92   (0.111) 0.096 0.133 0.064 
  98   (0.135) 0.138 0.134 0.079 

Locus 43 : 43 
6 alleles
2.8% missing data
  99   (0.167) 0.177 0.170 0.076 
  95   (0.189) 0.156 0.227 0.217 
 101   (0.299) 0.256 0.385 0.279 
 103   (0.313) 0.391 0.195 0.425 
  97   (0.022) 0.016 0.017 0.002 
  91   (0.011) 0.005 0.007 0.001 

Locus 44 : 44 
6 alleles
0.0% missing data
 191   (0.307) 0.341 0.295 0.199 
 181   (0.538) 0.497 0.607 0.700 
 183   (0.014) 0.012 0.006 0.001 
 179   (0.051) 0.076 0.030 0.005 
 177   (0.076) 0.070 0.060 0.057 
 193   (0.013) 0.005 0.003 0.038 

Locus 45 : 45 
6 alleles
1.8% missing data
 205   (0.480) 0.515 0.469 0.509 
 211   (0.242) 0.261 0.265 0.134 
 201   (0.064) 0.044 0.068 0.090 
 207   (0.130) 0.117 0.117 0.210 
 215   (0.069) 0.054 0.072 0.056 
 202   (0.015) 0.009 0.010 0.002 

Locus 46 : 46 
10 alleles
0.9% missing data
 158   (0.148) 0.155 0.149 0.086 
 164   (0.056) 0.036 0.098 0.016 
 168   (0.120) 0.114 0.176 0.029 
 142   (0.387) 0.405 0.367 0.539 
 156   (0.032) 0.029 0.022 0.011 
 144   (0.064) 0.048 0.075 0.041 
 166   (0.108) 0.142 0.048 0.235 
 170   (0.018) 0.009 0.021 0.002 
 162   (0.057) 0.054 0.040 0.040 
 160   (0.011) 0.007 0.004 0.001 

Locus 47 : 47 
6 alleles
8.3% missing data
 145   (0.230) 0.228 0.293 0.096 
 153   (0.186) 0.177 0.166 0.343 
 149   (0.349) 0.363 0.319 0.403 
 151   (0.183) 0.183 0.180 0.153 
 143   (0.021) 0.015 0.019 0.002 
 147   (0.031) 0.034 0.022 0.003 

Values of parameters used in structure:
DATAFILE=w2.str,	OUTFILE=k3/w2_k3_run9,	NUMINDS=218,	NUMLOCI=47,	MISSING=-9,	LABEL=1,	POPDATA=1,	POPFLAG=0,	PHENOTYPE=0,	EXTRACOLS=0,	MAXPOPS=3,	BURNIN=500000,	NUMREPS=750000,	USEPOPINFO=0,	INFERALPHA=1,	INFERLAMBDA=0,	POPSPECIFICLAMBDA=0,	POPALPHAS=0,	COMPUTEPROB=1,	NOADMIX=0,	ADMBURNIN=500,	UPDATEFREQ=100,	PRINTLIKES=0,	INTERMEDSAVE=0,	PRINTKLD=0,	PRINTNET=1,	PRINTLAMBDA=1,	ANCESTDIST=0,	NUMBOXES=1000,	ANCESTPINT=0.90000,	GENSBACK=2,	MIGRPRIOR=0.01000,	PRINTQHAT=0,	PRINTQSUM=1,	ALPHA=1.0000,	FREQSCORR=1,	FPRIORMEAN=0.0100,	FPRIORSD=0.0500,	ONEFST=0,	LAMBDA=1.0000,	UNIFPRIORALPHA=1,	ALPHAMAX=10.0000,	ALPHAPRIORA=1.0000,	ALPHAPRIORB=2.0000,	ALPHAPROPSD=0.0250,	STARTATPOPINFO=0,	RANDOMIZE=0,	LINKAGE=0,	METROFREQ=10,	REPORTHITRATE=0,	MARKOVPHASE=0,	PHASED=1,	PLOIDY=2,	PHASEINFO=0	LOCPRIOR=0, 	LOCPRIORINIT=1.000000, 	LOCDATA=0, 	LOCISPOP=1, 	LOCPRIORSTEP=0.100000, 	MAXLOCPRIOR=20.000000, 	SEED=392916,	
[STRAT parameters]:    NUMSIMSTATS=1000,	PHENOTYPECOL=-9,	POOLFREQ=10,	LOCUSxONLY=0,	EMERROR=0.00100,	MISSINGPHENO=-9,	