

----------------------------------------------------
STRUCTURE by Pritchard, Stephens and Donnelly (2000)
     and Falush, Stephens and Pritchard (2003)
       Code by Pritchard, Falush and Hubisz
             Version 2.3.4 (Jul 2012)
----------------------------------------------------



Command line arguments:   structure -D 475813 -K 2 -m mainparams -o k2/w2_k2_run10 
Input File:    w2.str

Run parameters:
   218 individuals
   47 loci
   2 populations assumed
   500000 Burn-in period
   750000 Reps
RANDOMIZE turned off


--------------------------------------------
Proportion of membership of each pre-defined
 population in each of the 2 clusters

Given    Inferred Clusters       Number of
 Pop       1      2             Individuals

  1:     0.819  0.181              27
  2:     0.594  0.406              77
  3:     0.353  0.647              39
  4:     0.162  0.838              26
  5:     0.820  0.180              44
  6:     0.859  0.141               5
--------------------------------------------

Allele-freq. divergence among pops (Net nucleotide distance),
computed using point estimates of P.

      1       2      
 1      -    0.0161  
 2   0.0161     -    

Average distances (expected heterozygosity) between individuals in same cluster:
cluster  1  : 0.6452 
cluster  2  : 0.5860 

--------------------------------------------
Estimated Ln Prob of Data   = -24972.0
Mean value of ln likelihood = -24778.2
Variance of ln likelihood   = 387.5
Mean value of alpha         = 0.2609

Mean value of Fst_1         = 0.0027
Mean value of Fst_2         = 0.0701


Inferred ancestry of individuals:
        Label (%Miss) Pop:  Inferred clusters
  1      010    (0)    1 :  0.951 0.049 
  2      025    (0)    1 :  0.831 0.169 
  3      052    (0)    1 :  0.952 0.048 
  4      094    (0)    1 :  0.888 0.112 
  5      106    (0)    1 :  0.471 0.529 
  6      115    (0)    1 :  0.894 0.106 
  7      117    (0)    1 :  0.806 0.194 
  8      142    (0)    1 :  0.893 0.107 
  9      154    (0)    1 :  0.138 0.862 
 10      186    (2)    1 :  0.725 0.275 
 11      187    (2)    1 :  0.969 0.031 
 12      188    (0)    1 :  0.950 0.050 
 13      189    (0)    1 :  0.918 0.082 
 14      190    (0)    1 :  0.900 0.100 
 15      193    (0)    1 :  0.961 0.039 
 16      197    (0)    1 :  0.649 0.351 
 17      208    (0)    1 :  0.878 0.122 
 18      211    (0)    1 :  0.928 0.072 
 19      216    (0)    1 :  0.914 0.086 
 20      224    (0)    1 :  0.858 0.142 
 21      233    (0)    1 :  0.682 0.318 
 22      246    (0)    1 :  0.733 0.267 
 23      344    (0)    1 :  0.933 0.067 
 24      364    (0)    1 :  0.880 0.120 
 25      428    (0)    1 :  0.969 0.031 
 26      435    (2)    1 :  0.529 0.471 
 27      436    (2)    1 :  0.923 0.077 
 28      440    (0)    2 :  0.049 0.951 
 29      442    (0)    2 :  0.953 0.047 
 30      443    (0)    2 :  0.938 0.062 
 31      452    (0)    2 :  0.324 0.676 
 32      481    (0)    2 :  0.617 0.383 
 33      482    (0)    2 :  0.943 0.057 
 34      486    (0)    2 :  0.053 0.947 
 35      487    (0)    2 :  0.172 0.828 
 36      488    (0)    2 :  0.337 0.663 
 37      491    (0)    2 :  0.882 0.118 
 38      492    (0)    2 :  0.847 0.153 
 39      493    (0)    2 :  0.029 0.971 
 40      494    (0)    2 :  0.292 0.708 
 41      495    (2)    2 :  0.077 0.923 
 42      496    (0)    2 :  0.773 0.227 
 43      497    (0)    2 :  0.725 0.275 
 44      498    (0)    2 :  0.206 0.794 
 45      499    (0)    2 :  0.861 0.139 
 46      500    (0)    2 :  0.047 0.953 
 47      501    (0)    2 :  0.811 0.189 
 48      502    (0)    2 :  0.839 0.161 
 49      512    (0)    2 :  0.840 0.160 
 50      513    (0)    2 :  0.896 0.104 
 51      514    (0)    2 :  0.841 0.159 
 52      515    (0)    2 :  0.195 0.805 
 53      516    (0)    2 :  0.137 0.863 
 54      517    (0)    2 :  0.446 0.554 
 55      522    (0)    2 :  0.853 0.147 
 56      523    (0)    2 :  0.897 0.103 
 57      748    (0)    2 :  0.900 0.100 
 58      749    (4)    2 :  0.673 0.327 
 59      750    (2)    2 :  0.907 0.093 
 60      751    (4)    2 :  0.850 0.150 
 61      752    (0)    2 :  0.968 0.032 
 62      753    (2)    2 :  0.968 0.032 
 63      754    (2)    2 :  0.056 0.944 
 64      755    (4)    2 :  0.079 0.921 
 65      756    (0)    2 :  0.051 0.949 
 66      757    (2)    2 :  0.477 0.523 
 67      758    (4)    2 :  0.747 0.253 
 68      759    (0)    2 :  0.024 0.976 
 69      760    (2)    2 :  0.104 0.896 
 70      761    (0)    2 :  0.394 0.606 
 71      762    (4)    2 :  0.027 0.973 
 72      763    (0)    2 :  0.068 0.932 
 73      764    (0)    2 :  0.036 0.964 
 74      765    (0)    2 :  0.024 0.976 
 75      767    (0)    2 :  0.869 0.131 
 76      768    (0)    2 :  0.489 0.511 
 77      769    (0)    2 :  0.616 0.384 
 78      770    (2)    2 :  0.917 0.083 
 79      771    (6)    2 :  0.795 0.205 
 80      772    (2)    2 :  0.783 0.217 
 81      773    (2)    2 :  0.909 0.091 
 82      774    (0)    2 :  0.505 0.495 
 83      775    (0)    2 :  0.756 0.244 
 84      776    (2)    2 :  0.884 0.116 
 85      777    (4)    2 :  0.762 0.238 
 86      778    (2)    2 :  0.942 0.058 
 87      779    (0)    2 :  0.944 0.056 
 88      780    (2)    2 :  0.917 0.083 
 89      781    (8)    2 :  0.824 0.176 
 90      782    (4)    2 :  0.715 0.285 
 91      783    (2)    2 :  0.602 0.398 
 92      784    (4)    2 :  0.918 0.082 
 93      785    (2)    2 :  0.071 0.929 
 94      786    (0)    2 :  0.721 0.279 
 95      787    (0)    2 :  0.361 0.639 
 96      788    (2)    2 :  0.954 0.046 
 97      789    (2)    2 :  0.882 0.118 
 98      790    (0)    2 :  0.846 0.154 
 99      791    (2)    2 :  0.953 0.047 
100      792    (4)    2 :  0.914 0.086 
101      793    (0)    2 :  0.892 0.108 
102      794    (2)    2 :  0.136 0.864 
103      795    (4)    2 :  0.670 0.330 
104      796    (2)    2 :  0.943 0.057 
105      167    (0)    3 :  0.889 0.111 
106      168    (2)    3 :  0.949 0.051 
107      169    (2)    3 :  0.899 0.101 
108      170    (0)    3 :  0.864 0.136 
109      171    (0)    3 :  0.877 0.123 
110      172    (0)    3 :  0.112 0.888 
111      173    (0)    3 :  0.112 0.888 
112      174    (0)    3 :  0.825 0.175 
113      175    (0)    3 :  0.308 0.692 
114      176    (2)    3 :  0.952 0.048 
115      177    (0)    3 :  0.865 0.135 
116      178    (2)    3 :  0.949 0.051 
117      446    (0)    3 :  0.055 0.945 
118      447    (0)    3 :  0.034 0.966 
119      448    (0)    3 :  0.058 0.942 
120      449    (0)    3 :  0.641 0.359 
121      450    (0)    3 :  0.064 0.936 
122      454    (0)    3 :  0.024 0.976 
123      455    (0)    3 :  0.028 0.972 
124      456    (0)    3 :  0.054 0.946 
125      457    (0)    3 :  0.078 0.922 
126      458    (0)    3 :  0.251 0.749 
127      460    (0)    3 :  0.144 0.856 
128      461    (0)    3 :  0.121 0.879 
129      462    (4)    3 :  0.039 0.961 
130      463    (4)    3 :  0.050 0.950 
131      464    (2)    3 :  0.211 0.789 
132      465    (0)    3 :  0.044 0.956 
133      466    (0)    3 :  0.064 0.936 
134      468    (0)    3 :  0.022 0.978 
135      479    (0)    3 :  0.057 0.943 
136      480    (0)    3 :  0.208 0.792 
137      504    (0)    3 :  0.821 0.179 
138      505    (0)    3 :  0.820 0.180 
139      506    (0)    3 :  0.032 0.968 
140      507    (0)    3 :  0.237 0.763 
141      508    (0)    3 :  0.147 0.853 
142      509    (0)    3 :  0.032 0.968 
143      510    (0)    3 :  0.820 0.180 
144      191    (0)    4 :  0.118 0.882 
145      441    (0)    4 :  0.040 0.960 
146      444    (0)    4 :  0.105 0.895 
147      445    (0)    4 :  0.794 0.206 
148      451    (0)    4 :  0.335 0.665 
149      453    (0)    4 :  0.037 0.963 
150      459    (0)    4 :  0.230 0.770 
151      467    (2)    4 :  0.040 0.960 
152      475    (0)    4 :  0.571 0.429 
153      476    (0)    4 :  0.124 0.876 
154      477    (0)    4 :  0.342 0.658 
155      478    (0)    4 :  0.082 0.918 
156      483    (0)    4 :  0.034 0.966 
157      484    (0)    4 :  0.059 0.941 
158      485    (0)    4 :  0.105 0.895 
159      489    (0)    4 :  0.031 0.969 
160      490    (0)    4 :  0.082 0.918 
161      503    (0)    4 :  0.189 0.811 
162      511    (0)    4 :  0.050 0.950 
163      518    (0)    4 :  0.068 0.932 
164      519    (0)    4 :  0.058 0.942 
165      520    (0)    4 :  0.046 0.954 
166      521    (0)    4 :  0.089 0.911 
167      524    (0)    4 :  0.440 0.560 
168      766    (0)    4 :  0.036 0.964 
169      928    (0)    4 :  0.100 0.900 
170      037    (0)    5 :  0.888 0.112 
171      064    (2)    5 :  0.845 0.155 
172      098    (4)    5 :  0.649 0.351 
173      107    (4)    5 :  0.948 0.052 
174      116    (0)    5 :  0.960 0.040 
175      118    (2)    5 :  0.841 0.159 
176      124    (0)    5 :  0.882 0.118 
177      131    (2)    5 :  0.905 0.095 
178      151    (0)    5 :  0.925 0.075 
179      179    (0)    5 :  0.864 0.136 
180      180    (0)    5 :  0.565 0.435 
181      181    (0)    5 :  0.876 0.124 
182      182    (2)    5 :  0.408 0.592 
183      183    (0)    5 :  0.931 0.069 
184      184    (2)    5 :  0.949 0.051 
185      185    (0)    5 :  0.871 0.129 
186      198    (0)    5 :  0.678 0.322 
187      212    (2)    5 :  0.916 0.084 
188      354    (0)    5 :  0.174 0.826 
189      370    (0)    5 :  0.972 0.028 
190      371    (0)    5 :  0.909 0.091 
191      372    (0)    5 :  0.887 0.113 
192      373    (0)    5 :  0.879 0.121 
193      374    (0)    5 :  0.958 0.042 
194      375    (0)    5 :  0.848 0.152 
195      376    (0)    5 :  0.658 0.342 
196      377    (0)    5 :  0.884 0.116 
197      378    (0)    5 :  0.745 0.255 
198      379    (0)    5 :  0.872 0.128 
199      380    (0)    5 :  0.820 0.180 
200      381    (0)    5 :  0.776 0.224 
201      382    (0)    5 :  0.955 0.045 
202      383    (0)    5 :  0.935 0.065 
203      384    (0)    5 :  0.952 0.048 
204      385    (0)    5 :  0.965 0.035 
205      386    (0)    5 :  0.905 0.095 
206      387    (0)    5 :  0.922 0.078 
207      388    (0)    5 :  0.181 0.819 
208      389    (0)    5 :  0.891 0.109 
209      396    (0)    5 :  0.925 0.075 
210      404    (0)    5 :  0.943 0.057 
211      437    (0)    5 :  0.833 0.167 
212      438    (0)    5 :  0.737 0.263 
213      439    (0)    5 :  0.668 0.332 
214      426    (0)    6 :  0.830 0.170 
215      427    (0)    6 :  0.914 0.086 
216      432    (0)    6 :  0.908 0.092 
217      433    (2)    6 :  0.939 0.061 
218      434    (0)    6 :  0.704 0.296 


Estimated Allele Frequencies in each cluster
First column gives estimated ancestral frequencies


Locus 1 : 1 
4 alleles
0.0% missing data
  89   (0.576) 0.582 0.540 
  91   (0.347) 0.346 0.409 
  93   (0.061) 0.059 0.033 
  99   (0.016) 0.013 0.018 

Locus 2 : 2 
6 alleles
2.3% missing data
 136   (0.415) 0.434 0.108 
 140   (0.070) 0.067 0.048 
 132   (0.032) 0.031 0.004 
 138   (0.257) 0.249 0.468 
 134   (0.210) 0.205 0.273 
 142   (0.017) 0.012 0.098 

Locus 3 : 3 
6 alleles
0.0% missing data
 187   (0.353) 0.363 0.200 
 175   (0.050) 0.045 0.132 
 181   (0.231) 0.229 0.304 
 179   (0.249) 0.249 0.265 
 185   (0.086) 0.084 0.090 
 191   (0.030) 0.029 0.008 

Locus 4 : 4 
9 alleles
0.5% missing data
 253   (0.488) 0.495 0.538 
 245   (0.008) 0.007 0.001 
 269   (0.162) 0.160 0.244 
 247   (0.077) 0.076 0.058 
 249   (0.021) 0.020 0.002 
 241   (0.172) 0.174 0.143 
 271   (0.045) 0.045 0.012 
 239   (0.015) 0.014 0.001 
 273   (0.012) 0.010 0.001 

Locus 5 : 5 
6 alleles
0.5% missing data
 103   (0.816) 0.820 0.952 
 105   (0.064) 0.064 0.019 
 102   (0.021) 0.020 0.002 
 104   (0.075) 0.075 0.025 
 107   (0.015) 0.014 0.001 
 101   (0.008) 0.007 0.001 

Locus 6 : 6 
5 alleles
0.0% missing data
 145   (0.459) 0.460 0.516 
 135   (0.208) 0.208 0.167 
 141   (0.256) 0.254 0.305 
 147   (0.065) 0.067 0.011 
 137   (0.012) 0.010 0.002 

Locus 7 : 7 
10 alleles
1.8% missing data
  97   (0.194) 0.199 0.125 
 103   (0.290) 0.293 0.363 
  93   (0.202) 0.201 0.301 
  85   (0.050) 0.049 0.026 
  89   (0.076) 0.073 0.109 
  91   (0.073) 0.075 0.026 
  83   (0.084) 0.084 0.047 
 105   (0.015) 0.013 0.002 
 101   (0.008) 0.007 0.001 
  99   (0.008) 0.007 0.001 

Locus 8 : 8 
8 alleles
0.0% missing data
 129   (0.563) 0.569 0.678 
 143   (0.251) 0.256 0.199 
 141   (0.042) 0.041 0.020 
 133   (0.024) 0.023 0.004 
 127   (0.018) 0.017 0.002 
 149   (0.081) 0.079 0.092 
 145   (0.008) 0.007 0.001 
 131   (0.012) 0.009 0.004 

Locus 9 : 9 
4 alleles
0.0% missing data
 189   (0.493) 0.497 0.451 
 191   (0.387) 0.391 0.305 
 195   (0.112) 0.106 0.243 
 197   (0.009) 0.007 0.001 

Locus 10 : 10 
7 alleles
0.5% missing data
 238   (0.529) 0.526 0.773 
 250   (0.015) 0.014 0.001 
 232   (0.273) 0.278 0.158 
 254   (0.037) 0.038 0.003 
 252   (0.113) 0.113 0.062 
 236   (0.009) 0.007 0.001 
 248   (0.024) 0.024 0.002 

Locus 11 : 11 
4 alleles
0.5% missing data
  87   (0.686) 0.685 0.832 
  89   (0.238) 0.241 0.145 
  91   (0.057) 0.056 0.021 
  85   (0.018) 0.017 0.002 

Locus 12 : 12 
13 alleles
0.5% missing data
 158   (0.231) 0.238 0.181 
 160   (0.208) 0.211 0.264 
 154   (0.026) 0.027 0.002 
 162   (0.232) 0.235 0.289 
 170   (0.061) 0.061 0.034 
 147   (0.039) 0.036 0.032 
 149   (0.021) 0.017 0.064 
 161   (0.107) 0.107 0.109 
 143   (0.035) 0.036 0.005 
 153   (0.014) 0.013 0.001 
 150   (0.008) 0.005 0.004 
 159   (0.010) 0.007 0.014 
 164   (0.008) 0.007 0.001 

Locus 13 : 13 
5 alleles
0.0% missing data
 108   (0.218) 0.223 0.100 
 113   (0.316) 0.315 0.356 
 115   (0.446) 0.445 0.542 
 109   (0.012) 0.010 0.001 
 110   (0.008) 0.007 0.001 

Locus 14 : 14 
5 alleles
1.4% missing data
 229   (0.539) 0.540 0.539 
 231   (0.169) 0.181 0.020 
 233   (0.041) 0.037 0.039 
 227   (0.122) 0.116 0.294 
 225   (0.128) 0.126 0.109 

Locus 15 : 15 
4 alleles
0.5% missing data
 143   (0.828) 0.833 0.892 
 145   (0.095) 0.095 0.055 
 147   (0.058) 0.055 0.051 
 133   (0.018) 0.017 0.002 

Locus 16 : 16 
5 alleles
0.0% missing data
 160   (0.116) 0.114 0.120 
 158   (0.546) 0.548 0.608 
 156   (0.236) 0.236 0.237 
 154   (0.092) 0.096 0.019 
 152   (0.010) 0.006 0.015 

Locus 17 : 17 
5 alleles
0.0% missing data
  88   (0.090) 0.092 0.027 
  90   (0.673) 0.676 0.727 
 102   (0.166) 0.163 0.231 
 100   (0.062) 0.063 0.012 
 104   (0.009) 0.006 0.004 

Locus 18 : 18 
7 alleles
0.0% missing data
 127   (0.327) 0.332 0.314 
 140   (0.296) 0.301 0.238 
 148   (0.088) 0.087 0.069 
 150   (0.049) 0.045 0.132 
 142   (0.139) 0.141 0.089 
 138   (0.049) 0.047 0.034 
 146   (0.051) 0.047 0.124 

Locus 19 : 19 
7 alleles
0.0% missing data
 188   (0.209) 0.212 0.153 
 194   (0.567) 0.577 0.525 
 190   (0.095) 0.091 0.172 
 200   (0.097) 0.093 0.148 
 192   (0.008) 0.007 0.001 
 202   (0.015) 0.014 0.001 
 196   (0.008) 0.007 0.001 

Locus 20 : 20 
6 alleles
0.9% missing data
 252   (0.728) 0.737 0.794 
 246   (0.100) 0.100 0.052 
 250   (0.064) 0.061 0.059 
 254   (0.056) 0.052 0.077 
 248   (0.031) 0.030 0.004 
 244   (0.022) 0.019 0.014 

Locus 21 : 21 
7 alleles
0.5% missing data
 159   (0.040) 0.041 0.005 
 173   (0.235) 0.228 0.519 
 175   (0.142) 0.144 0.084 
 177   (0.293) 0.296 0.235 
 167   (0.198) 0.201 0.123 
 165   (0.048) 0.047 0.023 
 163   (0.043) 0.043 0.011 

Locus 22 : 22 
10 alleles
1.8% missing data
 146   (0.197) 0.193 0.337 
 158   (0.102) 0.108 0.017 
 152   (0.422) 0.424 0.561 
 162   (0.070) 0.072 0.017 
 166   (0.110) 0.114 0.035 
 156   (0.016) 0.013 0.012 
 164   (0.024) 0.024 0.003 
 150   (0.030) 0.029 0.008 
 142   (0.021) 0.018 0.009 
 148   (0.008) 0.007 0.001 

Locus 23 : 23 
7 alleles
0.9% missing data
 154   (0.557) 0.563 0.571 
 156   (0.154) 0.160 0.045 
 158   (0.031) 0.031 0.004 
 160   (0.089) 0.086 0.129 
 144   (0.149) 0.144 0.248 
 152   (0.009) 0.007 0.001 
 146   (0.012) 0.010 0.001 

Locus 24 : 24 
4 alleles
0.9% missing data
  81   (0.392) 0.395 0.387 
  83   (0.444) 0.447 0.444 
  85   (0.094) 0.092 0.088 
  77   (0.069) 0.066 0.081 

Locus 25 : 25 
6 alleles
0.5% missing data
 124   (0.552) 0.557 0.568 
 132   (0.311) 0.312 0.322 
 122   (0.086) 0.083 0.105 
 120   (0.018) 0.017 0.002 
 136   (0.015) 0.014 0.002 
 126   (0.018) 0.017 0.002 

Locus 26 : 26 
7 alleles
0.5% missing data
 183   (0.356) 0.361 0.323 
 165   (0.215) 0.214 0.268 
 175   (0.239) 0.238 0.305 
 181   (0.080) 0.083 0.017 
 179   (0.094) 0.092 0.086 
 185   (0.008) 0.007 0.001 
 157   (0.008) 0.007 0.001 

Locus 27 : 27 
4 alleles
0.5% missing data
 142   (0.624) 0.625 0.735 
 148   (0.223) 0.229 0.093 
 150   (0.114) 0.111 0.137 
 138   (0.039) 0.036 0.034 

Locus 28 : 28 
6 alleles
0.5% missing data
 262   (0.524) 0.535 0.406 
 260   (0.345) 0.342 0.522 
 256   (0.088) 0.087 0.048 
 258   (0.015) 0.014 0.001 
 266   (0.008) 0.006 0.004 
 264   (0.020) 0.016 0.019 

Locus 29 : 29 
6 alleles
0.0% missing data
 146   (0.305) 0.310 0.232 
 150   (0.436) 0.438 0.534 
 140   (0.167) 0.166 0.159 
 148   (0.051) 0.049 0.036 
 152   (0.033) 0.029 0.038 
 151   (0.008) 0.007 0.001 

Locus 30 : 30 
6 alleles
0.0% missing data
 129   (0.385) 0.379 0.588 
 131   (0.043) 0.040 0.034 
 123   (0.130) 0.125 0.235 
 127   (0.095) 0.094 0.068 
 125   (0.335) 0.353 0.074 
 121   (0.012) 0.010 0.001 

Locus 31 : 31 
5 alleles
0.5% missing data
 155   (0.559) 0.569 0.427 
 159   (0.185) 0.182 0.249 
 157   (0.169) 0.165 0.251 
 151   (0.031) 0.031 0.003 
 153   (0.056) 0.053 0.071 

Locus 32 : 32 
5 alleles
0.0% missing data
 150   (0.521) 0.523 0.605 
 148   (0.052) 0.050 0.036 
 146   (0.362) 0.366 0.320 
 154   (0.052) 0.053 0.010 
 152   (0.012) 0.008 0.028 

Locus 33 : 33 
6 alleles
0.0% missing data
 180   (0.451) 0.460 0.364 
 196   (0.104) 0.102 0.136 
 184   (0.183) 0.181 0.247 
 190   (0.015) 0.011 0.031 
 192   (0.179) 0.178 0.209 
 198   (0.067) 0.069 0.013 

Locus 34 : 34 
6 alleles
0.0% missing data
 112   (0.370) 0.372 0.385 
  90   (0.037) 0.034 0.025 
 108   (0.157) 0.159 0.098 
 110   (0.169) 0.171 0.108 
 106   (0.259) 0.256 0.383 
  96   (0.008) 0.007 0.001 

Locus 35 : 35 
9 alleles
0.0% missing data
 170   (0.252) 0.257 0.198 
 172   (0.295) 0.294 0.421 
 176   (0.094) 0.101 0.011 
 168   (0.071) 0.072 0.023 
 174   (0.180) 0.180 0.187 
 166   (0.032) 0.028 0.103 
 186   (0.017) 0.013 0.033 
 178   (0.050) 0.049 0.024 
 158   (0.008) 0.007 0.001 

Locus 36 : 36 
6 alleles
0.0% missing data
  89   (0.559) 0.563 0.676 
  83   (0.128) 0.128 0.099 
  81   (0.086) 0.088 0.027 
  95   (0.048) 0.044 0.060 
  85   (0.160) 0.161 0.135 
  91   (0.018) 0.016 0.004 

Locus 37 : 37 
10 alleles
0.0% missing data
 161   (0.360) 0.371 0.281 
 165   (0.226) 0.229 0.235 
 168   (0.014) 0.013 0.001 
 173   (0.223) 0.223 0.318 
 155   (0.027) 0.027 0.002 
 169   (0.100) 0.098 0.117 
 167   (0.020) 0.017 0.011 
 159   (0.011) 0.009 0.004 
 177   (0.008) 0.007 0.001 
 175   (0.010) 0.006 0.031 

Locus 38 : 38 
5 alleles
0.0% missing data
  85   (0.183) 0.182 0.203 
  91   (0.179) 0.183 0.091 
  87   (0.072) 0.069 0.063 
  89   (0.444) 0.444 0.563 
  81   (0.122) 0.122 0.080 

Locus 39 : 39 
4 alleles
0.9% missing data
 161   (0.194) 0.195 0.147 
 167   (0.770) 0.775 0.800 
 165   (0.027) 0.023 0.052 
 177   (0.009) 0.007 0.001 

Locus 40 : 40 
6 alleles
0.5% missing data
 240   (0.127) 0.125 0.143 
 228   (0.382) 0.381 0.506 
 238   (0.367) 0.374 0.288 
 236   (0.091) 0.091 0.048 
 232   (0.015) 0.014 0.001 
 224   (0.018) 0.015 0.014 

Locus 41 : 41 
7 alleles
0.0% missing data
 130   (0.538) 0.548 0.441 
 132   (0.108) 0.104 0.186 
 134   (0.123) 0.123 0.078 
 128   (0.117) 0.114 0.199 
 118   (0.057) 0.053 0.090 
 114   (0.049) 0.051 0.005 
 136   (0.008) 0.007 0.001 

Locus 42 : 42 
5 alleles
1.8% missing data
 104   (0.433) 0.433 0.501 
 102   (0.232) 0.228 0.333 
  96   (0.075) 0.077 0.019 
  92   (0.122) 0.123 0.061 
  98   (0.138) 0.138 0.085 

Locus 43 : 43 
6 alleles
2.8% missing data
  99   (0.164) 0.166 0.104 
  95   (0.197) 0.196 0.206 
 101   (0.320) 0.323 0.286 
 103   (0.292) 0.290 0.401 
  97   (0.019) 0.018 0.002 
  91   (0.009) 0.007 0.001 

Locus 44 : 44 
6 alleles
0.0% missing data
 191   (0.315) 0.320 0.216 
 181   (0.538) 0.537 0.694 
 183   (0.012) 0.010 0.001 
 179   (0.055) 0.058 0.006 
 177   (0.071) 0.069 0.052 
 193   (0.010) 0.006 0.031 

Locus 45 : 45 
6 alleles
1.8% missing data
 205   (0.483) 0.488 0.510 
 211   (0.255) 0.260 0.163 
 201   (0.063) 0.060 0.079 
 207   (0.123) 0.119 0.189 
 215   (0.065) 0.063 0.058 
 202   (0.012) 0.010 0.001 

Locus 46 : 46 
10 alleles
0.9% missing data
 158   (0.157) 0.160 0.086 
 164   (0.072) 0.073 0.022 
 168   (0.148) 0.156 0.036 
 142   (0.353) 0.353 0.550 
 156   (0.029) 0.027 0.012 
 144   (0.062) 0.060 0.049 
 166   (0.102) 0.098 0.206 
 170   (0.018) 0.017 0.002 
 162   (0.052) 0.050 0.036 
 160   (0.008) 0.007 0.001 

Locus 47 : 47 
6 alleles
8.3% missing data
 145   (0.262) 0.270 0.116 
 153   (0.171) 0.166 0.319 
 149   (0.344) 0.344 0.390 
 151   (0.173) 0.172 0.171 
 143   (0.020) 0.019 0.002 
 147   (0.030) 0.030 0.003 

Values of parameters used in structure:
DATAFILE=w2.str,	OUTFILE=k2/w2_k2_run10,	NUMINDS=218,	NUMLOCI=47,	MISSING=-9,	LABEL=1,	POPDATA=1,	POPFLAG=0,	PHENOTYPE=0,	EXTRACOLS=0,	MAXPOPS=2,	BURNIN=500000,	NUMREPS=750000,	USEPOPINFO=0,	INFERALPHA=1,	INFERLAMBDA=0,	POPSPECIFICLAMBDA=0,	POPALPHAS=0,	COMPUTEPROB=1,	NOADMIX=0,	ADMBURNIN=500,	UPDATEFREQ=100,	PRINTLIKES=0,	INTERMEDSAVE=0,	PRINTKLD=0,	PRINTNET=1,	PRINTLAMBDA=1,	ANCESTDIST=0,	NUMBOXES=1000,	ANCESTPINT=0.90000,	GENSBACK=2,	MIGRPRIOR=0.01000,	PRINTQHAT=0,	PRINTQSUM=1,	ALPHA=1.0000,	FREQSCORR=1,	FPRIORMEAN=0.0100,	FPRIORSD=0.0500,	ONEFST=0,	LAMBDA=1.0000,	UNIFPRIORALPHA=1,	ALPHAMAX=10.0000,	ALPHAPRIORA=1.0000,	ALPHAPRIORB=2.0000,	ALPHAPROPSD=0.0250,	STARTATPOPINFO=0,	RANDOMIZE=0,	LINKAGE=0,	METROFREQ=10,	REPORTHITRATE=0,	MARKOVPHASE=0,	PHASED=1,	PLOIDY=2,	PHASEINFO=0	LOCPRIOR=0, 	LOCPRIORINIT=1.000000, 	LOCDATA=0, 	LOCISPOP=1, 	LOCPRIORSTEP=0.100000, 	MAXLOCPRIOR=20.000000, 	SEED=475813,	
[STRAT parameters]:    NUMSIMSTATS=1000,	PHENOTYPECOL=-9,	POOLFREQ=10,	LOCUSxONLY=0,	EMERROR=0.00100,	MISSINGPHENO=-9,	