

----------------------------------------------------
STRUCTURE by Pritchard, Stephens and Donnelly (2000)
     and Falush, Stephens and Pritchard (2003)
       Code by Pritchard, Falush and Hubisz
             Version 2.3.4 (Jul 2012)
----------------------------------------------------



Command line arguments:   structure -D 338195 -K 2 -m mainparams -o k2/w2_k2_run3 
Input File:    w2.str

Run parameters:
   218 individuals
   47 loci
   2 populations assumed
   500000 Burn-in period
   750000 Reps
RANDOMIZE turned off


--------------------------------------------
Proportion of membership of each pre-defined
 population in each of the 2 clusters

Given    Inferred Clusters       Number of
 Pop       1      2             Individuals

  1:     0.182  0.818              27
  2:     0.407  0.593              77
  3:     0.647  0.353              39
  4:     0.837  0.163              26
  5:     0.182  0.818              44
  6:     0.143  0.857               5
--------------------------------------------

Allele-freq. divergence among pops (Net nucleotide distance),
computed using point estimates of P.

      1       2      
 1      -    0.0163  
 2   0.0163     -    

Average distances (expected heterozygosity) between individuals in same cluster:
cluster  1  : 0.5857 
cluster  2  : 0.6453 

--------------------------------------------
Estimated Ln Prob of Data   = -24979.5
Mean value of ln likelihood = -24778.9
Variance of ln likelihood   = 401.1
Mean value of alpha         = 0.2696

Mean value of Fst_1         = 0.0709
Mean value of Fst_2         = 0.0028


Inferred ancestry of individuals:
        Label (%Miss) Pop:  Inferred clusters
  1      010    (0)    1 :  0.051 0.949 
  2      025    (0)    1 :  0.169 0.831 
  3      052    (0)    1 :  0.049 0.951 
  4      094    (0)    1 :  0.114 0.886 
  5      106    (0)    1 :  0.530 0.470 
  6      115    (0)    1 :  0.108 0.892 
  7      117    (0)    1 :  0.197 0.803 
  8      142    (0)    1 :  0.110 0.890 
  9      154    (0)    1 :  0.857 0.143 
 10      186    (2)    1 :  0.272 0.728 
 11      187    (2)    1 :  0.033 0.967 
 12      188    (0)    1 :  0.052 0.948 
 13      189    (0)    1 :  0.083 0.917 
 14      190    (0)    1 :  0.102 0.898 
 15      193    (0)    1 :  0.040 0.960 
 16      197    (0)    1 :  0.353 0.647 
 17      208    (0)    1 :  0.124 0.876 
 18      211    (0)    1 :  0.073 0.927 
 19      216    (0)    1 :  0.090 0.910 
 20      224    (0)    1 :  0.143 0.857 
 21      233    (0)    1 :  0.317 0.683 
 22      246    (0)    1 :  0.268 0.732 
 23      344    (0)    1 :  0.069 0.931 
 24      364    (0)    1 :  0.120 0.880 
 25      428    (0)    1 :  0.032 0.968 
 26      435    (2)    1 :  0.468 0.532 
 27      436    (2)    1 :  0.079 0.921 
 28      440    (0)    2 :  0.950 0.050 
 29      442    (0)    2 :  0.050 0.950 
 30      443    (0)    2 :  0.063 0.937 
 31      452    (0)    2 :  0.674 0.326 
 32      481    (0)    2 :  0.384 0.616 
 33      482    (0)    2 :  0.058 0.942 
 34      486    (0)    2 :  0.946 0.054 
 35      487    (0)    2 :  0.821 0.179 
 36      488    (0)    2 :  0.662 0.338 
 37      491    (0)    2 :  0.122 0.878 
 38      492    (0)    2 :  0.157 0.843 
 39      493    (0)    2 :  0.970 0.030 
 40      494    (0)    2 :  0.708 0.292 
 41      495    (2)    2 :  0.921 0.079 
 42      496    (0)    2 :  0.230 0.770 
 43      497    (0)    2 :  0.279 0.721 
 44      498    (0)    2 :  0.792 0.208 
 45      499    (0)    2 :  0.141 0.859 
 46      500    (0)    2 :  0.951 0.049 
 47      501    (0)    2 :  0.193 0.807 
 48      502    (0)    2 :  0.162 0.838 
 49      512    (0)    2 :  0.162 0.838 
 50      513    (0)    2 :  0.107 0.893 
 51      514    (0)    2 :  0.166 0.834 
 52      515    (0)    2 :  0.802 0.198 
 53      516    (0)    2 :  0.860 0.140 
 54      517    (0)    2 :  0.550 0.450 
 55      522    (0)    2 :  0.150 0.850 
 56      523    (0)    2 :  0.107 0.893 
 57      748    (0)    2 :  0.105 0.895 
 58      749    (4)    2 :  0.332 0.668 
 59      750    (2)    2 :  0.096 0.904 
 60      751    (4)    2 :  0.154 0.846 
 61      752    (0)    2 :  0.033 0.967 
 62      753    (2)    2 :  0.032 0.968 
 63      754    (2)    2 :  0.941 0.059 
 64      755    (4)    2 :  0.920 0.080 
 65      756    (0)    2 :  0.948 0.052 
 66      757    (2)    2 :  0.522 0.478 
 67      758    (4)    2 :  0.257 0.743 
 68      759    (0)    2 :  0.975 0.025 
 69      760    (2)    2 :  0.894 0.106 
 70      761    (0)    2 :  0.605 0.395 
 71      762    (4)    2 :  0.973 0.027 
 72      763    (0)    2 :  0.929 0.071 
 73      764    (0)    2 :  0.963 0.037 
 74      765    (0)    2 :  0.975 0.025 
 75      767    (0)    2 :  0.133 0.867 
 76      768    (0)    2 :  0.505 0.495 
 77      769    (0)    2 :  0.379 0.621 
 78      770    (2)    2 :  0.085 0.915 
 79      771    (6)    2 :  0.209 0.791 
 80      772    (2)    2 :  0.222 0.778 
 81      773    (2)    2 :  0.093 0.907 
 82      774    (0)    2 :  0.491 0.509 
 83      775    (0)    2 :  0.242 0.758 
 84      776    (2)    2 :  0.117 0.883 
 85      777    (4)    2 :  0.240 0.760 
 86      778    (2)    2 :  0.060 0.940 
 87      779    (0)    2 :  0.058 0.942 
 88      780    (2)    2 :  0.085 0.915 
 89      781    (8)    2 :  0.177 0.823 
 90      782    (4)    2 :  0.284 0.716 
 91      783    (2)    2 :  0.399 0.601 
 92      784    (4)    2 :  0.082 0.918 
 93      785    (2)    2 :  0.929 0.071 
 94      786    (0)    2 :  0.278 0.722 
 95      787    (0)    2 :  0.641 0.359 
 96      788    (2)    2 :  0.048 0.952 
 97      789    (2)    2 :  0.121 0.879 
 98      790    (0)    2 :  0.157 0.843 
 99      791    (2)    2 :  0.049 0.951 
100      792    (4)    2 :  0.089 0.911 
101      793    (0)    2 :  0.110 0.890 
102      794    (2)    2 :  0.860 0.140 
103      795    (4)    2 :  0.334 0.666 
104      796    (2)    2 :  0.058 0.942 
105      167    (0)    3 :  0.114 0.886 
106      168    (2)    3 :  0.053 0.947 
107      169    (2)    3 :  0.102 0.898 
108      170    (0)    3 :  0.139 0.861 
109      171    (0)    3 :  0.127 0.873 
110      172    (0)    3 :  0.887 0.113 
111      173    (0)    3 :  0.888 0.112 
112      174    (0)    3 :  0.175 0.825 
113      175    (0)    3 :  0.693 0.307 
114      176    (2)    3 :  0.050 0.950 
115      177    (0)    3 :  0.140 0.860 
116      178    (2)    3 :  0.053 0.947 
117      446    (0)    3 :  0.944 0.056 
118      447    (0)    3 :  0.966 0.034 
119      448    (0)    3 :  0.940 0.060 
120      449    (0)    3 :  0.361 0.639 
121      450    (0)    3 :  0.933 0.067 
122      454    (0)    3 :  0.975 0.025 
123      455    (0)    3 :  0.972 0.028 
124      456    (0)    3 :  0.945 0.055 
125      457    (0)    3 :  0.919 0.081 
126      458    (0)    3 :  0.744 0.256 
127      460    (0)    3 :  0.852 0.148 
128      461    (0)    3 :  0.878 0.122 
129      462    (4)    3 :  0.959 0.041 
130      463    (4)    3 :  0.948 0.052 
131      464    (2)    3 :  0.785 0.215 
132      465    (0)    3 :  0.955 0.045 
133      466    (0)    3 :  0.935 0.065 
134      468    (0)    3 :  0.977 0.023 
135      479    (0)    3 :  0.941 0.059 
136      480    (0)    3 :  0.790 0.210 
137      504    (0)    3 :  0.185 0.815 
138      505    (0)    3 :  0.185 0.815 
139      506    (0)    3 :  0.967 0.033 
140      507    (0)    3 :  0.757 0.243 
141      508    (0)    3 :  0.850 0.150 
142      509    (0)    3 :  0.967 0.033 
143      510    (0)    3 :  0.186 0.814 
144      191    (0)    4 :  0.879 0.121 
145      441    (0)    4 :  0.958 0.042 
146      444    (0)    4 :  0.891 0.109 
147      445    (0)    4 :  0.208 0.792 
148      451    (0)    4 :  0.664 0.336 
149      453    (0)    4 :  0.963 0.037 
150      459    (0)    4 :  0.770 0.230 
151      467    (2)    4 :  0.959 0.041 
152      475    (0)    4 :  0.422 0.578 
153      476    (0)    4 :  0.875 0.125 
154      477    (0)    4 :  0.657 0.343 
155      478    (0)    4 :  0.916 0.084 
156      483    (0)    4 :  0.965 0.035 
157      484    (0)    4 :  0.938 0.062 
158      485    (0)    4 :  0.891 0.109 
159      489    (0)    4 :  0.968 0.032 
160      490    (0)    4 :  0.915 0.085 
161      503    (0)    4 :  0.811 0.189 
162      511    (0)    4 :  0.949 0.051 
163      518    (0)    4 :  0.931 0.069 
164      519    (0)    4 :  0.942 0.058 
165      520    (0)    4 :  0.952 0.048 
166      521    (0)    4 :  0.910 0.090 
167      524    (0)    4 :  0.557 0.443 
168      766    (0)    4 :  0.963 0.037 
169      928    (0)    4 :  0.899 0.101 
170      037    (0)    5 :  0.116 0.884 
171      064    (2)    5 :  0.157 0.843 
172      098    (4)    5 :  0.355 0.645 
173      107    (4)    5 :  0.055 0.945 
174      116    (0)    5 :  0.041 0.959 
175      118    (2)    5 :  0.165 0.835 
176      124    (0)    5 :  0.120 0.880 
177      131    (2)    5 :  0.097 0.903 
178      151    (0)    5 :  0.076 0.924 
179      179    (0)    5 :  0.138 0.862 
180      180    (0)    5 :  0.436 0.564 
181      181    (0)    5 :  0.126 0.874 
182      182    (2)    5 :  0.590 0.410 
183      183    (0)    5 :  0.072 0.928 
184      184    (2)    5 :  0.051 0.949 
185      185    (0)    5 :  0.132 0.868 
186      198    (0)    5 :  0.325 0.675 
187      212    (2)    5 :  0.087 0.913 
188      354    (0)    5 :  0.825 0.175 
189      370    (0)    5 :  0.029 0.971 
190      371    (0)    5 :  0.092 0.908 
191      372    (0)    5 :  0.116 0.884 
192      373    (0)    5 :  0.126 0.874 
193      374    (0)    5 :  0.044 0.956 
194      375    (0)    5 :  0.155 0.845 
195      376    (0)    5 :  0.342 0.658 
196      377    (0)    5 :  0.116 0.884 
197      378    (0)    5 :  0.259 0.741 
198      379    (0)    5 :  0.134 0.866 
199      380    (0)    5 :  0.181 0.819 
200      381    (0)    5 :  0.226 0.774 
201      382    (0)    5 :  0.046 0.954 
202      383    (0)    5 :  0.067 0.933 
203      384    (0)    5 :  0.049 0.951 
204      385    (0)    5 :  0.036 0.964 
205      386    (0)    5 :  0.098 0.902 
206      387    (0)    5 :  0.082 0.918 
207      388    (0)    5 :  0.816 0.184 
208      389    (0)    5 :  0.111 0.889 
209      396    (0)    5 :  0.078 0.922 
210      404    (0)    5 :  0.057 0.943 
211      437    (0)    5 :  0.170 0.830 
212      438    (0)    5 :  0.266 0.734 
213      439    (0)    5 :  0.331 0.669 
214      426    (0)    6 :  0.174 0.826 
215      427    (0)    6 :  0.089 0.911 
216      432    (0)    6 :  0.096 0.904 
217      433    (2)    6 :  0.062 0.938 
218      434    (0)    6 :  0.292 0.708 


Estimated Allele Frequencies in each cluster
First column gives estimated ancestral frequencies


Locus 1 : 1 
4 alleles
0.0% missing data
  89   (0.576) 0.541 0.582 
  91   (0.347) 0.409 0.346 
  93   (0.061) 0.033 0.059 
  99   (0.016) 0.017 0.013 

Locus 2 : 2 
6 alleles
2.3% missing data
 136   (0.416) 0.107 0.435 
 140   (0.070) 0.048 0.068 
 132   (0.032) 0.004 0.032 
 138   (0.256) 0.469 0.248 
 134   (0.209) 0.274 0.205 
 142   (0.017) 0.098 0.012 

Locus 3 : 3 
6 alleles
0.0% missing data
 187   (0.355) 0.200 0.365 
 175   (0.050) 0.132 0.045 
 181   (0.231) 0.305 0.229 
 179   (0.248) 0.265 0.248 
 185   (0.086) 0.090 0.084 
 191   (0.030) 0.008 0.029 

Locus 4 : 4 
9 alleles
0.5% missing data
 253   (0.488) 0.538 0.495 
 245   (0.008) 0.001 0.007 
 269   (0.162) 0.244 0.160 
 247   (0.078) 0.057 0.077 
 249   (0.021) 0.002 0.020 
 241   (0.172) 0.143 0.174 
 271   (0.045) 0.012 0.045 
 239   (0.015) 0.001 0.013 
 273   (0.012) 0.001 0.010 

Locus 5 : 5 
6 alleles
0.5% missing data
 103   (0.816) 0.952 0.820 
 105   (0.064) 0.019 0.064 
 102   (0.022) 0.002 0.021 
 104   (0.075) 0.025 0.075 
 107   (0.015) 0.001 0.014 
 101   (0.008) 0.001 0.007 

Locus 6 : 6 
5 alleles
0.0% missing data
 145   (0.459) 0.516 0.460 
 135   (0.208) 0.167 0.209 
 141   (0.256) 0.305 0.254 
 147   (0.065) 0.011 0.067 
 137   (0.012) 0.002 0.010 

Locus 7 : 7 
10 alleles
1.8% missing data
  97   (0.194) 0.125 0.199 
 103   (0.290) 0.363 0.293 
  93   (0.201) 0.301 0.201 
  85   (0.050) 0.026 0.049 
  89   (0.075) 0.109 0.073 
  91   (0.074) 0.025 0.075 
  83   (0.084) 0.047 0.084 
 105   (0.015) 0.002 0.013 
 101   (0.008) 0.001 0.007 
  99   (0.008) 0.001 0.007 

Locus 8 : 8 
8 alleles
0.0% missing data
 129   (0.562) 0.679 0.568 
 143   (0.252) 0.199 0.256 
 141   (0.042) 0.020 0.041 
 133   (0.024) 0.004 0.023 
 127   (0.018) 0.002 0.017 
 149   (0.082) 0.092 0.079 
 145   (0.008) 0.001 0.007 
 131   (0.012) 0.004 0.009 

Locus 9 : 9 
4 alleles
0.0% missing data
 189   (0.494) 0.451 0.497 
 191   (0.387) 0.305 0.391 
 195   (0.111) 0.244 0.105 
 197   (0.008) 0.001 0.007 

Locus 10 : 10 
7 alleles
0.5% missing data
 238   (0.528) 0.774 0.526 
 250   (0.015) 0.001 0.014 
 232   (0.273) 0.158 0.279 
 254   (0.037) 0.003 0.038 
 252   (0.113) 0.062 0.113 
 236   (0.008) 0.001 0.007 
 248   (0.025) 0.002 0.024 

Locus 11 : 11 
4 alleles
0.5% missing data
  87   (0.686) 0.833 0.685 
  89   (0.238) 0.145 0.241 
  91   (0.057) 0.021 0.056 
  85   (0.018) 0.002 0.017 

Locus 12 : 12 
13 alleles
0.5% missing data
 158   (0.231) 0.181 0.238 
 160   (0.208) 0.264 0.211 
 154   (0.026) 0.002 0.027 
 162   (0.231) 0.289 0.235 
 170   (0.061) 0.033 0.061 
 147   (0.038) 0.032 0.036 
 149   (0.020) 0.064 0.017 
 161   (0.107) 0.109 0.107 
 143   (0.035) 0.005 0.036 
 153   (0.014) 0.001 0.013 
 150   (0.008) 0.004 0.006 
 159   (0.010) 0.013 0.007 
 164   (0.008) 0.001 0.006 

Locus 13 : 13 
5 alleles
0.0% missing data
 108   (0.218) 0.100 0.224 
 113   (0.315) 0.356 0.315 
 115   (0.446) 0.542 0.445 
 109   (0.012) 0.001 0.010 
 110   (0.008) 0.001 0.007 

Locus 14 : 14 
5 alleles
1.4% missing data
 229   (0.539) 0.539 0.539 
 231   (0.170) 0.020 0.182 
 233   (0.041) 0.039 0.037 
 227   (0.122) 0.294 0.115 
 225   (0.128) 0.109 0.126 

Locus 15 : 15 
4 alleles
0.5% missing data
 143   (0.828) 0.892 0.833 
 145   (0.096) 0.055 0.095 
 147   (0.058) 0.051 0.055 
 133   (0.018) 0.002 0.017 

Locus 16 : 16 
5 alleles
0.0% missing data
 160   (0.116) 0.120 0.114 
 158   (0.546) 0.608 0.548 
 156   (0.235) 0.237 0.235 
 154   (0.093) 0.019 0.096 
 152   (0.010) 0.015 0.006 

Locus 17 : 17 
5 alleles
0.0% missing data
  88   (0.091) 0.027 0.092 
  90   (0.672) 0.727 0.675 
 102   (0.167) 0.231 0.163 
 100   (0.062) 0.012 0.064 
 104   (0.009) 0.004 0.006 

Locus 18 : 18 
7 alleles
0.0% missing data
 127   (0.327) 0.314 0.332 
 140   (0.296) 0.238 0.301 
 148   (0.088) 0.069 0.087 
 150   (0.049) 0.132 0.044 
 142   (0.139) 0.089 0.141 
 138   (0.049) 0.033 0.047 
 146   (0.051) 0.124 0.047 

Locus 19 : 19 
7 alleles
0.0% missing data
 188   (0.210) 0.153 0.213 
 194   (0.568) 0.525 0.577 
 190   (0.094) 0.172 0.090 
 200   (0.096) 0.148 0.093 
 192   (0.008) 0.001 0.007 
 202   (0.015) 0.001 0.014 
 196   (0.008) 0.001 0.007 

Locus 20 : 20 
6 alleles
0.9% missing data
 252   (0.728) 0.794 0.737 
 246   (0.100) 0.052 0.100 
 250   (0.064) 0.059 0.061 
 254   (0.056) 0.077 0.052 
 248   (0.031) 0.004 0.031 
 244   (0.022) 0.014 0.019 

Locus 21 : 21 
7 alleles
0.5% missing data
 159   (0.040) 0.005 0.041 
 173   (0.233) 0.520 0.227 
 175   (0.142) 0.084 0.143 
 177   (0.294) 0.235 0.297 
 167   (0.199) 0.122 0.202 
 165   (0.049) 0.023 0.047 
 163   (0.043) 0.011 0.043 

Locus 22 : 22 
10 alleles
1.8% missing data
 146   (0.197) 0.337 0.193 
 158   (0.102) 0.017 0.108 
 152   (0.422) 0.561 0.423 
 162   (0.070) 0.017 0.072 
 166   (0.110) 0.035 0.114 
 156   (0.016) 0.012 0.013 
 164   (0.024) 0.003 0.024 
 150   (0.030) 0.008 0.029 
 142   (0.021) 0.009 0.018 
 148   (0.008) 0.001 0.007 

Locus 23 : 23 
7 alleles
0.9% missing data
 154   (0.558) 0.571 0.563 
 156   (0.155) 0.045 0.161 
 158   (0.031) 0.004 0.031 
 160   (0.089) 0.129 0.085 
 144   (0.148) 0.248 0.144 
 152   (0.009) 0.001 0.007 
 146   (0.012) 0.001 0.010 

Locus 24 : 24 
4 alleles
0.9% missing data
  81   (0.392) 0.387 0.395 
  83   (0.444) 0.445 0.447 
  85   (0.094) 0.088 0.092 
  77   (0.069) 0.081 0.066 

Locus 25 : 25 
6 alleles
0.5% missing data
 124   (0.551) 0.569 0.557 
 132   (0.311) 0.322 0.313 
 122   (0.086) 0.105 0.083 
 120   (0.018) 0.002 0.017 
 136   (0.015) 0.002 0.014 
 126   (0.018) 0.002 0.017 

Locus 26 : 26 
7 alleles
0.5% missing data
 183   (0.356) 0.323 0.360 
 165   (0.214) 0.268 0.213 
 175   (0.239) 0.305 0.238 
 181   (0.080) 0.017 0.083 
 179   (0.094) 0.085 0.092 
 185   (0.008) 0.001 0.007 
 157   (0.008) 0.001 0.007 

Locus 27 : 27 
4 alleles
0.5% missing data
 142   (0.624) 0.736 0.624 
 148   (0.223) 0.092 0.229 
 150   (0.114) 0.137 0.111 
 138   (0.039) 0.035 0.036 

Locus 28 : 28 
6 alleles
0.5% missing data
 262   (0.525) 0.405 0.536 
 260   (0.344) 0.523 0.341 
 256   (0.088) 0.048 0.088 
 258   (0.015) 0.001 0.014 
 266   (0.008) 0.004 0.006 
 264   (0.020) 0.018 0.016 

Locus 29 : 29 
6 alleles
0.0% missing data
 146   (0.305) 0.232 0.310 
 150   (0.436) 0.535 0.438 
 140   (0.166) 0.159 0.166 
 148   (0.052) 0.036 0.050 
 152   (0.033) 0.037 0.029 
 151   (0.008) 0.001 0.007 

Locus 30 : 30 
6 alleles
0.0% missing data
 129   (0.384) 0.588 0.378 
 131   (0.044) 0.034 0.040 
 123   (0.130) 0.235 0.124 
 127   (0.095) 0.068 0.093 
 125   (0.335) 0.074 0.354 
 121   (0.012) 0.001 0.010 

Locus 31 : 31 
5 alleles
0.5% missing data
 155   (0.559) 0.427 0.569 
 159   (0.185) 0.249 0.183 
 157   (0.169) 0.251 0.165 
 151   (0.031) 0.003 0.031 
 153   (0.056) 0.071 0.053 

Locus 32 : 32 
5 alleles
0.0% missing data
 150   (0.521) 0.606 0.523 
 148   (0.052) 0.036 0.050 
 146   (0.363) 0.320 0.366 
 154   (0.052) 0.010 0.053 
 152   (0.012) 0.028 0.009 

Locus 33 : 33 
6 alleles
0.0% missing data
 180   (0.451) 0.364 0.460 
 196   (0.104) 0.136 0.102 
 184   (0.183) 0.247 0.181 
 190   (0.015) 0.030 0.011 
 192   (0.179) 0.209 0.178 
 198   (0.067) 0.013 0.069 

Locus 34 : 34 
6 alleles
0.0% missing data
 112   (0.369) 0.386 0.372 
  90   (0.037) 0.025 0.035 
 108   (0.157) 0.098 0.159 
 110   (0.169) 0.108 0.172 
 106   (0.258) 0.383 0.256 
  96   (0.008) 0.001 0.007 

Locus 35 : 35 
9 alleles
0.0% missing data
 170   (0.253) 0.198 0.257 
 172   (0.294) 0.422 0.294 
 176   (0.094) 0.011 0.100 
 168   (0.071) 0.022 0.072 
 174   (0.180) 0.187 0.180 
 166   (0.032) 0.103 0.028 
 186   (0.017) 0.033 0.013 
 178   (0.051) 0.023 0.050 
 158   (0.008) 0.001 0.007 

Locus 36 : 36 
6 alleles
0.0% missing data
  89   (0.559) 0.676 0.563 
  83   (0.128) 0.099 0.128 
  81   (0.086) 0.027 0.088 
  95   (0.048) 0.060 0.044 
  85   (0.160) 0.135 0.160 
  91   (0.018) 0.004 0.016 

Locus 37 : 37 
10 alleles
0.0% missing data
 161   (0.362) 0.280 0.372 
 165   (0.226) 0.235 0.228 
 168   (0.014) 0.001 0.013 
 173   (0.223) 0.318 0.223 
 155   (0.027) 0.002 0.027 
 169   (0.100) 0.117 0.098 
 167   (0.020) 0.011 0.017 
 159   (0.011) 0.004 0.009 
 177   (0.008) 0.001 0.007 
 175   (0.009) 0.031 0.006 

Locus 38 : 38 
5 alleles
0.0% missing data
  85   (0.183) 0.204 0.181 
  91   (0.179) 0.091 0.183 
  87   (0.072) 0.063 0.069 
  89   (0.444) 0.564 0.444 
  81   (0.123) 0.079 0.123 

Locus 39 : 39 
4 alleles
0.9% missing data
 161   (0.194) 0.147 0.195 
 167   (0.770) 0.800 0.775 
 165   (0.027) 0.052 0.023 
 177   (0.009) 0.001 0.007 

Locus 40 : 40 
6 alleles
0.5% missing data
 240   (0.127) 0.143 0.125 
 228   (0.381) 0.506 0.381 
 238   (0.368) 0.288 0.374 
 236   (0.091) 0.048 0.091 
 232   (0.015) 0.001 0.014 
 224   (0.018) 0.014 0.015 

Locus 41 : 41 
7 alleles
0.0% missing data
 130   (0.538) 0.441 0.549 
 132   (0.108) 0.186 0.104 
 134   (0.123) 0.077 0.124 
 128   (0.117) 0.200 0.113 
 118   (0.057) 0.090 0.053 
 114   (0.049) 0.005 0.051 
 136   (0.008) 0.001 0.007 

Locus 42 : 42 
5 alleles
1.8% missing data
 104   (0.433) 0.501 0.434 
 102   (0.231) 0.333 0.228 
  96   (0.075) 0.019 0.077 
  92   (0.122) 0.061 0.123 
  98   (0.138) 0.086 0.138 

Locus 43 : 43 
6 alleles
2.8% missing data
  99   (0.165) 0.104 0.166 
  95   (0.197) 0.206 0.196 
 101   (0.320) 0.286 0.323 
 103   (0.291) 0.402 0.290 
  97   (0.019) 0.002 0.018 
  91   (0.009) 0.001 0.007 

Locus 44 : 44 
6 alleles
0.0% missing data
 191   (0.315) 0.215 0.320 
 181   (0.536) 0.695 0.536 
 183   (0.012) 0.001 0.010 
 179   (0.056) 0.006 0.058 
 177   (0.071) 0.052 0.069 
 193   (0.010) 0.031 0.007 

Locus 45 : 45 
6 alleles
1.8% missing data
 205   (0.482) 0.510 0.487 
 211   (0.255) 0.163 0.260 
 201   (0.063) 0.079 0.060 
 207   (0.123) 0.189 0.119 
 215   (0.065) 0.058 0.063 
 202   (0.012) 0.001 0.010 

Locus 46 : 46 
10 alleles
0.9% missing data
 158   (0.158) 0.085 0.161 
 164   (0.072) 0.022 0.073 
 168   (0.148) 0.036 0.156 
 142   (0.353) 0.551 0.353 
 156   (0.029) 0.012 0.027 
 144   (0.062) 0.049 0.060 
 166   (0.102) 0.207 0.098 
 170   (0.018) 0.002 0.017 
 162   (0.052) 0.036 0.049 
 160   (0.008) 0.001 0.007 

Locus 47 : 47 
6 alleles
8.3% missing data
 145   (0.263) 0.115 0.271 
 153   (0.171) 0.319 0.165 
 149   (0.344) 0.390 0.343 
 151   (0.173) 0.171 0.171 
 143   (0.020) 0.002 0.019 
 147   (0.030) 0.003 0.030 

Values of parameters used in structure:
DATAFILE=w2.str,	OUTFILE=k2/w2_k2_run3,	NUMINDS=218,	NUMLOCI=47,	MISSING=-9,	LABEL=1,	POPDATA=1,	POPFLAG=0,	PHENOTYPE=0,	EXTRACOLS=0,	MAXPOPS=2,	BURNIN=500000,	NUMREPS=750000,	USEPOPINFO=0,	INFERALPHA=1,	INFERLAMBDA=0,	POPSPECIFICLAMBDA=0,	POPALPHAS=0,	COMPUTEPROB=1,	NOADMIX=0,	ADMBURNIN=500,	UPDATEFREQ=100,	PRINTLIKES=0,	INTERMEDSAVE=0,	PRINTKLD=0,	PRINTNET=1,	PRINTLAMBDA=1,	ANCESTDIST=0,	NUMBOXES=1000,	ANCESTPINT=0.90000,	GENSBACK=2,	MIGRPRIOR=0.01000,	PRINTQHAT=0,	PRINTQSUM=1,	ALPHA=1.0000,	FREQSCORR=1,	FPRIORMEAN=0.0100,	FPRIORSD=0.0500,	ONEFST=0,	LAMBDA=1.0000,	UNIFPRIORALPHA=1,	ALPHAMAX=10.0000,	ALPHAPRIORA=1.0000,	ALPHAPRIORB=2.0000,	ALPHAPROPSD=0.0250,	STARTATPOPINFO=0,	RANDOMIZE=0,	LINKAGE=0,	METROFREQ=10,	REPORTHITRATE=0,	MARKOVPHASE=0,	PHASED=1,	PLOIDY=2,	PHASEINFO=0	LOCPRIOR=0, 	LOCPRIORINIT=1.000000, 	LOCDATA=0, 	LOCISPOP=1, 	LOCPRIORSTEP=0.100000, 	MAXLOCPRIOR=20.000000, 	SEED=338195,	
[STRAT parameters]:    NUMSIMSTATS=1000,	PHENOTYPECOL=-9,	POOLFREQ=10,	LOCUSxONLY=0,	EMERROR=0.00100,	MISSINGPHENO=-9,	