

----------------------------------------------------
STRUCTURE by Pritchard, Stephens and Donnelly (2000)
     and Falush, Stephens and Pritchard (2003)
       Code by Pritchard, Falush and Hubisz
             Version 2.3.4 (Jul 2012)
----------------------------------------------------



Command line arguments:   structure -D 102267 -K 14 -m mainparams -o k14/temp2_k14_run1 
Input File:    temp2.str

Run parameters:
   486 individuals
   47 loci
   14 populations assumed
   500000 Burn-in period
   750000 Reps
RANDOMIZE turned off


--------------------------------------------
Proportion of membership of each pre-defined
 population in each of the 14 clusters

Given    Inferred Clusters                                                                                    Number of
 Pop       1      2      3      4      5      6      7      8      9     10     11     12     13     14      Individuals

  1:     0.010  0.008  0.003  0.006  0.009  0.012  0.008  0.010  0.009  0.868  0.004  0.009  0.010  0.033       63
  2:     0.016  0.007  0.003  0.010  0.010  0.015  0.012  0.006  0.013  0.872  0.006  0.012  0.007  0.011       20
  3:     0.005  0.004  0.944  0.006  0.003  0.004  0.003  0.004  0.004  0.003  0.007  0.004  0.004  0.004       36
  4:     0.019  0.006  0.003  0.008  0.009  0.036  0.012  0.015  0.018  0.723  0.004  0.018  0.014  0.114       21
  5:     0.007  0.005  0.003  0.006  0.014  0.012  0.008  0.010  0.006  0.389  0.003  0.007  0.006  0.523       31
  6:     0.007  0.004  0.004  0.004  0.012  0.006  0.008  0.006  0.008  0.899  0.004  0.007  0.017  0.014       21
  7:     0.019  0.011  0.005  0.024  0.005  0.798  0.020  0.015  0.016  0.011  0.004  0.017  0.043  0.011       25
  8:     0.032  0.009  0.095  0.044  0.012  0.022  0.020  0.048  0.036  0.486  0.010  0.030  0.024  0.130        8
  9:     0.008  0.005  0.002  0.004  0.332  0.008  0.026  0.006  0.008  0.563  0.005  0.009  0.010  0.015       17
 10:     0.005  0.945  0.003  0.005  0.003  0.006  0.005  0.005  0.004  0.005  0.003  0.004  0.004  0.004       29
 11:     0.003  0.002  0.005  0.002  0.003  0.002  0.002  0.002  0.003  0.002  0.967  0.003  0.002  0.002        9
 12:     0.206  0.014  0.018  0.028  0.009  0.060  0.023  0.119  0.208  0.011  0.008  0.213  0.065  0.016       26
 13:     0.136  0.011  0.011  0.048  0.012  0.028  0.157  0.184  0.120  0.013  0.009  0.131  0.126  0.014       74
 14:     0.084  0.011  0.012  0.070  0.010  0.021  0.365  0.070  0.094  0.019  0.007  0.090  0.134  0.013       35
 15:     0.044  0.008  0.008  0.015  0.007  0.027  0.490  0.021  0.044  0.032  0.008  0.045  0.236  0.016       24
 16:     0.212  0.025  0.022  0.012  0.007  0.039  0.030  0.163  0.188  0.027  0.009  0.197  0.055  0.013       43
 17:     0.164  0.009  0.006  0.012  0.051  0.013  0.013  0.029  0.371  0.014  0.003  0.278  0.024  0.014        4
--------------------------------------------

Allele-freq. divergence among pops (Net nucleotide distance),
computed using point estimates of P.

      1       2       3       4       5       6       7       8       9      10      11      12      13      14      
 1      -    0.0526  0.0795  0.0467  0.1030  0.0179  0.0187  0.0082  0.0005  0.0299  0.0966  0.0002  0.0145  0.0384  
 2   0.0526     -    0.1211  0.1047  0.1606  0.0600  0.0695  0.0634  0.0550  0.0793  0.1327  0.0547  0.0715  0.0937  
 3   0.0795  0.1211     -    0.1300  0.2156  0.1032  0.1243  0.0899  0.0822  0.1430  0.1124  0.0818  0.1090  0.1372  
 4   0.0467  0.1047  0.1300     -    0.1500  0.0586  0.0622  0.0604  0.0481  0.0746  0.1657  0.0473  0.0553  0.0793  
 5   0.1030  0.1606  0.2156  0.1500     -    0.1229  0.1282  0.1121  0.1039  0.1059  0.2026  0.1028  0.1268  0.1367  
 6   0.0179  0.0600  0.1032  0.0586  0.1229     -    0.0362  0.0244  0.0201  0.0435  0.1064  0.0193  0.0347  0.0563  
 7   0.0187  0.0695  0.1243  0.0622  0.1282  0.0362     -    0.0283  0.0195  0.0455  0.1281  0.0190  0.0199  0.0618  
 8   0.0082  0.0634  0.0899  0.0604  0.1121  0.0244  0.0283     -    0.0095  0.0338  0.1074  0.0091  0.0233  0.0457  
 9   0.0005  0.0550  0.0822  0.0481  0.1039  0.0201  0.0195  0.0095     -    0.0310  0.1009  0.0002  0.0157  0.0394  
10   0.0299  0.0793  0.1430  0.0746  0.1059  0.0435  0.0455  0.0338  0.0310     -    0.1431  0.0307  0.0456  0.0415  
11   0.0966  0.1327  0.1124  0.1657  0.2026  0.1064  0.1281  0.1074  0.1009  0.1431     -    0.1001  0.1232  0.1434  
12   0.0002  0.0547  0.0818  0.0473  0.1028  0.0193  0.0190  0.0091  0.0002  0.0307  0.1001     -    0.0148  0.0393  
13   0.0145  0.0715  0.1090  0.0553  0.1268  0.0347  0.0199  0.0233  0.0157  0.0456  0.1232  0.0148     -    0.0584  
14   0.0384  0.0937  0.1372  0.0793  0.1367  0.0563  0.0618  0.0457  0.0394  0.0415  0.1434  0.0393  0.0584     -    

Average distances (expected heterozygosity) between individuals in same cluster:
cluster  1  : 0.6462 
cluster  2  : 0.5452 
cluster  3  : 0.6328 
cluster  4  : 0.5390 
cluster  5  : 0.4298 
cluster  6  : 0.5967 
cluster  7  : 0.5682 
cluster  8  : 0.6118 
cluster  9  : 0.6383 
cluster 10  : 0.5400 
cluster 11  : 0.5333 
cluster 12  : 0.6407 
cluster 13  : 0.5878 
cluster 14  : 0.5385 

--------------------------------------------
Estimated Ln Prob of Data   = -52324.5
Mean value of ln likelihood = -50317.8
Variance of ln likelihood   = 4013.2
Mean value of alpha         = 0.0335

Mean value of Fst_1         = 0.0087
Mean value of Fst_2         = 0.2122
Mean value of Fst_3         = 0.1859
Mean value of Fst_4         = 0.2360
Mean value of Fst_5         = 0.4146
Mean value of Fst_6         = 0.0906
Mean value of Fst_7         = 0.0940
Mean value of Fst_8         = 0.0496
Mean value of Fst_9         = 0.0260
Mean value of Fst_10         = 0.1396
Mean value of Fst_11         = 0.3086
Mean value of Fst_12         = 0.0209
Mean value of Fst_13         = 0.0876
Mean value of Fst_14         = 0.1793


Inferred ancestry of individuals:
        Label (%Miss) Pop:  Inferred clusters
  1      221    (0)    1 :  0.006 0.002 0.003 0.003 0.004 0.017 0.008 0.008 0.007 0.919 0.003 0.007 0.007 0.007 
  2      222    (0)    1 :  0.009 0.009 0.004 0.011 0.005 0.007 0.006 0.008 0.009 0.470 0.004 0.008 0.007 0.443 
  3      223    (0)    1 :  0.009 0.003 0.006 0.006 0.007 0.007 0.007 0.023 0.009 0.895 0.003 0.009 0.009 0.007 
  4      224    (0)    1 :  0.003 0.004 0.001 0.004 0.005 0.004 0.003 0.003 0.003 0.960 0.001 0.003 0.002 0.005 
  5      225    (0)    1 :  0.005 0.003 0.002 0.004 0.003 0.003 0.003 0.005 0.005 0.949 0.002 0.005 0.004 0.006 
  6      226    (0)    1 :  0.005 0.002 0.001 0.006 0.004 0.012 0.003 0.009 0.004 0.938 0.006 0.004 0.003 0.003 
  7      227    (0)    1 :  0.011 0.005 0.007 0.004 0.005 0.033 0.005 0.016 0.010 0.870 0.015 0.010 0.006 0.003 
  8      228    (0)    1 :  0.009 0.005 0.004 0.010 0.011 0.006 0.013 0.008 0.010 0.897 0.003 0.008 0.010 0.006 
  9      234    (0)    1 :  0.004 0.002 0.001 0.004 0.004 0.003 0.005 0.004 0.004 0.952 0.002 0.004 0.004 0.007 
 10      235    (0)    1 :  0.003 0.002 0.001 0.002 0.004 0.004 0.003 0.003 0.003 0.958 0.004 0.003 0.003 0.008 
 11      236    (0)    1 :  0.003 0.002 0.001 0.002 0.014 0.005 0.002 0.003 0.002 0.958 0.002 0.002 0.002 0.003 
 12      237    (0)    1 :  0.004 0.002 0.002 0.003 0.002 0.003 0.004 0.005 0.004 0.954 0.002 0.004 0.006 0.007 
 13      238    (0)    1 :  0.009 0.011 0.006 0.004 0.003 0.023 0.005 0.008 0.007 0.865 0.003 0.008 0.013 0.034 
 14      239    (0)    1 :  0.028 0.015 0.002 0.008 0.024 0.079 0.012 0.044 0.025 0.713 0.007 0.023 0.009 0.011 
 15      240    (0)    1 :  0.003 0.003 0.001 0.003 0.006 0.005 0.004 0.003 0.004 0.955 0.002 0.003 0.003 0.005 
 16      242    (0)    1 :  0.103 0.002 0.001 0.008 0.003 0.012 0.015 0.140 0.044 0.331 0.001 0.057 0.035 0.247 
 17      243    (0)    1 :  0.013 0.014 0.002 0.008 0.005 0.020 0.005 0.009 0.014 0.859 0.015 0.014 0.007 0.013 
 18      244    (0)    1 :  0.008 0.003 0.003 0.003 0.002 0.021 0.002 0.015 0.007 0.902 0.011 0.007 0.003 0.013 
 19      245    (0)    1 :  0.016 0.007 0.026 0.007 0.045 0.013 0.016 0.010 0.017 0.802 0.009 0.016 0.012 0.004 
 20      246    (0)    1 :  0.004 0.003 0.003 0.003 0.003 0.003 0.002 0.003 0.005 0.950 0.005 0.004 0.003 0.010 
 21      248    (0)    1 :  0.007 0.021 0.003 0.002 0.009 0.005 0.004 0.009 0.008 0.880 0.002 0.007 0.005 0.039 
 22      249    (0)    1 :  0.002 0.002 0.001 0.004 0.002 0.004 0.002 0.003 0.002 0.971 0.001 0.002 0.002 0.002 
 23      250    (0)    1 :  0.014 0.009 0.007 0.006 0.012 0.009 0.010 0.010 0.016 0.861 0.006 0.014 0.021 0.004 
 24      251    (0)    1 :  0.005 0.003 0.001 0.002 0.005 0.004 0.008 0.005 0.005 0.929 0.004 0.005 0.008 0.016 
 25      252    (0)    1 :  0.008 0.039 0.002 0.009 0.004 0.007 0.011 0.007 0.008 0.872 0.001 0.008 0.020 0.003 
 26      253    (0)    1 :  0.026 0.022 0.016 0.004 0.006 0.008 0.003 0.024 0.021 0.838 0.003 0.022 0.006 0.003 
 27      254    (0)    1 :  0.005 0.003 0.001 0.003 0.004 0.007 0.004 0.007 0.005 0.944 0.002 0.005 0.005 0.004 
 28      255    (0)    1 :  0.016 0.006 0.003 0.005 0.016 0.051 0.007 0.015 0.019 0.636 0.003 0.015 0.007 0.203 
 29      256    (0)    1 :  0.009 0.002 0.004 0.013 0.002 0.004 0.004 0.005 0.009 0.876 0.002 0.009 0.007 0.052 
 30      257    (0)    1 :  0.008 0.009 0.002 0.003 0.003 0.016 0.011 0.010 0.008 0.905 0.003 0.008 0.008 0.006 
 31      258    (0)    1 :  0.009 0.003 0.005 0.003 0.009 0.011 0.011 0.008 0.007 0.886 0.002 0.008 0.011 0.026 
 32      259    (0)    1 :  0.012 0.003 0.002 0.005 0.002 0.006 0.008 0.011 0.018 0.901 0.002 0.013 0.007 0.011 
 33      260    (0)    1 :  0.006 0.070 0.002 0.003 0.021 0.024 0.004 0.004 0.005 0.839 0.005 0.005 0.006 0.005 
 34      261    (0)    1 :  0.015 0.010 0.002 0.005 0.003 0.019 0.059 0.005 0.014 0.790 0.002 0.015 0.055 0.005 
 35      262    (0)    1 :  0.002 0.002 0.001 0.002 0.002 0.002 0.002 0.002 0.002 0.970 0.001 0.002 0.002 0.006 
 36      263    (0)    1 :  0.006 0.024 0.003 0.005 0.005 0.040 0.004 0.005 0.004 0.877 0.005 0.005 0.005 0.013 
 37      264    (0)    1 :  0.004 0.003 0.001 0.013 0.003 0.006 0.005 0.004 0.004 0.937 0.001 0.004 0.005 0.009 
 38      265    (0)    1 :  0.005 0.034 0.001 0.004 0.007 0.018 0.006 0.003 0.006 0.885 0.002 0.006 0.004 0.018 
 39      266    (0)    1 :  0.003 0.002 0.001 0.002 0.005 0.002 0.003 0.003 0.003 0.964 0.001 0.003 0.003 0.005 
 40      267    (0)    1 :  0.003 0.001 0.001 0.003 0.002 0.003 0.003 0.004 0.003 0.950 0.002 0.003 0.002 0.019 
 41      268    (0)    1 :  0.006 0.050 0.001 0.004 0.003 0.006 0.004 0.007 0.005 0.888 0.008 0.006 0.008 0.003 
 42      269    (0)    1 :  0.003 0.002 0.001 0.002 0.018 0.003 0.004 0.003 0.003 0.946 0.001 0.003 0.003 0.007 
 43      270    (0)    1 :  0.003 0.002 0.001 0.021 0.003 0.006 0.004 0.004 0.003 0.941 0.002 0.003 0.003 0.003 
 44      271    (0)    1 :  0.029 0.011 0.007 0.007 0.069 0.013 0.012 0.016 0.026 0.738 0.003 0.031 0.027 0.011 
 45      272    (0)    1 :  0.034 0.004 0.001 0.020 0.013 0.009 0.025 0.010 0.035 0.340 0.007 0.034 0.013 0.456 
 46      273    (0)    1 :  0.013 0.003 0.003 0.019 0.010 0.037 0.014 0.015 0.015 0.836 0.002 0.014 0.007 0.013 
 47      274    (0)    1 :  0.005 0.006 0.002 0.003 0.006 0.008 0.007 0.004 0.004 0.937 0.003 0.005 0.006 0.004 
 48      275    (2)    1 :  0.004 0.002 0.002 0.004 0.003 0.006 0.004 0.005 0.004 0.950 0.002 0.004 0.003 0.009 
 49      276    (0)    1 :  0.005 0.004 0.001 0.004 0.005 0.005 0.008 0.007 0.006 0.934 0.002 0.006 0.009 0.005 
 50      277    (0)    1 :  0.009 0.002 0.001 0.008 0.012 0.008 0.021 0.006 0.013 0.828 0.001 0.013 0.075 0.003 
 51      278    (0)    1 :  0.009 0.005 0.001 0.002 0.004 0.005 0.013 0.010 0.009 0.859 0.007 0.009 0.053 0.014 
 52      279    (0)    1 :  0.012 0.003 0.002 0.005 0.003 0.006 0.005 0.010 0.016 0.900 0.002 0.015 0.008 0.015 
 53      280    (0)    1 :  0.011 0.005 0.002 0.003 0.062 0.019 0.017 0.012 0.010 0.825 0.002 0.010 0.014 0.007 
 54      287    (0)    1 :  0.014 0.006 0.003 0.006 0.003 0.012 0.009 0.008 0.014 0.894 0.004 0.014 0.009 0.004 
 55      290    (0)    1 :  0.011 0.002 0.002 0.017 0.005 0.011 0.010 0.008 0.015 0.824 0.006 0.012 0.009 0.069 
 56      291    (0)    1 :  0.009 0.006 0.002 0.003 0.014 0.007 0.025 0.005 0.011 0.888 0.003 0.010 0.014 0.003 
 57      295    (0)    1 :  0.004 0.003 0.001 0.003 0.003 0.004 0.015 0.003 0.004 0.945 0.001 0.004 0.006 0.006 
 58      296    (0)    1 :  0.004 0.004 0.002 0.009 0.004 0.003 0.003 0.007 0.004 0.940 0.003 0.004 0.005 0.008 
 59      872    (2)    1 :  0.005 0.007 0.005 0.005 0.004 0.005 0.004 0.004 0.005 0.858 0.006 0.005 0.006 0.082 
 60      873    (4)    1 :  0.017 0.003 0.003 0.020 0.009 0.013 0.003 0.012 0.012 0.857 0.004 0.012 0.008 0.027 
 61      874    (2)    1 :  0.004 0.002 0.001 0.004 0.002 0.005 0.008 0.007 0.004 0.931 0.001 0.004 0.016 0.012 
 62      875    (0)    1 :  0.005 0.002 0.003 0.003 0.005 0.005 0.005 0.005 0.005 0.923 0.016 0.005 0.003 0.014 
 63      876    (6)    1 :  0.008 0.011 0.002 0.004 0.005 0.022 0.011 0.017 0.008 0.884 0.001 0.008 0.013 0.005 
 64      212    (0)   10 :  0.002 0.968 0.002 0.003 0.002 0.002 0.004 0.003 0.003 0.002 0.001 0.003 0.003 0.003 
 65      213    (0)   10 :  0.004 0.946 0.002 0.003 0.008 0.003 0.005 0.005 0.004 0.004 0.003 0.004 0.007 0.002 
 66      214    (0)   10 :  0.005 0.948 0.003 0.002 0.002 0.006 0.003 0.006 0.005 0.004 0.001 0.005 0.004 0.006 
 67      215    (0)   10 :  0.004 0.950 0.002 0.003 0.003 0.004 0.006 0.004 0.004 0.005 0.004 0.003 0.004 0.004 
 68      216    (0)   10 :  0.003 0.961 0.001 0.003 0.004 0.003 0.004 0.002 0.003 0.004 0.002 0.003 0.004 0.002 
 69      217    (0)   10 :  0.005 0.944 0.002 0.006 0.004 0.003 0.004 0.009 0.005 0.004 0.001 0.005 0.004 0.004 
 70      218    (0)   10 :  0.003 0.966 0.003 0.004 0.002 0.003 0.003 0.003 0.003 0.003 0.002 0.003 0.003 0.002 
 71      332    (0)   10 :  0.007 0.876 0.002 0.030 0.003 0.016 0.010 0.011 0.007 0.010 0.005 0.007 0.009 0.007 
 72      333    (0)   10 :  0.014 0.861 0.008 0.007 0.004 0.027 0.007 0.010 0.011 0.011 0.010 0.013 0.004 0.014 
 73      334    (0)   10 :  0.004 0.943 0.002 0.006 0.003 0.007 0.005 0.005 0.004 0.007 0.003 0.004 0.005 0.002 
 74      335    (0)   10 :  0.003 0.968 0.002 0.002 0.001 0.003 0.005 0.003 0.003 0.002 0.002 0.003 0.002 0.002 
 75      336    (0)   10 :  0.003 0.951 0.002 0.003 0.003 0.005 0.002 0.002 0.002 0.003 0.014 0.002 0.003 0.005 
 76      337    (0)   10 :  0.005 0.939 0.003 0.002 0.002 0.010 0.003 0.006 0.005 0.009 0.002 0.005 0.003 0.008 
 77      673    (0)   10 :  0.001 0.982 0.001 0.001 0.001 0.002 0.002 0.001 0.001 0.002 0.001 0.001 0.001 0.001 
 78      674    (0)   10 :  0.006 0.948 0.002 0.008 0.002 0.005 0.004 0.003 0.005 0.003 0.002 0.005 0.004 0.005 
 79      675    (0)   10 :  0.004 0.949 0.002 0.003 0.004 0.005 0.005 0.003 0.004 0.003 0.004 0.004 0.006 0.002 
 80      676    (0)   10 :  0.004 0.946 0.002 0.005 0.001 0.006 0.008 0.007 0.004 0.003 0.001 0.004 0.005 0.002 
 81      677    (0)   10 :  0.003 0.958 0.001 0.002 0.002 0.004 0.004 0.004 0.003 0.006 0.002 0.003 0.003 0.002 
 82      678    (0)   10 :  0.010 0.908 0.003 0.003 0.004 0.004 0.007 0.007 0.013 0.008 0.004 0.011 0.006 0.012 
 83      679    (0)   10 :  0.007 0.911 0.025 0.015 0.001 0.007 0.003 0.005 0.007 0.004 0.002 0.006 0.004 0.002 
 84      680    (0)   10 :  0.005 0.933 0.002 0.006 0.003 0.012 0.007 0.004 0.005 0.004 0.005 0.005 0.007 0.003 
 85      681    (0)   10 :  0.005 0.944 0.002 0.004 0.002 0.006 0.004 0.008 0.005 0.006 0.002 0.005 0.005 0.003 
 86      682    (0)   10 :  0.002 0.971 0.002 0.002 0.003 0.002 0.002 0.002 0.002 0.002 0.004 0.002 0.002 0.002 
 87      683    (0)   10 :  0.006 0.944 0.002 0.006 0.003 0.007 0.004 0.004 0.005 0.005 0.002 0.006 0.004 0.003 
 88      684    (0)   10 :  0.005 0.950 0.002 0.003 0.002 0.006 0.005 0.004 0.005 0.002 0.003 0.005 0.005 0.003 
 89      685    (0)   10 :  0.005 0.942 0.004 0.003 0.003 0.009 0.003 0.005 0.006 0.003 0.003 0.006 0.003 0.006 
 90      686    (0)   10 :  0.002 0.970 0.004 0.002 0.002 0.003 0.002 0.002 0.002 0.002 0.003 0.002 0.002 0.002 
 91      687    (0)   10 :  0.002 0.973 0.001 0.002 0.002 0.003 0.003 0.002 0.002 0.002 0.002 0.002 0.002 0.002 
 92      688    (0)   10 :  0.003 0.947 0.001 0.004 0.003 0.005 0.007 0.004 0.003 0.007 0.002 0.003 0.006 0.004 
 93      070    (0)   11 :  0.005 0.002 0.007 0.002 0.001 0.003 0.003 0.003 0.004 0.002 0.958 0.005 0.003 0.003 
 94      071    (0)   11 :  0.003 0.006 0.001 0.002 0.006 0.004 0.003 0.003 0.003 0.002 0.961 0.003 0.003 0.002 
 95      072    (0)   11 :  0.002 0.001 0.005 0.001 0.003 0.002 0.002 0.002 0.002 0.001 0.974 0.002 0.001 0.002 
 96      151    (0)   11 :  0.001 0.001 0.002 0.001 0.001 0.002 0.002 0.001 0.001 0.001 0.981 0.001 0.002 0.001 
 97      152    (0)   11 :  0.005 0.002 0.002 0.002 0.005 0.004 0.005 0.005 0.006 0.003 0.952 0.005 0.003 0.002 
 98      153    (2)   11 :  0.001 0.001 0.002 0.001 0.001 0.002 0.001 0.001 0.001 0.001 0.982 0.001 0.001 0.002 
 99      788    (4)   11 :  0.003 0.002 0.026 0.001 0.003 0.002 0.003 0.002 0.003 0.002 0.945 0.003 0.003 0.001 
100      789    (2)   11 :  0.002 0.003 0.002 0.001 0.002 0.002 0.002 0.002 0.002 0.002 0.975 0.002 0.002 0.002 
101      790    (0)   11 :  0.002 0.001 0.001 0.001 0.003 0.002 0.002 0.002 0.002 0.002 0.977 0.002 0.001 0.002 
102      010    (0)   12 :  0.249 0.004 0.011 0.007 0.007 0.010 0.005 0.031 0.335 0.005 0.002 0.316 0.012 0.007 
103      024    (0)   12 :  0.402 0.010 0.040 0.008 0.005 0.011 0.017 0.020 0.197 0.006 0.006 0.253 0.020 0.006 
104      051    (0)   12 :  0.162 0.008 0.048 0.005 0.004 0.284 0.006 0.043 0.203 0.005 0.012 0.203 0.010 0.007 
105      090    (0)   12 :  0.258 0.004 0.019 0.012 0.003 0.057 0.013 0.105 0.222 0.007 0.007 0.271 0.013 0.008 
106      102    (0)   12 :  0.134 0.003 0.002 0.012 0.004 0.016 0.044 0.038 0.212 0.031 0.002 0.253 0.216 0.035 
107      111    (0)   12 :  0.176 0.004 0.004 0.005 0.067 0.012 0.011 0.098 0.284 0.006 0.002 0.286 0.023 0.025 
108      113    (0)   12 :  0.175 0.005 0.005 0.007 0.003 0.093 0.039 0.084 0.306 0.006 0.006 0.201 0.037 0.035 
109      138    (0)   12 :  0.103 0.075 0.005 0.003 0.002 0.017 0.012 0.541 0.077 0.009 0.043 0.095 0.013 0.003 
110      150    (0)   12 :  0.023 0.004 0.028 0.006 0.002 0.060 0.031 0.051 0.022 0.016 0.015 0.020 0.716 0.007 
111      173    (2)   12 :  0.323 0.012 0.022 0.042 0.008 0.226 0.042 0.036 0.116 0.006 0.020 0.124 0.019 0.007 
112      174    (2)   12 :  0.113 0.003 0.027 0.005 0.004 0.015 0.005 0.359 0.264 0.007 0.021 0.147 0.004 0.026 
113      175    (0)   12 :  0.283 0.003 0.067 0.006 0.002 0.032 0.006 0.029 0.276 0.003 0.006 0.256 0.018 0.013 
114      176    (0)   12 :  0.232 0.010 0.004 0.003 0.007 0.008 0.005 0.018 0.391 0.016 0.005 0.255 0.029 0.018 
115      177    (0)   12 :  0.178 0.002 0.009 0.004 0.002 0.313 0.019 0.067 0.209 0.003 0.003 0.167 0.013 0.008 
116      180    (0)   12 :  0.149 0.007 0.002 0.005 0.004 0.151 0.006 0.166 0.185 0.027 0.004 0.169 0.006 0.119 
117      184    (0)   12 :  0.142 0.005 0.009 0.043 0.005 0.016 0.017 0.452 0.089 0.006 0.014 0.116 0.082 0.004 
118      195    (0)   12 :  0.297 0.014 0.007 0.006 0.036 0.017 0.011 0.023 0.260 0.005 0.005 0.296 0.020 0.004 
119      198    (0)   12 :  0.196 0.007 0.008 0.003 0.034 0.020 0.006 0.326 0.160 0.012 0.003 0.194 0.017 0.016 
120      203    (0)   12 :  0.294 0.005 0.002 0.008 0.003 0.011 0.009 0.013 0.242 0.008 0.009 0.354 0.032 0.010 
121      211    (0)   12 :  0.226 0.085 0.004 0.004 0.003 0.008 0.018 0.028 0.312 0.029 0.003 0.216 0.061 0.005 
122      220    (0)   12 :  0.147 0.010 0.005 0.010 0.007 0.080 0.027 0.046 0.147 0.004 0.002 0.224 0.282 0.009 
123      233    (0)   12 :  0.257 0.047 0.002 0.033 0.002 0.022 0.228 0.020 0.162 0.009 0.006 0.204 0.005 0.004 
124      331    (0)   12 :  0.247 0.004 0.023 0.008 0.008 0.030 0.006 0.023 0.248 0.005 0.007 0.370 0.015 0.006 
125      349    (0)   12 :  0.103 0.006 0.110 0.483 0.006 0.041 0.009 0.014 0.089 0.008 0.009 0.102 0.009 0.010 
126      410    (0)   12 :  0.322 0.026 0.005 0.005 0.003 0.017 0.004 0.302 0.113 0.008 0.003 0.175 0.006 0.011 
127      417    (2)   12 :  0.177 0.005 0.004 0.008 0.007 0.006 0.006 0.168 0.283 0.028 0.002 0.277 0.022 0.007 
128      421    (0)   13 :  0.009 0.004 0.001 0.011 0.090 0.004 0.833 0.009 0.008 0.009 0.002 0.009 0.008 0.003 
129      423    (0)   13 :  0.289 0.002 0.007 0.025 0.003 0.011 0.004 0.041 0.250 0.006 0.008 0.323 0.022 0.010 
130      424    (0)   13 :  0.114 0.003 0.011 0.008 0.005 0.420 0.009 0.201 0.073 0.016 0.002 0.098 0.008 0.032 
131      433    (0)   13 :  0.065 0.016 0.008 0.004 0.002 0.008 0.154 0.202 0.117 0.004 0.002 0.089 0.325 0.004 
132      462    (0)   13 :  0.178 0.023 0.005 0.013 0.007 0.086 0.078 0.116 0.236 0.007 0.002 0.196 0.044 0.009 
133      463    (0)   13 :  0.258 0.004 0.028 0.060 0.019 0.008 0.008 0.132 0.219 0.014 0.003 0.228 0.014 0.005 
134      467    (0)   13 :  0.016 0.012 0.008 0.013 0.004 0.014 0.755 0.008 0.014 0.022 0.009 0.014 0.107 0.005 
135      468    (0)   13 :  0.009 0.002 0.003 0.818 0.029 0.008 0.044 0.007 0.009 0.019 0.003 0.009 0.032 0.007 
136      469    (0)   13 :  0.112 0.002 0.002 0.004 0.035 0.006 0.201 0.093 0.135 0.058 0.002 0.160 0.180 0.010 
137      472    (0)   13 :  0.408 0.007 0.019 0.007 0.015 0.009 0.010 0.036 0.229 0.007 0.004 0.222 0.025 0.002 
138      473    (0)   13 :  0.025 0.008 0.010 0.828 0.006 0.007 0.007 0.020 0.031 0.003 0.003 0.039 0.009 0.004 
139      474    (0)   13 :  0.003 0.006 0.001 0.016 0.002 0.004 0.005 0.004 0.003 0.005 0.001 0.003 0.944 0.003 
140      475    (0)   13 :  0.159 0.003 0.010 0.033 0.003 0.010 0.207 0.045 0.231 0.004 0.003 0.223 0.064 0.006 
141      476    (2)   13 :  0.007 0.011 0.012 0.019 0.002 0.005 0.008 0.004 0.006 0.003 0.008 0.007 0.903 0.006 
142      477    (0)   13 :  0.239 0.018 0.008 0.013 0.003 0.007 0.012 0.011 0.315 0.007 0.004 0.336 0.021 0.005 
143      478    (0)   13 :  0.254 0.003 0.002 0.004 0.003 0.017 0.070 0.010 0.242 0.015 0.002 0.281 0.018 0.080 
144      479    (0)   13 :  0.011 0.003 0.001 0.005 0.015 0.009 0.013 0.261 0.011 0.013 0.003 0.012 0.638 0.005 
145      480    (0)   13 :  0.006 0.002 0.002 0.012 0.001 0.004 0.935 0.007 0.007 0.002 0.002 0.007 0.009 0.004 
146      481    (0)   13 :  0.256 0.003 0.008 0.018 0.004 0.014 0.014 0.179 0.144 0.006 0.042 0.165 0.135 0.011 
147      482    (0)   13 :  0.201 0.048 0.005 0.004 0.068 0.015 0.093 0.136 0.226 0.005 0.002 0.180 0.012 0.005 
148      489    (0)   13 :  0.258 0.014 0.030 0.025 0.006 0.007 0.043 0.071 0.253 0.005 0.004 0.269 0.010 0.006 
149      490    (0)   13 :  0.016 0.003 0.005 0.003 0.005 0.012 0.012 0.881 0.016 0.015 0.003 0.015 0.006 0.008 
150      491    (0)   13 :  0.312 0.116 0.001 0.009 0.008 0.088 0.016 0.123 0.116 0.005 0.009 0.161 0.032 0.004 
151      492    (0)   13 :  0.012 0.010 0.006 0.024 0.003 0.007 0.007 0.008 0.012 0.013 0.003 0.013 0.840 0.040 
152      493    (0)   13 :  0.030 0.005 0.014 0.004 0.005 0.017 0.017 0.007 0.049 0.008 0.008 0.039 0.794 0.003 
153      494    (0)   13 :  0.092 0.044 0.026 0.012 0.011 0.018 0.215 0.334 0.084 0.005 0.024 0.089 0.040 0.003 
154      498    (0)   13 :  0.311 0.004 0.011 0.045 0.003 0.007 0.007 0.144 0.156 0.023 0.007 0.149 0.119 0.014 
155      499    (0)   13 :  0.294 0.007 0.007 0.006 0.003 0.052 0.012 0.040 0.239 0.011 0.003 0.293 0.028 0.006 
156      709    (0)   13 :  0.264 0.011 0.015 0.004 0.018 0.012 0.010 0.207 0.140 0.009 0.078 0.197 0.026 0.009 
157      710    (4)   13 :  0.173 0.003 0.035 0.007 0.011 0.003 0.099 0.027 0.279 0.008 0.005 0.302 0.045 0.004 
158      711    (2)   13 :  0.198 0.004 0.003 0.007 0.023 0.108 0.013 0.059 0.231 0.017 0.006 0.248 0.016 0.067 
159      712    (4)   13 :  0.008 0.003 0.002 0.003 0.004 0.009 0.008 0.924 0.010 0.006 0.002 0.008 0.006 0.007 
160      713    (0)   13 :  0.308 0.008 0.026 0.010 0.020 0.008 0.004 0.013 0.228 0.004 0.004 0.355 0.008 0.005 
161      714    (2)   13 :  0.032 0.002 0.006 0.058 0.006 0.023 0.244 0.008 0.033 0.012 0.013 0.032 0.524 0.007 
162      715    (4)   13 :  0.013 0.031 0.004 0.003 0.014 0.020 0.790 0.019 0.012 0.037 0.013 0.011 0.018 0.015 
163      716    (0)   13 :  0.010 0.003 0.002 0.003 0.004 0.004 0.053 0.008 0.012 0.003 0.002 0.012 0.878 0.004 
164      717    (2)   13 :  0.120 0.012 0.006 0.010 0.007 0.010 0.289 0.019 0.142 0.006 0.003 0.195 0.024 0.157 
165      718    (4)   13 :  0.022 0.002 0.003 0.004 0.009 0.017 0.013 0.834 0.027 0.012 0.002 0.028 0.021 0.005 
166      719    (0)   13 :  0.004 0.002 0.002 0.003 0.004 0.002 0.960 0.004 0.004 0.003 0.002 0.004 0.004 0.002 
167      720    (2)   13 :  0.033 0.007 0.007 0.012 0.012 0.010 0.742 0.009 0.064 0.007 0.002 0.058 0.031 0.005 
168      721    (0)   13 :  0.063 0.006 0.007 0.022 0.012 0.017 0.027 0.023 0.090 0.004 0.039 0.099 0.586 0.005 
169      722    (4)   13 :  0.005 0.002 0.002 0.040 0.020 0.005 0.875 0.007 0.006 0.010 0.002 0.006 0.016 0.005 
170      723    (0)   13 :  0.030 0.006 0.003 0.002 0.002 0.003 0.851 0.007 0.017 0.003 0.007 0.020 0.041 0.007 
171      724    (0)   13 :  0.025 0.009 0.025 0.010 0.085 0.006 0.601 0.009 0.014 0.013 0.005 0.021 0.166 0.009 
172      725    (0)   13 :  0.289 0.010 0.017 0.016 0.009 0.012 0.029 0.023 0.318 0.005 0.003 0.252 0.009 0.008 
173      726    (0)   13 :  0.178 0.005 0.011 0.030 0.010 0.007 0.030 0.016 0.193 0.004 0.006 0.300 0.207 0.003 
174      727    (0)   13 :  0.119 0.011 0.002 0.007 0.008 0.013 0.014 0.079 0.179 0.005 0.010 0.122 0.430 0.003 
175      728    (2)   13 :  0.340 0.006 0.006 0.003 0.010 0.011 0.013 0.011 0.226 0.008 0.088 0.251 0.011 0.016 
176      729    (6)   13 :  0.388 0.004 0.004 0.004 0.004 0.016 0.044 0.066 0.211 0.005 0.004 0.233 0.012 0.005 
177      730    (2)   13 :  0.035 0.005 0.003 0.002 0.012 0.011 0.064 0.761 0.042 0.010 0.007 0.033 0.007 0.009 
178      731    (2)   13 :  0.021 0.002 0.003 0.006 0.004 0.005 0.004 0.878 0.025 0.008 0.002 0.029 0.008 0.004 
179      732    (0)   13 :  0.172 0.006 0.008 0.008 0.007 0.012 0.020 0.015 0.322 0.011 0.002 0.196 0.209 0.014 
180      733    (0)   13 :  0.200 0.003 0.015 0.003 0.042 0.015 0.056 0.103 0.256 0.014 0.004 0.242 0.036 0.010 
181      734    (2)   13 :  0.231 0.081 0.036 0.004 0.001 0.105 0.019 0.077 0.175 0.012 0.008 0.190 0.053 0.007 
182      735    (4)   13 :  0.218 0.008 0.002 0.051 0.008 0.030 0.037 0.136 0.194 0.005 0.003 0.291 0.009 0.008 
183      736    (2)   13 :  0.152 0.022 0.010 0.004 0.003 0.019 0.005 0.405 0.152 0.004 0.018 0.171 0.029 0.004 
184      737    (0)   13 :  0.038 0.003 0.003 0.013 0.004 0.015 0.004 0.778 0.043 0.011 0.013 0.035 0.012 0.027 
185      738    (2)   13 :  0.106 0.005 0.004 0.004 0.003 0.088 0.007 0.489 0.137 0.008 0.003 0.127 0.014 0.005 
186      739    (8)   13 :  0.036 0.006 0.002 0.010 0.004 0.012 0.026 0.804 0.034 0.008 0.013 0.027 0.015 0.004 
187      740    (4)   13 :  0.082 0.003 0.005 0.004 0.014 0.004 0.038 0.680 0.051 0.006 0.002 0.069 0.039 0.005 
188      741    (2)   13 :  0.156 0.028 0.012 0.029 0.025 0.010 0.087 0.233 0.104 0.070 0.002 0.123 0.024 0.096 
189      742    (4)   13 :  0.102 0.005 0.007 0.006 0.002 0.081 0.011 0.501 0.112 0.013 0.007 0.123 0.013 0.018 
190      743    (2)   13 :  0.011 0.010 0.003 0.003 0.002 0.006 0.860 0.011 0.011 0.005 0.002 0.011 0.060 0.005 
191      744    (0)   13 :  0.174 0.004 0.097 0.004 0.004 0.006 0.172 0.033 0.202 0.005 0.025 0.193 0.075 0.005 
192      745    (0)   13 :  0.098 0.005 0.003 0.008 0.019 0.008 0.511 0.029 0.099 0.048 0.013 0.126 0.012 0.022 
193      746    (2)   13 :  0.198 0.005 0.005 0.004 0.011 0.012 0.006 0.370 0.125 0.004 0.004 0.202 0.006 0.046 
194      747    (2)   13 :  0.088 0.023 0.004 0.017 0.006 0.061 0.008 0.543 0.100 0.036 0.005 0.085 0.015 0.007 
195      748    (0)   13 :  0.253 0.017 0.013 0.126 0.017 0.085 0.005 0.036 0.074 0.112 0.006 0.106 0.124 0.026 
196      749    (2)   13 :  0.252 0.021 0.147 0.003 0.048 0.127 0.021 0.028 0.138 0.017 0.010 0.172 0.004 0.012 
197      750    (4)   13 :  0.331 0.005 0.013 0.005 0.006 0.015 0.017 0.155 0.184 0.010 0.005 0.219 0.008 0.028 
198      751    (0)   13 :  0.358 0.007 0.002 0.012 0.008 0.082 0.022 0.065 0.176 0.011 0.016 0.224 0.008 0.008 
199      752    (2)   13 :  0.007 0.003 0.002 0.818 0.003 0.006 0.068 0.019 0.007 0.011 0.001 0.007 0.043 0.005 
200      753    (4)   13 :  0.190 0.032 0.004 0.072 0.015 0.039 0.031 0.016 0.257 0.027 0.011 0.274 0.026 0.006 
201      754    (2)   13 :  0.006 0.003 0.005 0.002 0.002 0.004 0.004 0.950 0.005 0.003 0.003 0.005 0.006 0.003 
202      155    (0)   14 :  0.369 0.033 0.011 0.006 0.006 0.008 0.011 0.020 0.214 0.025 0.004 0.261 0.025 0.007 
203      156    (2)   14 :  0.178 0.005 0.010 0.004 0.005 0.008 0.020 0.020 0.381 0.014 0.101 0.243 0.005 0.006 
204      157    (2)   14 :  0.022 0.010 0.031 0.018 0.004 0.007 0.010 0.834 0.024 0.004 0.002 0.021 0.007 0.005 
205      158    (0)   14 :  0.308 0.007 0.004 0.003 0.006 0.039 0.011 0.022 0.301 0.008 0.004 0.229 0.049 0.009 
206      159    (0)   14 :  0.268 0.003 0.015 0.010 0.107 0.011 0.008 0.101 0.179 0.013 0.010 0.232 0.036 0.007 
207      160    (0)   14 :  0.022 0.010 0.003 0.005 0.004 0.032 0.017 0.108 0.024 0.017 0.003 0.028 0.724 0.003 
208      161    (0)   14 :  0.067 0.008 0.228 0.008 0.009 0.010 0.026 0.441 0.080 0.006 0.003 0.057 0.056 0.003 
209      162    (0)   14 :  0.199 0.005 0.002 0.013 0.002 0.019 0.075 0.005 0.160 0.008 0.006 0.197 0.301 0.007 
210      163    (2)   14 :  0.136 0.003 0.003 0.012 0.002 0.060 0.009 0.149 0.363 0.003 0.008 0.239 0.004 0.008 
211      164    (0)   14 :  0.273 0.017 0.016 0.029 0.005 0.014 0.020 0.052 0.214 0.053 0.002 0.288 0.008 0.010 
212      165    (2)   14 :  0.177 0.005 0.018 0.005 0.004 0.003 0.005 0.092 0.420 0.006 0.004 0.248 0.007 0.006 
213      427    (0)   14 :  0.014 0.048 0.004 0.004 0.033 0.014 0.803 0.008 0.013 0.006 0.010 0.014 0.027 0.003 
214      428    (0)   14 :  0.015 0.004 0.003 0.029 0.025 0.036 0.732 0.005 0.018 0.010 0.003 0.017 0.100 0.004 
215      429    (0)   14 :  0.007 0.002 0.001 0.005 0.004 0.005 0.938 0.004 0.006 0.004 0.003 0.006 0.007 0.007 
216      430    (0)   14 :  0.187 0.004 0.006 0.026 0.005 0.088 0.023 0.039 0.153 0.026 0.002 0.246 0.143 0.053 
217      431    (0)   14 :  0.022 0.004 0.003 0.006 0.007 0.012 0.409 0.012 0.025 0.034 0.002 0.025 0.420 0.021 
218      435    (0)   14 :  0.005 0.002 0.001 0.008 0.003 0.004 0.903 0.004 0.005 0.003 0.002 0.006 0.049 0.003 
219      436    (0)   14 :  0.005 0.003 0.002 0.003 0.007 0.003 0.222 0.004 0.006 0.007 0.002 0.005 0.726 0.003 
220      437    (0)   14 :  0.018 0.005 0.003 0.009 0.030 0.004 0.093 0.009 0.029 0.056 0.002 0.029 0.707 0.006 
221      438    (0)   14 :  0.044 0.002 0.004 0.077 0.017 0.019 0.329 0.019 0.070 0.055 0.009 0.068 0.268 0.017 
222      439    (0)   14 :  0.122 0.004 0.002 0.038 0.004 0.016 0.276 0.171 0.090 0.011 0.006 0.118 0.105 0.035 
223      441    (0)   14 :  0.003 0.003 0.001 0.965 0.001 0.003 0.005 0.002 0.003 0.003 0.001 0.003 0.004 0.004 
224      442    (0)   14 :  0.014 0.144 0.002 0.014 0.002 0.008 0.763 0.004 0.013 0.009 0.005 0.012 0.008 0.003 
225      443    (4)   14 :  0.008 0.002 0.002 0.019 0.004 0.013 0.887 0.017 0.008 0.012 0.003 0.009 0.012 0.004 
226      444    (4)   14 :  0.007 0.008 0.005 0.002 0.010 0.006 0.927 0.004 0.006 0.006 0.004 0.006 0.006 0.003 
227      445    (2)   14 :  0.142 0.004 0.002 0.016 0.012 0.004 0.211 0.008 0.236 0.053 0.006 0.260 0.040 0.005 
228      446    (0)   14 :  0.005 0.005 0.003 0.003 0.001 0.005 0.951 0.004 0.005 0.002 0.003 0.004 0.007 0.003 
229      447    (0)   14 :  0.009 0.004 0.001 0.003 0.006 0.007 0.884 0.011 0.010 0.014 0.004 0.010 0.035 0.003 
230      449    (0)   14 :  0.004 0.006 0.002 0.004 0.003 0.004 0.935 0.003 0.004 0.007 0.002 0.004 0.017 0.005 
231      460    (0)   14 :  0.023 0.005 0.005 0.095 0.007 0.007 0.761 0.007 0.023 0.015 0.002 0.025 0.019 0.007 
232      461    (0)   14 :  0.096 0.007 0.005 0.006 0.008 0.056 0.125 0.116 0.065 0.025 0.002 0.063 0.409 0.016 
233      484    (0)   14 :  0.107 0.013 0.004 0.016 0.004 0.188 0.111 0.099 0.071 0.149 0.008 0.063 0.007 0.160 
234      485    (0)   14 :  0.013 0.004 0.003 0.011 0.002 0.003 0.756 0.019 0.018 0.005 0.002 0.017 0.142 0.004 
235      486    (0)   14 :  0.002 0.002 0.001 0.979 0.001 0.002 0.002 0.001 0.002 0.002 0.001 0.002 0.002 0.002 
236      487    (0)   14 :  0.059 0.010 0.002 0.012 0.006 0.015 0.501 0.026 0.065 0.006 0.003 0.096 0.190 0.008 
237      178    (0)   15 :  0.076 0.006 0.012 0.010 0.004 0.011 0.191 0.027 0.147 0.004 0.006 0.196 0.308 0.003 
238      422    (0)   15 :  0.006 0.003 0.001 0.003 0.003 0.005 0.909 0.021 0.007 0.009 0.003 0.007 0.019 0.005 
239      425    (0)   15 :  0.030 0.003 0.002 0.005 0.004 0.010 0.729 0.022 0.019 0.005 0.001 0.022 0.142 0.003 
240      426    (0)   15 :  0.162 0.022 0.028 0.004 0.003 0.312 0.054 0.046 0.084 0.004 0.109 0.092 0.078 0.004 
241      432    (0)   15 :  0.166 0.010 0.006 0.012 0.009 0.053 0.435 0.022 0.107 0.011 0.009 0.123 0.024 0.012 
242      434    (0)   15 :  0.004 0.004 0.002 0.003 0.004 0.004 0.947 0.004 0.003 0.004 0.002 0.004 0.005 0.009 
243      440    (0)   15 :  0.083 0.012 0.003 0.022 0.002 0.040 0.387 0.008 0.134 0.004 0.002 0.131 0.162 0.010 
244      448    (2)   15 :  0.007 0.012 0.002 0.008 0.041 0.009 0.855 0.009 0.007 0.010 0.002 0.007 0.010 0.021 
245      456    (0)   15 :  0.162 0.009 0.003 0.005 0.004 0.021 0.042 0.010 0.180 0.077 0.003 0.128 0.264 0.092 
246      457    (0)   15 :  0.083 0.004 0.003 0.036 0.010 0.021 0.391 0.016 0.074 0.021 0.006 0.094 0.216 0.026 
247      458    (0)   15 :  0.068 0.017 0.004 0.009 0.005 0.046 0.019 0.084 0.032 0.011 0.008 0.040 0.651 0.005 
248      459    (0)   15 :  0.015 0.004 0.005 0.009 0.002 0.011 0.879 0.017 0.013 0.007 0.003 0.015 0.017 0.003 
249      464    (0)   15 :  0.016 0.008 0.013 0.011 0.003 0.005 0.606 0.006 0.015 0.004 0.005 0.015 0.288 0.004 
250      465    (0)   15 :  0.009 0.002 0.003 0.005 0.002 0.004 0.087 0.010 0.007 0.003 0.001 0.008 0.854 0.006 
251      466    (0)   15 :  0.037 0.005 0.002 0.019 0.020 0.009 0.613 0.030 0.073 0.026 0.001 0.056 0.103 0.006 
252      470    (0)   15 :  0.008 0.006 0.003 0.123 0.003 0.010 0.341 0.008 0.008 0.004 0.002 0.007 0.472 0.006 
253      471    (0)   15 :  0.017 0.003 0.003 0.005 0.016 0.034 0.823 0.007 0.016 0.006 0.016 0.015 0.013 0.024 
254      483    (0)   15 :  0.011 0.007 0.012 0.004 0.002 0.011 0.875 0.039 0.011 0.004 0.003 0.011 0.007 0.004 
255      488    (0)   15 :  0.006 0.003 0.002 0.004 0.002 0.005 0.006 0.009 0.005 0.006 0.002 0.005 0.942 0.003 
256      495    (0)   15 :  0.012 0.002 0.003 0.003 0.002 0.010 0.793 0.022 0.009 0.017 0.001 0.010 0.084 0.030 
257      496    (0)   15 :  0.006 0.002 0.003 0.004 0.004 0.004 0.014 0.009 0.006 0.002 0.002 0.007 0.933 0.004 
258      497    (0)   15 :  0.014 0.024 0.004 0.003 0.003 0.003 0.822 0.005 0.012 0.005 0.003 0.015 0.009 0.078 
259      500    (0)   15 :  0.062 0.003 0.063 0.043 0.014 0.008 0.024 0.063 0.076 0.513 0.004 0.062 0.047 0.019 
260      879    (0)   15 :  0.006 0.008 0.004 0.004 0.002 0.011 0.929 0.009 0.006 0.003 0.002 0.006 0.005 0.003 
261      036    (0)   16 :  0.460 0.002 0.003 0.005 0.011 0.005 0.014 0.030 0.200 0.006 0.004 0.243 0.014 0.004 
262      063    (2)   16 :  0.164 0.015 0.003 0.010 0.003 0.043 0.025 0.083 0.338 0.013 0.003 0.242 0.025 0.033 
263      094    (4)   16 :  0.151 0.009 0.012 0.007 0.011 0.018 0.013 0.382 0.063 0.085 0.005 0.083 0.149 0.012 
264      103    (4)   16 :  0.174 0.005 0.011 0.007 0.004 0.003 0.007 0.097 0.413 0.005 0.003 0.243 0.005 0.025 
265      112    (0)   16 :  0.159 0.006 0.007 0.011 0.003 0.045 0.006 0.441 0.151 0.007 0.004 0.148 0.006 0.007 
266      114    (2)   16 :  0.276 0.004 0.003 0.014 0.008 0.004 0.013 0.132 0.209 0.005 0.002 0.250 0.075 0.004 
267      120    (0)   16 :  0.022 0.004 0.003 0.006 0.012 0.015 0.008 0.840 0.018 0.014 0.002 0.024 0.026 0.006 
268      127    (2)   16 :  0.308 0.006 0.007 0.091 0.005 0.095 0.004 0.055 0.101 0.008 0.003 0.174 0.137 0.005 
269      147    (0)   16 :  0.267 0.006 0.008 0.009 0.005 0.253 0.014 0.043 0.157 0.002 0.051 0.169 0.012 0.005 
270      166    (0)   16 :  0.182 0.017 0.077 0.004 0.004 0.114 0.016 0.053 0.160 0.006 0.025 0.149 0.180 0.012 
271      167    (0)   16 :  0.229 0.005 0.005 0.013 0.010 0.006 0.068 0.028 0.172 0.007 0.005 0.210 0.158 0.084 
272      168    (0)   16 :  0.298 0.004 0.013 0.003 0.015 0.004 0.011 0.017 0.249 0.004 0.003 0.366 0.009 0.004 
273      169    (2)   16 :  0.174 0.004 0.004 0.004 0.006 0.055 0.104 0.052 0.163 0.009 0.005 0.160 0.254 0.006 
274      170    (0)   16 :  0.252 0.034 0.036 0.022 0.004 0.019 0.016 0.109 0.244 0.025 0.005 0.221 0.006 0.006 
275      171    (2)   16 :  0.147 0.004 0.005 0.003 0.003 0.024 0.006 0.030 0.427 0.071 0.011 0.256 0.006 0.008 
276      172    (0)   16 :  0.023 0.004 0.004 0.002 0.011 0.015 0.009 0.824 0.017 0.015 0.013 0.023 0.027 0.011 
277      185    (0)   16 :  0.242 0.005 0.004 0.015 0.002 0.028 0.078 0.012 0.293 0.004 0.005 0.286 0.017 0.009 
278      199    (2)   16 :  0.188 0.221 0.011 0.008 0.006 0.008 0.005 0.009 0.220 0.006 0.006 0.283 0.026 0.003 
279      339    (0)   16 :  0.142 0.006 0.002 0.007 0.002 0.011 0.052 0.008 0.098 0.005 0.006 0.126 0.522 0.015 
280      355    (0)   16 :  0.259 0.076 0.032 0.004 0.002 0.009 0.003 0.008 0.257 0.003 0.013 0.325 0.005 0.005 
281      356    (0)   16 :  0.051 0.005 0.151 0.017 0.006 0.006 0.005 0.690 0.018 0.004 0.003 0.023 0.018 0.003 
282      357    (0)   16 :  0.353 0.017 0.006 0.029 0.010 0.020 0.006 0.116 0.187 0.007 0.012 0.201 0.031 0.005 
283      358    (0)   16 :  0.472 0.003 0.004 0.019 0.002 0.012 0.011 0.009 0.169 0.009 0.006 0.222 0.011 0.051 
284      359    (0)   16 :  0.210 0.010 0.005 0.003 0.001 0.019 0.008 0.314 0.197 0.004 0.002 0.195 0.008 0.022 
285      360    (0)   16 :  0.270 0.004 0.020 0.006 0.006 0.021 0.040 0.028 0.293 0.016 0.010 0.259 0.024 0.003 
286      361    (0)   16 :  0.024 0.003 0.002 0.004 0.003 0.011 0.039 0.812 0.023 0.005 0.002 0.023 0.042 0.006 
287      362    (0)   16 :  0.188 0.006 0.015 0.003 0.002 0.086 0.103 0.056 0.113 0.249 0.005 0.144 0.019 0.010 
288      363    (0)   16 :  0.159 0.044 0.008 0.011 0.005 0.491 0.013 0.033 0.081 0.006 0.012 0.109 0.019 0.009 
289      364    (0)   16 :  0.164 0.040 0.101 0.016 0.003 0.015 0.006 0.043 0.075 0.362 0.003 0.096 0.069 0.007 
290      365    (0)   16 :  0.325 0.003 0.066 0.010 0.002 0.006 0.026 0.023 0.160 0.025 0.011 0.162 0.175 0.005 
291      366    (0)   16 :  0.437 0.003 0.005 0.003 0.001 0.015 0.005 0.155 0.135 0.004 0.028 0.184 0.011 0.014 
292      367    (0)   16 :  0.205 0.003 0.002 0.034 0.005 0.005 0.008 0.015 0.297 0.012 0.010 0.382 0.005 0.017 
293      368    (0)   16 :  0.219 0.004 0.062 0.048 0.008 0.007 0.004 0.009 0.320 0.033 0.012 0.252 0.005 0.019 
294      369    (0)   16 :  0.175 0.004 0.015 0.003 0.002 0.007 0.004 0.012 0.428 0.003 0.004 0.332 0.005 0.005 
295      370    (0)   16 :  0.122 0.007 0.070 0.004 0.012 0.015 0.015 0.548 0.060 0.005 0.011 0.071 0.018 0.040 
296      371    (0)   16 :  0.270 0.006 0.002 0.003 0.005 0.004 0.012 0.014 0.277 0.016 0.003 0.371 0.007 0.010 
297      372    (0)   16 :  0.019 0.327 0.006 0.002 0.003 0.062 0.383 0.015 0.019 0.015 0.004 0.017 0.125 0.003 
298      373    (0)   16 :  0.202 0.032 0.098 0.002 0.003 0.005 0.038 0.134 0.250 0.007 0.003 0.203 0.013 0.009 
299      380    (0)   16 :  0.317 0.010 0.011 0.002 0.041 0.045 0.007 0.115 0.160 0.019 0.006 0.216 0.041 0.008 
300      388    (0)   16 :  0.213 0.020 0.039 0.004 0.006 0.025 0.007 0.500 0.067 0.012 0.007 0.081 0.007 0.012 
301      418    (0)   16 :  0.186 0.041 0.005 0.009 0.027 0.017 0.008 0.024 0.292 0.016 0.006 0.350 0.017 0.004 
302      419    (0)   16 :  0.161 0.003 0.005 0.009 0.010 0.006 0.013 0.018 0.342 0.005 0.005 0.399 0.018 0.005 
303      420    (0)   16 :  0.247 0.063 0.006 0.011 0.003 0.015 0.062 0.090 0.172 0.048 0.043 0.192 0.038 0.012 
304      409    (0)   17 :  0.106 0.003 0.004 0.007 0.108 0.013 0.011 0.052 0.418 0.008 0.002 0.236 0.026 0.006 
305      414    (0)   17 :  0.131 0.007 0.002 0.007 0.016 0.013 0.007 0.009 0.486 0.015 0.002 0.286 0.012 0.007 
306      415    (2)   17 :  0.254 0.014 0.013 0.031 0.004 0.012 0.006 0.042 0.305 0.006 0.003 0.289 0.011 0.011 
307      416    (0)   17 :  0.168 0.011 0.003 0.004 0.076 0.012 0.027 0.015 0.276 0.026 0.003 0.301 0.048 0.031 
308      571    (0)    2 :  0.006 0.004 0.002 0.027 0.003 0.026 0.022 0.005 0.007 0.866 0.004 0.006 0.008 0.016 
309      572    (0)    2 :  0.015 0.004 0.004 0.012 0.008 0.037 0.003 0.008 0.018 0.822 0.006 0.015 0.003 0.045 
310      573    (2)    2 :  0.007 0.003 0.001 0.009 0.003 0.003 0.005 0.004 0.006 0.943 0.001 0.006 0.004 0.006 
311      574    (0)    2 :  0.009 0.002 0.008 0.004 0.013 0.005 0.005 0.006 0.010 0.912 0.003 0.010 0.006 0.008 
312      575    (2)    2 :  0.014 0.007 0.006 0.007 0.005 0.063 0.008 0.006 0.015 0.829 0.007 0.014 0.005 0.013 
313      576    (0)    2 :  0.002 0.002 0.001 0.003 0.003 0.003 0.002 0.002 0.003 0.967 0.001 0.003 0.003 0.005 
314      577    (0)    2 :  0.006 0.008 0.002 0.010 0.008 0.006 0.007 0.004 0.007 0.912 0.002 0.007 0.007 0.015 
315      578    (0)    2 :  0.003 0.007 0.001 0.003 0.045 0.004 0.005 0.002 0.003 0.911 0.002 0.003 0.005 0.004 
316      579    (0)    2 :  0.003 0.003 0.001 0.002 0.007 0.004 0.007 0.002 0.003 0.948 0.002 0.003 0.011 0.003 
317      580    (0)    2 :  0.003 0.002 0.001 0.002 0.002 0.003 0.004 0.002 0.003 0.967 0.002 0.003 0.003 0.003 
318      581    (0)    2 :  0.003 0.002 0.001 0.002 0.013 0.003 0.005 0.002 0.003 0.950 0.002 0.003 0.005 0.006 
319      582    (4)    2 :  0.022 0.019 0.004 0.002 0.003 0.007 0.019 0.014 0.020 0.788 0.051 0.020 0.017 0.013 
320      583    (0)    2 :  0.142 0.017 0.002 0.018 0.004 0.043 0.027 0.031 0.074 0.521 0.010 0.079 0.025 0.008 
321      584    (0)    2 :  0.008 0.007 0.002 0.005 0.014 0.007 0.046 0.007 0.008 0.874 0.003 0.007 0.008 0.006 
322      585    (0)    2 :  0.004 0.002 0.001 0.008 0.002 0.006 0.007 0.003 0.004 0.942 0.002 0.004 0.006 0.010 
323      586    (2)    2 :  0.004 0.010 0.001 0.004 0.004 0.006 0.007 0.003 0.004 0.940 0.002 0.004 0.006 0.007 
324      587    (0)    2 :  0.003 0.002 0.001 0.002 0.008 0.003 0.003 0.003 0.002 0.962 0.002 0.003 0.003 0.003 
325      588    (0)    2 :  0.020 0.011 0.008 0.024 0.005 0.013 0.009 0.008 0.023 0.835 0.010 0.019 0.007 0.008 
326      589    (0)    2 :  0.035 0.020 0.006 0.005 0.019 0.055 0.036 0.010 0.033 0.727 0.005 0.029 0.009 0.011 
327      590    (0)    2 :  0.007 0.011 0.004 0.047 0.036 0.003 0.006 0.004 0.006 0.818 0.009 0.006 0.010 0.032 
328      001    (0)    3 :  0.004 0.001 0.965 0.002 0.003 0.002 0.002 0.003 0.003 0.003 0.003 0.004 0.002 0.003 
329      005    (0)    3 :  0.002 0.003 0.972 0.002 0.001 0.002 0.002 0.002 0.002 0.001 0.005 0.002 0.001 0.001 
330      106    (0)    3 :  0.003 0.002 0.965 0.002 0.003 0.003 0.002 0.003 0.003 0.005 0.002 0.003 0.002 0.002 
331      192    (0)    3 :  0.018 0.012 0.881 0.003 0.006 0.009 0.005 0.009 0.020 0.007 0.005 0.016 0.004 0.004 
332      229    (0)    3 :  0.006 0.004 0.898 0.005 0.003 0.008 0.005 0.006 0.005 0.003 0.042 0.005 0.004 0.007 
333      319    (0)    3 :  0.004 0.002 0.959 0.002 0.002 0.002 0.002 0.007 0.004 0.002 0.005 0.004 0.003 0.003 
334      327    (0)    3 :  0.003 0.003 0.966 0.002 0.002 0.003 0.002 0.005 0.002 0.003 0.002 0.003 0.002 0.002 
335      340    (0)    3 :  0.005 0.003 0.955 0.004 0.001 0.002 0.002 0.005 0.005 0.003 0.003 0.005 0.003 0.004 
336      345    (0)    3 :  0.005 0.003 0.938 0.002 0.001 0.005 0.002 0.010 0.005 0.004 0.010 0.005 0.006 0.004 
337      375    (0)    3 :  0.003 0.005 0.964 0.002 0.001 0.004 0.002 0.003 0.003 0.002 0.003 0.003 0.003 0.002 
338      501    (4)    3 :  0.003 0.002 0.961 0.008 0.001 0.004 0.003 0.004 0.003 0.002 0.003 0.003 0.003 0.002 
339      502    (0)    3 :  0.005 0.003 0.931 0.011 0.003 0.008 0.002 0.003 0.004 0.003 0.008 0.004 0.009 0.004 
340      503    (2)    3 :  0.002 0.002 0.966 0.006 0.002 0.002 0.001 0.002 0.002 0.004 0.002 0.002 0.001 0.003 
341      504    (0)    3 :  0.005 0.004 0.937 0.002 0.004 0.003 0.007 0.002 0.005 0.002 0.015 0.005 0.007 0.002 
342      505    (0)    3 :  0.007 0.004 0.879 0.002 0.007 0.007 0.002 0.010 0.008 0.006 0.047 0.008 0.003 0.012 
343      506    (2)    3 :  0.006 0.002 0.945 0.005 0.002 0.006 0.004 0.006 0.006 0.002 0.005 0.006 0.004 0.002 
344      507    (4)    3 :  0.003 0.002 0.963 0.003 0.001 0.005 0.002 0.004 0.003 0.002 0.004 0.003 0.002 0.003 
345      508    (0)    3 :  0.006 0.002 0.919 0.022 0.002 0.005 0.006 0.007 0.006 0.004 0.003 0.006 0.005 0.006 
346      509    (2)    3 :  0.003 0.004 0.965 0.003 0.001 0.003 0.003 0.003 0.003 0.002 0.003 0.003 0.002 0.003 
347      510    (2)    3 :  0.006 0.020 0.932 0.004 0.003 0.003 0.008 0.003 0.005 0.002 0.003 0.005 0.005 0.002 
348      511    (4)    3 :  0.003 0.002 0.966 0.004 0.003 0.002 0.003 0.002 0.003 0.002 0.002 0.003 0.003 0.002 
349      512    (4)    3 :  0.003 0.003 0.962 0.002 0.002 0.004 0.003 0.004 0.003 0.002 0.006 0.003 0.003 0.002 
350      513    (0)    3 :  0.004 0.019 0.945 0.002 0.002 0.003 0.003 0.003 0.003 0.002 0.007 0.003 0.002 0.002 
351      514    (0)    3 :  0.004 0.002 0.967 0.002 0.001 0.002 0.004 0.002 0.004 0.001 0.002 0.004 0.003 0.002 
352      515    (2)    3 :  0.002 0.003 0.969 0.002 0.001 0.002 0.002 0.002 0.002 0.002 0.004 0.002 0.002 0.002 
353      516    (2)    3 :  0.005 0.006 0.937 0.008 0.003 0.005 0.004 0.003 0.005 0.003 0.003 0.005 0.008 0.004 
354      517    (0)    3 :  0.002 0.002 0.971 0.002 0.001 0.002 0.007 0.002 0.002 0.001 0.004 0.002 0.002 0.001 
355      518    (0)    3 :  0.006 0.002 0.942 0.004 0.002 0.004 0.004 0.005 0.006 0.003 0.003 0.007 0.005 0.006 
356      519    (0)    3 :  0.003 0.003 0.963 0.004 0.003 0.002 0.003 0.003 0.003 0.003 0.002 0.003 0.002 0.002 
357      520    (2)    3 :  0.003 0.006 0.959 0.002 0.004 0.003 0.005 0.002 0.003 0.003 0.002 0.003 0.003 0.002 
358      521    (2)    3 :  0.002 0.003 0.960 0.002 0.007 0.003 0.002 0.003 0.002 0.003 0.006 0.002 0.002 0.003 
359      522    (0)    3 :  0.006 0.005 0.912 0.010 0.013 0.004 0.006 0.004 0.006 0.006 0.001 0.006 0.017 0.004 
360      523    (2)    3 :  0.007 0.002 0.933 0.005 0.004 0.004 0.005 0.006 0.007 0.005 0.003 0.007 0.005 0.008 
361      524    (0)    3 :  0.010 0.006 0.811 0.071 0.013 0.006 0.005 0.010 0.009 0.009 0.003 0.009 0.015 0.023 
362      525    (0)    3 :  0.003 0.003 0.972 0.002 0.001 0.002 0.002 0.003 0.003 0.002 0.001 0.003 0.003 0.001 
363      526    (2)    3 :  0.003 0.002 0.962 0.002 0.002 0.002 0.003 0.002 0.002 0.002 0.011 0.002 0.002 0.002 
364      527    (2)    4 :  0.007 0.010 0.007 0.011 0.002 0.006 0.008 0.004 0.008 0.889 0.005 0.008 0.009 0.026 
365      528    (4)    4 :  0.022 0.008 0.002 0.004 0.016 0.344 0.004 0.020 0.023 0.442 0.003 0.022 0.014 0.076 
366      529    (4)    4 :  0.016 0.004 0.003 0.006 0.015 0.104 0.019 0.009 0.014 0.754 0.009 0.016 0.018 0.013 
367      530    (0)    4 :  0.006 0.005 0.007 0.006 0.004 0.010 0.003 0.012 0.007 0.922 0.004 0.007 0.003 0.006 
368      531    (2)    4 :  0.007 0.004 0.004 0.003 0.011 0.022 0.005 0.009 0.006 0.903 0.005 0.006 0.004 0.010 
369      532    (4)    4 :  0.015 0.002 0.003 0.035 0.003 0.094 0.003 0.023 0.012 0.775 0.002 0.012 0.004 0.016 
370      533    (0)    4 :  0.043 0.002 0.009 0.003 0.019 0.017 0.015 0.036 0.082 0.644 0.003 0.058 0.029 0.038 
371      534    (2)    4 :  0.008 0.005 0.003 0.003 0.012 0.007 0.005 0.005 0.008 0.870 0.002 0.008 0.005 0.061 
372      535    (2)    4 :  0.010 0.002 0.002 0.011 0.004 0.025 0.007 0.009 0.011 0.885 0.005 0.011 0.008 0.008 
373      536    (2)    4 :  0.006 0.002 0.002 0.004 0.026 0.003 0.005 0.008 0.005 0.911 0.011 0.005 0.003 0.008 
374      537    (2)    4 :  0.005 0.013 0.002 0.002 0.007 0.006 0.008 0.004 0.006 0.925 0.002 0.006 0.006 0.006 
375      538    (2)    4 :  0.039 0.004 0.007 0.004 0.003 0.005 0.015 0.049 0.046 0.715 0.002 0.038 0.029 0.046 
376      539    (2)    4 :  0.005 0.002 0.001 0.004 0.003 0.006 0.003 0.004 0.005 0.844 0.002 0.005 0.007 0.110 
377      540    (2)    4 :  0.011 0.002 0.001 0.005 0.011 0.006 0.012 0.019 0.013 0.883 0.001 0.013 0.012 0.009 
378      541    (2)    4 :  0.009 0.003 0.003 0.005 0.007 0.046 0.037 0.017 0.008 0.794 0.002 0.008 0.010 0.052 
379      542    (2)    4 :  0.018 0.010 0.002 0.005 0.009 0.015 0.021 0.017 0.019 0.711 0.004 0.019 0.076 0.075 
380      543    (0)    4 :  0.097 0.014 0.003 0.004 0.019 0.011 0.044 0.020 0.046 0.631 0.002 0.059 0.019 0.032 
381      544    (2)    4 :  0.004 0.002 0.003 0.001 0.004 0.003 0.003 0.006 0.003 0.944 0.002 0.004 0.003 0.018 
382      545    (2)    4 :  0.007 0.002 0.002 0.009 0.004 0.005 0.005 0.006 0.008 0.032 0.001 0.008 0.012 0.900 
383      546    (4)    4 :  0.020 0.002 0.002 0.012 0.004 0.004 0.004 0.006 0.017 0.015 0.002 0.017 0.018 0.877 
384      547    (6)    4 :  0.047 0.033 0.005 0.037 0.009 0.010 0.021 0.028 0.037 0.695 0.017 0.042 0.010 0.011 
385      019    (0)    5 :  0.007 0.004 0.002 0.003 0.009 0.018 0.051 0.007 0.008 0.097 0.005 0.007 0.004 0.779 
386      064    (0)    5 :  0.002 0.002 0.001 0.003 0.002 0.002 0.003 0.002 0.002 0.030 0.001 0.002 0.002 0.944 
387      065    (0)    5 :  0.002 0.001 0.001 0.002 0.005 0.003 0.003 0.003 0.002 0.949 0.001 0.002 0.002 0.024 
388      066    (0)    5 :  0.010 0.003 0.002 0.011 0.006 0.004 0.020 0.010 0.010 0.329 0.002 0.011 0.008 0.574 
389      067    (0)    5 :  0.008 0.010 0.005 0.004 0.008 0.016 0.024 0.005 0.007 0.011 0.006 0.007 0.005 0.882 
390      068    (0)    5 :  0.008 0.029 0.002 0.019 0.008 0.016 0.009 0.007 0.008 0.844 0.002 0.008 0.010 0.029 
391      069    (0)    5 :  0.005 0.004 0.001 0.017 0.011 0.007 0.004 0.007 0.006 0.163 0.001 0.005 0.008 0.761 
392      107    (0)    5 :  0.004 0.002 0.001 0.005 0.003 0.004 0.006 0.003 0.004 0.432 0.001 0.004 0.005 0.525 
393      110    (0)    5 :  0.002 0.001 0.001 0.002 0.002 0.007 0.002 0.002 0.002 0.003 0.003 0.002 0.002 0.967 
394      121    (0)    5 :  0.004 0.003 0.001 0.003 0.002 0.011 0.004 0.003 0.004 0.931 0.001 0.004 0.005 0.023 
395      137    (0)    5 :  0.009 0.002 0.002 0.004 0.005 0.004 0.007 0.005 0.008 0.008 0.009 0.008 0.008 0.919 
396      146    (0)    5 :  0.012 0.004 0.004 0.002 0.020 0.006 0.005 0.066 0.010 0.327 0.003 0.010 0.006 0.526 
397      149    (0)    5 :  0.004 0.002 0.001 0.002 0.002 0.005 0.006 0.004 0.004 0.005 0.003 0.004 0.005 0.952 
398      154    (0)    5 :  0.006 0.017 0.002 0.003 0.164 0.005 0.006 0.004 0.006 0.058 0.002 0.006 0.005 0.716 
399      179    (0)    5 :  0.004 0.004 0.002 0.007 0.004 0.004 0.005 0.004 0.004 0.450 0.002 0.004 0.006 0.500 
400      181    (0)    5 :  0.004 0.002 0.001 0.002 0.004 0.003 0.003 0.003 0.004 0.207 0.002 0.004 0.003 0.759 
401      182    (0)    5 :  0.012 0.013 0.003 0.018 0.006 0.027 0.006 0.013 0.013 0.779 0.002 0.013 0.005 0.088 
402      186    (0)    5 :  0.018 0.004 0.005 0.008 0.004 0.093 0.008 0.029 0.014 0.165 0.005 0.017 0.016 0.613 
403      193    (0)    5 :  0.008 0.004 0.003 0.005 0.007 0.007 0.009 0.008 0.008 0.568 0.002 0.008 0.004 0.360 
404      320    (0)    5 :  0.005 0.011 0.001 0.003 0.009 0.007 0.006 0.011 0.006 0.039 0.003 0.005 0.005 0.889 
405      341    (0)    5 :  0.006 0.004 0.001 0.006 0.002 0.004 0.010 0.008 0.005 0.897 0.002 0.006 0.009 0.039 
406      376    (0)    5 :  0.011 0.003 0.039 0.018 0.008 0.023 0.004 0.013 0.009 0.693 0.003 0.010 0.007 0.158 
407      395    (0)    5 :  0.007 0.004 0.001 0.004 0.056 0.012 0.011 0.006 0.007 0.221 0.006 0.007 0.023 0.636 
408      396    (0)    5 :  0.003 0.002 0.002 0.004 0.003 0.002 0.002 0.004 0.003 0.935 0.003 0.003 0.004 0.031 
409      397    (0)    5 :  0.005 0.006 0.001 0.002 0.010 0.005 0.004 0.004 0.005 0.881 0.009 0.005 0.003 0.060 
410      398    (0)    5 :  0.006 0.004 0.002 0.006 0.054 0.011 0.005 0.009 0.005 0.495 0.004 0.005 0.002 0.392 
411      399    (0)    5 :  0.005 0.003 0.002 0.007 0.002 0.013 0.003 0.007 0.004 0.938 0.002 0.004 0.003 0.007 
412      400    (0)    5 :  0.007 0.002 0.001 0.009 0.006 0.011 0.003 0.014 0.006 0.027 0.002 0.007 0.003 0.901 
413      401    (0)    5 :  0.014 0.002 0.004 0.007 0.006 0.004 0.005 0.010 0.012 0.095 0.003 0.012 0.007 0.820 
414      402    (0)    5 :  0.003 0.003 0.003 0.003 0.002 0.007 0.002 0.003 0.003 0.003 0.002 0.003 0.003 0.960 
415      403    (0)    5 :  0.009 0.004 0.003 0.011 0.004 0.019 0.014 0.030 0.008 0.486 0.011 0.008 0.012 0.382 
416      073    (0)    6 :  0.004 0.002 0.002 0.003 0.001 0.006 0.006 0.003 0.004 0.954 0.002 0.004 0.004 0.005 
417      074    (0)    6 :  0.007 0.005 0.006 0.002 0.037 0.002 0.005 0.004 0.007 0.908 0.002 0.007 0.003 0.004 
418      075    (0)    6 :  0.005 0.004 0.002 0.002 0.006 0.005 0.006 0.008 0.005 0.933 0.003 0.005 0.008 0.008 
419      076    (0)    6 :  0.006 0.006 0.005 0.003 0.005 0.011 0.005 0.005 0.006 0.923 0.005 0.005 0.008 0.007 
420      077    (0)    6 :  0.007 0.008 0.001 0.006 0.003 0.005 0.011 0.005 0.007 0.918 0.003 0.007 0.009 0.011 
421      078    (0)    6 :  0.024 0.005 0.003 0.004 0.005 0.006 0.007 0.022 0.034 0.839 0.005 0.026 0.011 0.010 
422      079    (0)    6 :  0.015 0.002 0.002 0.009 0.003 0.007 0.006 0.007 0.012 0.906 0.001 0.012 0.007 0.013 
423      080    (0)    6 :  0.006 0.018 0.003 0.004 0.003 0.013 0.004 0.004 0.006 0.925 0.002 0.005 0.003 0.005 
424      081    (0)    6 :  0.011 0.003 0.004 0.004 0.012 0.007 0.025 0.005 0.010 0.847 0.016 0.010 0.011 0.034 
425      082    (0)    6 :  0.003 0.003 0.001 0.005 0.003 0.005 0.003 0.003 0.003 0.946 0.002 0.003 0.002 0.018 
426      083    (0)    6 :  0.008 0.002 0.002 0.008 0.010 0.005 0.003 0.005 0.007 0.919 0.002 0.007 0.005 0.018 
427      084    (0)    6 :  0.005 0.002 0.003 0.002 0.098 0.003 0.011 0.004 0.005 0.841 0.005 0.005 0.007 0.011 
428      085    (0)    6 :  0.013 0.003 0.002 0.016 0.008 0.008 0.023 0.009 0.013 0.599 0.014 0.013 0.237 0.043 
429      404    (0)    6 :  0.004 0.003 0.001 0.003 0.019 0.005 0.006 0.004 0.004 0.931 0.003 0.004 0.004 0.009 
430      405    (0)    6 :  0.005 0.002 0.002 0.002 0.005 0.004 0.009 0.005 0.005 0.939 0.009 0.005 0.004 0.005 
431      406    (0)    6 :  0.008 0.003 0.005 0.006 0.008 0.006 0.003 0.006 0.009 0.922 0.007 0.009 0.004 0.004 
432      407    (0)    6 :  0.005 0.003 0.001 0.002 0.004 0.003 0.006 0.004 0.005 0.878 0.003 0.005 0.009 0.071 
433      408    (0)    6 :  0.004 0.005 0.001 0.003 0.006 0.003 0.004 0.003 0.004 0.952 0.001 0.004 0.004 0.004 
434      411    (2)    6 :  0.003 0.003 0.001 0.003 0.005 0.002 0.004 0.002 0.003 0.961 0.002 0.003 0.003 0.005 
435      412    (0)    6 :  0.008 0.006 0.026 0.006 0.004 0.011 0.011 0.006 0.007 0.884 0.005 0.007 0.012 0.007 
436      413    (0)    6 :  0.004 0.002 0.001 0.002 0.003 0.002 0.004 0.004 0.006 0.948 0.002 0.005 0.004 0.012 
437      591    (0)    7 :  0.006 0.004 0.014 0.004 0.008 0.921 0.009 0.006 0.005 0.004 0.006 0.005 0.005 0.002 
438      592    (0)    7 :  0.008 0.006 0.003 0.006 0.005 0.839 0.071 0.016 0.007 0.010 0.002 0.008 0.016 0.004 
439      593    (0)    7 :  0.007 0.002 0.002 0.005 0.004 0.931 0.006 0.006 0.007 0.009 0.005 0.006 0.005 0.005 
440      594    (0)    7 :  0.021 0.010 0.003 0.004 0.007 0.788 0.043 0.028 0.018 0.037 0.005 0.021 0.007 0.009 
441      595    (0)    7 :  0.018 0.011 0.004 0.004 0.003 0.878 0.005 0.006 0.017 0.010 0.004 0.020 0.007 0.013 
442      596    (0)    7 :  0.006 0.018 0.002 0.006 0.002 0.920 0.004 0.007 0.006 0.006 0.006 0.006 0.005 0.005 
443      597    (0)    7 :  0.012 0.006 0.001 0.003 0.003 0.852 0.007 0.007 0.009 0.031 0.002 0.010 0.031 0.025 
444      598    (0)    7 :  0.065 0.027 0.002 0.010 0.003 0.601 0.007 0.081 0.035 0.006 0.002 0.043 0.084 0.034 
445      599    (0)    7 :  0.007 0.003 0.003 0.005 0.002 0.775 0.154 0.004 0.007 0.005 0.006 0.007 0.018 0.003 
446      600    (0)    7 :  0.005 0.011 0.002 0.003 0.001 0.937 0.003 0.005 0.006 0.004 0.004 0.005 0.005 0.007 
447      601    (0)    7 :  0.017 0.002 0.002 0.005 0.002 0.821 0.019 0.009 0.017 0.023 0.002 0.019 0.037 0.025 
448      602    (0)    7 :  0.013 0.005 0.004 0.005 0.004 0.894 0.007 0.005 0.011 0.006 0.004 0.013 0.015 0.014 
449      603    (0)    7 :  0.040 0.008 0.002 0.007 0.008 0.107 0.080 0.006 0.029 0.006 0.007 0.028 0.668 0.004 
450      604    (0)    7 :  0.012 0.007 0.003 0.011 0.003 0.900 0.003 0.012 0.013 0.009 0.002 0.012 0.004 0.007 
451      605    (0)    7 :  0.026 0.022 0.019 0.004 0.002 0.775 0.010 0.075 0.019 0.009 0.004 0.020 0.008 0.006 
452      606    (0)    7 :  0.009 0.007 0.003 0.003 0.004 0.901 0.011 0.011 0.008 0.004 0.021 0.008 0.006 0.003 
453      607    (0)    7 :  0.006 0.008 0.003 0.100 0.002 0.830 0.002 0.008 0.004 0.009 0.003 0.004 0.006 0.014 
454      608    (0)    7 :  0.005 0.003 0.001 0.017 0.005 0.923 0.008 0.007 0.005 0.005 0.002 0.005 0.009 0.004 
455      609    (0)    7 :  0.008 0.003 0.002 0.008 0.003 0.931 0.004 0.008 0.008 0.004 0.004 0.009 0.005 0.004 
456      610    (0)    7 :  0.116 0.009 0.004 0.017 0.009 0.498 0.017 0.022 0.091 0.019 0.003 0.102 0.085 0.007 
457      611    (2)    7 :  0.008 0.006 0.002 0.022 0.011 0.898 0.003 0.006 0.009 0.010 0.003 0.009 0.005 0.008 
458      612    (0)    7 :  0.021 0.042 0.004 0.029 0.003 0.769 0.007 0.009 0.022 0.008 0.002 0.016 0.013 0.055 
459      755    (0)    7 :  0.035 0.043 0.028 0.293 0.031 0.448 0.008 0.017 0.029 0.016 0.002 0.028 0.014 0.008 
460      756    (0)    7 :  0.005 0.003 0.002 0.014 0.008 0.915 0.007 0.007 0.005 0.012 0.003 0.005 0.009 0.003 
461      757    (0)    7 :  0.010 0.005 0.003 0.009 0.004 0.904 0.009 0.014 0.010 0.008 0.002 0.010 0.006 0.005 
462      002    (0)    8 :  0.008 0.002 0.004 0.004 0.019 0.006 0.004 0.009 0.007 0.561 0.003 0.007 0.015 0.352 
463      099    (2)    8 :  0.032 0.045 0.723 0.015 0.009 0.008 0.073 0.016 0.027 0.005 0.004 0.036 0.004 0.005 
464      641    (2)    8 :  0.089 0.004 0.018 0.027 0.012 0.064 0.011 0.057 0.140 0.204 0.015 0.095 0.013 0.253 
465      642    (0)    8 :  0.008 0.003 0.003 0.004 0.008 0.018 0.017 0.014 0.008 0.894 0.003 0.007 0.009 0.004 
466      643    (2)    8 :  0.012 0.003 0.004 0.004 0.015 0.024 0.017 0.048 0.014 0.812 0.003 0.013 0.025 0.007 
467      644    (0)    8 :  0.009 0.008 0.003 0.008 0.006 0.006 0.019 0.015 0.007 0.874 0.003 0.008 0.013 0.020 
468      645    (0)    8 :  0.030 0.003 0.002 0.125 0.017 0.036 0.018 0.165 0.030 0.473 0.039 0.027 0.022 0.012 
469      646    (0)    8 :  0.067 0.009 0.004 0.165 0.012 0.013 0.006 0.058 0.058 0.063 0.010 0.050 0.091 0.391 
470      006    (0)    9 :  0.024 0.003 0.005 0.006 0.630 0.006 0.007 0.009 0.024 0.240 0.003 0.026 0.010 0.008 
471      011    (0)    9 :  0.003 0.003 0.001 0.002 0.009 0.003 0.004 0.003 0.003 0.960 0.002 0.003 0.003 0.003 
472      033    (2)    9 :  0.005 0.002 0.001 0.004 0.619 0.019 0.004 0.004 0.005 0.286 0.002 0.006 0.027 0.016 
473      048    (0)    9 :  0.018 0.005 0.002 0.005 0.046 0.014 0.294 0.008 0.015 0.541 0.008 0.017 0.016 0.011 
474      061    (0)    9 :  0.002 0.001 0.001 0.003 0.976 0.001 0.002 0.002 0.002 0.002 0.004 0.002 0.001 0.002 
475      088    (0)    9 :  0.013 0.008 0.003 0.003 0.023 0.013 0.019 0.014 0.012 0.851 0.005 0.012 0.011 0.014 
476      091    (0)    9 :  0.004 0.005 0.001 0.007 0.946 0.005 0.003 0.003 0.004 0.010 0.002 0.004 0.003 0.003 
477      098    (0)    9 :  0.006 0.003 0.001 0.006 0.008 0.019 0.022 0.004 0.005 0.887 0.012 0.006 0.008 0.013 
478      104    (0)    9 :  0.003 0.002 0.001 0.002 0.003 0.002 0.004 0.002 0.003 0.941 0.002 0.003 0.003 0.028 
479      196    (0)    9 :  0.006 0.005 0.001 0.002 0.576 0.009 0.011 0.006 0.005 0.344 0.005 0.006 0.007 0.017 
480      197    (0)    9 :  0.026 0.014 0.003 0.003 0.256 0.011 0.010 0.008 0.022 0.569 0.008 0.030 0.024 0.019 
481      201    (0)    9 :  0.005 0.001 0.001 0.002 0.585 0.005 0.004 0.010 0.005 0.360 0.001 0.005 0.005 0.012 
482      202    (0)    9 :  0.013 0.012 0.009 0.002 0.032 0.005 0.025 0.010 0.013 0.817 0.020 0.013 0.014 0.015 
483      204    (0)    9 :  0.003 0.002 0.001 0.009 0.375 0.003 0.005 0.004 0.003 0.550 0.002 0.003 0.010 0.028 
484      231    (0)    9 :  0.005 0.004 0.001 0.008 0.007 0.010 0.012 0.005 0.004 0.868 0.001 0.005 0.014 0.057 
485      328    (0)    9 :  0.004 0.002 0.001 0.002 0.242 0.006 0.004 0.005 0.004 0.713 0.004 0.004 0.006 0.003 
486      346    (0)    9 :  0.004 0.007 0.002 0.003 0.310 0.008 0.004 0.004 0.004 0.638 0.003 0.004 0.003 0.006 


Estimated Allele Frequencies in each cluster
First column gives estimated ancestral frequencies


Locus 1 : 1 
4 alleles
0.0% missing data
  89   (0.534) 0.541 0.640 0.295 0.820 0.694 0.554 0.587 0.504 0.558 0.622 0.066 0.550 0.474 0.289 
  91   (0.382) 0.380 0.312 0.667 0.160 0.296 0.429 0.339 0.438 0.369 0.316 0.705 0.367 0.501 0.591 
  93   (0.066) 0.065 0.047 0.037 0.015 0.008 0.014 0.056 0.053 0.055 0.062 0.098 0.064 0.017 0.118 
  99   (0.017) 0.015 0.001 0.001 0.005 0.002 0.003 0.018 0.005 0.018 0.000 0.131 0.019 0.008 0.002 

Locus 2 : 2 
6 alleles
1.0% missing data
 136   (0.351) 0.353 0.458 0.451 0.149 0.106 0.414 0.060 0.530 0.361 0.550 0.190 0.355 0.183 0.721 
 134   (0.233) 0.223 0.378 0.196 0.662 0.208 0.398 0.264 0.211 0.198 0.144 0.027 0.208 0.221 0.163 
 138   (0.302) 0.312 0.157 0.221 0.132 0.248 0.155 0.513 0.187 0.322 0.256 0.771 0.320 0.470 0.103 
 140   (0.067) 0.065 0.004 0.121 0.019 0.433 0.017 0.038 0.042 0.067 0.049 0.008 0.065 0.059 0.008 
 132   (0.020) 0.024 0.001 0.001 0.004 0.002 0.003 0.003 0.006 0.036 0.000 0.002 0.034 0.006 0.002 
 142   (0.027) 0.023 0.002 0.010 0.035 0.003 0.014 0.122 0.024 0.016 0.001 0.003 0.018 0.060 0.003 

Locus 3 : 3 
6 alleles
0.0% missing data
 181   (0.255) 0.260 0.069 0.074 0.353 0.074 0.400 0.414 0.192 0.247 0.231 0.180 0.252 0.150 0.095 
 187   (0.344) 0.351 0.260 0.345 0.124 0.689 0.171 0.157 0.353 0.357 0.515 0.774 0.351 0.327 0.541 
 179   (0.241) 0.237 0.015 0.053 0.336 0.221 0.394 0.199 0.287 0.254 0.229 0.028 0.251 0.310 0.348 
 191   (0.032) 0.032 0.198 0.009 0.010 0.004 0.006 0.009 0.012 0.030 0.022 0.004 0.032 0.007 0.003 
 185   (0.077) 0.074 0.455 0.283 0.131 0.008 0.020 0.091 0.062 0.075 0.002 0.008 0.075 0.089 0.008 
 175   (0.050) 0.045 0.003 0.235 0.047 0.005 0.009 0.129 0.095 0.036 0.001 0.006 0.039 0.117 0.005 

Locus 4 : 4 
12 alleles
0.2% missing data
 253   (0.487) 0.494 0.463 0.171 0.627 0.631 0.605 0.522 0.513 0.537 0.753 0.596 0.514 0.506 0.435 
 249   (0.029) 0.026 0.002 0.066 0.005 0.310 0.005 0.003 0.010 0.025 0.058 0.004 0.024 0.006 0.017 
 271   (0.042) 0.041 0.003 0.109 0.010 0.005 0.009 0.005 0.030 0.038 0.028 0.005 0.041 0.031 0.052 
 241   (0.156) 0.154 0.150 0.526 0.097 0.022 0.149 0.137 0.180 0.128 0.023 0.183 0.140 0.175 0.371 
 257   (0.006) 0.005 0.000 0.000 0.001 0.001 0.001 0.001 0.005 0.003 0.000 0.001 0.004 0.002 0.003 
 269   (0.174) 0.176 0.102 0.032 0.232 0.020 0.186 0.280 0.158 0.164 0.136 0.201 0.168 0.220 0.096 
 247   (0.067) 0.070 0.278 0.027 0.018 0.008 0.035 0.046 0.059 0.084 0.002 0.007 0.085 0.043 0.007 
 245   (0.009) 0.008 0.001 0.066 0.001 0.001 0.001 0.001 0.002 0.005 0.000 0.001 0.006 0.002 0.001 
 239   (0.011) 0.010 0.001 0.001 0.003 0.001 0.004 0.001 0.020 0.007 0.000 0.001 0.008 0.002 0.001 
 273   (0.007) 0.006 0.000 0.001 0.001 0.001 0.001 0.001 0.020 0.004 0.000 0.001 0.004 0.001 0.001 
 267   (0.006) 0.005 0.000 0.000 0.002 0.001 0.001 0.001 0.002 0.003 0.000 0.001 0.003 0.001 0.015 
 255   (0.006) 0.005 0.000 0.000 0.001 0.001 0.002 0.001 0.002 0.003 0.000 0.001 0.003 0.011 0.001 

Locus 5 : 5 
6 alleles
0.6% missing data
 103   (0.844) 0.838 0.978 0.737 0.948 0.984 0.924 0.966 0.846 0.804 0.991 0.982 0.828 0.911 0.959 
 104   (0.068) 0.074 0.004 0.072 0.030 0.007 0.028 0.021 0.062 0.098 0.006 0.008 0.083 0.045 0.033 
 101   (0.010) 0.008 0.013 0.001 0.006 0.001 0.003 0.001 0.003 0.005 0.000 0.001 0.006 0.003 0.001 
 105   (0.048) 0.049 0.003 0.164 0.012 0.005 0.037 0.009 0.071 0.062 0.001 0.005 0.054 0.027 0.005 
 102   (0.016) 0.017 0.001 0.001 0.003 0.001 0.005 0.002 0.008 0.019 0.000 0.003 0.016 0.010 0.001 
 107   (0.015) 0.014 0.001 0.026 0.002 0.001 0.003 0.002 0.011 0.011 0.000 0.001 0.012 0.003 0.001 

Locus 6 : 6 
5 alleles
0.2% missing data
 141   (0.272) 0.261 0.134 0.113 0.769 0.839 0.304 0.187 0.209 0.259 0.583 0.031 0.268 0.314 0.308 
 145   (0.399) 0.421 0.262 0.024 0.140 0.072 0.445 0.625 0.513 0.443 0.185 0.411 0.427 0.464 0.124 
 135   (0.236) 0.229 0.288 0.634 0.069 0.073 0.138 0.175 0.207 0.224 0.192 0.547 0.228 0.186 0.365 
 147   (0.081) 0.079 0.316 0.127 0.019 0.014 0.111 0.011 0.060 0.068 0.040 0.010 0.069 0.034 0.202 
 137   (0.012) 0.010 0.001 0.102 0.002 0.001 0.002 0.002 0.012 0.006 0.000 0.001 0.007 0.002 0.002 

Locus 7 : 7 
10 alleles
1.2% missing data
  93   (0.225) 0.209 0.066 0.114 0.305 0.621 0.210 0.276 0.260 0.181 0.332 0.795 0.191 0.322 0.396 
 103   (0.303) 0.317 0.513 0.018 0.130 0.079 0.529 0.351 0.298 0.336 0.402 0.041 0.325 0.374 0.272 
  91   (0.069) 0.068 0.155 0.061 0.063 0.007 0.044 0.041 0.061 0.067 0.034 0.010 0.065 0.019 0.008 
  97   (0.192) 0.200 0.253 0.263 0.239 0.026 0.157 0.189 0.125 0.206 0.164 0.127 0.210 0.052 0.177 
  85   (0.046) 0.045 0.003 0.003 0.011 0.005 0.016 0.051 0.048 0.046 0.045 0.006 0.046 0.014 0.009 
  89   (0.083) 0.075 0.005 0.299 0.236 0.254 0.030 0.054 0.070 0.061 0.021 0.011 0.065 0.182 0.129 
  83   (0.051) 0.055 0.003 0.003 0.010 0.005 0.009 0.033 0.127 0.075 0.001 0.006 0.069 0.030 0.005 
 105   (0.014) 0.014 0.001 0.089 0.003 0.001 0.002 0.002 0.004 0.013 0.000 0.002 0.015 0.003 0.001 
 101   (0.010) 0.008 0.001 0.125 0.002 0.001 0.001 0.001 0.003 0.008 0.000 0.001 0.007 0.002 0.001 
  99   (0.010) 0.009 0.001 0.025 0.002 0.001 0.001 0.001 0.003 0.006 0.000 0.001 0.008 0.002 0.001 

Locus 8 : 8 
8 alleles
0.0% missing data
 129   (0.552) 0.566 0.640 0.304 0.466 0.663 0.412 0.703 0.626 0.582 0.703 0.200 0.563 0.729 0.477 
 141   (0.054) 0.052 0.213 0.003 0.011 0.009 0.092 0.012 0.024 0.045 0.097 0.006 0.049 0.027 0.147 
 149   (0.079) 0.075 0.013 0.301 0.275 0.012 0.019 0.058 0.058 0.072 0.142 0.009 0.076 0.077 0.027 
 143   (0.261) 0.257 0.130 0.297 0.207 0.312 0.468 0.212 0.255 0.255 0.056 0.699 0.266 0.152 0.343 
 127   (0.018) 0.018 0.001 0.093 0.003 0.001 0.003 0.002 0.006 0.018 0.000 0.046 0.016 0.004 0.002 
 131   (0.012) 0.010 0.002 0.001 0.003 0.001 0.002 0.010 0.003 0.008 0.000 0.039 0.008 0.002 0.001 
 133   (0.017) 0.016 0.001 0.001 0.034 0.001 0.003 0.002 0.022 0.016 0.000 0.002 0.018 0.007 0.002 
 145   (0.006) 0.006 0.000 0.000 0.001 0.000 0.001 0.001 0.005 0.004 0.000 0.001 0.004 0.001 0.001 

Locus 9 : 9 
5 alleles
0.0% missing data
 191   (0.392) 0.389 0.543 0.339 0.582 0.849 0.472 0.340 0.353 0.405 0.561 0.339 0.397 0.187 0.591 
 195   (0.142) 0.134 0.052 0.329 0.034 0.031 0.242 0.370 0.130 0.121 0.187 0.354 0.133 0.078 0.038 
 189   (0.453) 0.466 0.405 0.331 0.381 0.119 0.283 0.288 0.504 0.467 0.250 0.306 0.463 0.733 0.369 
 197   (0.006) 0.005 0.000 0.000 0.001 0.001 0.001 0.001 0.011 0.003 0.000 0.001 0.004 0.002 0.001 
 193   (0.006) 0.005 0.000 0.000 0.002 0.001 0.001 0.001 0.002 0.003 0.002 0.001 0.004 0.001 0.001 

Locus 10 : 10 
7 alleles
0.4% missing data
 232   (0.248) 0.257 0.277 0.127 0.065 0.578 0.155 0.202 0.293 0.285 0.288 0.219 0.268 0.080 0.365 
 238   (0.559) 0.557 0.345 0.747 0.834 0.132 0.669 0.712 0.497 0.554 0.589 0.368 0.558 0.858 0.453 
 252   (0.108) 0.101 0.033 0.015 0.085 0.274 0.124 0.075 0.156 0.089 0.108 0.016 0.095 0.045 0.174 
 254   (0.048) 0.044 0.261 0.081 0.010 0.013 0.045 0.006 0.036 0.038 0.015 0.393 0.042 0.010 0.005 
 248   (0.018) 0.019 0.083 0.001 0.003 0.001 0.003 0.002 0.010 0.016 0.000 0.002 0.019 0.004 0.002 
 250   (0.014) 0.015 0.001 0.029 0.002 0.001 0.002 0.002 0.005 0.014 0.000 0.002 0.014 0.003 0.001 
 236   (0.007) 0.006 0.001 0.000 0.001 0.001 0.002 0.001 0.003 0.004 0.000 0.001 0.005 0.001 0.001 

Locus 11 : 11 
4 alleles
0.0% missing data
  87   (0.692) 0.697 0.535 0.498 0.862 0.343 0.643 0.861 0.687 0.706 0.644 0.964 0.710 0.777 0.569 
  89   (0.239) 0.241 0.383 0.153 0.089 0.633 0.344 0.111 0.214 0.245 0.300 0.028 0.237 0.201 0.360 
  91   (0.053) 0.048 0.081 0.181 0.014 0.022 0.010 0.027 0.084 0.038 0.055 0.006 0.040 0.019 0.069 
  85   (0.017) 0.015 0.001 0.168 0.036 0.002 0.003 0.002 0.015 0.011 0.000 0.002 0.013 0.003 0.001 

Locus 12 : 12 
13 alleles
0.4% missing data
 160   (0.215) 0.220 0.718 0.424 0.194 0.037 0.063 0.286 0.208 0.218 0.111 0.596 0.203 0.249 0.196 
 162   (0.247) 0.243 0.231 0.015 0.385 0.768 0.477 0.229 0.247 0.251 0.210 0.066 0.262 0.324 0.095 
 147   (0.048) 0.046 0.003 0.003 0.014 0.085 0.087 0.018 0.018 0.038 0.119 0.005 0.040 0.068 0.352 
 158   (0.231) 0.237 0.023 0.098 0.107 0.079 0.189 0.229 0.282 0.254 0.527 0.028 0.241 0.106 0.318 
 161   (0.108) 0.101 0.017 0.272 0.034 0.015 0.152 0.110 0.119 0.092 0.023 0.117 0.094 0.131 0.025 
 170   (0.052) 0.056 0.003 0.028 0.013 0.007 0.010 0.025 0.061 0.057 0.008 0.006 0.061 0.059 0.006 
 143   (0.031) 0.032 0.002 0.156 0.010 0.003 0.005 0.004 0.036 0.034 0.001 0.175 0.036 0.007 0.003 
 154   (0.016) 0.020 0.001 0.001 0.006 0.002 0.006 0.002 0.006 0.022 0.000 0.002 0.023 0.004 0.002 
 149   (0.019) 0.017 0.001 0.001 0.232 0.002 0.004 0.083 0.006 0.014 0.000 0.002 0.016 0.005 0.002 
 153   (0.011) 0.012 0.001 0.001 0.002 0.001 0.003 0.001 0.010 0.010 0.000 0.001 0.012 0.002 0.001 
 150   (0.006) 0.005 0.000 0.000 0.001 0.001 0.001 0.011 0.002 0.003 0.000 0.001 0.003 0.001 0.001 
 159   (0.007) 0.006 0.000 0.000 0.001 0.001 0.001 0.001 0.002 0.003 0.000 0.001 0.004 0.045 0.001 
 164   (0.006) 0.006 0.000 0.000 0.001 0.001 0.001 0.001 0.002 0.004 0.000 0.001 0.005 0.001 0.001 

Locus 13 : 13 
5 alleles
0.0% missing data
 108   (0.205) 0.210 0.200 0.296 0.053 0.406 0.150 0.097 0.278 0.195 0.163 0.337 0.192 0.135 0.153 
 115   (0.444) 0.441 0.286 0.379 0.698 0.528 0.497 0.544 0.459 0.436 0.579 0.091 0.449 0.497 0.300 
 113   (0.338) 0.337 0.513 0.325 0.247 0.064 0.351 0.357 0.258 0.359 0.257 0.571 0.350 0.365 0.546 
 109   (0.006) 0.006 0.000 0.000 0.001 0.001 0.001 0.001 0.002 0.005 0.000 0.001 0.005 0.001 0.001 
 110   (0.006) 0.006 0.000 0.000 0.001 0.000 0.001 0.001 0.002 0.005 0.000 0.001 0.005 0.001 0.001 

Locus 14 : 14 
5 alleles
1.2% missing data
 227   (0.136) 0.135 0.017 0.008 0.065 0.060 0.038 0.322 0.077 0.138 0.257 0.255 0.136 0.299 0.329 
 231   (0.157) 0.162 0.351 0.354 0.041 0.026 0.451 0.025 0.150 0.156 0.094 0.272 0.161 0.046 0.103 
 229   (0.508) 0.509 0.417 0.470 0.844 0.864 0.291 0.533 0.672 0.518 0.463 0.095 0.508 0.441 0.453 
 225   (0.136) 0.137 0.211 0.060 0.034 0.019 0.149 0.068 0.074 0.133 0.088 0.227 0.133 0.195 0.024 
 233   (0.063) 0.057 0.004 0.108 0.015 0.031 0.072 0.052 0.026 0.055 0.097 0.151 0.062 0.019 0.091 

Locus 15 : 15 
5 alleles
0.4% missing data
 143   (0.841) 0.839 0.817 0.623 0.928 0.983 0.871 0.840 0.876 0.838 0.969 0.720 0.845 0.937 0.976 
 157   (0.007) 0.005 0.000 0.000 0.001 0.001 0.001 0.001 0.002 0.003 0.018 0.001 0.003 0.001 0.001 
 145   (0.089) 0.091 0.006 0.183 0.057 0.010 0.117 0.073 0.057 0.093 0.012 0.272 0.089 0.043 0.017 
 147   (0.049) 0.052 0.145 0.193 0.011 0.005 0.009 0.085 0.028 0.056 0.001 0.006 0.053 0.017 0.005 
 133   (0.014) 0.013 0.032 0.001 0.003 0.002 0.002 0.002 0.037 0.010 0.000 0.001 0.010 0.003 0.001 

Locus 16 : 16 
5 alleles
0.2% missing data
 156   (0.223) 0.211 0.499 0.162 0.052 0.195 0.320 0.256 0.378 0.196 0.302 0.514 0.200 0.170 0.080 
 158   (0.540) 0.550 0.201 0.316 0.628 0.329 0.477 0.632 0.469 0.576 0.499 0.253 0.566 0.608 0.740 
 160   (0.141) 0.139 0.113 0.119 0.294 0.464 0.146 0.084 0.097 0.131 0.153 0.016 0.132 0.172 0.169 
 154   (0.086) 0.092 0.187 0.402 0.025 0.011 0.056 0.018 0.054 0.093 0.046 0.216 0.097 0.032 0.010 
 152   (0.009) 0.007 0.001 0.001 0.002 0.001 0.001 0.008 0.003 0.004 0.000 0.001 0.005 0.018 0.001 

Locus 17 : 17 
5 alleles
0.0% missing data
 102   (0.200) 0.193 0.199 0.040 0.324 0.089 0.183 0.131 0.106 0.192 0.248 0.024 0.194 0.407 0.170 
  90   (0.680) 0.679 0.793 0.325 0.398 0.615 0.793 0.846 0.805 0.658 0.721 0.577 0.663 0.552 0.804 
  88   (0.071) 0.076 0.005 0.464 0.268 0.291 0.013 0.009 0.037 0.080 0.030 0.008 0.087 0.024 0.022 
 100   (0.042) 0.046 0.003 0.171 0.008 0.004 0.009 0.007 0.050 0.067 0.001 0.391 0.052 0.014 0.004 
 104   (0.007) 0.005 0.000 0.000 0.001 0.001 0.001 0.007 0.002 0.003 0.000 0.001 0.004 0.003 0.001 

Locus 18 : 18 
7 alleles
0.0% missing data
 142   (0.125) 0.124 0.008 0.019 0.084 0.795 0.024 0.076 0.169 0.126 0.415 0.015 0.134 0.065 0.385 
 146   (0.075) 0.068 0.225 0.004 0.103 0.033 0.081 0.016 0.063 0.066 0.189 0.008 0.070 0.233 0.023 
 140   (0.291) 0.296 0.178 0.298 0.501 0.045 0.497 0.277 0.240 0.319 0.090 0.277 0.291 0.215 0.425 
 127   (0.302) 0.311 0.061 0.385 0.197 0.076 0.236 0.329 0.393 0.316 0.231 0.548 0.311 0.289 0.091 
 148   (0.099) 0.098 0.217 0.067 0.028 0.034 0.114 0.065 0.042 0.083 0.055 0.011 0.095 0.129 0.049 
 150   (0.054) 0.049 0.307 0.223 0.070 0.006 0.013 0.191 0.053 0.047 0.001 0.005 0.051 0.034 0.005 
 138   (0.055) 0.054 0.004 0.003 0.017 0.010 0.035 0.045 0.041 0.042 0.019 0.136 0.048 0.036 0.022 

Locus 19 : 19 
8 alleles
0.2% missing data
 188   (0.181) 0.190 0.170 0.011 0.045 0.560 0.069 0.192 0.190 0.206 0.098 0.019 0.204 0.099 0.181 
 190   (0.121) 0.108 0.201 0.042 0.383 0.014 0.241 0.226 0.099 0.083 0.413 0.013 0.091 0.076 0.318 
 194   (0.577) 0.583 0.480 0.555 0.199 0.417 0.600 0.543 0.628 0.595 0.487 0.956 0.595 0.565 0.490 
 202   (0.017) 0.015 0.143 0.042 0.003 0.001 0.003 0.002 0.007 0.012 0.000 0.002 0.013 0.004 0.002 
 200   (0.084) 0.088 0.005 0.312 0.367 0.007 0.080 0.035 0.063 0.093 0.002 0.009 0.086 0.253 0.008 
 192   (0.007) 0.006 0.000 0.000 0.001 0.000 0.004 0.001 0.003 0.005 0.000 0.001 0.005 0.001 0.001 
 196   (0.007) 0.005 0.000 0.000 0.001 0.000 0.001 0.001 0.008 0.003 0.000 0.001 0.004 0.001 0.001 
 198   (0.007) 0.005 0.000 0.037 0.001 0.000 0.001 0.001 0.002 0.003 0.000 0.001 0.003 0.001 0.001 

Locus 20 : 20 
6 alleles
0.8% missing data
 252   (0.694) 0.710 0.729 0.076 0.557 0.810 0.741 0.749 0.817 0.724 0.848 0.385 0.729 0.825 0.704 
 250   (0.085) 0.081 0.140 0.427 0.132 0.010 0.071 0.090 0.032 0.072 0.099 0.348 0.073 0.030 0.049 
 244   (0.022) 0.019 0.002 0.047 0.007 0.156 0.008 0.006 0.010 0.014 0.007 0.005 0.014 0.007 0.002 
 254   (0.080) 0.072 0.081 0.241 0.019 0.010 0.056 0.096 0.066 0.062 0.032 0.101 0.066 0.101 0.010 
 246   (0.095) 0.091 0.047 0.207 0.281 0.010 0.120 0.057 0.063 0.086 0.005 0.159 0.087 0.026 0.231 
 248   (0.023) 0.026 0.001 0.001 0.004 0.003 0.004 0.003 0.012 0.044 0.010 0.003 0.031 0.010 0.003 

Locus 21 : 21 
7 alleles
0.2% missing data
 173   (0.288) 0.272 0.212 0.209 0.072 0.144 0.315 0.576 0.334 0.251 0.372 0.121 0.273 0.463 0.147 
 177   (0.268) 0.280 0.169 0.042 0.501 0.185 0.083 0.237 0.226 0.307 0.278 0.273 0.291 0.246 0.640 
 175   (0.140) 0.134 0.256 0.500 0.041 0.017 0.319 0.075 0.129 0.123 0.027 0.483 0.124 0.088 0.023 
 167   (0.195) 0.194 0.123 0.070 0.098 0.643 0.142 0.092 0.255 0.191 0.316 0.111 0.187 0.169 0.174 
 163   (0.040) 0.040 0.225 0.107 0.008 0.004 0.016 0.011 0.026 0.037 0.002 0.004 0.037 0.012 0.004 
 165   (0.050) 0.051 0.013 0.071 0.276 0.005 0.122 0.007 0.024 0.058 0.004 0.006 0.051 0.014 0.009 
 159   (0.020) 0.029 0.001 0.001 0.004 0.002 0.003 0.002 0.006 0.033 0.000 0.002 0.037 0.008 0.002 

Locus 22 : 22 
11 alleles
0.6% missing data
 146   (0.234) 0.236 0.139 0.014 0.295 0.841 0.169 0.267 0.210 0.229 0.231 0.072 0.242 0.338 0.211 
 154   (0.007) 0.005 0.000 0.000 0.001 0.001 0.001 0.001 0.002 0.003 0.068 0.001 0.003 0.001 0.002 
 166   (0.091) 0.097 0.006 0.005 0.023 0.010 0.078 0.025 0.049 0.124 0.030 0.113 0.114 0.042 0.268 
 152   (0.417) 0.412 0.370 0.102 0.587 0.120 0.505 0.633 0.540 0.399 0.636 0.504 0.389 0.529 0.446 
 150   (0.031) 0.029 0.002 0.102 0.008 0.004 0.006 0.005 0.011 0.036 0.007 0.111 0.033 0.018 0.009 
 164   (0.035) 0.032 0.002 0.068 0.008 0.004 0.055 0.006 0.030 0.026 0.011 0.005 0.026 0.011 0.044 
 156   (0.019) 0.016 0.299 0.113 0.004 0.002 0.004 0.018 0.005 0.011 0.000 0.002 0.012 0.004 0.002 
 162   (0.053) 0.058 0.072 0.138 0.021 0.005 0.049 0.012 0.042 0.054 0.001 0.007 0.060 0.029 0.006 
 158   (0.089) 0.093 0.109 0.430 0.048 0.012 0.130 0.020 0.102 0.099 0.015 0.011 0.100 0.023 0.010 
 148   (0.009) 0.007 0.001 0.000 0.001 0.001 0.001 0.001 0.003 0.004 0.000 0.173 0.005 0.002 0.001 
 142   (0.016) 0.015 0.001 0.027 0.003 0.002 0.003 0.013 0.005 0.015 0.000 0.002 0.016 0.004 0.001 

Locus 23 : 23 
7 alleles
0.8% missing data
 152   (0.013) 0.010 0.001 0.001 0.002 0.001 0.002 0.002 0.003 0.007 0.061 0.001 0.007 0.004 0.091 
 156   (0.123) 0.123 0.031 0.429 0.030 0.013 0.123 0.047 0.242 0.129 0.035 0.015 0.124 0.048 0.094 
 144   (0.175) 0.171 0.637 0.245 0.054 0.025 0.191 0.291 0.116 0.159 0.185 0.602 0.160 0.181 0.152 
 160   (0.104) 0.099 0.104 0.012 0.306 0.012 0.140 0.113 0.053 0.096 0.180 0.012 0.090 0.121 0.300 
 154   (0.548) 0.559 0.224 0.174 0.600 0.923 0.532 0.543 0.570 0.570 0.537 0.364 0.579 0.635 0.359 
 158   (0.029) 0.029 0.002 0.138 0.006 0.026 0.011 0.004 0.010 0.033 0.003 0.003 0.034 0.011 0.003 
 146   (0.008) 0.008 0.000 0.000 0.001 0.001 0.001 0.001 0.006 0.006 0.000 0.001 0.007 0.002 0.001 

Locus 24 : 24 
4 alleles
0.4% missing data
  77   (0.079) 0.072 0.050 0.005 0.034 0.027 0.084 0.056 0.102 0.057 0.322 0.009 0.061 0.142 0.021 
  83   (0.466) 0.459 0.920 0.587 0.740 0.228 0.598 0.476 0.401 0.459 0.484 0.688 0.449 0.351 0.583 
  81   (0.370) 0.386 0.025 0.379 0.204 0.734 0.274 0.349 0.355 0.404 0.172 0.294 0.411 0.439 0.360 
  85   (0.085) 0.083 0.006 0.029 0.022 0.011 0.044 0.118 0.142 0.080 0.022 0.010 0.080 0.068 0.036 

Locus 25 : 25 
6 alleles
0.4% missing data
 132   (0.314) 0.326 0.454 0.021 0.226 0.911 0.451 0.353 0.236 0.333 0.527 0.181 0.334 0.265 0.119 
 124   (0.533) 0.528 0.536 0.469 0.734 0.066 0.422 0.514 0.695 0.520 0.398 0.415 0.528 0.578 0.842 
 126   (0.025) 0.022 0.001 0.012 0.005 0.003 0.005 0.003 0.010 0.017 0.057 0.003 0.019 0.005 0.024 
 122   (0.094) 0.092 0.006 0.473 0.028 0.017 0.102 0.126 0.046 0.105 0.016 0.107 0.091 0.143 0.011 
 120   (0.019) 0.018 0.001 0.023 0.003 0.002 0.004 0.002 0.009 0.014 0.000 0.292 0.015 0.004 0.002 
 136   (0.015) 0.014 0.001 0.002 0.004 0.001 0.016 0.002 0.005 0.012 0.001 0.002 0.013 0.004 0.002 

Locus 26 : 26 
7 alleles
0.2% missing data
 165   (0.248) 0.246 0.055 0.116 0.205 0.693 0.339 0.288 0.225 0.240 0.119 0.323 0.239 0.223 0.157 
 183   (0.352) 0.356 0.425 0.212 0.625 0.195 0.457 0.334 0.329 0.361 0.579 0.295 0.349 0.257 0.453 
 179   (0.086) 0.083 0.005 0.280 0.050 0.016 0.018 0.025 0.069 0.071 0.057 0.343 0.080 0.165 0.096 
 175   (0.245) 0.246 0.450 0.015 0.108 0.090 0.157 0.344 0.229 0.259 0.244 0.031 0.267 0.329 0.286 
 181   (0.053) 0.055 0.065 0.262 0.010 0.005 0.026 0.006 0.142 0.059 0.001 0.007 0.054 0.022 0.005 
 185   (0.010) 0.008 0.001 0.114 0.002 0.001 0.002 0.001 0.004 0.005 0.000 0.001 0.006 0.002 0.001 
 157   (0.006) 0.006 0.000 0.000 0.001 0.001 0.001 0.001 0.002 0.004 0.000 0.001 0.005 0.001 0.001 

Locus 27 : 27 
4 alleles
0.2% missing data
 142   (0.643) 0.653 0.742 0.522 0.722 0.335 0.678 0.805 0.597 0.667 0.706 0.309 0.661 0.666 0.599 
 148   (0.204) 0.202 0.066 0.266 0.053 0.372 0.251 0.102 0.229 0.203 0.077 0.673 0.203 0.122 0.187 
 138   (0.045) 0.040 0.003 0.049 0.024 0.283 0.017 0.020 0.021 0.031 0.206 0.006 0.032 0.015 0.201 
 150   (0.109) 0.105 0.189 0.163 0.200 0.011 0.054 0.072 0.153 0.099 0.011 0.012 0.104 0.198 0.012 

Locus 28 : 28 
6 alleles
0.8% missing data
 260   (0.384) 0.392 0.378 0.220 0.492 0.279 0.298 0.509 0.235 0.432 0.344 0.135 0.413 0.514 0.515 
 262   (0.509) 0.498 0.547 0.692 0.480 0.708 0.659 0.384 0.673 0.467 0.649 0.851 0.478 0.409 0.474 
 256   (0.075) 0.080 0.073 0.086 0.023 0.010 0.037 0.064 0.066 0.076 0.006 0.011 0.080 0.066 0.008 
 258   (0.010) 0.011 0.001 0.001 0.002 0.001 0.002 0.001 0.003 0.012 0.000 0.001 0.015 0.002 0.001 
 266   (0.006) 0.005 0.000 0.000 0.001 0.001 0.001 0.009 0.002 0.003 0.000 0.001 0.003 0.002 0.001 
 264   (0.015) 0.013 0.001 0.001 0.003 0.001 0.002 0.032 0.021 0.010 0.000 0.001 0.011 0.007 0.001 

Locus 29 : 29 
7 alleles
0.2% missing data
 146   (0.284) 0.296 0.334 0.324 0.458 0.086 0.347 0.262 0.269 0.308 0.172 0.036 0.286 0.210 0.313 
 150   (0.434) 0.429 0.291 0.241 0.180 0.157 0.408 0.515 0.569 0.439 0.701 0.141 0.444 0.559 0.418 
 140   (0.174) 0.172 0.057 0.388 0.124 0.695 0.168 0.146 0.119 0.168 0.082 0.811 0.174 0.201 0.031 
 148   (0.063) 0.058 0.315 0.035 0.151 0.056 0.051 0.032 0.025 0.048 0.038 0.007 0.052 0.017 0.226 
 152   (0.028) 0.031 0.002 0.010 0.066 0.005 0.005 0.043 0.013 0.029 0.001 0.003 0.034 0.008 0.003 
 151   (0.009) 0.008 0.001 0.001 0.006 0.002 0.003 0.001 0.003 0.005 0.006 0.001 0.005 0.004 0.008 
 142   (0.008) 0.006 0.000 0.000 0.014 0.001 0.018 0.001 0.003 0.004 0.001 0.001 0.004 0.002 0.001 

Locus 30 : 30 
6 alleles
0.2% missing data
 125   (0.285) 0.297 0.030 0.141 0.100 0.619 0.304 0.073 0.349 0.336 0.472 0.137 0.315 0.117 0.294 
 129   (0.424) 0.418 0.785 0.081 0.461 0.318 0.423 0.626 0.389 0.392 0.475 0.211 0.408 0.565 0.645 
 123   (0.155) 0.151 0.102 0.111 0.111 0.048 0.113 0.263 0.177 0.145 0.050 0.018 0.145 0.188 0.048 
 127   (0.087) 0.086 0.080 0.526 0.318 0.011 0.149 0.024 0.051 0.078 0.002 0.588 0.083 0.062 0.008 
 121   (0.012) 0.011 0.001 0.001 0.002 0.001 0.003 0.002 0.006 0.008 0.000 0.041 0.009 0.003 0.001 
 131   (0.037) 0.037 0.002 0.139 0.008 0.004 0.008 0.013 0.027 0.041 0.001 0.004 0.040 0.065 0.003 

Locus 31 : 31 
6 alleles
0.2% missing data
 159   (0.169) 0.160 0.011 0.200 0.048 0.057 0.297 0.270 0.263 0.149 0.140 0.019 0.152 0.291 0.112 
 155   (0.549) 0.563 0.709 0.422 0.502 0.589 0.424 0.477 0.486 0.602 0.686 0.523 0.586 0.329 0.849 
 157   (0.180) 0.178 0.021 0.062 0.428 0.306 0.250 0.144 0.199 0.158 0.093 0.116 0.171 0.314 0.029 
 153   (0.064) 0.063 0.004 0.305 0.014 0.042 0.013 0.103 0.028 0.065 0.078 0.099 0.062 0.057 0.006 
 151   (0.031) 0.030 0.254 0.010 0.007 0.004 0.015 0.004 0.023 0.022 0.002 0.242 0.025 0.007 0.003 
 163   (0.006) 0.005 0.001 0.000 0.001 0.001 0.001 0.001 0.002 0.004 0.001 0.001 0.004 0.002 0.001 

Locus 32 : 32 
5 alleles
0.0% missing data
 146   (0.323) 0.330 0.313 0.649 0.232 0.064 0.268 0.365 0.362 0.363 0.070 0.582 0.337 0.300 0.051 
 150   (0.567) 0.563 0.639 0.253 0.407 0.925 0.509 0.575 0.592 0.547 0.854 0.406 0.561 0.645 0.866 
 148   (0.060) 0.059 0.046 0.033 0.349 0.006 0.116 0.011 0.019 0.043 0.074 0.007 0.051 0.030 0.076 
 154   (0.038) 0.037 0.002 0.064 0.009 0.005 0.106 0.007 0.022 0.038 0.001 0.004 0.039 0.015 0.005 
 152   (0.012) 0.011 0.001 0.001 0.003 0.001 0.002 0.042 0.005 0.009 0.000 0.001 0.012 0.010 0.001 

Locus 33 : 33 
7 alleles
0.0% missing data
 180   (0.468) 0.477 0.670 0.358 0.513 0.424 0.525 0.321 0.415 0.482 0.606 0.698 0.484 0.406 0.363 
 196   (0.111) 0.108 0.007 0.026 0.025 0.110 0.050 0.163 0.103 0.108 0.187 0.013 0.102 0.138 0.208 
 184   (0.193) 0.186 0.071 0.185 0.092 0.438 0.277 0.392 0.208 0.187 0.148 0.264 0.178 0.081 0.122 
 194   (0.010) 0.008 0.001 0.001 0.002 0.001 0.002 0.001 0.003 0.004 0.039 0.001 0.005 0.002 0.028 
 192   (0.135) 0.140 0.183 0.164 0.348 0.016 0.103 0.110 0.191 0.132 0.005 0.015 0.147 0.258 0.013 
 198   (0.067) 0.068 0.067 0.265 0.017 0.010 0.021 0.010 0.064 0.077 0.014 0.007 0.073 0.027 0.265 
 190   (0.016) 0.013 0.001 0.001 0.003 0.002 0.023 0.004 0.017 0.009 0.000 0.002 0.010 0.087 0.002 

Locus 34 : 34 
6 alleles
0.0% missing data
 110   (0.191) 0.192 0.073 0.111 0.169 0.267 0.220 0.066 0.123 0.191 0.363 0.214 0.190 0.192 0.170 
 112   (0.348) 0.363 0.058 0.050 0.416 0.065 0.297 0.403 0.340 0.373 0.514 0.039 0.380 0.317 0.728 
 106   (0.275) 0.255 0.707 0.248 0.163 0.590 0.405 0.437 0.384 0.241 0.096 0.224 0.242 0.362 0.080 
  90   (0.039) 0.035 0.002 0.002 0.218 0.061 0.008 0.006 0.037 0.029 0.019 0.402 0.031 0.027 0.006 
 108   (0.137) 0.146 0.114 0.588 0.032 0.016 0.068 0.087 0.113 0.160 0.008 0.119 0.150 0.101 0.016 
  96   (0.010) 0.008 0.046 0.001 0.003 0.001 0.002 0.001 0.004 0.006 0.000 0.001 0.007 0.002 0.001 

Locus 35 : 35 
9 alleles
0.0% missing data
 166   (0.056) 0.049 0.004 0.003 0.115 0.009 0.057 0.125 0.021 0.044 0.283 0.007 0.044 0.036 0.175 
 176   (0.098) 0.095 0.016 0.097 0.034 0.020 0.215 0.012 0.125 0.090 0.129 0.012 0.092 0.027 0.372 
 172   (0.321) 0.327 0.586 0.167 0.263 0.454 0.139 0.438 0.220 0.357 0.453 0.040 0.343 0.400 0.213 
 170   (0.270) 0.265 0.324 0.348 0.204 0.480 0.513 0.231 0.254 0.249 0.126 0.614 0.250 0.223 0.154 
 174   (0.135) 0.135 0.064 0.043 0.357 0.013 0.049 0.106 0.296 0.133 0.005 0.015 0.133 0.240 0.016 
 178   (0.039) 0.044 0.003 0.002 0.010 0.017 0.008 0.026 0.027 0.040 0.002 0.005 0.051 0.016 0.061 
 168   (0.054) 0.057 0.003 0.317 0.013 0.005 0.014 0.019 0.050 0.064 0.001 0.303 0.063 0.022 0.005 
 186   (0.021) 0.022 0.001 0.021 0.004 0.002 0.003 0.041 0.006 0.017 0.000 0.002 0.018 0.035 0.002 
 158   (0.006) 0.006 0.000 0.000 0.001 0.000 0.001 0.001 0.002 0.005 0.000 0.001 0.006 0.001 0.001 

Locus 36 : 36 
6 alleles
0.0% missing data
  89   (0.571) 0.580 0.510 0.603 0.647 0.226 0.503 0.644 0.556 0.600 0.660 0.374 0.587 0.712 0.724 
  95   (0.061) 0.056 0.005 0.028 0.016 0.036 0.084 0.092 0.024 0.051 0.081 0.007 0.051 0.055 0.019 
  85   (0.159) 0.151 0.234 0.015 0.275 0.264 0.145 0.177 0.204 0.138 0.224 0.493 0.146 0.068 0.218 
  81   (0.063) 0.065 0.004 0.004 0.016 0.008 0.172 0.019 0.130 0.064 0.006 0.008 0.069 0.035 0.007 
  83   (0.127) 0.130 0.247 0.325 0.042 0.464 0.092 0.059 0.081 0.133 0.029 0.014 0.131 0.125 0.031 
  91   (0.019) 0.017 0.001 0.026 0.004 0.002 0.003 0.009 0.006 0.014 0.000 0.104 0.015 0.005 0.002 

Locus 37 : 37 
10 alleles
0.0% missing data
 161   (0.349) 0.340 0.375 0.706 0.425 0.089 0.396 0.217 0.506 0.328 0.570 0.431 0.327 0.299 0.519 
 165   (0.234) 0.242 0.103 0.114 0.095 0.059 0.188 0.299 0.157 0.264 0.167 0.133 0.249 0.190 0.284 
 159   (0.013) 0.011 0.001 0.001 0.003 0.001 0.002 0.002 0.004 0.012 0.035 0.001 0.012 0.003 0.008 
 173   (0.253) 0.253 0.512 0.170 0.411 0.164 0.384 0.276 0.205 0.237 0.129 0.224 0.251 0.365 0.081 
 169   (0.097) 0.096 0.006 0.006 0.055 0.681 0.020 0.145 0.105 0.105 0.088 0.205 0.100 0.117 0.103 
 167   (0.017) 0.016 0.002 0.001 0.004 0.002 0.003 0.002 0.008 0.018 0.009 0.002 0.019 0.017 0.002 
 168   (0.010) 0.012 0.001 0.001 0.002 0.001 0.002 0.001 0.003 0.011 0.000 0.001 0.013 0.002 0.001 
 155   (0.013) 0.018 0.001 0.001 0.002 0.001 0.003 0.002 0.007 0.017 0.000 0.001 0.020 0.003 0.001 
 177   (0.007) 0.006 0.000 0.000 0.002 0.001 0.001 0.001 0.003 0.004 0.000 0.001 0.004 0.002 0.001 
 175   (0.007) 0.005 0.000 0.000 0.001 0.000 0.001 0.056 0.002 0.003 0.000 0.001 0.003 0.001 0.001 

Locus 38 : 38 
6 alleles
0.6% missing data
  87   (0.094) 0.085 0.128 0.435 0.021 0.012 0.111 0.024 0.062 0.064 0.168 0.553 0.068 0.126 0.134 
  89   (0.439) 0.448 0.094 0.228 0.398 0.747 0.222 0.595 0.526 0.486 0.589 0.051 0.470 0.463 0.669 
  91   (0.167) 0.168 0.185 0.101 0.097 0.200 0.205 0.056 0.167 0.175 0.130 0.209 0.173 0.159 0.026 
  81   (0.115) 0.116 0.116 0.007 0.428 0.011 0.218 0.063 0.071 0.116 0.080 0.013 0.121 0.061 0.086 
  85   (0.179) 0.178 0.476 0.228 0.054 0.029 0.243 0.262 0.172 0.157 0.030 0.173 0.164 0.191 0.084 
  83   (0.007) 0.005 0.000 0.000 0.002 0.001 0.001 0.001 0.002 0.003 0.003 0.001 0.003 0.001 0.001 

Locus 39 : 39 
4 alleles
0.6% missing data
 167   (0.784) 0.777 0.858 0.396 0.796 0.931 0.945 0.780 0.862 0.774 0.910 0.686 0.777 0.844 0.930 
 161   (0.178) 0.187 0.139 0.455 0.189 0.060 0.048 0.161 0.120 0.192 0.089 0.310 0.187 0.117 0.066 
 165   (0.032) 0.030 0.002 0.149 0.014 0.009 0.006 0.058 0.016 0.028 0.001 0.003 0.031 0.037 0.003 
 177   (0.006) 0.006 0.001 0.000 0.001 0.001 0.001 0.001 0.002 0.006 0.000 0.001 0.005 0.002 0.001 

Locus 40 : 40 
6 alleles
0.4% missing data
 228   (0.415) 0.404 0.234 0.120 0.641 0.729 0.442 0.529 0.385 0.390 0.523 0.551 0.400 0.458 0.663 
 238   (0.336) 0.348 0.117 0.070 0.088 0.066 0.270 0.304 0.426 0.365 0.324 0.082 0.365 0.320 0.263 
 224   (0.023) 0.019 0.001 0.011 0.216 0.003 0.014 0.003 0.007 0.013 0.089 0.002 0.014 0.005 0.045 
 236   (0.106) 0.102 0.386 0.284 0.027 0.191 0.113 0.037 0.058 0.100 0.061 0.351 0.096 0.086 0.016 
 232   (0.012) 0.011 0.001 0.001 0.002 0.001 0.002 0.002 0.035 0.009 0.000 0.001 0.009 0.003 0.003 
 240   (0.107) 0.117 0.260 0.513 0.026 0.011 0.160 0.127 0.090 0.123 0.002 0.012 0.117 0.129 0.010 

Locus 41 : 41 
7 alleles
0.0% missing data
 128   (0.117) 0.110 0.033 0.007 0.248 0.237 0.073 0.200 0.134 0.107 0.139 0.013 0.107 0.151 0.058 
 130   (0.530) 0.535 0.779 0.738 0.501 0.692 0.516 0.424 0.554 0.560 0.611 0.061 0.552 0.508 0.594 
 114   (0.052) 0.051 0.003 0.003 0.010 0.030 0.076 0.006 0.034 0.042 0.108 0.497 0.047 0.016 0.039 
 132   (0.122) 0.123 0.049 0.007 0.028 0.019 0.152 0.243 0.142 0.114 0.133 0.014 0.114 0.149 0.289 
 118   (0.062) 0.060 0.128 0.071 0.033 0.009 0.012 0.069 0.054 0.052 0.002 0.205 0.054 0.099 0.006 
 134   (0.110) 0.115 0.007 0.173 0.179 0.013 0.170 0.057 0.080 0.121 0.007 0.209 0.121 0.076 0.012 
 136   (0.006) 0.006 0.000 0.000 0.001 0.001 0.001 0.001 0.002 0.004 0.000 0.001 0.005 0.001 0.001 

Locus 42 : 42 
6 alleles
1.2% missing data
 102   (0.265) 0.263 0.475 0.015 0.215 0.071 0.410 0.339 0.170 0.278 0.415 0.571 0.259 0.361 0.428 
 104   (0.406) 0.423 0.414 0.232 0.687 0.105 0.325 0.464 0.419 0.439 0.199 0.050 0.448 0.515 0.156 
  92   (0.111) 0.105 0.007 0.315 0.036 0.013 0.087 0.066 0.214 0.097 0.107 0.052 0.100 0.052 0.277 
  96   (0.075) 0.072 0.005 0.176 0.020 0.710 0.056 0.022 0.083 0.065 0.060 0.097 0.064 0.020 0.069 
  98   (0.135) 0.131 0.099 0.261 0.039 0.100 0.120 0.108 0.111 0.117 0.218 0.229 0.125 0.050 0.070 
 106   (0.007) 0.006 0.001 0.000 0.002 0.001 0.002 0.001 0.003 0.004 0.001 0.001 0.004 0.002 0.001 

Locus 43 : 43 
6 alleles
1.4% missing data
 101   (0.299) 0.286 0.183 0.368 0.214 0.084 0.465 0.306 0.406 0.281 0.469 0.035 0.277 0.290 0.206 
 103   (0.317) 0.334 0.351 0.110 0.133 0.462 0.280 0.426 0.191 0.328 0.180 0.230 0.350 0.420 0.379 
  99   (0.143) 0.146 0.009 0.181 0.586 0.075 0.066 0.082 0.212 0.146 0.032 0.414 0.141 0.057 0.218 
  95   (0.216) 0.210 0.455 0.334 0.063 0.377 0.184 0.183 0.180 0.221 0.318 0.171 0.209 0.228 0.195 
  97   (0.018) 0.018 0.001 0.007 0.004 0.002 0.003 0.002 0.008 0.018 0.000 0.150 0.017 0.004 0.002 
  91   (0.007) 0.006 0.000 0.000 0.001 0.001 0.001 0.001 0.002 0.006 0.000 0.001 0.005 0.002 0.001 

Locus 44 : 44 
7 alleles
0.2% missing data
 177   (0.081) 0.084 0.005 0.111 0.018 0.010 0.062 0.037 0.036 0.085 0.063 0.010 0.085 0.063 0.163 
 191   (0.289) 0.309 0.100 0.631 0.328 0.056 0.298 0.114 0.269 0.324 0.185 0.280 0.326 0.322 0.116 
 181   (0.561) 0.542 0.861 0.140 0.569 0.928 0.623 0.783 0.662 0.530 0.750 0.521 0.521 0.600 0.715 
 189   (0.007) 0.005 0.030 0.000 0.001 0.000 0.001 0.001 0.002 0.003 0.000 0.001 0.003 0.001 0.001 
 179   (0.043) 0.044 0.003 0.106 0.079 0.004 0.012 0.005 0.025 0.046 0.001 0.186 0.051 0.010 0.004 
 183   (0.009) 0.008 0.001 0.001 0.002 0.001 0.002 0.003 0.004 0.008 0.000 0.001 0.009 0.002 0.001 
 193   (0.010) 0.008 0.001 0.010 0.002 0.001 0.002 0.057 0.003 0.005 0.000 0.001 0.005 0.002 0.001 

Locus 45 : 45 
6 alleles
0.8% missing data
 205   (0.459) 0.474 0.406 0.312 0.525 0.872 0.538 0.556 0.378 0.500 0.504 0.250 0.494 0.413 0.545 
 211   (0.231) 0.230 0.273 0.390 0.283 0.044 0.189 0.150 0.341 0.222 0.249 0.342 0.234 0.156 0.107 
 207   (0.140) 0.136 0.200 0.072 0.053 0.062 0.090 0.226 0.098 0.135 0.128 0.017 0.135 0.182 0.193 
 201   (0.076) 0.070 0.005 0.040 0.025 0.012 0.080 0.020 0.098 0.057 0.068 0.379 0.059 0.156 0.122 
 215   (0.084) 0.077 0.115 0.178 0.112 0.010 0.101 0.047 0.081 0.073 0.050 0.011 0.067 0.091 0.032 
 202   (0.011) 0.012 0.001 0.008 0.002 0.001 0.002 0.002 0.004 0.014 0.000 0.001 0.011 0.002 0.001 

Locus 46 : 46 
10 alleles
1.0% missing data
 144   (0.065) 0.059 0.128 0.007 0.077 0.052 0.014 0.019 0.094 0.054 0.250 0.008 0.053 0.077 0.069 
 158   (0.153) 0.153 0.083 0.122 0.200 0.033 0.266 0.037 0.134 0.142 0.115 0.020 0.144 0.184 0.391 
 168   (0.141) 0.147 0.107 0.216 0.033 0.050 0.133 0.030 0.116 0.165 0.220 0.217 0.147 0.069 0.065 
 166   (0.138) 0.133 0.387 0.026 0.039 0.465 0.092 0.248 0.100 0.116 0.320 0.124 0.130 0.085 0.117 
 142   (0.361) 0.367 0.286 0.145 0.623 0.385 0.433 0.603 0.291 0.407 0.091 0.047 0.401 0.505 0.322 
 170   (0.016) 0.014 0.001 0.047 0.004 0.002 0.005 0.002 0.038 0.009 0.001 0.002 0.010 0.003 0.002 
 156   (0.029) 0.030 0.002 0.082 0.005 0.003 0.005 0.005 0.009 0.024 0.001 0.467 0.026 0.027 0.017 
 162   (0.048) 0.045 0.003 0.161 0.009 0.005 0.039 0.041 0.069 0.040 0.001 0.109 0.044 0.015 0.005 
 164   (0.043) 0.046 0.003 0.193 0.008 0.005 0.012 0.014 0.146 0.038 0.001 0.005 0.040 0.035 0.012 
 160   (0.006) 0.006 0.000 0.000 0.001 0.001 0.002 0.001 0.002 0.004 0.000 0.001 0.005 0.001 0.001 

Locus 47 : 47 
7 alleles
9.9% missing data
 149   (0.350) 0.355 0.336 0.767 0.504 0.483 0.086 0.402 0.300 0.371 0.212 0.349 0.372 0.331 0.190 
 151   (0.185) 0.180 0.012 0.089 0.344 0.116 0.368 0.116 0.164 0.161 0.209 0.085 0.168 0.197 0.578 
 153   (0.190) 0.190 0.026 0.044 0.081 0.099 0.185 0.384 0.155 0.196 0.361 0.029 0.195 0.290 0.126 
 147   (0.028) 0.026 0.002 0.002 0.007 0.003 0.005 0.003 0.063 0.020 0.033 0.004 0.023 0.008 0.031 
 145   (0.225) 0.228 0.623 0.042 0.057 0.296 0.352 0.092 0.282 0.237 0.182 0.528 0.226 0.169 0.072 
 152   (0.007) 0.005 0.000 0.001 0.003 0.001 0.001 0.001 0.003 0.003 0.002 0.001 0.004 0.002 0.001 
 143   (0.016) 0.015 0.001 0.055 0.003 0.001 0.003 0.002 0.033 0.011 0.000 0.002 0.012 0.003 0.002 

Values of parameters used in structure:
DATAFILE=temp2.str,	OUTFILE=k14/temp2_k14_run1,	NUMINDS=486,	NUMLOCI=47,	MISSING=-9,	LABEL=1,	POPDATA=1,	POPFLAG=0,	PHENOTYPE=0,	EXTRACOLS=0,	MAXPOPS=14,	BURNIN=500000,	NUMREPS=750000,	USEPOPINFO=0,	INFERALPHA=1,	INFERLAMBDA=0,	POPSPECIFICLAMBDA=0,	POPALPHAS=0,	COMPUTEPROB=1,	NOADMIX=0,	ADMBURNIN=500,	UPDATEFREQ=100,	PRINTLIKES=0,	INTERMEDSAVE=0,	PRINTKLD=0,	PRINTNET=1,	PRINTLAMBDA=1,	ANCESTDIST=0,	NUMBOXES=1000,	ANCESTPINT=0.90000,	GENSBACK=2,	MIGRPRIOR=0.01000,	PRINTQHAT=0,	PRINTQSUM=1,	ALPHA=1.0000,	FREQSCORR=1,	FPRIORMEAN=0.0100,	FPRIORSD=0.0500,	ONEFST=0,	LAMBDA=1.0000,	UNIFPRIORALPHA=1,	ALPHAMAX=10.0000,	ALPHAPRIORA=1.0000,	ALPHAPRIORB=2.0000,	ALPHAPROPSD=0.0250,	STARTATPOPINFO=0,	RANDOMIZE=0,	LINKAGE=0,	METROFREQ=10,	REPORTHITRATE=0,	MARKOVPHASE=0,	PHASED=1,	PLOIDY=2,	PHASEINFO=0	LOCPRIOR=0, 	LOCPRIORINIT=1.000000, 	LOCDATA=0, 	LOCISPOP=1, 	LOCPRIORSTEP=0.100000, 	MAXLOCPRIOR=20.000000, 	SEED=102267,	
[STRAT parameters]:    NUMSIMSTATS=1000,	PHENOTYPECOL=-9,	POOLFREQ=10,	LOCUSxONLY=0,	EMERROR=0.00100,	MISSINGPHENO=-9,	