

----------------------------------------------------
STRUCTURE by Pritchard, Stephens and Donnelly (2000)
     and Falush, Stephens and Pritchard (2003)
       Code by Pritchard, Falush and Hubisz
             Version 2.3.4 (Jul 2012)
----------------------------------------------------



Command line arguments:   structure -D 789384 -K 7 -m mainparams -o k7/temp2_k7_run4 
Input File:    temp2.str

Run parameters:
   486 individuals
   47 loci
   7 populations assumed
   500000 Burn-in period
   750000 Reps
RANDOMIZE turned off


--------------------------------------------
Proportion of membership of each pre-defined
 population in each of the 7 clusters

Given    Inferred Clusters                                   Number of
 Pop       1      2      3      4      5      6      7      Individuals

  1:     0.003  0.003  0.010  0.955  0.012  0.008  0.009       63
  2:     0.006  0.002  0.017  0.942  0.016  0.007  0.010       20
  3:     0.007  0.973  0.004  0.003  0.005  0.004  0.004       36
  4:     0.004  0.003  0.027  0.914  0.032  0.006  0.014       21
  5:     0.004  0.004  0.085  0.885  0.010  0.005  0.007       31
  6:     0.004  0.003  0.005  0.970  0.006  0.004  0.008       21
  7:     0.006  0.004  0.873  0.013  0.020  0.012  0.072       25
  8:     0.013  0.107  0.081  0.717  0.048  0.012  0.022        8
  9:     0.007  0.003  0.008  0.951  0.011  0.004  0.016       17
 10:     0.003  0.003  0.006  0.005  0.005  0.974  0.004       29
 11:     0.985  0.004  0.002  0.002  0.003  0.002  0.002        9
 12:     0.007  0.017  0.219  0.013  0.639  0.014  0.091       26
 13:     0.009  0.014  0.104  0.019  0.494  0.012  0.350       74
 14:     0.007  0.013  0.107  0.025  0.236  0.013  0.600       35
 15:     0.008  0.010  0.047  0.047  0.050  0.009  0.828       24
 16:     0.010  0.025  0.138  0.037  0.657  0.027  0.106       43
 17:     0.003  0.006  0.041  0.040  0.797  0.010  0.102        4
--------------------------------------------

Allele-freq. divergence among pops (Net nucleotide distance),
computed using point estimates of P.

      1       2       3       4       5       6       7      
 1      -    0.1082  0.0999  0.1335  0.0963  0.1288  0.1190  
 2   0.1082     -    0.0853  0.1300  0.0747  0.1151  0.1069  
 3   0.0999  0.0853     -    0.0300  0.0091  0.0540  0.0204  
 4   0.1335  0.1300  0.0300     -    0.0254  0.0723  0.0348  
 5   0.0963  0.0747  0.0091  0.0254     -    0.0518  0.0136  
 6   0.1288  0.1151  0.0540  0.0723  0.0518     -    0.0637  
 7   0.1190  0.1069  0.0204  0.0348  0.0136  0.0637     -    

Average distances (expected heterozygosity) between individuals in same cluster:
cluster  1  : 0.5365 
cluster  2  : 0.6375 
cluster  3  : 0.6224 
cluster  4  : 0.5541 
cluster  5  : 0.6419 
cluster  6  : 0.5488 
cluster  7  : 0.5881 

--------------------------------------------
Estimated Ln Prob of Data   = -52095.1
Mean value of ln likelihood = -51364.0
Variance of ln likelihood   = 1462.2
Mean value of alpha         = 0.0316

Mean value of Fst_1         = 0.3000
Mean value of Fst_2         = 0.1692
Mean value of Fst_3         = 0.0446
Mean value of Fst_4         = 0.1266
Mean value of Fst_5         = 0.0073
Mean value of Fst_6         = 0.2033
Mean value of Fst_7         = 0.0601


Inferred ancestry of individuals:
        Label (%Miss) Pop:  Inferred clusters
  1      221    (0)    1 :  0.003 0.002 0.010 0.970 0.006 0.002 0.007 
  2      222    (0)    1 :  0.005 0.003 0.010 0.963 0.006 0.008 0.005 
  3      223    (0)    1 :  0.003 0.005 0.007 0.967 0.009 0.002 0.008 
  4      224    (0)    1 :  0.001 0.001 0.004 0.985 0.002 0.005 0.002 
  5      225    (0)    1 :  0.002 0.002 0.004 0.982 0.004 0.003 0.003 
  6      226    (0)    1 :  0.004 0.001 0.009 0.976 0.004 0.002 0.003 
  7      227    (0)    1 :  0.015 0.006 0.022 0.935 0.012 0.005 0.006 
  8      228    (0)    1 :  0.003 0.004 0.006 0.964 0.008 0.005 0.011 
  9      234    (0)    1 :  0.002 0.001 0.003 0.985 0.003 0.002 0.004 
 10      235    (0)    1 :  0.003 0.001 0.003 0.986 0.003 0.002 0.003 
 11      236    (0)    1 :  0.001 0.001 0.003 0.989 0.002 0.002 0.002 
 12      237    (0)    1 :  0.001 0.002 0.003 0.985 0.003 0.002 0.004 
 13      238    (0)    1 :  0.003 0.004 0.011 0.964 0.005 0.008 0.005 
 14      239    (0)    1 :  0.009 0.003 0.080 0.845 0.032 0.019 0.011 
 15      240    (0)    1 :  0.002 0.001 0.004 0.986 0.003 0.002 0.003 
 16      242    (0)    1 :  0.001 0.001 0.057 0.620 0.282 0.002 0.036 
 17      243    (0)    1 :  0.011 0.002 0.011 0.947 0.009 0.014 0.006 
 18      244    (0)    1 :  0.009 0.002 0.011 0.965 0.007 0.003 0.002 
 19      245    (0)    1 :  0.014 0.032 0.013 0.898 0.016 0.009 0.017 
 20      246    (0)    1 :  0.003 0.002 0.003 0.984 0.003 0.002 0.002 
 21      248    (0)    1 :  0.002 0.003 0.005 0.954 0.008 0.024 0.004 
 22      249    (0)    1 :  0.001 0.001 0.003 0.988 0.002 0.002 0.002 
 23      250    (0)    1 :  0.005 0.008 0.011 0.938 0.012 0.010 0.016 
 24      251    (0)    1 :  0.003 0.001 0.003 0.980 0.003 0.002 0.007 
 25      252    (0)    1 :  0.001 0.002 0.009 0.910 0.010 0.051 0.017 
 26      253    (0)    1 :  0.003 0.021 0.011 0.891 0.040 0.029 0.005 
 27      254    (0)    1 :  0.002 0.002 0.006 0.978 0.005 0.003 0.004 
 28      255    (0)    1 :  0.002 0.002 0.017 0.962 0.008 0.004 0.005 
 29      256    (0)    1 :  0.002 0.003 0.004 0.982 0.005 0.001 0.004 
 30      257    (0)    1 :  0.003 0.002 0.010 0.960 0.008 0.008 0.009 
 31      258    (0)    1 :  0.001 0.003 0.008 0.970 0.006 0.003 0.008 
 32      259    (0)    1 :  0.002 0.002 0.006 0.971 0.010 0.003 0.006 
 33      260    (0)    1 :  0.005 0.002 0.009 0.921 0.004 0.055 0.004 
 34      261    (0)    1 :  0.003 0.002 0.015 0.884 0.011 0.012 0.074 
 35      262    (0)    1 :  0.001 0.001 0.002 0.989 0.002 0.002 0.002 
 36      263    (0)    1 :  0.004 0.003 0.016 0.950 0.004 0.019 0.004 
 37      264    (0)    1 :  0.001 0.001 0.006 0.980 0.004 0.003 0.005 
 38      265    (0)    1 :  0.002 0.001 0.008 0.958 0.004 0.024 0.004 
 39      266    (0)    1 :  0.001 0.001 0.002 0.988 0.003 0.002 0.003 
 40      267    (0)    1 :  0.002 0.001 0.003 0.988 0.003 0.001 0.003 
 41      268    (0)    1 :  0.007 0.001 0.007 0.924 0.006 0.049 0.005 
 42      269    (0)    1 :  0.001 0.001 0.003 0.987 0.002 0.002 0.003 
 43      270    (0)    1 :  0.002 0.001 0.005 0.984 0.003 0.002 0.003 
 44      271    (0)    1 :  0.003 0.005 0.012 0.935 0.019 0.010 0.016 
 45      272    (0)    1 :  0.005 0.002 0.015 0.941 0.013 0.005 0.021 
 46      273    (0)    1 :  0.002 0.003 0.028 0.945 0.011 0.003 0.009 
 47      274    (0)    1 :  0.003 0.002 0.004 0.977 0.004 0.005 0.005 
 48      275    (2)    1 :  0.001 0.001 0.005 0.983 0.004 0.002 0.004 
 49      276    (0)    1 :  0.002 0.001 0.004 0.977 0.005 0.004 0.007 
 50      277    (0)    1 :  0.001 0.001 0.007 0.923 0.008 0.002 0.057 
 51      278    (0)    1 :  0.007 0.001 0.005 0.954 0.007 0.004 0.021 
 52      279    (0)    1 :  0.002 0.002 0.006 0.972 0.011 0.002 0.006 
 53      280    (0)    1 :  0.002 0.002 0.010 0.962 0.007 0.004 0.014 
 54      287    (0)    1 :  0.004 0.003 0.012 0.956 0.011 0.006 0.008 
 55      290    (0)    1 :  0.005 0.002 0.009 0.967 0.007 0.002 0.008 
 56      291    (0)    1 :  0.003 0.002 0.006 0.953 0.007 0.006 0.023 
 57      295    (0)    1 :  0.001 0.001 0.004 0.977 0.003 0.002 0.012 
 58      296    (0)    1 :  0.002 0.002 0.004 0.982 0.003 0.004 0.003 
 59      872    (2)    1 :  0.004 0.003 0.004 0.976 0.003 0.005 0.004 
 60      873    (4)    1 :  0.004 0.003 0.013 0.959 0.014 0.003 0.004 
 61      874    (2)    1 :  0.001 0.001 0.005 0.975 0.004 0.002 0.011 
 62      875    (0)    1 :  0.013 0.003 0.004 0.970 0.004 0.002 0.004 
 63      876    (6)    1 :  0.001 0.002 0.021 0.937 0.011 0.014 0.015 
 64      212    (0)   10 :  0.001 0.001 0.002 0.002 0.002 0.987 0.004 
 65      213    (0)   10 :  0.003 0.002 0.003 0.004 0.004 0.979 0.006 
 66      214    (0)   10 :  0.001 0.003 0.004 0.004 0.005 0.980 0.003 
 67      215    (0)   10 :  0.003 0.002 0.004 0.005 0.003 0.979 0.005 
 68      216    (0)   10 :  0.002 0.001 0.003 0.003 0.003 0.984 0.004 
 69      217    (0)   10 :  0.001 0.002 0.004 0.004 0.005 0.979 0.004 
 70      218    (0)   10 :  0.002 0.003 0.003 0.003 0.002 0.985 0.003 
 71      332    (0)   10 :  0.005 0.002 0.022 0.013 0.009 0.935 0.014 
 72      333    (0)   10 :  0.009 0.008 0.022 0.013 0.016 0.925 0.007 
 73      334    (0)   10 :  0.003 0.002 0.006 0.005 0.004 0.976 0.005 
 74      335    (0)   10 :  0.001 0.002 0.003 0.002 0.003 0.987 0.003 
 75      336    (0)   10 :  0.012 0.002 0.004 0.003 0.002 0.975 0.002 
 76      337    (0)   10 :  0.002 0.003 0.009 0.009 0.005 0.970 0.002 
 77      673    (0)   10 :  0.001 0.001 0.001 0.001 0.001 0.992 0.001 
 78      674    (0)   10 :  0.001 0.001 0.008 0.003 0.004 0.978 0.003 
 79      675    (0)   10 :  0.004 0.002 0.004 0.003 0.004 0.977 0.006 
 80      676    (0)   10 :  0.001 0.002 0.005 0.003 0.004 0.978 0.007 
 81      677    (0)   10 :  0.002 0.001 0.003 0.004 0.003 0.983 0.003 
 82      678    (0)   10 :  0.005 0.003 0.006 0.011 0.015 0.951 0.009 
 83      679    (0)   10 :  0.002 0.033 0.012 0.004 0.007 0.939 0.004 
 84      680    (0)   10 :  0.004 0.002 0.009 0.004 0.004 0.971 0.006 
 85      681    (0)   10 :  0.002 0.002 0.005 0.005 0.005 0.977 0.004 
 86      682    (0)   10 :  0.003 0.002 0.002 0.002 0.002 0.988 0.002 
 87      683    (0)   10 :  0.002 0.002 0.005 0.004 0.004 0.978 0.004 
 88      684    (0)   10 :  0.002 0.002 0.005 0.002 0.004 0.980 0.004 
 89      685    (0)   10 :  0.003 0.004 0.007 0.003 0.005 0.975 0.003 
 90      686    (0)   10 :  0.003 0.004 0.002 0.002 0.002 0.986 0.002 
 91      687    (0)   10 :  0.002 0.001 0.002 0.002 0.002 0.989 0.002 
 92      688    (0)   10 :  0.002 0.001 0.004 0.006 0.003 0.978 0.006 
 93      070    (0)   11 :  0.980 0.007 0.003 0.002 0.004 0.001 0.002 
 94      071    (0)   11 :  0.982 0.001 0.003 0.002 0.003 0.006 0.003 
 95      072    (0)   11 :  0.988 0.004 0.002 0.002 0.002 0.001 0.002 
 96      151    (0)   11 :  0.991 0.002 0.001 0.001 0.001 0.001 0.002 
 97      152    (0)   11 :  0.981 0.002 0.004 0.003 0.005 0.002 0.004 
 98      153    (2)   11 :  0.992 0.002 0.002 0.001 0.001 0.001 0.001 
 99      788    (4)   11 :  0.969 0.020 0.002 0.002 0.002 0.002 0.003 
100      789    (2)   11 :  0.989 0.002 0.002 0.002 0.002 0.003 0.002 
101      790    (0)   11 :  0.991 0.001 0.002 0.002 0.002 0.001 0.001 
102      010    (0)   12 :  0.002 0.009 0.018 0.006 0.954 0.004 0.007 
103      024    (0)   12 :  0.006 0.042 0.034 0.009 0.841 0.014 0.054 
104      051    (0)   12 :  0.012 0.058 0.760 0.005 0.151 0.006 0.008 
105      090    (0)   12 :  0.006 0.021 0.267 0.008 0.668 0.005 0.025 
106      102    (0)   12 :  0.002 0.002 0.069 0.037 0.444 0.002 0.445 
107      111    (0)   12 :  0.002 0.003 0.076 0.010 0.888 0.003 0.019 
108      113    (0)   12 :  0.007 0.006 0.495 0.007 0.391 0.004 0.090 
109      138    (0)   12 :  0.019 0.005 0.052 0.008 0.834 0.065 0.018 
110      150    (0)   12 :  0.011 0.033 0.061 0.022 0.027 0.004 0.842 
111      173    (2)   12 :  0.020 0.028 0.617 0.006 0.254 0.015 0.059 
112      174    (2)   12 :  0.021 0.018 0.078 0.009 0.867 0.003 0.005 
113      175    (0)   12 :  0.006 0.085 0.226 0.003 0.667 0.003 0.009 
114      176    (0)   12 :  0.005 0.004 0.013 0.024 0.930 0.011 0.013 
115      177    (0)   12 :  0.003 0.008 0.795 0.004 0.172 0.002 0.016 
116      180    (0)   12 :  0.003 0.002 0.634 0.048 0.302 0.006 0.007 
117      184    (0)   12 :  0.010 0.009 0.082 0.007 0.803 0.005 0.085 
118      195    (0)   12 :  0.004 0.006 0.040 0.006 0.904 0.014 0.025 
119      198    (0)   12 :  0.002 0.006 0.088 0.015 0.871 0.006 0.011 
120      203    (0)   12 :  0.008 0.002 0.033 0.009 0.921 0.005 0.021 
121      211    (0)   12 :  0.003 0.003 0.022 0.028 0.821 0.089 0.035 
122      220    (0)   12 :  0.002 0.006 0.313 0.006 0.364 0.008 0.300 
123      233    (0)   12 :  0.006 0.002 0.143 0.010 0.577 0.050 0.211 
124      331    (0)   12 :  0.007 0.023 0.073 0.006 0.874 0.004 0.012 
125      349    (0)   12 :  0.005 0.064 0.671 0.008 0.229 0.005 0.018 
126      410    (0)   12 :  0.003 0.004 0.024 0.008 0.937 0.020 0.004 
127      417    (2)   12 :  0.002 0.005 0.015 0.031 0.928 0.004 0.015 
128      421    (0)   13 :  0.002 0.001 0.005 0.013 0.010 0.005 0.964 
129      423    (0)   13 :  0.007 0.007 0.085 0.006 0.886 0.002 0.007 
130      424    (0)   13 :  0.002 0.006 0.869 0.017 0.096 0.002 0.008 
131      433    (0)   13 :  0.002 0.017 0.011 0.005 0.111 0.017 0.837 
132      462    (0)   13 :  0.002 0.006 0.315 0.010 0.433 0.027 0.207 
133      463    (0)   13 :  0.002 0.026 0.059 0.020 0.874 0.003 0.015 
134      467    (0)   13 :  0.005 0.006 0.010 0.011 0.007 0.010 0.951 
135      468    (0)   13 :  0.004 0.006 0.563 0.032 0.031 0.002 0.363 
136      469    (0)   13 :  0.002 0.003 0.015 0.058 0.150 0.002 0.770 
137      472    (0)   13 :  0.004 0.019 0.014 0.008 0.919 0.007 0.029 
138      473    (0)   13 :  0.002 0.018 0.335 0.004 0.606 0.009 0.025 
139      474    (0)   13 :  0.001 0.002 0.013 0.009 0.006 0.010 0.959 
140      475    (0)   13 :  0.003 0.012 0.026 0.004 0.169 0.003 0.783 
141      476    (2)   13 :  0.010 0.027 0.029 0.005 0.016 0.023 0.889 
142      477    (0)   13 :  0.005 0.010 0.014 0.013 0.857 0.021 0.078 
143      478    (0)   13 :  0.002 0.003 0.084 0.030 0.724 0.003 0.154 
144      479    (0)   13 :  0.004 0.002 0.030 0.031 0.061 0.003 0.870 
145      480    (0)   13 :  0.002 0.001 0.008 0.003 0.006 0.002 0.978 
146      481    (0)   13 :  0.033 0.006 0.063 0.007 0.799 0.003 0.088 
147      482    (0)   13 :  0.002 0.004 0.049 0.006 0.827 0.044 0.068 
148      489    (0)   13 :  0.004 0.025 0.018 0.005 0.874 0.014 0.060 
149      490    (0)   13 :  0.004 0.009 0.219 0.038 0.708 0.003 0.019 
150      491    (0)   13 :  0.008 0.001 0.121 0.005 0.728 0.104 0.032 
151      492    (0)   13 :  0.004 0.017 0.080 0.031 0.063 0.016 0.788 
152      493    (0)   13 :  0.010 0.020 0.025 0.010 0.038 0.006 0.889 
153      494    (0)   13 :  0.032 0.029 0.046 0.005 0.311 0.034 0.542 
154      498    (0)   13 :  0.006 0.008 0.020 0.019 0.924 0.003 0.021 
155      499    (0)   13 :  0.003 0.006 0.096 0.009 0.863 0.007 0.017 
156      709    (0)   13 :  0.062 0.011 0.030 0.011 0.860 0.009 0.018 
157      710    (4)   13 :  0.006 0.100 0.004 0.010 0.456 0.002 0.422 
158      711    (2)   13 :  0.007 0.003 0.216 0.041 0.711 0.003 0.018 
159      712    (4)   13 :  0.002 0.004 0.098 0.018 0.848 0.004 0.028 
160      713    (0)   13 :  0.003 0.018 0.013 0.005 0.950 0.006 0.005 
161      714    (2)   13 :  0.009 0.005 0.012 0.007 0.010 0.002 0.954 
162      715    (4)   13 :  0.009 0.003 0.016 0.039 0.015 0.030 0.888 
163      716    (0)   13 :  0.002 0.002 0.005 0.003 0.007 0.003 0.978 
164      717    (2)   13 :  0.003 0.005 0.023 0.015 0.335 0.009 0.609 
165      718    (4)   13 :  0.002 0.005 0.063 0.023 0.826 0.002 0.079 
166      719    (0)   13 :  0.002 0.002 0.003 0.004 0.004 0.002 0.984 
167      720    (2)   13 :  0.002 0.005 0.012 0.008 0.013 0.009 0.951 
168      721    (0)   13 :  0.043 0.010 0.057 0.006 0.158 0.007 0.719 
169      722    (4)   13 :  0.002 0.001 0.005 0.008 0.004 0.002 0.978 
170      723    (0)   13 :  0.006 0.003 0.004 0.004 0.012 0.007 0.963 
171      724    (0)   13 :  0.004 0.023 0.009 0.037 0.014 0.007 0.907 
172      725    (0)   13 :  0.003 0.013 0.016 0.005 0.932 0.010 0.020 
173      726    (0)   13 :  0.008 0.047 0.086 0.006 0.303 0.006 0.544 
174      727    (0)   13 :  0.008 0.002 0.064 0.006 0.693 0.014 0.213 
175      728    (2)   13 :  0.097 0.006 0.044 0.017 0.782 0.006 0.048 
176      729    (6)   13 :  0.004 0.004 0.047 0.007 0.876 0.004 0.057 
177      730    (2)   13 :  0.008 0.003 0.146 0.022 0.758 0.005 0.058 
178      731    (2)   13 :  0.002 0.004 0.026 0.013 0.943 0.002 0.009 
179      732    (0)   13 :  0.003 0.012 0.075 0.016 0.486 0.006 0.402 
180      733    (0)   13 :  0.005 0.014 0.037 0.031 0.723 0.003 0.187 
181      734    (2)   13 :  0.009 0.034 0.370 0.011 0.415 0.094 0.066 
182      735    (4)   13 :  0.003 0.002 0.089 0.006 0.837 0.008 0.055 
183      736    (2)   13 :  0.011 0.007 0.064 0.004 0.889 0.015 0.009 
184      737    (0)   13 :  0.010 0.003 0.093 0.017 0.867 0.003 0.007 
185      738    (2)   13 :  0.003 0.003 0.109 0.009 0.861 0.005 0.010 
186      739    (8)   13 :  0.008 0.002 0.069 0.011 0.853 0.006 0.050 
187      740    (4)   13 :  0.002 0.007 0.010 0.008 0.827 0.002 0.144 
188      741    (2)   13 :  0.002 0.018 0.081 0.188 0.477 0.031 0.203 
189      742    (4)   13 :  0.005 0.006 0.160 0.012 0.800 0.004 0.014 
190      743    (2)   13 :  0.002 0.003 0.006 0.005 0.008 0.009 0.967 
191      744    (0)   13 :  0.025 0.160 0.020 0.006 0.323 0.005 0.461 
192      745    (0)   13 :  0.022 0.004 0.017 0.076 0.130 0.006 0.745 
193      746    (2)   13 :  0.004 0.004 0.047 0.006 0.928 0.005 0.006 
194      747    (2)   13 :  0.004 0.003 0.110 0.039 0.811 0.019 0.014 
195      748    (0)   13 :  0.005 0.010 0.715 0.087 0.143 0.016 0.023 
196      749    (2)   13 :  0.009 0.154 0.428 0.039 0.334 0.022 0.015 
197      750    (4)   13 :  0.004 0.011 0.068 0.015 0.883 0.004 0.015 
198      751    (0)   13 :  0.015 0.002 0.249 0.015 0.695 0.006 0.018 
199      752    (2)   13 :  0.003 0.003 0.427 0.024 0.022 0.002 0.520 
200      753    (4)   13 :  0.010 0.004 0.098 0.048 0.734 0.038 0.068 
201      754    (2)   13 :  0.003 0.007 0.099 0.005 0.873 0.004 0.009 
202      155    (0)   14 :  0.003 0.013 0.021 0.036 0.862 0.038 0.026 
203      156    (2)   14 :  0.119 0.013 0.031 0.028 0.783 0.005 0.021 
204      157    (2)   14 :  0.002 0.039 0.080 0.006 0.841 0.008 0.024 
205      158    (0)   14 :  0.004 0.004 0.124 0.009 0.825 0.007 0.026 
206      159    (0)   14 :  0.007 0.010 0.014 0.026 0.924 0.003 0.017 
207      160    (0)   14 :  0.003 0.004 0.082 0.014 0.127 0.010 0.760 
208      161    (0)   14 :  0.003 0.248 0.034 0.009 0.471 0.008 0.228 
209      162    (0)   14 :  0.008 0.003 0.066 0.007 0.223 0.006 0.686 
210      163    (2)   14 :  0.010 0.004 0.286 0.003 0.687 0.003 0.007 
211      164    (0)   14 :  0.002 0.015 0.035 0.061 0.843 0.019 0.024 
212      165    (2)   14 :  0.005 0.017 0.005 0.008 0.952 0.005 0.008 
213      427    (0)   14 :  0.009 0.003 0.008 0.006 0.010 0.069 0.895 
214      428    (0)   14 :  0.003 0.002 0.010 0.009 0.005 0.004 0.968 
215      429    (0)   14 :  0.003 0.001 0.006 0.005 0.007 0.003 0.975 
216      430    (0)   14 :  0.002 0.008 0.651 0.044 0.190 0.004 0.100 
217      431    (0)   14 :  0.002 0.002 0.008 0.026 0.008 0.003 0.951 
218      435    (0)   14 :  0.001 0.001 0.003 0.003 0.003 0.002 0.987 
219      436    (0)   14 :  0.001 0.002 0.003 0.006 0.004 0.003 0.981 
220      437    (0)   14 :  0.001 0.002 0.004 0.028 0.007 0.004 0.954 
221      438    (0)   14 :  0.005 0.003 0.010 0.030 0.011 0.002 0.939 
222      439    (0)   14 :  0.006 0.002 0.036 0.015 0.098 0.004 0.838 
223      441    (0)   14 :  0.001 0.004 0.768 0.005 0.010 0.003 0.208 
224      442    (0)   14 :  0.006 0.002 0.017 0.009 0.011 0.180 0.775 
225      443    (4)   14 :  0.003 0.002 0.007 0.009 0.006 0.002 0.971 
226      444    (4)   14 :  0.005 0.005 0.005 0.007 0.006 0.012 0.961 
227      445    (2)   14 :  0.009 0.003 0.007 0.059 0.059 0.003 0.859 
228      446    (0)   14 :  0.003 0.003 0.006 0.003 0.005 0.006 0.974 
229      447    (0)   14 :  0.003 0.001 0.005 0.011 0.007 0.004 0.969 
230      449    (0)   14 :  0.001 0.001 0.003 0.005 0.003 0.005 0.981 
231      460    (0)   14 :  0.002 0.004 0.007 0.013 0.010 0.005 0.960 
232      461    (0)   14 :  0.002 0.006 0.058 0.040 0.104 0.009 0.782 
233      484    (0)   14 :  0.007 0.004 0.529 0.314 0.091 0.014 0.043 
234      485    (0)   14 :  0.001 0.002 0.003 0.004 0.006 0.003 0.980 
235      486    (0)   14 :  0.002 0.004 0.776 0.007 0.024 0.003 0.185 
236      487    (0)   14 :  0.003 0.002 0.018 0.005 0.030 0.008 0.933 
237      178    (0)   15 :  0.008 0.012 0.013 0.004 0.029 0.004 0.930 
238      422    (0)   15 :  0.002 0.001 0.004 0.009 0.006 0.003 0.975 
239      425    (0)   15 :  0.001 0.002 0.006 0.004 0.011 0.003 0.972 
240      426    (0)   15 :  0.103 0.029 0.483 0.004 0.248 0.023 0.110 
241      432    (0)   15 :  0.012 0.006 0.147 0.017 0.157 0.012 0.649 
242      434    (0)   15 :  0.003 0.002 0.006 0.006 0.005 0.006 0.973 
243      440    (0)   15 :  0.002 0.004 0.047 0.004 0.068 0.019 0.857 
244      448    (2)   15 :  0.002 0.002 0.009 0.016 0.007 0.021 0.943 
245      456    (0)   15 :  0.004 0.004 0.076 0.288 0.183 0.013 0.433 
246      457    (0)   15 :  0.005 0.003 0.036 0.022 0.027 0.004 0.903 
247      458    (0)   15 :  0.008 0.005 0.150 0.013 0.232 0.020 0.572 
248      459    (0)   15 :  0.003 0.004 0.013 0.007 0.012 0.004 0.957 
249      464    (0)   15 :  0.003 0.005 0.004 0.003 0.005 0.005 0.975 
250      465    (0)   15 :  0.001 0.002 0.005 0.003 0.007 0.002 0.980 
251      466    (0)   15 :  0.001 0.002 0.009 0.015 0.012 0.004 0.957 
252      470    (0)   15 :  0.002 0.002 0.007 0.003 0.005 0.004 0.977 
253      471    (0)   15 :  0.016 0.003 0.025 0.008 0.012 0.003 0.932 
254      483    (0)   15 :  0.003 0.009 0.022 0.005 0.038 0.012 0.911 
255      488    (0)   15 :  0.003 0.002 0.018 0.014 0.026 0.005 0.933 
256      495    (0)   15 :  0.001 0.003 0.006 0.010 0.007 0.002 0.970 
257      496    (0)   15 :  0.002 0.003 0.006 0.003 0.010 0.002 0.975 
258      497    (0)   15 :  0.003 0.005 0.004 0.009 0.011 0.032 0.936 
259      500    (0)   15 :  0.003 0.112 0.026 0.664 0.084 0.002 0.108 
260      879    (0)   15 :  0.003 0.005 0.015 0.004 0.011 0.013 0.949 
261      036    (0)   16 :  0.004 0.003 0.007 0.007 0.958 0.002 0.018 
262      063    (2)   16 :  0.004 0.003 0.140 0.020 0.750 0.015 0.068 
263      094    (4)   16 :  0.005 0.014 0.051 0.123 0.730 0.007 0.069 
264      103    (4)   16 :  0.003 0.010 0.007 0.006 0.962 0.005 0.007 
265      112    (0)   16 :  0.003 0.005 0.105 0.006 0.872 0.004 0.005 
266      114    (2)   16 :  0.002 0.002 0.007 0.005 0.944 0.003 0.037 
267      120    (0)   16 :  0.002 0.003 0.270 0.040 0.647 0.005 0.032 
268      127    (2)   16 :  0.003 0.007 0.766 0.007 0.199 0.005 0.012 
269      147    (0)   16 :  0.053 0.008 0.602 0.003 0.312 0.006 0.017 
270      166    (0)   16 :  0.027 0.066 0.216 0.008 0.593 0.016 0.073 
271      167    (0)   16 :  0.008 0.009 0.034 0.015 0.445 0.006 0.483 
272      168    (0)   16 :  0.003 0.010 0.005 0.005 0.955 0.004 0.018 
273      169    (2)   16 :  0.006 0.004 0.065 0.011 0.344 0.006 0.565 
274      170    (0)   16 :  0.004 0.031 0.090 0.030 0.800 0.031 0.015 
275      171    (2)   16 :  0.015 0.010 0.133 0.104 0.726 0.004 0.009 
276      172    (0)   16 :  0.012 0.004 0.138 0.032 0.782 0.004 0.028 
277      185    (0)   16 :  0.005 0.005 0.066 0.005 0.797 0.006 0.117 
278      199    (2)   16 :  0.006 0.013 0.027 0.009 0.684 0.250 0.011 
279      339    (0)   16 :  0.009 0.003 0.044 0.007 0.098 0.006 0.832 
280      355    (0)   16 :  0.011 0.033 0.031 0.004 0.831 0.087 0.004 
281      356    (0)   16 :  0.003 0.110 0.079 0.005 0.788 0.005 0.010 
282      357    (0)   16 :  0.011 0.005 0.055 0.008 0.893 0.014 0.014 
283      358    (0)   16 :  0.009 0.006 0.433 0.013 0.502 0.004 0.032 
284      359    (0)   16 :  0.002 0.004 0.072 0.005 0.902 0.008 0.008 
285      360    (0)   16 :  0.012 0.024 0.078 0.019 0.779 0.005 0.084 
286      361    (0)   16 :  0.002 0.004 0.093 0.007 0.569 0.003 0.322 
287      362    (0)   16 :  0.005 0.024 0.155 0.306 0.398 0.007 0.105 
288      363    (0)   16 :  0.013 0.006 0.893 0.005 0.038 0.034 0.012 
289      364    (0)   16 :  0.003 0.124 0.084 0.404 0.320 0.048 0.017 
290      365    (0)   16 :  0.015 0.129 0.017 0.065 0.489 0.003 0.282 
291      366    (0)   16 :  0.033 0.005 0.112 0.005 0.836 0.003 0.007 
292      367    (0)   16 :  0.007 0.002 0.014 0.012 0.953 0.002 0.010 
293      368    (0)   16 :  0.013 0.123 0.207 0.120 0.526 0.004 0.007 
294      369    (0)   16 :  0.004 0.016 0.014 0.003 0.953 0.004 0.006 
295      370    (0)   16 :  0.012 0.070 0.122 0.012 0.733 0.008 0.043 
296      371    (0)   16 :  0.003 0.002 0.007 0.020 0.950 0.006 0.012 
297      372    (0)   16 :  0.004 0.005 0.022 0.011 0.019 0.344 0.594 
298      373    (0)   16 :  0.003 0.103 0.007 0.009 0.774 0.028 0.077 
299      380    (0)   16 :  0.005 0.011 0.174 0.035 0.750 0.010 0.015 
300      388    (0)   16 :  0.007 0.049 0.288 0.013 0.613 0.020 0.009 
301      418    (0)   16 :  0.007 0.006 0.080 0.027 0.799 0.047 0.034 
302      419    (0)   16 :  0.007 0.008 0.041 0.008 0.849 0.003 0.084 
303      420    (0)   16 :  0.075 0.006 0.060 0.044 0.384 0.059 0.372 
304      409    (0)   17 :  0.002 0.004 0.020 0.016 0.913 0.004 0.041 
305      414    (0)   17 :  0.002 0.002 0.025 0.027 0.921 0.009 0.013 
306      415    (2)   17 :  0.003 0.013 0.057 0.007 0.898 0.013 0.009 
307      416    (0)   17 :  0.004 0.005 0.062 0.112 0.456 0.015 0.346 
308      571    (0)    2 :  0.003 0.002 0.019 0.953 0.005 0.003 0.014 
309      572    (0)    2 :  0.006 0.004 0.034 0.937 0.013 0.004 0.003 
310      573    (2)    2 :  0.001 0.001 0.004 0.982 0.006 0.003 0.004 
311      574    (0)    2 :  0.002 0.005 0.006 0.975 0.006 0.002 0.005 
312      575    (2)    2 :  0.009 0.004 0.039 0.924 0.009 0.006 0.009 
313      576    (0)    2 :  0.001 0.001 0.003 0.988 0.002 0.002 0.003 
314      577    (0)    2 :  0.002 0.001 0.005 0.977 0.004 0.005 0.006 
315      578    (0)    2 :  0.001 0.001 0.003 0.982 0.002 0.006 0.004 
316      579    (0)    2 :  0.002 0.001 0.003 0.981 0.003 0.003 0.008 
317      580    (0)    2 :  0.002 0.001 0.003 0.987 0.003 0.002 0.003 
318      581    (0)    2 :  0.002 0.001 0.002 0.987 0.002 0.002 0.004 
319      582    (4)    2 :  0.046 0.004 0.009 0.887 0.018 0.019 0.017 
320      583    (0)    2 :  0.011 0.002 0.128 0.597 0.183 0.024 0.055 
321      584    (0)    2 :  0.003 0.001 0.005 0.961 0.006 0.006 0.017 
322      585    (0)    2 :  0.002 0.001 0.005 0.981 0.003 0.002 0.006 
323      586    (2)    2 :  0.002 0.001 0.005 0.974 0.003 0.008 0.007 
324      587    (0)    2 :  0.002 0.001 0.003 0.987 0.003 0.002 0.003 
325      588    (0)    2 :  0.012 0.008 0.020 0.926 0.015 0.009 0.009 
326      589    (0)    2 :  0.005 0.007 0.045 0.874 0.026 0.024 0.019 
327      590    (0)    2 :  0.006 0.002 0.004 0.972 0.003 0.008 0.005 
328      001    (0)    3 :  0.003 0.985 0.002 0.003 0.004 0.001 0.002 
329      005    (0)    3 :  0.005 0.986 0.002 0.001 0.002 0.003 0.001 
330      106    (0)    3 :  0.002 0.985 0.002 0.004 0.003 0.002 0.002 
331      192    (0)    3 :  0.006 0.932 0.010 0.007 0.024 0.015 0.005 
332      229    (0)    3 :  0.045 0.929 0.008 0.004 0.006 0.004 0.005 
333      319    (0)    3 :  0.004 0.984 0.002 0.002 0.004 0.002 0.002 
334      327    (0)    3 :  0.002 0.985 0.002 0.002 0.003 0.003 0.002 
335      340    (0)    3 :  0.003 0.982 0.003 0.003 0.004 0.002 0.002 
336      345    (0)    3 :  0.010 0.971 0.004 0.004 0.005 0.003 0.003 
337      375    (0)    3 :  0.003 0.983 0.003 0.002 0.003 0.004 0.002 
338      501    (4)    3 :  0.003 0.985 0.003 0.002 0.003 0.002 0.003 
339      502    (0)    3 :  0.008 0.971 0.007 0.003 0.004 0.003 0.003 
340      503    (2)    3 :  0.002 0.985 0.003 0.004 0.002 0.002 0.001 
341      504    (0)    3 :  0.012 0.970 0.003 0.002 0.003 0.003 0.006 
342      505    (0)    3 :  0.051 0.920 0.007 0.007 0.010 0.004 0.002 
343      506    (2)    3 :  0.005 0.977 0.005 0.002 0.005 0.002 0.004 
344      507    (4)    3 :  0.003 0.985 0.004 0.002 0.003 0.002 0.002 
345      508    (0)    3 :  0.003 0.967 0.009 0.005 0.007 0.002 0.007 
346      509    (2)    3 :  0.003 0.985 0.003 0.002 0.003 0.003 0.002 
347      510    (2)    3 :  0.003 0.961 0.003 0.002 0.005 0.018 0.009 
348      511    (4)    3 :  0.002 0.986 0.003 0.002 0.002 0.002 0.003 
349      512    (4)    3 :  0.005 0.982 0.003 0.002 0.003 0.003 0.002 
350      513    (0)    3 :  0.007 0.967 0.002 0.002 0.003 0.016 0.002 
351      514    (0)    3 :  0.002 0.986 0.002 0.001 0.003 0.002 0.003 
352      515    (2)    3 :  0.004 0.986 0.002 0.002 0.002 0.003 0.002 
353      516    (2)    3 :  0.003 0.973 0.006 0.003 0.004 0.006 0.005 
354      517    (0)    3 :  0.004 0.985 0.002 0.001 0.002 0.002 0.004 
355      518    (0)    3 :  0.003 0.977 0.005 0.003 0.005 0.002 0.004 
356      519    (0)    3 :  0.002 0.985 0.002 0.003 0.003 0.003 0.002 
357      520    (2)    3 :  0.002 0.981 0.002 0.003 0.003 0.006 0.003 
358      521    (2)    3 :  0.006 0.983 0.002 0.002 0.002 0.003 0.002 
359      522    (0)    3 :  0.001 0.965 0.005 0.007 0.006 0.005 0.010 
360      523    (2)    3 :  0.003 0.974 0.006 0.005 0.006 0.001 0.005 
361      524    (0)    3 :  0.004 0.907 0.020 0.023 0.017 0.010 0.020 
362      525    (0)    3 :  0.001 0.989 0.002 0.002 0.002 0.002 0.002 
363      526    (2)    3 :  0.009 0.981 0.002 0.002 0.002 0.002 0.002 
364      527    (2)    4 :  0.005 0.005 0.006 0.964 0.005 0.008 0.007 
365      528    (4)    4 :  0.004 0.002 0.175 0.777 0.027 0.009 0.006 
366      529    (4)    4 :  0.007 0.002 0.032 0.931 0.008 0.004 0.016 
367      530    (0)    4 :  0.004 0.005 0.007 0.969 0.007 0.005 0.003 
368      531    (2)    4 :  0.004 0.003 0.011 0.971 0.005 0.004 0.004 
369      532    (4)    4 :  0.002 0.003 0.080 0.892 0.017 0.002 0.004 
370      533    (0)    4 :  0.003 0.013 0.017 0.891 0.051 0.002 0.024 
371      534    (2)    4 :  0.001 0.002 0.005 0.979 0.004 0.004 0.004 
372      535    (2)    4 :  0.005 0.003 0.020 0.952 0.010 0.002 0.008 
373      536    (2)    4 :  0.007 0.002 0.003 0.978 0.004 0.002 0.004 
374      537    (2)    4 :  0.002 0.002 0.004 0.972 0.004 0.011 0.006 
375      538    (2)    4 :  0.002 0.007 0.013 0.902 0.045 0.005 0.026 
376      539    (2)    4 :  0.002 0.001 0.011 0.977 0.003 0.002 0.003 
377      540    (2)    4 :  0.001 0.001 0.007 0.964 0.011 0.002 0.014 
378      541    (2)    4 :  0.002 0.002 0.019 0.954 0.006 0.002 0.015 
379      542    (2)    4 :  0.004 0.002 0.013 0.926 0.013 0.010 0.032 
380      543    (0)    4 :  0.002 0.005 0.025 0.798 0.089 0.016 0.064 
381      544    (2)    4 :  0.002 0.003 0.002 0.986 0.003 0.002 0.003 
382      545    (2)    4 :  0.002 0.002 0.032 0.895 0.049 0.002 0.017 
383      546    (4)    4 :  0.002 0.002 0.059 0.648 0.270 0.002 0.018 
384      547    (6)    4 :  0.013 0.005 0.017 0.871 0.042 0.037 0.015 
385      019    (0)    5 :  0.003 0.002 0.022 0.945 0.007 0.003 0.017 
386      064    (0)    5 :  0.002 0.001 0.004 0.983 0.003 0.004 0.003 
387      065    (0)    5 :  0.001 0.001 0.002 0.990 0.002 0.001 0.002 
388      066    (0)    5 :  0.002 0.003 0.011 0.957 0.010 0.003 0.013 
389      067    (0)    5 :  0.006 0.004 0.229 0.709 0.021 0.016 0.016 
390      068    (0)    5 :  0.002 0.002 0.010 0.953 0.006 0.020 0.007 
391      069    (0)    5 :  0.001 0.003 0.011 0.974 0.005 0.002 0.004 
392      107    (0)    5 :  0.001 0.002 0.009 0.972 0.005 0.003 0.008 
393      110    (0)    5 :  0.006 0.003 0.778 0.200 0.007 0.002 0.005 
394      121    (0)    5 :  0.001 0.001 0.005 0.983 0.003 0.003 0.004 
395      137    (0)    5 :  0.026 0.005 0.025 0.886 0.031 0.003 0.024 
396      146    (0)    5 :  0.003 0.007 0.013 0.944 0.023 0.002 0.007 
397      149    (0)    5 :  0.005 0.003 0.090 0.857 0.026 0.005 0.014 
398      154    (0)    5 :  0.002 0.004 0.006 0.945 0.007 0.032 0.005 
399      179    (0)    5 :  0.002 0.002 0.005 0.979 0.003 0.004 0.004 
400      181    (0)    5 :  0.003 0.002 0.009 0.976 0.005 0.002 0.004 
401      182    (0)    5 :  0.002 0.003 0.014 0.957 0.009 0.012 0.004 
402      186    (0)    5 :  0.006 0.009 0.420 0.537 0.016 0.003 0.009 
403      193    (0)    5 :  0.001 0.002 0.007 0.976 0.005 0.003 0.005 
404      320    (0)    5 :  0.003 0.003 0.021 0.952 0.010 0.007 0.005 
405      341    (0)    5 :  0.002 0.002 0.006 0.967 0.007 0.004 0.013 
406      376    (0)    5 :  0.003 0.023 0.018 0.943 0.007 0.003 0.004 
407      395    (0)    5 :  0.005 0.001 0.012 0.961 0.006 0.003 0.011 
408      396    (0)    5 :  0.003 0.002 0.003 0.988 0.002 0.001 0.002 
409      397    (0)    5 :  0.007 0.001 0.004 0.977 0.004 0.005 0.003 
410      398    (0)    5 :  0.004 0.002 0.009 0.975 0.004 0.003 0.003 
411      399    (0)    5 :  0.002 0.001 0.007 0.978 0.005 0.003 0.003 
412      400    (0)    5 :  0.002 0.002 0.242 0.732 0.017 0.002 0.003 
413      401    (0)    5 :  0.002 0.003 0.014 0.959 0.013 0.003 0.006 
414      402    (0)    5 :  0.005 0.014 0.615 0.336 0.021 0.006 0.004 
415      403    (0)    5 :  0.008 0.003 0.017 0.951 0.007 0.003 0.010 
416      073    (0)    6 :  0.002 0.002 0.004 0.981 0.004 0.002 0.005 
417      074    (0)    6 :  0.002 0.007 0.003 0.975 0.006 0.005 0.004 
418      075    (0)    6 :  0.003 0.002 0.004 0.977 0.005 0.004 0.005 
419      076    (0)    6 :  0.004 0.004 0.008 0.969 0.004 0.006 0.005 
420      077    (0)    6 :  0.003 0.001 0.005 0.969 0.005 0.007 0.009 
421      078    (0)    6 :  0.005 0.002 0.006 0.950 0.025 0.005 0.007 
422      079    (0)    6 :  0.001 0.002 0.009 0.967 0.012 0.003 0.006 
423      080    (0)    6 :  0.002 0.003 0.007 0.962 0.005 0.018 0.003 
424      081    (0)    6 :  0.012 0.003 0.006 0.958 0.006 0.003 0.013 
425      082    (0)    6 :  0.002 0.001 0.005 0.985 0.003 0.002 0.002 
426      083    (0)    6 :  0.002 0.001 0.005 0.981 0.005 0.002 0.004 
427      084    (0)    6 :  0.004 0.003 0.003 0.980 0.003 0.002 0.006 
428      085    (0)    6 :  0.012 0.002 0.011 0.903 0.009 0.003 0.060 
429      404    (0)    6 :  0.002 0.001 0.003 0.984 0.003 0.002 0.004 
430      405    (0)    6 :  0.007 0.002 0.003 0.976 0.004 0.002 0.007 
431      406    (0)    6 :  0.006 0.005 0.006 0.969 0.007 0.004 0.003 
432      407    (0)    6 :  0.003 0.001 0.003 0.982 0.003 0.003 0.005 
433      408    (0)    6 :  0.001 0.001 0.003 0.980 0.004 0.006 0.004 
434      411    (2)    6 :  0.002 0.001 0.002 0.986 0.002 0.003 0.004 
435      412    (0)    6 :  0.005 0.023 0.011 0.938 0.006 0.007 0.011 
436      413    (0)    6 :  0.002 0.001 0.002 0.986 0.004 0.002 0.004 
437      591    (0)    7 :  0.011 0.018 0.914 0.005 0.019 0.005 0.028 
438      592    (0)    7 :  0.004 0.004 0.653 0.016 0.025 0.013 0.287 
439      593    (0)    7 :  0.009 0.002 0.959 0.011 0.008 0.003 0.008 
440      594    (0)    7 :  0.007 0.004 0.683 0.068 0.121 0.015 0.103 
441      595    (0)    7 :  0.004 0.004 0.960 0.009 0.011 0.009 0.004 
442      596    (0)    7 :  0.010 0.003 0.912 0.008 0.011 0.051 0.006 
443      597    (0)    7 :  0.002 0.001 0.930 0.037 0.010 0.006 0.014 
444      598    (0)    7 :  0.001 0.002 0.947 0.006 0.018 0.014 0.012 
445      599    (0)    7 :  0.009 0.004 0.669 0.007 0.008 0.004 0.301 
446      600    (0)    7 :  0.006 0.003 0.959 0.004 0.007 0.018 0.004 
447      601    (0)    7 :  0.003 0.002 0.910 0.027 0.021 0.003 0.035 
448      602    (0)    7 :  0.005 0.002 0.958 0.010 0.008 0.006 0.010 
449      603    (0)    7 :  0.009 0.003 0.072 0.007 0.025 0.010 0.874 
450      604    (0)    7 :  0.002 0.003 0.963 0.008 0.012 0.008 0.004 
451      605    (0)    7 :  0.005 0.017 0.888 0.008 0.044 0.030 0.008 
452      606    (0)    7 :  0.027 0.004 0.919 0.005 0.021 0.011 0.013 
453      607    (0)    7 :  0.003 0.003 0.971 0.006 0.004 0.010 0.003 
454      608    (0)    7 :  0.003 0.001 0.968 0.006 0.008 0.004 0.011 
455      609    (0)    7 :  0.003 0.002 0.972 0.005 0.009 0.004 0.005 
456      610    (0)    7 :  0.003 0.003 0.900 0.017 0.042 0.007 0.027 
457      611    (2)    7 :  0.003 0.002 0.963 0.013 0.009 0.006 0.004 
458      612    (0)    7 :  0.002 0.003 0.948 0.008 0.010 0.022 0.007 
459      755    (0)    7 :  0.002 0.015 0.891 0.012 0.026 0.037 0.017 
460      756    (0)    7 :  0.004 0.002 0.957 0.016 0.006 0.003 0.012 
461      757    (0)    7 :  0.002 0.002 0.966 0.007 0.008 0.006 0.008 
462      002    (0)    8 :  0.003 0.004 0.009 0.973 0.005 0.001 0.004 
463      099    (2)    8 :  0.004 0.794 0.030 0.007 0.041 0.068 0.056 
464      641    (2)    8 :  0.021 0.032 0.302 0.536 0.090 0.004 0.015 
465      642    (0)    8 :  0.003 0.003 0.012 0.963 0.006 0.003 0.011 
466      643    (2)    8 :  0.002 0.004 0.024 0.936 0.011 0.003 0.020 
467      644    (0)    8 :  0.003 0.003 0.006 0.965 0.006 0.007 0.012 
468      645    (0)    8 :  0.049 0.003 0.113 0.764 0.035 0.003 0.034 
469      646    (0)    8 :  0.016 0.013 0.153 0.596 0.189 0.009 0.024 
470      006    (0)    9 :  0.003 0.010 0.013 0.939 0.021 0.003 0.011 
471      011    (0)    9 :  0.002 0.001 0.002 0.986 0.002 0.002 0.003 
472      033    (2)    9 :  0.005 0.002 0.009 0.967 0.006 0.002 0.009 
473      048    (0)    9 :  0.007 0.002 0.014 0.814 0.013 0.005 0.145 
474      061    (0)    9 :  0.027 0.004 0.015 0.868 0.064 0.003 0.018 
475      088    (0)    9 :  0.004 0.002 0.011 0.954 0.009 0.008 0.012 
476      091    (0)    9 :  0.002 0.002 0.006 0.972 0.009 0.003 0.005 
477      098    (0)    9 :  0.007 0.001 0.009 0.963 0.004 0.003 0.012 
478      104    (0)    9 :  0.002 0.001 0.002 0.987 0.002 0.002 0.003 
479      196    (0)    9 :  0.013 0.002 0.009 0.958 0.007 0.005 0.006 
480      197    (0)    9 :  0.007 0.003 0.009 0.934 0.023 0.011 0.013 
481      201    (0)    9 :  0.001 0.002 0.004 0.981 0.005 0.001 0.005 
482      202    (0)    9 :  0.023 0.008 0.006 0.924 0.011 0.014 0.014 
483      204    (0)    9 :  0.003 0.001 0.003 0.980 0.004 0.002 0.007 
484      231    (0)    9 :  0.001 0.001 0.005 0.978 0.003 0.003 0.008 
485      328    (0)    9 :  0.004 0.001 0.004 0.979 0.004 0.002 0.005 
486      346    (0)    9 :  0.003 0.002 0.006 0.976 0.004 0.006 0.004 


Estimated Allele Frequencies in each cluster
First column gives estimated ancestral frequencies


Locus 1 : 1 
4 alleles
0.0% missing data
  89   (0.520) 0.066 0.303 0.570 0.586 0.544 0.635 0.534 
  91   (0.391) 0.705 0.658 0.393 0.349 0.382 0.314 0.405 
  93   (0.071) 0.100 0.038 0.033 0.064 0.061 0.050 0.042 
  99   (0.019) 0.129 0.001 0.004 0.000 0.013 0.001 0.019 

Locus 2 : 2 
6 alleles
1.0% missing data
 136   (0.379) 0.197 0.449 0.419 0.546 0.412 0.455 0.101 
 134   (0.236) 0.028 0.199 0.344 0.155 0.218 0.377 0.257 
 138   (0.274) 0.763 0.221 0.184 0.238 0.259 0.161 0.493 
 140   (0.068) 0.008 0.118 0.035 0.060 0.066 0.004 0.045 
 132   (0.021) 0.002 0.001 0.005 0.000 0.031 0.001 0.005 
 142   (0.023) 0.003 0.011 0.012 0.000 0.014 0.002 0.100 

Locus 3 : 3 
6 alleles
0.0% missing data
 181   (0.250) 0.181 0.078 0.330 0.207 0.237 0.076 0.314 
 187   (0.348) 0.772 0.348 0.248 0.521 0.360 0.265 0.218 
 179   (0.237) 0.029 0.061 0.341 0.251 0.247 0.015 0.248 
 191   (0.035) 0.004 0.011 0.009 0.018 0.032 0.195 0.006 
 185   (0.080) 0.009 0.272 0.055 0.002 0.074 0.446 0.087 
 175   (0.050) 0.006 0.230 0.016 0.001 0.051 0.003 0.126 

Locus 4 : 4 
12 alleles
0.2% missing data
 253   (0.487) 0.597 0.182 0.528 0.710 0.518 0.468 0.523 
 249   (0.027) 0.004 0.064 0.007 0.065 0.025 0.002 0.003 
 271   (0.040) 0.005 0.110 0.018 0.031 0.038 0.003 0.013 
 241   (0.160) 0.179 0.512 0.205 0.060 0.148 0.148 0.145 
 257   (0.007) 0.001 0.000 0.002 0.001 0.005 0.000 0.001 
 269   (0.166) 0.202 0.035 0.170 0.129 0.163 0.105 0.247 
 247   (0.066) 0.007 0.030 0.052 0.001 0.069 0.271 0.059 
 245   (0.010) 0.001 0.063 0.002 0.000 0.007 0.001 0.001 
 239   (0.012) 0.001 0.001 0.007 0.000 0.012 0.001 0.001 
 273   (0.010) 0.001 0.001 0.004 0.000 0.009 0.001 0.001 
 267   (0.007) 0.001 0.000 0.002 0.001 0.005 0.000 0.001 
 255   (0.007) 0.001 0.000 0.002 0.000 0.003 0.000 0.005 

Locus 5 : 5 
6 alleles
0.6% missing data
 103   (0.833) 0.980 0.739 0.893 0.986 0.821 0.976 0.942 
 104   (0.071) 0.009 0.073 0.034 0.012 0.085 0.005 0.031 
 101   (0.011) 0.001 0.001 0.008 0.000 0.005 0.014 0.001 
 105   (0.052) 0.006 0.161 0.052 0.001 0.055 0.003 0.022 
 102   (0.016) 0.003 0.001 0.010 0.000 0.018 0.001 0.003 
 107   (0.016) 0.002 0.025 0.004 0.000 0.015 0.001 0.002 

Locus 6 : 6 
5 alleles
0.2% missing data
 141   (0.259) 0.030 0.125 0.331 0.556 0.243 0.141 0.269 
 145   (0.417) 0.413 0.027 0.386 0.179 0.466 0.266 0.522 
 135   (0.225) 0.544 0.624 0.167 0.209 0.207 0.285 0.191 
 147   (0.084) 0.010 0.125 0.113 0.056 0.075 0.307 0.016 
 137   (0.014) 0.001 0.099 0.003 0.000 0.009 0.001 0.002 

Locus 7 : 7 
10 alleles
1.2% missing data
  93   (0.213) 0.787 0.123 0.221 0.357 0.194 0.071 0.297 
 103   (0.298) 0.042 0.019 0.423 0.366 0.310 0.508 0.355 
  91   (0.073) 0.011 0.059 0.064 0.029 0.065 0.152 0.032 
  97   (0.200) 0.133 0.262 0.154 0.161 0.205 0.255 0.130 
  85   (0.046) 0.007 0.003 0.033 0.038 0.045 0.003 0.034 
  89   (0.080) 0.011 0.295 0.083 0.048 0.069 0.005 0.101 
  83   (0.052) 0.006 0.004 0.015 0.001 0.082 0.003 0.046 
 105   (0.015) 0.002 0.090 0.003 0.000 0.013 0.001 0.002 
 101   (0.011) 0.001 0.120 0.002 0.000 0.007 0.001 0.001 
  99   (0.011) 0.001 0.025 0.002 0.000 0.008 0.001 0.001 

Locus 8 : 8 
8 alleles
0.0% missing data
 129   (0.549) 0.203 0.315 0.436 0.677 0.587 0.637 0.682 
 141   (0.053) 0.006 0.003 0.072 0.098 0.042 0.208 0.022 
 149   (0.081) 0.009 0.292 0.067 0.121 0.069 0.015 0.072 
 143   (0.259) 0.688 0.294 0.408 0.103 0.249 0.136 0.211 
 127   (0.020) 0.049 0.093 0.005 0.000 0.016 0.001 0.002 
 131   (0.014) 0.043 0.001 0.003 0.000 0.008 0.002 0.006 
 133   (0.017) 0.002 0.001 0.008 0.000 0.022 0.001 0.004 
 145   (0.007) 0.001 0.000 0.001 0.000 0.006 0.000 0.001 

Locus 9 : 9 
5 alleles
0.0% missing data
 191   (0.396) 0.342 0.342 0.450 0.568 0.393 0.540 0.317 
 195   (0.152) 0.347 0.320 0.173 0.160 0.125 0.055 0.242 
 189   (0.437) 0.309 0.336 0.373 0.269 0.473 0.404 0.439 
 197   (0.007) 0.001 0.000 0.001 0.000 0.006 0.000 0.001 
 193   (0.008) 0.001 0.000 0.002 0.003 0.003 0.001 0.001 

Locus 10 : 10 
7 alleles
0.4% missing data
 232   (0.262) 0.223 0.133 0.186 0.307 0.292 0.279 0.154 
 238   (0.540) 0.374 0.739 0.648 0.551 0.523 0.349 0.765 
 252   (0.102) 0.018 0.017 0.128 0.125 0.099 0.037 0.071 
 254   (0.053) 0.380 0.082 0.028 0.016 0.045 0.254 0.006 
 248   (0.019) 0.002 0.001 0.005 0.000 0.021 0.080 0.002 
 250   (0.015) 0.003 0.028 0.003 0.000 0.014 0.001 0.002 
 236   (0.007) 0.001 0.000 0.002 0.000 0.006 0.001 0.001 

Locus 11 : 11 
4 alleles
0.0% missing data
  87   (0.689) 0.963 0.509 0.669 0.621 0.700 0.538 0.827 
  89   (0.237) 0.029 0.154 0.309 0.321 0.233 0.381 0.145 
  91   (0.056) 0.006 0.177 0.016 0.057 0.049 0.080 0.026 
  85   (0.019) 0.002 0.161 0.006 0.000 0.017 0.001 0.002 

Locus 12 : 12 
13 alleles
0.4% missing data
 160   (0.214) 0.589 0.419 0.125 0.125 0.208 0.707 0.254 
 162   (0.240) 0.072 0.015 0.387 0.222 0.243 0.235 0.288 
 147   (0.044) 0.005 0.003 0.083 0.148 0.033 0.003 0.036 
 158   (0.228) 0.029 0.101 0.187 0.470 0.259 0.027 0.180 
 161   (0.110) 0.117 0.268 0.129 0.024 0.099 0.018 0.111 
 170   (0.054) 0.006 0.030 0.016 0.008 0.062 0.004 0.041 
 143   (0.033) 0.173 0.159 0.009 0.001 0.037 0.002 0.005 
 154   (0.018) 0.002 0.002 0.019 0.000 0.019 0.001 0.002 
 149   (0.022) 0.002 0.001 0.032 0.000 0.015 0.001 0.058 
 153   (0.012) 0.001 0.001 0.005 0.000 0.013 0.001 0.001 
 150   (0.008) 0.001 0.000 0.001 0.000 0.003 0.000 0.006 
 159   (0.009) 0.001 0.001 0.002 0.000 0.005 0.001 0.016 
 164   (0.007) 0.001 0.000 0.005 0.000 0.005 0.000 0.001 

Locus 13 : 13 
5 alleles
0.0% missing data
 108   (0.216) 0.334 0.291 0.173 0.170 0.227 0.198 0.111 
 115   (0.430) 0.095 0.383 0.480 0.551 0.431 0.293 0.527 
 113   (0.339) 0.570 0.325 0.345 0.279 0.330 0.508 0.361 
 109   (0.007) 0.001 0.000 0.001 0.000 0.006 0.000 0.001 
 110   (0.007) 0.001 0.000 0.002 0.000 0.006 0.000 0.001 

Locus 14 : 14 
5 alleles
1.2% missing data
 227   (0.121) 0.255 0.008 0.058 0.256 0.118 0.020 0.297 
 231   (0.171) 0.269 0.344 0.340 0.089 0.166 0.346 0.027 
 229   (0.511) 0.105 0.481 0.416 0.485 0.551 0.422 0.512 
 225   (0.133) 0.223 0.062 0.134 0.076 0.117 0.208 0.121 
 233   (0.064) 0.148 0.106 0.052 0.094 0.048 0.004 0.043 

Locus 15 : 15 
5 alleles
0.4% missing data
 143   (0.832) 0.719 0.631 0.870 0.970 0.846 0.820 0.877 
 157   (0.008) 0.001 0.000 0.002 0.014 0.004 0.000 0.001 
 145   (0.090) 0.272 0.177 0.109 0.014 0.080 0.006 0.063 
 147   (0.052) 0.007 0.190 0.015 0.001 0.052 0.142 0.057 
 133   (0.018) 0.002 0.001 0.005 0.000 0.018 0.031 0.002 

Locus 16 : 16 
5 alleles
0.2% missing data
 156   (0.252) 0.509 0.166 0.252 0.265 0.245 0.494 0.216 
 158   (0.509) 0.256 0.324 0.534 0.524 0.535 0.209 0.622 
 160   (0.134) 0.016 0.121 0.159 0.172 0.122 0.114 0.125 
 154   (0.096) 0.219 0.389 0.053 0.039 0.095 0.182 0.025 
 152   (0.008) 0.001 0.000 0.002 0.000 0.004 0.000 0.012 

Locus 17 : 17 
5 alleles
0.0% missing data
 102   (0.188) 0.023 0.046 0.188 0.231 0.182 0.200 0.228 
  90   (0.677) 0.574 0.336 0.731 0.725 0.678 0.790 0.733 
  88   (0.076) 0.009 0.449 0.054 0.043 0.083 0.006 0.018 
 100   (0.051) 0.393 0.168 0.025 0.001 0.054 0.003 0.015 
 104   (0.008) 0.001 0.000 0.001 0.000 0.003 0.000 0.006 

Locus 18 : 18 
7 alleles
0.0% missing data
 142   (0.117) 0.016 0.027 0.047 0.421 0.139 0.008 0.100 
 146   (0.075) 0.008 0.005 0.074 0.158 0.061 0.221 0.105 
 140   (0.299) 0.280 0.300 0.452 0.135 0.296 0.185 0.254 
 127   (0.306) 0.552 0.382 0.253 0.213 0.326 0.066 0.297 
 148   (0.096) 0.011 0.069 0.106 0.052 0.084 0.214 0.077 
 150   (0.056) 0.006 0.215 0.026 0.001 0.048 0.303 0.129 
 138   (0.052) 0.128 0.003 0.041 0.020 0.046 0.004 0.038 

Locus 19 : 19 
8 alleles
0.2% missing data
 188   (0.172) 0.019 0.011 0.101 0.135 0.202 0.169 0.162 
 190   (0.122) 0.013 0.044 0.227 0.371 0.092 0.201 0.164 
 194   (0.575) 0.954 0.557 0.556 0.491 0.587 0.483 0.536 
 202   (0.020) 0.002 0.041 0.006 0.000 0.013 0.139 0.002 
 200   (0.089) 0.009 0.310 0.098 0.002 0.093 0.006 0.134 
 192   (0.008) 0.001 0.000 0.008 0.000 0.004 0.000 0.001 
 196   (0.008) 0.001 0.001 0.004 0.000 0.005 0.001 0.001 
 198   (0.008) 0.001 0.036 0.001 0.000 0.003 0.000 0.001 

Locus 20 : 20 
6 alleles
0.8% missing data
 252   (0.674) 0.390 0.088 0.682 0.833 0.734 0.726 0.783 
 250   (0.087) 0.340 0.420 0.080 0.089 0.063 0.140 0.057 
 244   (0.024) 0.005 0.047 0.009 0.014 0.015 0.002 0.008 
 254   (0.081) 0.102 0.240 0.055 0.029 0.062 0.081 0.093 
 246   (0.108) 0.160 0.204 0.167 0.025 0.094 0.050 0.052 
 248   (0.026) 0.003 0.002 0.006 0.010 0.031 0.002 0.006 

Locus 21 : 21 
7 alleles
0.2% missing data
 173   (0.278) 0.122 0.212 0.263 0.332 0.262 0.213 0.511 
 177   (0.258) 0.271 0.049 0.222 0.321 0.272 0.174 0.259 
 175   (0.144) 0.478 0.485 0.243 0.028 0.125 0.253 0.076 
 167   (0.198) 0.115 0.074 0.131 0.309 0.216 0.124 0.125 
 163   (0.043) 0.005 0.104 0.016 0.002 0.041 0.219 0.010 
 165   (0.056) 0.008 0.075 0.120 0.007 0.051 0.017 0.013 
 159   (0.023) 0.002 0.001 0.006 0.000 0.034 0.001 0.005 

Locus 22 : 22 
11 alleles
0.6% missing data
 146   (0.205) 0.074 0.014 0.176 0.262 0.218 0.143 0.320 
 154   (0.008) 0.001 0.000 0.002 0.053 0.004 0.000 0.001 
 166   (0.089) 0.116 0.006 0.106 0.058 0.098 0.006 0.041 
 152   (0.427) 0.502 0.116 0.470 0.589 0.436 0.374 0.554 
 150   (0.034) 0.110 0.101 0.008 0.008 0.027 0.002 0.014 
 164   (0.036) 0.005 0.070 0.044 0.013 0.029 0.002 0.007 
 156   (0.022) 0.003 0.111 0.007 0.000 0.012 0.292 0.010 
 162   (0.054) 0.007 0.133 0.069 0.001 0.050 0.070 0.021 
 158   (0.099) 0.012 0.418 0.113 0.014 0.107 0.108 0.021 
 148   (0.010) 0.171 0.001 0.002 0.000 0.006 0.001 0.001 
 142   (0.017) 0.002 0.031 0.003 0.000 0.013 0.001 0.011 

Locus 23 : 23 
7 alleles
0.8% missing data
 152   (0.010) 0.001 0.001 0.002 0.062 0.005 0.001 0.001 
 156   (0.139) 0.017 0.418 0.105 0.043 0.161 0.037 0.050 
 144   (0.182) 0.591 0.237 0.155 0.173 0.156 0.621 0.228 
 160   (0.101) 0.012 0.016 0.174 0.182 0.083 0.105 0.108 
 154   (0.528) 0.373 0.189 0.535 0.535 0.562 0.234 0.606 
 158   (0.030) 0.004 0.139 0.026 0.005 0.024 0.002 0.005 
 146   (0.009) 0.002 0.001 0.003 0.000 0.009 0.001 0.001 

Locus 24 : 24 
4 alleles
0.4% missing data
  77   (0.080) 0.009 0.005 0.075 0.263 0.070 0.052 0.079 
  83   (0.479) 0.684 0.582 0.559 0.487 0.454 0.917 0.420 
  81   (0.355) 0.297 0.382 0.296 0.224 0.387 0.025 0.408 
  85   (0.087) 0.010 0.031 0.070 0.026 0.089 0.006 0.093 

Locus 25 : 25 
6 alleles
0.4% missing data
 132   (0.300) 0.186 0.023 0.362 0.492 0.301 0.453 0.327 
 124   (0.543) 0.419 0.474 0.523 0.439 0.564 0.537 0.547 
 126   (0.023) 0.003 0.013 0.006 0.050 0.020 0.001 0.002 
 122   (0.097) 0.111 0.464 0.085 0.018 0.087 0.006 0.120 
 120   (0.022) 0.279 0.023 0.007 0.000 0.017 0.001 0.002 
 136   (0.015) 0.002 0.003 0.017 0.001 0.012 0.001 0.002 

Locus 26 : 26 
7 alleles
0.2% missing data
 165   (0.242) 0.326 0.125 0.301 0.148 0.237 0.060 0.262 
 183   (0.360) 0.300 0.220 0.433 0.542 0.348 0.426 0.317 
 179   (0.090) 0.334 0.272 0.045 0.060 0.084 0.006 0.076 
 175   (0.221) 0.029 0.016 0.180 0.248 0.233 0.443 0.331 
 181   (0.067) 0.008 0.256 0.037 0.001 0.084 0.064 0.012 
 185   (0.012) 0.001 0.111 0.002 0.000 0.007 0.001 0.001 
 157   (0.008) 0.001 0.000 0.001 0.000 0.006 0.000 0.001 

Locus 27 : 27 
4 alleles
0.2% missing data
 142   (0.635) 0.313 0.523 0.619 0.681 0.646 0.741 0.751 
 148   (0.211) 0.669 0.261 0.241 0.103 0.216 0.070 0.105 
 138   (0.040) 0.005 0.052 0.047 0.203 0.026 0.003 0.020 
 150   (0.114) 0.013 0.165 0.092 0.013 0.112 0.186 0.124 

Locus 28 : 28 
6 alleles
0.8% missing data
 260   (0.366) 0.139 0.223 0.337 0.367 0.369 0.377 0.504 
 262   (0.520) 0.846 0.689 0.611 0.623 0.519 0.548 0.408 
 256   (0.079) 0.011 0.086 0.044 0.009 0.081 0.073 0.059 
 258   (0.011) 0.001 0.001 0.002 0.000 0.013 0.001 0.001 
 266   (0.007) 0.001 0.000 0.001 0.000 0.003 0.000 0.006 
 264   (0.016) 0.002 0.001 0.004 0.000 0.014 0.001 0.021 

Locus 29 : 29 
7 alleles
0.2% missing data
 146   (0.284) 0.037 0.318 0.345 0.190 0.296 0.334 0.244 
 150   (0.427) 0.147 0.247 0.387 0.632 0.450 0.295 0.532 
 140   (0.178) 0.803 0.378 0.142 0.109 0.175 0.062 0.158 
 148   (0.060) 0.007 0.039 0.091 0.061 0.043 0.305 0.028 
 152   (0.029) 0.003 0.017 0.013 0.001 0.026 0.003 0.036 
 151   (0.011) 0.001 0.001 0.008 0.006 0.005 0.001 0.001 
 142   (0.010) 0.001 0.001 0.013 0.002 0.004 0.001 0.001 

Locus 30 : 30 
6 alleles
0.2% missing data
 125   (0.290) 0.143 0.149 0.288 0.455 0.333 0.034 0.093 
 129   (0.406) 0.211 0.092 0.458 0.489 0.381 0.780 0.581 
 123   (0.152) 0.018 0.113 0.112 0.053 0.147 0.102 0.231 
 127   (0.101) 0.580 0.509 0.125 0.002 0.093 0.081 0.053 
 121   (0.014) 0.043 0.001 0.004 0.000 0.011 0.001 0.002 
 131   (0.037) 0.005 0.138 0.013 0.001 0.034 0.002 0.041 

Locus 31 : 31 
6 alleles
0.2% missing data
 159   (0.169) 0.020 0.197 0.245 0.134 0.161 0.011 0.269 
 155   (0.541) 0.528 0.429 0.466 0.697 0.570 0.712 0.437 
 157   (0.178) 0.119 0.069 0.248 0.100 0.174 0.025 0.213 
 153   (0.068) 0.100 0.293 0.018 0.065 0.061 0.005 0.075 
 151   (0.036) 0.232 0.012 0.021 0.003 0.029 0.247 0.004 
 163   (0.008) 0.001 0.001 0.002 0.001 0.004 0.001 0.001 

Locus 32 : 32 
5 alleles
0.0% missing data
 146   (0.339) 0.577 0.636 0.271 0.073 0.359 0.313 0.329 
 150   (0.550) 0.411 0.262 0.511 0.856 0.557 0.635 0.600 
 148   (0.064) 0.007 0.039 0.126 0.070 0.048 0.049 0.025 
 154   (0.037) 0.004 0.062 0.089 0.001 0.030 0.002 0.012 
 152   (0.010) 0.001 0.001 0.002 0.000 0.005 0.001 0.034 

Locus 33 : 33 
7 alleles
0.0% missing data
 180   (0.454) 0.689 0.360 0.470 0.568 0.463 0.661 0.379 
 196   (0.100) 0.012 0.030 0.065 0.185 0.103 0.006 0.145 
 184   (0.200) 0.272 0.186 0.226 0.160 0.187 0.077 0.258 
 194   (0.008) 0.001 0.001 0.002 0.036 0.004 0.000 0.001 
 192   (0.145) 0.016 0.161 0.170 0.006 0.156 0.184 0.164 
 198   (0.075) 0.008 0.261 0.046 0.045 0.077 0.070 0.018 
 190   (0.018) 0.002 0.001 0.021 0.000 0.011 0.001 0.036 

Locus 34 : 34 
6 alleles
0.0% missing data
 110   (0.188) 0.211 0.112 0.191 0.327 0.183 0.078 0.111 
 112   (0.330) 0.038 0.057 0.361 0.512 0.358 0.065 0.380 
 106   (0.288) 0.237 0.252 0.324 0.126 0.268 0.696 0.397 
  90   (0.041) 0.393 0.003 0.032 0.025 0.034 0.003 0.019 
 108   (0.140) 0.120 0.576 0.090 0.009 0.150 0.114 0.092 
  96   (0.011) 0.001 0.001 0.003 0.000 0.007 0.045 0.001 

Locus 35 : 35 
9 alleles
0.0% missing data
 166   (0.044) 0.006 0.003 0.068 0.250 0.029 0.003 0.092 
 176   (0.100) 0.012 0.098 0.187 0.155 0.103 0.019 0.011 
 172   (0.303) 0.040 0.174 0.190 0.427 0.309 0.576 0.401 
 170   (0.276) 0.617 0.344 0.394 0.154 0.251 0.324 0.227 
 174   (0.151) 0.017 0.050 0.113 0.006 0.181 0.070 0.173 
 178   (0.040) 0.005 0.003 0.013 0.007 0.047 0.003 0.031 
 168   (0.059) 0.300 0.306 0.028 0.001 0.062 0.004 0.026 
 186   (0.020) 0.002 0.023 0.004 0.000 0.013 0.001 0.039 
 158   (0.008) 0.001 0.000 0.001 0.000 0.006 0.000 0.001 

Locus 36 : 36 
6 alleles
0.0% missing data
  89   (0.556) 0.378 0.603 0.559 0.647 0.564 0.511 0.665 
  95   (0.056) 0.006 0.030 0.069 0.071 0.042 0.004 0.069 
  85   (0.168) 0.485 0.018 0.151 0.223 0.169 0.236 0.132 
  81   (0.072) 0.010 0.005 0.120 0.008 0.085 0.005 0.034 
  83   (0.127) 0.015 0.317 0.096 0.050 0.125 0.242 0.092 
  91   (0.021) 0.106 0.027 0.005 0.000 0.014 0.001 0.008 

Locus 37 : 37 
10 alleles
0.0% missing data
 161   (0.364) 0.430 0.697 0.418 0.534 0.362 0.377 0.263 
 165   (0.218) 0.134 0.117 0.206 0.175 0.224 0.107 0.254 
 159   (0.014) 0.002 0.001 0.003 0.029 0.009 0.001 0.006 
 173   (0.252) 0.222 0.175 0.324 0.131 0.240 0.505 0.308 
 169   (0.091) 0.207 0.006 0.035 0.121 0.105 0.006 0.129 
 167   (0.020) 0.002 0.001 0.005 0.009 0.017 0.002 0.006 
 168   (0.011) 0.001 0.001 0.002 0.000 0.013 0.001 0.001 
 155   (0.014) 0.001 0.001 0.004 0.000 0.020 0.001 0.002 
 177   (0.007) 0.001 0.000 0.001 0.000 0.006 0.000 0.001 
 175   (0.008) 0.001 0.000 0.002 0.000 0.004 0.000 0.030 

Locus 38 : 38 
6 alleles
0.6% missing data
  87   (0.098) 0.553 0.422 0.093 0.152 0.073 0.127 0.056 
  89   (0.420) 0.051 0.238 0.321 0.606 0.464 0.102 0.559 
  91   (0.173) 0.210 0.102 0.182 0.119 0.170 0.183 0.103 
  81   (0.114) 0.013 0.008 0.208 0.080 0.110 0.116 0.079 
  85   (0.189) 0.173 0.229 0.194 0.041 0.180 0.471 0.202 
  83   (0.007) 0.001 0.000 0.001 0.003 0.003 0.001 0.001 

Locus 39 : 39 
4 alleles
0.6% missing data
 167   (0.784) 0.691 0.406 0.887 0.914 0.793 0.859 0.800 
 161   (0.177) 0.305 0.451 0.100 0.085 0.177 0.138 0.146 
 165   (0.031) 0.003 0.142 0.011 0.001 0.024 0.003 0.054 
 177   (0.008) 0.001 0.000 0.001 0.000 0.006 0.001 0.001 

Locus 40 : 40 
6 alleles
0.4% missing data
 228   (0.408) 0.539 0.134 0.451 0.552 0.399 0.243 0.495 
 238   (0.325) 0.086 0.075 0.304 0.306 0.355 0.121 0.312 
 224   (0.024) 0.003 0.014 0.044 0.078 0.013 0.002 0.006 
 236   (0.110) 0.356 0.279 0.093 0.062 0.092 0.379 0.053 
 232   (0.014) 0.001 0.001 0.005 0.001 0.016 0.001 0.002 
 240   (0.120) 0.014 0.497 0.104 0.002 0.124 0.255 0.132 

Locus 41 : 41 
7 alleles
0.0% missing data
 128   (0.107) 0.012 0.007 0.106 0.135 0.101 0.036 0.186 
 130   (0.541) 0.064 0.737 0.513 0.612 0.569 0.773 0.449 
 114   (0.049) 0.490 0.003 0.059 0.095 0.046 0.003 0.006 
 132   (0.119) 0.014 0.008 0.134 0.148 0.112 0.054 0.203 
 118   (0.066) 0.206 0.070 0.029 0.002 0.058 0.126 0.075 
 134   (0.110) 0.212 0.175 0.158 0.008 0.108 0.007 0.081 
 136   (0.008) 0.001 0.000 0.001 0.000 0.006 0.000 0.001 

Locus 42 : 42 
6 alleles
1.2% missing data
 102   (0.247) 0.564 0.016 0.357 0.399 0.226 0.472 0.333 
 104   (0.408) 0.050 0.240 0.354 0.192 0.449 0.414 0.503 
  92   (0.126) 0.056 0.310 0.108 0.124 0.129 0.008 0.062 
  96   (0.077) 0.104 0.176 0.068 0.093 0.069 0.005 0.024 
  98   (0.135) 0.224 0.258 0.110 0.190 0.122 0.100 0.077 
 106   (0.008) 0.001 0.000 0.004 0.001 0.004 0.001 0.001 

Locus 43 : 43 
6 alleles
1.4% missing data
 101   (0.296) 0.035 0.364 0.419 0.412 0.285 0.187 0.298 
 103   (0.304) 0.226 0.115 0.260 0.218 0.312 0.351 0.421 
  99   (0.158) 0.413 0.185 0.157 0.064 0.173 0.010 0.085 
  95   (0.215) 0.171 0.327 0.154 0.306 0.207 0.450 0.193 
  97   (0.020) 0.155 0.008 0.008 0.000 0.017 0.001 0.002 
  91   (0.008) 0.001 0.000 0.002 0.000 0.006 0.000 0.001 

Locus 44 : 44 
7 alleles
0.2% missing data
 177   (0.076) 0.010 0.111 0.051 0.075 0.074 0.005 0.055 
 191   (0.303) 0.282 0.622 0.275 0.172 0.325 0.105 0.204 
 181   (0.545) 0.526 0.151 0.627 0.752 0.535 0.856 0.703 
 189   (0.008) 0.001 0.000 0.001 0.000 0.003 0.029 0.001 
 179   (0.045) 0.178 0.103 0.038 0.001 0.049 0.003 0.005 
 183   (0.010) 0.001 0.001 0.005 0.000 0.008 0.001 0.002 
 193   (0.012) 0.001 0.012 0.002 0.000 0.005 0.001 0.031 

Locus 45 : 45 
6 alleles
0.8% missing data
 205   (0.452) 0.257 0.316 0.527 0.522 0.470 0.412 0.497 
 211   (0.237) 0.339 0.386 0.234 0.223 0.240 0.271 0.163 
 207   (0.131) 0.016 0.071 0.079 0.136 0.132 0.198 0.195 
 201   (0.082) 0.376 0.041 0.076 0.070 0.074 0.005 0.070 
 215   (0.084) 0.011 0.175 0.081 0.049 0.072 0.113 0.073 
 202   (0.013) 0.002 0.011 0.003 0.000 0.011 0.001 0.002 

Locus 46 : 46 
10 alleles
1.0% missing data
 144   (0.061) 0.008 0.011 0.021 0.218 0.057 0.126 0.052 
 158   (0.153) 0.021 0.122 0.251 0.148 0.149 0.086 0.086 
 168   (0.145) 0.217 0.211 0.121 0.191 0.153 0.110 0.037 
 166   (0.131) 0.121 0.030 0.071 0.300 0.122 0.381 0.179 
 142   (0.341) 0.046 0.153 0.446 0.136 0.353 0.286 0.571 
 170   (0.020) 0.003 0.049 0.010 0.002 0.016 0.002 0.002 
 156   (0.030) 0.471 0.084 0.012 0.001 0.022 0.002 0.016 
 162   (0.054) 0.105 0.154 0.036 0.001 0.054 0.003 0.029 
 164   (0.056) 0.007 0.187 0.030 0.003 0.068 0.003 0.027 
 160   (0.007) 0.001 0.000 0.003 0.000 0.005 0.000 0.001 

Locus 47 : 47 
7 alleles
9.9% missing data
 149   (0.345) 0.348 0.754 0.205 0.223 0.354 0.340 0.394 
 151   (0.177) 0.090 0.096 0.354 0.251 0.162 0.012 0.144 
 153   (0.180) 0.028 0.047 0.158 0.315 0.176 0.028 0.334 
 147   (0.028) 0.005 0.003 0.010 0.031 0.033 0.002 0.003 
 145   (0.242) 0.526 0.048 0.266 0.177 0.249 0.616 0.122 
 152   (0.008) 0.002 0.001 0.002 0.003 0.004 0.001 0.001 
 143   (0.019) 0.003 0.052 0.005 0.000 0.020 0.001 0.002 

Values of parameters used in structure:
DATAFILE=temp2.str,	OUTFILE=k7/temp2_k7_run4,	NUMINDS=486,	NUMLOCI=47,	MISSING=-9,	LABEL=1,	POPDATA=1,	POPFLAG=0,	PHENOTYPE=0,	EXTRACOLS=0,	MAXPOPS=7,	BURNIN=500000,	NUMREPS=750000,	USEPOPINFO=0,	INFERALPHA=1,	INFERLAMBDA=0,	POPSPECIFICLAMBDA=0,	POPALPHAS=0,	COMPUTEPROB=1,	NOADMIX=0,	ADMBURNIN=500,	UPDATEFREQ=100,	PRINTLIKES=0,	INTERMEDSAVE=0,	PRINTKLD=0,	PRINTNET=1,	PRINTLAMBDA=1,	ANCESTDIST=0,	NUMBOXES=1000,	ANCESTPINT=0.90000,	GENSBACK=2,	MIGRPRIOR=0.01000,	PRINTQHAT=0,	PRINTQSUM=1,	ALPHA=1.0000,	FREQSCORR=1,	FPRIORMEAN=0.0100,	FPRIORSD=0.0500,	ONEFST=0,	LAMBDA=1.0000,	UNIFPRIORALPHA=1,	ALPHAMAX=10.0000,	ALPHAPRIORA=1.0000,	ALPHAPRIORB=2.0000,	ALPHAPROPSD=0.0250,	STARTATPOPINFO=0,	RANDOMIZE=0,	LINKAGE=0,	METROFREQ=10,	REPORTHITRATE=0,	MARKOVPHASE=0,	PHASED=1,	PLOIDY=2,	PHASEINFO=0	LOCPRIOR=0, 	LOCPRIORINIT=1.000000, 	LOCDATA=0, 	LOCISPOP=1, 	LOCPRIORSTEP=0.100000, 	MAXLOCPRIOR=20.000000, 	SEED=789384,	
[STRAT parameters]:    NUMSIMSTATS=1000,	PHENOTYPECOL=-9,	POOLFREQ=10,	LOCUSxONLY=0,	EMERROR=0.00100,	MISSINGPHENO=-9,	