

----------------------------------------------------
STRUCTURE by Pritchard, Stephens and Donnelly (2000)
     and Falush, Stephens and Pritchard (2003)
       Code by Pritchard, Falush and Hubisz
             Version 2.3.4 (Jul 2012)
----------------------------------------------------



Command line arguments:   structure -D 584478 -K 12 -m mainparams -o k12/temp2_k12_run9 
Input File:    temp2.str

Run parameters:
   486 individuals
   47 loci
   12 populations assumed
   500000 Burn-in period
   750000 Reps
RANDOMIZE turned off


--------------------------------------------
Proportion of membership of each pre-defined
 population in each of the 12 clusters

Given    Inferred Clusters                                                                      Number of
 Pop       1      2      3      4      5      6      7      8      9     10     11     12      Individuals

  1:     0.856  0.007  0.009  0.003  0.010  0.032  0.010  0.010  0.035  0.004  0.010  0.012       63
  2:     0.062  0.006  0.004  0.002  0.006  0.012  0.006  0.006  0.873  0.006  0.008  0.008       20
  3:     0.003  0.007  0.004  0.951  0.005  0.004  0.004  0.004  0.003  0.007  0.004  0.004       36
  4:     0.657  0.011  0.006  0.004  0.021  0.110  0.019  0.018  0.095  0.005  0.013  0.041       21
  5:     0.397  0.007  0.005  0.003  0.007  0.507  0.008  0.008  0.036  0.003  0.007  0.011       31
  6:     0.902  0.006  0.004  0.003  0.008  0.017  0.007  0.007  0.026  0.004  0.010  0.006       21
  7:     0.012  0.036  0.011  0.005  0.019  0.010  0.018  0.018  0.010  0.004  0.044  0.813       25
  8:     0.525  0.071  0.011  0.099  0.033  0.108  0.042  0.040  0.020  0.010  0.017  0.024        8
  9:     0.880  0.007  0.005  0.003  0.017  0.012  0.011  0.012  0.017  0.007  0.021  0.008       17
 10:     0.004  0.006  0.949  0.003  0.005  0.004  0.005  0.005  0.006  0.003  0.004  0.006       29
 11:     0.002  0.002  0.002  0.005  0.003  0.002  0.003  0.003  0.002  0.973  0.002  0.003        9
 12:     0.011  0.035  0.014  0.019  0.286  0.016  0.232  0.242  0.009  0.008  0.045  0.084       26
 13:     0.015  0.098  0.012  0.013  0.178  0.014  0.199  0.200  0.013  0.009  0.213  0.035       74
 14:     0.021  0.078  0.013  0.012  0.116  0.012  0.110  0.106  0.011  0.007  0.489  0.025       35
 15:     0.034  0.034  0.009  0.009  0.055  0.016  0.052  0.050  0.013  0.009  0.686  0.034       24
 16:     0.024  0.021  0.026  0.023  0.268  0.014  0.249  0.247  0.012  0.009  0.056  0.051       43
 17:     0.018  0.019  0.009  0.006  0.387  0.014  0.224  0.252  0.034  0.003  0.024  0.011        4
--------------------------------------------

Allele-freq. divergence among pops (Net nucleotide distance),
computed using point estimates of P.

      1       2       3       4       5       6       7       8       9      10      11      12      
 1      -    0.0550  0.0788  0.1375  0.0279  0.0425  0.0272  0.0272  0.0335  0.1371  0.0436  0.0409  
 2   0.0550     -    0.0816  0.1091  0.0287  0.0617  0.0309  0.0308  0.0736  0.1401  0.0378  0.0425  
 3   0.0788  0.0816     -    0.1197  0.0533  0.0939  0.0555  0.0557  0.0935  0.1316  0.0696  0.0592  
 4   0.1375  0.1091  0.1197     -    0.0802  0.1356  0.0818  0.0820  0.1699  0.1112  0.1177  0.1001  
 5   0.0279  0.0287  0.0533  0.0802     -    0.0394  0.0017  0.0016  0.0521  0.0981  0.0156  0.0172  
 6   0.0425  0.0617  0.0939  0.1356  0.0394     -    0.0408  0.0409  0.0678  0.1431  0.0596  0.0556  
 7   0.0272  0.0309  0.0555  0.0818  0.0017  0.0408     -    0.0000  0.0546  0.0998  0.0174  0.0175  
 8   0.0272  0.0308  0.0557  0.0820  0.0016  0.0409  0.0000     -    0.0547  0.1000  0.0175  0.0175  
 9   0.0335  0.0736  0.0935  0.1699  0.0521  0.0678  0.0546  0.0547     -    0.1702  0.0599  0.0641  
10   0.1371  0.1401  0.1316  0.1112  0.0981  0.1431  0.0998  0.1000  0.1702     -    0.1251  0.1045  
11   0.0436  0.0378  0.0696  0.1177  0.0156  0.0596  0.0174  0.0175  0.0599  0.1251     -    0.0322  
12   0.0409  0.0425  0.0592  0.1001  0.0172  0.0556  0.0175  0.0175  0.0641  0.1045  0.0322     -    

Average distances (expected heterozygosity) between individuals in same cluster:
cluster  1  : 0.5497 
cluster  2  : 0.5716 
cluster  3  : 0.5458 
cluster  4  : 0.6342 
cluster  5  : 0.6423 
cluster  6  : 0.5386 
cluster  7  : 0.6339 
cluster  8  : 0.6334 
cluster  9  : 0.4840 
cluster 10  : 0.5345 
cluster 11  : 0.5775 
cluster 12  : 0.6013 

--------------------------------------------
Estimated Ln Prob of Data   = -52023.8
Mean value of ln likelihood = -50459.0
Variance of ln likelihood   = 3129.6
Mean value of alpha         = 0.0336

Mean value of Fst_1         = 0.1333
Mean value of Fst_2         = 0.1542
Mean value of Fst_3         = 0.2101
Mean value of Fst_4         = 0.1829
Mean value of Fst_5         = 0.0142
Mean value of Fst_6         = 0.1803
Mean value of Fst_7         = 0.0270
Mean value of Fst_8         = 0.0275
Mean value of Fst_9         = 0.2169
Mean value of Fst_10         = 0.3057
Mean value of Fst_11         = 0.0757
Mean value of Fst_12         = 0.0813


Inferred ancestry of individuals:
        Label (%Miss) Pop:  Inferred clusters
  1      221    (0)    1 :  0.941 0.003 0.002 0.003 0.005 0.006 0.006 0.006 0.006 0.003 0.007 0.012 
  2      222    (0)    1 :  0.378 0.012 0.010 0.004 0.009 0.521 0.010 0.009 0.029 0.004 0.007 0.007 
  3      223    (0)    1 :  0.931 0.006 0.002 0.004 0.007 0.005 0.011 0.011 0.006 0.003 0.007 0.006 
  4      224    (0)    1 :  0.934 0.004 0.005 0.001 0.003 0.005 0.003 0.003 0.035 0.001 0.002 0.005 
  5      225    (0)    1 :  0.962 0.003 0.004 0.002 0.004 0.005 0.004 0.004 0.005 0.002 0.003 0.003 
  6      226    (0)    1 :  0.943 0.005 0.002 0.001 0.004 0.003 0.007 0.006 0.010 0.005 0.003 0.012 
  7      227    (0)    1 :  0.853 0.005 0.005 0.008 0.013 0.003 0.015 0.015 0.022 0.015 0.005 0.042 
  8      228    (0)    1 :  0.866 0.007 0.005 0.004 0.010 0.006 0.010 0.009 0.059 0.003 0.013 0.007 
  9      234    (0)    1 :  0.953 0.004 0.002 0.001 0.004 0.007 0.004 0.004 0.011 0.002 0.004 0.003 
 10      235    (0)    1 :  0.959 0.002 0.002 0.001 0.003 0.007 0.003 0.003 0.009 0.003 0.003 0.003 
 11      236    (0)    1 :  0.946 0.001 0.002 0.001 0.002 0.003 0.002 0.002 0.032 0.002 0.002 0.004 
 12      237    (0)    1 :  0.954 0.004 0.002 0.002 0.004 0.008 0.004 0.004 0.010 0.001 0.004 0.003 
 13      238    (0)    1 :  0.867 0.008 0.013 0.006 0.008 0.036 0.008 0.009 0.012 0.003 0.006 0.024 
 14      239    (0)    1 :  0.502 0.006 0.014 0.002 0.028 0.011 0.044 0.040 0.210 0.006 0.011 0.125 
 15      240    (0)    1 :  0.958 0.003 0.003 0.001 0.004 0.005 0.003 0.003 0.010 0.002 0.003 0.005 
 16      242    (0)    1 :  0.326 0.013 0.002 0.001 0.089 0.259 0.127 0.124 0.016 0.001 0.026 0.015 
 17      243    (0)    1 :  0.785 0.009 0.020 0.002 0.018 0.017 0.014 0.015 0.076 0.014 0.006 0.023 
 18      244    (0)    1 :  0.915 0.003 0.003 0.003 0.007 0.011 0.009 0.009 0.008 0.011 0.002 0.019 
 19      245    (0)    1 :  0.877 0.015 0.008 0.019 0.014 0.003 0.011 0.011 0.010 0.010 0.013 0.011 
 20      246    (0)    1 :  0.952 0.003 0.003 0.003 0.004 0.010 0.003 0.003 0.009 0.004 0.002 0.003 
 21      248    (0)    1 :  0.921 0.003 0.020 0.003 0.006 0.020 0.006 0.007 0.005 0.002 0.003 0.004 
 22      249    (0)    1 :  0.967 0.004 0.002 0.001 0.002 0.002 0.002 0.002 0.010 0.001 0.002 0.004 
 23      250    (0)    1 :  0.592 0.010 0.010 0.006 0.019 0.006 0.016 0.016 0.291 0.005 0.018 0.011 
 24      251    (0)    1 :  0.922 0.003 0.003 0.001 0.005 0.015 0.005 0.005 0.024 0.004 0.010 0.004 
 25      252    (0)    1 :  0.865 0.020 0.045 0.002 0.008 0.003 0.008 0.008 0.020 0.001 0.012 0.007 
 26      253    (0)    1 :  0.556 0.005 0.028 0.018 0.036 0.003 0.028 0.032 0.274 0.004 0.004 0.011 
 27      254    (0)    1 :  0.938 0.004 0.003 0.001 0.005 0.004 0.006 0.006 0.016 0.002 0.004 0.008 
 28      255    (0)    1 :  0.820 0.005 0.005 0.002 0.010 0.101 0.009 0.009 0.006 0.002 0.006 0.024 
 29      256    (0)    1 :  0.901 0.008 0.002 0.004 0.008 0.047 0.007 0.007 0.006 0.002 0.005 0.004 
 30      257    (0)    1 :  0.934 0.004 0.008 0.002 0.007 0.005 0.007 0.007 0.003 0.003 0.008 0.013 
 31      258    (0)    1 :  0.918 0.004 0.003 0.003 0.007 0.014 0.007 0.007 0.013 0.002 0.011 0.010 
 32      259    (0)    1 :  0.837 0.006 0.003 0.002 0.016 0.016 0.014 0.012 0.074 0.002 0.010 0.007 
 33      260    (0)    1 :  0.836 0.004 0.084 0.002 0.005 0.004 0.005 0.005 0.025 0.005 0.004 0.022 
 34      261    (0)    1 :  0.753 0.014 0.012 0.002 0.020 0.006 0.014 0.013 0.035 0.003 0.102 0.026 
 35      262    (0)    1 :  0.957 0.003 0.003 0.001 0.002 0.006 0.002 0.002 0.018 0.001 0.002 0.002 
 36      263    (0)    1 :  0.896 0.006 0.025 0.003 0.005 0.011 0.004 0.005 0.007 0.004 0.004 0.031 
 37      264    (0)    1 :  0.910 0.014 0.003 0.001 0.005 0.012 0.005 0.005 0.032 0.001 0.006 0.007 
 38      265    (0)    1 :  0.873 0.007 0.041 0.001 0.006 0.024 0.005 0.004 0.016 0.002 0.005 0.017 
 39      266    (0)    1 :  0.871 0.003 0.003 0.001 0.004 0.008 0.004 0.004 0.096 0.001 0.003 0.003 
 40      267    (0)    1 :  0.953 0.003 0.001 0.001 0.003 0.018 0.003 0.004 0.005 0.002 0.003 0.003 
 41      268    (0)    1 :  0.831 0.006 0.064 0.001 0.007 0.004 0.008 0.008 0.050 0.008 0.006 0.008 
 42      269    (0)    1 :  0.953 0.003 0.002 0.001 0.003 0.006 0.003 0.003 0.018 0.001 0.003 0.003 
 43      270    (0)    1 :  0.959 0.010 0.002 0.001 0.003 0.003 0.003 0.003 0.005 0.002 0.003 0.005 
 44      271    (0)    1 :  0.854 0.015 0.012 0.007 0.023 0.010 0.020 0.021 0.006 0.003 0.016 0.013 
 45      272    (0)    1 :  0.425 0.023 0.005 0.001 0.032 0.407 0.024 0.019 0.021 0.006 0.027 0.009 
 46      273    (0)    1 :  0.832 0.009 0.003 0.003 0.013 0.012 0.013 0.014 0.036 0.002 0.014 0.048 
 47      274    (0)    1 :  0.950 0.004 0.005 0.002 0.004 0.003 0.004 0.004 0.008 0.003 0.006 0.006 
 48      275    (2)    1 :  0.962 0.003 0.002 0.001 0.003 0.007 0.004 0.004 0.004 0.001 0.004 0.005 
 49      276    (0)    1 :  0.952 0.006 0.004 0.001 0.005 0.004 0.005 0.005 0.006 0.002 0.006 0.004 
 50      277    (0)    1 :  0.860 0.014 0.002 0.001 0.015 0.003 0.011 0.011 0.020 0.001 0.051 0.010 
 51      278    (0)    1 :  0.908 0.004 0.005 0.001 0.008 0.012 0.009 0.010 0.008 0.007 0.022 0.005 
 52      279    (0)    1 :  0.785 0.007 0.003 0.002 0.018 0.022 0.015 0.017 0.115 0.002 0.007 0.007 
 53      280    (0)    1 :  0.865 0.006 0.005 0.002 0.011 0.006 0.011 0.011 0.037 0.003 0.022 0.020 
 54      287    (0)    1 :  0.866 0.007 0.006 0.003 0.017 0.005 0.014 0.013 0.035 0.006 0.009 0.019 
 55      290    (0)    1 :  0.891 0.011 0.003 0.002 0.009 0.040 0.009 0.008 0.007 0.005 0.008 0.008 
 56      291    (0)    1 :  0.891 0.005 0.006 0.002 0.009 0.003 0.007 0.008 0.029 0.004 0.030 0.007 
 57      295    (0)    1 :  0.789 0.004 0.003 0.001 0.005 0.009 0.004 0.004 0.147 0.001 0.027 0.006 
 58      296    (0)    1 :  0.952 0.007 0.004 0.002 0.003 0.007 0.004 0.005 0.007 0.003 0.003 0.003 
 59      872    (2)    1 :  0.751 0.007 0.008 0.004 0.005 0.130 0.005 0.005 0.067 0.006 0.005 0.006 
 60      873    (4)    1 :  0.898 0.022 0.003 0.002 0.011 0.021 0.009 0.008 0.009 0.004 0.003 0.011 
 61      874    (2)    1 :  0.913 0.010 0.003 0.001 0.005 0.014 0.007 0.006 0.022 0.002 0.011 0.006 
 62      875    (0)    1 :  0.934 0.003 0.002 0.003 0.005 0.012 0.005 0.005 0.008 0.014 0.004 0.005 
 63      876    (6)    1 :  0.907 0.008 0.012 0.002 0.008 0.004 0.011 0.011 0.007 0.001 0.010 0.019 
 64      212    (0)   10 :  0.002 0.003 0.973 0.001 0.002 0.003 0.003 0.003 0.002 0.001 0.004 0.002 
 65      213    (0)   10 :  0.006 0.005 0.958 0.002 0.004 0.002 0.005 0.005 0.002 0.003 0.006 0.003 
 66      214    (0)   10 :  0.004 0.003 0.955 0.003 0.005 0.006 0.006 0.006 0.002 0.001 0.004 0.006 
 67      215    (0)   10 :  0.005 0.003 0.957 0.002 0.004 0.004 0.004 0.004 0.005 0.003 0.005 0.004 
 68      216    (0)   10 :  0.004 0.004 0.963 0.001 0.003 0.002 0.003 0.003 0.009 0.002 0.004 0.003 
 69      217    (0)   10 :  0.004 0.006 0.951 0.002 0.005 0.004 0.006 0.006 0.006 0.002 0.004 0.003 
 70      218    (0)   10 :  0.003 0.003 0.969 0.003 0.003 0.002 0.003 0.003 0.005 0.002 0.003 0.003 
 71      332    (0)   10 :  0.009 0.031 0.879 0.003 0.007 0.007 0.010 0.009 0.013 0.005 0.010 0.017 
 72      333    (0)   10 :  0.010 0.007 0.867 0.008 0.014 0.015 0.012 0.011 0.014 0.010 0.006 0.027 
 73      334    (0)   10 :  0.005 0.007 0.934 0.002 0.004 0.002 0.004 0.004 0.024 0.003 0.004 0.006 
 74      335    (0)   10 :  0.002 0.002 0.972 0.002 0.003 0.002 0.003 0.003 0.003 0.002 0.004 0.003 
 75      336    (0)   10 :  0.003 0.004 0.957 0.002 0.002 0.005 0.002 0.002 0.003 0.013 0.002 0.004 
 76      337    (0)   10 :  0.007 0.003 0.938 0.003 0.005 0.008 0.005 0.005 0.013 0.002 0.003 0.009 
 77      673    (0)   10 :  0.002 0.001 0.984 0.001 0.001 0.001 0.001 0.001 0.002 0.001 0.002 0.002 
 78      674    (0)   10 :  0.003 0.012 0.950 0.002 0.005 0.005 0.004 0.004 0.004 0.002 0.004 0.005 
 79      675    (0)   10 :  0.003 0.004 0.958 0.002 0.004 0.002 0.004 0.004 0.003 0.005 0.006 0.005 
 80      676    (0)   10 :  0.003 0.006 0.953 0.002 0.004 0.002 0.006 0.006 0.003 0.001 0.008 0.005 
 81      677    (0)   10 :  0.005 0.002 0.958 0.002 0.003 0.002 0.004 0.004 0.011 0.002 0.003 0.004 
 82      678    (0)   10 :  0.009 0.003 0.917 0.004 0.013 0.012 0.011 0.010 0.006 0.004 0.008 0.004 
 83      679    (0)   10 :  0.004 0.017 0.911 0.030 0.007 0.002 0.006 0.006 0.007 0.002 0.003 0.007 
 84      680    (0)   10 :  0.004 0.009 0.936 0.002 0.005 0.003 0.005 0.004 0.010 0.005 0.006 0.012 
 85      681    (0)   10 :  0.005 0.005 0.946 0.002 0.005 0.003 0.006 0.006 0.010 0.002 0.004 0.006 
 86      682    (0)   10 :  0.002 0.002 0.976 0.002 0.002 0.002 0.002 0.002 0.002 0.003 0.002 0.002 
 87      683    (0)   10 :  0.004 0.005 0.945 0.002 0.006 0.003 0.005 0.005 0.013 0.002 0.004 0.007 
 88      684    (0)   10 :  0.002 0.004 0.957 0.002 0.005 0.003 0.005 0.005 0.003 0.003 0.005 0.006 
 89      685    (0)   10 :  0.003 0.003 0.950 0.004 0.006 0.007 0.005 0.005 0.002 0.003 0.003 0.008 
 90      686    (0)   10 :  0.002 0.002 0.974 0.004 0.002 0.002 0.002 0.002 0.002 0.003 0.002 0.002 
 91      687    (0)   10 :  0.002 0.002 0.977 0.001 0.002 0.002 0.002 0.002 0.002 0.002 0.003 0.003 
 92      688    (0)   10 :  0.007 0.005 0.954 0.001 0.003 0.004 0.004 0.003 0.003 0.002 0.007 0.005 
 93      070    (0)   11 :  0.002 0.002 0.002 0.007 0.005 0.003 0.004 0.004 0.002 0.963 0.002 0.003 
 94      071    (0)   11 :  0.002 0.002 0.006 0.001 0.003 0.002 0.003 0.003 0.002 0.968 0.003 0.004 
 95      072    (0)   11 :  0.002 0.001 0.001 0.005 0.002 0.002 0.002 0.002 0.001 0.979 0.002 0.002 
 96      151    (0)   11 :  0.001 0.001 0.001 0.002 0.001 0.001 0.001 0.001 0.001 0.983 0.002 0.002 
 97      152    (0)   11 :  0.003 0.003 0.002 0.002 0.006 0.002 0.005 0.005 0.003 0.962 0.004 0.004 
 98      153    (2)   11 :  0.001 0.001 0.001 0.002 0.001 0.002 0.001 0.001 0.001 0.984 0.001 0.002 
 99      788    (4)   11 :  0.002 0.002 0.002 0.024 0.003 0.001 0.002 0.002 0.003 0.954 0.003 0.002 
100      789    (2)   11 :  0.002 0.001 0.003 0.002 0.002 0.002 0.002 0.002 0.002 0.979 0.002 0.002 
101      790    (0)   11 :  0.002 0.001 0.001 0.001 0.002 0.002 0.002 0.002 0.002 0.981 0.001 0.002 
102      010    (0)   12 :  0.006 0.010 0.004 0.010 0.405 0.007 0.237 0.300 0.003 0.002 0.005 0.010 
103      024    (0)   12 :  0.007 0.010 0.011 0.043 0.382 0.007 0.270 0.218 0.006 0.006 0.029 0.012 
104      051    (0)   12 :  0.005 0.011 0.008 0.053 0.209 0.007 0.149 0.171 0.005 0.012 0.006 0.363 
105      090    (0)   12 :  0.007 0.018 0.005 0.020 0.359 0.008 0.228 0.270 0.005 0.006 0.012 0.061 
106      102    (0)   12 :  0.030 0.025 0.003 0.002 0.307 0.033 0.193 0.216 0.014 0.002 0.155 0.021 
107      111    (0)   12 :  0.008 0.007 0.004 0.004 0.315 0.025 0.298 0.306 0.004 0.002 0.014 0.014 
108      113    (0)   12 :  0.005 0.015 0.005 0.006 0.282 0.036 0.242 0.230 0.006 0.006 0.053 0.114 
109      138    (0)   12 :  0.010 0.004 0.072 0.005 0.088 0.003 0.356 0.385 0.003 0.042 0.010 0.020 
110      150    (0)   12 :  0.032 0.031 0.004 0.028 0.044 0.008 0.140 0.146 0.007 0.013 0.435 0.113 
111      173    (2)   12 :  0.005 0.045 0.013 0.025 0.246 0.007 0.142 0.116 0.011 0.019 0.047 0.325 
112      174    (2)   12 :  0.008 0.005 0.004 0.029 0.255 0.032 0.299 0.315 0.005 0.024 0.005 0.018 
113      175    (0)   12 :  0.003 0.009 0.003 0.076 0.364 0.013 0.238 0.225 0.002 0.006 0.010 0.052 
114      176    (0)   12 :  0.016 0.005 0.010 0.004 0.426 0.016 0.275 0.215 0.012 0.005 0.009 0.007 
115      177    (0)   12 :  0.003 0.005 0.002 0.010 0.188 0.009 0.161 0.138 0.003 0.003 0.020 0.457 
116      180    (0)   12 :  0.030 0.005 0.007 0.002 0.217 0.121 0.200 0.206 0.013 0.004 0.006 0.192 
117      184    (0)   12 :  0.005 0.083 0.005 0.008 0.118 0.004 0.346 0.360 0.009 0.014 0.030 0.018 
118      195    (0)   12 :  0.005 0.009 0.014 0.007 0.442 0.004 0.194 0.273 0.013 0.005 0.016 0.018 
119      198    (0)   12 :  0.015 0.005 0.007 0.008 0.205 0.016 0.346 0.359 0.005 0.003 0.008 0.023 
120      203    (0)   12 :  0.006 0.026 0.005 0.002 0.413 0.010 0.209 0.287 0.010 0.009 0.011 0.012 
121      211    (0)   12 :  0.021 0.006 0.084 0.004 0.350 0.005 0.272 0.188 0.037 0.003 0.023 0.009 
122      220    (0)   12 :  0.005 0.048 0.010 0.005 0.281 0.011 0.186 0.204 0.003 0.002 0.115 0.131 
123      233    (0)   12 :  0.008 0.013 0.038 0.002 0.388 0.004 0.188 0.190 0.018 0.005 0.120 0.025 
124      331    (0)   12 :  0.006 0.013 0.005 0.024 0.375 0.006 0.210 0.304 0.007 0.007 0.009 0.034 
125      349    (0)   12 :  0.011 0.483 0.006 0.105 0.132 0.011 0.063 0.071 0.004 0.007 0.010 0.098 
126      410    (0)   12 :  0.009 0.007 0.027 0.006 0.294 0.012 0.311 0.301 0.004 0.003 0.004 0.023 
127      417    (2)   12 :  0.027 0.011 0.005 0.005 0.349 0.006 0.268 0.296 0.017 0.002 0.008 0.007 
128      421    (0)   13 :  0.012 0.006 0.005 0.001 0.008 0.003 0.009 0.009 0.009 0.002 0.931 0.005 
129      423    (0)   13 :  0.005 0.056 0.002 0.008 0.396 0.010 0.232 0.260 0.004 0.008 0.005 0.014 
130      424    (0)   13 :  0.015 0.009 0.002 0.012 0.087 0.035 0.142 0.138 0.015 0.002 0.008 0.533 
131      433    (0)   13 :  0.004 0.012 0.016 0.013 0.111 0.004 0.213 0.195 0.004 0.002 0.418 0.008 
132      462    (0)   13 :  0.011 0.033 0.024 0.006 0.237 0.009 0.216 0.194 0.003 0.002 0.145 0.120 
133      463    (0)   13 :  0.025 0.168 0.003 0.032 0.268 0.005 0.225 0.245 0.007 0.003 0.009 0.009 
134      467    (0)   13 :  0.011 0.017 0.013 0.008 0.013 0.004 0.010 0.010 0.064 0.007 0.830 0.013 
135      468    (0)   13 :  0.019 0.886 0.002 0.002 0.008 0.006 0.007 0.007 0.011 0.003 0.041 0.008 
136      469    (0)   13 :  0.079 0.007 0.002 0.003 0.136 0.012 0.141 0.134 0.010 0.002 0.465 0.009 
137      472    (0)   13 :  0.008 0.009 0.007 0.020 0.471 0.002 0.259 0.181 0.011 0.004 0.017 0.011 
138      473    (0)   13 :  0.003 0.824 0.009 0.014 0.045 0.005 0.035 0.037 0.008 0.003 0.009 0.008 
139      474    (0)   13 :  0.015 0.821 0.021 0.002 0.007 0.003 0.016 0.020 0.013 0.002 0.071 0.008 
140      475    (0)   13 :  0.004 0.033 0.003 0.012 0.174 0.006 0.123 0.157 0.003 0.003 0.469 0.013 
141      476    (2)   13 :  0.004 0.826 0.016 0.022 0.011 0.007 0.009 0.009 0.004 0.017 0.068 0.007 
142      477    (0)   13 :  0.010 0.027 0.019 0.009 0.473 0.005 0.204 0.217 0.003 0.004 0.021 0.007 
143      478    (0)   13 :  0.009 0.005 0.002 0.002 0.378 0.074 0.214 0.200 0.044 0.002 0.050 0.019 
144      479    (0)   13 :  0.021 0.011 0.003 0.001 0.017 0.004 0.358 0.365 0.011 0.003 0.195 0.011 
145      480    (0)   13 :  0.003 0.011 0.002 0.002 0.006 0.004 0.006 0.006 0.003 0.002 0.950 0.005 
146      481    (0)   13 :  0.006 0.020 0.003 0.008 0.288 0.010 0.278 0.277 0.008 0.037 0.046 0.018 
147      482    (0)   13 :  0.006 0.005 0.046 0.005 0.300 0.005 0.270 0.275 0.004 0.002 0.068 0.014 
148      489    (0)   13 :  0.006 0.018 0.015 0.030 0.358 0.006 0.249 0.245 0.003 0.004 0.056 0.009 
149      490    (0)   13 :  0.018 0.005 0.003 0.006 0.026 0.008 0.448 0.451 0.008 0.003 0.009 0.016 
150      491    (0)   13 :  0.006 0.019 0.135 0.001 0.271 0.005 0.213 0.199 0.004 0.010 0.019 0.119 
151      492    (0)   13 :  0.011 0.751 0.013 0.019 0.030 0.029 0.023 0.024 0.015 0.005 0.069 0.010 
152      493    (0)   13 :  0.014 0.067 0.007 0.020 0.248 0.005 0.135 0.125 0.032 0.011 0.308 0.029 
153      494    (0)   13 :  0.005 0.016 0.043 0.023 0.113 0.004 0.263 0.279 0.004 0.022 0.208 0.019 
154      498    (0)   13 :  0.024 0.108 0.004 0.010 0.303 0.014 0.266 0.234 0.011 0.007 0.012 0.007 
155      499    (0)   13 :  0.008 0.009 0.006 0.006 0.379 0.005 0.227 0.276 0.012 0.003 0.013 0.055 
156      709    (0)   13 :  0.011 0.012 0.011 0.016 0.263 0.011 0.260 0.300 0.007 0.081 0.016 0.012 
157      710    (4)   13 :  0.009 0.014 0.002 0.054 0.363 0.004 0.148 0.189 0.005 0.005 0.202 0.004 
158      711    (2)   13 :  0.014 0.008 0.004 0.003 0.327 0.066 0.187 0.205 0.049 0.006 0.015 0.115 
159      712    (4)   13 :  0.008 0.004 0.003 0.002 0.010 0.008 0.470 0.471 0.005 0.002 0.008 0.010 
160      713    (0)   13 :  0.006 0.020 0.008 0.025 0.418 0.005 0.223 0.276 0.003 0.003 0.004 0.008 
161      714    (2)   13 :  0.011 0.136 0.002 0.007 0.025 0.007 0.017 0.015 0.005 0.014 0.744 0.018 
162      715    (4)   13 :  0.023 0.004 0.038 0.004 0.014 0.012 0.020 0.016 0.103 0.011 0.734 0.022 
163      716    (0)   13 :  0.003 0.011 0.003 0.002 0.015 0.004 0.016 0.016 0.005 0.003 0.917 0.005 
164      717    (2)   13 :  0.006 0.011 0.015 0.007 0.190 0.192 0.096 0.124 0.009 0.003 0.336 0.011 
165      718    (4)   13 :  0.018 0.008 0.002 0.003 0.020 0.005 0.446 0.460 0.004 0.002 0.018 0.014 
166      719    (0)   13 :  0.004 0.003 0.002 0.002 0.004 0.002 0.004 0.004 0.003 0.002 0.968 0.003 
167      720    (2)   13 :  0.009 0.016 0.009 0.006 0.036 0.006 0.017 0.019 0.007 0.002 0.864 0.011 
168      721    (0)   13 :  0.007 0.261 0.007 0.007 0.193 0.006 0.128 0.136 0.005 0.031 0.192 0.028 
169      722    (4)   13 :  0.010 0.019 0.002 0.001 0.005 0.006 0.005 0.005 0.016 0.002 0.923 0.005 
170      723    (0)   13 :  0.004 0.005 0.007 0.003 0.024 0.008 0.018 0.015 0.003 0.007 0.903 0.004 
171      724    (0)   13 :  0.028 0.032 0.009 0.029 0.025 0.012 0.014 0.014 0.036 0.005 0.789 0.007 
172      725    (0)   13 :  0.005 0.009 0.010 0.016 0.427 0.010 0.267 0.209 0.004 0.003 0.025 0.012 
173      726    (0)   13 :  0.004 0.214 0.006 0.014 0.288 0.003 0.154 0.171 0.006 0.007 0.122 0.012 
174      727    (0)   13 :  0.005 0.039 0.013 0.002 0.285 0.003 0.311 0.264 0.007 0.008 0.043 0.019 
175      728    (2)   13 :  0.009 0.005 0.006 0.006 0.430 0.016 0.225 0.181 0.006 0.090 0.013 0.013 
176      729    (6)   13 :  0.007 0.005 0.004 0.004 0.443 0.006 0.237 0.207 0.004 0.005 0.052 0.026 
177      730    (2)   13 :  0.011 0.003 0.004 0.003 0.043 0.008 0.443 0.430 0.006 0.006 0.028 0.014 
178      731    (2)   13 :  0.008 0.005 0.002 0.003 0.019 0.003 0.469 0.475 0.003 0.002 0.005 0.005 
179      732    (0)   13 :  0.008 0.019 0.006 0.010 0.406 0.012 0.231 0.158 0.022 0.002 0.110 0.015 
180      733    (0)   13 :  0.028 0.005 0.003 0.015 0.300 0.011 0.238 0.255 0.005 0.005 0.114 0.020 
181      734    (2)   13 :  0.009 0.006 0.089 0.043 0.231 0.008 0.195 0.165 0.009 0.009 0.034 0.202 
182      735    (4)   13 :  0.006 0.029 0.008 0.002 0.349 0.009 0.246 0.286 0.003 0.003 0.027 0.033 
183      736    (2)   13 :  0.004 0.006 0.022 0.009 0.198 0.004 0.339 0.370 0.003 0.016 0.007 0.022 
184      737    (0)   13 :  0.011 0.017 0.003 0.003 0.038 0.027 0.433 0.434 0.006 0.010 0.004 0.014 
185      738    (2)   13 :  0.007 0.005 0.005 0.005 0.132 0.005 0.387 0.357 0.010 0.003 0.008 0.076 
186      739    (8)   13 :  0.011 0.010 0.006 0.002 0.043 0.004 0.440 0.430 0.003 0.013 0.025 0.012 
187      740    (4)   13 :  0.007 0.004 0.003 0.006 0.057 0.005 0.409 0.421 0.004 0.002 0.080 0.004 
188      741    (2)   13 :  0.070 0.026 0.031 0.014 0.155 0.098 0.211 0.209 0.056 0.002 0.113 0.014 
189      742    (4)   13 :  0.011 0.006 0.005 0.007 0.142 0.017 0.354 0.346 0.006 0.006 0.012 0.088 
190      743    (2)   13 :  0.005 0.004 0.009 0.003 0.009 0.005 0.008 0.008 0.004 0.002 0.937 0.006 
191      744    (0)   13 :  0.005 0.007 0.004 0.109 0.232 0.005 0.189 0.172 0.008 0.021 0.240 0.007 
192      745    (0)   13 :  0.051 0.010 0.005 0.003 0.174 0.019 0.094 0.118 0.033 0.016 0.468 0.008 
193      746    (2)   13 :  0.005 0.006 0.005 0.005 0.183 0.047 0.353 0.368 0.004 0.004 0.008 0.012 
194      747    (2)   13 :  0.032 0.011 0.020 0.004 0.120 0.007 0.346 0.376 0.012 0.006 0.009 0.057 
195      748    (0)   13 :  0.143 0.475 0.016 0.012 0.095 0.022 0.053 0.054 0.056 0.006 0.006 0.062 
196      749    (2)   13 :  0.026 0.004 0.021 0.180 0.209 0.016 0.109 0.121 0.020 0.009 0.016 0.270 
197      750    (4)   13 :  0.011 0.005 0.005 0.014 0.313 0.030 0.290 0.287 0.008 0.005 0.014 0.017 
198      751    (0)   13 :  0.013 0.011 0.007 0.002 0.375 0.009 0.209 0.214 0.010 0.017 0.016 0.117 
199      752    (2)   13 :  0.011 0.883 0.002 0.002 0.006 0.003 0.010 0.010 0.006 0.002 0.060 0.005 
200      753    (4)   13 :  0.022 0.068 0.033 0.004 0.360 0.006 0.165 0.212 0.051 0.011 0.029 0.039 
201      754    (2)   13 :  0.003 0.003 0.003 0.005 0.009 0.003 0.476 0.483 0.003 0.003 0.004 0.004 
202      155    (0)   14 :  0.034 0.017 0.038 0.012 0.390 0.006 0.256 0.216 0.005 0.004 0.014 0.009 
203      156    (2)   14 :  0.014 0.004 0.005 0.011 0.362 0.007 0.250 0.217 0.008 0.096 0.014 0.011 
204      157    (2)   14 :  0.004 0.012 0.010 0.033 0.024 0.006 0.442 0.443 0.005 0.002 0.011 0.008 
205      158    (0)   14 :  0.008 0.004 0.007 0.005 0.427 0.010 0.263 0.198 0.005 0.004 0.022 0.048 
206      159    (0)   14 :  0.033 0.014 0.003 0.013 0.363 0.008 0.276 0.253 0.006 0.008 0.013 0.010 
207      160    (0)   14 :  0.014 0.058 0.007 0.002 0.050 0.003 0.300 0.326 0.013 0.003 0.170 0.053 
208      161    (0)   14 :  0.008 0.012 0.008 0.233 0.071 0.003 0.296 0.290 0.004 0.003 0.060 0.011 
209      162    (0)   14 :  0.007 0.028 0.006 0.003 0.274 0.009 0.159 0.188 0.008 0.007 0.287 0.025 
210      163    (2)   14 :  0.004 0.006 0.003 0.004 0.299 0.008 0.288 0.272 0.003 0.009 0.007 0.096 
211      164    (0)   14 :  0.049 0.044 0.018 0.017 0.376 0.012 0.206 0.228 0.015 0.002 0.018 0.015 
212      165    (2)   14 :  0.006 0.008 0.005 0.020 0.421 0.007 0.290 0.219 0.010 0.004 0.006 0.004 
213      427    (0)   14 :  0.008 0.005 0.062 0.003 0.012 0.002 0.009 0.010 0.004 0.009 0.866 0.011 
214      428    (0)   14 :  0.008 0.012 0.004 0.002 0.011 0.004 0.006 0.006 0.027 0.003 0.895 0.022 
215      429    (0)   14 :  0.004 0.005 0.003 0.002 0.007 0.007 0.005 0.005 0.005 0.003 0.947 0.005 
216      430    (0)   14 :  0.026 0.201 0.004 0.007 0.231 0.042 0.149 0.167 0.017 0.002 0.041 0.112 
217      431    (0)   14 :  0.029 0.007 0.003 0.003 0.014 0.020 0.014 0.016 0.040 0.002 0.841 0.011 
218      435    (0)   14 :  0.003 0.008 0.002 0.001 0.004 0.003 0.004 0.004 0.003 0.002 0.963 0.004 
219      436    (0)   14 :  0.008 0.017 0.004 0.003 0.006 0.003 0.006 0.006 0.005 0.002 0.937 0.004 
220      437    (0)   14 :  0.058 0.038 0.004 0.003 0.027 0.005 0.021 0.018 0.055 0.002 0.764 0.005 
221      438    (0)   14 :  0.059 0.052 0.002 0.003 0.047 0.015 0.028 0.028 0.011 0.006 0.733 0.016 
222      439    (0)   14 :  0.014 0.054 0.004 0.002 0.090 0.041 0.130 0.132 0.005 0.006 0.503 0.018 
223      441    (0)   14 :  0.003 0.964 0.002 0.002 0.003 0.007 0.002 0.002 0.005 0.001 0.006 0.003 
224      442    (0)   14 :  0.008 0.009 0.178 0.002 0.016 0.003 0.008 0.009 0.011 0.006 0.738 0.013 
225      443    (4)   14 :  0.012 0.011 0.002 0.002 0.008 0.004 0.012 0.013 0.007 0.003 0.912 0.014 
226      444    (4)   14 :  0.008 0.003 0.010 0.005 0.006 0.003 0.005 0.005 0.004 0.005 0.941 0.006 
227      445    (2)   14 :  0.055 0.020 0.003 0.003 0.226 0.004 0.076 0.090 0.022 0.008 0.487 0.005 
228      446    (0)   14 :  0.003 0.003 0.005 0.003 0.005 0.003 0.005 0.005 0.002 0.003 0.957 0.006 
229      447    (0)   14 :  0.010 0.004 0.004 0.001 0.009 0.003 0.009 0.010 0.026 0.004 0.915 0.006 
230      449    (0)   14 :  0.007 0.003 0.005 0.002 0.003 0.004 0.003 0.003 0.003 0.002 0.960 0.003 
231      460    (0)   14 :  0.018 0.050 0.005 0.005 0.022 0.006 0.013 0.015 0.008 0.003 0.848 0.007 
232      461    (0)   14 :  0.029 0.014 0.009 0.006 0.075 0.015 0.152 0.152 0.013 0.002 0.480 0.052 
233      484    (0)   14 :  0.177 0.011 0.014 0.004 0.098 0.147 0.111 0.096 0.025 0.008 0.052 0.256 
234      485    (0)   14 :  0.004 0.008 0.004 0.002 0.008 0.003 0.009 0.009 0.004 0.001 0.945 0.003 
235      486    (0)   14 :  0.002 0.981 0.002 0.001 0.002 0.003 0.002 0.002 0.002 0.001 0.002 0.002 
236      487    (0)   14 :  0.005 0.029 0.010 0.003 0.070 0.009 0.046 0.056 0.007 0.003 0.745 0.017 
237      178    (0)   15 :  0.004 0.064 0.006 0.015 0.099 0.003 0.066 0.071 0.005 0.010 0.645 0.013 
238      422    (0)   15 :  0.009 0.003 0.003 0.001 0.006 0.005 0.010 0.010 0.008 0.003 0.937 0.005 
239      425    (0)   15 :  0.004 0.016 0.003 0.002 0.017 0.003 0.017 0.016 0.014 0.001 0.896 0.008 
240      426    (0)   15 :  0.003 0.008 0.022 0.030 0.134 0.004 0.102 0.100 0.007 0.113 0.059 0.418 
241      432    (0)   15 :  0.013 0.013 0.011 0.006 0.174 0.013 0.098 0.100 0.011 0.011 0.490 0.061 
242      434    (0)   15 :  0.005 0.004 0.005 0.002 0.004 0.011 0.005 0.005 0.009 0.003 0.942 0.006 
243      440    (0)   15 :  0.004 0.034 0.016 0.003 0.127 0.009 0.065 0.063 0.004 0.002 0.627 0.046 
244      448    (2)   15 :  0.017 0.006 0.020 0.002 0.006 0.018 0.006 0.007 0.004 0.002 0.904 0.009 
245      456    (0)   15 :  0.052 0.007 0.010 0.003 0.238 0.104 0.153 0.106 0.041 0.003 0.254 0.029 
246      457    (0)   15 :  0.020 0.060 0.005 0.003 0.096 0.025 0.052 0.061 0.017 0.006 0.632 0.022 
247      458    (0)   15 :  0.009 0.032 0.018 0.004 0.144 0.004 0.236 0.219 0.058 0.006 0.209 0.060 
248      459    (0)   15 :  0.006 0.006 0.004 0.004 0.014 0.004 0.014 0.013 0.007 0.003 0.911 0.012 
249      464    (0)   15 :  0.003 0.012 0.006 0.009 0.009 0.003 0.008 0.008 0.005 0.005 0.927 0.004 
250      465    (0)   15 :  0.004 0.030 0.002 0.003 0.016 0.008 0.030 0.030 0.004 0.001 0.866 0.005 
251      466    (0)   15 :  0.015 0.010 0.004 0.002 0.034 0.005 0.020 0.019 0.061 0.001 0.821 0.008 
252      470    (0)   15 :  0.003 0.061 0.004 0.003 0.006 0.005 0.007 0.007 0.002 0.002 0.893 0.008 
253      471    (0)   15 :  0.006 0.006 0.003 0.003 0.016 0.023 0.011 0.012 0.010 0.017 0.858 0.035 
254      483    (0)   15 :  0.005 0.005 0.011 0.011 0.019 0.005 0.030 0.025 0.004 0.003 0.864 0.018 
255      488    (0)   15 :  0.024 0.306 0.007 0.002 0.054 0.004 0.163 0.179 0.012 0.003 0.231 0.017 
256      495    (0)   15 :  0.011 0.005 0.003 0.003 0.007 0.017 0.013 0.014 0.004 0.001 0.914 0.007 
257      496    (0)   15 :  0.003 0.068 0.002 0.004 0.018 0.006 0.043 0.042 0.002 0.003 0.803 0.006 
258      497    (0)   15 :  0.006 0.004 0.031 0.005 0.014 0.098 0.009 0.010 0.004 0.003 0.812 0.003 
259      500    (0)   15 :  0.586 0.041 0.003 0.086 0.058 0.013 0.069 0.070 0.015 0.004 0.046 0.008 
260      879    (0)   15 :  0.004 0.006 0.014 0.005 0.009 0.003 0.011 0.010 0.004 0.003 0.913 0.018 
261      036    (0)   16 :  0.006 0.006 0.002 0.003 0.439 0.004 0.298 0.209 0.005 0.004 0.018 0.006 
262      063    (2)   16 :  0.013 0.019 0.015 0.003 0.334 0.036 0.273 0.227 0.008 0.004 0.028 0.040 
263      094    (4)   16 :  0.086 0.013 0.008 0.011 0.091 0.009 0.349 0.373 0.012 0.005 0.028 0.015 
264      103    (4)   16 :  0.004 0.009 0.005 0.013 0.412 0.034 0.287 0.216 0.008 0.003 0.007 0.003 
265      112    (0)   16 :  0.008 0.010 0.006 0.007 0.191 0.007 0.332 0.375 0.003 0.004 0.006 0.051 
266      114    (2)   16 :  0.005 0.015 0.004 0.003 0.348 0.004 0.283 0.288 0.004 0.002 0.039 0.005 
267      120    (0)   16 :  0.014 0.011 0.004 0.003 0.020 0.005 0.452 0.455 0.012 0.002 0.008 0.014 
268      127    (2)   16 :  0.007 0.239 0.007 0.007 0.204 0.004 0.168 0.167 0.010 0.003 0.008 0.176 
269      147    (0)   16 :  0.003 0.009 0.007 0.009 0.207 0.006 0.155 0.129 0.003 0.062 0.020 0.390 
270      166    (0)   16 :  0.006 0.009 0.017 0.070 0.253 0.013 0.233 0.209 0.007 0.025 0.042 0.117 
271      167    (0)   16 :  0.007 0.021 0.005 0.007 0.264 0.112 0.165 0.191 0.008 0.006 0.206 0.008 
272      168    (0)   16 :  0.005 0.004 0.004 0.014 0.443 0.004 0.225 0.274 0.005 0.003 0.014 0.004 
273      169    (2)   16 :  0.010 0.010 0.005 0.004 0.227 0.006 0.159 0.170 0.008 0.005 0.317 0.078 
274      170    (0)   16 :  0.024 0.025 0.038 0.042 0.310 0.007 0.242 0.256 0.018 0.005 0.012 0.021 
275      171    (2)   16 :  0.040 0.004 0.004 0.005 0.347 0.008 0.250 0.241 0.059 0.011 0.006 0.026 
276      172    (0)   16 :  0.012 0.003 0.004 0.004 0.022 0.010 0.447 0.450 0.014 0.011 0.009 0.013 
277      185    (0)   16 :  0.005 0.011 0.005 0.005 0.353 0.009 0.219 0.249 0.002 0.005 0.106 0.031 
278      199    (2)   16 :  0.008 0.031 0.223 0.011 0.304 0.003 0.168 0.228 0.004 0.005 0.006 0.008 
279      339    (0)   16 :  0.005 0.031 0.008 0.002 0.209 0.025 0.126 0.148 0.012 0.009 0.405 0.020 
280      355    (0)   16 :  0.003 0.004 0.085 0.032 0.335 0.005 0.237 0.269 0.003 0.013 0.004 0.011 
281      356    (0)   16 :  0.004 0.045 0.005 0.136 0.023 0.003 0.373 0.394 0.004 0.003 0.005 0.005 
282      357    (0)   16 :  0.007 0.043 0.018 0.007 0.385 0.004 0.261 0.211 0.013 0.013 0.010 0.028 
283      358    (0)   16 :  0.008 0.018 0.004 0.004 0.426 0.054 0.256 0.185 0.007 0.006 0.013 0.018 
284      359    (0)   16 :  0.004 0.005 0.009 0.005 0.238 0.021 0.344 0.340 0.003 0.002 0.008 0.021 
285      360    (0)   16 :  0.017 0.007 0.005 0.022 0.357 0.003 0.269 0.222 0.011 0.010 0.051 0.026 
286      361    (0)   16 :  0.005 0.006 0.003 0.002 0.022 0.007 0.439 0.441 0.005 0.002 0.055 0.013 
287      362    (0)   16 :  0.147 0.005 0.006 0.014 0.231 0.012 0.182 0.176 0.044 0.005 0.085 0.093 
288      363    (0)   16 :  0.007 0.015 0.046 0.008 0.094 0.009 0.058 0.061 0.004 0.012 0.015 0.672 
289      364    (0)   16 :  0.297 0.068 0.047 0.089 0.168 0.007 0.127 0.121 0.045 0.003 0.010 0.018 
290      365    (0)   16 :  0.049 0.023 0.003 0.088 0.354 0.005 0.219 0.160 0.005 0.008 0.079 0.006 
291      366    (0)   16 :  0.004 0.005 0.003 0.005 0.275 0.015 0.338 0.288 0.003 0.035 0.005 0.025 
292      367    (0)   16 :  0.010 0.026 0.002 0.002 0.405 0.015 0.216 0.292 0.011 0.009 0.006 0.006 
293      368    (0)   16 :  0.044 0.061 0.004 0.070 0.301 0.019 0.239 0.227 0.009 0.013 0.005 0.008 
294      369    (0)   16 :  0.003 0.003 0.004 0.015 0.379 0.005 0.272 0.299 0.002 0.004 0.005 0.008 
295      370    (0)   16 :  0.006 0.006 0.007 0.068 0.088 0.046 0.369 0.361 0.004 0.010 0.018 0.017 
296      371    (0)   16 :  0.021 0.003 0.006 0.002 0.364 0.009 0.276 0.296 0.004 0.003 0.010 0.004 
297      372    (0)   16 :  0.012 0.003 0.332 0.006 0.020 0.003 0.023 0.019 0.010 0.004 0.518 0.050 
298      373    (0)   16 :  0.007 0.004 0.031 0.119 0.338 0.010 0.228 0.195 0.008 0.003 0.052 0.006 
299      380    (0)   16 :  0.026 0.006 0.010 0.013 0.338 0.008 0.263 0.250 0.013 0.006 0.011 0.055 
300      388    (0)   16 :  0.010 0.004 0.021 0.050 0.129 0.013 0.336 0.364 0.027 0.007 0.008 0.031 
301      418    (0)   16 :  0.016 0.025 0.039 0.006 0.475 0.004 0.180 0.194 0.023 0.007 0.013 0.019 
302      419    (0)   16 :  0.006 0.020 0.003 0.006 0.521 0.005 0.183 0.209 0.004 0.005 0.029 0.008 
303      420    (0)   16 :  0.034 0.023 0.066 0.006 0.283 0.010 0.193 0.180 0.039 0.050 0.099 0.018 
304      409    (0)   17 :  0.010 0.010 0.004 0.004 0.385 0.005 0.248 0.286 0.020 0.002 0.017 0.008 
305      414    (0)   17 :  0.010 0.010 0.007 0.003 0.385 0.007 0.227 0.236 0.094 0.002 0.007 0.013 
306      415    (2)   17 :  0.006 0.046 0.014 0.014 0.382 0.010 0.229 0.272 0.006 0.003 0.007 0.011 
307      416    (0)   17 :  0.044 0.011 0.011 0.003 0.395 0.032 0.193 0.213 0.017 0.003 0.064 0.013 
308      571    (0)    2 :  0.412 0.030 0.004 0.002 0.008 0.033 0.007 0.007 0.440 0.004 0.021 0.033 
309      572    (0)    2 :  0.054 0.005 0.002 0.002 0.008 0.081 0.008 0.009 0.807 0.005 0.003 0.015 
310      573    (2)    2 :  0.087 0.003 0.002 0.001 0.004 0.004 0.003 0.004 0.887 0.001 0.002 0.002 
311      574    (0)    2 :  0.026 0.007 0.002 0.006 0.008 0.012 0.007 0.007 0.913 0.002 0.004 0.005 
312      575    (2)    2 :  0.005 0.003 0.003 0.003 0.004 0.003 0.004 0.004 0.953 0.005 0.003 0.012 
313      576    (0)    2 :  0.315 0.003 0.003 0.002 0.004 0.008 0.004 0.003 0.649 0.001 0.003 0.004 
314      577    (0)    2 :  0.003 0.002 0.003 0.001 0.002 0.003 0.002 0.002 0.976 0.001 0.002 0.002 
315      578    (0)    2 :  0.006 0.002 0.003 0.001 0.002 0.002 0.002 0.002 0.976 0.001 0.002 0.002 
316      579    (0)    2 :  0.005 0.002 0.002 0.001 0.002 0.002 0.002 0.002 0.976 0.001 0.003 0.002 
317      580    (0)    2 :  0.007 0.002 0.001 0.001 0.002 0.003 0.002 0.002 0.973 0.001 0.002 0.002 
318      581    (0)    2 :  0.091 0.002 0.002 0.002 0.005 0.010 0.004 0.004 0.857 0.006 0.011 0.004 
319      582    (4)    2 :  0.053 0.003 0.013 0.003 0.015 0.021 0.014 0.014 0.808 0.040 0.009 0.008 
320      583    (0)    2 :  0.004 0.011 0.009 0.002 0.018 0.004 0.016 0.017 0.893 0.007 0.008 0.011 
321      584    (0)    2 :  0.057 0.004 0.010 0.002 0.013 0.008 0.015 0.015 0.818 0.006 0.044 0.008 
322      585    (0)    2 :  0.034 0.007 0.002 0.001 0.005 0.017 0.005 0.005 0.905 0.002 0.007 0.010 
323      586    (2)    2 :  0.013 0.004 0.004 0.001 0.003 0.006 0.003 0.003 0.948 0.004 0.006 0.004 
324      587    (0)    2 :  0.035 0.002 0.002 0.002 0.004 0.009 0.005 0.005 0.927 0.002 0.002 0.004 
325      588    (0)    2 :  0.012 0.006 0.005 0.008 0.009 0.004 0.007 0.007 0.915 0.016 0.004 0.007 
326      589    (0)    2 :  0.010 0.002 0.010 0.003 0.010 0.008 0.008 0.008 0.908 0.005 0.010 0.017 
327      590    (0)    2 :  0.006 0.028 0.004 0.002 0.003 0.008 0.003 0.003 0.926 0.012 0.003 0.002 
328      001    (0)    3 :  0.003 0.002 0.001 0.970 0.004 0.003 0.003 0.003 0.004 0.003 0.002 0.002 
329      005    (0)    3 :  0.001 0.002 0.003 0.976 0.002 0.002 0.002 0.002 0.001 0.005 0.002 0.002 
330      106    (0)    3 :  0.004 0.002 0.002 0.969 0.003 0.002 0.003 0.003 0.005 0.002 0.002 0.003 
331      192    (0)    3 :  0.007 0.004 0.013 0.894 0.021 0.004 0.014 0.014 0.008 0.006 0.005 0.010 
332      229    (0)    3 :  0.003 0.004 0.004 0.905 0.006 0.007 0.005 0.005 0.004 0.043 0.005 0.008 
333      319    (0)    3 :  0.002 0.002 0.002 0.966 0.004 0.003 0.005 0.005 0.002 0.005 0.003 0.002 
334      327    (0)    3 :  0.003 0.002 0.003 0.971 0.003 0.002 0.003 0.004 0.003 0.002 0.002 0.003 
335      340    (0)    3 :  0.003 0.004 0.003 0.961 0.005 0.004 0.004 0.004 0.003 0.004 0.002 0.002 
336      345    (0)    3 :  0.004 0.003 0.003 0.945 0.005 0.004 0.007 0.007 0.003 0.011 0.003 0.005 
337      375    (0)    3 :  0.002 0.003 0.004 0.969 0.003 0.002 0.003 0.003 0.002 0.003 0.002 0.004 
338      501    (4)    3 :  0.002 0.006 0.002 0.968 0.003 0.002 0.003 0.003 0.002 0.003 0.003 0.004 
339      502    (0)    3 :  0.003 0.030 0.003 0.927 0.004 0.004 0.004 0.004 0.004 0.008 0.002 0.007 
340      503    (2)    3 :  0.004 0.004 0.002 0.972 0.002 0.003 0.002 0.002 0.001 0.002 0.001 0.002 
341      504    (0)    3 :  0.002 0.003 0.004 0.949 0.005 0.002 0.004 0.003 0.003 0.015 0.007 0.003 
342      505    (0)    3 :  0.006 0.003 0.004 0.885 0.008 0.012 0.008 0.009 0.005 0.051 0.002 0.007 
343      506    (2)    3 :  0.002 0.004 0.002 0.955 0.006 0.002 0.006 0.006 0.001 0.005 0.004 0.006 
344      507    (4)    3 :  0.002 0.004 0.002 0.968 0.003 0.003 0.003 0.003 0.002 0.004 0.002 0.004 
345      508    (0)    3 :  0.005 0.016 0.002 0.934 0.006 0.006 0.007 0.007 0.003 0.003 0.005 0.006 
346      509    (2)    3 :  0.002 0.003 0.004 0.970 0.003 0.003 0.003 0.003 0.002 0.003 0.002 0.003 
347      510    (2)    3 :  0.002 0.004 0.020 0.941 0.006 0.002 0.004 0.004 0.001 0.003 0.009 0.003 
348      511    (4)    3 :  0.002 0.004 0.002 0.970 0.003 0.002 0.003 0.002 0.004 0.002 0.003 0.002 
349      512    (4)    3 :  0.002 0.002 0.003 0.967 0.003 0.002 0.003 0.003 0.002 0.005 0.003 0.004 
350      513    (0)    3 :  0.002 0.002 0.019 0.949 0.003 0.002 0.003 0.003 0.004 0.007 0.003 0.003 
351      514    (0)    3 :  0.001 0.002 0.002 0.973 0.004 0.002 0.003 0.003 0.001 0.002 0.004 0.002 
352      515    (2)    3 :  0.002 0.003 0.003 0.973 0.002 0.002 0.002 0.002 0.002 0.004 0.002 0.002 
353      516    (2)    3 :  0.003 0.011 0.007 0.946 0.005 0.004 0.004 0.004 0.003 0.004 0.005 0.005 
354      517    (0)    3 :  0.001 0.002 0.002 0.975 0.002 0.001 0.002 0.002 0.001 0.005 0.006 0.002 
355      518    (0)    3 :  0.003 0.005 0.003 0.950 0.006 0.006 0.005 0.006 0.002 0.003 0.004 0.004 
356      519    (0)    3 :  0.003 0.003 0.003 0.970 0.003 0.002 0.003 0.003 0.002 0.002 0.002 0.002 
357      520    (2)    3 :  0.003 0.002 0.006 0.964 0.003 0.002 0.003 0.003 0.005 0.002 0.005 0.003 
358      521    (2)    3 :  0.003 0.002 0.003 0.969 0.002 0.003 0.003 0.003 0.002 0.006 0.002 0.002 
359      522    (0)    3 :  0.007 0.022 0.005 0.923 0.006 0.004 0.006 0.006 0.006 0.001 0.009 0.005 
360      523    (2)    3 :  0.004 0.004 0.002 0.943 0.007 0.008 0.006 0.007 0.006 0.003 0.005 0.004 
361      524    (0)    3 :  0.011 0.071 0.006 0.828 0.011 0.024 0.011 0.011 0.008 0.003 0.007 0.007 
362      525    (0)    3 :  0.002 0.003 0.003 0.977 0.003 0.001 0.003 0.003 0.002 0.001 0.002 0.002 
363      526    (2)    3 :  0.002 0.002 0.002 0.968 0.002 0.002 0.002 0.002 0.001 0.011 0.003 0.002 
364      527    (2)    4 :  0.169 0.046 0.013 0.015 0.015 0.028 0.012 0.011 0.648 0.022 0.012 0.010 
365      528    (4)    4 :  0.236 0.005 0.008 0.002 0.025 0.064 0.029 0.029 0.181 0.003 0.005 0.413 
366      529    (4)    4 :  0.361 0.008 0.004 0.003 0.029 0.013 0.020 0.021 0.358 0.011 0.025 0.148 
367      530    (0)    4 :  0.949 0.003 0.004 0.005 0.005 0.005 0.006 0.006 0.004 0.004 0.003 0.007 
368      531    (2)    4 :  0.899 0.004 0.006 0.004 0.007 0.012 0.008 0.008 0.015 0.005 0.005 0.027 
369      532    (4)    4 :  0.825 0.025 0.002 0.003 0.012 0.015 0.014 0.013 0.008 0.002 0.004 0.076 
370      533    (0)    4 :  0.754 0.005 0.002 0.009 0.059 0.030 0.047 0.041 0.013 0.003 0.020 0.017 
371      534    (2)    4 :  0.936 0.003 0.004 0.002 0.005 0.026 0.004 0.004 0.005 0.002 0.004 0.005 
372      535    (2)    4 :  0.456 0.009 0.002 0.003 0.019 0.015 0.018 0.018 0.404 0.004 0.010 0.042 
373      536    (2)    4 :  0.935 0.004 0.002 0.002 0.005 0.008 0.006 0.006 0.013 0.012 0.005 0.003 
374      537    (2)    4 :  0.954 0.003 0.010 0.002 0.004 0.005 0.004 0.004 0.004 0.002 0.005 0.005 
375      538    (2)    4 :  0.497 0.009 0.004 0.007 0.066 0.091 0.076 0.069 0.147 0.002 0.025 0.007 
376      539    (2)    4 :  0.905 0.008 0.002 0.001 0.004 0.060 0.003 0.003 0.005 0.002 0.002 0.005 
377      540    (2)    4 :  0.920 0.006 0.002 0.001 0.010 0.007 0.011 0.012 0.012 0.001 0.012 0.005 
378      541    (2)    4 :  0.836 0.006 0.003 0.003 0.008 0.045 0.011 0.011 0.009 0.002 0.028 0.037 
379      542    (2)    4 :  0.795 0.009 0.011 0.002 0.020 0.053 0.021 0.020 0.014 0.004 0.036 0.015 
380      543    (0)    4 :  0.760 0.006 0.012 0.004 0.060 0.020 0.038 0.037 0.006 0.002 0.045 0.011 
381      544    (2)    4 :  0.959 0.002 0.002 0.003 0.003 0.011 0.004 0.004 0.006 0.002 0.003 0.003 
382      545    (2)    4 :  0.023 0.013 0.002 0.002 0.007 0.910 0.007 0.007 0.019 0.001 0.005 0.005 
383      546    (4)    4 :  0.011 0.023 0.002 0.001 0.016 0.891 0.012 0.011 0.022 0.002 0.005 0.004 
384      547    (6)    4 :  0.615 0.040 0.035 0.004 0.055 0.012 0.053 0.051 0.091 0.017 0.016 0.011 
385      019    (0)    5 :  0.051 0.003 0.004 0.002 0.007 0.726 0.006 0.007 0.146 0.004 0.027 0.018 
386      064    (0)    5 :  0.035 0.003 0.002 0.001 0.002 0.939 0.002 0.002 0.007 0.001 0.002 0.002 
387      065    (0)    5 :  0.967 0.002 0.001 0.001 0.002 0.013 0.002 0.002 0.003 0.001 0.002 0.002 
388      066    (0)    5 :  0.325 0.011 0.003 0.002 0.010 0.575 0.011 0.011 0.029 0.002 0.017 0.005 
389      067    (0)    5 :  0.013 0.006 0.011 0.005 0.008 0.894 0.006 0.007 0.009 0.007 0.018 0.018 
390      068    (0)    5 :  0.848 0.037 0.026 0.002 0.008 0.023 0.007 0.007 0.018 0.002 0.008 0.013 
391      069    (0)    5 :  0.182 0.020 0.004 0.001 0.006 0.741 0.006 0.006 0.022 0.001 0.005 0.007 
392      107    (0)    5 :  0.353 0.005 0.002 0.001 0.004 0.585 0.004 0.004 0.030 0.001 0.006 0.004 
393      110    (0)    5 :  0.003 0.002 0.001 0.001 0.002 0.970 0.002 0.002 0.004 0.003 0.002 0.007 
394      121    (0)    5 :  0.922 0.003 0.003 0.001 0.004 0.022 0.004 0.004 0.017 0.001 0.005 0.012 
395      137    (0)    5 :  0.011 0.005 0.002 0.002 0.009 0.929 0.008 0.008 0.004 0.009 0.009 0.004 
396      146    (0)    5 :  0.445 0.003 0.003 0.004 0.011 0.451 0.029 0.029 0.012 0.003 0.005 0.006 
397      149    (0)    5 :  0.005 0.002 0.002 0.001 0.004 0.955 0.004 0.004 0.008 0.004 0.006 0.005 
398      154    (0)    5 :  0.184 0.004 0.023 0.003 0.010 0.690 0.007 0.007 0.057 0.002 0.007 0.005 
399      179    (0)    5 :  0.235 0.009 0.004 0.002 0.004 0.504 0.004 0.004 0.223 0.002 0.005 0.004 
400      181    (0)    5 :  0.057 0.002 0.002 0.001 0.004 0.784 0.003 0.003 0.137 0.002 0.002 0.003 
401      182    (0)    5 :  0.818 0.016 0.014 0.004 0.012 0.065 0.012 0.011 0.014 0.003 0.005 0.025 
402      186    (0)    5 :  0.213 0.014 0.004 0.005 0.015 0.581 0.023 0.025 0.014 0.006 0.010 0.090 
403      193    (0)    5 :  0.599 0.004 0.004 0.003 0.007 0.336 0.007 0.006 0.020 0.002 0.007 0.006 
404      320    (0)    5 :  0.055 0.003 0.012 0.001 0.006 0.879 0.009 0.008 0.010 0.003 0.006 0.008 
405      341    (0)    5 :  0.671 0.006 0.004 0.002 0.007 0.095 0.007 0.007 0.181 0.002 0.014 0.004 
406      376    (0)    5 :  0.653 0.012 0.003 0.031 0.011 0.167 0.012 0.011 0.071 0.003 0.005 0.021 
407      395    (0)    5 :  0.441 0.005 0.003 0.001 0.006 0.496 0.006 0.006 0.006 0.005 0.014 0.010 
408      396    (0)    5 :  0.958 0.004 0.002 0.002 0.002 0.017 0.003 0.003 0.003 0.003 0.002 0.002 
409      397    (0)    5 :  0.928 0.002 0.005 0.001 0.004 0.030 0.004 0.004 0.006 0.008 0.003 0.004 
410      398    (0)    5 :  0.646 0.003 0.004 0.002 0.005 0.295 0.006 0.006 0.013 0.004 0.004 0.011 
411      399    (0)    5 :  0.923 0.007 0.004 0.002 0.005 0.007 0.006 0.006 0.023 0.002 0.003 0.012 
412      400    (0)    5 :  0.046 0.010 0.003 0.001 0.007 0.891 0.010 0.010 0.004 0.002 0.003 0.012 
413      401    (0)    5 :  0.132 0.008 0.002 0.004 0.014 0.793 0.012 0.012 0.010 0.003 0.005 0.004 
414      402    (0)    5 :  0.003 0.005 0.003 0.003 0.003 0.964 0.003 0.003 0.003 0.002 0.002 0.006 
415      403    (0)    5 :  0.586 0.009 0.004 0.003 0.008 0.314 0.016 0.017 0.008 0.009 0.011 0.016 
416      073    (0)    6 :  0.960 0.003 0.002 0.002 0.004 0.005 0.004 0.004 0.005 0.002 0.005 0.006 
417      074    (0)    6 :  0.948 0.002 0.004 0.006 0.006 0.004 0.005 0.005 0.012 0.002 0.005 0.002 
418      075    (0)    6 :  0.934 0.004 0.004 0.002 0.005 0.009 0.006 0.006 0.017 0.003 0.005 0.005 
419      076    (0)    6 :  0.938 0.004 0.006 0.003 0.005 0.006 0.005 0.005 0.010 0.004 0.005 0.009 
420      077    (0)    6 :  0.930 0.007 0.009 0.001 0.007 0.010 0.006 0.006 0.007 0.003 0.010 0.005 
421      078    (0)    6 :  0.851 0.004 0.005 0.002 0.028 0.010 0.025 0.022 0.034 0.005 0.008 0.006 
422      079    (0)    6 :  0.914 0.010 0.002 0.002 0.013 0.014 0.009 0.009 0.011 0.001 0.006 0.008 
423      080    (0)    6 :  0.929 0.006 0.016 0.003 0.005 0.005 0.004 0.005 0.012 0.002 0.003 0.010 
424      081    (0)    6 :  0.780 0.005 0.004 0.005 0.012 0.051 0.009 0.009 0.066 0.016 0.034 0.009 
425      082    (0)    6 :  0.950 0.004 0.003 0.001 0.003 0.015 0.003 0.003 0.007 0.002 0.003 0.005 
426      083    (0)    6 :  0.826 0.008 0.002 0.002 0.010 0.042 0.008 0.007 0.083 0.003 0.004 0.006 
427      084    (0)    6 :  0.907 0.003 0.002 0.003 0.005 0.014 0.004 0.004 0.039 0.006 0.011 0.003 
428      085    (0)    6 :  0.762 0.038 0.003 0.002 0.016 0.035 0.016 0.016 0.031 0.014 0.058 0.009 
429      404    (0)    6 :  0.933 0.004 0.003 0.001 0.004 0.010 0.004 0.004 0.023 0.003 0.006 0.005 
430      405    (0)    6 :  0.941 0.002 0.002 0.002 0.005 0.005 0.005 0.005 0.014 0.008 0.008 0.004 
431      406    (0)    6 :  0.935 0.006 0.004 0.004 0.008 0.004 0.007 0.007 0.009 0.007 0.003 0.005 
432      407    (0)    6 :  0.865 0.003 0.003 0.001 0.005 0.090 0.005 0.005 0.011 0.003 0.006 0.003 
433      408    (0)    6 :  0.944 0.003 0.005 0.001 0.005 0.004 0.004 0.004 0.019 0.002 0.005 0.003 
434      411    (2)    6 :  0.948 0.003 0.003 0.001 0.003 0.005 0.003 0.003 0.023 0.002 0.004 0.002 
435      412    (0)    6 :  0.815 0.011 0.007 0.025 0.008 0.008 0.007 0.007 0.081 0.005 0.014 0.013 
436      413    (0)    6 :  0.922 0.002 0.002 0.001 0.005 0.020 0.005 0.005 0.029 0.002 0.005 0.002 
437      591    (0)    7 :  0.005 0.006 0.004 0.014 0.006 0.002 0.006 0.006 0.002 0.006 0.008 0.935 
438      592    (0)    7 :  0.012 0.007 0.006 0.003 0.010 0.004 0.014 0.014 0.010 0.003 0.100 0.818 
439      593    (0)    7 :  0.008 0.005 0.002 0.002 0.007 0.005 0.006 0.006 0.013 0.005 0.006 0.935 
440      594    (0)    7 :  0.045 0.004 0.010 0.003 0.018 0.009 0.022 0.021 0.010 0.004 0.028 0.825 
441      595    (0)    7 :  0.009 0.006 0.011 0.004 0.016 0.014 0.011 0.012 0.006 0.004 0.005 0.903 
442      596    (0)    7 :  0.006 0.006 0.021 0.002 0.006 0.005 0.006 0.006 0.005 0.006 0.005 0.925 
443      597    (0)    7 :  0.025 0.004 0.006 0.001 0.010 0.022 0.010 0.009 0.024 0.002 0.012 0.874 
444      598    (0)    7 :  0.006 0.025 0.029 0.002 0.045 0.030 0.074 0.070 0.009 0.002 0.014 0.695 
445      599    (0)    7 :  0.004 0.005 0.003 0.003 0.007 0.003 0.006 0.005 0.034 0.006 0.127 0.798 
446      600    (0)    7 :  0.004 0.004 0.011 0.002 0.005 0.007 0.005 0.005 0.002 0.004 0.003 0.947 
447      601    (0)    7 :  0.023 0.008 0.002 0.002 0.017 0.023 0.013 0.014 0.008 0.002 0.026 0.861 
448      602    (0)    7 :  0.008 0.009 0.005 0.003 0.012 0.013 0.008 0.008 0.004 0.004 0.009 0.917 
449      603    (0)    7 :  0.009 0.028 0.009 0.003 0.061 0.004 0.035 0.034 0.009 0.008 0.649 0.152 
450      604    (0)    7 :  0.009 0.008 0.008 0.003 0.011 0.007 0.012 0.012 0.009 0.002 0.003 0.916 
451      605    (0)    7 :  0.012 0.005 0.022 0.019 0.022 0.005 0.048 0.046 0.003 0.004 0.008 0.806 
452      606    (0)    7 :  0.003 0.003 0.007 0.004 0.008 0.003 0.010 0.009 0.010 0.017 0.010 0.917 
453      607    (0)    7 :  0.010 0.169 0.010 0.003 0.005 0.011 0.006 0.006 0.003 0.003 0.002 0.773 
454      608    (0)    7 :  0.005 0.018 0.003 0.001 0.005 0.004 0.006 0.006 0.005 0.002 0.009 0.936 
455      609    (0)    7 :  0.004 0.009 0.003 0.002 0.008 0.004 0.007 0.009 0.005 0.004 0.004 0.940 
456      610    (0)    7 :  0.027 0.066 0.010 0.004 0.121 0.007 0.075 0.079 0.006 0.003 0.028 0.575 
457      611    (2)    7 :  0.014 0.021 0.006 0.002 0.009 0.009 0.008 0.009 0.010 0.003 0.003 0.906 
458      612    (0)    7 :  0.012 0.189 0.039 0.004 0.019 0.047 0.014 0.014 0.004 0.002 0.007 0.647 
459      755    (0)    7 :  0.018 0.286 0.049 0.028 0.036 0.010 0.028 0.025 0.021 0.002 0.011 0.487 
460      756    (0)    7 :  0.009 0.013 0.003 0.002 0.006 0.003 0.007 0.006 0.027 0.003 0.009 0.911 
461      757    (0)    7 :  0.009 0.007 0.005 0.003 0.009 0.005 0.010 0.010 0.005 0.002 0.008 0.927 
462      002    (0)    8 :  0.691 0.011 0.002 0.004 0.006 0.253 0.007 0.007 0.008 0.003 0.004 0.005 
463      099    (2)    8 :  0.005 0.015 0.055 0.750 0.037 0.005 0.027 0.029 0.006 0.004 0.056 0.010 
464      641    (2)    8 :  0.184 0.052 0.004 0.021 0.121 0.228 0.101 0.083 0.085 0.018 0.012 0.092 
465      642    (0)    8 :  0.922 0.006 0.003 0.003 0.006 0.004 0.009 0.007 0.011 0.002 0.011 0.015 
466      643    (2)    8 :  0.900 0.006 0.003 0.004 0.009 0.005 0.017 0.017 0.007 0.002 0.015 0.017 
467      644    (0)    8 :  0.910 0.008 0.009 0.003 0.006 0.015 0.009 0.009 0.007 0.003 0.015 0.005 
468      645    (0)    8 :  0.508 0.133 0.003 0.002 0.025 0.012 0.101 0.104 0.018 0.041 0.017 0.035 
469      646    (0)    8 :  0.081 0.337 0.008 0.005 0.054 0.342 0.067 0.064 0.015 0.009 0.008 0.011 
470      006    (0)    9 :  0.855 0.025 0.003 0.011 0.034 0.004 0.019 0.022 0.006 0.004 0.009 0.009 
471      011    (0)    9 :  0.964 0.002 0.003 0.001 0.003 0.003 0.003 0.003 0.011 0.002 0.003 0.003 
472      033    (2)    9 :  0.902 0.007 0.003 0.002 0.010 0.012 0.009 0.010 0.018 0.006 0.009 0.013 
473      048    (0)    9 :  0.693 0.009 0.005 0.002 0.017 0.009 0.012 0.012 0.015 0.008 0.204 0.014 
474      061    (0)    9 :  0.694 0.011 0.003 0.004 0.094 0.007 0.053 0.058 0.017 0.026 0.020 0.012 
475      088    (0)    9 :  0.924 0.004 0.007 0.002 0.008 0.008 0.008 0.008 0.006 0.004 0.012 0.009 
476      091    (0)    9 :  0.854 0.010 0.003 0.002 0.019 0.003 0.012 0.012 0.068 0.002 0.006 0.007 
477      098    (0)    9 :  0.936 0.006 0.003 0.001 0.004 0.008 0.004 0.004 0.004 0.008 0.011 0.011 
478      104    (0)    9 :  0.951 0.002 0.002 0.001 0.003 0.023 0.002 0.002 0.005 0.002 0.004 0.002 
479      196    (0)    9 :  0.919 0.004 0.005 0.002 0.008 0.009 0.007 0.008 0.005 0.014 0.007 0.011 
480      197    (0)    9 :  0.787 0.006 0.020 0.003 0.046 0.026 0.027 0.030 0.019 0.007 0.014 0.015 
481      201    (0)    9 :  0.937 0.003 0.001 0.002 0.007 0.007 0.007 0.006 0.019 0.001 0.007 0.004 
482      202    (0)    9 :  0.870 0.003 0.013 0.008 0.013 0.009 0.011 0.011 0.017 0.021 0.018 0.005 
483      204    (0)    9 :  0.934 0.007 0.002 0.001 0.004 0.017 0.005 0.005 0.010 0.004 0.007 0.003 
484      231    (0)    9 :  0.834 0.010 0.004 0.001 0.005 0.057 0.005 0.005 0.057 0.001 0.013 0.008 
485      328    (0)    9 :  0.959 0.003 0.002 0.001 0.004 0.003 0.004 0.004 0.008 0.004 0.004 0.005 
486      346    (0)    9 :  0.953 0.003 0.006 0.002 0.004 0.004 0.004 0.004 0.006 0.003 0.004 0.006 


Estimated Allele Frequencies in each cluster
First column gives estimated ancestral frequencies


Locus 1 : 1 
4 alleles
0.0% missing data
  89   (0.527) 0.623 0.623 0.640 0.298 0.553 0.288 0.536 0.531 0.623 0.065 0.561 0.559 
  91   (0.384) 0.342 0.357 0.313 0.663 0.368 0.576 0.400 0.400 0.216 0.709 0.377 0.422 
  93   (0.072) 0.034 0.016 0.046 0.037 0.063 0.134 0.056 0.059 0.159 0.098 0.041 0.016 
  99   (0.017) 0.000 0.004 0.001 0.001 0.017 0.002 0.009 0.010 0.001 0.128 0.021 0.003 

Locus 2 : 2 
6 alleles
1.0% missing data
 136   (0.357) 0.540 0.171 0.455 0.448 0.352 0.714 0.434 0.433 0.429 0.189 0.065 0.415 
 134   (0.232) 0.157 0.510 0.382 0.198 0.212 0.170 0.205 0.204 0.111 0.027 0.256 0.381 
 138   (0.298) 0.236 0.246 0.156 0.222 0.312 0.103 0.261 0.261 0.376 0.771 0.519 0.168 
 140   (0.069) 0.066 0.030 0.004 0.121 0.074 0.009 0.060 0.062 0.081 0.008 0.041 0.020 
 132   (0.019) 0.000 0.004 0.001 0.001 0.032 0.002 0.020 0.021 0.002 0.002 0.002 0.003 
 142   (0.025) 0.001 0.040 0.002 0.010 0.017 0.002 0.019 0.019 0.002 0.003 0.116 0.013 

Locus 3 : 3 
6 alleles
0.0% missing data
 181   (0.250) 0.238 0.231 0.070 0.075 0.246 0.090 0.218 0.217 0.168 0.180 0.357 0.399 
 187   (0.353) 0.490 0.298 0.260 0.346 0.361 0.542 0.352 0.353 0.661 0.774 0.182 0.175 
 179   (0.246) 0.244 0.318 0.016 0.055 0.248 0.352 0.271 0.272 0.158 0.029 0.224 0.389 
 191   (0.032) 0.025 0.008 0.198 0.010 0.033 0.003 0.022 0.022 0.003 0.004 0.006 0.006 
 185   (0.074) 0.002 0.110 0.453 0.280 0.074 0.009 0.068 0.068 0.006 0.008 0.094 0.022 
 175   (0.045) 0.001 0.035 0.003 0.234 0.038 0.004 0.070 0.068 0.003 0.005 0.137 0.009 

Locus 4 : 4 
12 alleles
0.2% missing data
 253   (0.493) 0.787 0.499 0.467 0.175 0.524 0.413 0.515 0.518 0.516 0.596 0.530 0.595 
 249   (0.027) 0.083 0.005 0.002 0.066 0.026 0.028 0.019 0.018 0.003 0.004 0.003 0.005 
 271   (0.042) 0.032 0.024 0.003 0.109 0.041 0.050 0.037 0.037 0.004 0.005 0.007 0.011 
 241   (0.154) 0.018 0.203 0.149 0.522 0.137 0.380 0.156 0.156 0.063 0.182 0.132 0.154 
 257   (0.007) 0.000 0.002 0.000 0.000 0.004 0.004 0.004 0.004 0.001 0.001 0.001 0.001 
 269   (0.172) 0.076 0.232 0.100 0.032 0.162 0.099 0.165 0.163 0.406 0.202 0.264 0.182 
 247   (0.064) 0.002 0.025 0.277 0.028 0.077 0.007 0.068 0.069 0.005 0.007 0.053 0.039 
 245   (0.010) 0.000 0.002 0.001 0.065 0.007 0.001 0.005 0.004 0.001 0.001 0.001 0.002 
 239   (0.011) 0.000 0.003 0.001 0.001 0.009 0.001 0.013 0.013 0.001 0.001 0.001 0.005 
 273   (0.008) 0.000 0.002 0.000 0.001 0.005 0.001 0.011 0.011 0.001 0.001 0.001 0.001 
 267   (0.007) 0.000 0.002 0.000 0.000 0.004 0.016 0.003 0.003 0.001 0.001 0.001 0.001 
 255   (0.006) 0.000 0.002 0.000 0.000 0.004 0.001 0.003 0.003 0.001 0.001 0.005 0.003 

Locus 5 : 5 
6 alleles
0.6% missing data
 103   (0.845) 0.989 0.944 0.978 0.736 0.823 0.955 0.833 0.839 0.986 0.981 0.953 0.916 
 104   (0.069) 0.009 0.029 0.004 0.073 0.087 0.037 0.073 0.069 0.008 0.008 0.030 0.029 
 101   (0.010) 0.000 0.009 0.013 0.001 0.006 0.001 0.005 0.005 0.001 0.001 0.001 0.004 
 105   (0.046) 0.001 0.013 0.003 0.164 0.053 0.005 0.060 0.062 0.003 0.005 0.013 0.041 
 102   (0.015) 0.000 0.003 0.001 0.001 0.018 0.001 0.017 0.014 0.001 0.003 0.002 0.007 
 107   (0.015) 0.000 0.003 0.001 0.025 0.013 0.001 0.013 0.012 0.001 0.001 0.002 0.003 

Locus 6 : 6 
5 alleles
0.2% missing data
 141   (0.275) 0.608 0.677 0.134 0.117 0.264 0.287 0.235 0.237 0.494 0.032 0.225 0.301 
 145   (0.397) 0.179 0.143 0.264 0.024 0.437 0.129 0.480 0.479 0.203 0.409 0.580 0.450 
 135   (0.234) 0.196 0.135 0.288 0.632 0.220 0.366 0.209 0.210 0.152 0.547 0.183 0.145 
 147   (0.082) 0.016 0.042 0.313 0.126 0.072 0.215 0.066 0.064 0.150 0.010 0.010 0.102 
 137   (0.012) 0.000 0.002 0.001 0.101 0.008 0.002 0.010 0.009 0.001 0.001 0.002 0.002 

Locus 7 : 7 
10 alleles
1.2% missing data
  93   (0.225) 0.354 0.312 0.069 0.117 0.195 0.402 0.227 0.226 0.295 0.793 0.292 0.208 
 103   (0.303) 0.350 0.200 0.510 0.018 0.326 0.273 0.318 0.316 0.556 0.041 0.349 0.512 
  91   (0.071) 0.027 0.042 0.156 0.062 0.066 0.008 0.062 0.061 0.051 0.010 0.036 0.058 
  97   (0.200) 0.170 0.162 0.253 0.264 0.212 0.179 0.169 0.173 0.081 0.131 0.144 0.159 
  85   (0.044) 0.050 0.010 0.003 0.003 0.046 0.009 0.047 0.045 0.004 0.006 0.039 0.018 
  89   (0.075) 0.046 0.256 0.005 0.296 0.062 0.122 0.069 0.070 0.008 0.010 0.095 0.030 
  83   (0.047) 0.001 0.011 0.003 0.003 0.064 0.005 0.089 0.089 0.003 0.005 0.041 0.009 
 105   (0.014) 0.000 0.003 0.001 0.089 0.015 0.001 0.009 0.010 0.001 0.002 0.002 0.002 
 101   (0.010) 0.000 0.002 0.001 0.123 0.008 0.001 0.006 0.005 0.001 0.001 0.001 0.002 
  99   (0.010) 0.000 0.002 0.001 0.025 0.008 0.001 0.005 0.005 0.001 0.001 0.001 0.002 

Locus 8 : 8 
8 alleles
0.0% missing data
 129   (0.553) 0.699 0.562 0.638 0.307 0.575 0.467 0.599 0.595 0.705 0.202 0.707 0.419 
 141   (0.057) 0.099 0.013 0.213 0.003 0.048 0.148 0.039 0.038 0.043 0.006 0.018 0.094 
 149   (0.081) 0.129 0.211 0.013 0.298 0.073 0.025 0.064 0.066 0.154 0.009 0.065 0.021 
 143   (0.255) 0.071 0.183 0.132 0.296 0.254 0.354 0.254 0.258 0.094 0.695 0.197 0.456 
 127   (0.018) 0.000 0.004 0.001 0.093 0.018 0.002 0.012 0.012 0.001 0.044 0.002 0.003 
 131   (0.012) 0.000 0.002 0.002 0.001 0.009 0.001 0.007 0.006 0.001 0.041 0.008 0.002 
 133   (0.017) 0.000 0.023 0.001 0.001 0.017 0.002 0.020 0.021 0.001 0.002 0.002 0.003 
 145   (0.006) 0.000 0.001 0.000 0.000 0.005 0.001 0.005 0.005 0.000 0.001 0.001 0.001 

Locus 9 : 9 
5 alleles
0.0% missing data
 191   (0.401) 0.568 0.372 0.543 0.342 0.404 0.584 0.368 0.368 0.588 0.341 0.315 0.459 
 195   (0.146) 0.168 0.046 0.052 0.326 0.125 0.039 0.122 0.122 0.236 0.350 0.298 0.233 
 189   (0.440) 0.261 0.580 0.404 0.331 0.464 0.376 0.500 0.500 0.175 0.308 0.385 0.305 
 197   (0.007) 0.000 0.001 0.000 0.000 0.004 0.001 0.007 0.007 0.000 0.001 0.001 0.001 
 193   (0.007) 0.003 0.002 0.000 0.000 0.004 0.001 0.003 0.003 0.001 0.001 0.001 0.001 

Locus 10 : 10 
7 alleles
0.4% missing data
 232   (0.250) 0.336 0.077 0.278 0.129 0.269 0.364 0.279 0.278 0.147 0.221 0.167 0.151 
 238   (0.555) 0.526 0.843 0.343 0.743 0.556 0.457 0.540 0.539 0.738 0.370 0.754 0.669 
 252   (0.105) 0.125 0.062 0.034 0.015 0.094 0.169 0.112 0.113 0.090 0.016 0.069 0.129 
 254   (0.050) 0.012 0.010 0.261 0.081 0.042 0.005 0.039 0.041 0.022 0.388 0.006 0.044 
 248   (0.018) 0.000 0.003 0.082 0.001 0.019 0.002 0.016 0.016 0.001 0.002 0.002 0.003 
 250   (0.014) 0.000 0.002 0.001 0.030 0.015 0.001 0.010 0.010 0.001 0.002 0.001 0.002 
 236   (0.007) 0.000 0.001 0.001 0.000 0.005 0.001 0.004 0.004 0.000 0.001 0.001 0.002 

Locus 11 : 11 
4 alleles
0.0% missing data
  87   (0.691) 0.640 0.881 0.537 0.500 0.705 0.572 0.689 0.693 0.586 0.964 0.841 0.637 
  89   (0.241) 0.296 0.083 0.382 0.154 0.242 0.362 0.241 0.238 0.408 0.029 0.132 0.349 
  91   (0.051) 0.064 0.013 0.080 0.180 0.039 0.065 0.056 0.055 0.005 0.006 0.025 0.011 
  85   (0.017) 0.000 0.022 0.001 0.166 0.013 0.002 0.014 0.014 0.001 0.002 0.002 0.003 

Locus 12 : 12 
13 alleles
0.4% missing data
 160   (0.217) 0.089 0.270 0.716 0.423 0.214 0.198 0.213 0.203 0.238 0.595 0.252 0.067 
 162   (0.245) 0.236 0.387 0.232 0.015 0.253 0.093 0.251 0.259 0.243 0.069 0.262 0.466 
 147   (0.053) 0.122 0.013 0.003 0.003 0.044 0.353 0.033 0.034 0.088 0.006 0.037 0.087 
 158   (0.231) 0.512 0.118 0.023 0.098 0.241 0.314 0.256 0.252 0.406 0.028 0.192 0.186 
 161   (0.099) 0.029 0.033 0.016 0.271 0.090 0.025 0.106 0.105 0.008 0.116 0.124 0.155 
 170   (0.051) 0.008 0.019 0.003 0.029 0.059 0.006 0.058 0.061 0.009 0.006 0.039 0.010 
 143   (0.032) 0.001 0.009 0.002 0.157 0.035 0.003 0.032 0.034 0.002 0.174 0.004 0.006 
 154   (0.016) 0.000 0.008 0.001 0.001 0.021 0.002 0.016 0.017 0.001 0.002 0.002 0.009 
 149   (0.021) 0.001 0.134 0.001 0.001 0.018 0.002 0.012 0.012 0.002 0.002 0.062 0.006 
 153   (0.012) 0.000 0.002 0.001 0.001 0.012 0.001 0.011 0.011 0.001 0.001 0.001 0.004 
 150   (0.007) 0.000 0.001 0.000 0.000 0.004 0.001 0.003 0.002 0.001 0.001 0.008 0.001 
 159   (0.009) 0.000 0.004 0.001 0.001 0.006 0.001 0.006 0.006 0.001 0.001 0.017 0.002 
 164   (0.007) 0.000 0.001 0.000 0.000 0.006 0.001 0.004 0.004 0.000 0.001 0.001 0.001 

Locus 13 : 13 
5 alleles
0.0% missing data
 108   (0.203) 0.183 0.057 0.199 0.295 0.201 0.159 0.231 0.229 0.140 0.336 0.114 0.161 
 115   (0.447) 0.534 0.549 0.287 0.380 0.442 0.288 0.458 0.460 0.778 0.092 0.527 0.501 
 113   (0.337) 0.283 0.392 0.513 0.325 0.345 0.551 0.303 0.303 0.080 0.571 0.357 0.335 
 109   (0.007) 0.000 0.001 0.000 0.000 0.006 0.001 0.004 0.004 0.000 0.001 0.001 0.001 
 110   (0.007) 0.000 0.001 0.000 0.000 0.006 0.001 0.004 0.004 0.000 0.001 0.001 0.001 

Locus 14 : 14 
5 alleles
1.2% missing data
 227   (0.138) 0.247 0.073 0.018 0.009 0.139 0.328 0.121 0.116 0.239 0.253 0.338 0.042 
 231   (0.160) 0.097 0.049 0.349 0.351 0.160 0.104 0.149 0.154 0.069 0.273 0.023 0.432 
 229   (0.496) 0.507 0.775 0.419 0.473 0.506 0.463 0.572 0.571 0.343 0.097 0.501 0.305 
 225   (0.137) 0.046 0.086 0.210 0.060 0.135 0.023 0.117 0.115 0.297 0.223 0.093 0.154 
 233   (0.068) 0.102 0.019 0.005 0.107 0.060 0.082 0.041 0.043 0.052 0.154 0.044 0.067 

Locus 15 : 15 
5 alleles
0.4% missing data
 143   (0.843) 0.972 0.932 0.817 0.623 0.845 0.974 0.861 0.862 0.947 0.723 0.862 0.864 
 157   (0.008) 0.018 0.002 0.001 0.000 0.005 0.001 0.003 0.003 0.003 0.001 0.001 0.003 
 145   (0.087) 0.008 0.053 0.006 0.181 0.088 0.018 0.075 0.073 0.046 0.269 0.066 0.121 
 147   (0.046) 0.001 0.010 0.145 0.195 0.050 0.005 0.040 0.042 0.003 0.006 0.070 0.009 
 133   (0.015) 0.000 0.003 0.031 0.001 0.011 0.001 0.021 0.021 0.001 0.002 0.002 0.003 

Locus 16 : 16 
5 alleles
0.2% missing data
 156   (0.231) 0.300 0.084 0.498 0.163 0.208 0.074 0.278 0.279 0.261 0.513 0.215 0.311 
 158   (0.529) 0.490 0.539 0.202 0.319 0.558 0.754 0.528 0.522 0.506 0.255 0.650 0.496 
 160   (0.142) 0.166 0.342 0.113 0.119 0.133 0.162 0.113 0.115 0.190 0.016 0.106 0.134 
 154   (0.089) 0.045 0.028 0.186 0.399 0.095 0.010 0.076 0.079 0.041 0.215 0.018 0.057 
 152   (0.009) 0.000 0.007 0.001 0.000 0.005 0.001 0.005 0.005 0.001 0.001 0.010 0.002 

Locus 17 : 17 
5 alleles
0.0% missing data
 102   (0.206) 0.239 0.400 0.199 0.041 0.205 0.164 0.172 0.170 0.252 0.025 0.188 0.185 
  90   (0.676) 0.707 0.403 0.793 0.328 0.656 0.808 0.714 0.713 0.739 0.581 0.787 0.789 
  88   (0.068) 0.053 0.183 0.005 0.461 0.081 0.022 0.059 0.063 0.006 0.008 0.009 0.014 
 100   (0.044) 0.001 0.011 0.003 0.170 0.055 0.004 0.053 0.051 0.003 0.386 0.009 0.011 
 104   (0.007) 0.000 0.002 0.000 0.000 0.004 0.001 0.003 0.003 0.001 0.001 0.007 0.001 

Locus 18 : 18 
7 alleles
0.0% missing data
 142   (0.128) 0.424 0.094 0.008 0.021 0.135 0.394 0.141 0.144 0.422 0.016 0.075 0.027 
 146   (0.087) 0.147 0.136 0.224 0.005 0.076 0.021 0.079 0.080 0.324 0.009 0.072 0.077 
 140   (0.285) 0.105 0.327 0.180 0.298 0.295 0.430 0.274 0.268 0.045 0.275 0.273 0.494 
 127   (0.298) 0.248 0.201 0.061 0.383 0.311 0.077 0.349 0.348 0.131 0.549 0.316 0.234 
 148   (0.095) 0.064 0.178 0.215 0.067 0.090 0.048 0.065 0.067 0.009 0.010 0.062 0.117 
 150   (0.051) 0.001 0.044 0.307 0.222 0.046 0.005 0.045 0.046 0.004 0.005 0.161 0.013 
 138   (0.055) 0.011 0.021 0.004 0.003 0.047 0.024 0.046 0.047 0.065 0.135 0.041 0.038 

Locus 19 : 19 
8 alleles
0.2% missing data
 188   (0.172) 0.148 0.052 0.171 0.011 0.200 0.178 0.200 0.201 0.027 0.019 0.172 0.071 
 190   (0.132) 0.338 0.239 0.198 0.042 0.097 0.323 0.094 0.093 0.577 0.014 0.183 0.230 
 194   (0.576) 0.510 0.323 0.483 0.556 0.587 0.487 0.596 0.600 0.387 0.955 0.546 0.613 
 202   (0.017) 0.000 0.003 0.142 0.042 0.013 0.002 0.010 0.010 0.001 0.002 0.002 0.004 
 200   (0.082) 0.002 0.379 0.005 0.311 0.090 0.008 0.087 0.085 0.006 0.008 0.096 0.073 
 192   (0.007) 0.000 0.001 0.000 0.000 0.005 0.001 0.004 0.003 0.000 0.001 0.001 0.006 
 196   (0.007) 0.000 0.001 0.000 0.001 0.004 0.001 0.006 0.006 0.001 0.001 0.001 0.001 
 198   (0.007) 0.000 0.001 0.000 0.037 0.004 0.001 0.003 0.002 0.000 0.001 0.001 0.001 

Locus 20 : 20 
6 alleles
0.8% missing data
 252   (0.691) 0.830 0.712 0.727 0.078 0.721 0.695 0.764 0.767 0.911 0.386 0.761 0.733 
 250   (0.087) 0.109 0.097 0.141 0.424 0.073 0.053 0.054 0.054 0.012 0.344 0.067 0.074 
 244   (0.025) 0.009 0.006 0.002 0.048 0.018 0.002 0.014 0.013 0.047 0.006 0.008 0.009 
 254   (0.077) 0.033 0.024 0.081 0.243 0.064 0.010 0.066 0.066 0.020 0.103 0.108 0.057 
 246   (0.096) 0.007 0.156 0.048 0.206 0.089 0.234 0.077 0.077 0.007 0.158 0.052 0.123 
 248   (0.024) 0.011 0.005 0.001 0.001 0.034 0.004 0.025 0.022 0.003 0.003 0.004 0.004 

Locus 21 : 21 
7 alleles
0.2% missing data
 173   (0.293) 0.351 0.137 0.213 0.210 0.269 0.149 0.303 0.306 0.394 0.122 0.559 0.318 
 177   (0.261) 0.294 0.496 0.169 0.044 0.281 0.642 0.256 0.255 0.169 0.277 0.236 0.090 
 175   (0.137) 0.022 0.039 0.255 0.497 0.129 0.022 0.130 0.125 0.068 0.476 0.069 0.322 
 167   (0.202) 0.329 0.103 0.124 0.071 0.201 0.174 0.224 0.221 0.305 0.113 0.117 0.147 
 163   (0.039) 0.003 0.010 0.226 0.106 0.039 0.004 0.033 0.033 0.003 0.004 0.010 0.017 
 165   (0.048) 0.001 0.211 0.012 0.071 0.048 0.007 0.035 0.035 0.060 0.005 0.006 0.102 
 159   (0.019) 0.000 0.004 0.001 0.001 0.034 0.002 0.020 0.025 0.001 0.002 0.003 0.003 

Locus 22 : 22 
11 alleles
0.6% missing data
 146   (0.227) 0.302 0.276 0.142 0.014 0.241 0.225 0.233 0.238 0.060 0.075 0.307 0.178 
 154   (0.010) 0.071 0.002 0.001 0.001 0.005 0.003 0.004 0.003 0.013 0.001 0.001 0.002 
 166   (0.088) 0.036 0.032 0.005 0.005 0.109 0.270 0.085 0.083 0.009 0.114 0.031 0.081 
 152   (0.421) 0.551 0.582 0.368 0.105 0.397 0.427 0.458 0.451 0.894 0.503 0.590 0.486 
 150   (0.032) 0.008 0.011 0.002 0.102 0.033 0.010 0.023 0.023 0.004 0.107 0.007 0.006 
 164   (0.036) 0.012 0.008 0.003 0.068 0.028 0.044 0.028 0.028 0.005 0.005 0.005 0.051 
 156   (0.019) 0.001 0.004 0.298 0.113 0.013 0.002 0.009 0.009 0.001 0.002 0.013 0.005 
 162   (0.052) 0.001 0.023 0.071 0.138 0.056 0.006 0.048 0.052 0.004 0.006 0.015 0.061 
 158   (0.089) 0.018 0.057 0.108 0.426 0.095 0.010 0.096 0.099 0.008 0.011 0.019 0.125 
 148   (0.009) 0.000 0.002 0.001 0.001 0.006 0.001 0.005 0.005 0.001 0.174 0.001 0.002 
 142   (0.017) 0.000 0.003 0.001 0.028 0.016 0.002 0.010 0.010 0.001 0.002 0.012 0.003 

Locus 23 : 23 
7 alleles
0.8% missing data
 152   (0.013) 0.066 0.002 0.001 0.001 0.008 0.093 0.006 0.005 0.001 0.001 0.002 0.002 
 156   (0.121) 0.040 0.033 0.032 0.426 0.123 0.096 0.170 0.170 0.011 0.014 0.041 0.120 
 144   (0.177) 0.192 0.061 0.635 0.243 0.161 0.153 0.144 0.143 0.075 0.601 0.277 0.193 
 160   (0.109) 0.180 0.296 0.105 0.014 0.095 0.303 0.079 0.075 0.112 0.013 0.096 0.141 
 154   (0.542) 0.519 0.588 0.225 0.178 0.576 0.350 0.570 0.577 0.785 0.365 0.579 0.528 
 158   (0.029) 0.002 0.018 0.002 0.138 0.031 0.003 0.022 0.023 0.015 0.003 0.004 0.014 
 146   (0.008) 0.000 0.001 0.000 0.000 0.007 0.001 0.008 0.008 0.001 0.002 0.001 0.002 

Locus 24 : 24 
4 alleles
0.4% missing data
  77   (0.083) 0.336 0.107 0.051 0.005 0.065 0.016 0.087 0.086 0.116 0.009 0.070 0.077 
  83   (0.476) 0.420 0.608 0.919 0.584 0.462 0.592 0.423 0.421 0.730 0.683 0.417 0.580 
  81   (0.361) 0.216 0.262 0.025 0.381 0.396 0.362 0.385 0.389 0.147 0.299 0.411 0.286 
  85   (0.079) 0.028 0.022 0.005 0.030 0.077 0.030 0.106 0.104 0.007 0.009 0.102 0.057 

Locus 25 : 25 
6 alleles
0.4% missing data
 132   (0.311) 0.534 0.214 0.455 0.022 0.328 0.113 0.288 0.292 0.581 0.182 0.343 0.446 
 124   (0.535) 0.396 0.695 0.535 0.470 0.525 0.853 0.595 0.596 0.324 0.413 0.519 0.425 
 126   (0.028) 0.047 0.005 0.002 0.011 0.022 0.018 0.018 0.016 0.083 0.003 0.003 0.006 
 122   (0.092) 0.022 0.077 0.006 0.472 0.095 0.011 0.076 0.072 0.009 0.109 0.131 0.103 
 120   (0.019) 0.000 0.004 0.001 0.023 0.016 0.002 0.012 0.013 0.001 0.290 0.002 0.005 
 136   (0.015) 0.001 0.005 0.001 0.002 0.014 0.002 0.010 0.009 0.002 0.002 0.002 0.016 

Locus 26 : 26 
7 alleles
0.2% missing data
 165   (0.236) 0.172 0.198 0.057 0.120 0.241 0.155 0.234 0.227 0.030 0.326 0.288 0.340 
 183   (0.363) 0.510 0.480 0.424 0.214 0.351 0.450 0.337 0.342 0.785 0.295 0.299 0.443 
 179   (0.090) 0.064 0.072 0.006 0.277 0.084 0.100 0.086 0.086 0.010 0.339 0.063 0.023 
 175   (0.243) 0.252 0.237 0.449 0.016 0.259 0.289 0.239 0.242 0.171 0.031 0.342 0.164 
 181   (0.052) 0.001 0.010 0.064 0.260 0.053 0.005 0.094 0.093 0.004 0.006 0.006 0.028 
 185   (0.010) 0.000 0.002 0.001 0.113 0.007 0.001 0.006 0.006 0.001 0.001 0.001 0.002 
 157   (0.007) 0.000 0.001 0.000 0.000 0.006 0.001 0.004 0.004 0.000 0.001 0.001 0.001 

Locus 27 : 27 
4 alleles
0.2% missing data
 142   (0.646) 0.697 0.677 0.742 0.523 0.659 0.599 0.627 0.629 0.630 0.311 0.783 0.670 
 148   (0.203) 0.098 0.057 0.067 0.264 0.209 0.190 0.218 0.217 0.089 0.672 0.098 0.259 
 138   (0.046) 0.193 0.026 0.003 0.052 0.035 0.199 0.027 0.025 0.267 0.006 0.017 0.020 
 150   (0.104) 0.013 0.240 0.188 0.161 0.097 0.012 0.128 0.129 0.014 0.012 0.103 0.051 

Locus 28 : 28 
6 alleles
0.8% missing data
 260   (0.387) 0.281 0.453 0.378 0.220 0.414 0.517 0.341 0.339 0.661 0.138 0.523 0.303 
 262   (0.506) 0.711 0.495 0.548 0.692 0.480 0.471 0.561 0.559 0.328 0.848 0.378 0.650 
 256   (0.074) 0.007 0.046 0.073 0.086 0.079 0.009 0.072 0.074 0.008 0.011 0.064 0.041 
 258   (0.010) 0.000 0.002 0.001 0.001 0.013 0.001 0.008 0.010 0.001 0.001 0.001 0.002 
 266   (0.007) 0.000 0.001 0.000 0.000 0.004 0.001 0.003 0.003 0.000 0.001 0.007 0.001 
 264   (0.015) 0.000 0.003 0.001 0.001 0.011 0.001 0.015 0.015 0.001 0.001 0.026 0.003 

Locus 29 : 29 
7 alleles
0.2% missing data
 146   (0.280) 0.141 0.323 0.333 0.323 0.292 0.329 0.283 0.273 0.320 0.035 0.248 0.348 
 150   (0.437) 0.682 0.317 0.291 0.241 0.439 0.411 0.495 0.499 0.573 0.143 0.525 0.405 
 140   (0.176) 0.119 0.176 0.059 0.386 0.177 0.029 0.155 0.158 0.098 0.810 0.163 0.174 
 148   (0.062) 0.048 0.118 0.314 0.036 0.051 0.221 0.038 0.039 0.005 0.007 0.025 0.049 
 152   (0.028) 0.001 0.042 0.002 0.013 0.030 0.003 0.022 0.024 0.002 0.003 0.037 0.005 
 151   (0.009) 0.008 0.014 0.001 0.001 0.005 0.005 0.004 0.004 0.001 0.001 0.001 0.002 
 142   (0.008) 0.002 0.010 0.001 0.001 0.005 0.001 0.004 0.003 0.001 0.001 0.001 0.016 

Locus 30 : 30 
6 alleles
0.2% missing data
 125   (0.287) 0.510 0.100 0.031 0.144 0.315 0.287 0.331 0.332 0.304 0.141 0.079 0.308 
 129   (0.427) 0.426 0.536 0.783 0.083 0.406 0.655 0.398 0.400 0.661 0.213 0.599 0.426 
 123   (0.148) 0.060 0.084 0.102 0.112 0.143 0.045 0.158 0.155 0.025 0.018 0.262 0.116 
 127   (0.087) 0.002 0.245 0.080 0.519 0.083 0.008 0.071 0.072 0.006 0.582 0.030 0.138 
 121   (0.013) 0.000 0.003 0.001 0.001 0.011 0.001 0.008 0.008 0.001 0.042 0.001 0.004 
 131   (0.038) 0.001 0.032 0.002 0.142 0.042 0.004 0.034 0.034 0.003 0.005 0.029 0.009 

Locus 31 : 31 
6 alleles
0.2% missing data
 159   (0.164) 0.164 0.175 0.011 0.199 0.148 0.107 0.197 0.194 0.017 0.019 0.281 0.284 
 155   (0.557) 0.628 0.380 0.709 0.423 0.587 0.854 0.536 0.538 0.927 0.520 0.437 0.423 
 157   (0.173) 0.123 0.398 0.021 0.064 0.169 0.028 0.190 0.191 0.020 0.117 0.188 0.255 
 153   (0.067) 0.082 0.038 0.005 0.303 0.066 0.007 0.050 0.049 0.031 0.106 0.089 0.015 
 151   (0.032) 0.002 0.007 0.254 0.010 0.026 0.003 0.024 0.024 0.004 0.238 0.004 0.021 
 163   (0.007) 0.002 0.001 0.001 0.000 0.004 0.001 0.003 0.003 0.001 0.001 0.001 0.001 

Locus 32 : 32 
5 alleles
0.0% missing data
 146   (0.315) 0.081 0.208 0.313 0.647 0.341 0.052 0.349 0.345 0.052 0.579 0.358 0.276 
 150   (0.570) 0.854 0.539 0.637 0.256 0.559 0.857 0.576 0.580 0.857 0.408 0.581 0.505 
 148   (0.068) 0.064 0.234 0.046 0.033 0.055 0.085 0.038 0.039 0.088 0.008 0.015 0.108 
 154   (0.036) 0.001 0.013 0.002 0.064 0.037 0.005 0.031 0.030 0.003 0.004 0.008 0.109 
 152   (0.011) 0.000 0.007 0.001 0.001 0.008 0.001 0.006 0.006 0.001 0.001 0.039 0.002 

Locus 33 : 33 
7 alleles
0.0% missing data
 180   (0.462) 0.651 0.473 0.668 0.359 0.476 0.362 0.446 0.450 0.323 0.692 0.350 0.512 
 196   (0.107) 0.167 0.028 0.007 0.027 0.105 0.211 0.105 0.100 0.269 0.012 0.164 0.051 
 184   (0.199) 0.147 0.083 0.074 0.186 0.184 0.116 0.194 0.191 0.232 0.271 0.314 0.276 
 194   (0.014) 0.024 0.003 0.001 0.001 0.008 0.025 0.006 0.006 0.089 0.001 0.002 0.003 
 192   (0.133) 0.007 0.391 0.183 0.163 0.143 0.013 0.164 0.170 0.010 0.014 0.124 0.112 
 198   (0.067) 0.003 0.018 0.066 0.264 0.072 0.270 0.068 0.066 0.076 0.007 0.012 0.019 
 190   (0.018) 0.000 0.004 0.001 0.001 0.011 0.002 0.018 0.018 0.001 0.002 0.035 0.028 

Locus 34 : 34 
6 alleles
0.0% missing data
 110   (0.196) 0.303 0.221 0.071 0.110 0.191 0.167 0.165 0.167 0.599 0.214 0.080 0.212 
 112   (0.351) 0.520 0.345 0.060 0.052 0.370 0.735 0.350 0.357 0.297 0.040 0.402 0.307 
 106   (0.270) 0.149 0.250 0.708 0.250 0.248 0.077 0.307 0.303 0.025 0.230 0.416 0.398 
  90   (0.039) 0.022 0.150 0.002 0.002 0.031 0.005 0.035 0.033 0.030 0.403 0.008 0.009 
 108   (0.133) 0.006 0.032 0.112 0.585 0.153 0.015 0.138 0.134 0.049 0.113 0.092 0.072 
  96   (0.010) 0.000 0.002 0.046 0.001 0.007 0.001 0.005 0.006 0.001 0.001 0.001 0.002 

Locus 35 : 35 
9 alleles
0.0% missing data
 166   (0.060) 0.242 0.059 0.004 0.004 0.046 0.171 0.032 0.031 0.355 0.008 0.106 0.058 
 176   (0.105) 0.132 0.039 0.016 0.096 0.095 0.371 0.107 0.108 0.081 0.013 0.012 0.203 
 172   (0.327) 0.442 0.387 0.583 0.169 0.347 0.209 0.299 0.298 0.486 0.042 0.407 0.156 
 170   (0.264) 0.175 0.151 0.325 0.349 0.252 0.153 0.250 0.251 0.042 0.612 0.238 0.502 
 174   (0.127) 0.005 0.329 0.065 0.044 0.130 0.017 0.205 0.202 0.027 0.014 0.146 0.050 
 178   (0.038) 0.002 0.010 0.003 0.002 0.045 0.070 0.035 0.039 0.003 0.005 0.025 0.008 
 168   (0.054) 0.001 0.019 0.003 0.314 0.061 0.005 0.055 0.055 0.004 0.303 0.021 0.018 
 186   (0.019) 0.001 0.004 0.001 0.022 0.018 0.002 0.012 0.012 0.001 0.002 0.044 0.003 
 158   (0.007) 0.000 0.001 0.000 0.000 0.006 0.001 0.004 0.004 0.000 0.001 0.001 0.001 

Locus 36 : 36 
6 alleles
0.0% missing data
  89   (0.568) 0.640 0.732 0.510 0.602 0.579 0.719 0.569 0.569 0.638 0.376 0.652 0.513 
  95   (0.061) 0.088 0.028 0.005 0.029 0.055 0.020 0.043 0.041 0.030 0.007 0.079 0.081 
  85   (0.166) 0.220 0.179 0.234 0.016 0.150 0.220 0.168 0.169 0.246 0.492 0.144 0.140 
  81   (0.060) 0.007 0.015 0.004 0.004 0.065 0.006 0.095 0.098 0.005 0.008 0.019 0.164 
  83   (0.126) 0.045 0.043 0.246 0.324 0.134 0.034 0.113 0.113 0.080 0.015 0.100 0.099 
  91   (0.019) 0.001 0.004 0.001 0.026 0.017 0.002 0.011 0.011 0.002 0.103 0.006 0.003 

Locus 37 : 37 
10 alleles
0.0% missing data
 161   (0.353) 0.542 0.416 0.374 0.704 0.325 0.508 0.397 0.393 0.525 0.430 0.233 0.393 
 165   (0.223) 0.187 0.086 0.103 0.114 0.251 0.291 0.208 0.204 0.038 0.131 0.283 0.194 
 159   (0.017) 0.028 0.004 0.001 0.001 0.014 0.008 0.008 0.008 0.050 0.002 0.004 0.003 
 173   (0.252) 0.134 0.428 0.512 0.171 0.249 0.075 0.234 0.237 0.149 0.223 0.292 0.378 
 169   (0.100) 0.098 0.051 0.006 0.006 0.105 0.112 0.108 0.111 0.234 0.208 0.141 0.022 
 167   (0.018) 0.011 0.006 0.002 0.001 0.018 0.002 0.015 0.016 0.002 0.002 0.003 0.004 
 168   (0.010) 0.000 0.002 0.001 0.001 0.012 0.001 0.009 0.009 0.001 0.001 0.001 0.002 
 155   (0.014) 0.000 0.003 0.001 0.001 0.019 0.001 0.014 0.016 0.001 0.001 0.002 0.003 
 177   (0.006) 0.000 0.003 0.000 0.000 0.005 0.001 0.005 0.004 0.000 0.001 0.001 0.001 
 175   (0.007) 0.000 0.001 0.000 0.000 0.004 0.001 0.003 0.003 0.000 0.001 0.041 0.001 

Locus 38 : 38 
6 alleles
0.6% missing data
  87   (0.103) 0.146 0.082 0.127 0.432 0.079 0.139 0.076 0.073 0.207 0.555 0.031 0.110 
  89   (0.431) 0.623 0.379 0.096 0.232 0.463 0.666 0.486 0.486 0.446 0.051 0.591 0.234 
  91   (0.167) 0.110 0.123 0.183 0.100 0.169 0.028 0.167 0.166 0.252 0.207 0.089 0.203 
  81   (0.113) 0.091 0.271 0.116 0.007 0.116 0.086 0.095 0.097 0.010 0.013 0.067 0.221 
  85   (0.180) 0.030 0.144 0.477 0.228 0.170 0.081 0.174 0.175 0.068 0.173 0.222 0.231 
  83   (0.007) 0.000 0.001 0.000 0.000 0.004 0.001 0.003 0.002 0.016 0.001 0.001 0.001 

Locus 39 : 39 
4 alleles
0.6% missing data
 167   (0.787) 0.921 0.862 0.859 0.399 0.780 0.933 0.812 0.809 0.849 0.687 0.780 0.938 
 161   (0.177) 0.077 0.124 0.138 0.453 0.188 0.063 0.162 0.165 0.148 0.310 0.156 0.054 
 165   (0.029) 0.002 0.013 0.002 0.148 0.027 0.003 0.021 0.022 0.002 0.003 0.064 0.006 
 177   (0.007) 0.000 0.001 0.001 0.000 0.006 0.001 0.005 0.004 0.001 0.001 0.001 0.001 

Locus 40 : 40 
6 alleles
0.4% missing data
 228   (0.416) 0.501 0.579 0.234 0.123 0.397 0.658 0.391 0.392 0.701 0.546 0.515 0.444 
 238   (0.333) 0.321 0.114 0.117 0.071 0.357 0.270 0.388 0.391 0.267 0.082 0.309 0.284 
 224   (0.025) 0.098 0.138 0.002 0.012 0.015 0.044 0.012 0.011 0.003 0.003 0.003 0.014 
 236   (0.105) 0.077 0.100 0.386 0.284 0.099 0.015 0.078 0.077 0.020 0.356 0.044 0.109 
 232   (0.013) 0.000 0.003 0.001 0.001 0.010 0.003 0.019 0.019 0.001 0.001 0.001 0.002 
 240   (0.108) 0.003 0.066 0.261 0.509 0.120 0.011 0.111 0.110 0.008 0.013 0.128 0.148 

Locus 41 : 41 
7 alleles
0.0% missing data
 128   (0.109) 0.173 0.213 0.034 0.007 0.104 0.052 0.118 0.115 0.009 0.012 0.188 0.078 
 130   (0.545) 0.557 0.525 0.776 0.739 0.559 0.600 0.555 0.558 0.871 0.064 0.435 0.505 
 114   (0.056) 0.111 0.013 0.003 0.003 0.050 0.035 0.045 0.044 0.054 0.497 0.006 0.075 
 132   (0.114) 0.152 0.026 0.050 0.007 0.109 0.294 0.120 0.120 0.010 0.013 0.236 0.155 
 118   (0.062) 0.003 0.108 0.129 0.069 0.057 0.006 0.058 0.058 0.005 0.206 0.064 0.012 
 134   (0.108) 0.004 0.114 0.007 0.175 0.116 0.012 0.100 0.101 0.050 0.207 0.069 0.173 
 136   (0.007) 0.000 0.001 0.000 0.000 0.006 0.001 0.004 0.004 0.000 0.001 0.001 0.001 

Locus 42 : 42 
6 alleles
1.2% missing data
 102   (0.269) 0.372 0.266 0.473 0.016 0.268 0.408 0.234 0.230 0.518 0.566 0.334 0.398 
 104   (0.396) 0.190 0.604 0.416 0.233 0.434 0.170 0.428 0.434 0.223 0.049 0.500 0.331 
  92   (0.115) 0.115 0.044 0.007 0.313 0.102 0.271 0.144 0.144 0.043 0.053 0.059 0.090 
  96   (0.077) 0.110 0.029 0.005 0.178 0.067 0.083 0.073 0.071 0.024 0.105 0.023 0.062 
  98   (0.137) 0.213 0.055 0.099 0.259 0.126 0.068 0.118 0.118 0.177 0.227 0.084 0.118 
 106   (0.007) 0.000 0.002 0.000 0.000 0.004 0.001 0.003 0.003 0.014 0.001 0.001 0.001 

Locus 43 : 43 
6 alleles
1.4% missing data
 101   (0.300) 0.410 0.318 0.181 0.364 0.276 0.189 0.333 0.325 0.604 0.035 0.285 0.450 
 103   (0.310) 0.198 0.208 0.353 0.112 0.337 0.390 0.266 0.276 0.198 0.232 0.459 0.281 
  99   (0.146) 0.034 0.350 0.009 0.184 0.149 0.224 0.173 0.175 0.061 0.412 0.071 0.072 
  95   (0.219) 0.358 0.118 0.455 0.333 0.213 0.194 0.211 0.207 0.135 0.170 0.183 0.192 
  97   (0.018) 0.000 0.004 0.001 0.007 0.018 0.002 0.014 0.014 0.001 0.150 0.002 0.004 
  91   (0.007) 0.000 0.001 0.000 0.000 0.006 0.001 0.004 0.004 0.000 0.001 0.001 0.001 

Locus 44 : 44 
7 alleles
0.2% missing data
 177   (0.079) 0.068 0.016 0.005 0.111 0.083 0.172 0.062 0.061 0.012 0.010 0.055 0.062 
 191   (0.292) 0.203 0.369 0.102 0.628 0.319 0.118 0.299 0.308 0.059 0.282 0.161 0.294 
 181   (0.559) 0.727 0.552 0.859 0.143 0.529 0.704 0.590 0.581 0.925 0.521 0.735 0.623 
 189   (0.007) 0.000 0.001 0.030 0.000 0.004 0.001 0.003 0.002 0.000 0.001 0.001 0.001 
 179   (0.043) 0.001 0.058 0.003 0.106 0.050 0.004 0.036 0.037 0.003 0.184 0.005 0.016 
 183   (0.009) 0.000 0.002 0.001 0.001 0.009 0.001 0.006 0.007 0.001 0.001 0.001 0.002 
 193   (0.011) 0.000 0.002 0.001 0.011 0.006 0.001 0.004 0.004 0.001 0.001 0.042 0.002 

Locus 45 : 45 
6 alleles
0.8% missing data
 205   (0.457) 0.479 0.480 0.406 0.314 0.493 0.554 0.432 0.437 0.733 0.251 0.525 0.535 
 211   (0.230) 0.254 0.275 0.273 0.389 0.221 0.102 0.269 0.274 0.157 0.341 0.135 0.199 
 207   (0.138) 0.138 0.049 0.200 0.072 0.134 0.186 0.128 0.125 0.068 0.017 0.227 0.093 
 201   (0.081) 0.070 0.100 0.005 0.039 0.065 0.127 0.085 0.084 0.033 0.379 0.051 0.079 
 215   (0.083) 0.060 0.093 0.114 0.177 0.075 0.030 0.077 0.072 0.008 0.010 0.062 0.091 
 202   (0.011) 0.000 0.002 0.001 0.009 0.012 0.001 0.008 0.008 0.001 0.001 0.002 0.002 

Locus 46 : 46 
10 alleles
1.0% missing data
 144   (0.067) 0.261 0.060 0.127 0.008 0.055 0.046 0.072 0.071 0.140 0.009 0.034 0.016 
 158   (0.146) 0.133 0.292 0.084 0.121 0.141 0.394 0.139 0.141 0.015 0.020 0.057 0.259 
 168   (0.149) 0.174 0.038 0.106 0.214 0.156 0.070 0.145 0.137 0.354 0.217 0.036 0.127 
 166   (0.139) 0.348 0.036 0.387 0.028 0.125 0.113 0.118 0.122 0.207 0.127 0.211 0.089 
 142   (0.355) 0.079 0.545 0.288 0.148 0.391 0.336 0.347 0.350 0.272 0.048 0.595 0.439 
 170   (0.017) 0.001 0.004 0.001 0.047 0.011 0.002 0.021 0.020 0.004 0.002 0.002 0.006 
 156   (0.029) 0.001 0.006 0.002 0.083 0.029 0.020 0.021 0.021 0.002 0.464 0.009 0.006 
 162   (0.047) 0.001 0.009 0.003 0.159 0.044 0.005 0.052 0.052 0.003 0.107 0.032 0.041 
 164   (0.044) 0.002 0.009 0.003 0.192 0.042 0.014 0.081 0.082 0.003 0.005 0.023 0.015 
 160   (0.007) 0.000 0.001 0.000 0.000 0.006 0.001 0.004 0.004 0.000 0.001 0.001 0.002 

Locus 47 : 47 
7 alleles
9.9% missing data
 149   (0.344) 0.210 0.446 0.338 0.766 0.361 0.199 0.340 0.338 0.296 0.354 0.408 0.099 
 151   (0.182) 0.238 0.339 0.012 0.090 0.167 0.567 0.166 0.167 0.054 0.084 0.121 0.364 
 153   (0.196) 0.313 0.127 0.027 0.044 0.199 0.135 0.175 0.181 0.478 0.030 0.368 0.182 
 147   (0.027) 0.037 0.008 0.002 0.002 0.023 0.029 0.039 0.039 0.003 0.004 0.003 0.005 
 145   (0.228) 0.198 0.073 0.620 0.043 0.233 0.066 0.256 0.251 0.167 0.524 0.098 0.346 
 152   (0.007) 0.003 0.003 0.000 0.001 0.004 0.001 0.003 0.003 0.001 0.001 0.001 0.002 
 143   (0.017) 0.000 0.004 0.001 0.054 0.013 0.002 0.021 0.021 0.001 0.002 0.002 0.003 

Values of parameters used in structure:
DATAFILE=temp2.str,	OUTFILE=k12/temp2_k12_run9,	NUMINDS=486,	NUMLOCI=47,	MISSING=-9,	LABEL=1,	POPDATA=1,	POPFLAG=0,	PHENOTYPE=0,	EXTRACOLS=0,	MAXPOPS=12,	BURNIN=500000,	NUMREPS=750000,	USEPOPINFO=0,	INFERALPHA=1,	INFERLAMBDA=0,	POPSPECIFICLAMBDA=0,	POPALPHAS=0,	COMPUTEPROB=1,	NOADMIX=0,	ADMBURNIN=500,	UPDATEFREQ=100,	PRINTLIKES=0,	INTERMEDSAVE=0,	PRINTKLD=0,	PRINTNET=1,	PRINTLAMBDA=1,	ANCESTDIST=0,	NUMBOXES=1000,	ANCESTPINT=0.90000,	GENSBACK=2,	MIGRPRIOR=0.01000,	PRINTQHAT=0,	PRINTQSUM=1,	ALPHA=1.0000,	FREQSCORR=1,	FPRIORMEAN=0.0100,	FPRIORSD=0.0500,	ONEFST=0,	LAMBDA=1.0000,	UNIFPRIORALPHA=1,	ALPHAMAX=10.0000,	ALPHAPRIORA=1.0000,	ALPHAPRIORB=2.0000,	ALPHAPROPSD=0.0250,	STARTATPOPINFO=0,	RANDOMIZE=0,	LINKAGE=0,	METROFREQ=10,	REPORTHITRATE=0,	MARKOVPHASE=0,	PHASED=1,	PLOIDY=2,	PHASEINFO=0	LOCPRIOR=0, 	LOCPRIORINIT=1.000000, 	LOCDATA=0, 	LOCISPOP=1, 	LOCPRIORSTEP=0.100000, 	MAXLOCPRIOR=20.000000, 	SEED=584478,	
[STRAT parameters]:    NUMSIMSTATS=1000,	PHENOTYPECOL=-9,	POOLFREQ=10,	LOCUSxONLY=0,	EMERROR=0.00100,	MISSINGPHENO=-9,	