

----------------------------------------------------
STRUCTURE by Pritchard, Stephens and Donnelly (2000)
     and Falush, Stephens and Pritchard (2003)
       Code by Pritchard, Falush and Hubisz
             Version 2.3.4 (Jul 2012)
----------------------------------------------------



Command line arguments:   structure -D 247634 -K 8 -m mainparams -o k8/temp2_k8_run6 
Input File:    temp2.str

Run parameters:
   486 individuals
   47 loci
   8 populations assumed
   500000 Burn-in period
   750000 Reps
RANDOMIZE turned off


--------------------------------------------
Proportion of membership of each pre-defined
 population in each of the 8 clusters

Given    Inferred Clusters                                          Number of
 Pop       1      2      3      4      5      6      7      8      Individuals

  1:     0.946  0.008  0.003  0.010  0.010  0.009  0.004  0.010       63
  2:     0.931  0.007  0.002  0.014  0.009  0.016  0.006  0.014       20
  3:     0.004  0.004  0.969  0.005  0.004  0.004  0.006  0.005       36
  4:     0.891  0.006  0.003  0.025  0.013  0.027  0.004  0.030       21
  5:     0.875  0.005  0.004  0.010  0.007  0.084  0.004  0.011       31
  6:     0.962  0.004  0.003  0.006  0.008  0.005  0.004  0.006       21
  7:     0.013  0.012  0.005  0.021  0.062  0.861  0.005  0.021       25
  8:     0.695  0.011  0.104  0.060  0.020  0.051  0.012  0.047        8
  9:     0.938  0.004  0.003  0.011  0.018  0.008  0.007  0.011       17
 10:     0.004  0.969  0.003  0.005  0.004  0.006  0.003  0.005       29
 11:     0.002  0.002  0.005  0.002  0.002  0.002  0.982  0.003        9
 12:     0.013  0.014  0.017  0.358  0.073  0.118  0.007  0.399       26
 13:     0.018  0.011  0.013  0.301  0.308  0.055  0.008  0.285       74
 14:     0.025  0.013  0.010  0.144  0.564  0.081  0.007  0.154       35
 15:     0.045  0.009  0.009  0.054  0.792  0.032  0.008  0.052       24
 16:     0.032  0.026  0.021  0.371  0.077  0.061  0.009  0.404       43
 17:     0.035  0.009  0.006  0.374  0.049  0.016  0.003  0.508        4
--------------------------------------------

Allele-freq. divergence among pops (Net nucleotide distance),
computed using point estimates of P.

      1       2       3       4       5       6       7       8      
 1      -    0.0732  0.1317  0.0256  0.0365  0.0341  0.1345  0.0257  
 2   0.0732     -    0.1162  0.0527  0.0653  0.0566  0.1294  0.0522  
 3   0.1317  0.1162     -    0.0766  0.1097  0.0917  0.1090  0.0759  
 4   0.0256  0.0527  0.0766     -    0.0149  0.0136  0.0975  0.0003  
 5   0.0365  0.0653  0.1097  0.0149     -    0.0257  0.1209  0.0141  
 6   0.0341  0.0566  0.0917  0.0136  0.0257     -    0.1029  0.0132  
 7   0.1345  0.1294  0.1090  0.0975  0.1209  0.1029     -    0.0971  
 8   0.0257  0.0522  0.0759  0.0003  0.0141  0.0132  0.0971     -    

Average distances (expected heterozygosity) between individuals in same cluster:
cluster  1  : 0.5529 
cluster  2  : 0.5481 
cluster  3  : 0.6366 
cluster  4  : 0.6383 
cluster  5  : 0.5843 
cluster  6  : 0.6128 
cluster  7  : 0.5358 
cluster  8  : 0.6416 

--------------------------------------------
Estimated Ln Prob of Data   = -52133.6
Mean value of ln likelihood = -51216.7
Variance of ln likelihood   = 1833.8
Mean value of alpha         = 0.0319

Mean value of Fst_1         = 0.1289
Mean value of Fst_2         = 0.2051
Mean value of Fst_3         = 0.1718
Mean value of Fst_4         = 0.0158
Mean value of Fst_5         = 0.0655
Mean value of Fst_6         = 0.0638
Mean value of Fst_7         = 0.3020
Mean value of Fst_8         = 0.0127


Inferred ancestry of individuals:
        Label (%Miss) Pop:  Inferred clusters
  1      221    (0)    1 :  0.963 0.002 0.003 0.006 0.007 0.011 0.003 0.006 
  2      222    (0)    1 :  0.956 0.008 0.003 0.007 0.005 0.010 0.005 0.006 
  3      223    (0)    1 :  0.957 0.003 0.004 0.010 0.008 0.006 0.003 0.009 
  4      224    (0)    1 :  0.982 0.005 0.001 0.003 0.002 0.004 0.001 0.003 
  5      225    (0)    1 :  0.978 0.003 0.002 0.004 0.003 0.003 0.002 0.004 
  6      226    (0)    1 :  0.969 0.002 0.001 0.005 0.003 0.011 0.004 0.005 
  7      227    (0)    1 :  0.920 0.005 0.006 0.013 0.006 0.023 0.015 0.012 
  8      228    (0)    1 :  0.956 0.005 0.004 0.008 0.012 0.006 0.003 0.008 
  9      234    (0)    1 :  0.982 0.002 0.001 0.003 0.004 0.003 0.002 0.003 
 10      235    (0)    1 :  0.982 0.002 0.001 0.003 0.003 0.003 0.003 0.003 
 11      236    (0)    1 :  0.986 0.002 0.001 0.002 0.002 0.003 0.001 0.002 
 12      237    (0)    1 :  0.981 0.002 0.002 0.004 0.004 0.003 0.001 0.003 
 13      238    (0)    1 :  0.956 0.007 0.004 0.006 0.005 0.013 0.003 0.005 
 14      239    (0)    1 :  0.821 0.019 0.003 0.034 0.011 0.072 0.009 0.031 
 15      240    (0)    1 :  0.982 0.002 0.001 0.003 0.003 0.004 0.002 0.003 
 16      242    (0)    1 :  0.605 0.002 0.001 0.185 0.026 0.018 0.001 0.161 
 17      243    (0)    1 :  0.932 0.015 0.002 0.009 0.005 0.015 0.011 0.010 
 18      244    (0)    1 :  0.954 0.003 0.002 0.008 0.002 0.013 0.010 0.007 
 19      245    (0)    1 :  0.888 0.009 0.031 0.016 0.016 0.011 0.014 0.015 
 20      246    (0)    1 :  0.981 0.002 0.002 0.003 0.002 0.003 0.003 0.003 
 21      248    (0)    1 :  0.947 0.024 0.003 0.008 0.004 0.005 0.003 0.007 
 22      249    (0)    1 :  0.986 0.002 0.001 0.002 0.002 0.003 0.001 0.002 
 23      250    (0)    1 :  0.927 0.011 0.008 0.012 0.015 0.010 0.005 0.013 
 24      251    (0)    1 :  0.975 0.002 0.001 0.004 0.008 0.003 0.003 0.004 
 25      252    (0)    1 :  0.901 0.054 0.002 0.009 0.016 0.008 0.001 0.010 
 26      253    (0)    1 :  0.867 0.030 0.020 0.034 0.004 0.009 0.003 0.033 
 27      254    (0)    1 :  0.972 0.003 0.002 0.006 0.004 0.006 0.002 0.006 
 28      255    (0)    1 :  0.951 0.004 0.002 0.008 0.004 0.020 0.002 0.008 
 29      256    (0)    1 :  0.976 0.001 0.003 0.005 0.004 0.004 0.002 0.005 
 30      257    (0)    1 :  0.951 0.008 0.002 0.008 0.009 0.011 0.003 0.008 
 31      258    (0)    1 :  0.964 0.003 0.003 0.006 0.009 0.007 0.001 0.006 
 32      259    (0)    1 :  0.958 0.003 0.002 0.012 0.007 0.006 0.002 0.011 
 33      260    (0)    1 :  0.910 0.059 0.002 0.004 0.004 0.011 0.005 0.004 
 34      261    (0)    1 :  0.859 0.012 0.002 0.011 0.086 0.015 0.003 0.014 
 35      262    (0)    1 :  0.987 0.002 0.001 0.002 0.002 0.003 0.001 0.002 
 36      263    (0)    1 :  0.939 0.020 0.003 0.004 0.004 0.022 0.004 0.004 
 37      264    (0)    1 :  0.977 0.003 0.001 0.004 0.005 0.005 0.001 0.004 
 38      265    (0)    1 :  0.950 0.025 0.001 0.004 0.004 0.010 0.002 0.004 
 39      266    (0)    1 :  0.986 0.002 0.001 0.003 0.003 0.002 0.001 0.003 
 40      267    (0)    1 :  0.985 0.001 0.001 0.003 0.003 0.003 0.002 0.003 
 41      268    (0)    1 :  0.915 0.053 0.001 0.006 0.005 0.006 0.008 0.006 
 42      269    (0)    1 :  0.984 0.002 0.001 0.002 0.003 0.003 0.001 0.002 
 43      270    (0)    1 :  0.980 0.002 0.001 0.003 0.003 0.006 0.002 0.003 
 44      271    (0)    1 :  0.912 0.010 0.005 0.019 0.016 0.012 0.003 0.022 
 45      272    (0)    1 :  0.927 0.005 0.002 0.013 0.020 0.014 0.005 0.015 
 46      273    (0)    1 :  0.933 0.003 0.003 0.012 0.009 0.028 0.002 0.011 
 47      274    (0)    1 :  0.972 0.005 0.002 0.004 0.006 0.005 0.003 0.004 
 48      275    (2)    1 :  0.978 0.002 0.001 0.004 0.004 0.005 0.001 0.004 
 49      276    (0)    1 :  0.972 0.004 0.001 0.005 0.007 0.004 0.002 0.005 
 50      277    (0)    1 :  0.913 0.002 0.001 0.008 0.058 0.007 0.001 0.009 
 51      278    (0)    1 :  0.945 0.004 0.001 0.008 0.022 0.005 0.007 0.007 
 52      279    (0)    1 :  0.961 0.002 0.002 0.011 0.007 0.005 0.002 0.011 
 53      280    (0)    1 :  0.954 0.004 0.002 0.007 0.015 0.009 0.002 0.007 
 54      287    (0)    1 :  0.944 0.006 0.003 0.012 0.009 0.011 0.004 0.012 
 55      290    (0)    1 :  0.958 0.002 0.002 0.007 0.009 0.009 0.005 0.008 
 56      291    (0)    1 :  0.942 0.005 0.002 0.008 0.026 0.005 0.003 0.008 
 57      295    (0)    1 :  0.972 0.003 0.001 0.003 0.013 0.004 0.001 0.003 
 58      296    (0)    1 :  0.977 0.004 0.002 0.004 0.003 0.004 0.002 0.004 
 59      872    (2)    1 :  0.972 0.005 0.003 0.004 0.004 0.005 0.004 0.004 
 60      873    (4)    1 :  0.947 0.003 0.003 0.013 0.004 0.015 0.004 0.013 
 61      874    (2)    1 :  0.970 0.002 0.001 0.005 0.011 0.005 0.001 0.004 
 62      875    (0)    1 :  0.965 0.002 0.003 0.004 0.004 0.004 0.014 0.004 
 63      876    (6)    1 :  0.925 0.014 0.002 0.012 0.015 0.021 0.001 0.011 
 64      212    (0)   10 :  0.002 0.985 0.001 0.002 0.004 0.002 0.001 0.002 
 65      213    (0)   10 :  0.004 0.974 0.002 0.004 0.006 0.003 0.002 0.004 
 66      214    (0)   10 :  0.004 0.975 0.003 0.005 0.003 0.004 0.001 0.005 
 67      215    (0)   10 :  0.005 0.975 0.002 0.003 0.005 0.004 0.003 0.003 
 68      216    (0)   10 :  0.004 0.981 0.001 0.003 0.004 0.003 0.002 0.003 
 69      217    (0)   10 :  0.004 0.974 0.002 0.006 0.004 0.003 0.001 0.005 
 70      218    (0)   10 :  0.003 0.982 0.003 0.002 0.003 0.003 0.002 0.003 
 71      332    (0)   10 :  0.012 0.922 0.002 0.010 0.013 0.025 0.006 0.009 
 72      333    (0)   10 :  0.013 0.909 0.008 0.013 0.007 0.026 0.010 0.015 
 73      334    (0)   10 :  0.005 0.971 0.002 0.004 0.005 0.006 0.003 0.004 
 74      335    (0)   10 :  0.002 0.984 0.002 0.003 0.003 0.002 0.001 0.003 
 75      336    (0)   10 :  0.003 0.972 0.002 0.002 0.002 0.005 0.012 0.002 
 76      337    (0)   10 :  0.009 0.965 0.003 0.005 0.002 0.009 0.002 0.005 
 77      673    (0)   10 :  0.001 0.991 0.001 0.001 0.002 0.001 0.001 0.001 
 78      674    (0)   10 :  0.003 0.975 0.001 0.004 0.004 0.007 0.002 0.004 
 79      675    (0)   10 :  0.003 0.973 0.002 0.004 0.006 0.004 0.004 0.004 
 80      676    (0)   10 :  0.003 0.973 0.002 0.005 0.007 0.005 0.001 0.004 
 81      677    (0)   10 :  0.005 0.979 0.001 0.003 0.003 0.003 0.002 0.003 
 82      678    (0)   10 :  0.010 0.943 0.003 0.012 0.009 0.005 0.005 0.014 
 83      679    (0)   10 :  0.004 0.932 0.032 0.008 0.004 0.011 0.002 0.007 
 84      680    (0)   10 :  0.004 0.964 0.002 0.004 0.007 0.010 0.005 0.005 
 85      681    (0)   10 :  0.005 0.971 0.002 0.006 0.004 0.005 0.002 0.005 
 86      682    (0)   10 :  0.002 0.985 0.002 0.002 0.002 0.002 0.003 0.002 
 87      683    (0)   10 :  0.004 0.973 0.002 0.004 0.004 0.006 0.002 0.005 
 88      684    (0)   10 :  0.002 0.974 0.002 0.004 0.005 0.005 0.002 0.005 
 89      685    (0)   10 :  0.003 0.969 0.004 0.005 0.003 0.008 0.003 0.005 
 90      686    (0)   10 :  0.002 0.983 0.004 0.002 0.002 0.002 0.003 0.002 
 91      687    (0)   10 :  0.002 0.986 0.001 0.002 0.002 0.002 0.002 0.002 
 92      688    (0)   10 :  0.006 0.975 0.001 0.003 0.006 0.005 0.002 0.003 
 93      070    (0)   11 :  0.002 0.001 0.007 0.004 0.002 0.003 0.976 0.004 
 94      071    (0)   11 :  0.002 0.005 0.001 0.003 0.003 0.003 0.979 0.003 
 95      072    (0)   11 :  0.001 0.001 0.004 0.002 0.002 0.002 0.986 0.002 
 96      151    (0)   11 :  0.001 0.001 0.002 0.001 0.002 0.002 0.990 0.001 
 97      152    (0)   11 :  0.003 0.002 0.002 0.005 0.004 0.003 0.976 0.005 
 98      153    (2)   11 :  0.001 0.001 0.002 0.001 0.001 0.001 0.990 0.001 
 99      788    (4)   11 :  0.002 0.002 0.021 0.002 0.003 0.002 0.965 0.002 
100      789    (2)   11 :  0.002 0.003 0.002 0.002 0.002 0.002 0.987 0.002 
101      790    (0)   11 :  0.002 0.001 0.001 0.002 0.001 0.002 0.989 0.002 
102      010    (0)   12 :  0.006 0.004 0.009 0.426 0.006 0.012 0.002 0.535 
103      024    (0)   12 :  0.008 0.013 0.043 0.336 0.042 0.014 0.006 0.537 
104      051    (0)   12 :  0.006 0.007 0.060 0.223 0.008 0.418 0.013 0.265 
105      090    (0)   12 :  0.007 0.005 0.015 0.353 0.016 0.069 0.006 0.529 
106      102    (0)   12 :  0.039 0.003 0.002 0.247 0.290 0.025 0.002 0.392 
107      111    (0)   12 :  0.009 0.003 0.003 0.435 0.013 0.012 0.002 0.524 
108      113    (0)   12 :  0.008 0.004 0.006 0.340 0.074 0.177 0.007 0.385 
109      138    (0)   12 :  0.008 0.072 0.005 0.509 0.015 0.011 0.028 0.352 
110      150    (0)   12 :  0.023 0.004 0.035 0.045 0.789 0.059 0.011 0.033 
111      173    (2)   12 :  0.006 0.014 0.029 0.170 0.058 0.538 0.020 0.163 
112      174    (2)   12 :  0.007 0.003 0.018 0.541 0.004 0.019 0.019 0.388 
113      175    (0)   12 :  0.003 0.003 0.071 0.344 0.010 0.085 0.006 0.478 
114      176    (0)   12 :  0.025 0.011 0.004 0.420 0.012 0.009 0.005 0.514 
115      177    (0)   12 :  0.004 0.002 0.010 0.255 0.016 0.518 0.003 0.192 
116      180    (0)   12 :  0.058 0.006 0.002 0.299 0.007 0.325 0.003 0.300 
117      184    (0)   12 :  0.006 0.005 0.008 0.531 0.060 0.028 0.010 0.353 
118      195    (0)   12 :  0.007 0.016 0.007 0.425 0.021 0.020 0.005 0.501 
119      198    (0)   12 :  0.014 0.006 0.006 0.525 0.008 0.014 0.002 0.424 
120      203    (0)   12 :  0.009 0.005 0.002 0.347 0.018 0.018 0.008 0.594 
121      211    (0)   12 :  0.030 0.100 0.003 0.373 0.033 0.009 0.003 0.449 
122      220    (0)   12 :  0.005 0.008 0.005 0.265 0.213 0.177 0.002 0.324 
123      233    (0)   12 :  0.011 0.040 0.002 0.272 0.142 0.058 0.005 0.468 
124      331    (0)   12 :  0.006 0.004 0.021 0.347 0.010 0.035 0.007 0.570 
125      349    (0)   12 :  0.008 0.005 0.065 0.187 0.016 0.408 0.005 0.305 
126      410    (0)   12 :  0.008 0.021 0.004 0.564 0.005 0.015 0.003 0.380 
127      417    (2)   12 :  0.029 0.004 0.004 0.538 0.010 0.006 0.002 0.406 
128      421    (0)   13 :  0.013 0.005 0.001 0.009 0.954 0.005 0.002 0.010 
129      423    (0)   13 :  0.007 0.002 0.006 0.387 0.006 0.021 0.006 0.565 
130      424    (0)   13 :  0.021 0.002 0.008 0.214 0.008 0.560 0.002 0.185 
131      433    (0)   13 :  0.005 0.016 0.014 0.212 0.624 0.007 0.002 0.120 
132      462    (0)   13 :  0.009 0.023 0.006 0.340 0.171 0.132 0.002 0.316 
133      463    (0)   13 :  0.017 0.003 0.024 0.489 0.013 0.021 0.002 0.430 
134      467    (0)   13 :  0.011 0.011 0.006 0.009 0.939 0.011 0.006 0.008 
135      468    (0)   13 :  0.037 0.002 0.006 0.032 0.327 0.537 0.004 0.057 
136      469    (0)   13 :  0.069 0.002 0.003 0.163 0.611 0.009 0.002 0.141 
137      472    (0)   13 :  0.007 0.007 0.018 0.477 0.024 0.008 0.004 0.454 
138      473    (0)   13 :  0.004 0.008 0.015 0.271 0.019 0.186 0.002 0.496 
139      474    (0)   13 :  0.010 0.010 0.002 0.010 0.945 0.014 0.001 0.008 
140      475    (0)   13 :  0.004 0.003 0.011 0.128 0.661 0.018 0.003 0.172 
141      476    (2)   13 :  0.005 0.024 0.029 0.016 0.872 0.024 0.010 0.020 
142      477    (0)   13 :  0.011 0.018 0.009 0.343 0.039 0.009 0.004 0.566 
143      478    (0)   13 :  0.025 0.003 0.002 0.309 0.057 0.021 0.002 0.581 
144      479    (0)   13 :  0.031 0.003 0.002 0.146 0.709 0.020 0.004 0.086 
145      480    (0)   13 :  0.003 0.002 0.001 0.007 0.971 0.007 0.002 0.006 
146      481    (0)   13 :  0.007 0.003 0.006 0.449 0.061 0.025 0.029 0.419 
147      482    (0)   13 :  0.006 0.040 0.004 0.456 0.046 0.012 0.002 0.433 
148      489    (0)   13 :  0.005 0.016 0.030 0.441 0.060 0.014 0.004 0.429 
149      490    (0)   13 :  0.021 0.003 0.006 0.607 0.010 0.020 0.003 0.329 
150      491    (0)   13 :  0.005 0.120 0.001 0.413 0.027 0.079 0.008 0.347 
151      492    (0)   13 :  0.030 0.016 0.017 0.070 0.735 0.062 0.004 0.066 
152      493    (0)   13 :  0.011 0.006 0.023 0.051 0.818 0.018 0.011 0.062 
153      494    (0)   13 :  0.005 0.035 0.022 0.333 0.338 0.018 0.024 0.225 
154      498    (0)   13 :  0.020 0.003 0.008 0.502 0.021 0.013 0.006 0.427 
155      499    (0)   13 :  0.009 0.007 0.006 0.349 0.016 0.050 0.003 0.559 
156      709    (0)   13 :  0.011 0.010 0.011 0.526 0.016 0.013 0.067 0.346 
157      710    (4)   13 :  0.009 0.002 0.081 0.254 0.329 0.004 0.006 0.316 
158      711    (2)   13 :  0.041 0.004 0.003 0.352 0.016 0.170 0.007 0.409 
159      712    (4)   13 :  0.011 0.003 0.003 0.620 0.012 0.012 0.002 0.338 
160      713    (0)   13 :  0.005 0.007 0.022 0.346 0.005 0.009 0.003 0.603 
161      714    (2)   13 :  0.007 0.002 0.005 0.009 0.943 0.014 0.010 0.010 
162      715    (4)   13 :  0.041 0.031 0.003 0.020 0.863 0.015 0.010 0.016 
163      716    (0)   13 :  0.003 0.003 0.002 0.009 0.968 0.004 0.002 0.008 
164      717    (2)   13 :  0.013 0.009 0.005 0.209 0.400 0.014 0.003 0.347 
165      718    (4)   13 :  0.020 0.002 0.004 0.585 0.041 0.019 0.002 0.327 
166      719    (0)   13 :  0.003 0.002 0.002 0.004 0.980 0.003 0.002 0.004 
167      720    (2)   13 :  0.008 0.010 0.005 0.015 0.931 0.011 0.002 0.018 
168      721    (0)   13 :  0.006 0.007 0.011 0.145 0.595 0.041 0.044 0.152 
169      722    (4)   13 :  0.009 0.002 0.001 0.004 0.972 0.005 0.002 0.004 
170      723    (0)   13 :  0.004 0.008 0.003 0.013 0.946 0.004 0.007 0.016 
171      724    (0)   13 :  0.039 0.007 0.025 0.012 0.893 0.007 0.004 0.013 
172      725    (0)   13 :  0.006 0.010 0.014 0.348 0.019 0.013 0.003 0.587 
173      726    (0)   13 :  0.005 0.006 0.032 0.218 0.367 0.033 0.007 0.331 
174      727    (0)   13 :  0.005 0.013 0.002 0.481 0.110 0.016 0.007 0.366 
175      728    (2)   13 :  0.012 0.006 0.006 0.361 0.020 0.014 0.088 0.493 
176      729    (6)   13 :  0.006 0.004 0.003 0.485 0.036 0.014 0.004 0.448 
177      730    (2)   13 :  0.014 0.004 0.003 0.600 0.027 0.013 0.006 0.332 
178      731    (2)   13 :  0.011 0.002 0.003 0.624 0.007 0.007 0.002 0.345 
179      732    (0)   13 :  0.014 0.007 0.011 0.315 0.276 0.039 0.003 0.335 
180      733    (0)   13 :  0.023 0.003 0.012 0.415 0.103 0.012 0.005 0.427 
181      734    (2)   13 :  0.010 0.088 0.028 0.369 0.037 0.149 0.008 0.310 
182      735    (4)   13 :  0.006 0.008 0.002 0.352 0.033 0.033 0.003 0.564 
183      736    (2)   13 :  0.004 0.016 0.007 0.580 0.007 0.014 0.013 0.359 
184      737    (0)   13 :  0.014 0.003 0.002 0.612 0.005 0.018 0.009 0.336 
185      738    (2)   13 :  0.009 0.005 0.004 0.524 0.009 0.037 0.003 0.409 
186      739    (8)   13 :  0.010 0.006 0.002 0.591 0.033 0.013 0.008 0.337 
187      740    (4)   13 :  0.007 0.002 0.006 0.552 0.101 0.005 0.002 0.326 
188      741    (2)   13 :  0.156 0.026 0.011 0.367 0.124 0.024 0.002 0.291 
189      742    (4)   13 :  0.012 0.004 0.006 0.517 0.012 0.054 0.005 0.390 
190      743    (2)   13 :  0.005 0.009 0.003 0.008 0.959 0.006 0.002 0.008 
191      744    (0)   13 :  0.006 0.004 0.126 0.223 0.319 0.009 0.023 0.290 
192      745    (0)   13 :  0.074 0.005 0.004 0.108 0.606 0.011 0.019 0.174 
193      746    (2)   13 :  0.006 0.005 0.004 0.511 0.006 0.018 0.004 0.445 
194      747    (2)   13 :  0.033 0.019 0.004 0.546 0.011 0.051 0.005 0.332 
195      748    (0)   13 :  0.115 0.018 0.013 0.183 0.024 0.425 0.005 0.217 
196      749    (2)   13 :  0.039 0.021 0.140 0.243 0.014 0.190 0.009 0.343 
197      750    (4)   13 :  0.014 0.005 0.011 0.480 0.012 0.018 0.004 0.456 
198      751    (0)   13 :  0.015 0.007 0.002 0.348 0.017 0.093 0.014 0.505 
199      752    (2)   13 :  0.022 0.002 0.002 0.023 0.479 0.432 0.003 0.036 
200      753    (4)   13 :  0.035 0.030 0.003 0.312 0.046 0.045 0.008 0.521 
201      754    (2)   13 :  0.004 0.003 0.005 0.629 0.005 0.006 0.003 0.345 
202      155    (0)   14 :  0.030 0.038 0.011 0.355 0.021 0.010 0.004 0.531 
203      156    (2)   14 :  0.023 0.005 0.011 0.317 0.014 0.011 0.109 0.509 
204      157    (2)   14 :  0.005 0.008 0.025 0.606 0.009 0.011 0.002 0.335 
205      158    (0)   14 :  0.009 0.007 0.004 0.464 0.024 0.059 0.004 0.428 
206      159    (0)   14 :  0.027 0.003 0.010 0.377 0.015 0.009 0.007 0.553 
207      160    (0)   14 :  0.013 0.010 0.004 0.213 0.583 0.047 0.003 0.128 
208      161    (0)   14 :  0.006 0.008 0.184 0.462 0.081 0.010 0.003 0.246 
209      162    (0)   14 :  0.007 0.006 0.003 0.182 0.432 0.030 0.007 0.333 
210      163    (2)   14 :  0.004 0.003 0.003 0.404 0.007 0.085 0.008 0.486 
211      164    (0)   14 :  0.060 0.019 0.015 0.341 0.020 0.020 0.002 0.524 
212      165    (2)   14 :  0.008 0.005 0.019 0.515 0.007 0.004 0.005 0.437 
213      427    (0)   14 :  0.006 0.068 0.003 0.009 0.887 0.008 0.009 0.010 
214      428    (0)   14 :  0.008 0.004 0.002 0.005 0.960 0.013 0.003 0.006 
215      429    (0)   14 :  0.005 0.003 0.002 0.006 0.969 0.006 0.003 0.007 
216      430    (0)   14 :  0.046 0.004 0.009 0.191 0.087 0.442 0.002 0.218 
217      431    (0)   14 :  0.031 0.003 0.003 0.010 0.935 0.008 0.002 0.009 
218      435    (0)   14 :  0.003 0.002 0.001 0.003 0.984 0.003 0.002 0.003 
219      436    (0)   14 :  0.006 0.003 0.002 0.004 0.977 0.003 0.001 0.004 
220      437    (0)   14 :  0.035 0.004 0.002 0.007 0.938 0.004 0.002 0.008 
221      438    (0)   14 :  0.036 0.002 0.003 0.014 0.912 0.012 0.005 0.016 
222      439    (0)   14 :  0.015 0.004 0.002 0.118 0.715 0.031 0.006 0.109 
223      441    (0)   14 :  0.005 0.004 0.005 0.012 0.185 0.753 0.001 0.035 
224      442    (0)   14 :  0.009 0.184 0.002 0.010 0.764 0.015 0.006 0.011 
225      443    (4)   14 :  0.009 0.002 0.002 0.007 0.961 0.009 0.003 0.007 
226      444    (4)   14 :  0.007 0.011 0.005 0.006 0.956 0.005 0.005 0.006 
227      445    (2)   14 :  0.061 0.003 0.003 0.062 0.756 0.005 0.010 0.101 
228      446    (0)   14 :  0.003 0.006 0.003 0.005 0.969 0.005 0.003 0.005 
229      447    (0)   14 :  0.011 0.004 0.001 0.009 0.958 0.005 0.004 0.009 
230      449    (0)   14 :  0.005 0.004 0.001 0.003 0.979 0.003 0.001 0.003 
231      460    (0)   14 :  0.013 0.005 0.004 0.010 0.946 0.006 0.002 0.013 
232      461    (0)   14 :  0.040 0.009 0.006 0.141 0.652 0.049 0.002 0.102 
233      484    (0)   14 :  0.331 0.014 0.004 0.114 0.039 0.398 0.007 0.092 
234      485    (0)   14 :  0.004 0.004 0.002 0.006 0.974 0.003 0.001 0.006 
235      486    (0)   14 :  0.007 0.003 0.005 0.023 0.161 0.744 0.002 0.055 
236      487    (0)   14 :  0.006 0.009 0.002 0.037 0.881 0.017 0.003 0.045 
237      178    (0)   15 :  0.004 0.005 0.013 0.047 0.865 0.011 0.009 0.045 
238      422    (0)   15 :  0.009 0.003 0.001 0.007 0.967 0.004 0.002 0.006 
239      425    (0)   15 :  0.004 0.003 0.002 0.013 0.959 0.006 0.001 0.011 
240      426    (0)   15 :  0.004 0.024 0.028 0.237 0.095 0.309 0.100 0.203 
241      432    (0)   15 :  0.016 0.011 0.006 0.133 0.541 0.088 0.011 0.194 
242      434    (0)   15 :  0.006 0.006 0.002 0.005 0.967 0.006 0.003 0.005 
243      440    (0)   15 :  0.004 0.018 0.004 0.064 0.778 0.041 0.002 0.089 
244      448    (2)   15 :  0.017 0.022 0.002 0.008 0.930 0.012 0.002 0.007 
245      456    (0)   15 :  0.252 0.011 0.003 0.142 0.345 0.040 0.003 0.203 
246      457    (0)   15 :  0.025 0.004 0.004 0.029 0.851 0.035 0.006 0.047 
247      458    (0)   15 :  0.013 0.020 0.004 0.280 0.435 0.073 0.008 0.166 
248      459    (0)   15 :  0.007 0.005 0.004 0.015 0.941 0.013 0.003 0.012 
249      464    (0)   15 :  0.003 0.005 0.005 0.006 0.967 0.004 0.003 0.006 
250      465    (0)   15 :  0.003 0.002 0.003 0.012 0.967 0.004 0.001 0.008 
251      466    (0)   15 :  0.017 0.005 0.001 0.018 0.934 0.008 0.001 0.015 
252      470    (0)   15 :  0.003 0.004 0.002 0.005 0.970 0.008 0.002 0.005 
253      471    (0)   15 :  0.008 0.003 0.003 0.012 0.916 0.029 0.017 0.012 
254      483    (0)   15 :  0.006 0.012 0.010 0.045 0.871 0.015 0.003 0.037 
255      488    (0)   15 :  0.015 0.006 0.003 0.063 0.849 0.016 0.003 0.045 
256      495    (0)   15 :  0.011 0.002 0.003 0.010 0.959 0.006 0.001 0.008 
257      496    (0)   15 :  0.003 0.002 0.003 0.013 0.960 0.006 0.002 0.010 
258      497    (0)   15 :  0.009 0.032 0.005 0.014 0.915 0.003 0.003 0.019 
259      500    (0)   15 :  0.634 0.002 0.098 0.093 0.086 0.014 0.003 0.070 
260      879    (0)   15 :  0.004 0.014 0.005 0.014 0.932 0.014 0.003 0.014 
261      036    (0)   16 :  0.007 0.002 0.003 0.386 0.016 0.005 0.004 0.578 
262      063    (2)   16 :  0.019 0.014 0.003 0.408 0.042 0.062 0.004 0.448 
263      094    (4)   16 :  0.109 0.008 0.011 0.473 0.051 0.016 0.005 0.326 
264      103    (4)   16 :  0.006 0.005 0.011 0.517 0.006 0.005 0.002 0.448 
265      112    (0)   16 :  0.007 0.005 0.006 0.491 0.006 0.036 0.003 0.447 
266      114    (2)   16 :  0.005 0.004 0.002 0.466 0.043 0.006 0.002 0.472 
267      120    (0)   16 :  0.028 0.004 0.003 0.570 0.020 0.039 0.002 0.334 
268      127    (2)   16 :  0.008 0.006 0.007 0.264 0.014 0.416 0.003 0.282 
269      147    (0)   16 :  0.003 0.007 0.008 0.263 0.017 0.400 0.053 0.250 
270      166    (0)   16 :  0.007 0.015 0.055 0.318 0.050 0.079 0.023 0.453 
271      167    (0)   16 :  0.013 0.005 0.006 0.252 0.296 0.015 0.006 0.406 
272      168    (0)   16 :  0.005 0.004 0.010 0.347 0.014 0.004 0.003 0.614 
273      169    (2)   16 :  0.011 0.005 0.004 0.228 0.447 0.041 0.005 0.259 
274      170    (0)   16 :  0.030 0.032 0.032 0.406 0.013 0.036 0.004 0.448 
275      171    (2)   16 :  0.082 0.005 0.008 0.359 0.007 0.026 0.013 0.501 
276      172    (0)   16 :  0.020 0.004 0.004 0.597 0.015 0.014 0.010 0.336 
277      185    (0)   16 :  0.005 0.005 0.004 0.311 0.093 0.030 0.004 0.548 
278      199    (2)   16 :  0.006 0.215 0.010 0.271 0.007 0.009 0.006 0.476 
279      339    (0)   16 :  0.008 0.007 0.003 0.116 0.631 0.024 0.009 0.202 
280      355    (0)   16 :  0.003 0.068 0.027 0.315 0.003 0.010 0.010 0.563 
281      356    (0)   16 :  0.004 0.005 0.084 0.573 0.007 0.008 0.003 0.317 
282      357    (0)   16 :  0.008 0.017 0.005 0.484 0.013 0.034 0.011 0.427 
283      358    (0)   16 :  0.014 0.004 0.004 0.324 0.017 0.061 0.006 0.572 
284      359    (0)   16 :  0.005 0.009 0.004 0.452 0.008 0.019 0.002 0.502 
285      360    (0)   16 :  0.016 0.004 0.019 0.365 0.058 0.022 0.010 0.505 
286      361    (0)   16 :  0.006 0.003 0.003 0.544 0.118 0.015 0.002 0.310 
287      362    (0)   16 :  0.244 0.006 0.018 0.234 0.079 0.056 0.005 0.358 
288      363    (0)   16 :  0.006 0.049 0.008 0.063 0.016 0.779 0.015 0.065 
289      364    (0)   16 :  0.388 0.045 0.111 0.194 0.015 0.037 0.003 0.208 
290      365    (0)   16 :  0.048 0.003 0.105 0.283 0.186 0.009 0.011 0.354 
291      366    (0)   16 :  0.006 0.003 0.004 0.458 0.006 0.025 0.034 0.464 
292      367    (0)   16 :  0.013 0.002 0.002 0.336 0.007 0.009 0.008 0.623 
293      368    (0)   16 :  0.077 0.004 0.080 0.291 0.005 0.043 0.011 0.488 
294      369    (0)   16 :  0.003 0.004 0.016 0.374 0.005 0.008 0.004 0.586 
295      370    (0)   16 :  0.007 0.006 0.046 0.567 0.019 0.018 0.010 0.326 
296      371    (0)   16 :  0.018 0.006 0.002 0.348 0.010 0.005 0.002 0.608 
297      372    (0)   16 :  0.011 0.348 0.006 0.019 0.567 0.023 0.004 0.021 
298      373    (0)   16 :  0.007 0.026 0.091 0.509 0.038 0.005 0.003 0.322 
299      380    (0)   16 :  0.026 0.009 0.010 0.548 0.011 0.051 0.005 0.339 
300      388    (0)   16 :  0.014 0.019 0.044 0.524 0.008 0.055 0.007 0.329 
301      418    (0)   16 :  0.025 0.046 0.005 0.408 0.024 0.037 0.007 0.448 
302      419    (0)   16 :  0.008 0.003 0.006 0.404 0.043 0.014 0.006 0.517 
303      420    (0)   16 :  0.048 0.064 0.006 0.275 0.250 0.023 0.059 0.275 
304      409    (0)   17 :  0.015 0.004 0.004 0.472 0.026 0.009 0.002 0.468 
305      414    (0)   17 :  0.023 0.007 0.002 0.340 0.010 0.011 0.002 0.605 
306      415    (2)   17 :  0.007 0.013 0.013 0.398 0.008 0.025 0.003 0.535 
307      416    (0)   17 :  0.096 0.013 0.004 0.288 0.153 0.021 0.003 0.422 
308      571    (0)    2 :  0.938 0.003 0.002 0.005 0.015 0.028 0.003 0.005 
309      572    (0)    2 :  0.918 0.004 0.004 0.013 0.003 0.039 0.005 0.013 
310      573    (2)    2 :  0.977 0.003 0.001 0.005 0.004 0.003 0.001 0.006 
311      574    (0)    2 :  0.969 0.002 0.005 0.006 0.005 0.005 0.002 0.006 
312      575    (2)    2 :  0.902 0.006 0.004 0.009 0.008 0.052 0.010 0.009 
313      576    (0)    2 :  0.986 0.002 0.001 0.002 0.002 0.003 0.001 0.002 
314      577    (0)    2 :  0.973 0.005 0.001 0.004 0.006 0.005 0.002 0.004 
315      578    (0)    2 :  0.978 0.006 0.001 0.002 0.004 0.004 0.002 0.003 
316      579    (0)    2 :  0.977 0.003 0.001 0.003 0.009 0.003 0.002 0.003 
317      580    (0)    2 :  0.984 0.002 0.001 0.003 0.004 0.003 0.001 0.003 
318      581    (0)    2 :  0.984 0.002 0.001 0.002 0.004 0.002 0.002 0.002 
319      582    (4)    2 :  0.863 0.019 0.003 0.020 0.016 0.007 0.052 0.020 
320      583    (0)    2 :  0.560 0.020 0.002 0.147 0.037 0.077 0.010 0.147 
321      584    (0)    2 :  0.952 0.007 0.001 0.007 0.018 0.005 0.003 0.006 
322      585    (0)    2 :  0.976 0.002 0.001 0.003 0.007 0.006 0.002 0.003 
323      586    (2)    2 :  0.970 0.008 0.001 0.003 0.007 0.005 0.002 0.003 
324      587    (0)    2 :  0.985 0.002 0.001 0.002 0.003 0.003 0.002 0.002 
325      588    (0)    2 :  0.911 0.010 0.008 0.014 0.009 0.018 0.013 0.017 
326      589    (0)    2 :  0.849 0.023 0.007 0.023 0.019 0.049 0.005 0.026 
327      590    (0)    2 :  0.967 0.008 0.002 0.004 0.005 0.003 0.007 0.004 
328      001    (0)    3 :  0.003 0.001 0.981 0.003 0.002 0.002 0.003 0.004 
329      005    (0)    3 :  0.001 0.003 0.984 0.002 0.001 0.002 0.005 0.002 
330      106    (0)    3 :  0.004 0.002 0.982 0.003 0.002 0.002 0.002 0.003 
331      192    (0)    3 :  0.008 0.014 0.920 0.020 0.005 0.009 0.006 0.018 
332      229    (0)    3 :  0.004 0.004 0.925 0.006 0.004 0.009 0.043 0.006 
333      319    (0)    3 :  0.002 0.002 0.979 0.004 0.002 0.002 0.004 0.004 
334      327    (0)    3 :  0.003 0.003 0.982 0.003 0.002 0.002 0.002 0.003 
335      340    (0)    3 :  0.003 0.003 0.977 0.004 0.002 0.003 0.003 0.004 
336      345    (0)    3 :  0.004 0.002 0.965 0.006 0.003 0.004 0.010 0.005 
337      375    (0)    3 :  0.002 0.004 0.980 0.003 0.002 0.003 0.003 0.003 
338      501    (4)    3 :  0.002 0.002 0.981 0.003 0.003 0.004 0.003 0.003 
339      502    (0)    3 :  0.003 0.003 0.966 0.004 0.003 0.008 0.008 0.004 
340      503    (2)    3 :  0.004 0.002 0.982 0.002 0.001 0.004 0.002 0.002 
341      504    (0)    3 :  0.002 0.003 0.966 0.003 0.006 0.003 0.012 0.004 
342      505    (0)    3 :  0.007 0.004 0.913 0.009 0.002 0.006 0.050 0.009 
343      506    (2)    3 :  0.002 0.002 0.971 0.006 0.004 0.005 0.005 0.006 
344      507    (4)    3 :  0.002 0.002 0.982 0.003 0.002 0.004 0.003 0.003 
345      508    (0)    3 :  0.005 0.002 0.959 0.007 0.007 0.010 0.003 0.007 
346      509    (2)    3 :  0.002 0.003 0.982 0.003 0.002 0.003 0.003 0.003 
347      510    (2)    3 :  0.002 0.019 0.956 0.004 0.008 0.003 0.003 0.005 
348      511    (4)    3 :  0.002 0.002 0.984 0.002 0.003 0.002 0.002 0.002 
349      512    (4)    3 :  0.002 0.003 0.978 0.003 0.002 0.003 0.005 0.003 
350      513    (0)    3 :  0.002 0.016 0.964 0.003 0.003 0.002 0.007 0.003 
351      514    (0)    3 :  0.001 0.002 0.984 0.003 0.003 0.002 0.002 0.003 
352      515    (2)    3 :  0.002 0.003 0.984 0.002 0.002 0.002 0.003 0.002 
353      516    (2)    3 :  0.003 0.006 0.968 0.004 0.005 0.005 0.003 0.004 
354      517    (0)    3 :  0.001 0.002 0.983 0.002 0.004 0.002 0.004 0.002 
355      518    (0)    3 :  0.003 0.003 0.971 0.006 0.004 0.005 0.003 0.006 
356      519    (0)    3 :  0.002 0.003 0.982 0.003 0.002 0.002 0.002 0.003 
357      520    (2)    3 :  0.003 0.006 0.978 0.003 0.004 0.002 0.002 0.003 
358      521    (2)    3 :  0.003 0.003 0.980 0.002 0.002 0.002 0.006 0.002 
359      522    (0)    3 :  0.007 0.005 0.959 0.005 0.011 0.005 0.001 0.006 
360      523    (2)    3 :  0.005 0.001 0.967 0.007 0.005 0.005 0.003 0.007 
361      524    (0)    3 :  0.024 0.009 0.893 0.017 0.018 0.019 0.004 0.016 
362      525    (0)    3 :  0.002 0.002 0.986 0.002 0.002 0.002 0.001 0.002 
363      526    (2)    3 :  0.002 0.002 0.978 0.002 0.002 0.002 0.010 0.002 
364      527    (2)    4 :  0.958 0.007 0.005 0.005 0.008 0.006 0.005 0.005 
365      528    (4)    4 :  0.731 0.009 0.002 0.028 0.006 0.196 0.004 0.025 
366      529    (4)    4 :  0.906 0.004 0.002 0.008 0.017 0.048 0.007 0.008 
367      530    (0)    4 :  0.962 0.005 0.005 0.007 0.003 0.007 0.004 0.006 
368      531    (2)    4 :  0.963 0.004 0.003 0.005 0.004 0.013 0.004 0.005 
369      532    (4)    4 :  0.862 0.002 0.003 0.014 0.004 0.099 0.002 0.014 
370      533    (0)    4 :  0.841 0.002 0.012 0.054 0.022 0.013 0.003 0.053 
371      534    (2)    4 :  0.975 0.004 0.002 0.004 0.004 0.005 0.001 0.004 
372      535    (2)    4 :  0.940 0.002 0.003 0.010 0.008 0.022 0.005 0.011 
373      536    (2)    4 :  0.973 0.002 0.002 0.005 0.004 0.003 0.008 0.004 
374      537    (2)    4 :  0.966 0.012 0.002 0.004 0.006 0.004 0.002 0.004 
375      538    (2)    4 :  0.861 0.004 0.006 0.048 0.025 0.008 0.002 0.044 
376      539    (2)    4 :  0.972 0.002 0.001 0.004 0.003 0.012 0.002 0.004 
377      540    (2)    4 :  0.951 0.002 0.001 0.014 0.014 0.006 0.001 0.012 
378      541    (2)    4 :  0.942 0.002 0.002 0.006 0.016 0.023 0.002 0.006 
379      542    (2)    4 :  0.909 0.010 0.002 0.014 0.034 0.013 0.004 0.015 
380      543    (0)    4 :  0.775 0.016 0.005 0.060 0.052 0.014 0.002 0.076 
381      544    (2)    4 :  0.983 0.001 0.003 0.004 0.003 0.002 0.002 0.003 
382      545    (2)    4 :  0.843 0.002 0.002 0.046 0.016 0.025 0.002 0.064 
383      546    (4)    4 :  0.557 0.002 0.002 0.159 0.012 0.030 0.003 0.236 
384      547    (6)    4 :  0.841 0.038 0.005 0.036 0.015 0.012 0.014 0.040 
385      019    (0)    5 :  0.935 0.003 0.002 0.008 0.017 0.023 0.004 0.008 
386      064    (0)    5 :  0.979 0.004 0.001 0.003 0.003 0.005 0.002 0.003 
387      065    (0)    5 :  0.988 0.001 0.001 0.002 0.002 0.002 0.001 0.002 
388      066    (0)    5 :  0.946 0.003 0.003 0.011 0.014 0.010 0.003 0.011 
389      067    (0)    5 :  0.699 0.015 0.004 0.020 0.016 0.213 0.005 0.027 
390      068    (0)    5 :  0.942 0.021 0.002 0.007 0.007 0.013 0.002 0.006 
391      069    (0)    5 :  0.965 0.002 0.003 0.006 0.004 0.014 0.001 0.005 
392      107    (0)    5 :  0.965 0.003 0.002 0.005 0.008 0.010 0.001 0.006 
393      110    (0)    5 :  0.148 0.002 0.003 0.006 0.004 0.826 0.005 0.007 
394      121    (0)    5 :  0.978 0.003 0.001 0.003 0.004 0.006 0.001 0.003 
395      137    (0)    5 :  0.865 0.003 0.005 0.029 0.020 0.016 0.025 0.039 
396      146    (0)    5 :  0.925 0.002 0.006 0.028 0.006 0.007 0.003 0.022 
397      149    (0)    5 :  0.818 0.005 0.003 0.030 0.012 0.087 0.005 0.039 
398      154    (0)    5 :  0.935 0.034 0.004 0.006 0.006 0.006 0.002 0.007 
399      179    (0)    5 :  0.975 0.004 0.002 0.003 0.004 0.006 0.002 0.004 
400      181    (0)    5 :  0.970 0.002 0.002 0.005 0.003 0.009 0.003 0.005 
401      182    (0)    5 :  0.945 0.012 0.003 0.009 0.005 0.016 0.002 0.009 
402      186    (0)    5 :  0.575 0.003 0.010 0.019 0.009 0.359 0.006 0.019 
403      193    (0)    5 :  0.970 0.003 0.002 0.005 0.005 0.007 0.002 0.006 
404      320    (0)    5 :  0.935 0.007 0.002 0.012 0.005 0.025 0.003 0.010 
405      341    (0)    5 :  0.959 0.004 0.001 0.008 0.014 0.005 0.002 0.007 
406      376    (0)    5 :  0.931 0.003 0.023 0.007 0.004 0.022 0.003 0.007 
407      395    (0)    5 :  0.949 0.003 0.001 0.006 0.014 0.015 0.005 0.007 
408      396    (0)    5 :  0.985 0.001 0.002 0.003 0.002 0.002 0.002 0.002 
409      397    (0)    5 :  0.973 0.005 0.001 0.003 0.003 0.004 0.007 0.003 
410      398    (0)    5 :  0.967 0.003 0.002 0.005 0.003 0.011 0.004 0.004 
411      399    (0)    5 :  0.972 0.003 0.001 0.005 0.003 0.009 0.002 0.005 
412      400    (0)    5 :  0.663 0.002 0.002 0.016 0.003 0.294 0.002 0.016 
413      401    (0)    5 :  0.945 0.003 0.003 0.013 0.005 0.015 0.002 0.014 
414      402    (0)    5 :  0.379 0.007 0.016 0.024 0.004 0.536 0.005 0.030 
415      403    (0)    5 :  0.934 0.003 0.003 0.010 0.010 0.023 0.009 0.008 
416      073    (0)    6 :  0.977 0.002 0.002 0.004 0.006 0.005 0.002 0.004 
417      074    (0)    6 :  0.969 0.005 0.007 0.005 0.004 0.002 0.002 0.006 
418      075    (0)    6 :  0.972 0.004 0.002 0.005 0.005 0.005 0.003 0.005 
419      076    (0)    6 :  0.962 0.006 0.004 0.005 0.006 0.009 0.004 0.004 
420      077    (0)    6 :  0.963 0.007 0.001 0.005 0.009 0.006 0.003 0.006 
421      078    (0)    6 :  0.923 0.005 0.002 0.029 0.007 0.006 0.005 0.023 
422      079    (0)    6 :  0.956 0.002 0.002 0.011 0.006 0.009 0.001 0.013 
423      080    (0)    6 :  0.954 0.019 0.003 0.005 0.003 0.010 0.002 0.005 
424      081    (0)    6 :  0.948 0.003 0.003 0.006 0.016 0.006 0.013 0.006 
425      082    (0)    6 :  0.982 0.003 0.001 0.003 0.002 0.005 0.002 0.003 
426      083    (0)    6 :  0.976 0.001 0.001 0.005 0.004 0.005 0.002 0.005 
427      084    (0)    6 :  0.975 0.002 0.003 0.003 0.007 0.002 0.004 0.003 
428      085    (0)    6 :  0.893 0.003 0.002 0.011 0.060 0.009 0.013 0.010 
429      404    (0)    6 :  0.980 0.002 0.001 0.003 0.004 0.004 0.002 0.003 
430      405    (0)    6 :  0.971 0.002 0.002 0.004 0.007 0.003 0.007 0.004 
431      406    (0)    6 :  0.962 0.004 0.005 0.007 0.003 0.006 0.006 0.007 
432      407    (0)    6 :  0.978 0.003 0.001 0.003 0.005 0.003 0.003 0.004 
433      408    (0)    6 :  0.976 0.006 0.001 0.004 0.005 0.003 0.001 0.004 
434      411    (2)    6 :  0.983 0.003 0.001 0.003 0.004 0.002 0.002 0.003 
435      412    (0)    6 :  0.927 0.007 0.024 0.006 0.012 0.012 0.005 0.006 
436      413    (0)    6 :  0.982 0.002 0.001 0.004 0.004 0.002 0.002 0.004 
437      591    (0)    7 :  0.005 0.005 0.016 0.009 0.015 0.935 0.009 0.007 
438      592    (0)    7 :  0.013 0.010 0.003 0.019 0.169 0.769 0.003 0.015 
439      593    (0)    7 :  0.011 0.002 0.002 0.008 0.007 0.954 0.007 0.008 
440      594    (0)    7 :  0.067 0.015 0.004 0.080 0.074 0.675 0.006 0.078 
441      595    (0)    7 :  0.009 0.009 0.004 0.010 0.004 0.945 0.004 0.013 
442      596    (0)    7 :  0.007 0.038 0.002 0.009 0.005 0.921 0.009 0.008 
443      597    (0)    7 :  0.035 0.005 0.001 0.009 0.013 0.925 0.002 0.010 
444      598    (0)    7 :  0.006 0.016 0.002 0.033 0.015 0.898 0.002 0.027 
445      599    (0)    7 :  0.006 0.004 0.003 0.007 0.249 0.714 0.008 0.008 
446      600    (0)    7 :  0.004 0.015 0.003 0.007 0.004 0.953 0.006 0.007 
447      601    (0)    7 :  0.025 0.003 0.002 0.015 0.031 0.897 0.003 0.025 
448      602    (0)    7 :  0.009 0.007 0.003 0.010 0.010 0.945 0.005 0.011 
449      603    (0)    7 :  0.007 0.010 0.003 0.027 0.824 0.086 0.009 0.034 
450      604    (0)    7 :  0.009 0.008 0.003 0.012 0.004 0.949 0.002 0.013 
451      605    (0)    7 :  0.009 0.030 0.021 0.072 0.010 0.801 0.005 0.051 
452      606    (0)    7 :  0.005 0.009 0.005 0.039 0.013 0.873 0.031 0.025 
453      607    (0)    7 :  0.006 0.008 0.002 0.004 0.003 0.970 0.003 0.004 
454      608    (0)    7 :  0.005 0.003 0.001 0.006 0.009 0.967 0.002 0.006 
455      609    (0)    7 :  0.005 0.004 0.002 0.009 0.005 0.965 0.003 0.008 
456      610    (0)    7 :  0.021 0.009 0.004 0.087 0.044 0.709 0.003 0.124 
457      611    (2)    7 :  0.011 0.006 0.002 0.007 0.004 0.961 0.003 0.007 
458      612    (0)    7 :  0.009 0.021 0.003 0.007 0.007 0.943 0.002 0.008 
459      755    (0)    7 :  0.013 0.043 0.022 0.020 0.020 0.858 0.002 0.022 
460      756    (0)    7 :  0.014 0.003 0.002 0.007 0.012 0.951 0.004 0.007 
461      757    (0)    7 :  0.007 0.006 0.003 0.012 0.008 0.951 0.002 0.010 
462      002    (0)    8 :  0.968 0.001 0.004 0.006 0.004 0.008 0.003 0.006 
463      099    (2)    8 :  0.006 0.062 0.780 0.036 0.049 0.023 0.004 0.040 
464      641    (2)    8 :  0.525 0.004 0.029 0.139 0.012 0.166 0.019 0.106 
465      642    (0)    8 :  0.953 0.003 0.003 0.008 0.012 0.012 0.003 0.006 
466      643    (2)    8 :  0.920 0.002 0.004 0.017 0.021 0.019 0.003 0.014 
467      644    (0)    8 :  0.956 0.007 0.003 0.007 0.012 0.005 0.003 0.006 
468      645    (0)    8 :  0.727 0.003 0.003 0.068 0.030 0.073 0.050 0.048 
469      646    (0)    8 :  0.505 0.008 0.010 0.195 0.018 0.098 0.014 0.152 
470      006    (0)    9 :  0.925 0.003 0.010 0.019 0.010 0.009 0.004 0.022 
471      011    (0)    9 :  0.983 0.002 0.001 0.003 0.003 0.003 0.002 0.002 
472      033    (2)    9 :  0.958 0.003 0.002 0.007 0.010 0.010 0.006 0.006 
473      048    (0)    9 :  0.775 0.005 0.002 0.012 0.173 0.013 0.007 0.014 
474      061    (0)    9 :  0.823 0.003 0.004 0.062 0.016 0.013 0.026 0.052 
475      088    (0)    9 :  0.944 0.008 0.002 0.010 0.012 0.011 0.004 0.009 
476      091    (0)    9 :  0.962 0.003 0.002 0.009 0.005 0.007 0.002 0.009 
477      098    (0)    9 :  0.954 0.003 0.001 0.004 0.013 0.014 0.007 0.004 
478      104    (0)    9 :  0.984 0.002 0.001 0.002 0.004 0.002 0.002 0.002 
479      196    (0)    9 :  0.946 0.005 0.002 0.008 0.006 0.011 0.014 0.007 
480      197    (0)    9 :  0.910 0.012 0.003 0.019 0.014 0.009 0.008 0.025 
481      201    (0)    9 :  0.976 0.001 0.002 0.006 0.005 0.004 0.001 0.005 
482      202    (0)    9 :  0.914 0.013 0.008 0.011 0.014 0.005 0.024 0.011 
483      204    (0)    9 :  0.976 0.002 0.001 0.004 0.007 0.003 0.003 0.004 
484      231    (0)    9 :  0.972 0.003 0.001 0.003 0.009 0.006 0.001 0.004 
485      328    (0)    9 :  0.975 0.002 0.001 0.004 0.005 0.004 0.004 0.004 
486      346    (0)    9 :  0.970 0.005 0.002 0.004 0.004 0.006 0.003 0.004 


Estimated Allele Frequencies in each cluster
First column gives estimated ancestral frequencies


Locus 1 : 1 
4 alleles
0.0% missing data
  89   (0.527) 0.587 0.637 0.301 0.540 0.540 0.558 0.066 0.548 
  91   (0.384) 0.348 0.313 0.660 0.392 0.401 0.415 0.704 0.376 
  93   (0.071) 0.064 0.049 0.038 0.057 0.040 0.024 0.100 0.064 
  99   (0.018) 0.000 0.001 0.001 0.011 0.020 0.003 0.129 0.012 

Locus 2 : 2 
6 alleles
1.0% missing data
 136   (0.372) 0.547 0.455 0.449 0.425 0.088 0.405 0.196 0.401 
 134   (0.233) 0.154 0.378 0.199 0.214 0.259 0.389 0.027 0.216 
 138   (0.285) 0.238 0.161 0.222 0.258 0.501 0.162 0.765 0.274 
 140   (0.067) 0.060 0.004 0.119 0.066 0.044 0.026 0.008 0.064 
 132   (0.019) 0.000 0.001 0.001 0.020 0.003 0.004 0.002 0.030 
 142   (0.024) 0.000 0.002 0.011 0.017 0.105 0.014 0.003 0.016 

Locus 3 : 3 
6 alleles
0.0% missing data
 181   (0.250) 0.206 0.074 0.078 0.223 0.322 0.368 0.179 0.236 
 187   (0.345) 0.523 0.263 0.348 0.363 0.212 0.217 0.773 0.353 
 179   (0.240) 0.250 0.015 0.060 0.254 0.244 0.358 0.029 0.254 
 191   (0.035) 0.018 0.197 0.011 0.026 0.006 0.007 0.004 0.030 
 185   (0.082) 0.002 0.447 0.272 0.077 0.087 0.039 0.009 0.079 
 175   (0.049) 0.001 0.003 0.232 0.056 0.130 0.011 0.005 0.049 

Locus 4 : 4 
12 alleles
0.2% missing data
 253   (0.485) 0.712 0.468 0.180 0.513 0.525 0.550 0.596 0.510 
 249   (0.026) 0.066 0.002 0.064 0.019 0.003 0.005 0.003 0.024 
 271   (0.040) 0.031 0.002 0.110 0.037 0.011 0.014 0.005 0.037 
 241   (0.161) 0.059 0.149 0.515 0.155 0.146 0.206 0.180 0.151 
 257   (0.007) 0.000 0.000 0.000 0.005 0.001 0.001 0.001 0.005 
 269   (0.169) 0.128 0.104 0.035 0.165 0.253 0.169 0.202 0.167 
 247   (0.068) 0.001 0.272 0.029 0.070 0.053 0.041 0.007 0.073 
 245   (0.010) 0.000 0.001 0.064 0.005 0.001 0.002 0.001 0.006 
 239   (0.011) 0.000 0.001 0.001 0.013 0.001 0.007 0.001 0.010 
 273   (0.009) 0.000 0.001 0.001 0.011 0.001 0.002 0.001 0.008 
 267   (0.007) 0.001 0.000 0.000 0.004 0.001 0.002 0.001 0.005 
 255   (0.007) 0.000 0.000 0.000 0.003 0.006 0.002 0.001 0.003 

Locus 5 : 5 
6 alleles
0.6% missing data
 103   (0.837) 0.988 0.976 0.740 0.818 0.946 0.918 0.980 0.829 
 104   (0.070) 0.010 0.004 0.072 0.085 0.030 0.029 0.009 0.078 
 101   (0.011) 0.000 0.014 0.001 0.006 0.001 0.006 0.001 0.006 
 105   (0.051) 0.001 0.003 0.161 0.061 0.019 0.038 0.006 0.056 
 102   (0.016) 0.000 0.001 0.001 0.018 0.002 0.007 0.003 0.017 
 107   (0.016) 0.000 0.001 0.025 0.013 0.002 0.003 0.002 0.014 

Locus 6 : 6 
5 alleles
0.2% missing data
 141   (0.263) 0.559 0.141 0.125 0.235 0.273 0.348 0.031 0.250 
 145   (0.413) 0.177 0.266 0.026 0.468 0.526 0.376 0.411 0.454 
 135   (0.231) 0.210 0.285 0.624 0.213 0.185 0.140 0.547 0.217 
 147   (0.080) 0.054 0.308 0.126 0.073 0.014 0.134 0.010 0.070 
 137   (0.013) 0.000 0.001 0.099 0.011 0.002 0.002 0.001 0.009 

Locus 7 : 7 
10 alleles
1.2% missing data
  93   (0.215) 0.358 0.071 0.122 0.208 0.299 0.225 0.789 0.200 
 103   (0.297) 0.366 0.508 0.019 0.319 0.350 0.454 0.041 0.313 
  91   (0.073) 0.028 0.153 0.059 0.065 0.033 0.053 0.011 0.067 
  97   (0.200) 0.160 0.255 0.263 0.178 0.131 0.156 0.132 0.204 
  85   (0.047) 0.038 0.003 0.003 0.046 0.034 0.020 0.006 0.048 
  89   (0.079) 0.048 0.005 0.295 0.075 0.107 0.076 0.011 0.069 
  83   (0.051) 0.001 0.003 0.003 0.085 0.041 0.010 0.006 0.073 
 105   (0.015) 0.000 0.001 0.090 0.011 0.002 0.003 0.002 0.013 
 101   (0.011) 0.000 0.001 0.122 0.007 0.001 0.002 0.001 0.007 
  99   (0.011) 0.000 0.001 0.025 0.006 0.001 0.002 0.001 0.007 

Locus 8 : 8 
8 alleles
0.0% missing data
 129   (0.548) 0.678 0.637 0.314 0.589 0.694 0.406 0.203 0.580 
 141   (0.053) 0.099 0.208 0.003 0.039 0.020 0.081 0.006 0.043 
 149   (0.081) 0.122 0.015 0.294 0.070 0.073 0.055 0.009 0.071 
 143   (0.261) 0.100 0.135 0.294 0.256 0.201 0.446 0.691 0.255 
 127   (0.020) 0.000 0.001 0.093 0.013 0.002 0.004 0.047 0.016 
 131   (0.014) 0.000 0.002 0.001 0.007 0.007 0.003 0.042 0.008 
 133   (0.017) 0.000 0.001 0.001 0.020 0.003 0.005 0.002 0.022 
 145   (0.007) 0.000 0.000 0.000 0.006 0.001 0.001 0.001 0.005 

Locus 9 : 9 
5 alleles
0.0% missing data
 191   (0.396) 0.571 0.542 0.341 0.378 0.306 0.484 0.341 0.395 
 195   (0.150) 0.160 0.054 0.323 0.127 0.255 0.187 0.351 0.124 
 189   (0.439) 0.266 0.403 0.335 0.486 0.437 0.327 0.307 0.473 
 197   (0.007) 0.000 0.000 0.000 0.006 0.001 0.001 0.001 0.005 
 193   (0.007) 0.002 0.000 0.000 0.003 0.001 0.002 0.001 0.003 

Locus 10 : 10 
7 alleles
0.4% missing data
 232   (0.258) 0.308 0.278 0.130 0.283 0.152 0.169 0.221 0.280 
 238   (0.546) 0.552 0.349 0.742 0.532 0.773 0.662 0.372 0.540 
 252   (0.101) 0.125 0.037 0.017 0.109 0.066 0.129 0.017 0.099 
 254   (0.053) 0.015 0.255 0.081 0.040 0.006 0.031 0.385 0.043 
 248   (0.019) 0.000 0.080 0.001 0.017 0.002 0.003 0.002 0.019 
 250   (0.015) 0.000 0.001 0.028 0.013 0.002 0.003 0.002 0.013 
 236   (0.007) 0.000 0.001 0.000 0.005 0.001 0.002 0.001 0.005 

Locus 11 : 11 
4 alleles
0.0% missing data
  87   (0.689) 0.620 0.538 0.507 0.691 0.838 0.678 0.964 0.697 
  89   (0.240) 0.322 0.382 0.155 0.240 0.137 0.306 0.029 0.242 
  91   (0.052) 0.058 0.079 0.176 0.055 0.024 0.011 0.006 0.044 
  85   (0.019) 0.000 0.001 0.163 0.015 0.002 0.004 0.002 0.017 

Locus 12 : 12 
13 alleles
0.4% missing data
 160   (0.218) 0.124 0.710 0.423 0.211 0.256 0.097 0.590 0.213 
 162   (0.240) 0.221 0.235 0.015 0.242 0.286 0.435 0.072 0.245 
 147   (0.046) 0.149 0.003 0.003 0.031 0.036 0.093 0.005 0.038 
 158   (0.228) 0.473 0.026 0.100 0.256 0.178 0.176 0.028 0.252 
 161   (0.105) 0.024 0.017 0.266 0.114 0.112 0.126 0.118 0.095 
 170   (0.053) 0.008 0.004 0.029 0.061 0.039 0.011 0.006 0.058 
 143   (0.034) 0.001 0.002 0.158 0.033 0.004 0.006 0.172 0.036 
 154   (0.018) 0.000 0.001 0.002 0.016 0.002 0.011 0.002 0.021 
 149   (0.022) 0.000 0.001 0.001 0.012 0.062 0.036 0.002 0.016 
 153   (0.012) 0.000 0.001 0.001 0.011 0.001 0.003 0.001 0.013 
 150   (0.007) 0.000 0.000 0.000 0.003 0.007 0.001 0.001 0.003 
 159   (0.009) 0.000 0.001 0.001 0.005 0.017 0.002 0.001 0.005 
 164   (0.007) 0.000 0.000 0.000 0.004 0.001 0.002 0.001 0.006 

Locus 13 : 13 
5 alleles
0.0% missing data
 108   (0.206) 0.169 0.199 0.291 0.233 0.106 0.167 0.333 0.212 
 115   (0.440) 0.552 0.292 0.383 0.442 0.526 0.471 0.095 0.448 
 113   (0.340) 0.279 0.508 0.326 0.315 0.366 0.360 0.571 0.330 
 109   (0.007) 0.000 0.000 0.000 0.005 0.001 0.001 0.001 0.005 
 110   (0.007) 0.000 0.000 0.000 0.005 0.001 0.001 0.001 0.005 

Locus 14 : 14 
5 alleles
1.2% missing data
 227   (0.126) 0.258 0.019 0.008 0.110 0.307 0.054 0.255 0.125 
 231   (0.168) 0.088 0.345 0.347 0.160 0.025 0.380 0.269 0.165 
 229   (0.505) 0.484 0.422 0.476 0.570 0.512 0.378 0.101 0.538 
 225   (0.138) 0.076 0.209 0.062 0.120 0.114 0.130 0.225 0.124 
 233   (0.063) 0.095 0.004 0.107 0.041 0.042 0.059 0.149 0.049 

Locus 15 : 15 
5 alleles
0.4% missing data
 143   (0.831) 0.971 0.820 0.631 0.848 0.878 0.876 0.721 0.846 
 157   (0.008) 0.014 0.000 0.000 0.003 0.001 0.001 0.001 0.003 
 145   (0.092) 0.013 0.006 0.177 0.082 0.062 0.110 0.270 0.084 
 147   (0.053) 0.001 0.142 0.190 0.047 0.058 0.010 0.007 0.051 
 133   (0.016) 0.000 0.031 0.001 0.020 0.002 0.003 0.002 0.016 

Locus 16 : 16 
5 alleles
0.2% missing data
 156   (0.238) 0.266 0.494 0.163 0.271 0.209 0.254 0.509 0.233 
 158   (0.523) 0.524 0.207 0.323 0.530 0.630 0.519 0.257 0.547 
 160   (0.136) 0.172 0.115 0.122 0.112 0.126 0.175 0.016 0.125 
 154   (0.095) 0.039 0.183 0.392 0.083 0.022 0.051 0.217 0.092 
 152   (0.008) 0.000 0.000 0.000 0.003 0.013 0.001 0.001 0.004 

Locus 17 : 17 
5 alleles
0.0% missing data
 102   (0.193) 0.231 0.201 0.046 0.168 0.230 0.199 0.024 0.186 
  90   (0.673) 0.725 0.790 0.334 0.701 0.735 0.738 0.577 0.672 
  88   (0.078) 0.043 0.006 0.451 0.074 0.015 0.049 0.009 0.084 
 100   (0.049) 0.001 0.003 0.169 0.054 0.012 0.013 0.390 0.054 
 104   (0.007) 0.000 0.000 0.000 0.003 0.007 0.001 0.001 0.003 

Locus 18 : 18 
7 alleles
0.0% missing data
 142   (0.118) 0.425 0.008 0.026 0.142 0.091 0.034 0.015 0.138 
 146   (0.074) 0.159 0.222 0.005 0.065 0.103 0.084 0.008 0.061 
 140   (0.296) 0.132 0.184 0.300 0.288 0.257 0.493 0.279 0.296 
 127   (0.307) 0.212 0.065 0.381 0.335 0.295 0.227 0.550 0.326 
 148   (0.096) 0.052 0.215 0.069 0.075 0.081 0.109 0.011 0.084 
 150   (0.057) 0.001 0.304 0.217 0.049 0.136 0.019 0.006 0.049 
 138   (0.052) 0.019 0.004 0.003 0.047 0.038 0.035 0.131 0.046 

Locus 19 : 19 
8 alleles
0.2% missing data
 188   (0.172) 0.134 0.170 0.011 0.197 0.156 0.078 0.019 0.201 
 190   (0.121) 0.375 0.202 0.044 0.092 0.170 0.260 0.013 0.096 
 194   (0.575) 0.488 0.483 0.555 0.589 0.538 0.541 0.955 0.586 
 202   (0.019) 0.000 0.139 0.040 0.014 0.002 0.004 0.002 0.012 
 200   (0.091) 0.002 0.006 0.311 0.094 0.132 0.108 0.009 0.092 
 192   (0.007) 0.000 0.000 0.000 0.004 0.001 0.006 0.001 0.004 
 196   (0.007) 0.000 0.000 0.001 0.006 0.001 0.002 0.001 0.005 
 198   (0.008) 0.000 0.000 0.037 0.003 0.001 0.001 0.001 0.003 

Locus 20 : 20 
6 alleles
0.8% missing data
 252   (0.676) 0.835 0.727 0.086 0.745 0.779 0.671 0.389 0.731 
 250   (0.088) 0.089 0.139 0.421 0.057 0.060 0.083 0.341 0.067 
 244   (0.023) 0.014 0.002 0.046 0.016 0.008 0.007 0.005 0.015 
 254   (0.080) 0.029 0.081 0.240 0.064 0.097 0.051 0.102 0.061 
 246   (0.106) 0.023 0.050 0.206 0.090 0.051 0.183 0.160 0.096 
 248   (0.027) 0.009 0.002 0.002 0.028 0.005 0.005 0.003 0.029 

Locus 21 : 21 
7 alleles
0.2% missing data
 173   (0.281) 0.332 0.213 0.212 0.270 0.524 0.272 0.122 0.266 
 177   (0.263) 0.322 0.174 0.048 0.272 0.256 0.183 0.272 0.284 
 175   (0.148) 0.027 0.252 0.487 0.130 0.075 0.255 0.476 0.131 
 167   (0.191) 0.311 0.123 0.073 0.217 0.120 0.131 0.115 0.200 
 163   (0.041) 0.002 0.220 0.105 0.039 0.010 0.014 0.004 0.036 
 165   (0.055) 0.006 0.016 0.074 0.048 0.011 0.140 0.007 0.051 
 159   (0.021) 0.000 0.001 0.001 0.023 0.004 0.004 0.002 0.032 

Locus 22 : 22 
11 alleles
0.6% missing data
 146   (0.212) 0.262 0.143 0.014 0.224 0.317 0.168 0.074 0.225 
 154   (0.008) 0.054 0.000 0.000 0.003 0.001 0.001 0.001 0.003 
 166   (0.093) 0.057 0.006 0.006 0.090 0.037 0.100 0.116 0.104 
 152   (0.415) 0.590 0.374 0.112 0.448 0.572 0.492 0.501 0.420 
 150   (0.034) 0.008 0.002 0.102 0.023 0.010 0.006 0.109 0.028 
 164   (0.035) 0.013 0.002 0.069 0.028 0.005 0.053 0.005 0.027 
 156   (0.021) 0.000 0.293 0.112 0.010 0.011 0.007 0.002 0.012 
 162   (0.057) 0.001 0.070 0.134 0.053 0.017 0.055 0.007 0.057 
 158   (0.099) 0.014 0.107 0.420 0.104 0.019 0.113 0.012 0.105 
 148   (0.010) 0.000 0.001 0.001 0.006 0.001 0.002 0.172 0.006 
 142   (0.017) 0.000 0.001 0.030 0.011 0.011 0.003 0.002 0.012 

Locus 23 : 23 
7 alleles
0.8% missing data
 152   (0.010) 0.062 0.001 0.001 0.004 0.001 0.002 0.001 0.005 
 156   (0.133) 0.042 0.035 0.420 0.169 0.045 0.097 0.016 0.150 
 144   (0.181) 0.173 0.623 0.238 0.150 0.238 0.160 0.594 0.154 
 160   (0.101) 0.182 0.106 0.016 0.080 0.113 0.199 0.012 0.086 
 154   (0.537) 0.535 0.233 0.187 0.566 0.598 0.522 0.371 0.570 
 158   (0.031) 0.005 0.002 0.138 0.022 0.005 0.019 0.004 0.027 
 146   (0.009) 0.000 0.001 0.001 0.008 0.001 0.002 0.002 0.008 

Locus 24 : 24 
4 alleles
0.4% missing data
  77   (0.079) 0.266 0.052 0.005 0.075 0.080 0.075 0.009 0.069 
  83   (0.476) 0.488 0.917 0.584 0.444 0.421 0.585 0.685 0.457 
  81   (0.360) 0.221 0.025 0.381 0.381 0.408 0.286 0.296 0.387 
  85   (0.084) 0.025 0.006 0.031 0.101 0.091 0.055 0.010 0.088 

Locus 25 : 25 
6 alleles
0.4% missing data
 132   (0.304) 0.494 0.453 0.023 0.295 0.324 0.384 0.187 0.306 
 124   (0.540) 0.438 0.537 0.474 0.578 0.545 0.505 0.417 0.559 
 126   (0.023) 0.050 0.001 0.012 0.016 0.002 0.005 0.003 0.019 
 122   (0.097) 0.017 0.006 0.465 0.085 0.125 0.087 0.110 0.086 
 120   (0.021) 0.000 0.001 0.023 0.016 0.002 0.006 0.281 0.015 
 136   (0.016) 0.001 0.001 0.002 0.010 0.002 0.014 0.002 0.013 

Locus 26 : 26 
7 alleles
0.2% missing data
 165   (0.240) 0.146 0.059 0.124 0.233 0.268 0.326 0.327 0.234 
 183   (0.360) 0.544 0.427 0.218 0.345 0.311 0.455 0.299 0.354 
 179   (0.090) 0.061 0.006 0.274 0.079 0.076 0.035 0.335 0.082 
 175   (0.228) 0.247 0.443 0.015 0.246 0.334 0.154 0.029 0.241 
 181   (0.064) 0.001 0.064 0.256 0.086 0.009 0.027 0.008 0.076 
 185   (0.011) 0.000 0.001 0.112 0.007 0.001 0.002 0.001 0.007 
 157   (0.007) 0.000 0.000 0.000 0.005 0.001 0.001 0.001 0.006 

Locus 27 : 27 
4 alleles
0.2% missing data
 142   (0.637) 0.680 0.742 0.522 0.633 0.758 0.628 0.313 0.648 
 148   (0.207) 0.101 0.069 0.261 0.222 0.099 0.251 0.669 0.208 
 138   (0.042) 0.207 0.003 0.053 0.027 0.021 0.037 0.005 0.030 
 150   (0.115) 0.013 0.186 0.164 0.117 0.123 0.083 0.013 0.114 

Locus 28 : 28 
6 alleles
0.8% missing data
 260   (0.376) 0.366 0.378 0.224 0.349 0.512 0.331 0.140 0.384 
 262   (0.510) 0.625 0.548 0.689 0.550 0.398 0.626 0.846 0.507 
 256   (0.080) 0.008 0.072 0.085 0.074 0.061 0.037 0.011 0.079 
 258   (0.011) 0.000 0.001 0.001 0.009 0.001 0.002 0.001 0.013 
 266   (0.007) 0.000 0.000 0.000 0.003 0.007 0.001 0.001 0.003 
 264   (0.016) 0.000 0.001 0.001 0.015 0.022 0.003 0.002 0.014 

Locus 29 : 29 
7 alleles
0.2% missing data
 146   (0.286) 0.189 0.334 0.318 0.299 0.240 0.345 0.036 0.299 
 150   (0.427) 0.635 0.295 0.245 0.469 0.530 0.375 0.145 0.446 
 140   (0.178) 0.108 0.061 0.381 0.159 0.166 0.143 0.805 0.170 
 148   (0.061) 0.061 0.306 0.039 0.042 0.026 0.101 0.007 0.047 
 152   (0.029) 0.001 0.003 0.016 0.023 0.036 0.013 0.003 0.028 
 151   (0.010) 0.006 0.001 0.001 0.005 0.001 0.006 0.001 0.006 
 142   (0.009) 0.001 0.001 0.001 0.004 0.001 0.017 0.001 0.004 

Locus 30 : 30 
6 alleles
0.2% missing data
 125   (0.286) 0.456 0.033 0.145 0.334 0.085 0.270 0.142 0.324 
 129   (0.413) 0.489 0.781 0.090 0.391 0.589 0.466 0.212 0.396 
 123   (0.152) 0.052 0.102 0.112 0.149 0.236 0.110 0.018 0.145 
 127   (0.099) 0.002 0.081 0.514 0.080 0.050 0.143 0.580 0.092 
 121   (0.013) 0.000 0.001 0.001 0.010 0.001 0.003 0.042 0.010 
 131   (0.037) 0.001 0.002 0.138 0.036 0.038 0.009 0.004 0.034 

Locus 31 : 31 
6 alleles
0.2% missing data
 159   (0.167) 0.134 0.011 0.196 0.178 0.275 0.260 0.019 0.161 
 155   (0.545) 0.698 0.710 0.427 0.551 0.431 0.452 0.525 0.570 
 157   (0.180) 0.099 0.024 0.069 0.186 0.210 0.257 0.119 0.179 
 153   (0.066) 0.065 0.005 0.297 0.054 0.079 0.014 0.100 0.059 
 151   (0.035) 0.002 0.249 0.011 0.027 0.004 0.016 0.236 0.028 
 163   (0.007) 0.001 0.001 0.001 0.004 0.001 0.002 0.001 0.004 

Locus 32 : 32 
5 alleles
0.0% missing data
 146   (0.339) 0.071 0.312 0.638 0.357 0.334 0.246 0.577 0.353 
 150   (0.551) 0.859 0.637 0.260 0.565 0.600 0.507 0.411 0.555 
 148   (0.063) 0.069 0.048 0.039 0.039 0.022 0.147 0.007 0.052 
 154   (0.037) 0.001 0.002 0.063 0.033 0.009 0.097 0.004 0.033 
 152   (0.011) 0.000 0.001 0.001 0.005 0.035 0.002 0.001 0.006 

Locus 33 : 33 
7 alleles
0.0% missing data
 180   (0.458) 0.569 0.664 0.359 0.451 0.368 0.476 0.690 0.470 
 196   (0.100) 0.185 0.006 0.029 0.103 0.149 0.064 0.012 0.100 
 184   (0.196) 0.159 0.076 0.186 0.193 0.269 0.231 0.272 0.185 
 194   (0.008) 0.037 0.000 0.000 0.003 0.001 0.001 0.001 0.004 
 192   (0.147) 0.006 0.184 0.163 0.160 0.162 0.158 0.016 0.159 
 198   (0.072) 0.044 0.069 0.262 0.078 0.014 0.046 0.008 0.072 
 190   (0.018) 0.000 0.001 0.001 0.012 0.037 0.024 0.002 0.011 

Locus 34 : 34 
6 alleles
0.0% missing data
 110   (0.191) 0.329 0.077 0.112 0.170 0.108 0.194 0.212 0.186 
 112   (0.333) 0.514 0.064 0.056 0.355 0.383 0.364 0.038 0.357 
 106   (0.281) 0.123 0.698 0.251 0.295 0.403 0.336 0.235 0.264 
  90   (0.041) 0.025 0.003 0.003 0.035 0.017 0.031 0.394 0.034 
 108   (0.143) 0.009 0.114 0.578 0.140 0.088 0.073 0.120 0.152 
  96   (0.011) 0.000 0.045 0.001 0.006 0.001 0.002 0.001 0.007 

Locus 35 : 35 
9 alleles
0.0% missing data
 166   (0.046) 0.253 0.003 0.003 0.029 0.097 0.078 0.006 0.031 
 176   (0.101) 0.154 0.018 0.097 0.101 0.011 0.205 0.012 0.104 
 172   (0.307) 0.428 0.578 0.173 0.302 0.407 0.165 0.040 0.311 
 170   (0.274) 0.152 0.324 0.346 0.251 0.224 0.428 0.620 0.255 
 174   (0.144) 0.005 0.069 0.048 0.196 0.171 0.091 0.016 0.168 
 178   (0.042) 0.006 0.003 0.003 0.041 0.028 0.010 0.005 0.049 
 168   (0.058) 0.001 0.004 0.307 0.062 0.023 0.018 0.297 0.060 
 186   (0.021) 0.000 0.001 0.023 0.012 0.038 0.004 0.002 0.015 
 158   (0.007) 0.000 0.000 0.000 0.004 0.001 0.001 0.001 0.006 

Locus 36 : 36 
6 alleles
0.0% missing data
  89   (0.563) 0.648 0.511 0.604 0.572 0.666 0.544 0.378 0.574 
  95   (0.058) 0.072 0.004 0.029 0.040 0.072 0.069 0.007 0.047 
  85   (0.162) 0.223 0.235 0.017 0.166 0.133 0.164 0.488 0.158 
  81   (0.070) 0.007 0.005 0.004 0.087 0.029 0.130 0.009 0.083 
  83   (0.126) 0.049 0.244 0.318 0.122 0.094 0.088 0.015 0.123 
  91   (0.021) 0.000 0.001 0.027 0.012 0.006 0.004 0.103 0.015 

Locus 37 : 37 
10 alleles
0.0% missing data
 161   (0.353) 0.536 0.377 0.699 0.388 0.259 0.417 0.429 0.351 
 165   (0.224) 0.175 0.106 0.116 0.212 0.258 0.188 0.132 0.235 
 159   (0.014) 0.029 0.001 0.001 0.007 0.005 0.002 0.002 0.009 
 173   (0.255) 0.130 0.506 0.175 0.241 0.307 0.359 0.224 0.242 
 169   (0.093) 0.120 0.006 0.006 0.105 0.129 0.022 0.207 0.105 
 167   (0.020) 0.009 0.002 0.001 0.016 0.005 0.004 0.002 0.017 
 168   (0.011) 0.000 0.001 0.001 0.009 0.001 0.002 0.001 0.012 
 155   (0.015) 0.000 0.001 0.001 0.014 0.002 0.003 0.001 0.019 
 177   (0.007) 0.000 0.000 0.000 0.006 0.001 0.001 0.001 0.005 
 175   (0.008) 0.000 0.000 0.000 0.003 0.033 0.001 0.001 0.004 

Locus 38 : 38 
6 alleles
0.6% missing data
  87   (0.096) 0.153 0.127 0.426 0.074 0.054 0.103 0.553 0.073 
  89   (0.423) 0.608 0.101 0.236 0.473 0.564 0.281 0.051 0.462 
  91   (0.172) 0.119 0.183 0.101 0.171 0.097 0.182 0.211 0.168 
  81   (0.116) 0.079 0.116 0.008 0.104 0.074 0.231 0.013 0.117 
  85   (0.186) 0.039 0.473 0.228 0.175 0.210 0.201 0.172 0.177 
  83   (0.007) 0.003 0.000 0.000 0.003 0.001 0.001 0.001 0.003 

Locus 39 : 39 
4 alleles
0.6% missing data
 167   (0.784) 0.913 0.859 0.405 0.805 0.797 0.916 0.691 0.791 
 161   (0.178) 0.085 0.138 0.451 0.167 0.147 0.074 0.305 0.179 
 165   (0.031) 0.001 0.003 0.144 0.023 0.055 0.008 0.003 0.025 
 177   (0.007) 0.000 0.001 0.000 0.005 0.001 0.001 0.001 0.005 

Locus 40 : 40 
6 alleles
0.4% missing data
 228   (0.404) 0.553 0.242 0.133 0.397 0.510 0.467 0.542 0.394 
 238   (0.332) 0.305 0.120 0.074 0.369 0.301 0.259 0.085 0.369 
 224   (0.024) 0.078 0.002 0.013 0.011 0.005 0.054 0.003 0.013 
 236   (0.109) 0.061 0.380 0.281 0.086 0.052 0.098 0.354 0.091 
 232   (0.014) 0.000 0.001 0.001 0.017 0.001 0.003 0.001 0.015 
 240   (0.118) 0.002 0.256 0.499 0.120 0.130 0.119 0.014 0.117 

Locus 41 : 41 
7 alleles
0.0% missing data
 128   (0.107) 0.135 0.036 0.007 0.109 0.190 0.099 0.012 0.101 
 130   (0.540) 0.611 0.773 0.737 0.559 0.446 0.517 0.064 0.561 
 114   (0.050) 0.096 0.003 0.003 0.045 0.006 0.061 0.491 0.046 
 132   (0.120) 0.148 0.054 0.008 0.120 0.206 0.135 0.014 0.117 
 118   (0.064) 0.002 0.127 0.070 0.061 0.075 0.019 0.205 0.057 
 134   (0.111) 0.008 0.007 0.175 0.101 0.076 0.168 0.213 0.113 
 136   (0.007) 0.000 0.000 0.000 0.004 0.001 0.001 0.001 0.006 

Locus 42 : 42 
6 alleles
1.2% missing data
 102   (0.253) 0.401 0.473 0.016 0.226 0.337 0.382 0.565 0.239 
 104   (0.408) 0.190 0.414 0.238 0.437 0.504 0.351 0.050 0.441 
  92   (0.121) 0.123 0.008 0.310 0.141 0.058 0.100 0.055 0.125 
  96   (0.076) 0.093 0.005 0.175 0.075 0.022 0.058 0.104 0.069 
  98   (0.135) 0.191 0.100 0.260 0.118 0.077 0.106 0.225 0.121 
 106   (0.007) 0.001 0.001 0.000 0.004 0.001 0.003 0.001 0.005 

Locus 43 : 43 
6 alleles
1.4% missing data
 101   (0.297) 0.413 0.187 0.362 0.314 0.295 0.425 0.035 0.294 
 103   (0.310) 0.217 0.351 0.115 0.280 0.428 0.266 0.229 0.316 
  99   (0.153) 0.062 0.010 0.185 0.180 0.081 0.152 0.413 0.165 
  95   (0.213) 0.308 0.451 0.330 0.205 0.192 0.151 0.171 0.202 
  97   (0.020) 0.000 0.001 0.008 0.015 0.002 0.005 0.151 0.017 
  91   (0.007) 0.000 0.000 0.000 0.006 0.001 0.002 0.001 0.005 

Locus 44 : 44 
7 alleles
0.2% missing data
 177   (0.079) 0.075 0.005 0.110 0.067 0.051 0.056 0.010 0.074 
 191   (0.303) 0.170 0.104 0.624 0.307 0.196 0.281 0.282 0.323 
 181   (0.544) 0.754 0.858 0.149 0.568 0.712 0.634 0.525 0.535 
 189   (0.008) 0.000 0.029 0.000 0.003 0.001 0.001 0.001 0.003 
 179   (0.046) 0.001 0.003 0.104 0.044 0.005 0.023 0.180 0.050 
 183   (0.010) 0.000 0.001 0.001 0.007 0.001 0.002 0.001 0.009 
 193   (0.012) 0.000 0.001 0.011 0.005 0.034 0.002 0.001 0.005 

Locus 45 : 45 
6 alleles
0.8% missing data
 205   (0.455) 0.523 0.410 0.317 0.459 0.503 0.540 0.256 0.473 
 211   (0.237) 0.223 0.272 0.386 0.254 0.156 0.214 0.339 0.243 
 207   (0.132) 0.136 0.199 0.071 0.119 0.203 0.075 0.016 0.131 
 201   (0.080) 0.069 0.005 0.040 0.083 0.068 0.075 0.376 0.072 
 215   (0.084) 0.048 0.113 0.175 0.075 0.068 0.093 0.010 0.071 
 202   (0.013) 0.000 0.001 0.010 0.010 0.002 0.002 0.002 0.011 

Locus 46 : 46 
10 alleles
1.0% missing data
 144   (0.057) 0.220 0.127 0.010 0.062 0.051 0.017 0.007 0.051 
 158   (0.153) 0.147 0.086 0.123 0.150 0.087 0.265 0.021 0.150 
 168   (0.145) 0.192 0.110 0.213 0.148 0.036 0.112 0.218 0.148 
 166   (0.133) 0.302 0.381 0.030 0.113 0.184 0.072 0.124 0.121 
 142   (0.351) 0.132 0.287 0.153 0.352 0.576 0.471 0.047 0.369 
 170   (0.018) 0.001 0.002 0.046 0.019 0.002 0.007 0.002 0.015 
 156   (0.030) 0.001 0.002 0.082 0.021 0.011 0.006 0.469 0.027 
 162   (0.053) 0.001 0.003 0.156 0.054 0.029 0.032 0.105 0.050 
 164   (0.052) 0.002 0.003 0.187 0.076 0.023 0.016 0.006 0.064 
 160   (0.007) 0.000 0.000 0.000 0.005 0.001 0.002 0.001 0.005 

Locus 47 : 47 
7 alleles
9.9% missing data
 149   (0.349) 0.223 0.340 0.757 0.343 0.398 0.156 0.347 0.358 
 151   (0.179) 0.251 0.012 0.096 0.170 0.141 0.392 0.089 0.171 
 153   (0.181) 0.316 0.028 0.046 0.177 0.346 0.157 0.028 0.179 
 147   (0.027) 0.031 0.002 0.002 0.035 0.003 0.007 0.004 0.030 
 145   (0.239) 0.176 0.617 0.046 0.249 0.109 0.284 0.528 0.242 
 152   (0.008) 0.003 0.001 0.001 0.004 0.001 0.002 0.002 0.004 
 143   (0.018) 0.000 0.001 0.052 0.022 0.002 0.003 0.002 0.017 

Values of parameters used in structure:
DATAFILE=temp2.str,	OUTFILE=k8/temp2_k8_run6,	NUMINDS=486,	NUMLOCI=47,	MISSING=-9,	LABEL=1,	POPDATA=1,	POPFLAG=0,	PHENOTYPE=0,	EXTRACOLS=0,	MAXPOPS=8,	BURNIN=500000,	NUMREPS=750000,	USEPOPINFO=0,	INFERALPHA=1,	INFERLAMBDA=0,	POPSPECIFICLAMBDA=0,	POPALPHAS=0,	COMPUTEPROB=1,	NOADMIX=0,	ADMBURNIN=500,	UPDATEFREQ=100,	PRINTLIKES=0,	INTERMEDSAVE=0,	PRINTKLD=0,	PRINTNET=1,	PRINTLAMBDA=1,	ANCESTDIST=0,	NUMBOXES=1000,	ANCESTPINT=0.90000,	GENSBACK=2,	MIGRPRIOR=0.01000,	PRINTQHAT=0,	PRINTQSUM=1,	ALPHA=1.0000,	FREQSCORR=1,	FPRIORMEAN=0.0100,	FPRIORSD=0.0500,	ONEFST=0,	LAMBDA=1.0000,	UNIFPRIORALPHA=1,	ALPHAMAX=10.0000,	ALPHAPRIORA=1.0000,	ALPHAPRIORB=2.0000,	ALPHAPROPSD=0.0250,	STARTATPOPINFO=0,	RANDOMIZE=0,	LINKAGE=0,	METROFREQ=10,	REPORTHITRATE=0,	MARKOVPHASE=0,	PHASED=1,	PLOIDY=2,	PHASEINFO=0	LOCPRIOR=0, 	LOCPRIORINIT=1.000000, 	LOCDATA=0, 	LOCISPOP=1, 	LOCPRIORSTEP=0.100000, 	MAXLOCPRIOR=20.000000, 	SEED=247634,	
[STRAT parameters]:    NUMSIMSTATS=1000,	PHENOTYPECOL=-9,	POOLFREQ=10,	LOCUSxONLY=0,	EMERROR=0.00100,	MISSINGPHENO=-9,	