

----------------------------------------------------
STRUCTURE by Pritchard, Stephens and Donnelly (2000)
     and Falush, Stephens and Pritchard (2003)
       Code by Pritchard, Falush and Hubisz
             Version 2.3.4 (Jul 2012)
----------------------------------------------------



Command line arguments:   structure -D 521618 -K 14 -m mainparams -o k14/temp2_k14_run8 
Input File:    temp2.str

Run parameters:
   486 individuals
   47 loci
   14 populations assumed
   500000 Burn-in period
   750000 Reps
RANDOMIZE turned off


--------------------------------------------
Proportion of membership of each pre-defined
 population in each of the 14 clusters

Given    Inferred Clusters                                                                                    Number of
 Pop       1      2      3      4      5      6      7      8      9     10     11     12     13     14      Individuals

  1:     0.003  0.869  0.010  0.010  0.010  0.008  0.008  0.004  0.012  0.010  0.009  0.009  0.032  0.006       63
  2:     0.003  0.873  0.013  0.006  0.014  0.007  0.011  0.006  0.015  0.007  0.013  0.010  0.011  0.010       20
  3:     0.944  0.003  0.004  0.004  0.004  0.004  0.003  0.007  0.004  0.004  0.004  0.003  0.004  0.006       36
  4:     0.003  0.724  0.018  0.015  0.019  0.006  0.012  0.004  0.036  0.014  0.018  0.009  0.114  0.008       21
  5:     0.003  0.395  0.007  0.010  0.007  0.005  0.008  0.003  0.012  0.006  0.006  0.014  0.518  0.006       31
  6:     0.004  0.899  0.007  0.006  0.007  0.004  0.008  0.004  0.006  0.018  0.007  0.012  0.014  0.004       21
  7:     0.005  0.011  0.017  0.015  0.019  0.011  0.021  0.004  0.799  0.042  0.016  0.006  0.011  0.024       25
  8:     0.095  0.489  0.032  0.046  0.033  0.009  0.020  0.010  0.023  0.024  0.034  0.013  0.128  0.046        8
  9:     0.002  0.563  0.008  0.006  0.008  0.005  0.026  0.005  0.008  0.009  0.008  0.333  0.015  0.004       17
 10:     0.003  0.004  0.004  0.005  0.005  0.945  0.004  0.003  0.006  0.004  0.004  0.003  0.004  0.005       29
 11:     0.005  0.002  0.003  0.002  0.003  0.002  0.002  0.967  0.002  0.002  0.003  0.003  0.002  0.002        9
 12:     0.018  0.011  0.197  0.123  0.203  0.014  0.024  0.008  0.063  0.065  0.220  0.009  0.016  0.029       26
 13:     0.011  0.013  0.129  0.182  0.134  0.011  0.157  0.009  0.028  0.126  0.124  0.012  0.014  0.047       74
 14:     0.012  0.020  0.088  0.073  0.086  0.012  0.367  0.007  0.021  0.132  0.089  0.010  0.013  0.070       35
 15:     0.008  0.032  0.044  0.021  0.048  0.008  0.493  0.008  0.027  0.234  0.040  0.007  0.016  0.015       24
 16:     0.022  0.027  0.197  0.161  0.199  0.025  0.030  0.009  0.040  0.054  0.204  0.007  0.013  0.011       43
 17:     0.006  0.015  0.261  0.033  0.250  0.009  0.013  0.002  0.013  0.026  0.291  0.055  0.014  0.012        4
--------------------------------------------

Allele-freq. divergence among pops (Net nucleotide distance),
computed using point estimates of P.

      1       2       3       4       5       6       7       8       9      10      11      12      13      14      
 1      -    0.1430  0.0816  0.0898  0.0809  0.1211  0.1243  0.1123  0.1031  0.1088  0.0807  0.2148  0.1375  0.1300  
 2   0.1430     -    0.0304  0.0338  0.0299  0.0792  0.0455  0.1430  0.0434  0.0457  0.0311  0.1050  0.0419  0.0748  
 3   0.0816  0.0304     -    0.0088  0.0001  0.0541  0.0188  0.0995  0.0190  0.0148  0.0002  0.1020  0.0395  0.0474  
 4   0.0898  0.0338  0.0088     -    0.0083  0.0632  0.0281  0.1072  0.0242  0.0233  0.0087  0.1114  0.0460  0.0603  
 5   0.0809  0.0299  0.0001  0.0083     -    0.0536  0.0185  0.0986  0.0184  0.0145  0.0003  0.1015  0.0392  0.0471  
 6   0.1211  0.0792  0.0541  0.0632  0.0536     -    0.0696  0.1326  0.0600  0.0715  0.0545  0.1599  0.0940  0.1048  
 7   0.1243  0.0455  0.0188  0.0281  0.0185  0.0696     -    0.1282  0.0361  0.0199  0.0199  0.1273  0.0621  0.0622  
 8   0.1123  0.1430  0.0995  0.1072  0.0986  0.1326  0.1282     -    0.1062  0.1232  0.0992  0.2021  0.1437  0.1657  
 9   0.1031  0.0434  0.0190  0.0242  0.0184  0.0600  0.0361  0.1062     -    0.0347  0.0195  0.1220  0.0565  0.0587  
10   0.1088  0.0457  0.0148  0.0233  0.0145  0.0715  0.0199  0.1232  0.0347     -    0.0160  0.1260  0.0589  0.0556  
11   0.0807  0.0311  0.0002  0.0087  0.0003  0.0545  0.0199  0.0992  0.0195  0.0160     -    0.1038  0.0395  0.0484  
12   0.2148  0.1050  0.1020  0.1114  0.1015  0.1599  0.1273  0.2021  0.1220  0.1260  0.1038     -    0.1365  0.1493  
13   0.1375  0.0419  0.0395  0.0460  0.0392  0.0940  0.0621  0.1437  0.0565  0.0589  0.0395  0.1365     -    0.0798  
14   0.1300  0.0748  0.0474  0.0603  0.0471  0.1048  0.0622  0.1657  0.0587  0.0556  0.0484  0.1493  0.0798     -    

Average distances (expected heterozygosity) between individuals in same cluster:
cluster  1  : 0.6328 
cluster  2  : 0.5401 
cluster  3  : 0.6413 
cluster  4  : 0.6120 
cluster  5  : 0.6436 
cluster  6  : 0.5452 
cluster  7  : 0.5684 
cluster  8  : 0.5334 
cluster  9  : 0.5970 
cluster 10  : 0.5877 
cluster 11  : 0.6407 
cluster 12  : 0.4312 
cluster 13  : 0.5377 
cluster 14  : 0.5387 

--------------------------------------------
Estimated Ln Prob of Data   = -52572.8
Mean value of ln likelihood = -50313.6
Variance of ln likelihood   = 4518.6
Mean value of alpha         = 0.0335

Mean value of Fst_1         = 0.1856
Mean value of Fst_2         = 0.1394
Mean value of Fst_3         = 0.0198
Mean value of Fst_4         = 0.0499
Mean value of Fst_5         = 0.0146
Mean value of Fst_6         = 0.2123
Mean value of Fst_7         = 0.0937
Mean value of Fst_8         = 0.3085
Mean value of Fst_9         = 0.0900
Mean value of Fst_10         = 0.0878
Mean value of Fst_11         = 0.0219
Mean value of Fst_12         = 0.4120
Mean value of Fst_13         = 0.1814
Mean value of Fst_14         = 0.2372


Inferred ancestry of individuals:
        Label (%Miss) Pop:  Inferred clusters
  1      221    (0)    1 :  0.003 0.920 0.006 0.008 0.006 0.002 0.008 0.003 0.016 0.007 0.007 0.004 0.007 0.003 
  2      222    (0)    1 :  0.003 0.494 0.008 0.008 0.009 0.008 0.005 0.004 0.006 0.007 0.009 0.005 0.421 0.011 
  3      223    (0)    1 :  0.006 0.898 0.009 0.022 0.009 0.003 0.007 0.003 0.008 0.009 0.008 0.007 0.007 0.006 
  4      224    (0)    1 :  0.001 0.961 0.002 0.003 0.002 0.004 0.003 0.001 0.004 0.002 0.003 0.005 0.005 0.004 
  5      225    (0)    1 :  0.002 0.949 0.005 0.005 0.005 0.004 0.003 0.002 0.003 0.004 0.005 0.003 0.005 0.003 
  6      226    (0)    1 :  0.001 0.938 0.004 0.009 0.005 0.002 0.003 0.005 0.012 0.003 0.004 0.004 0.003 0.006 
  7      227    (0)    1 :  0.007 0.870 0.010 0.015 0.011 0.005 0.005 0.014 0.035 0.006 0.010 0.005 0.003 0.004 
  8      228    (0)    1 :  0.004 0.898 0.010 0.008 0.009 0.005 0.013 0.003 0.006 0.009 0.009 0.011 0.006 0.010 
  9      234    (0)    1 :  0.001 0.952 0.004 0.004 0.004 0.002 0.005 0.002 0.003 0.004 0.004 0.004 0.007 0.004 
 10      235    (0)    1 :  0.001 0.958 0.004 0.003 0.004 0.002 0.003 0.004 0.004 0.003 0.003 0.004 0.008 0.002 
 11      236    (0)    1 :  0.001 0.960 0.002 0.003 0.002 0.002 0.002 0.002 0.004 0.002 0.002 0.013 0.003 0.002 
 12      237    (0)    1 :  0.002 0.955 0.003 0.005 0.003 0.002 0.004 0.002 0.003 0.006 0.003 0.002 0.007 0.003 
 13      238    (0)    1 :  0.006 0.864 0.008 0.008 0.008 0.011 0.005 0.003 0.024 0.013 0.007 0.003 0.036 0.004 
 14      239    (0)    1 :  0.002 0.712 0.023 0.039 0.025 0.015 0.013 0.007 0.084 0.010 0.026 0.024 0.012 0.007 
 15      240    (0)    1 :  0.001 0.956 0.003 0.003 0.003 0.002 0.003 0.002 0.005 0.003 0.003 0.006 0.005 0.003 
 16      242    (0)    1 :  0.001 0.334 0.071 0.140 0.080 0.002 0.015 0.001 0.011 0.031 0.055 0.003 0.247 0.007 
 17      243    (0)    1 :  0.002 0.860 0.014 0.009 0.014 0.014 0.005 0.015 0.020 0.008 0.011 0.005 0.013 0.008 
 18      244    (0)    1 :  0.003 0.902 0.007 0.015 0.007 0.003 0.002 0.012 0.020 0.003 0.008 0.002 0.013 0.003 
 19      245    (0)    1 :  0.026 0.801 0.016 0.010 0.016 0.007 0.016 0.010 0.014 0.013 0.014 0.048 0.004 0.007 
 20      246    (0)    1 :  0.003 0.950 0.004 0.003 0.005 0.003 0.002 0.005 0.003 0.003 0.004 0.003 0.010 0.003 
 21      248    (0)    1 :  0.003 0.884 0.007 0.009 0.007 0.020 0.004 0.003 0.005 0.005 0.007 0.009 0.036 0.002 
 22      249    (0)    1 :  0.001 0.971 0.002 0.003 0.002 0.002 0.002 0.001 0.004 0.002 0.002 0.002 0.002 0.004 
 23      250    (0)    1 :  0.007 0.863 0.014 0.010 0.015 0.010 0.010 0.006 0.009 0.021 0.016 0.012 0.005 0.005 
 24      251    (0)    1 :  0.001 0.930 0.004 0.005 0.005 0.003 0.008 0.004 0.004 0.008 0.004 0.005 0.015 0.002 
 25      252    (0)    1 :  0.002 0.873 0.008 0.008 0.008 0.039 0.010 0.001 0.007 0.019 0.008 0.005 0.003 0.009 
 26      253    (0)    1 :  0.016 0.834 0.023 0.025 0.024 0.024 0.003 0.003 0.007 0.006 0.021 0.006 0.003 0.004 
 27      254    (0)    1 :  0.001 0.945 0.005 0.007 0.005 0.003 0.004 0.002 0.007 0.005 0.005 0.004 0.004 0.003 
 28      255    (0)    1 :  0.003 0.625 0.018 0.014 0.016 0.006 0.008 0.003 0.053 0.007 0.020 0.016 0.208 0.004 
 29      256    (0)    1 :  0.004 0.877 0.009 0.005 0.010 0.002 0.005 0.002 0.004 0.007 0.008 0.003 0.052 0.013 
 30      257    (0)    1 :  0.002 0.905 0.008 0.010 0.008 0.009 0.010 0.003 0.017 0.008 0.008 0.003 0.006 0.003 
 31      258    (0)    1 :  0.005 0.888 0.008 0.008 0.010 0.003 0.011 0.002 0.011 0.011 0.008 0.009 0.023 0.003 
 32      259    (0)    1 :  0.002 0.902 0.014 0.011 0.012 0.003 0.009 0.002 0.006 0.006 0.016 0.002 0.010 0.005 
 33      260    (0)    1 :  0.002 0.838 0.006 0.004 0.006 0.069 0.004 0.005 0.025 0.006 0.005 0.022 0.005 0.003 
 34      261    (0)    1 :  0.002 0.790 0.015 0.005 0.015 0.010 0.061 0.002 0.019 0.052 0.014 0.003 0.005 0.005 
 35      262    (0)    1 :  0.001 0.970 0.002 0.002 0.002 0.002 0.002 0.001 0.002 0.002 0.002 0.002 0.006 0.003 
 36      263    (0)    1 :  0.003 0.877 0.005 0.004 0.005 0.023 0.004 0.005 0.041 0.006 0.005 0.005 0.012 0.005 
 37      264    (0)    1 :  0.001 0.937 0.004 0.004 0.004 0.003 0.006 0.001 0.006 0.005 0.004 0.003 0.009 0.012 
 38      265    (0)    1 :  0.001 0.888 0.005 0.003 0.006 0.034 0.006 0.002 0.018 0.004 0.006 0.007 0.017 0.004 
 39      266    (0)    1 :  0.001 0.964 0.003 0.003 0.003 0.002 0.003 0.001 0.002 0.003 0.003 0.005 0.005 0.002 
 40      267    (0)    1 :  0.001 0.951 0.003 0.004 0.003 0.001 0.003 0.002 0.003 0.002 0.003 0.002 0.018 0.003 
 41      268    (0)    1 :  0.001 0.888 0.006 0.007 0.007 0.049 0.004 0.008 0.006 0.008 0.006 0.003 0.004 0.004 
 42      269    (0)    1 :  0.001 0.947 0.003 0.003 0.003 0.002 0.004 0.001 0.004 0.003 0.003 0.017 0.007 0.002 
 43      270    (0)    1 :  0.001 0.943 0.003 0.004 0.003 0.002 0.004 0.002 0.006 0.003 0.003 0.003 0.003 0.019 
 44      271    (0)    1 :  0.007 0.740 0.029 0.016 0.028 0.010 0.013 0.003 0.013 0.027 0.027 0.069 0.011 0.007 
 45      272    (0)    1 :  0.001 0.353 0.033 0.011 0.036 0.005 0.028 0.007 0.009 0.012 0.032 0.012 0.443 0.021 
 46      273    (0)    1 :  0.003 0.838 0.014 0.016 0.013 0.002 0.013 0.002 0.038 0.007 0.013 0.010 0.012 0.018 
 47      274    (0)    1 :  0.002 0.937 0.004 0.004 0.005 0.006 0.007 0.003 0.008 0.006 0.005 0.006 0.004 0.003 
 48      275    (2)    1 :  0.002 0.950 0.004 0.005 0.004 0.002 0.004 0.002 0.006 0.003 0.004 0.003 0.008 0.004 
 49      276    (0)    1 :  0.001 0.934 0.005 0.007 0.005 0.004 0.007 0.002 0.005 0.009 0.006 0.005 0.005 0.004 
 50      277    (0)    1 :  0.001 0.831 0.013 0.006 0.013 0.002 0.022 0.001 0.008 0.070 0.010 0.013 0.003 0.007 
 51      278    (0)    1 :  0.001 0.859 0.009 0.010 0.008 0.004 0.014 0.008 0.005 0.052 0.009 0.004 0.013 0.002 
 52      279    (0)    1 :  0.002 0.901 0.014 0.009 0.012 0.003 0.005 0.002 0.006 0.009 0.017 0.003 0.014 0.005 
 53      280    (0)    1 :  0.002 0.827 0.010 0.011 0.010 0.005 0.018 0.002 0.018 0.014 0.011 0.061 0.006 0.003 
 54      287    (0)    1 :  0.003 0.894 0.014 0.008 0.014 0.006 0.009 0.004 0.013 0.009 0.013 0.003 0.004 0.006 
 55      290    (0)    1 :  0.002 0.826 0.012 0.008 0.011 0.003 0.011 0.005 0.010 0.009 0.013 0.006 0.068 0.016 
 56      291    (0)    1 :  0.002 0.889 0.010 0.005 0.009 0.006 0.024 0.003 0.007 0.014 0.010 0.014 0.003 0.003 
 57      295    (0)    1 :  0.001 0.946 0.004 0.003 0.003 0.003 0.015 0.001 0.004 0.005 0.003 0.003 0.005 0.003 
 58      296    (0)    1 :  0.002 0.941 0.004 0.007 0.004 0.004 0.003 0.003 0.003 0.005 0.004 0.004 0.007 0.009 
 59      872    (2)    1 :  0.005 0.858 0.005 0.004 0.005 0.007 0.004 0.006 0.005 0.006 0.005 0.004 0.082 0.005 
 60      873    (4)    1 :  0.003 0.863 0.013 0.011 0.014 0.003 0.003 0.004 0.014 0.007 0.012 0.009 0.023 0.019 
 61      874    (2)    1 :  0.001 0.933 0.004 0.007 0.004 0.002 0.007 0.001 0.005 0.015 0.004 0.002 0.011 0.004 
 62      875    (0)    1 :  0.003 0.923 0.005 0.005 0.005 0.002 0.005 0.016 0.005 0.004 0.005 0.005 0.013 0.003 
 63      876    (6)    1 :  0.002 0.885 0.008 0.016 0.008 0.011 0.011 0.001 0.023 0.013 0.007 0.005 0.005 0.004 
 64      212    (0)   10 :  0.002 0.002 0.003 0.003 0.002 0.968 0.004 0.001 0.002 0.004 0.003 0.002 0.003 0.002 
 65      213    (0)   10 :  0.002 0.004 0.004 0.005 0.004 0.946 0.005 0.003 0.003 0.007 0.004 0.008 0.002 0.003 
 66      214    (0)   10 :  0.003 0.004 0.005 0.006 0.005 0.948 0.003 0.001 0.005 0.004 0.005 0.002 0.006 0.002 
 67      215    (0)   10 :  0.002 0.005 0.004 0.004 0.004 0.951 0.006 0.003 0.004 0.004 0.004 0.003 0.004 0.003 
 68      216    (0)   10 :  0.001 0.004 0.003 0.002 0.003 0.961 0.004 0.002 0.003 0.004 0.003 0.004 0.002 0.003 
 69      217    (0)   10 :  0.002 0.005 0.005 0.009 0.005 0.944 0.004 0.002 0.003 0.004 0.005 0.004 0.004 0.006 
 70      218    (0)   10 :  0.003 0.003 0.003 0.002 0.003 0.966 0.003 0.002 0.003 0.003 0.003 0.002 0.002 0.004 
 71      332    (0)   10 :  0.002 0.010 0.007 0.010 0.007 0.876 0.009 0.005 0.016 0.009 0.006 0.003 0.007 0.031 
 72      333    (0)   10 :  0.008 0.011 0.012 0.010 0.014 0.861 0.007 0.010 0.028 0.005 0.011 0.004 0.014 0.006 
 73      334    (0)   10 :  0.002 0.007 0.004 0.005 0.004 0.943 0.004 0.003 0.007 0.005 0.004 0.003 0.002 0.006 
 74      335    (0)   10 :  0.002 0.002 0.003 0.003 0.003 0.969 0.005 0.002 0.003 0.002 0.003 0.001 0.002 0.002 
 75      336    (0)   10 :  0.002 0.003 0.002 0.002 0.002 0.952 0.002 0.013 0.005 0.003 0.002 0.004 0.005 0.003 
 76      337    (0)   10 :  0.003 0.009 0.005 0.006 0.005 0.939 0.003 0.002 0.010 0.003 0.004 0.002 0.008 0.002 
 77      673    (0)   10 :  0.001 0.002 0.001 0.001 0.001 0.982 0.002 0.001 0.002 0.001 0.001 0.001 0.001 0.001 
 78      674    (0)   10 :  0.002 0.003 0.005 0.003 0.005 0.949 0.004 0.002 0.005 0.004 0.005 0.002 0.005 0.007 
 79      675    (0)   10 :  0.002 0.003 0.004 0.003 0.004 0.949 0.005 0.004 0.005 0.005 0.004 0.004 0.002 0.003 
 80      676    (0)   10 :  0.002 0.003 0.004 0.007 0.004 0.946 0.008 0.001 0.006 0.006 0.005 0.001 0.002 0.005 
 81      677    (0)   10 :  0.001 0.006 0.003 0.004 0.003 0.958 0.004 0.002 0.004 0.003 0.003 0.002 0.002 0.002 
 82      678    (0)   10 :  0.003 0.008 0.011 0.008 0.010 0.907 0.007 0.004 0.003 0.006 0.012 0.004 0.012 0.003 
 83      679    (0)   10 :  0.026 0.004 0.007 0.005 0.007 0.910 0.003 0.002 0.007 0.004 0.007 0.001 0.002 0.015 
 84      680    (0)   10 :  0.002 0.004 0.005 0.004 0.005 0.933 0.007 0.005 0.012 0.007 0.005 0.003 0.003 0.006 
 85      681    (0)   10 :  0.002 0.006 0.005 0.008 0.005 0.943 0.004 0.002 0.006 0.005 0.005 0.002 0.003 0.004 
 86      682    (0)   10 :  0.002 0.002 0.002 0.002 0.002 0.971 0.002 0.004 0.002 0.002 0.002 0.003 0.002 0.002 
 87      683    (0)   10 :  0.002 0.005 0.006 0.004 0.005 0.944 0.004 0.002 0.007 0.004 0.005 0.003 0.003 0.006 
 88      684    (0)   10 :  0.002 0.002 0.005 0.004 0.005 0.950 0.006 0.003 0.006 0.005 0.005 0.002 0.003 0.003 
 89      685    (0)   10 :  0.004 0.003 0.006 0.005 0.005 0.942 0.003 0.003 0.009 0.003 0.006 0.003 0.006 0.003 
 90      686    (0)   10 :  0.004 0.002 0.002 0.002 0.002 0.970 0.002 0.003 0.003 0.002 0.002 0.002 0.002 0.002 
 91      687    (0)   10 :  0.001 0.002 0.002 0.002 0.002 0.973 0.003 0.002 0.003 0.002 0.002 0.002 0.002 0.002 
 92      688    (0)   10 :  0.001 0.007 0.003 0.004 0.003 0.947 0.007 0.002 0.005 0.006 0.003 0.003 0.004 0.004 
 93      070    (0)   11 :  0.007 0.002 0.004 0.003 0.005 0.002 0.003 0.958 0.003 0.003 0.005 0.001 0.003 0.002 
 94      071    (0)   11 :  0.001 0.002 0.003 0.003 0.003 0.005 0.003 0.961 0.004 0.003 0.003 0.005 0.002 0.002 
 95      072    (0)   11 :  0.005 0.001 0.002 0.002 0.002 0.001 0.002 0.974 0.002 0.001 0.002 0.003 0.002 0.001 
 96      151    (0)   11 :  0.002 0.001 0.001 0.001 0.001 0.001 0.002 0.981 0.002 0.002 0.001 0.001 0.001 0.001 
 97      152    (0)   11 :  0.002 0.003 0.006 0.005 0.005 0.002 0.005 0.952 0.004 0.003 0.006 0.005 0.002 0.002 
 98      153    (2)   11 :  0.002 0.001 0.001 0.001 0.001 0.001 0.001 0.982 0.002 0.001 0.001 0.001 0.002 0.001 
 99      788    (4)   11 :  0.026 0.002 0.003 0.002 0.003 0.002 0.003 0.945 0.002 0.003 0.002 0.003 0.001 0.001 
100      789    (2)   11 :  0.002 0.002 0.002 0.002 0.002 0.003 0.002 0.975 0.002 0.002 0.002 0.002 0.002 0.001 
101      790    (0)   11 :  0.001 0.002 0.002 0.002 0.002 0.001 0.002 0.977 0.002 0.001 0.002 0.003 0.002 0.001 
102      010    (0)   12 :  0.011 0.005 0.257 0.044 0.224 0.004 0.005 0.002 0.010 0.009 0.407 0.007 0.007 0.007 
103      024    (0)   12 :  0.039 0.006 0.261 0.017 0.337 0.010 0.017 0.006 0.011 0.019 0.258 0.005 0.007 0.008 
104      051    (0)   12 :  0.048 0.005 0.161 0.051 0.167 0.007 0.006 0.012 0.289 0.010 0.228 0.004 0.007 0.005 
105      090    (0)   12 :  0.020 0.007 0.259 0.114 0.314 0.004 0.013 0.007 0.059 0.014 0.164 0.003 0.008 0.012 
106      102    (0)   12 :  0.002 0.030 0.224 0.043 0.233 0.003 0.050 0.002 0.017 0.215 0.132 0.004 0.034 0.012 
107      111    (0)   12 :  0.004 0.006 0.218 0.097 0.213 0.004 0.011 0.002 0.011 0.022 0.312 0.070 0.025 0.005 
108      113    (0)   12 :  0.005 0.005 0.206 0.106 0.163 0.005 0.039 0.006 0.094 0.037 0.287 0.003 0.036 0.007 
109      138    (0)   12 :  0.005 0.009 0.098 0.515 0.116 0.075 0.012 0.044 0.019 0.014 0.084 0.002 0.003 0.003 
110      150    (0)   12 :  0.026 0.016 0.020 0.045 0.023 0.004 0.032 0.015 0.061 0.726 0.019 0.002 0.007 0.006 
111      173    (2)   12 :  0.023 0.006 0.144 0.045 0.198 0.012 0.044 0.022 0.261 0.020 0.163 0.007 0.007 0.047 
112      174    (2)   12 :  0.027 0.007 0.125 0.403 0.092 0.003 0.005 0.021 0.014 0.004 0.264 0.004 0.025 0.005 
113      175    (0)   12 :  0.067 0.003 0.239 0.031 0.243 0.003 0.006 0.006 0.039 0.019 0.324 0.002 0.013 0.006 
114      176    (0)   12 :  0.004 0.016 0.266 0.019 0.225 0.010 0.005 0.005 0.007 0.025 0.390 0.006 0.018 0.003 
115      177    (0)   12 :  0.009 0.003 0.137 0.073 0.179 0.002 0.019 0.003 0.321 0.013 0.226 0.002 0.008 0.004 
116      180    (0)   12 :  0.002 0.027 0.153 0.174 0.161 0.007 0.006 0.004 0.147 0.005 0.188 0.004 0.117 0.004 
117      184    (0)   12 :  0.009 0.006 0.133 0.413 0.145 0.005 0.017 0.015 0.016 0.078 0.112 0.004 0.004 0.043 
118      195    (0)   12 :  0.007 0.005 0.278 0.028 0.251 0.015 0.011 0.005 0.015 0.022 0.318 0.034 0.004 0.006 
119      198    (0)   12 :  0.008 0.011 0.169 0.298 0.219 0.006 0.006 0.003 0.019 0.019 0.191 0.033 0.016 0.003 
120      203    (0)   12 :  0.002 0.008 0.322 0.014 0.264 0.005 0.008 0.009 0.011 0.031 0.305 0.003 0.009 0.008 
121      211    (0)   12 :  0.004 0.030 0.235 0.031 0.205 0.085 0.020 0.003 0.008 0.053 0.317 0.003 0.005 0.003 
122      220    (0)   12 :  0.005 0.004 0.190 0.043 0.183 0.010 0.031 0.002 0.086 0.289 0.129 0.007 0.009 0.011 
123      233    (0)   12 :  0.002 0.009 0.209 0.022 0.247 0.048 0.234 0.006 0.022 0.006 0.159 0.002 0.004 0.032 
124      331    (0)   12 :  0.024 0.005 0.291 0.023 0.296 0.004 0.006 0.007 0.029 0.015 0.279 0.008 0.006 0.007 
125      349    (0)   12 :  0.107 0.008 0.096 0.016 0.095 0.006 0.010 0.009 0.042 0.009 0.103 0.006 0.010 0.483 
126      410    (0)   12 :  0.005 0.008 0.168 0.346 0.231 0.026 0.004 0.003 0.019 0.006 0.166 0.003 0.011 0.005 
127      417    (2)   12 :  0.005 0.029 0.263 0.195 0.264 0.005 0.006 0.002 0.006 0.021 0.183 0.007 0.007 0.008 
128      421    (0)   13 :  0.001 0.008 0.009 0.009 0.009 0.004 0.838 0.002 0.004 0.007 0.009 0.087 0.003 0.010 
129      423    (0)   13 :  0.007 0.006 0.298 0.039 0.238 0.002 0.004 0.007 0.010 0.020 0.332 0.003 0.010 0.024 
130      424    (0)   13 :  0.011 0.016 0.096 0.183 0.104 0.002 0.008 0.002 0.428 0.008 0.095 0.005 0.033 0.008 
131      433    (0)   13 :  0.009 0.004 0.105 0.212 0.088 0.018 0.159 0.002 0.008 0.321 0.064 0.003 0.004 0.004 
132      462    (0)   13 :  0.005 0.007 0.195 0.110 0.202 0.022 0.078 0.002 0.085 0.036 0.230 0.007 0.009 0.012 
133      463    (0)   13 :  0.027 0.014 0.214 0.126 0.216 0.004 0.009 0.003 0.008 0.012 0.289 0.019 0.005 0.055 
134      467    (0)   13 :  0.009 0.022 0.016 0.009 0.015 0.012 0.756 0.009 0.014 0.104 0.014 0.004 0.006 0.012 
135      468    (0)   13 :  0.002 0.020 0.009 0.007 0.009 0.002 0.047 0.003 0.008 0.032 0.009 0.028 0.007 0.818 
136      469    (0)   13 :  0.002 0.059 0.146 0.079 0.166 0.002 0.208 0.002 0.006 0.152 0.132 0.034 0.009 0.004 
137      472    (0)   13 :  0.019 0.007 0.283 0.037 0.308 0.007 0.010 0.004 0.009 0.024 0.267 0.015 0.002 0.007 
138      473    (0)   13 :  0.010 0.003 0.034 0.022 0.037 0.008 0.007 0.003 0.007 0.009 0.024 0.006 0.005 0.828 
139      474    (0)   13 :  0.001 0.005 0.003 0.004 0.003 0.006 0.004 0.001 0.003 0.946 0.003 0.002 0.003 0.015 
140      475    (0)   13 :  0.010 0.004 0.188 0.049 0.187 0.003 0.217 0.003 0.010 0.069 0.220 0.003 0.006 0.032 
141      476    (2)   13 :  0.012 0.003 0.006 0.004 0.006 0.011 0.007 0.007 0.005 0.908 0.006 0.002 0.006 0.017 
142      477    (0)   13 :  0.008 0.007 0.353 0.013 0.349 0.017 0.013 0.004 0.007 0.019 0.188 0.003 0.005 0.013 
143      478    (0)   13 :  0.002 0.014 0.268 0.010 0.330 0.003 0.066 0.002 0.018 0.017 0.181 0.003 0.080 0.004 
144      479    (0)   13 :  0.001 0.014 0.012 0.238 0.017 0.003 0.013 0.003 0.010 0.651 0.012 0.016 0.005 0.005 
145      480    (0)   13 :  0.001 0.003 0.006 0.007 0.006 0.002 0.936 0.002 0.005 0.008 0.006 0.001 0.004 0.012 
146      481    (0)   13 :  0.008 0.006 0.178 0.177 0.208 0.003 0.014 0.044 0.014 0.151 0.162 0.004 0.011 0.019 
147      482    (0)   13 :  0.005 0.004 0.175 0.157 0.163 0.053 0.092 0.002 0.017 0.012 0.241 0.071 0.005 0.004 
148      489    (0)   13 :  0.029 0.005 0.230 0.069 0.207 0.014 0.044 0.004 0.008 0.009 0.345 0.006 0.006 0.024 
149      490    (0)   13 :  0.005 0.015 0.014 0.886 0.014 0.003 0.011 0.003 0.011 0.006 0.016 0.005 0.008 0.003 
150      491    (0)   13 :  0.001 0.005 0.189 0.138 0.236 0.118 0.015 0.009 0.086 0.030 0.151 0.009 0.004 0.009 
151      492    (0)   13 :  0.005 0.013 0.012 0.007 0.011 0.009 0.007 0.003 0.007 0.842 0.012 0.003 0.042 0.024 
152      493    (0)   13 :  0.015 0.008 0.045 0.007 0.037 0.005 0.018 0.008 0.018 0.791 0.036 0.005 0.003 0.004 
153      494    (0)   13 :  0.025 0.005 0.087 0.338 0.098 0.042 0.206 0.023 0.018 0.037 0.094 0.011 0.003 0.012 
154      498    (0)   13 :  0.012 0.024 0.181 0.158 0.221 0.004 0.006 0.007 0.007 0.122 0.194 0.003 0.014 0.047 
155      499    (0)   13 :  0.007 0.011 0.259 0.037 0.255 0.007 0.013 0.003 0.056 0.026 0.312 0.003 0.006 0.006 
156      709    (0)   13 :  0.014 0.008 0.207 0.178 0.243 0.010 0.009 0.073 0.011 0.024 0.192 0.018 0.009 0.004 
157      710    (4)   13 :  0.033 0.008 0.298 0.031 0.258 0.003 0.091 0.005 0.003 0.041 0.207 0.012 0.004 0.006 
158      711    (2)   13 :  0.003 0.016 0.227 0.054 0.229 0.003 0.012 0.006 0.109 0.017 0.227 0.025 0.065 0.006 
159      712    (4)   13 :  0.002 0.006 0.009 0.927 0.008 0.003 0.008 0.002 0.008 0.006 0.007 0.004 0.006 0.003 
160      713    (0)   13 :  0.026 0.004 0.309 0.013 0.265 0.008 0.004 0.004 0.008 0.008 0.318 0.021 0.005 0.010 
161      714    (2)   13 :  0.006 0.012 0.036 0.008 0.032 0.002 0.256 0.013 0.022 0.505 0.035 0.006 0.007 0.061 
162      715    (4)   13 :  0.004 0.037 0.012 0.020 0.013 0.031 0.787 0.013 0.021 0.018 0.012 0.014 0.016 0.003 
163      716    (0)   13 :  0.001 0.003 0.011 0.008 0.012 0.003 0.064 0.002 0.004 0.866 0.013 0.004 0.004 0.004 
164      717    (2)   13 :  0.006 0.007 0.163 0.019 0.143 0.012 0.305 0.003 0.010 0.022 0.139 0.007 0.154 0.010 
165      718    (4)   13 :  0.003 0.012 0.023 0.811 0.037 0.002 0.013 0.002 0.017 0.020 0.040 0.009 0.005 0.004 
166      719    (0)   13 :  0.002 0.003 0.004 0.004 0.004 0.002 0.960 0.002 0.002 0.004 0.004 0.004 0.002 0.004 
167      720    (2)   13 :  0.007 0.007 0.056 0.009 0.044 0.007 0.762 0.002 0.010 0.027 0.037 0.013 0.005 0.012 
168      721    (0)   13 :  0.007 0.004 0.099 0.024 0.090 0.006 0.026 0.037 0.018 0.580 0.071 0.012 0.005 0.021 
169      722    (4)   13 :  0.001 0.009 0.005 0.007 0.005 0.002 0.880 0.002 0.005 0.014 0.004 0.020 0.006 0.038 
170      723    (0)   13 :  0.003 0.004 0.021 0.008 0.025 0.007 0.849 0.007 0.003 0.043 0.019 0.002 0.007 0.003 
171      724    (0)   13 :  0.024 0.014 0.019 0.009 0.022 0.009 0.581 0.005 0.007 0.193 0.014 0.084 0.009 0.010 
172      725    (0)   13 :  0.017 0.004 0.278 0.027 0.246 0.010 0.028 0.004 0.012 0.009 0.331 0.009 0.009 0.017 
173      726    (0)   13 :  0.011 0.004 0.230 0.018 0.275 0.005 0.030 0.006 0.007 0.235 0.135 0.010 0.003 0.030 
174      727    (0)   13 :  0.002 0.004 0.130 0.077 0.117 0.011 0.013 0.010 0.013 0.453 0.151 0.008 0.003 0.006 
175      728    (2)   13 :  0.006 0.008 0.273 0.011 0.293 0.006 0.014 0.090 0.011 0.011 0.249 0.010 0.015 0.003 
176      729    (6)   13 :  0.004 0.006 0.281 0.086 0.354 0.004 0.044 0.004 0.017 0.014 0.172 0.004 0.005 0.004 
177      730    (2)   13 :  0.003 0.010 0.034 0.775 0.032 0.004 0.055 0.007 0.012 0.007 0.038 0.012 0.009 0.002 
178      731    (2)   13 :  0.004 0.008 0.022 0.857 0.035 0.002 0.004 0.002 0.005 0.008 0.039 0.004 0.004 0.006 
179      732    (0)   13 :  0.008 0.010 0.216 0.014 0.195 0.005 0.020 0.002 0.011 0.191 0.298 0.006 0.013 0.008 
180      733    (0)   13 :  0.014 0.013 0.239 0.103 0.249 0.003 0.053 0.004 0.015 0.040 0.210 0.044 0.010 0.003 
181      734    (2)   13 :  0.038 0.012 0.169 0.082 0.206 0.084 0.019 0.008 0.121 0.052 0.195 0.001 0.007 0.004 
182      735    (4)   13 :  0.002 0.006 0.264 0.136 0.273 0.008 0.037 0.003 0.030 0.009 0.170 0.007 0.008 0.048 
183      736    (2)   13 :  0.010 0.004 0.137 0.427 0.133 0.023 0.005 0.018 0.019 0.030 0.183 0.003 0.004 0.004 
184      737    (0)   13 :  0.003 0.011 0.049 0.729 0.052 0.003 0.004 0.013 0.017 0.012 0.062 0.004 0.028 0.014 
185      738    (2)   13 :  0.004 0.009 0.139 0.437 0.120 0.005 0.008 0.003 0.083 0.012 0.170 0.003 0.005 0.004 
186      739    (8)   13 :  0.002 0.008 0.030 0.805 0.027 0.006 0.025 0.013 0.012 0.016 0.039 0.004 0.004 0.011 
187      740    (4)   13 :  0.005 0.006 0.061 0.660 0.083 0.003 0.039 0.002 0.004 0.040 0.076 0.014 0.005 0.004 
188      741    (2)   13 :  0.012 0.069 0.113 0.235 0.137 0.029 0.091 0.002 0.011 0.023 0.126 0.027 0.096 0.029 
189      742    (4)   13 :  0.007 0.013 0.103 0.500 0.111 0.005 0.011 0.006 0.088 0.014 0.116 0.002 0.018 0.006 
190      743    (2)   13 :  0.003 0.005 0.011 0.012 0.012 0.010 0.862 0.002 0.006 0.057 0.011 0.002 0.004 0.003 
191      744    (0)   13 :  0.097 0.005 0.176 0.040 0.155 0.004 0.166 0.023 0.007 0.082 0.232 0.004 0.005 0.004 
192      745    (0)   13 :  0.003 0.047 0.127 0.026 0.131 0.005 0.503 0.013 0.008 0.010 0.081 0.018 0.020 0.007 
193      746    (2)   13 :  0.005 0.004 0.170 0.379 0.225 0.005 0.006 0.004 0.011 0.008 0.125 0.011 0.042 0.004 
194      747    (2)   13 :  0.004 0.034 0.094 0.567 0.080 0.022 0.008 0.005 0.059 0.016 0.081 0.005 0.007 0.017 
195      748    (0)   13 :  0.014 0.110 0.136 0.035 0.180 0.018 0.005 0.006 0.087 0.126 0.100 0.017 0.032 0.134 
196      749    (2)   13 :  0.146 0.017 0.176 0.024 0.190 0.020 0.019 0.009 0.143 0.004 0.189 0.045 0.012 0.003 
197      750    (4)   13 :  0.012 0.011 0.233 0.136 0.288 0.005 0.017 0.005 0.015 0.009 0.231 0.006 0.028 0.005 
198      751    (0)   13 :  0.002 0.011 0.280 0.055 0.307 0.007 0.022 0.015 0.072 0.008 0.192 0.008 0.008 0.012 
199      752    (2)   13 :  0.002 0.012 0.007 0.019 0.008 0.003 0.070 0.001 0.005 0.043 0.007 0.003 0.005 0.816 
200      753    (4)   13 :  0.003 0.026 0.273 0.014 0.252 0.032 0.029 0.011 0.038 0.023 0.210 0.015 0.006 0.069 
201      754    (2)   13 :  0.005 0.003 0.006 0.949 0.005 0.003 0.004 0.003 0.004 0.006 0.005 0.002 0.003 0.002 
202      155    (0)   14 :  0.010 0.023 0.264 0.021 0.286 0.034 0.011 0.004 0.008 0.027 0.295 0.006 0.006 0.006 
203      156    (2)   14 :  0.011 0.014 0.228 0.027 0.190 0.005 0.021 0.101 0.009 0.005 0.373 0.005 0.006 0.004 
204      157    (2)   14 :  0.030 0.004 0.023 0.844 0.018 0.009 0.010 0.002 0.008 0.007 0.017 0.004 0.005 0.018 
205      158    (0)   14 :  0.004 0.008 0.258 0.021 0.271 0.007 0.011 0.004 0.040 0.043 0.315 0.006 0.008 0.003 
206      159    (0)   14 :  0.015 0.013 0.246 0.104 0.266 0.003 0.008 0.010 0.012 0.035 0.162 0.108 0.007 0.010 
207      160    (0)   14 :  0.003 0.016 0.027 0.107 0.028 0.009 0.017 0.003 0.030 0.730 0.017 0.004 0.003 0.005 
208      161    (0)   14 :  0.226 0.006 0.073 0.437 0.075 0.008 0.024 0.003 0.011 0.049 0.069 0.009 0.003 0.008 
209      162    (0)   14 :  0.002 0.008 0.199 0.005 0.160 0.005 0.078 0.005 0.019 0.292 0.202 0.002 0.007 0.014 
210      163    (2)   14 :  0.003 0.003 0.202 0.214 0.150 0.003 0.010 0.009 0.061 0.004 0.317 0.002 0.009 0.014 
211      164    (0)   14 :  0.016 0.052 0.266 0.061 0.302 0.020 0.019 0.002 0.014 0.008 0.194 0.004 0.010 0.030 
212      165    (2)   14 :  0.018 0.006 0.262 0.120 0.176 0.004 0.005 0.004 0.003 0.006 0.381 0.004 0.006 0.005 
213      427    (0)   14 :  0.004 0.006 0.013 0.008 0.016 0.051 0.800 0.009 0.014 0.027 0.010 0.034 0.003 0.004 
214      428    (0)   14 :  0.003 0.009 0.017 0.004 0.016 0.004 0.743 0.003 0.035 0.094 0.012 0.027 0.004 0.028 
215      429    (0)   14 :  0.001 0.004 0.006 0.004 0.006 0.002 0.940 0.003 0.004 0.006 0.006 0.004 0.007 0.005 
216      430    (0)   14 :  0.006 0.026 0.192 0.038 0.236 0.004 0.022 0.002 0.084 0.160 0.148 0.005 0.052 0.025 
217      431    (0)   14 :  0.003 0.036 0.019 0.013 0.023 0.004 0.426 0.002 0.013 0.406 0.023 0.007 0.020 0.006 
218      435    (0)   14 :  0.001 0.003 0.006 0.004 0.006 0.002 0.917 0.002 0.004 0.036 0.005 0.003 0.003 0.008 
219      436    (0)   14 :  0.002 0.007 0.005 0.004 0.006 0.003 0.215 0.002 0.003 0.735 0.005 0.007 0.003 0.003 
220      437    (0)   14 :  0.003 0.060 0.020 0.008 0.030 0.005 0.087 0.002 0.004 0.720 0.017 0.029 0.006 0.008 
221      438    (0)   14 :  0.004 0.057 0.074 0.023 0.059 0.002 0.349 0.009 0.020 0.252 0.039 0.018 0.017 0.077 
222      439    (0)   14 :  0.002 0.011 0.108 0.173 0.118 0.004 0.271 0.006 0.017 0.111 0.097 0.004 0.038 0.039 
223      441    (0)   14 :  0.001 0.003 0.003 0.002 0.003 0.003 0.005 0.001 0.003 0.004 0.003 0.001 0.004 0.965 
224      442    (0)   14 :  0.002 0.009 0.013 0.004 0.014 0.147 0.762 0.005 0.009 0.007 0.012 0.002 0.002 0.012 
225      443    (4)   14 :  0.002 0.012 0.008 0.017 0.009 0.002 0.888 0.003 0.014 0.012 0.007 0.004 0.004 0.019 
226      444    (4)   14 :  0.006 0.006 0.006 0.004 0.006 0.008 0.926 0.004 0.006 0.007 0.006 0.009 0.003 0.002 
227      445    (2)   14 :  0.002 0.055 0.254 0.008 0.245 0.004 0.232 0.006 0.004 0.038 0.116 0.012 0.005 0.017 
228      446    (0)   14 :  0.003 0.002 0.005 0.004 0.005 0.005 0.950 0.003 0.005 0.008 0.005 0.001 0.003 0.003 
229      447    (0)   14 :  0.001 0.015 0.011 0.011 0.011 0.004 0.887 0.004 0.007 0.029 0.009 0.006 0.003 0.003 
230      449    (0)   14 :  0.002 0.006 0.004 0.003 0.004 0.007 0.937 0.002 0.004 0.015 0.004 0.003 0.005 0.003 
231      460    (0)   14 :  0.005 0.015 0.027 0.008 0.023 0.005 0.760 0.002 0.007 0.018 0.020 0.007 0.006 0.096 
232      461    (0)   14 :  0.005 0.026 0.071 0.120 0.084 0.008 0.128 0.002 0.053 0.398 0.074 0.009 0.015 0.006 
233      484    (0)   14 :  0.004 0.159 0.074 0.097 0.081 0.013 0.111 0.008 0.195 0.007 0.075 0.004 0.156 0.016 
234      485    (0)   14 :  0.003 0.005 0.016 0.019 0.018 0.004 0.757 0.001 0.003 0.137 0.018 0.002 0.004 0.011 
235      486    (0)   14 :  0.001 0.002 0.002 0.001 0.002 0.002 0.002 0.001 0.002 0.002 0.002 0.001 0.002 0.979 
236      487    (0)   14 :  0.003 0.006 0.072 0.025 0.070 0.011 0.504 0.003 0.015 0.195 0.071 0.006 0.008 0.011 
237      178    (0)   15 :  0.013 0.004 0.142 0.030 0.158 0.006 0.199 0.005 0.012 0.336 0.079 0.003 0.003 0.010 
238      422    (0)   15 :  0.001 0.008 0.007 0.021 0.007 0.003 0.908 0.003 0.004 0.021 0.007 0.003 0.005 0.003 
239      425    (0)   15 :  0.002 0.005 0.023 0.021 0.025 0.003 0.740 0.001 0.010 0.134 0.022 0.004 0.003 0.005 
240      426    (0)   15 :  0.028 0.004 0.104 0.045 0.128 0.023 0.051 0.112 0.309 0.081 0.104 0.003 0.005 0.003 
241      432    (0)   15 :  0.006 0.011 0.131 0.020 0.166 0.010 0.418 0.009 0.052 0.023 0.120 0.010 0.012 0.012 
242      434    (0)   15 :  0.001 0.004 0.004 0.004 0.004 0.004 0.947 0.002 0.004 0.005 0.004 0.004 0.008 0.003 
243      440    (0)   15 :  0.003 0.004 0.116 0.009 0.105 0.013 0.390 0.002 0.042 0.171 0.111 0.002 0.010 0.021 
244      448    (2)   15 :  0.002 0.010 0.007 0.009 0.007 0.012 0.856 0.002 0.008 0.009 0.006 0.041 0.022 0.008 
245      456    (0)   15 :  0.003 0.083 0.148 0.011 0.150 0.010 0.044 0.003 0.021 0.261 0.167 0.004 0.092 0.005 
246      457    (0)   15 :  0.003 0.021 0.090 0.016 0.094 0.005 0.393 0.006 0.020 0.220 0.061 0.011 0.026 0.035 
247      458    (0)   15 :  0.004 0.011 0.045 0.076 0.057 0.017 0.021 0.008 0.047 0.647 0.047 0.005 0.004 0.009 
248      459    (0)   15 :  0.005 0.007 0.014 0.018 0.015 0.004 0.879 0.003 0.012 0.015 0.014 0.002 0.004 0.009 
249      464    (0)   15 :  0.012 0.004 0.015 0.006 0.016 0.008 0.609 0.005 0.005 0.284 0.017 0.003 0.004 0.012 
250      465    (0)   15 :  0.003 0.004 0.008 0.011 0.009 0.002 0.107 0.001 0.004 0.830 0.008 0.002 0.007 0.005 
251      466    (0)   15 :  0.002 0.027 0.059 0.028 0.058 0.005 0.637 0.001 0.008 0.089 0.039 0.022 0.006 0.019 
252      470    (0)   15 :  0.003 0.004 0.007 0.008 0.008 0.006 0.352 0.002 0.009 0.460 0.007 0.003 0.006 0.126 
253      471    (0)   15 :  0.003 0.007 0.016 0.007 0.017 0.003 0.823 0.017 0.034 0.013 0.017 0.015 0.024 0.005 
254      483    (0)   15 :  0.012 0.004 0.011 0.041 0.010 0.007 0.871 0.003 0.011 0.007 0.014 0.002 0.004 0.004 
255      488    (0)   15 :  0.002 0.006 0.006 0.008 0.006 0.003 0.006 0.002 0.005 0.942 0.005 0.002 0.002 0.005 
256      495    (0)   15 :  0.003 0.018 0.010 0.023 0.010 0.002 0.799 0.001 0.011 0.078 0.010 0.002 0.030 0.003 
257      496    (0)   15 :  0.003 0.002 0.007 0.009 0.007 0.002 0.013 0.002 0.004 0.932 0.008 0.004 0.004 0.003 
258      497    (0)   15 :  0.004 0.005 0.013 0.005 0.015 0.025 0.824 0.003 0.003 0.009 0.010 0.003 0.078 0.003 
259      500    (0)   15 :  0.064 0.511 0.058 0.064 0.066 0.003 0.025 0.003 0.007 0.045 0.076 0.014 0.018 0.044 
260      879    (0)   15 :  0.004 0.003 0.006 0.009 0.006 0.009 0.928 0.002 0.011 0.005 0.007 0.002 0.003 0.004 
261      036    (0)   16 :  0.003 0.006 0.288 0.027 0.361 0.002 0.014 0.004 0.005 0.014 0.256 0.011 0.003 0.004 
262      063    (2)   16 :  0.003 0.012 0.243 0.077 0.177 0.014 0.023 0.003 0.040 0.022 0.339 0.003 0.034 0.010 
263      094    (4)   16 :  0.011 0.084 0.096 0.382 0.125 0.009 0.013 0.005 0.017 0.158 0.069 0.011 0.012 0.007 
264      103    (4)   16 :  0.011 0.005 0.260 0.122 0.173 0.005 0.006 0.002 0.003 0.005 0.374 0.004 0.023 0.007 
265      112    (0)   16 :  0.007 0.007 0.149 0.461 0.147 0.006 0.006 0.004 0.040 0.006 0.149 0.003 0.007 0.011 
266      114    (2)   16 :  0.003 0.004 0.237 0.118 0.227 0.004 0.013 0.002 0.004 0.057 0.306 0.008 0.004 0.013 
267      120    (0)   16 :  0.003 0.015 0.030 0.805 0.038 0.004 0.008 0.002 0.015 0.032 0.024 0.012 0.006 0.006 
268      127    (2)   16 :  0.006 0.008 0.200 0.044 0.234 0.007 0.004 0.003 0.088 0.126 0.184 0.005 0.005 0.086 
269      147    (0)   16 :  0.007 0.002 0.184 0.040 0.198 0.006 0.014 0.049 0.248 0.013 0.222 0.005 0.005 0.008 
270      166    (0)   16 :  0.075 0.006 0.155 0.053 0.168 0.018 0.017 0.027 0.113 0.182 0.166 0.004 0.012 0.004 
271      167    (0)   16 :  0.005 0.007 0.213 0.029 0.201 0.004 0.068 0.005 0.007 0.155 0.201 0.009 0.083 0.013 
272      168    (0)   16 :  0.013 0.004 0.342 0.018 0.319 0.004 0.011 0.003 0.004 0.009 0.251 0.014 0.004 0.003 
273      169    (2)   16 :  0.004 0.009 0.162 0.053 0.131 0.004 0.111 0.005 0.057 0.243 0.206 0.006 0.006 0.004 
274      170    (0)   16 :  0.037 0.026 0.201 0.128 0.205 0.036 0.019 0.005 0.019 0.006 0.285 0.004 0.006 0.023 
275      171    (2)   16 :  0.005 0.071 0.259 0.042 0.172 0.004 0.006 0.010 0.024 0.006 0.386 0.003 0.008 0.004 
276      172    (0)   16 :  0.004 0.015 0.027 0.800 0.031 0.004 0.010 0.013 0.017 0.030 0.022 0.012 0.011 0.002 
277      185    (0)   16 :  0.004 0.004 0.281 0.013 0.222 0.005 0.082 0.004 0.030 0.015 0.313 0.002 0.009 0.015 
278      199    (2)   16 :  0.011 0.006 0.248 0.011 0.234 0.213 0.005 0.005 0.007 0.022 0.220 0.006 0.003 0.008 
279      339    (0)   16 :  0.002 0.006 0.130 0.008 0.119 0.006 0.055 0.006 0.011 0.501 0.133 0.002 0.015 0.006 
280      355    (0)   16 :  0.031 0.003 0.266 0.007 0.232 0.073 0.003 0.012 0.009 0.004 0.347 0.002 0.005 0.004 
281      356    (0)   16 :  0.143 0.004 0.034 0.697 0.037 0.005 0.005 0.004 0.006 0.019 0.020 0.006 0.003 0.018 
282      357    (0)   16 :  0.006 0.007 0.219 0.125 0.272 0.018 0.007 0.013 0.022 0.031 0.235 0.009 0.005 0.032 
283      358    (0)   16 :  0.004 0.009 0.269 0.008 0.380 0.004 0.011 0.006 0.011 0.011 0.217 0.002 0.049 0.018 
284      359    (0)   16 :  0.005 0.004 0.212 0.278 0.211 0.009 0.008 0.002 0.018 0.008 0.218 0.001 0.022 0.003 
285      360    (0)   16 :  0.021 0.016 0.257 0.024 0.240 0.005 0.038 0.010 0.022 0.021 0.333 0.005 0.003 0.006 
286      361    (0)   16 :  0.002 0.005 0.028 0.815 0.026 0.003 0.037 0.002 0.012 0.040 0.018 0.003 0.006 0.004 
287      362    (0)   16 :  0.014 0.250 0.143 0.055 0.180 0.006 0.103 0.005 0.089 0.020 0.118 0.002 0.011 0.003 
288      363    (0)   16 :  0.008 0.006 0.099 0.039 0.110 0.047 0.014 0.012 0.511 0.020 0.110 0.005 0.009 0.011 
289      364    (0)   16 :  0.098 0.357 0.109 0.043 0.132 0.040 0.006 0.003 0.015 0.074 0.096 0.003 0.007 0.016 
290      365    (0)   16 :  0.066 0.025 0.215 0.028 0.283 0.003 0.026 0.011 0.006 0.156 0.164 0.002 0.005 0.010 
291      366    (0)   16 :  0.005 0.004 0.245 0.114 0.328 0.003 0.004 0.028 0.016 0.012 0.224 0.001 0.012 0.003 
292      367    (0)   16 :  0.002 0.012 0.317 0.015 0.299 0.002 0.007 0.009 0.005 0.005 0.270 0.005 0.016 0.034 
293      368    (0)   16 :  0.062 0.033 0.252 0.008 0.184 0.004 0.005 0.011 0.007 0.005 0.358 0.007 0.018 0.047 
294      369    (0)   16 :  0.016 0.003 0.263 0.014 0.195 0.004 0.004 0.004 0.008 0.006 0.473 0.002 0.005 0.003 
295      370    (0)   16 :  0.071 0.005 0.084 0.534 0.104 0.006 0.014 0.011 0.014 0.019 0.079 0.012 0.041 0.005 
296      371    (0)   16 :  0.002 0.016 0.290 0.012 0.312 0.006 0.011 0.003 0.004 0.007 0.319 0.005 0.009 0.003 
297      372    (0)   16 :  0.006 0.015 0.018 0.014 0.018 0.327 0.371 0.004 0.065 0.131 0.021 0.003 0.003 0.002 
298      373    (0)   16 :  0.101 0.007 0.212 0.148 0.217 0.032 0.040 0.003 0.006 0.015 0.205 0.004 0.009 0.002 
299      380    (0)   16 :  0.011 0.019 0.204 0.096 0.293 0.010 0.007 0.006 0.046 0.043 0.212 0.041 0.009 0.002 
300      388    (0)   16 :  0.042 0.012 0.110 0.483 0.171 0.021 0.008 0.008 0.029 0.007 0.088 0.005 0.012 0.004 
301      418    (0)   16 :  0.005 0.016 0.337 0.021 0.319 0.039 0.009 0.006 0.016 0.015 0.179 0.026 0.004 0.008 
302      419    (0)   16 :  0.005 0.005 0.377 0.014 0.332 0.003 0.015 0.005 0.007 0.015 0.200 0.010 0.005 0.009 
303      420    (0)   16 :  0.006 0.048 0.214 0.096 0.214 0.064 0.063 0.041 0.016 0.039 0.174 0.003 0.011 0.011 
304      409    (0)   17 :  0.005 0.008 0.245 0.071 0.200 0.003 0.012 0.002 0.013 0.029 0.281 0.119 0.006 0.007 
305      414    (0)   17 :  0.002 0.015 0.314 0.009 0.250 0.007 0.007 0.002 0.014 0.011 0.336 0.017 0.008 0.007 
306      415    (2)   17 :  0.014 0.007 0.226 0.039 0.256 0.014 0.006 0.003 0.012 0.010 0.368 0.004 0.011 0.031 
307      416    (0)   17 :  0.003 0.029 0.258 0.013 0.295 0.011 0.025 0.003 0.012 0.054 0.182 0.080 0.031 0.004 
308      571    (0)    2 :  0.002 0.867 0.006 0.005 0.006 0.003 0.023 0.004 0.024 0.007 0.007 0.004 0.015 0.026 
309      572    (0)    2 :  0.004 0.825 0.015 0.009 0.014 0.004 0.003 0.006 0.038 0.003 0.016 0.008 0.043 0.012 
310      573    (2)    2 :  0.001 0.943 0.006 0.004 0.006 0.003 0.005 0.001 0.003 0.004 0.006 0.004 0.006 0.009 
311      574    (0)    2 :  0.008 0.912 0.009 0.006 0.009 0.002 0.006 0.002 0.005 0.006 0.010 0.013 0.008 0.004 
312      575    (2)    2 :  0.006 0.830 0.014 0.006 0.014 0.007 0.008 0.008 0.063 0.005 0.014 0.005 0.013 0.006 
313      576    (0)    2 :  0.001 0.968 0.002 0.002 0.003 0.002 0.003 0.001 0.003 0.003 0.003 0.003 0.005 0.002 
314      577    (0)    2 :  0.002 0.913 0.007 0.004 0.006 0.007 0.007 0.002 0.006 0.007 0.006 0.008 0.016 0.010 
315      578    (0)    2 :  0.001 0.912 0.003 0.002 0.003 0.007 0.005 0.002 0.004 0.005 0.003 0.045 0.004 0.003 
316      579    (0)    2 :  0.001 0.948 0.003 0.003 0.003 0.004 0.007 0.002 0.004 0.011 0.003 0.007 0.003 0.002 
317      580    (0)    2 :  0.001 0.967 0.003 0.002 0.003 0.002 0.004 0.002 0.003 0.003 0.003 0.002 0.003 0.002 
318      581    (0)    2 :  0.001 0.949 0.003 0.002 0.003 0.002 0.005 0.002 0.002 0.005 0.003 0.014 0.006 0.002 
319      582    (4)    2 :  0.004 0.790 0.021 0.012 0.021 0.019 0.019 0.052 0.007 0.016 0.021 0.003 0.013 0.002 
320      583    (0)    2 :  0.002 0.529 0.087 0.031 0.113 0.017 0.024 0.010 0.044 0.024 0.091 0.004 0.008 0.017 
321      584    (0)    2 :  0.002 0.875 0.008 0.007 0.007 0.007 0.045 0.003 0.006 0.008 0.008 0.013 0.006 0.005 
322      585    (0)    2 :  0.001 0.941 0.004 0.003 0.004 0.002 0.007 0.002 0.006 0.006 0.004 0.002 0.010 0.009 
323      586    (2)    2 :  0.001 0.940 0.004 0.003 0.004 0.010 0.007 0.002 0.006 0.005 0.004 0.004 0.007 0.003 
324      587    (0)    2 :  0.001 0.963 0.003 0.003 0.003 0.002 0.003 0.002 0.003 0.003 0.003 0.008 0.003 0.002 
325      588    (0)    2 :  0.008 0.835 0.019 0.008 0.019 0.011 0.010 0.010 0.013 0.007 0.024 0.005 0.008 0.023 
326      589    (0)    2 :  0.006 0.730 0.031 0.011 0.034 0.020 0.031 0.004 0.057 0.009 0.033 0.019 0.010 0.005 
327      590    (0)    2 :  0.004 0.820 0.006 0.004 0.006 0.011 0.006 0.010 0.003 0.012 0.006 0.034 0.030 0.048 
328      001    (0)    3 :  0.965 0.003 0.004 0.003 0.004 0.001 0.002 0.003 0.002 0.002 0.004 0.003 0.003 0.002 
329      005    (0)    3 :  0.972 0.001 0.002 0.002 0.002 0.003 0.002 0.006 0.002 0.001 0.002 0.001 0.002 0.002 
330      106    (0)    3 :  0.965 0.005 0.003 0.003 0.003 0.002 0.002 0.002 0.003 0.002 0.003 0.003 0.002 0.002 
331      192    (0)    3 :  0.882 0.006 0.018 0.009 0.017 0.012 0.005 0.005 0.009 0.004 0.018 0.006 0.004 0.003 
332      229    (0)    3 :  0.898 0.003 0.005 0.006 0.005 0.004 0.004 0.043 0.008 0.004 0.005 0.003 0.007 0.005 
333      319    (0)    3 :  0.959 0.002 0.004 0.007 0.004 0.002 0.002 0.005 0.002 0.003 0.004 0.002 0.002 0.002 
334      327    (0)    3 :  0.967 0.003 0.003 0.005 0.003 0.003 0.002 0.002 0.002 0.002 0.003 0.002 0.002 0.002 
335      340    (0)    3 :  0.955 0.003 0.005 0.005 0.005 0.003 0.002 0.004 0.002 0.003 0.005 0.001 0.004 0.004 
336      345    (0)    3 :  0.938 0.004 0.005 0.009 0.005 0.003 0.002 0.010 0.005 0.006 0.005 0.001 0.004 0.002 
337      375    (0)    3 :  0.964 0.002 0.003 0.003 0.003 0.005 0.002 0.003 0.004 0.003 0.003 0.001 0.002 0.002 
338      501    (4)    3 :  0.961 0.002 0.003 0.004 0.003 0.002 0.002 0.003 0.004 0.003 0.003 0.001 0.002 0.008 
339      502    (0)    3 :  0.930 0.003 0.004 0.003 0.005 0.003 0.002 0.008 0.008 0.009 0.005 0.003 0.004 0.011 
340      503    (2)    3 :  0.967 0.004 0.002 0.002 0.002 0.002 0.001 0.002 0.002 0.001 0.002 0.002 0.003 0.006 
341      504    (0)    3 :  0.938 0.002 0.004 0.002 0.005 0.004 0.007 0.015 0.003 0.008 0.005 0.004 0.002 0.002 
342      505    (0)    3 :  0.880 0.006 0.007 0.010 0.007 0.003 0.002 0.046 0.007 0.003 0.008 0.007 0.011 0.002 
343      506    (2)    3 :  0.945 0.002 0.006 0.006 0.006 0.002 0.004 0.005 0.005 0.004 0.006 0.002 0.002 0.005 
344      507    (4)    3 :  0.962 0.002 0.003 0.004 0.003 0.002 0.002 0.004 0.005 0.003 0.003 0.001 0.003 0.004 
345      508    (0)    3 :  0.918 0.004 0.006 0.008 0.006 0.002 0.006 0.003 0.005 0.005 0.007 0.002 0.006 0.023 
346      509    (2)    3 :  0.965 0.002 0.003 0.003 0.003 0.004 0.003 0.003 0.003 0.002 0.003 0.001 0.003 0.003 
347      510    (2)    3 :  0.932 0.002 0.005 0.003 0.006 0.020 0.008 0.003 0.003 0.005 0.005 0.003 0.002 0.004 
348      511    (4)    3 :  0.966 0.002 0.003 0.002 0.003 0.002 0.003 0.002 0.002 0.003 0.003 0.003 0.002 0.005 
349      512    (4)    3 :  0.962 0.002 0.003 0.004 0.003 0.003 0.002 0.006 0.004 0.002 0.003 0.002 0.002 0.002 
350      513    (0)    3 :  0.945 0.002 0.003 0.003 0.003 0.019 0.003 0.007 0.003 0.002 0.003 0.002 0.002 0.002 
351      514    (0)    3 :  0.967 0.001 0.004 0.003 0.004 0.002 0.004 0.002 0.002 0.003 0.004 0.001 0.002 0.002 
352      515    (2)    3 :  0.969 0.002 0.002 0.002 0.002 0.003 0.002 0.004 0.002 0.002 0.003 0.001 0.002 0.002 
353      516    (2)    3 :  0.936 0.003 0.005 0.004 0.005 0.007 0.004 0.004 0.005 0.008 0.005 0.003 0.004 0.008 
354      517    (0)    3 :  0.970 0.001 0.002 0.002 0.002 0.002 0.008 0.005 0.002 0.002 0.002 0.001 0.001 0.002 
355      518    (0)    3 :  0.942 0.003 0.007 0.006 0.006 0.003 0.004 0.003 0.004 0.005 0.006 0.002 0.006 0.004 
356      519    (0)    3 :  0.963 0.003 0.003 0.003 0.003 0.003 0.002 0.002 0.002 0.002 0.003 0.003 0.003 0.004 
357      520    (2)    3 :  0.958 0.003 0.003 0.003 0.003 0.006 0.005 0.002 0.003 0.003 0.003 0.004 0.002 0.002 
358      521    (2)    3 :  0.960 0.003 0.002 0.003 0.002 0.003 0.002 0.006 0.002 0.002 0.002 0.007 0.003 0.002 
359      522    (0)    3 :  0.910 0.006 0.006 0.003 0.006 0.005 0.006 0.001 0.004 0.018 0.006 0.013 0.004 0.011 
360      523    (2)    3 :  0.934 0.005 0.007 0.006 0.007 0.002 0.005 0.004 0.004 0.005 0.006 0.004 0.008 0.005 
361      524    (0)    3 :  0.810 0.008 0.009 0.010 0.010 0.006 0.005 0.003 0.006 0.014 0.008 0.013 0.023 0.073 
362      525    (0)    3 :  0.972 0.002 0.003 0.002 0.003 0.003 0.002 0.001 0.002 0.003 0.003 0.001 0.001 0.002 
363      526    (2)    3 :  0.962 0.002 0.002 0.002 0.002 0.002 0.003 0.011 0.002 0.002 0.002 0.002 0.002 0.002 
364      527    (2)    4 :  0.007 0.890 0.008 0.004 0.007 0.009 0.008 0.005 0.005 0.010 0.008 0.002 0.025 0.011 
365      528    (4)    4 :  0.002 0.433 0.024 0.020 0.023 0.008 0.004 0.003 0.348 0.015 0.021 0.018 0.078 0.004 
366      529    (4)    4 :  0.003 0.755 0.016 0.009 0.018 0.004 0.020 0.009 0.102 0.017 0.014 0.016 0.013 0.006 
367      530    (0)    4 :  0.007 0.922 0.007 0.011 0.006 0.005 0.003 0.004 0.010 0.003 0.007 0.004 0.006 0.005 
368      531    (2)    4 :  0.004 0.904 0.006 0.009 0.007 0.004 0.005 0.005 0.022 0.004 0.006 0.010 0.009 0.003 
369      532    (4)    4 :  0.003 0.775 0.012 0.022 0.013 0.002 0.004 0.002 0.092 0.004 0.014 0.003 0.017 0.036 
370      533    (0)    4 :  0.009 0.649 0.064 0.038 0.056 0.002 0.013 0.003 0.017 0.028 0.065 0.019 0.036 0.002 
371      534    (2)    4 :  0.003 0.879 0.008 0.005 0.008 0.006 0.004 0.002 0.007 0.004 0.008 0.011 0.053 0.003 
372      535    (2)    4 :  0.002 0.886 0.011 0.009 0.011 0.002 0.007 0.005 0.025 0.009 0.011 0.004 0.008 0.011 
373      536    (2)    4 :  0.002 0.912 0.005 0.008 0.006 0.002 0.005 0.012 0.003 0.003 0.006 0.025 0.008 0.004 
374      537    (2)    4 :  0.002 0.926 0.006 0.004 0.005 0.013 0.008 0.002 0.006 0.006 0.006 0.008 0.006 0.002 
375      538    (2)    4 :  0.007 0.715 0.040 0.050 0.037 0.004 0.015 0.002 0.006 0.030 0.045 0.003 0.043 0.003 
376      539    (2)    4 :  0.001 0.831 0.005 0.003 0.005 0.002 0.003 0.002 0.006 0.007 0.004 0.003 0.122 0.005 
377      540    (2)    4 :  0.001 0.884 0.012 0.020 0.011 0.002 0.012 0.001 0.006 0.012 0.013 0.011 0.008 0.005 
378      541    (2)    4 :  0.003 0.790 0.008 0.015 0.009 0.003 0.042 0.002 0.045 0.009 0.008 0.007 0.054 0.005 
379      542    (2)    4 :  0.002 0.712 0.018 0.017 0.020 0.009 0.020 0.004 0.015 0.074 0.017 0.010 0.077 0.004 
380      543    (0)    4 :  0.003 0.640 0.063 0.020 0.076 0.014 0.047 0.002 0.011 0.019 0.052 0.020 0.030 0.004 
381      544    (2)    4 :  0.003 0.947 0.003 0.006 0.003 0.002 0.003 0.002 0.003 0.003 0.003 0.004 0.016 0.001 
382      545    (2)    4 :  0.002 0.034 0.008 0.006 0.008 0.002 0.005 0.001 0.005 0.011 0.008 0.004 0.898 0.009 
383      546    (4)    4 :  0.002 0.016 0.019 0.006 0.019 0.002 0.004 0.002 0.004 0.017 0.018 0.004 0.875 0.012 
384      547    (6)    4 :  0.005 0.701 0.040 0.026 0.041 0.033 0.020 0.017 0.010 0.009 0.043 0.009 0.010 0.037 
385      019    (0)    5 :  0.002 0.095 0.007 0.007 0.007 0.004 0.053 0.004 0.019 0.004 0.008 0.009 0.778 0.003 
386      064    (0)    5 :  0.001 0.033 0.002 0.002 0.002 0.002 0.003 0.001 0.002 0.002 0.002 0.002 0.942 0.003 
387      065    (0)    5 :  0.001 0.951 0.002 0.003 0.002 0.001 0.003 0.001 0.002 0.002 0.002 0.005 0.021 0.002 
388      066    (0)    5 :  0.002 0.345 0.010 0.010 0.010 0.003 0.020 0.002 0.004 0.007 0.010 0.005 0.560 0.011 
389      067    (0)    5 :  0.005 0.012 0.007 0.005 0.008 0.010 0.025 0.006 0.016 0.005 0.007 0.008 0.882 0.004 
390      068    (0)    5 :  0.002 0.844 0.008 0.007 0.008 0.028 0.009 0.002 0.016 0.010 0.008 0.008 0.028 0.020 
391      069    (0)    5 :  0.001 0.170 0.006 0.007 0.005 0.004 0.004 0.001 0.007 0.008 0.005 0.012 0.752 0.017 
392      107    (0)    5 :  0.001 0.435 0.004 0.003 0.004 0.002 0.006 0.001 0.004 0.005 0.004 0.003 0.523 0.005 
393      110    (0)    5 :  0.001 0.003 0.002 0.002 0.002 0.001 0.002 0.003 0.007 0.002 0.002 0.002 0.967 0.002 
394      121    (0)    5 :  0.001 0.933 0.004 0.003 0.004 0.003 0.004 0.001 0.011 0.006 0.004 0.002 0.021 0.003 
395      137    (0)    5 :  0.002 0.008 0.009 0.005 0.009 0.002 0.007 0.009 0.004 0.008 0.009 0.005 0.918 0.005 
396      146    (0)    5 :  0.004 0.345 0.011 0.060 0.012 0.003 0.004 0.003 0.006 0.006 0.010 0.019 0.514 0.002 
397      149    (0)    5 :  0.001 0.005 0.004 0.003 0.004 0.002 0.006 0.003 0.005 0.005 0.004 0.002 0.952 0.002 
398      154    (0)    5 :  0.003 0.060 0.006 0.004 0.006 0.016 0.007 0.002 0.005 0.005 0.006 0.166 0.712 0.003 
399      179    (0)    5 :  0.002 0.457 0.004 0.004 0.004 0.004 0.005 0.002 0.004 0.006 0.004 0.004 0.495 0.006 
400      181    (0)    5 :  0.001 0.214 0.004 0.003 0.004 0.002 0.002 0.002 0.003 0.003 0.004 0.004 0.752 0.002 
401      182    (0)    5 :  0.004 0.780 0.012 0.014 0.013 0.014 0.006 0.003 0.026 0.005 0.013 0.006 0.088 0.017 
402      186    (0)    5 :  0.005 0.172 0.016 0.028 0.018 0.004 0.009 0.005 0.092 0.015 0.018 0.004 0.606 0.008 
403      193    (0)    5 :  0.003 0.582 0.007 0.008 0.007 0.004 0.009 0.002 0.006 0.004 0.008 0.007 0.348 0.005 
404      320    (0)    5 :  0.001 0.040 0.005 0.011 0.006 0.011 0.006 0.003 0.007 0.004 0.005 0.009 0.887 0.003 
405      341    (0)    5 :  0.001 0.897 0.006 0.008 0.006 0.004 0.010 0.002 0.003 0.009 0.006 0.002 0.039 0.006 
406      376    (0)    5 :  0.038 0.712 0.010 0.013 0.011 0.003 0.004 0.003 0.024 0.006 0.008 0.008 0.143 0.018 
407      395    (0)    5 :  0.001 0.230 0.007 0.006 0.007 0.004 0.011 0.006 0.012 0.022 0.006 0.057 0.629 0.004 
408      396    (0)    5 :  0.002 0.934 0.003 0.004 0.003 0.001 0.002 0.003 0.002 0.003 0.003 0.003 0.032 0.004 
409      397    (0)    5 :  0.001 0.885 0.005 0.003 0.005 0.006 0.004 0.009 0.005 0.003 0.005 0.010 0.057 0.002 
410      398    (0)    5 :  0.002 0.509 0.005 0.009 0.006 0.004 0.005 0.004 0.012 0.002 0.005 0.053 0.378 0.006 
411      399    (0)    5 :  0.002 0.938 0.004 0.008 0.005 0.003 0.003 0.002 0.011 0.003 0.005 0.002 0.007 0.006 
412      400    (0)    5 :  0.001 0.027 0.007 0.015 0.007 0.002 0.003 0.002 0.012 0.003 0.007 0.007 0.897 0.010 
413      401    (0)    5 :  0.004 0.108 0.012 0.010 0.013 0.002 0.005 0.003 0.004 0.006 0.013 0.006 0.807 0.007 
414      402    (0)    5 :  0.003 0.003 0.003 0.003 0.003 0.003 0.002 0.002 0.006 0.003 0.003 0.002 0.960 0.003 
415      403    (0)    5 :  0.003 0.503 0.009 0.029 0.009 0.004 0.014 0.011 0.019 0.011 0.008 0.004 0.365 0.011 
416      073    (0)    6 :  0.002 0.954 0.004 0.004 0.004 0.002 0.006 0.002 0.005 0.004 0.004 0.002 0.005 0.003 
417      074    (0)    6 :  0.006 0.908 0.007 0.004 0.007 0.005 0.005 0.002 0.002 0.003 0.008 0.037 0.004 0.002 
418      075    (0)    6 :  0.002 0.934 0.005 0.008 0.005 0.004 0.005 0.003 0.005 0.008 0.005 0.006 0.008 0.002 
419      076    (0)    6 :  0.004 0.924 0.005 0.005 0.006 0.006 0.005 0.005 0.011 0.009 0.006 0.004 0.007 0.003 
420      077    (0)    6 :  0.001 0.918 0.007 0.005 0.007 0.008 0.011 0.003 0.005 0.009 0.007 0.003 0.011 0.006 
421      078    (0)    6 :  0.003 0.839 0.027 0.024 0.024 0.005 0.007 0.005 0.005 0.011 0.031 0.005 0.010 0.004 
422      079    (0)    6 :  0.002 0.907 0.012 0.007 0.013 0.002 0.006 0.001 0.007 0.007 0.011 0.003 0.013 0.008 
423      080    (0)    6 :  0.003 0.926 0.005 0.004 0.006 0.018 0.004 0.002 0.013 0.003 0.006 0.003 0.004 0.004 
424      081    (0)    6 :  0.004 0.848 0.010 0.005 0.011 0.003 0.026 0.016 0.008 0.010 0.010 0.012 0.032 0.005 
425      082    (0)    6 :  0.001 0.946 0.003 0.004 0.003 0.003 0.003 0.002 0.005 0.002 0.003 0.003 0.017 0.005 
426      083    (0)    6 :  0.002 0.923 0.007 0.004 0.007 0.002 0.003 0.002 0.005 0.005 0.007 0.010 0.015 0.008 
427      084    (0)    6 :  0.004 0.843 0.005 0.004 0.005 0.002 0.011 0.005 0.003 0.007 0.004 0.095 0.012 0.002 
428      085    (0)    6 :  0.002 0.591 0.013 0.010 0.013 0.003 0.022 0.014 0.008 0.248 0.011 0.009 0.042 0.016 
429      404    (0)    6 :  0.001 0.931 0.004 0.004 0.004 0.003 0.006 0.003 0.005 0.004 0.004 0.020 0.010 0.003 
430      405    (0)    6 :  0.002 0.939 0.005 0.005 0.005 0.002 0.009 0.009 0.004 0.004 0.005 0.005 0.005 0.002 
431      406    (0)    6 :  0.005 0.922 0.009 0.006 0.009 0.003 0.003 0.007 0.006 0.004 0.008 0.007 0.004 0.006 
432      407    (0)    6 :  0.001 0.880 0.005 0.004 0.005 0.003 0.006 0.003 0.003 0.010 0.005 0.004 0.069 0.002 
433      408    (0)    6 :  0.001 0.953 0.004 0.004 0.004 0.005 0.004 0.001 0.003 0.004 0.004 0.006 0.004 0.002 
434      411    (2)    6 :  0.001 0.961 0.003 0.002 0.003 0.003 0.004 0.002 0.002 0.003 0.003 0.005 0.005 0.002 
435      412    (0)    6 :  0.027 0.884 0.008 0.006 0.008 0.006 0.011 0.004 0.011 0.012 0.007 0.004 0.007 0.006 
436      413    (0)    6 :  0.001 0.948 0.005 0.004 0.005 0.002 0.004 0.002 0.002 0.004 0.006 0.003 0.012 0.002 
437      591    (0)    7 :  0.014 0.004 0.005 0.007 0.006 0.004 0.009 0.006 0.920 0.005 0.005 0.008 0.002 0.004 
438      592    (0)    7 :  0.003 0.011 0.007 0.017 0.008 0.006 0.074 0.003 0.834 0.015 0.007 0.005 0.004 0.006 
439      593    (0)    7 :  0.002 0.009 0.006 0.006 0.006 0.002 0.006 0.005 0.931 0.005 0.007 0.004 0.005 0.005 
440      594    (0)    7 :  0.003 0.036 0.021 0.033 0.021 0.010 0.040 0.005 0.785 0.007 0.020 0.007 0.009 0.004 
441      595    (0)    7 :  0.004 0.010 0.016 0.006 0.016 0.010 0.005 0.004 0.886 0.007 0.016 0.003 0.013 0.004 
442      596    (0)    7 :  0.002 0.006 0.006 0.006 0.006 0.019 0.004 0.006 0.920 0.005 0.006 0.002 0.005 0.007 
443      597    (0)    7 :  0.001 0.033 0.012 0.008 0.010 0.006 0.007 0.002 0.849 0.031 0.010 0.003 0.026 0.003 
444      598    (0)    7 :  0.002 0.006 0.044 0.079 0.050 0.027 0.008 0.002 0.614 0.084 0.041 0.003 0.031 0.010 
445      599    (0)    7 :  0.003 0.006 0.007 0.004 0.007 0.003 0.157 0.006 0.772 0.018 0.007 0.003 0.003 0.005 
446      600    (0)    7 :  0.002 0.004 0.006 0.006 0.005 0.011 0.003 0.004 0.937 0.005 0.006 0.001 0.007 0.003 
447      601    (0)    7 :  0.002 0.022 0.016 0.009 0.016 0.002 0.019 0.002 0.827 0.038 0.016 0.002 0.024 0.005 
448      602    (0)    7 :  0.003 0.006 0.012 0.004 0.013 0.005 0.007 0.004 0.896 0.014 0.011 0.004 0.014 0.005 
449      603    (0)    7 :  0.002 0.007 0.035 0.006 0.037 0.008 0.087 0.007 0.114 0.647 0.030 0.008 0.004 0.007 
450      604    (0)    7 :  0.003 0.009 0.012 0.013 0.013 0.008 0.004 0.002 0.898 0.004 0.013 0.003 0.007 0.011 
451      605    (0)    7 :  0.018 0.009 0.023 0.072 0.024 0.022 0.010 0.004 0.779 0.007 0.020 0.003 0.006 0.003 
452      606    (0)    7 :  0.004 0.004 0.008 0.011 0.009 0.007 0.012 0.019 0.901 0.006 0.008 0.004 0.003 0.003 
453      607    (0)    7 :  0.003 0.009 0.005 0.008 0.005 0.008 0.002 0.003 0.829 0.006 0.005 0.002 0.014 0.101 
454      608    (0)    7 :  0.001 0.005 0.005 0.007 0.005 0.003 0.008 0.002 0.923 0.009 0.005 0.005 0.004 0.017 
455      609    (0)    7 :  0.002 0.004 0.008 0.008 0.008 0.003 0.004 0.004 0.931 0.005 0.008 0.003 0.004 0.008 
456      610    (0)    7 :  0.004 0.020 0.111 0.020 0.130 0.009 0.018 0.003 0.488 0.076 0.087 0.009 0.007 0.017 
457      611    (2)    7 :  0.002 0.011 0.009 0.007 0.008 0.007 0.003 0.003 0.896 0.005 0.009 0.012 0.008 0.022 
458      612    (0)    7 :  0.004 0.009 0.016 0.009 0.016 0.040 0.008 0.002 0.772 0.014 0.022 0.002 0.057 0.028 
459      755    (0)    7 :  0.028 0.016 0.033 0.017 0.036 0.042 0.007 0.002 0.442 0.017 0.028 0.030 0.009 0.291 
460      756    (0)    7 :  0.002 0.013 0.006 0.007 0.005 0.003 0.007 0.003 0.912 0.010 0.005 0.008 0.003 0.015 
461      757    (0)    7 :  0.003 0.008 0.010 0.015 0.009 0.005 0.009 0.002 0.905 0.006 0.009 0.004 0.005 0.009 
462      002    (0)    8 :  0.004 0.572 0.007 0.009 0.007 0.002 0.004 0.003 0.006 0.015 0.008 0.019 0.340 0.005 
463      099    (2)    8 :  0.723 0.004 0.030 0.018 0.036 0.044 0.071 0.004 0.008 0.004 0.031 0.009 0.005 0.015 
464      641    (2)    8 :  0.018 0.203 0.100 0.061 0.089 0.004 0.012 0.016 0.069 0.013 0.129 0.012 0.248 0.028 
465      642    (0)    8 :  0.003 0.894 0.007 0.014 0.007 0.003 0.016 0.003 0.019 0.009 0.008 0.009 0.005 0.004 
466      643    (2)    8 :  0.004 0.816 0.013 0.045 0.014 0.003 0.017 0.003 0.025 0.022 0.013 0.015 0.007 0.004 
467      644    (0)    8 :  0.003 0.877 0.008 0.014 0.008 0.008 0.018 0.003 0.006 0.014 0.007 0.006 0.018 0.008 
468      645    (0)    8 :  0.002 0.476 0.032 0.150 0.036 0.003 0.019 0.039 0.034 0.024 0.023 0.017 0.012 0.131 
469      646    (0)    8 :  0.005 0.068 0.057 0.054 0.061 0.009 0.006 0.010 0.013 0.087 0.056 0.012 0.388 0.172 
470      006    (0)    9 :  0.005 0.241 0.023 0.008 0.025 0.003 0.007 0.003 0.006 0.010 0.024 0.632 0.007 0.006 
471      011    (0)    9 :  0.001 0.960 0.003 0.003 0.003 0.003 0.003 0.002 0.003 0.003 0.003 0.009 0.003 0.002 
472      033    (2)    9 :  0.001 0.283 0.006 0.004 0.005 0.002 0.004 0.002 0.019 0.025 0.005 0.624 0.016 0.004 
473      048    (0)    9 :  0.002 0.532 0.017 0.008 0.018 0.005 0.302 0.008 0.016 0.016 0.017 0.045 0.011 0.005 
474      061    (0)    9 :  0.001 0.002 0.002 0.002 0.002 0.001 0.002 0.003 0.001 0.001 0.002 0.976 0.002 0.003 
475      088    (0)    9 :  0.003 0.852 0.013 0.014 0.013 0.007 0.019 0.005 0.013 0.011 0.012 0.022 0.013 0.003 
476      091    (0)    9 :  0.002 0.010 0.004 0.003 0.004 0.005 0.003 0.002 0.004 0.003 0.004 0.947 0.003 0.007 
477      098    (0)    9 :  0.001 0.888 0.006 0.004 0.006 0.003 0.021 0.012 0.019 0.007 0.005 0.008 0.013 0.006 
478      104    (0)    9 :  0.001 0.939 0.003 0.003 0.003 0.002 0.004 0.002 0.002 0.003 0.003 0.003 0.030 0.002 
479      196    (0)    9 :  0.001 0.343 0.005 0.006 0.005 0.005 0.011 0.005 0.009 0.007 0.005 0.579 0.017 0.002 
480      197    (0)    9 :  0.003 0.564 0.026 0.008 0.027 0.013 0.010 0.008 0.011 0.022 0.023 0.263 0.019 0.003 
481      201    (0)    9 :  0.001 0.354 0.005 0.011 0.005 0.001 0.005 0.001 0.005 0.005 0.006 0.588 0.011 0.002 
482      202    (0)    9 :  0.009 0.818 0.013 0.010 0.013 0.012 0.024 0.021 0.005 0.013 0.014 0.031 0.014 0.002 
483      204    (0)    9 :  0.001 0.553 0.004 0.004 0.004 0.002 0.005 0.002 0.003 0.009 0.003 0.377 0.024 0.009 
484      231    (0)    9 :  0.001 0.868 0.005 0.005 0.005 0.004 0.012 0.001 0.009 0.013 0.005 0.007 0.058 0.008 
485      328    (0)    9 :  0.001 0.719 0.004 0.005 0.004 0.002 0.004 0.004 0.006 0.006 0.003 0.237 0.003 0.002 
486      346    (0)    9 :  0.002 0.641 0.004 0.004 0.004 0.007 0.004 0.003 0.008 0.003 0.004 0.306 0.007 0.003 


Estimated Allele Frequencies in each cluster
First column gives estimated ancestral frequencies


Locus 1 : 1 
4 alleles
0.0% missing data
  89   (0.532) 0.295 0.621 0.551 0.505 0.548 0.640 0.587 0.066 0.553 0.471 0.554 0.694 0.289 0.819 
  91   (0.384) 0.667 0.316 0.367 0.438 0.368 0.312 0.339 0.706 0.429 0.504 0.378 0.297 0.592 0.161 
  93   (0.067) 0.037 0.062 0.063 0.052 0.066 0.047 0.055 0.098 0.015 0.017 0.056 0.007 0.118 0.015 
  99   (0.017) 0.001 0.000 0.019 0.005 0.018 0.001 0.019 0.130 0.003 0.007 0.012 0.002 0.002 0.005 

Locus 2 : 2 
6 alleles
1.0% missing data
 136   (0.352) 0.451 0.550 0.350 0.521 0.352 0.458 0.059 0.190 0.414 0.185 0.376 0.107 0.724 0.149 
 134   (0.233) 0.196 0.145 0.211 0.217 0.217 0.378 0.264 0.027 0.396 0.221 0.199 0.208 0.162 0.661 
 138   (0.300) 0.221 0.256 0.323 0.188 0.314 0.157 0.514 0.770 0.156 0.468 0.312 0.246 0.101 0.131 
 140   (0.067) 0.121 0.049 0.064 0.043 0.066 0.004 0.039 0.008 0.017 0.059 0.067 0.434 0.008 0.019 
 132   (0.020) 0.001 0.000 0.033 0.006 0.031 0.001 0.003 0.002 0.003 0.006 0.029 0.002 0.002 0.004 
 142   (0.028) 0.010 0.001 0.019 0.024 0.021 0.002 0.121 0.003 0.014 0.061 0.017 0.003 0.003 0.035 

Locus 3 : 3 
6 alleles
0.0% missing data
 181   (0.252) 0.074 0.230 0.251 0.191 0.250 0.069 0.415 0.180 0.400 0.144 0.262 0.073 0.095 0.352 
 187   (0.345) 0.345 0.516 0.351 0.354 0.348 0.260 0.157 0.774 0.171 0.330 0.365 0.683 0.539 0.123 
 179   (0.243) 0.053 0.229 0.250 0.288 0.250 0.015 0.200 0.029 0.393 0.312 0.234 0.227 0.349 0.337 
 191   (0.032) 0.009 0.022 0.033 0.012 0.033 0.198 0.009 0.004 0.006 0.007 0.029 0.004 0.003 0.009 
 185   (0.077) 0.283 0.002 0.075 0.062 0.076 0.455 0.091 0.008 0.020 0.088 0.071 0.008 0.008 0.131 
 175   (0.050) 0.236 0.001 0.040 0.093 0.043 0.003 0.129 0.006 0.009 0.118 0.039 0.005 0.005 0.047 

Locus 4 : 4 
12 alleles
0.2% missing data
 253   (0.490) 0.172 0.753 0.516 0.519 0.506 0.463 0.522 0.596 0.604 0.505 0.518 0.632 0.434 0.628 
 249   (0.029) 0.066 0.058 0.025 0.010 0.025 0.002 0.003 0.004 0.005 0.005 0.025 0.308 0.016 0.005 
 271   (0.042) 0.109 0.028 0.040 0.030 0.042 0.003 0.005 0.005 0.009 0.033 0.038 0.005 0.053 0.010 
 241   (0.157) 0.526 0.023 0.142 0.177 0.145 0.149 0.138 0.183 0.150 0.175 0.140 0.022 0.374 0.099 
 257   (0.006) 0.000 0.000 0.004 0.005 0.005 0.000 0.001 0.001 0.001 0.002 0.004 0.000 0.003 0.001 
 269   (0.171) 0.032 0.136 0.169 0.155 0.169 0.102 0.279 0.201 0.186 0.219 0.170 0.020 0.096 0.231 
 247   (0.065) 0.027 0.002 0.077 0.058 0.078 0.278 0.046 0.007 0.035 0.044 0.081 0.008 0.007 0.017 
 245   (0.009) 0.066 0.000 0.006 0.002 0.007 0.001 0.001 0.001 0.001 0.002 0.006 0.001 0.001 0.001 
 239   (0.011) 0.001 0.000 0.008 0.021 0.009 0.001 0.001 0.001 0.004 0.002 0.008 0.001 0.001 0.003 
 273   (0.008) 0.001 0.000 0.005 0.020 0.006 0.000 0.001 0.001 0.001 0.001 0.004 0.001 0.001 0.001 
 267   (0.006) 0.000 0.000 0.004 0.002 0.004 0.000 0.001 0.001 0.001 0.001 0.003 0.001 0.015 0.002 
 255   (0.006) 0.000 0.000 0.004 0.002 0.004 0.000 0.001 0.001 0.002 0.011 0.003 0.001 0.001 0.001 

Locus 5 : 5 
6 alleles
0.6% missing data
 103   (0.845) 0.737 0.991 0.822 0.843 0.833 0.978 0.966 0.982 0.924 0.912 0.817 0.984 0.959 0.948 
 104   (0.067) 0.072 0.006 0.088 0.064 0.078 0.004 0.021 0.008 0.028 0.045 0.086 0.007 0.033 0.030 
 101   (0.010) 0.001 0.000 0.006 0.003 0.007 0.013 0.001 0.001 0.002 0.003 0.006 0.001 0.001 0.005 
 105   (0.048) 0.164 0.001 0.054 0.073 0.052 0.003 0.009 0.005 0.037 0.027 0.058 0.005 0.005 0.012 
 102   (0.016) 0.001 0.000 0.017 0.007 0.016 0.001 0.002 0.003 0.005 0.010 0.020 0.001 0.001 0.003 
 107   (0.015) 0.025 0.000 0.013 0.010 0.013 0.001 0.002 0.001 0.003 0.003 0.013 0.001 0.001 0.002 

Locus 6 : 6 
5 alleles
0.2% missing data
 141   (0.273) 0.113 0.583 0.270 0.206 0.268 0.134 0.189 0.031 0.303 0.315 0.247 0.838 0.307 0.770 
 145   (0.399) 0.024 0.185 0.426 0.515 0.416 0.262 0.623 0.411 0.445 0.464 0.453 0.072 0.123 0.139 
 135   (0.236) 0.634 0.192 0.227 0.207 0.233 0.288 0.175 0.547 0.139 0.185 0.220 0.074 0.366 0.069 
 147   (0.081) 0.127 0.040 0.070 0.060 0.074 0.316 0.011 0.010 0.111 0.033 0.073 0.014 0.202 0.019 
 137   (0.012) 0.103 0.000 0.007 0.012 0.008 0.001 0.002 0.001 0.002 0.002 0.007 0.001 0.002 0.002 

Locus 7 : 7 
10 alleles
1.2% missing data
  93   (0.224) 0.115 0.332 0.194 0.255 0.201 0.067 0.277 0.795 0.210 0.324 0.186 0.620 0.396 0.307 
 103   (0.301) 0.018 0.402 0.323 0.303 0.320 0.513 0.352 0.041 0.529 0.376 0.326 0.080 0.273 0.129 
  91   (0.069) 0.061 0.033 0.064 0.063 0.065 0.155 0.041 0.010 0.045 0.019 0.069 0.007 0.007 0.062 
  97   (0.193) 0.263 0.164 0.209 0.126 0.203 0.253 0.188 0.127 0.157 0.052 0.207 0.026 0.177 0.239 
  85   (0.045) 0.003 0.045 0.045 0.049 0.047 0.003 0.050 0.006 0.016 0.013 0.048 0.005 0.009 0.011 
  89   (0.083) 0.299 0.022 0.066 0.069 0.070 0.005 0.055 0.011 0.030 0.181 0.066 0.253 0.130 0.237 
  83   (0.051) 0.003 0.001 0.069 0.123 0.065 0.003 0.033 0.006 0.009 0.029 0.068 0.005 0.005 0.010 
 105   (0.014) 0.089 0.000 0.015 0.005 0.014 0.001 0.002 0.002 0.002 0.003 0.014 0.001 0.001 0.003 
 101   (0.010) 0.125 0.000 0.007 0.004 0.007 0.001 0.001 0.001 0.001 0.002 0.008 0.001 0.001 0.002 
  99   (0.010) 0.025 0.000 0.008 0.003 0.008 0.001 0.001 0.001 0.001 0.002 0.007 0.001 0.001 0.002 

Locus 8 : 8 
8 alleles
0.0% missing data
 129   (0.551) 0.304 0.703 0.568 0.631 0.558 0.640 0.702 0.201 0.414 0.730 0.585 0.663 0.477 0.464 
 141   (0.054) 0.003 0.097 0.046 0.023 0.051 0.213 0.011 0.006 0.092 0.027 0.048 0.009 0.147 0.011 
 149   (0.080) 0.300 0.142 0.076 0.057 0.077 0.013 0.059 0.009 0.019 0.075 0.070 0.012 0.026 0.275 
 143   (0.262) 0.297 0.057 0.264 0.251 0.265 0.130 0.213 0.698 0.466 0.152 0.251 0.312 0.345 0.209 
 127   (0.018) 0.093 0.000 0.016 0.006 0.017 0.001 0.002 0.046 0.003 0.004 0.019 0.001 0.002 0.003 
 131   (0.012) 0.001 0.000 0.009 0.004 0.009 0.002 0.010 0.039 0.002 0.002 0.009 0.001 0.001 0.003 
 133   (0.017) 0.001 0.000 0.017 0.023 0.019 0.001 0.002 0.002 0.003 0.007 0.014 0.001 0.002 0.033 
 145   (0.006) 0.000 0.000 0.004 0.006 0.005 0.000 0.001 0.001 0.001 0.001 0.004 0.000 0.001 0.001 

Locus 9 : 9 
5 alleles
0.0% missing data
 191   (0.393) 0.339 0.561 0.402 0.354 0.392 0.542 0.341 0.339 0.470 0.184 0.397 0.847 0.591 0.582 
 195   (0.144) 0.329 0.187 0.130 0.130 0.139 0.052 0.369 0.354 0.243 0.082 0.116 0.032 0.039 0.034 
 189   (0.450) 0.331 0.249 0.461 0.504 0.460 0.405 0.289 0.305 0.285 0.731 0.480 0.120 0.369 0.381 
 197   (0.006) 0.000 0.000 0.004 0.010 0.004 0.000 0.001 0.001 0.001 0.001 0.004 0.001 0.001 0.001 
 193   (0.006) 0.000 0.002 0.004 0.002 0.004 0.000 0.001 0.001 0.001 0.001 0.004 0.001 0.001 0.002 

Locus 10 : 10 
7 alleles
0.4% missing data
 232   (0.248) 0.127 0.288 0.266 0.297 0.260 0.277 0.203 0.219 0.156 0.079 0.284 0.577 0.366 0.064 
 238   (0.557) 0.746 0.588 0.556 0.494 0.559 0.345 0.713 0.368 0.668 0.858 0.554 0.135 0.453 0.835 
 252   (0.108) 0.015 0.108 0.098 0.155 0.101 0.033 0.075 0.016 0.125 0.045 0.085 0.271 0.173 0.085 
 254   (0.048) 0.081 0.015 0.042 0.036 0.043 0.260 0.006 0.393 0.045 0.010 0.040 0.014 0.005 0.010 
 248   (0.018) 0.001 0.000 0.018 0.009 0.018 0.082 0.002 0.002 0.003 0.004 0.019 0.002 0.002 0.003 
 250   (0.014) 0.029 0.000 0.014 0.005 0.014 0.001 0.002 0.002 0.002 0.003 0.015 0.001 0.001 0.002 
 236   (0.006) 0.000 0.000 0.005 0.004 0.005 0.001 0.001 0.001 0.002 0.001 0.004 0.001 0.001 0.001 

Locus 11 : 11 
4 alleles
0.0% missing data
  87   (0.692) 0.498 0.644 0.706 0.691 0.704 0.535 0.860 0.964 0.642 0.777 0.703 0.343 0.570 0.862 
  89   (0.239) 0.153 0.300 0.240 0.210 0.239 0.383 0.111 0.028 0.345 0.201 0.246 0.633 0.362 0.088 
  91   (0.052) 0.181 0.055 0.041 0.084 0.043 0.081 0.027 0.006 0.010 0.019 0.040 0.022 0.067 0.014 
  85   (0.017) 0.168 0.000 0.013 0.016 0.014 0.001 0.002 0.002 0.003 0.003 0.011 0.002 0.002 0.036 

Locus 12 : 12 
13 alleles
0.4% missing data
 160   (0.216) 0.424 0.112 0.212 0.210 0.207 0.718 0.284 0.596 0.064 0.251 0.227 0.036 0.196 0.196 
 162   (0.247) 0.015 0.210 0.253 0.248 0.256 0.231 0.230 0.066 0.477 0.326 0.234 0.766 0.093 0.386 
 147   (0.049) 0.003 0.119 0.041 0.019 0.042 0.003 0.018 0.005 0.087 0.067 0.041 0.087 0.354 0.014 
 158   (0.229) 0.097 0.527 0.240 0.282 0.240 0.023 0.228 0.028 0.188 0.105 0.254 0.079 0.318 0.105 
 161   (0.109) 0.273 0.023 0.096 0.118 0.101 0.016 0.111 0.117 0.152 0.130 0.092 0.015 0.025 0.034 
 170   (0.051) 0.028 0.008 0.059 0.061 0.056 0.003 0.026 0.006 0.010 0.057 0.059 0.007 0.006 0.013 
 143   (0.032) 0.156 0.001 0.037 0.036 0.035 0.002 0.004 0.175 0.005 0.006 0.032 0.003 0.003 0.009 
 154   (0.016) 0.001 0.000 0.021 0.006 0.019 0.001 0.002 0.002 0.006 0.004 0.026 0.002 0.002 0.006 
 149   (0.019) 0.001 0.000 0.015 0.006 0.016 0.001 0.083 0.002 0.004 0.005 0.014 0.002 0.002 0.232 
 153   (0.011) 0.001 0.000 0.012 0.009 0.012 0.001 0.001 0.001 0.003 0.002 0.011 0.001 0.001 0.002 
 150   (0.007) 0.000 0.000 0.004 0.002 0.004 0.000 0.011 0.001 0.001 0.001 0.003 0.001 0.001 0.001 
 159   (0.008) 0.000 0.000 0.004 0.003 0.005 0.000 0.002 0.001 0.001 0.044 0.004 0.001 0.001 0.001 
 164   (0.006) 0.000 0.000 0.005 0.002 0.006 0.000 0.001 0.001 0.001 0.001 0.005 0.001 0.001 0.001 

Locus 13 : 13 
5 alleles
0.0% missing data
 108   (0.203) 0.296 0.163 0.194 0.282 0.195 0.200 0.097 0.337 0.150 0.135 0.209 0.403 0.153 0.052 
 115   (0.444) 0.378 0.580 0.445 0.454 0.449 0.287 0.545 0.091 0.497 0.497 0.432 0.531 0.295 0.698 
 113   (0.340) 0.325 0.257 0.350 0.260 0.344 0.513 0.357 0.571 0.351 0.365 0.350 0.065 0.551 0.248 
 109   (0.006) 0.000 0.000 0.005 0.002 0.006 0.000 0.001 0.001 0.001 0.001 0.005 0.001 0.001 0.001 
 110   (0.006) 0.000 0.000 0.005 0.003 0.006 0.000 0.001 0.001 0.001 0.001 0.004 0.001 0.001 0.001 

Locus 14 : 14 
5 alleles
1.2% missing data
 227   (0.136) 0.008 0.257 0.137 0.077 0.135 0.017 0.323 0.255 0.038 0.298 0.135 0.061 0.329 0.065 
 231   (0.158) 0.354 0.094 0.160 0.150 0.160 0.351 0.025 0.272 0.449 0.045 0.160 0.026 0.104 0.041 
 229   (0.508) 0.470 0.463 0.508 0.675 0.506 0.417 0.531 0.095 0.290 0.441 0.521 0.861 0.453 0.845 
 225   (0.135) 0.060 0.088 0.134 0.072 0.136 0.211 0.068 0.226 0.150 0.196 0.135 0.019 0.024 0.034 
 233   (0.064) 0.108 0.097 0.061 0.026 0.063 0.004 0.052 0.151 0.072 0.019 0.048 0.033 0.090 0.015 

Locus 15 : 15 
5 alleles
0.4% missing data
 143   (0.841) 0.623 0.969 0.846 0.874 0.847 0.817 0.838 0.720 0.869 0.939 0.831 0.983 0.976 0.927 
 157   (0.007) 0.000 0.018 0.004 0.002 0.004 0.000 0.001 0.001 0.001 0.001 0.003 0.001 0.001 0.001 
 145   (0.088) 0.183 0.012 0.090 0.057 0.089 0.006 0.074 0.272 0.118 0.041 0.096 0.010 0.017 0.058 
 147   (0.049) 0.193 0.001 0.050 0.029 0.049 0.145 0.085 0.006 0.009 0.016 0.060 0.005 0.005 0.011 
 133   (0.015) 0.001 0.000 0.010 0.038 0.011 0.032 0.002 0.001 0.002 0.003 0.010 0.002 0.001 0.003 

Locus 16 : 16 
5 alleles
0.2% missing data
 156   (0.225) 0.162 0.301 0.203 0.378 0.209 0.499 0.255 0.514 0.320 0.172 0.194 0.198 0.079 0.052 
 158   (0.537) 0.316 0.499 0.567 0.468 0.563 0.200 0.633 0.253 0.476 0.606 0.564 0.331 0.743 0.628 
 160   (0.141) 0.119 0.154 0.131 0.096 0.132 0.114 0.085 0.016 0.146 0.172 0.140 0.459 0.168 0.294 
 154   (0.087) 0.402 0.045 0.093 0.055 0.091 0.187 0.018 0.216 0.056 0.031 0.097 0.011 0.010 0.025 
 152   (0.009) 0.001 0.000 0.005 0.003 0.006 0.001 0.008 0.001 0.001 0.018 0.005 0.001 0.001 0.002 

Locus 17 : 17 
5 alleles
0.0% missing data
 102   (0.199) 0.040 0.248 0.196 0.104 0.199 0.199 0.131 0.024 0.183 0.406 0.185 0.092 0.171 0.323 
  90   (0.679) 0.326 0.721 0.665 0.802 0.669 0.793 0.845 0.578 0.793 0.552 0.669 0.615 0.803 0.397 
  88   (0.072) 0.463 0.030 0.083 0.038 0.081 0.005 0.009 0.008 0.014 0.024 0.077 0.289 0.022 0.270 
 100   (0.043) 0.170 0.001 0.053 0.054 0.046 0.003 0.007 0.390 0.009 0.014 0.065 0.004 0.004 0.009 
 104   (0.007) 0.000 0.000 0.004 0.002 0.004 0.000 0.008 0.001 0.001 0.003 0.003 0.001 0.001 0.001 

Locus 18 : 18 
7 alleles
0.0% missing data
 142   (0.124) 0.019 0.416 0.131 0.171 0.133 0.008 0.077 0.015 0.024 0.064 0.119 0.793 0.385 0.084 
 146   (0.075) 0.004 0.189 0.070 0.062 0.071 0.225 0.016 0.008 0.081 0.236 0.059 0.034 0.022 0.103 
 140   (0.290) 0.298 0.091 0.293 0.245 0.284 0.179 0.277 0.277 0.496 0.213 0.325 0.046 0.427 0.500 
 127   (0.302) 0.385 0.231 0.314 0.390 0.313 0.060 0.327 0.547 0.236 0.289 0.317 0.077 0.090 0.198 
 148   (0.099) 0.067 0.055 0.092 0.041 0.095 0.217 0.065 0.011 0.115 0.130 0.090 0.035 0.049 0.027 
 150   (0.054) 0.223 0.001 0.051 0.053 0.053 0.307 0.192 0.005 0.013 0.035 0.041 0.006 0.005 0.071 
 138   (0.055) 0.003 0.019 0.049 0.038 0.051 0.004 0.045 0.136 0.035 0.034 0.049 0.010 0.022 0.017 

Locus 19 : 19 
8 alleles
0.2% missing data
 188   (0.181) 0.011 0.098 0.196 0.189 0.197 0.170 0.192 0.019 0.069 0.101 0.205 0.558 0.181 0.045 
 190   (0.121) 0.041 0.413 0.092 0.099 0.100 0.201 0.226 0.013 0.240 0.075 0.087 0.014 0.317 0.383 
 194   (0.578) 0.555 0.486 0.598 0.630 0.588 0.480 0.543 0.956 0.600 0.564 0.590 0.418 0.491 0.198 
 202   (0.017) 0.042 0.000 0.013 0.007 0.014 0.143 0.002 0.002 0.004 0.004 0.013 0.002 0.002 0.003 
 200   (0.084) 0.312 0.002 0.089 0.063 0.087 0.005 0.036 0.009 0.080 0.252 0.093 0.007 0.008 0.368 
 192   (0.006) 0.000 0.000 0.005 0.003 0.005 0.000 0.001 0.001 0.004 0.001 0.005 0.000 0.001 0.001 
 196   (0.007) 0.000 0.000 0.004 0.008 0.005 0.000 0.001 0.001 0.001 0.001 0.004 0.001 0.001 0.001 
 198   (0.007) 0.038 0.000 0.004 0.002 0.004 0.000 0.001 0.001 0.001 0.001 0.003 0.000 0.001 0.001 

Locus 20 : 20 
6 alleles
0.8% missing data
 252   (0.694) 0.076 0.848 0.723 0.814 0.716 0.729 0.749 0.384 0.740 0.825 0.726 0.812 0.702 0.556 
 250   (0.086) 0.427 0.099 0.075 0.033 0.075 0.140 0.090 0.348 0.073 0.031 0.075 0.010 0.049 0.133 
 244   (0.023) 0.047 0.007 0.016 0.010 0.017 0.002 0.006 0.005 0.008 0.008 0.015 0.154 0.002 0.006 
 254   (0.080) 0.242 0.032 0.067 0.065 0.072 0.081 0.096 0.101 0.055 0.100 0.060 0.010 0.010 0.019 
 246   (0.094) 0.206 0.005 0.086 0.065 0.090 0.047 0.056 0.159 0.120 0.026 0.086 0.011 0.233 0.282 
 248   (0.023) 0.001 0.010 0.034 0.014 0.029 0.001 0.003 0.003 0.004 0.010 0.038 0.003 0.003 0.004 

Locus 21 : 21 
7 alleles
0.2% missing data
 173   (0.288) 0.209 0.372 0.270 0.331 0.281 0.213 0.574 0.121 0.313 0.467 0.245 0.146 0.147 0.072 
 177   (0.268) 0.042 0.279 0.289 0.228 0.280 0.169 0.239 0.272 0.083 0.245 0.303 0.186 0.643 0.500 
 175   (0.140) 0.500 0.027 0.127 0.126 0.131 0.256 0.074 0.483 0.319 0.088 0.128 0.017 0.022 0.040 
 167   (0.196) 0.070 0.316 0.191 0.256 0.190 0.122 0.093 0.111 0.143 0.167 0.192 0.640 0.173 0.098 
 163   (0.040) 0.107 0.002 0.037 0.028 0.038 0.225 0.011 0.004 0.016 0.012 0.039 0.004 0.004 0.008 
 165   (0.049) 0.071 0.004 0.052 0.025 0.051 0.013 0.006 0.006 0.122 0.014 0.056 0.006 0.009 0.278 
 159   (0.020) 0.001 0.000 0.033 0.006 0.029 0.001 0.002 0.002 0.003 0.008 0.037 0.002 0.002 0.004 

Locus 22 : 22 
11 alleles
0.6% missing data
 146   (0.234) 0.014 0.231 0.243 0.208 0.245 0.139 0.269 0.072 0.168 0.336 0.221 0.839 0.209 0.295 
 154   (0.008) 0.000 0.067 0.004 0.002 0.005 0.000 0.001 0.001 0.001 0.001 0.004 0.001 0.002 0.001 
 166   (0.090) 0.005 0.031 0.111 0.047 0.106 0.006 0.024 0.113 0.078 0.044 0.119 0.010 0.269 0.023 
 152   (0.416) 0.102 0.636 0.393 0.545 0.393 0.369 0.631 0.504 0.504 0.529 0.412 0.121 0.447 0.587 
 150   (0.031) 0.102 0.007 0.033 0.012 0.033 0.002 0.005 0.111 0.006 0.018 0.029 0.004 0.009 0.008 
 164   (0.035) 0.068 0.011 0.027 0.029 0.028 0.002 0.006 0.005 0.054 0.011 0.027 0.004 0.045 0.008 
 156   (0.019) 0.113 0.000 0.012 0.006 0.014 0.299 0.018 0.002 0.005 0.004 0.012 0.002 0.002 0.004 
 162   (0.053) 0.138 0.001 0.058 0.043 0.058 0.072 0.012 0.007 0.049 0.029 0.056 0.005 0.006 0.021 
 158   (0.089) 0.430 0.015 0.096 0.101 0.095 0.108 0.021 0.011 0.130 0.023 0.101 0.012 0.010 0.048 
 148   (0.009) 0.000 0.000 0.006 0.003 0.006 0.001 0.001 0.173 0.001 0.002 0.005 0.001 0.001 0.001 
 142   (0.016) 0.027 0.000 0.016 0.005 0.016 0.001 0.012 0.002 0.003 0.004 0.014 0.002 0.001 0.003 

Locus 23 : 23 
7 alleles
0.8% missing data
 152   (0.013) 0.001 0.061 0.008 0.004 0.009 0.001 0.002 0.001 0.002 0.004 0.007 0.001 0.090 0.002 
 156   (0.123) 0.429 0.035 0.125 0.242 0.125 0.031 0.046 0.015 0.122 0.050 0.125 0.013 0.095 0.030 
 144   (0.177) 0.245 0.185 0.163 0.117 0.164 0.637 0.290 0.602 0.191 0.180 0.165 0.025 0.152 0.054 
 160   (0.104) 0.012 0.180 0.093 0.053 0.092 0.104 0.113 0.013 0.140 0.121 0.100 0.012 0.300 0.306 
 154   (0.546) 0.174 0.537 0.575 0.570 0.573 0.224 0.544 0.365 0.532 0.632 0.561 0.921 0.358 0.601 
 158   (0.029) 0.138 0.003 0.030 0.010 0.030 0.002 0.004 0.003 0.011 0.012 0.034 0.027 0.003 0.006 
 146   (0.008) 0.000 0.000 0.007 0.005 0.008 0.000 0.001 0.001 0.001 0.002 0.007 0.001 0.001 0.001 

Locus 24 : 24 
4 alleles
0.4% missing data
  77   (0.079) 0.005 0.321 0.063 0.099 0.067 0.050 0.055 0.009 0.083 0.142 0.064 0.027 0.022 0.035 
  83   (0.465) 0.587 0.484 0.456 0.402 0.455 0.920 0.476 0.688 0.597 0.347 0.455 0.229 0.583 0.740 
  81   (0.372) 0.379 0.173 0.402 0.355 0.397 0.025 0.351 0.293 0.274 0.441 0.399 0.733 0.361 0.203 
  85   (0.084) 0.029 0.022 0.078 0.143 0.080 0.006 0.118 0.010 0.046 0.070 0.082 0.011 0.034 0.021 

Locus 25 : 25 
6 alleles
0.4% missing data
 132   (0.314) 0.021 0.527 0.332 0.238 0.327 0.455 0.355 0.181 0.451 0.262 0.330 0.909 0.117 0.224 
 124   (0.534) 0.469 0.398 0.525 0.694 0.529 0.536 0.513 0.415 0.423 0.579 0.522 0.067 0.846 0.737 
 126   (0.024) 0.012 0.058 0.019 0.009 0.021 0.001 0.003 0.003 0.005 0.005 0.019 0.003 0.022 0.005 
 122   (0.094) 0.473 0.016 0.095 0.046 0.092 0.006 0.125 0.108 0.102 0.145 0.102 0.018 0.011 0.028 
 120   (0.019) 0.023 0.000 0.015 0.008 0.016 0.001 0.002 0.291 0.004 0.004 0.016 0.002 0.002 0.003 
 136   (0.015) 0.002 0.001 0.013 0.005 0.015 0.001 0.002 0.002 0.016 0.004 0.011 0.001 0.002 0.004 

Locus 26 : 26 
7 alleles
0.2% missing data
 165   (0.246) 0.116 0.119 0.241 0.225 0.241 0.055 0.286 0.322 0.339 0.223 0.244 0.688 0.157 0.205 
 183   (0.353) 0.212 0.579 0.352 0.332 0.349 0.425 0.334 0.295 0.457 0.257 0.364 0.200 0.453 0.624 
 179   (0.086) 0.280 0.057 0.079 0.066 0.080 0.005 0.026 0.344 0.018 0.165 0.077 0.016 0.096 0.051 
 175   (0.245) 0.015 0.244 0.262 0.229 0.264 0.450 0.346 0.031 0.157 0.329 0.243 0.090 0.287 0.107 
 181   (0.053) 0.262 0.001 0.054 0.142 0.053 0.065 0.006 0.007 0.027 0.022 0.062 0.005 0.005 0.010 
 185   (0.010) 0.114 0.000 0.007 0.004 0.007 0.001 0.001 0.001 0.002 0.002 0.006 0.001 0.001 0.002 
 157   (0.007) 0.000 0.000 0.005 0.002 0.006 0.000 0.001 0.001 0.001 0.001 0.005 0.001 0.001 0.001 

Locus 27 : 27 
4 alleles
0.2% missing data
 142   (0.642) 0.522 0.706 0.662 0.599 0.653 0.742 0.806 0.309 0.677 0.663 0.663 0.337 0.598 0.723 
 148   (0.203) 0.266 0.077 0.200 0.231 0.203 0.066 0.102 0.673 0.251 0.122 0.204 0.372 0.188 0.054 
 138   (0.045) 0.049 0.205 0.035 0.021 0.038 0.003 0.020 0.006 0.018 0.015 0.034 0.280 0.202 0.024 
 150   (0.109) 0.163 0.011 0.104 0.149 0.107 0.189 0.072 0.012 0.054 0.200 0.099 0.011 0.012 0.199 

Locus 28 : 28 
6 alleles
0.8% missing data
 260   (0.385) 0.220 0.343 0.416 0.237 0.404 0.378 0.510 0.135 0.298 0.513 0.417 0.284 0.517 0.490 
 262   (0.507) 0.692 0.650 0.479 0.673 0.491 0.548 0.383 0.851 0.659 0.411 0.471 0.703 0.472 0.482 
 256   (0.076) 0.086 0.006 0.077 0.066 0.076 0.072 0.064 0.011 0.037 0.067 0.084 0.010 0.008 0.023 
 258   (0.010) 0.001 0.000 0.013 0.003 0.013 0.001 0.001 0.001 0.002 0.002 0.013 0.001 0.001 0.002 
 266   (0.006) 0.000 0.000 0.004 0.002 0.004 0.000 0.009 0.001 0.001 0.002 0.003 0.001 0.001 0.001 
 264   (0.015) 0.001 0.000 0.011 0.021 0.012 0.001 0.033 0.001 0.002 0.006 0.011 0.001 0.001 0.003 

Locus 29 : 29 
7 alleles
0.2% missing data
 146   (0.282) 0.324 0.173 0.292 0.271 0.283 0.334 0.263 0.035 0.348 0.208 0.314 0.085 0.314 0.457 
 150   (0.435) 0.241 0.701 0.442 0.568 0.446 0.291 0.514 0.142 0.408 0.561 0.424 0.161 0.415 0.180 
 140   (0.174) 0.388 0.082 0.172 0.117 0.173 0.057 0.147 0.811 0.168 0.201 0.172 0.690 0.031 0.125 
 148   (0.063) 0.035 0.038 0.051 0.025 0.054 0.315 0.031 0.007 0.051 0.017 0.052 0.056 0.226 0.151 
 152   (0.028) 0.010 0.001 0.032 0.014 0.033 0.002 0.043 0.003 0.005 0.008 0.030 0.005 0.003 0.065 
 151   (0.009) 0.001 0.005 0.006 0.003 0.007 0.001 0.001 0.001 0.003 0.004 0.005 0.002 0.009 0.008 
 142   (0.008) 0.000 0.001 0.004 0.003 0.005 0.000 0.001 0.001 0.018 0.002 0.004 0.001 0.001 0.015 

Locus 30 : 30 
6 alleles
0.2% missing data
 125   (0.284) 0.141 0.472 0.313 0.344 0.303 0.029 0.072 0.138 0.304 0.115 0.340 0.621 0.294 0.100 
 129   (0.424) 0.081 0.475 0.406 0.391 0.413 0.786 0.625 0.212 0.424 0.568 0.391 0.314 0.647 0.461 
 123   (0.155) 0.111 0.050 0.150 0.175 0.151 0.102 0.265 0.019 0.113 0.185 0.143 0.049 0.047 0.110 
 127   (0.087) 0.526 0.002 0.082 0.054 0.082 0.080 0.024 0.587 0.149 0.063 0.081 0.011 0.008 0.319 
 121   (0.012) 0.001 0.000 0.010 0.006 0.011 0.001 0.002 0.041 0.003 0.003 0.009 0.001 0.001 0.002 
 131   (0.037) 0.140 0.001 0.039 0.029 0.040 0.002 0.013 0.004 0.008 0.066 0.036 0.004 0.003 0.007 

Locus 31 : 31 
6 alleles
0.2% missing data
 159   (0.170) 0.200 0.140 0.152 0.259 0.156 0.011 0.272 0.019 0.295 0.291 0.153 0.057 0.111 0.048 
 155   (0.547) 0.422 0.686 0.585 0.490 0.574 0.709 0.476 0.522 0.425 0.328 0.588 0.589 0.850 0.501 
 157   (0.180) 0.062 0.093 0.169 0.198 0.176 0.020 0.145 0.115 0.250 0.315 0.162 0.305 0.029 0.429 
 153   (0.065) 0.305 0.077 0.062 0.028 0.061 0.004 0.102 0.099 0.013 0.057 0.067 0.044 0.006 0.014 
 151   (0.031) 0.010 0.002 0.026 0.022 0.028 0.255 0.004 0.243 0.015 0.007 0.025 0.004 0.003 0.007 
 163   (0.007) 0.000 0.001 0.004 0.002 0.005 0.001 0.002 0.001 0.001 0.002 0.004 0.002 0.001 0.001 

Locus 32 : 32 
5 alleles
0.0% missing data
 146   (0.321) 0.649 0.070 0.341 0.369 0.329 0.313 0.366 0.583 0.268 0.298 0.355 0.063 0.051 0.231 
 150   (0.569) 0.253 0.854 0.559 0.587 0.566 0.639 0.573 0.405 0.509 0.647 0.551 0.926 0.866 0.406 
 148   (0.060) 0.033 0.074 0.052 0.019 0.054 0.046 0.011 0.007 0.115 0.029 0.049 0.006 0.077 0.351 
 154   (0.037) 0.064 0.001 0.037 0.021 0.039 0.002 0.007 0.004 0.106 0.015 0.037 0.005 0.005 0.009 
 152   (0.012) 0.001 0.000 0.010 0.005 0.011 0.001 0.043 0.001 0.002 0.012 0.008 0.001 0.001 0.003 

Locus 33 : 33 
7 alleles
0.0% missing data
 180   (0.467) 0.358 0.606 0.482 0.414 0.481 0.670 0.321 0.699 0.525 0.408 0.478 0.426 0.362 0.514 
 196   (0.110) 0.026 0.187 0.105 0.102 0.105 0.007 0.164 0.013 0.050 0.134 0.112 0.109 0.208 0.025 
 184   (0.194) 0.185 0.148 0.180 0.209 0.181 0.072 0.392 0.264 0.276 0.080 0.192 0.436 0.121 0.093 
 194   (0.010) 0.001 0.040 0.005 0.003 0.006 0.001 0.001 0.001 0.002 0.002 0.005 0.001 0.026 0.002 
 192   (0.136) 0.164 0.005 0.145 0.190 0.144 0.183 0.109 0.015 0.102 0.260 0.134 0.016 0.013 0.346 
 198   (0.068) 0.265 0.014 0.074 0.066 0.072 0.067 0.010 0.007 0.021 0.028 0.070 0.010 0.267 0.017 
 190   (0.016) 0.001 0.000 0.010 0.016 0.011 0.001 0.004 0.002 0.024 0.088 0.010 0.001 0.002 0.003 

Locus 34 : 34 
6 alleles
0.0% missing data
 110   (0.192) 0.111 0.363 0.191 0.123 0.189 0.073 0.066 0.214 0.218 0.191 0.194 0.267 0.170 0.168 
 112   (0.347) 0.050 0.514 0.373 0.345 0.368 0.058 0.404 0.039 0.300 0.316 0.370 0.066 0.728 0.415 
 106   (0.277) 0.248 0.096 0.250 0.380 0.257 0.707 0.436 0.224 0.403 0.362 0.234 0.591 0.080 0.164 
  90   (0.038) 0.002 0.019 0.031 0.035 0.033 0.002 0.006 0.402 0.008 0.029 0.029 0.059 0.006 0.220 
 108   (0.136) 0.588 0.008 0.148 0.113 0.144 0.114 0.087 0.120 0.069 0.101 0.166 0.016 0.015 0.031 
  96   (0.010) 0.001 0.000 0.007 0.004 0.008 0.046 0.001 0.001 0.002 0.002 0.006 0.001 0.001 0.003 

Locus 35 : 35 
9 alleles
0.0% missing data
 166   (0.056) 0.003 0.282 0.046 0.021 0.047 0.004 0.127 0.007 0.057 0.034 0.041 0.009 0.175 0.115 
 176   (0.098) 0.097 0.130 0.094 0.123 0.096 0.016 0.012 0.012 0.214 0.027 0.091 0.021 0.374 0.033 
 172   (0.322) 0.167 0.453 0.346 0.223 0.338 0.586 0.436 0.040 0.140 0.404 0.335 0.456 0.211 0.263 
 170   (0.271) 0.348 0.127 0.249 0.257 0.254 0.324 0.231 0.614 0.513 0.221 0.262 0.476 0.154 0.205 
 174   (0.134) 0.043 0.005 0.134 0.289 0.134 0.064 0.107 0.015 0.050 0.238 0.143 0.013 0.016 0.356 
 178   (0.038) 0.002 0.002 0.046 0.027 0.046 0.003 0.026 0.005 0.008 0.016 0.042 0.017 0.061 0.009 
 168   (0.054) 0.318 0.001 0.060 0.052 0.060 0.003 0.019 0.304 0.014 0.023 0.060 0.005 0.005 0.013 
 186   (0.021) 0.021 0.000 0.019 0.006 0.019 0.001 0.041 0.002 0.003 0.034 0.019 0.002 0.002 0.004 
 158   (0.007) 0.000 0.000 0.006 0.002 0.006 0.000 0.001 0.001 0.001 0.001 0.006 0.000 0.001 0.001 

Locus 36 : 36 
6 alleles
0.0% missing data
  89   (0.571) 0.603 0.660 0.589 0.558 0.579 0.510 0.644 0.375 0.505 0.711 0.598 0.227 0.725 0.649 
  95   (0.061) 0.028 0.080 0.052 0.024 0.054 0.005 0.091 0.007 0.084 0.055 0.054 0.037 0.020 0.016 
  85   (0.160) 0.015 0.224 0.147 0.201 0.151 0.234 0.177 0.493 0.144 0.069 0.138 0.262 0.217 0.274 
  81   (0.062) 0.004 0.006 0.067 0.130 0.069 0.004 0.019 0.008 0.172 0.035 0.062 0.008 0.006 0.016 
  83   (0.126) 0.325 0.029 0.129 0.081 0.130 0.247 0.060 0.014 0.092 0.125 0.135 0.464 0.030 0.041 
  91   (0.019) 0.026 0.000 0.016 0.006 0.017 0.001 0.008 0.104 0.003 0.004 0.014 0.002 0.002 0.004 

Locus 37 : 37 
10 alleles
0.0% missing data
 161   (0.347) 0.707 0.570 0.325 0.506 0.332 0.375 0.216 0.432 0.395 0.302 0.333 0.089 0.518 0.425 
 165   (0.232) 0.113 0.167 0.252 0.160 0.245 0.103 0.299 0.133 0.189 0.188 0.258 0.058 0.285 0.093 
 159   (0.013) 0.001 0.035 0.013 0.004 0.013 0.001 0.003 0.001 0.002 0.003 0.009 0.001 0.008 0.003 
 173   (0.255) 0.170 0.129 0.249 0.204 0.252 0.511 0.276 0.224 0.384 0.365 0.245 0.163 0.081 0.413 
 169   (0.098) 0.006 0.088 0.103 0.103 0.101 0.006 0.144 0.205 0.020 0.116 0.099 0.684 0.103 0.055 
 167   (0.018) 0.001 0.009 0.019 0.009 0.019 0.002 0.002 0.002 0.003 0.017 0.015 0.002 0.002 0.004 
 168   (0.010) 0.001 0.000 0.012 0.003 0.012 0.001 0.001 0.001 0.002 0.002 0.013 0.001 0.001 0.002 
 155   (0.014) 0.001 0.000 0.019 0.007 0.017 0.001 0.002 0.001 0.003 0.003 0.020 0.001 0.001 0.002 
 177   (0.007) 0.000 0.000 0.005 0.004 0.005 0.000 0.001 0.001 0.001 0.003 0.005 0.001 0.001 0.002 
 175   (0.007) 0.000 0.000 0.004 0.002 0.004 0.000 0.055 0.001 0.001 0.001 0.003 0.001 0.001 0.001 

Locus 38 : 38 
6 alleles
0.6% missing data
  87   (0.093) 0.435 0.168 0.071 0.061 0.077 0.128 0.024 0.552 0.112 0.126 0.070 0.012 0.134 0.021 
  89   (0.439) 0.228 0.589 0.470 0.523 0.460 0.094 0.596 0.051 0.223 0.460 0.479 0.746 0.670 0.397 
  91   (0.167) 0.100 0.130 0.171 0.168 0.171 0.185 0.056 0.210 0.205 0.161 0.168 0.201 0.026 0.097 
  81   (0.115) 0.007 0.080 0.119 0.073 0.117 0.116 0.064 0.013 0.216 0.060 0.115 0.011 0.086 0.428 
  85   (0.179) 0.228 0.031 0.166 0.173 0.172 0.476 0.259 0.173 0.242 0.192 0.164 0.029 0.084 0.053 
  83   (0.007) 0.000 0.003 0.004 0.002 0.004 0.000 0.001 0.001 0.001 0.001 0.003 0.001 0.001 0.002 

Locus 39 : 39 
4 alleles
0.6% missing data
 167   (0.784) 0.396 0.910 0.781 0.860 0.785 0.858 0.780 0.686 0.945 0.841 0.766 0.930 0.931 0.797 
 161   (0.177) 0.455 0.089 0.184 0.121 0.179 0.139 0.162 0.310 0.048 0.117 0.202 0.060 0.065 0.188 
 165   (0.032) 0.149 0.001 0.029 0.016 0.031 0.002 0.058 0.003 0.006 0.040 0.026 0.009 0.003 0.014 
 177   (0.007) 0.000 0.000 0.006 0.002 0.005 0.001 0.001 0.001 0.001 0.002 0.006 0.001 0.001 0.001 

Locus 40 : 40 
6 alleles
0.4% missing data
 228   (0.415) 0.120 0.523 0.397 0.383 0.404 0.234 0.531 0.551 0.442 0.459 0.388 0.729 0.663 0.641 
 238   (0.334) 0.070 0.324 0.361 0.426 0.360 0.117 0.303 0.082 0.271 0.317 0.357 0.066 0.264 0.087 
 224   (0.024) 0.011 0.089 0.015 0.007 0.016 0.002 0.003 0.003 0.014 0.005 0.015 0.003 0.045 0.216 
 236   (0.107) 0.285 0.061 0.098 0.059 0.097 0.387 0.036 0.351 0.113 0.086 0.102 0.190 0.016 0.027 
 232   (0.012) 0.001 0.000 0.010 0.035 0.010 0.001 0.002 0.001 0.002 0.003 0.010 0.001 0.003 0.002 
 240   (0.108) 0.513 0.002 0.120 0.091 0.112 0.260 0.125 0.013 0.158 0.130 0.129 0.011 0.010 0.026 

Locus 41 : 41 
7 alleles
0.0% missing data
 128   (0.118) 0.007 0.139 0.110 0.133 0.111 0.033 0.201 0.013 0.074 0.149 0.106 0.237 0.057 0.247 
 130   (0.530) 0.738 0.611 0.550 0.556 0.542 0.779 0.424 0.060 0.516 0.509 0.552 0.693 0.596 0.501 
 114   (0.051) 0.003 0.108 0.046 0.035 0.049 0.003 0.006 0.499 0.075 0.016 0.045 0.029 0.038 0.010 
 132   (0.122) 0.007 0.133 0.114 0.140 0.118 0.049 0.243 0.014 0.152 0.148 0.119 0.019 0.291 0.028 
 118   (0.062) 0.071 0.002 0.057 0.054 0.058 0.129 0.069 0.205 0.012 0.100 0.051 0.009 0.006 0.033 
 134   (0.111) 0.173 0.007 0.118 0.081 0.116 0.007 0.057 0.209 0.170 0.077 0.122 0.013 0.012 0.180 
 136   (0.006) 0.000 0.000 0.005 0.002 0.005 0.000 0.001 0.001 0.001 0.001 0.005 0.001 0.001 0.001 

Locus 42 : 42 
6 alleles
1.2% missing data
 102   (0.264) 0.015 0.415 0.264 0.172 0.262 0.475 0.338 0.570 0.410 0.360 0.272 0.073 0.428 0.214 
 104   (0.407) 0.232 0.199 0.442 0.419 0.434 0.414 0.465 0.050 0.324 0.516 0.436 0.106 0.156 0.688 
  92   (0.112) 0.315 0.107 0.100 0.214 0.103 0.007 0.066 0.052 0.088 0.052 0.099 0.014 0.277 0.036 
  96   (0.075) 0.176 0.060 0.066 0.083 0.066 0.005 0.022 0.097 0.056 0.020 0.069 0.706 0.070 0.020 
  98   (0.135) 0.261 0.218 0.125 0.109 0.129 0.099 0.107 0.230 0.120 0.052 0.120 0.101 0.069 0.040 
 106   (0.006) 0.000 0.001 0.005 0.003 0.005 0.001 0.001 0.001 0.002 0.002 0.005 0.001 0.001 0.002 

Locus 43 : 43 
6 alleles
1.4% missing data
 101   (0.299) 0.367 0.469 0.281 0.403 0.286 0.183 0.307 0.035 0.464 0.289 0.280 0.084 0.203 0.212 
 103   (0.316) 0.110 0.180 0.346 0.192 0.340 0.351 0.426 0.229 0.280 0.417 0.330 0.456 0.381 0.132 
  99   (0.143) 0.181 0.032 0.138 0.214 0.141 0.009 0.081 0.414 0.066 0.057 0.153 0.075 0.218 0.589 
  95   (0.217) 0.335 0.318 0.212 0.179 0.211 0.455 0.183 0.172 0.185 0.232 0.212 0.382 0.195 0.062 
  97   (0.018) 0.007 0.000 0.017 0.009 0.016 0.001 0.002 0.150 0.004 0.004 0.019 0.002 0.002 0.004 
  91   (0.007) 0.000 0.000 0.006 0.002 0.006 0.000 0.001 0.001 0.001 0.002 0.006 0.001 0.001 0.001 

Locus 44 : 44 
7 alleles
0.2% missing data
 177   (0.080) 0.111 0.064 0.086 0.037 0.084 0.005 0.038 0.010 0.062 0.062 0.085 0.010 0.163 0.017 
 191   (0.291) 0.631 0.185 0.319 0.272 0.313 0.100 0.115 0.280 0.299 0.326 0.322 0.057 0.116 0.328 
 181   (0.560) 0.140 0.750 0.527 0.659 0.533 0.861 0.782 0.521 0.623 0.597 0.536 0.927 0.714 0.570 
 189   (0.007) 0.000 0.000 0.004 0.002 0.004 0.030 0.001 0.001 0.001 0.001 0.003 0.001 0.001 0.001 
 179   (0.044) 0.106 0.001 0.051 0.024 0.050 0.003 0.005 0.186 0.012 0.010 0.042 0.004 0.004 0.079 
 183   (0.009) 0.001 0.000 0.009 0.004 0.009 0.001 0.003 0.001 0.002 0.002 0.007 0.001 0.001 0.002 
 193   (0.010) 0.010 0.000 0.005 0.003 0.006 0.001 0.057 0.001 0.002 0.002 0.005 0.001 0.001 0.002 

Locus 45 : 45 
6 alleles
0.8% missing data
 205   (0.458) 0.312 0.504 0.489 0.383 0.481 0.406 0.556 0.250 0.539 0.415 0.490 0.870 0.546 0.524 
 211   (0.231) 0.390 0.249 0.231 0.337 0.234 0.273 0.149 0.341 0.189 0.159 0.225 0.044 0.105 0.282 
 207   (0.141) 0.072 0.128 0.135 0.095 0.135 0.201 0.226 0.017 0.090 0.180 0.139 0.063 0.194 0.053 
 201   (0.075) 0.040 0.068 0.061 0.099 0.065 0.005 0.020 0.380 0.079 0.156 0.060 0.012 0.123 0.025 
 215   (0.084) 0.178 0.051 0.073 0.081 0.074 0.115 0.047 0.010 0.100 0.089 0.073 0.010 0.031 0.113 
 202   (0.011) 0.008 0.000 0.012 0.005 0.011 0.001 0.002 0.001 0.002 0.002 0.014 0.001 0.001 0.002 

Locus 46 : 46 
10 alleles
1.0% missing data
 144   (0.064) 0.007 0.250 0.054 0.094 0.056 0.128 0.019 0.008 0.014 0.077 0.052 0.052 0.066 0.077 
 158   (0.153) 0.122 0.115 0.141 0.133 0.144 0.083 0.038 0.021 0.267 0.183 0.156 0.033 0.393 0.199 
 168   (0.141) 0.216 0.219 0.151 0.116 0.141 0.107 0.030 0.216 0.131 0.068 0.173 0.051 0.064 0.033 
 166   (0.139) 0.026 0.320 0.130 0.099 0.135 0.386 0.247 0.124 0.092 0.084 0.119 0.461 0.115 0.039 
 142   (0.360) 0.145 0.091 0.394 0.295 0.389 0.286 0.603 0.047 0.432 0.508 0.378 0.387 0.325 0.624 
 170   (0.016) 0.047 0.001 0.011 0.038 0.012 0.001 0.002 0.002 0.005 0.003 0.010 0.002 0.002 0.004 
 156   (0.029) 0.083 0.001 0.027 0.010 0.029 0.002 0.005 0.467 0.005 0.026 0.026 0.002 0.017 0.005 
 162   (0.048) 0.161 0.001 0.045 0.066 0.046 0.003 0.041 0.110 0.040 0.015 0.038 0.005 0.005 0.009 
 164   (0.044) 0.193 0.001 0.041 0.146 0.042 0.003 0.015 0.005 0.012 0.035 0.043 0.005 0.012 0.008 
 160   (0.007) 0.000 0.000 0.006 0.002 0.006 0.000 0.001 0.001 0.002 0.001 0.005 0.001 0.001 0.001 

Locus 47 : 47 
7 alleles
9.9% missing data
 149   (0.349) 0.768 0.212 0.369 0.296 0.366 0.336 0.402 0.348 0.086 0.333 0.362 0.481 0.191 0.504 
 151   (0.184) 0.088 0.209 0.168 0.164 0.173 0.012 0.116 0.085 0.368 0.197 0.167 0.116 0.580 0.344 
 153   (0.191) 0.044 0.361 0.194 0.159 0.195 0.026 0.384 0.030 0.185 0.288 0.189 0.102 0.124 0.080 
 147   (0.028) 0.002 0.033 0.023 0.063 0.026 0.002 0.003 0.004 0.005 0.008 0.021 0.003 0.031 0.008 
 145   (0.225) 0.042 0.182 0.229 0.280 0.222 0.623 0.092 0.530 0.351 0.169 0.246 0.295 0.071 0.057 
 152   (0.007) 0.001 0.002 0.004 0.003 0.005 0.000 0.001 0.001 0.002 0.002 0.004 0.001 0.001 0.003 
 143   (0.016) 0.055 0.000 0.012 0.035 0.013 0.001 0.002 0.002 0.003 0.003 0.012 0.001 0.002 0.003 

Values of parameters used in structure:
DATAFILE=temp2.str,	OUTFILE=k14/temp2_k14_run8,	NUMINDS=486,	NUMLOCI=47,	MISSING=-9,	LABEL=1,	POPDATA=1,	POPFLAG=0,	PHENOTYPE=0,	EXTRACOLS=0,	MAXPOPS=14,	BURNIN=500000,	NUMREPS=750000,	USEPOPINFO=0,	INFERALPHA=1,	INFERLAMBDA=0,	POPSPECIFICLAMBDA=0,	POPALPHAS=0,	COMPUTEPROB=1,	NOADMIX=0,	ADMBURNIN=500,	UPDATEFREQ=100,	PRINTLIKES=0,	INTERMEDSAVE=0,	PRINTKLD=0,	PRINTNET=1,	PRINTLAMBDA=1,	ANCESTDIST=0,	NUMBOXES=1000,	ANCESTPINT=0.90000,	GENSBACK=2,	MIGRPRIOR=0.01000,	PRINTQHAT=0,	PRINTQSUM=1,	ALPHA=1.0000,	FREQSCORR=1,	FPRIORMEAN=0.0100,	FPRIORSD=0.0500,	ONEFST=0,	LAMBDA=1.0000,	UNIFPRIORALPHA=1,	ALPHAMAX=10.0000,	ALPHAPRIORA=1.0000,	ALPHAPRIORB=2.0000,	ALPHAPROPSD=0.0250,	STARTATPOPINFO=0,	RANDOMIZE=0,	LINKAGE=0,	METROFREQ=10,	REPORTHITRATE=0,	MARKOVPHASE=0,	PHASED=1,	PLOIDY=2,	PHASEINFO=0	LOCPRIOR=0, 	LOCPRIORINIT=1.000000, 	LOCDATA=0, 	LOCISPOP=1, 	LOCPRIORSTEP=0.100000, 	MAXLOCPRIOR=20.000000, 	SEED=521618,	
[STRAT parameters]:    NUMSIMSTATS=1000,	PHENOTYPECOL=-9,	POOLFREQ=10,	LOCUSxONLY=0,	EMERROR=0.00100,	MISSINGPHENO=-9,	