

----------------------------------------------------
STRUCTURE by Pritchard, Stephens and Donnelly (2000)
     and Falush, Stephens and Pritchard (2003)
       Code by Pritchard, Falush and Hubisz
             Version 2.3.4 (Jul 2012)
----------------------------------------------------



Command line arguments:   structure -D 904928 -K 10 -m mainparams -o k10/temp2_k10_run7 
Input File:    temp2.str

Run parameters:
   486 individuals
   47 loci
   10 populations assumed
   500000 Burn-in period
   750000 Reps
RANDOMIZE turned off


--------------------------------------------
Proportion of membership of each pre-defined
 population in each of the 10 clusters

Given    Inferred Clusters                                                        Number of
 Pop       1      2      3      4      5      6      7      8      9     10      Individuals

  1:     0.009  0.009  0.003  0.925  0.011  0.009  0.011  0.004  0.008  0.012       63
  2:     0.009  0.014  0.002  0.913  0.008  0.014  0.017  0.006  0.007  0.009       20
  3:     0.004  0.005  0.958  0.003  0.004  0.005  0.004  0.007  0.004  0.007       36
  4:     0.013  0.024  0.003  0.841  0.015  0.027  0.031  0.004  0.006  0.036       21
  5:     0.007  0.010  0.004  0.783  0.009  0.010  0.061  0.004  0.006  0.106       31
  6:     0.008  0.007  0.003  0.948  0.006  0.007  0.005  0.004  0.004  0.007       21
  7:     0.050  0.021  0.005  0.011  0.016  0.019  0.835  0.004  0.011  0.028       25
  8:     0.018  0.039  0.101  0.623  0.059  0.031  0.026  0.011  0.011  0.082        8
  9:     0.022  0.012  0.003  0.913  0.009  0.014  0.008  0.007  0.005  0.008       17
 10:     0.004  0.005  0.003  0.004  0.005  0.005  0.006  0.003  0.960  0.005       29
 11:     0.002  0.003  0.005  0.002  0.002  0.003  0.002  0.977  0.002  0.002        9
 12:     0.051  0.287  0.017  0.013  0.177  0.313  0.088  0.008  0.014  0.032       26
 13:     0.227  0.175  0.012  0.017  0.243  0.188  0.033  0.008  0.012  0.084       74
 14:     0.507  0.118  0.012  0.026  0.103  0.120  0.029  0.006  0.013  0.067       35
 15:     0.710  0.054  0.009  0.041  0.055  0.052  0.031  0.008  0.009  0.030       24
 16:     0.056  0.273  0.021  0.028  0.214  0.304  0.049  0.009  0.026  0.019       43
 17:     0.032  0.388  0.005  0.027  0.070  0.437  0.012  0.002  0.009  0.017        4
--------------------------------------------

Allele-freq. divergence among pops (Net nucleotide distance),
computed using point estimates of P.

      1       2       3       4       5       6       7       8       9      10      
 1      -    0.0149  0.1155  0.0395  0.0209  0.0152  0.0315  0.1236  0.0679  0.0310  
 2   0.0149     -    0.0781  0.0272  0.0065  0.0002  0.0166  0.0984  0.0528  0.0176  
 3   0.1155  0.0781     -    0.1352  0.0850  0.0782  0.0977  0.1103  0.1182  0.1027  
 4   0.0395  0.0272  0.1352     -    0.0287  0.0272  0.0382  0.1363  0.0749  0.0393  
 5   0.0209  0.0065  0.0850  0.0287     -    0.0064  0.0200  0.1035  0.0591  0.0274  
 6   0.0152  0.0002  0.0782  0.0272  0.0064     -    0.0168  0.0973  0.0526  0.0210  
 7   0.0315  0.0166  0.0977  0.0382  0.0200  0.0168     -    0.1031  0.0585  0.0335  
 8   0.1236  0.0984  0.1103  0.1363  0.1035  0.0973  0.1031     -    0.1305  0.1302  
 9   0.0679  0.0528  0.1182  0.0749  0.0591  0.0526  0.0585  0.1305     -    0.0732  
10   0.0310  0.0176  0.1027  0.0393  0.0274  0.0210  0.0335  0.1302  0.0732     -    

Average distances (expected heterozygosity) between individuals in same cluster:
cluster  1  : 0.5794 
cluster  2  : 0.6420 
cluster  3  : 0.6351 
cluster  4  : 0.5505 
cluster  5  : 0.6210 
cluster  6  : 0.6428 
cluster  7  : 0.6035 
cluster  8  : 0.5350 
cluster  9  : 0.5469 
cluster 10  : 0.5850 

--------------------------------------------
Estimated Ln Prob of Data   = -53505.0
Mean value of ln likelihood = -50925.9
Variance of ln likelihood   = 5158.3
Mean value of alpha         = 0.0326

Mean value of Fst_1         = 0.0727
Mean value of Fst_2         = 0.0214
Mean value of Fst_3         = 0.1773
Mean value of Fst_4         = 0.1324
Mean value of Fst_5         = 0.0357
Mean value of Fst_6         = 0.0128
Mean value of Fst_7         = 0.0802
Mean value of Fst_8         = 0.3043
Mean value of Fst_9         = 0.2080
Mean value of Fst_10         = 0.1528


Inferred ancestry of individuals:
        Label (%Miss) Pop:  Inferred clusters
  1      221    (0)    1 :  0.008 0.005 0.003 0.948 0.007 0.006 0.015 0.003 0.002 0.004 
  2      222    (0)    1 :  0.005 0.007 0.003 0.842 0.007 0.007 0.008 0.005 0.008 0.106 
  3      223    (0)    1 :  0.007 0.008 0.005 0.938 0.017 0.008 0.006 0.003 0.003 0.006 
  4      224    (0)    1 :  0.002 0.003 0.001 0.976 0.003 0.002 0.004 0.001 0.004 0.004 
  5      225    (0)    1 :  0.003 0.004 0.002 0.969 0.005 0.005 0.003 0.002 0.003 0.004 
  6      226    (0)    1 :  0.003 0.005 0.001 0.956 0.008 0.004 0.011 0.005 0.002 0.004 
  7      227    (0)    1 :  0.005 0.010 0.006 0.896 0.016 0.012 0.032 0.014 0.005 0.004 
  8      228    (0)    1 :  0.012 0.008 0.004 0.940 0.008 0.008 0.006 0.003 0.005 0.007 
  9      234    (0)    1 :  0.004 0.003 0.001 0.974 0.004 0.003 0.003 0.002 0.002 0.004 
 10      235    (0)    1 :  0.003 0.003 0.001 0.976 0.002 0.003 0.003 0.003 0.002 0.003 
 11      236    (0)    1 :  0.002 0.002 0.001 0.982 0.002 0.002 0.004 0.001 0.002 0.002 
 12      237    (0)    1 :  0.004 0.003 0.002 0.972 0.005 0.003 0.003 0.002 0.002 0.005 
 13      238    (0)    1 :  0.005 0.007 0.005 0.929 0.007 0.006 0.018 0.003 0.008 0.012 
 14      239    (0)    1 :  0.012 0.021 0.002 0.792 0.037 0.021 0.083 0.009 0.017 0.006 
 15      240    (0)    1 :  0.003 0.003 0.001 0.975 0.003 0.003 0.005 0.002 0.002 0.003 
 16      242    (0)    1 :  0.020 0.085 0.001 0.534 0.179 0.089 0.015 0.001 0.002 0.072 
 17      243    (0)    1 :  0.005 0.012 0.002 0.907 0.008 0.012 0.017 0.013 0.015 0.009 
 18      244    (0)    1 :  0.002 0.006 0.002 0.935 0.010 0.006 0.020 0.010 0.003 0.005 
 19      245    (0)    1 :  0.014 0.014 0.028 0.873 0.013 0.015 0.011 0.012 0.008 0.012 
 20      246    (0)    1 :  0.002 0.003 0.002 0.972 0.002 0.003 0.003 0.004 0.003 0.005 
 21      248    (0)    1 :  0.004 0.006 0.003 0.930 0.009 0.007 0.005 0.002 0.023 0.010 
 22      249    (0)    1 :  0.002 0.002 0.001 0.979 0.003 0.002 0.004 0.001 0.002 0.004 
 23      250    (0)    1 :  0.014 0.015 0.007 0.907 0.011 0.014 0.009 0.005 0.010 0.008 
 24      251    (0)    1 :  0.009 0.004 0.001 0.963 0.005 0.004 0.004 0.004 0.002 0.005 
 25      252    (0)    1 :  0.013 0.010 0.002 0.885 0.009 0.009 0.006 0.001 0.049 0.016 
 26      253    (0)    1 :  0.004 0.028 0.018 0.845 0.030 0.030 0.008 0.003 0.029 0.005 
 27      254    (0)    1 :  0.004 0.005 0.002 0.961 0.007 0.005 0.007 0.002 0.003 0.004 
 28      255    (0)    1 :  0.006 0.009 0.002 0.897 0.007 0.009 0.028 0.002 0.004 0.035 
 29      256    (0)    1 :  0.004 0.006 0.003 0.951 0.005 0.006 0.003 0.002 0.001 0.017 
 30      257    (0)    1 :  0.010 0.008 0.002 0.930 0.009 0.008 0.017 0.003 0.009 0.005 
 31      258    (0)    1 :  0.010 0.006 0.004 0.949 0.006 0.006 0.009 0.002 0.003 0.007 
 32      259    (0)    1 :  0.008 0.012 0.002 0.937 0.011 0.012 0.006 0.003 0.003 0.007 
 33      260    (0)    1 :  0.004 0.005 0.002 0.889 0.004 0.005 0.016 0.005 0.065 0.004 
 34      261    (0)    1 :  0.082 0.016 0.002 0.832 0.007 0.017 0.019 0.003 0.011 0.012 
 35      262    (0)    1 :  0.002 0.002 0.001 0.982 0.002 0.002 0.003 0.001 0.002 0.003 
 36      263    (0)    1 :  0.004 0.004 0.003 0.919 0.005 0.004 0.030 0.004 0.020 0.006 
 37      264    (0)    1 :  0.005 0.005 0.001 0.961 0.004 0.004 0.005 0.001 0.003 0.011 
 38      265    (0)    1 :  0.004 0.004 0.001 0.932 0.003 0.005 0.013 0.002 0.027 0.008 
 39      266    (0)    1 :  0.003 0.003 0.001 0.980 0.003 0.003 0.002 0.001 0.002 0.003 
 40      267    (0)    1 :  0.003 0.003 0.001 0.976 0.003 0.003 0.003 0.002 0.001 0.005 
 41      268    (0)    1 :  0.005 0.006 0.001 0.902 0.007 0.006 0.006 0.008 0.053 0.005 
 42      269    (0)    1 :  0.003 0.003 0.001 0.978 0.003 0.002 0.003 0.001 0.002 0.003 
 43      270    (0)    1 :  0.004 0.003 0.001 0.970 0.004 0.003 0.005 0.002 0.002 0.007 
 44      271    (0)    1 :  0.015 0.022 0.006 0.877 0.016 0.026 0.012 0.003 0.010 0.014 
 45      272    (0)    1 :  0.022 0.022 0.002 0.803 0.008 0.020 0.010 0.005 0.005 0.103 
 46      273    (0)    1 :  0.011 0.011 0.003 0.910 0.011 0.011 0.031 0.002 0.003 0.008 
 47      274    (0)    1 :  0.006 0.004 0.002 0.962 0.004 0.004 0.006 0.003 0.006 0.004 
 48      275    (2)    1 :  0.004 0.004 0.001 0.969 0.004 0.004 0.006 0.001 0.002 0.004 
 49      276    (0)    1 :  0.007 0.005 0.001 0.960 0.006 0.005 0.004 0.002 0.004 0.006 
 50      277    (0)    1 :  0.044 0.012 0.001 0.899 0.009 0.012 0.008 0.001 0.002 0.011 
 51      278    (0)    1 :  0.022 0.008 0.001 0.927 0.011 0.009 0.005 0.007 0.004 0.005 
 52      279    (0)    1 :  0.006 0.012 0.002 0.940 0.010 0.013 0.005 0.002 0.003 0.007 
 53      280    (0)    1 :  0.016 0.007 0.002 0.937 0.008 0.007 0.012 0.002 0.004 0.005 
 54      287    (0)    1 :  0.008 0.013 0.003 0.924 0.010 0.013 0.012 0.004 0.006 0.006 
 55      290    (0)    1 :  0.009 0.009 0.002 0.927 0.007 0.009 0.009 0.005 0.002 0.020 
 56      291    (0)    1 :  0.029 0.009 0.002 0.926 0.006 0.009 0.006 0.003 0.006 0.004 
 57      295    (0)    1 :  0.016 0.004 0.001 0.962 0.003 0.004 0.004 0.001 0.003 0.004 
 58      296    (0)    1 :  0.003 0.004 0.002 0.965 0.006 0.003 0.003 0.002 0.004 0.007 
 59      872    (2)    1 :  0.004 0.004 0.003 0.944 0.003 0.004 0.005 0.005 0.006 0.022 
 60      873    (4)    1 :  0.003 0.013 0.003 0.914 0.011 0.013 0.012 0.004 0.003 0.024 
 61      874    (2)    1 :  0.010 0.005 0.001 0.954 0.007 0.004 0.006 0.001 0.002 0.010 
 62      875    (0)    1 :  0.004 0.004 0.003 0.954 0.004 0.004 0.004 0.015 0.002 0.005 
 63      876    (6)    1 :  0.012 0.008 0.002 0.908 0.018 0.009 0.022 0.001 0.012 0.008 
 64      212    (0)   10 :  0.004 0.002 0.002 0.002 0.002 0.002 0.002 0.001 0.979 0.003 
 65      213    (0)   10 :  0.006 0.004 0.002 0.004 0.005 0.004 0.003 0.003 0.966 0.004 
 66      214    (0)   10 :  0.003 0.005 0.003 0.004 0.006 0.005 0.005 0.001 0.964 0.003 
 67      215    (0)   10 :  0.005 0.003 0.002 0.005 0.004 0.003 0.004 0.003 0.967 0.004 
 68      216    (0)   10 :  0.004 0.003 0.001 0.004 0.002 0.003 0.003 0.002 0.974 0.004 
 69      217    (0)   10 :  0.004 0.005 0.002 0.004 0.007 0.005 0.003 0.002 0.962 0.005 
 70      218    (0)   10 :  0.003 0.003 0.003 0.003 0.003 0.003 0.003 0.002 0.977 0.003 
 71      332    (0)   10 :  0.011 0.009 0.002 0.011 0.013 0.006 0.018 0.005 0.898 0.027 
 72      333    (0)   10 :  0.006 0.013 0.008 0.012 0.011 0.014 0.031 0.010 0.886 0.008 
 73      334    (0)   10 :  0.004 0.004 0.002 0.005 0.005 0.004 0.006 0.003 0.960 0.006 
 74      335    (0)   10 :  0.004 0.003 0.002 0.002 0.003 0.003 0.003 0.001 0.979 0.002 
 75      336    (0)   10 :  0.002 0.002 0.002 0.003 0.002 0.002 0.005 0.013 0.964 0.004 
 76      337    (0)   10 :  0.003 0.004 0.003 0.009 0.006 0.005 0.011 0.002 0.954 0.004 
 77      673    (0)   10 :  0.002 0.001 0.001 0.002 0.001 0.001 0.002 0.001 0.988 0.001 
 78      674    (0)   10 :  0.004 0.005 0.002 0.003 0.003 0.005 0.005 0.002 0.962 0.009 
 79      675    (0)   10 :  0.005 0.004 0.002 0.003 0.003 0.004 0.005 0.004 0.965 0.003 
 80      676    (0)   10 :  0.007 0.004 0.002 0.003 0.006 0.004 0.005 0.001 0.962 0.005 
 81      677    (0)   10 :  0.003 0.003 0.001 0.005 0.004 0.003 0.004 0.002 0.971 0.002 
 82      678    (0)   10 :  0.009 0.014 0.003 0.010 0.009 0.014 0.004 0.005 0.928 0.005 
 83      679    (0)   10 :  0.003 0.008 0.030 0.004 0.006 0.007 0.007 0.002 0.922 0.012 
 84      680    (0)   10 :  0.006 0.006 0.002 0.004 0.004 0.005 0.011 0.004 0.951 0.007 
 85      681    (0)   10 :  0.004 0.005 0.002 0.005 0.007 0.005 0.006 0.002 0.960 0.005 
 86      682    (0)   10 :  0.002 0.002 0.002 0.002 0.002 0.002 0.002 0.003 0.981 0.002 
 87      683    (0)   10 :  0.004 0.005 0.002 0.005 0.004 0.005 0.006 0.002 0.962 0.004 
 88      684    (0)   10 :  0.005 0.005 0.002 0.002 0.004 0.005 0.006 0.002 0.965 0.004 
 89      685    (0)   10 :  0.003 0.005 0.004 0.003 0.005 0.006 0.009 0.003 0.958 0.004 
 90      686    (0)   10 :  0.002 0.002 0.004 0.002 0.002 0.002 0.002 0.003 0.978 0.002 
 91      687    (0)   10 :  0.003 0.002 0.001 0.002 0.002 0.002 0.003 0.002 0.981 0.002 
 92      688    (0)   10 :  0.007 0.003 0.001 0.006 0.004 0.003 0.005 0.002 0.964 0.005 
 93      070    (0)   11 :  0.002 0.004 0.008 0.002 0.003 0.005 0.003 0.968 0.001 0.002 
 94      071    (0)   11 :  0.003 0.003 0.001 0.002 0.003 0.003 0.004 0.974 0.006 0.002 
 95      072    (0)   11 :  0.002 0.002 0.005 0.002 0.002 0.002 0.002 0.982 0.001 0.001 
 96      151    (0)   11 :  0.002 0.001 0.002 0.001 0.001 0.001 0.002 0.987 0.001 0.001 
 97      152    (0)   11 :  0.004 0.006 0.002 0.003 0.005 0.006 0.003 0.968 0.002 0.002 
 98      153    (2)   11 :  0.001 0.001 0.002 0.001 0.001 0.001 0.002 0.987 0.001 0.001 
 99      788    (4)   11 :  0.003 0.002 0.023 0.002 0.002 0.003 0.002 0.959 0.002 0.001 
100      789    (2)   11 :  0.002 0.002 0.002 0.002 0.002 0.002 0.002 0.983 0.003 0.001 
101      790    (0)   11 :  0.001 0.002 0.001 0.002 0.002 0.002 0.002 0.985 0.001 0.001 
102      010    (0)   12 :  0.005 0.428 0.009 0.005 0.067 0.461 0.010 0.002 0.004 0.009 
103      024    (0)   12 :  0.027 0.437 0.037 0.007 0.027 0.427 0.012 0.006 0.011 0.010 
104      051    (0)   12 :  0.006 0.220 0.052 0.005 0.062 0.228 0.396 0.012 0.007 0.011 
105      090    (0)   12 :  0.013 0.332 0.017 0.007 0.132 0.416 0.057 0.006 0.005 0.014 
106      102    (0)   12 :  0.209 0.280 0.002 0.038 0.074 0.343 0.021 0.002 0.003 0.028 
107      111    (0)   12 :  0.013 0.344 0.003 0.009 0.195 0.408 0.012 0.002 0.003 0.010 
108      113    (0)   12 :  0.058 0.339 0.005 0.007 0.092 0.332 0.134 0.006 0.005 0.022 
109      138    (0)   12 :  0.011 0.080 0.005 0.007 0.661 0.102 0.016 0.043 0.071 0.004 
110      150    (0)   12 :  0.504 0.040 0.031 0.027 0.230 0.042 0.087 0.012 0.005 0.022 
111      173    (2)   12 :  0.049 0.271 0.022 0.006 0.058 0.231 0.294 0.019 0.012 0.037 
112      174    (2)   12 :  0.005 0.282 0.023 0.009 0.366 0.259 0.022 0.022 0.004 0.009 
113      175    (0)   12 :  0.009 0.407 0.061 0.003 0.037 0.413 0.054 0.005 0.003 0.009 
114      176    (0)   12 :  0.008 0.416 0.004 0.021 0.032 0.489 0.008 0.005 0.010 0.007 
115      177    (0)   12 :  0.017 0.178 0.010 0.003 0.106 0.158 0.515 0.003 0.002 0.006 
116      180    (0)   12 :  0.006 0.214 0.002 0.056 0.147 0.224 0.311 0.004 0.006 0.029 
117      184    (0)   12 :  0.031 0.123 0.008 0.006 0.619 0.117 0.014 0.012 0.005 0.065 
118      195    (0)   12 :  0.015 0.394 0.007 0.006 0.079 0.455 0.015 0.005 0.015 0.009 
119      198    (0)   12 :  0.008 0.226 0.007 0.016 0.468 0.240 0.019 0.003 0.006 0.007 
120      203    (0)   12 :  0.011 0.405 0.002 0.009 0.019 0.501 0.014 0.009 0.005 0.025 
121      211    (0)   12 :  0.026 0.378 0.003 0.024 0.072 0.398 0.008 0.003 0.083 0.005 
122      220    (0)   12 :  0.120 0.251 0.005 0.005 0.157 0.287 0.116 0.002 0.009 0.048 
123      233    (0)   12 :  0.141 0.343 0.002 0.010 0.026 0.399 0.023 0.005 0.041 0.010 
124      331    (0)   12 :  0.008 0.377 0.022 0.006 0.037 0.497 0.028 0.007 0.004 0.013 
125      349    (0)   12 :  0.010 0.232 0.090 0.010 0.022 0.140 0.070 0.007 0.006 0.415 
126      410    (0)   12 :  0.004 0.216 0.005 0.009 0.461 0.250 0.019 0.003 0.026 0.008 
127      417    (2)   12 :  0.008 0.254 0.004 0.031 0.364 0.317 0.007 0.002 0.005 0.009 
128      421    (0)   13 :  0.946 0.008 0.001 0.011 0.008 0.009 0.004 0.002 0.005 0.005 
129      423    (0)   13 :  0.005 0.399 0.007 0.006 0.057 0.453 0.013 0.008 0.002 0.049 
130      424    (0)   13 :  0.009 0.097 0.012 0.024 0.208 0.097 0.535 0.002 0.002 0.014 
131      433    (0)   13 :  0.431 0.078 0.012 0.004 0.363 0.080 0.007 0.002 0.016 0.008 
132      462    (0)   13 :  0.150 0.271 0.005 0.009 0.148 0.264 0.104 0.002 0.023 0.023 
133      463    (0)   13 :  0.008 0.282 0.029 0.020 0.241 0.268 0.008 0.003 0.003 0.138 
134      467    (0)   13 :  0.896 0.013 0.007 0.014 0.008 0.012 0.012 0.007 0.013 0.018 
135      468    (0)   13 :  0.065 0.140 0.002 0.019 0.007 0.010 0.016 0.003 0.002 0.735 
136      469    (0)   13 :  0.546 0.108 0.003 0.064 0.147 0.112 0.008 0.002 0.002 0.008 
137      472    (0)   13 :  0.018 0.375 0.019 0.007 0.111 0.441 0.009 0.004 0.007 0.008 
138      473    (0)   13 :  0.009 0.185 0.012 0.003 0.025 0.055 0.011 0.003 0.008 0.689 
139      474    (0)   13 :  0.165 0.080 0.002 0.015 0.037 0.007 0.008 0.002 0.020 0.664 
140      475    (0)   13 :  0.461 0.205 0.011 0.004 0.059 0.215 0.013 0.003 0.002 0.026 
141      476    (2)   13 :  0.132 0.085 0.022 0.004 0.007 0.015 0.007 0.015 0.017 0.697 
142      477    (0)   13 :  0.022 0.390 0.008 0.009 0.032 0.491 0.006 0.004 0.019 0.019 
143      478    (0)   13 :  0.073 0.370 0.002 0.021 0.015 0.469 0.025 0.002 0.003 0.019 
144      479    (0)   13 :  0.253 0.018 0.002 0.022 0.658 0.020 0.011 0.003 0.003 0.010 
145      480    (0)   13 :  0.958 0.007 0.002 0.003 0.006 0.006 0.005 0.002 0.002 0.010 
146      481    (0)   13 :  0.042 0.231 0.007 0.007 0.378 0.262 0.017 0.033 0.003 0.021 
147      482    (0)   13 :  0.061 0.343 0.004 0.006 0.168 0.353 0.015 0.002 0.044 0.005 
148      489    (0)   13 :  0.060 0.379 0.029 0.005 0.113 0.369 0.009 0.004 0.015 0.016 
149      490    (0)   13 :  0.008 0.019 0.005 0.018 0.904 0.019 0.015 0.003 0.003 0.005 
150      491    (0)   13 :  0.020 0.228 0.001 0.005 0.229 0.288 0.081 0.009 0.123 0.017 
151      492    (0)   13 :  0.121 0.097 0.018 0.017 0.020 0.037 0.013 0.005 0.013 0.660 
152      493    (0)   13 :  0.405 0.215 0.018 0.017 0.023 0.225 0.022 0.011 0.007 0.056 
153      494    (0)   13 :  0.223 0.109 0.022 0.005 0.448 0.102 0.017 0.022 0.041 0.012 
154      498    (0)   13 :  0.014 0.245 0.009 0.024 0.313 0.290 0.007 0.007 0.004 0.086 
155      499    (0)   13 :  0.012 0.382 0.006 0.009 0.041 0.471 0.059 0.003 0.007 0.009 
156      709    (0)   13 :  0.014 0.204 0.014 0.011 0.416 0.232 0.012 0.077 0.010 0.010 
157      710    (4)   13 :  0.235 0.258 0.059 0.008 0.053 0.365 0.003 0.005 0.002 0.011 
158      711    (2)   13 :  0.016 0.305 0.003 0.034 0.102 0.350 0.159 0.007 0.003 0.020 
159      712    (4)   13 :  0.008 0.008 0.002 0.007 0.948 0.008 0.009 0.002 0.003 0.004 
160      713    (0)   13 :  0.004 0.407 0.024 0.005 0.017 0.504 0.007 0.004 0.007 0.021 
161      714    (2)   13 :  0.784 0.028 0.007 0.008 0.008 0.022 0.016 0.013 0.002 0.111 
162      715    (4)   13 :  0.820 0.015 0.004 0.042 0.026 0.016 0.021 0.012 0.037 0.006 
163      716    (0)   13 :  0.924 0.015 0.002 0.004 0.023 0.014 0.005 0.003 0.003 0.009 
164      717    (2)   13 :  0.381 0.216 0.005 0.011 0.027 0.288 0.012 0.003 0.009 0.048 
165      718    (4)   13 :  0.019 0.017 0.003 0.013 0.898 0.024 0.015 0.002 0.002 0.006 
166      719    (0)   13 :  0.973 0.004 0.002 0.004 0.004 0.004 0.002 0.002 0.002 0.003 
167      720    (2)   13 :  0.899 0.023 0.005 0.008 0.007 0.023 0.010 0.002 0.009 0.013 
168      721    (0)   13 :  0.205 0.225 0.006 0.006 0.091 0.201 0.027 0.029 0.007 0.203 
169      722    (4)   13 :  0.952 0.004 0.001 0.009 0.006 0.004 0.004 0.002 0.002 0.015 
170      723    (0)   13 :  0.913 0.022 0.003 0.004 0.012 0.022 0.004 0.007 0.007 0.006 
171      724    (0)   13 :  0.828 0.020 0.033 0.038 0.012 0.024 0.007 0.005 0.008 0.026 
172      725    (0)   13 :  0.022 0.418 0.015 0.006 0.025 0.480 0.013 0.003 0.010 0.010 
173      726    (0)   13 :  0.128 0.298 0.014 0.005 0.071 0.283 0.011 0.006 0.006 0.178 
174      727    (0)   13 :  0.047 0.261 0.002 0.005 0.366 0.257 0.014 0.007 0.012 0.027 
175      728    (2)   13 :  0.013 0.379 0.005 0.010 0.027 0.460 0.013 0.080 0.006 0.007 
176      729    (6)   13 :  0.049 0.315 0.003 0.006 0.215 0.377 0.020 0.005 0.004 0.005 
177      730    (2)   13 :  0.026 0.033 0.003 0.011 0.866 0.033 0.014 0.006 0.004 0.004 
178      731    (2)   13 :  0.005 0.016 0.003 0.007 0.931 0.024 0.005 0.002 0.002 0.005 
179      732    (0)   13 :  0.131 0.388 0.009 0.012 0.037 0.379 0.018 0.002 0.006 0.018 
180      733    (0)   13 :  0.110 0.256 0.013 0.021 0.248 0.322 0.015 0.005 0.003 0.006 
181      734    (2)   13 :  0.032 0.208 0.035 0.010 0.179 0.244 0.180 0.009 0.096 0.007 
182      735    (4)   13 :  0.030 0.312 0.002 0.006 0.169 0.414 0.030 0.003 0.008 0.026 
183      736    (2)   13 :  0.007 0.139 0.008 0.004 0.612 0.167 0.019 0.016 0.021 0.005 
184      737    (0)   13 :  0.004 0.035 0.003 0.014 0.859 0.037 0.016 0.010 0.003 0.019 
185      738    (2)   13 :  0.008 0.172 0.004 0.008 0.560 0.187 0.049 0.003 0.005 0.004 
186      739    (8)   13 :  0.025 0.044 0.002 0.008 0.843 0.040 0.011 0.012 0.006 0.009 
187      740    (4)   13 :  0.080 0.041 0.006 0.006 0.798 0.058 0.004 0.002 0.002 0.004 
188      741    (2)   13 :  0.118 0.164 0.013 0.152 0.311 0.154 0.014 0.002 0.029 0.043 
189      742    (4)   13 :  0.012 0.125 0.006 0.012 0.582 0.153 0.091 0.006 0.005 0.008 
190      743    (2)   13 :  0.945 0.008 0.003 0.005 0.009 0.009 0.006 0.002 0.009 0.004 
191      744    (0)   13 :  0.233 0.304 0.102 0.005 0.061 0.257 0.007 0.021 0.004 0.007 
192      745    (0)   13 :  0.524 0.146 0.004 0.062 0.031 0.193 0.009 0.015 0.005 0.011 
193      746    (2)   13 :  0.007 0.144 0.005 0.006 0.613 0.184 0.019 0.004 0.005 0.013 
194      747    (2)   13 :  0.009 0.085 0.004 0.028 0.683 0.105 0.051 0.005 0.020 0.009 
195      748    (0)   13 :  0.007 0.149 0.011 0.183 0.048 0.105 0.080 0.006 0.016 0.394 
196      749    (2)   13 :  0.015 0.249 0.158 0.035 0.033 0.258 0.217 0.009 0.020 0.006 
197      750    (4)   13 :  0.013 0.319 0.012 0.014 0.272 0.331 0.020 0.005 0.005 0.009 
198      751    (0)   13 :  0.018 0.332 0.002 0.014 0.093 0.415 0.091 0.017 0.007 0.012 
199      752    (2)   13 :  0.087 0.126 0.002 0.011 0.015 0.007 0.013 0.002 0.002 0.735 
200      753    (4)   13 :  0.032 0.348 0.003 0.033 0.028 0.431 0.028 0.009 0.033 0.054 
201      754    (2)   13 :  0.004 0.006 0.005 0.003 0.964 0.006 0.004 0.003 0.003 0.003 
202      155    (0)   14 :  0.015 0.415 0.010 0.028 0.040 0.429 0.008 0.004 0.035 0.016 
203      156    (2)   14 :  0.012 0.404 0.010 0.016 0.036 0.406 0.009 0.096 0.005 0.005 
204      157    (2)   14 :  0.010 0.020 0.030 0.005 0.882 0.022 0.008 0.002 0.009 0.012 
205      158    (0)   14 :  0.020 0.401 0.004 0.008 0.072 0.428 0.052 0.004 0.007 0.005 
206      159    (0)   14 :  0.013 0.299 0.012 0.028 0.213 0.402 0.009 0.008 0.003 0.013 
207      160    (0)   14 :  0.196 0.055 0.002 0.013 0.588 0.052 0.038 0.003 0.008 0.046 
208      161    (0)   14 :  0.071 0.063 0.226 0.007 0.535 0.070 0.009 0.003 0.008 0.009 
209      162    (0)   14 :  0.289 0.278 0.002 0.008 0.007 0.358 0.023 0.006 0.005 0.023 
210      163    (2)   14 :  0.007 0.344 0.004 0.004 0.174 0.349 0.100 0.009 0.003 0.007 
211      164    (0)   14 :  0.020 0.307 0.016 0.071 0.085 0.419 0.015 0.002 0.020 0.045 
212      165    (2)   14 :  0.006 0.385 0.019 0.008 0.169 0.395 0.003 0.004 0.005 0.007 
213      427    (0)   14 :  0.878 0.010 0.003 0.006 0.008 0.010 0.010 0.009 0.061 0.004 
214      428    (0)   14 :  0.938 0.007 0.002 0.009 0.004 0.007 0.017 0.003 0.004 0.009 
215      429    (0)   14 :  0.960 0.007 0.002 0.004 0.004 0.007 0.005 0.003 0.003 0.005 
216      430    (0)   14 :  0.042 0.245 0.007 0.042 0.104 0.219 0.158 0.002 0.004 0.175 
217      431    (0)   14 :  0.892 0.013 0.003 0.038 0.016 0.014 0.010 0.002 0.003 0.009 
218      435    (0)   14 :  0.971 0.004 0.001 0.003 0.004 0.003 0.003 0.002 0.002 0.007 
219      436    (0)   14 :  0.951 0.006 0.003 0.007 0.005 0.005 0.004 0.002 0.004 0.013 
220      437    (0)   14 :  0.837 0.018 0.003 0.063 0.020 0.018 0.005 0.002 0.005 0.030 
221      438    (0)   14 :  0.812 0.032 0.003 0.043 0.017 0.030 0.014 0.006 0.002 0.040 
222      439    (0)   14 :  0.505 0.099 0.002 0.014 0.176 0.097 0.021 0.006 0.004 0.075 
223      441    (0)   14 :  0.025 0.141 0.002 0.004 0.002 0.004 0.015 0.001 0.002 0.804 
224      442    (0)   14 :  0.765 0.013 0.002 0.007 0.004 0.013 0.011 0.005 0.171 0.008 
225      443    (4)   14 :  0.931 0.008 0.002 0.010 0.017 0.007 0.011 0.003 0.002 0.009 
226      444    (4)   14 :  0.949 0.006 0.005 0.006 0.004 0.007 0.005 0.005 0.010 0.002 
227      445    (2)   14 :  0.561 0.157 0.003 0.062 0.013 0.173 0.004 0.008 0.004 0.015 
228      446    (0)   14 :  0.964 0.005 0.003 0.003 0.005 0.005 0.006 0.003 0.005 0.003 
229      447    (0)   14 :  0.946 0.008 0.001 0.012 0.009 0.009 0.005 0.004 0.004 0.003 
230      449    (0)   14 :  0.970 0.003 0.001 0.005 0.003 0.003 0.003 0.002 0.005 0.004 
231      460    (0)   14 :  0.877 0.025 0.005 0.015 0.008 0.019 0.006 0.002 0.005 0.038 
232      461    (0)   14 :  0.497 0.064 0.006 0.037 0.255 0.066 0.052 0.002 0.008 0.014 
233      484    (0)   14 :  0.049 0.071 0.004 0.322 0.085 0.072 0.336 0.007 0.014 0.041 
234      485    (0)   14 :  0.957 0.007 0.002 0.004 0.009 0.007 0.003 0.001 0.004 0.006 
235      486    (0)   14 :  0.018 0.146 0.001 0.002 0.002 0.005 0.012 0.001 0.002 0.810 
236      487    (0)   14 :  0.776 0.067 0.003 0.006 0.032 0.063 0.015 0.003 0.010 0.026 
237      178    (0)   15 :  0.669 0.075 0.014 0.004 0.075 0.087 0.010 0.010 0.006 0.050 
238      422    (0)   15 :  0.953 0.005 0.001 0.009 0.012 0.005 0.005 0.003 0.003 0.004 
239      425    (0)   15 :  0.915 0.019 0.002 0.005 0.019 0.016 0.007 0.001 0.003 0.013 
240      426    (0)   15 :  0.067 0.149 0.028 0.004 0.099 0.152 0.364 0.108 0.022 0.006 
241      432    (0)   15 :  0.515 0.166 0.006 0.014 0.031 0.175 0.059 0.011 0.011 0.013 
242      434    (0)   15 :  0.960 0.004 0.002 0.006 0.005 0.004 0.006 0.003 0.005 0.005 
243      440    (0)   15 :  0.656 0.117 0.003 0.004 0.014 0.114 0.042 0.002 0.016 0.031 
244      448    (2)   15 :  0.927 0.005 0.002 0.015 0.008 0.006 0.010 0.002 0.018 0.007 
245      456    (0)   15 :  0.253 0.237 0.003 0.173 0.020 0.241 0.033 0.003 0.010 0.027 
246      457    (0)   15 :  0.683 0.084 0.003 0.027 0.020 0.088 0.024 0.006 0.005 0.061 
247      458    (0)   15 :  0.229 0.137 0.004 0.013 0.383 0.125 0.057 0.007 0.019 0.027 
248      459    (0)   15 :  0.926 0.012 0.004 0.007 0.015 0.012 0.012 0.003 0.004 0.005 
249      464    (0)   15 :  0.940 0.009 0.008 0.003 0.006 0.008 0.004 0.005 0.006 0.010 
250      465    (0)   15 :  0.885 0.015 0.003 0.004 0.048 0.012 0.005 0.001 0.002 0.026 
251      466    (0)   15 :  0.897 0.018 0.002 0.021 0.024 0.016 0.007 0.001 0.005 0.010 
252      470    (0)   15 :  0.905 0.008 0.003 0.003 0.007 0.006 0.007 0.002 0.004 0.055 
253      471    (0)   15 :  0.891 0.015 0.003 0.008 0.008 0.015 0.032 0.016 0.003 0.010 
254      483    (0)   15 :  0.874 0.020 0.010 0.005 0.037 0.019 0.015 0.003 0.012 0.005 
255      488    (0)   15 :  0.285 0.085 0.002 0.019 0.301 0.051 0.012 0.003 0.007 0.234 
256      495    (0)   15 :  0.935 0.007 0.003 0.012 0.017 0.007 0.008 0.001 0.002 0.007 
257      496    (0)   15 :  0.815 0.021 0.004 0.003 0.075 0.016 0.007 0.003 0.002 0.055 
258      497    (0)   15 :  0.891 0.015 0.005 0.008 0.006 0.019 0.003 0.003 0.027 0.023 
259      500    (0)   15 :  0.056 0.058 0.087 0.610 0.086 0.055 0.008 0.003 0.003 0.035 
260      879    (0)   15 :  0.924 0.010 0.005 0.004 0.011 0.010 0.014 0.003 0.013 0.005 
261      036    (0)   16 :  0.016 0.403 0.003 0.007 0.081 0.474 0.005 0.004 0.002 0.005 
262      063    (2)   16 :  0.029 0.389 0.003 0.015 0.093 0.389 0.041 0.003 0.014 0.025 
263      094    (4)   16 :  0.028 0.074 0.009 0.086 0.677 0.086 0.015 0.005 0.009 0.012 
264      103    (4)   16 :  0.006 0.392 0.011 0.006 0.167 0.390 0.004 0.002 0.005 0.015 
265      112    (0)   16 :  0.006 0.245 0.007 0.007 0.409 0.259 0.049 0.004 0.006 0.009 
266      114    (2)   16 :  0.037 0.325 0.003 0.005 0.242 0.364 0.005 0.002 0.004 0.013 
267      120    (0)   16 :  0.009 0.025 0.003 0.016 0.884 0.030 0.015 0.002 0.004 0.011 
268      127    (2)   16 :  0.008 0.271 0.007 0.008 0.130 0.239 0.148 0.003 0.007 0.178 
269      147    (0)   16 :  0.018 0.244 0.008 0.003 0.086 0.214 0.356 0.055 0.007 0.008 
270      166    (0)   16 :  0.037 0.314 0.056 0.006 0.100 0.351 0.088 0.023 0.015 0.009 
271      167    (0)   16 :  0.206 0.300 0.006 0.012 0.045 0.372 0.010 0.006 0.005 0.039 
272      168    (0)   16 :  0.014 0.364 0.013 0.005 0.026 0.563 0.004 0.003 0.004 0.004 
273      169    (2)   16 :  0.308 0.230 0.004 0.011 0.104 0.268 0.056 0.005 0.005 0.010 
274      170    (0)   16 :  0.012 0.336 0.037 0.029 0.180 0.320 0.023 0.005 0.038 0.021 
275      171    (2)   16 :  0.006 0.396 0.005 0.058 0.039 0.450 0.026 0.011 0.004 0.005 
276      172    (0)   16 :  0.010 0.022 0.004 0.016 0.890 0.026 0.014 0.011 0.004 0.005 
277      185    (0)   16 :  0.088 0.373 0.004 0.005 0.015 0.471 0.024 0.005 0.005 0.009 
278      199    (2)   16 :  0.006 0.317 0.010 0.006 0.020 0.379 0.007 0.005 0.226 0.024 
279      339    (0)   16 :  0.405 0.225 0.002 0.007 0.016 0.275 0.022 0.009 0.008 0.031 
280      355    (0)   16 :  0.004 0.403 0.029 0.003 0.014 0.443 0.010 0.012 0.077 0.005 
281      356    (0)   16 :  0.005 0.025 0.118 0.004 0.775 0.023 0.005 0.003 0.005 0.036 
282      357    (0)   16 :  0.010 0.332 0.006 0.008 0.207 0.344 0.020 0.013 0.017 0.043 
283      358    (0)   16 :  0.013 0.442 0.004 0.014 0.013 0.458 0.021 0.006 0.004 0.026 
284      359    (0)   16 :  0.008 0.322 0.004 0.005 0.304 0.316 0.023 0.002 0.009 0.008 
285      360    (0)   16 :  0.045 0.414 0.018 0.014 0.040 0.433 0.017 0.009 0.004 0.006 
286      361    (0)   16 :  0.055 0.018 0.002 0.005 0.874 0.022 0.013 0.002 0.003 0.006 
287      362    (0)   16 :  0.091 0.210 0.017 0.228 0.072 0.284 0.081 0.005 0.006 0.006 
288      363    (0)   16 :  0.016 0.076 0.008 0.006 0.037 0.076 0.704 0.014 0.050 0.013 
289      364    (0)   16 :  0.011 0.136 0.097 0.358 0.113 0.164 0.018 0.003 0.048 0.051 
290      365    (0)   16 :  0.088 0.365 0.064 0.025 0.061 0.361 0.006 0.008 0.003 0.018 
291      366    (0)   16 :  0.005 0.344 0.004 0.005 0.259 0.320 0.022 0.031 0.003 0.006 
292      367    (0)   16 :  0.007 0.406 0.002 0.014 0.018 0.509 0.006 0.009 0.003 0.028 
293      368    (0)   16 :  0.005 0.375 0.069 0.058 0.013 0.400 0.010 0.012 0.004 0.055 
294      369    (0)   16 :  0.004 0.450 0.014 0.003 0.017 0.492 0.008 0.004 0.004 0.004 
295      370    (0)   16 :  0.015 0.069 0.053 0.007 0.737 0.076 0.015 0.011 0.007 0.011 
296      371    (0)   16 :  0.010 0.428 0.002 0.017 0.015 0.510 0.005 0.003 0.006 0.004 
297      372    (0)   16 :  0.538 0.019 0.006 0.011 0.018 0.019 0.042 0.004 0.340 0.003 
298      373    (0)   16 :  0.052 0.231 0.107 0.008 0.288 0.271 0.006 0.003 0.029 0.005 
299      380    (0)   16 :  0.011 0.276 0.012 0.028 0.300 0.286 0.065 0.006 0.011 0.006 
300      388    (0)   16 :  0.008 0.133 0.046 0.014 0.580 0.147 0.037 0.007 0.020 0.006 
301      418    (0)   16 :  0.016 0.360 0.005 0.021 0.080 0.432 0.020 0.007 0.039 0.020 
302      419    (0)   16 :  0.031 0.392 0.006 0.007 0.055 0.478 0.008 0.006 0.003 0.015 
303      420    (0)   16 :  0.125 0.266 0.005 0.043 0.129 0.284 0.020 0.045 0.063 0.021 
304      409    (0)   17 :  0.020 0.373 0.004 0.013 0.139 0.431 0.008 0.002 0.004 0.008 
305      414    (0)   17 :  0.008 0.423 0.002 0.018 0.015 0.506 0.011 0.002 0.007 0.007 
306      415    (2)   17 :  0.007 0.415 0.012 0.007 0.079 0.412 0.013 0.003 0.014 0.037 
307      416    (0)   17 :  0.093 0.340 0.003 0.071 0.047 0.400 0.017 0.003 0.011 0.015 
308      571    (0)    2 :  0.016 0.007 0.002 0.916 0.005 0.006 0.024 0.003 0.003 0.018 
309      572    (0)    2 :  0.003 0.015 0.004 0.885 0.010 0.013 0.042 0.006 0.004 0.019 
310      573    (2)    2 :  0.005 0.007 0.001 0.965 0.004 0.006 0.003 0.001 0.003 0.006 
311      574    (0)    2 :  0.005 0.007 0.005 0.955 0.005 0.007 0.005 0.002 0.002 0.006 
312      575    (2)    2 :  0.008 0.010 0.004 0.871 0.007 0.011 0.068 0.009 0.006 0.007 
313      576    (0)    2 :  0.002 0.002 0.001 0.980 0.002 0.003 0.003 0.001 0.003 0.003 
314      577    (0)    2 :  0.006 0.005 0.001 0.957 0.004 0.005 0.006 0.002 0.006 0.008 
315      578    (0)    2 :  0.004 0.003 0.001 0.971 0.002 0.003 0.004 0.002 0.006 0.004 
316      579    (0)    2 :  0.009 0.003 0.001 0.970 0.003 0.003 0.004 0.002 0.003 0.003 
317      580    (0)    2 :  0.004 0.003 0.001 0.978 0.003 0.003 0.003 0.002 0.002 0.003 
318      581    (0)    2 :  0.004 0.003 0.001 0.978 0.002 0.002 0.002 0.002 0.002 0.002 
319      582    (4)    2 :  0.019 0.019 0.003 0.835 0.015 0.023 0.009 0.051 0.020 0.005 
320      583    (0)    2 :  0.027 0.127 0.002 0.537 0.057 0.132 0.059 0.010 0.018 0.031 
321      584    (0)    2 :  0.025 0.006 0.002 0.933 0.006 0.007 0.006 0.003 0.007 0.005 
322      585    (0)    2 :  0.007 0.004 0.001 0.963 0.003 0.004 0.006 0.002 0.002 0.009 
323      586    (2)    2 :  0.008 0.004 0.001 0.959 0.003 0.004 0.005 0.002 0.009 0.005 
324      587    (0)    2 :  0.003 0.002 0.001 0.979 0.003 0.002 0.003 0.002 0.002 0.003 
325      588    (0)    2 :  0.009 0.020 0.008 0.884 0.009 0.020 0.015 0.012 0.010 0.014 
326      589    (0)    2 :  0.021 0.025 0.006 0.811 0.012 0.030 0.062 0.005 0.021 0.007 
327      590    (0)    2 :  0.004 0.007 0.002 0.928 0.003 0.004 0.003 0.008 0.008 0.032 
328      001    (0)    3 :  0.002 0.004 0.976 0.003 0.003 0.004 0.002 0.003 0.001 0.002 
329      005    (0)    3 :  0.001 0.002 0.979 0.001 0.002 0.002 0.002 0.005 0.003 0.001 
330      106    (0)    3 :  0.002 0.003 0.976 0.004 0.003 0.003 0.003 0.002 0.002 0.002 
331      192    (0)    3 :  0.005 0.018 0.904 0.007 0.011 0.020 0.011 0.006 0.013 0.004 
332      229    (0)    3 :  0.005 0.005 0.914 0.004 0.006 0.005 0.010 0.042 0.004 0.005 
333      319    (0)    3 :  0.002 0.004 0.972 0.002 0.006 0.004 0.002 0.004 0.002 0.002 
334      327    (0)    3 :  0.002 0.002 0.977 0.003 0.004 0.002 0.002 0.002 0.003 0.002 
335      340    (0)    3 :  0.002 0.005 0.969 0.003 0.004 0.005 0.003 0.003 0.003 0.004 
336      345    (0)    3 :  0.003 0.005 0.954 0.004 0.008 0.005 0.005 0.010 0.002 0.004 
337      375    (0)    3 :  0.002 0.003 0.974 0.002 0.003 0.003 0.004 0.003 0.004 0.002 
338      501    (4)    3 :  0.003 0.003 0.973 0.002 0.004 0.003 0.004 0.003 0.002 0.005 
339      502    (0)    3 :  0.002 0.006 0.937 0.003 0.004 0.004 0.007 0.008 0.003 0.026 
340      503    (2)    3 :  0.001 0.002 0.977 0.004 0.002 0.002 0.002 0.002 0.002 0.004 
341      504    (0)    3 :  0.007 0.004 0.956 0.002 0.003 0.004 0.003 0.014 0.003 0.003 
342      505    (0)    3 :  0.002 0.008 0.899 0.007 0.010 0.009 0.008 0.049 0.004 0.005 
343      506    (2)    3 :  0.004 0.005 0.961 0.002 0.006 0.005 0.005 0.005 0.002 0.003 
344      507    (4)    3 :  0.002 0.003 0.973 0.002 0.003 0.003 0.004 0.003 0.002 0.003 
345      508    (0)    3 :  0.005 0.007 0.941 0.005 0.007 0.006 0.007 0.003 0.002 0.016 
346      509    (2)    3 :  0.002 0.003 0.976 0.002 0.003 0.003 0.003 0.003 0.003 0.003 
347      510    (2)    3 :  0.008 0.006 0.947 0.002 0.003 0.006 0.003 0.003 0.019 0.004 
348      511    (4)    3 :  0.003 0.003 0.977 0.002 0.002 0.003 0.002 0.002 0.002 0.004 
349      512    (4)    3 :  0.002 0.003 0.971 0.002 0.004 0.003 0.004 0.006 0.003 0.002 
350      513    (0)    3 :  0.003 0.003 0.957 0.002 0.003 0.003 0.003 0.007 0.018 0.002 
351      514    (0)    3 :  0.004 0.003 0.978 0.001 0.002 0.003 0.002 0.002 0.002 0.002 
352      515    (2)    3 :  0.002 0.002 0.978 0.002 0.002 0.002 0.002 0.004 0.003 0.003 
353      516    (2)    3 :  0.005 0.005 0.954 0.003 0.004 0.005 0.005 0.003 0.006 0.009 
354      517    (0)    3 :  0.005 0.002 0.979 0.001 0.002 0.002 0.002 0.004 0.002 0.002 
355      518    (0)    3 :  0.004 0.006 0.959 0.003 0.005 0.006 0.005 0.003 0.002 0.005 
356      519    (0)    3 :  0.002 0.003 0.976 0.003 0.003 0.003 0.002 0.002 0.003 0.003 
357      520    (2)    3 :  0.004 0.003 0.972 0.003 0.003 0.003 0.002 0.002 0.006 0.002 
358      521    (2)    3 :  0.002 0.002 0.975 0.003 0.003 0.002 0.002 0.006 0.003 0.002 
359      522    (0)    3 :  0.009 0.007 0.936 0.007 0.005 0.007 0.005 0.001 0.005 0.018 
360      523    (2)    3 :  0.005 0.006 0.956 0.005 0.007 0.007 0.005 0.003 0.002 0.005 
361      524    (0)    3 :  0.010 0.016 0.837 0.015 0.015 0.011 0.009 0.003 0.007 0.076 
362      525    (0)    3 :  0.002 0.003 0.980 0.002 0.002 0.003 0.002 0.001 0.003 0.003 
363      526    (2)    3 :  0.002 0.002 0.973 0.002 0.002 0.002 0.002 0.010 0.002 0.002 
364      527    (2)    4 :  0.008 0.007 0.005 0.924 0.004 0.006 0.006 0.005 0.008 0.027 
365      528    (4)    4 :  0.005 0.018 0.002 0.604 0.023 0.020 0.301 0.003 0.008 0.016 
366      529    (4)    4 :  0.017 0.010 0.002 0.868 0.009 0.010 0.065 0.008 0.004 0.008 
367      530    (0)    4 :  0.003 0.006 0.006 0.950 0.008 0.006 0.008 0.004 0.005 0.004 
368      531    (2)    4 :  0.004 0.005 0.003 0.949 0.006 0.005 0.016 0.004 0.004 0.004 
369      532    (4)    4 :  0.004 0.014 0.003 0.840 0.016 0.014 0.083 0.002 0.002 0.022 
370      533    (0)    4 :  0.022 0.049 0.011 0.784 0.042 0.059 0.017 0.003 0.003 0.011 
371      534    (2)    4 :  0.004 0.005 0.002 0.958 0.004 0.005 0.006 0.002 0.004 0.011 
372      535    (2)    4 :  0.009 0.011 0.002 0.919 0.010 0.012 0.023 0.005 0.002 0.008 
373      536    (2)    4 :  0.004 0.004 0.002 0.963 0.006 0.004 0.003 0.009 0.002 0.004 
374      537    (2)    4 :  0.007 0.005 0.002 0.955 0.004 0.005 0.005 0.002 0.012 0.004 
375      538    (2)    4 :  0.025 0.035 0.006 0.815 0.047 0.042 0.007 0.002 0.004 0.017 
376      539    (2)    4 :  0.003 0.004 0.001 0.937 0.003 0.005 0.006 0.002 0.002 0.037 
377      540    (2)    4 :  0.013 0.011 0.001 0.932 0.016 0.011 0.006 0.001 0.002 0.007 
378      541    (2)    4 :  0.019 0.006 0.003 0.908 0.009 0.006 0.033 0.002 0.003 0.011 
379      542    (2)    4 :  0.035 0.016 0.003 0.867 0.017 0.017 0.014 0.004 0.010 0.018 
380      543    (0)    4 :  0.052 0.058 0.004 0.745 0.029 0.072 0.013 0.002 0.015 0.011 
381      544    (2)    4 :  0.003 0.003 0.003 0.974 0.005 0.003 0.003 0.002 0.002 0.005 
382      545    (2)    4 :  0.010 0.050 0.002 0.614 0.016 0.056 0.015 0.002 0.002 0.232 
383      546    (4)    4 :  0.007 0.150 0.002 0.369 0.017 0.160 0.011 0.002 0.002 0.279 
384      547    (6)    4 :  0.014 0.037 0.005 0.786 0.027 0.041 0.009 0.014 0.037 0.030 
385      019    (0)    5 :  0.026 0.008 0.002 0.762 0.006 0.009 0.029 0.004 0.004 0.149 
386      064    (0)    5 :  0.003 0.003 0.001 0.800 0.003 0.003 0.004 0.002 0.004 0.177 
387      065    (0)    5 :  0.002 0.002 0.001 0.981 0.002 0.002 0.002 0.001 0.001 0.004 
388      066    (0)    5 :  0.015 0.011 0.003 0.812 0.012 0.011 0.008 0.002 0.003 0.123 
389      067    (0)    5 :  0.016 0.023 0.004 0.564 0.009 0.027 0.158 0.006 0.013 0.181 
390      068    (0)    5 :  0.007 0.009 0.002 0.908 0.007 0.007 0.012 0.002 0.022 0.025 
391      069    (0)    5 :  0.004 0.006 0.002 0.801 0.006 0.005 0.011 0.001 0.003 0.160 
392      107    (0)    5 :  0.009 0.006 0.001 0.857 0.003 0.006 0.009 0.002 0.003 0.104 
393      110    (0)    5 :  0.004 0.006 0.002 0.128 0.006 0.005 0.660 0.004 0.002 0.183 
394      121    (0)    5 :  0.004 0.003 0.001 0.966 0.003 0.003 0.009 0.001 0.003 0.006 
395      137    (0)    5 :  0.014 0.038 0.004 0.681 0.010 0.034 0.008 0.020 0.002 0.189 
396      146    (0)    5 :  0.005 0.011 0.005 0.803 0.048 0.013 0.008 0.003 0.002 0.101 
397      149    (0)    5 :  0.012 0.037 0.002 0.615 0.014 0.042 0.087 0.005 0.004 0.181 
398      154    (0)    5 :  0.006 0.008 0.004 0.797 0.005 0.008 0.007 0.002 0.035 0.130 
399      179    (0)    5 :  0.005 0.004 0.002 0.874 0.004 0.004 0.005 0.002 0.004 0.096 
400      181    (0)    5 :  0.003 0.005 0.002 0.817 0.005 0.005 0.009 0.003 0.002 0.148 
401      182    (0)    5 :  0.005 0.010 0.003 0.902 0.010 0.010 0.020 0.002 0.012 0.026 
402      186    (0)    5 :  0.009 0.018 0.010 0.533 0.020 0.019 0.238 0.006 0.003 0.143 
403      193    (0)    5 :  0.005 0.006 0.003 0.894 0.006 0.006 0.007 0.002 0.003 0.068 
404      320    (0)    5 :  0.005 0.009 0.002 0.755 0.013 0.009 0.024 0.003 0.008 0.171 
405      341    (0)    5 :  0.013 0.006 0.001 0.941 0.008 0.006 0.004 0.002 0.004 0.014 
406      376    (0)    5 :  0.004 0.007 0.025 0.895 0.009 0.007 0.018 0.003 0.003 0.029 
407      395    (0)    5 :  0.015 0.008 0.001 0.820 0.006 0.008 0.020 0.006 0.003 0.114 
408      396    (0)    5 :  0.002 0.003 0.002 0.975 0.003 0.002 0.002 0.003 0.001 0.007 
409      397    (0)    5 :  0.003 0.004 0.001 0.958 0.003 0.004 0.004 0.008 0.006 0.010 
410      398    (0)    5 :  0.003 0.004 0.002 0.898 0.006 0.004 0.012 0.004 0.003 0.063 
411      399    (0)    5 :  0.003 0.005 0.002 0.959 0.006 0.004 0.009 0.002 0.003 0.006 
412      400    (0)    5 :  0.003 0.012 0.002 0.576 0.019 0.011 0.191 0.002 0.002 0.181 
413      401    (0)    5 :  0.005 0.015 0.004 0.772 0.011 0.015 0.010 0.003 0.003 0.164 
414      402    (0)    5 :  0.003 0.029 0.014 0.376 0.010 0.026 0.275 0.005 0.006 0.253 
415      403    (0)    5 :  0.011 0.007 0.003 0.845 0.020 0.007 0.023 0.010 0.003 0.071 
416      073    (0)    6 :  0.006 0.004 0.002 0.967 0.004 0.004 0.005 0.002 0.002 0.003 
417      074    (0)    6 :  0.005 0.007 0.007 0.960 0.004 0.007 0.002 0.002 0.005 0.002 
418      075    (0)    6 :  0.005 0.004 0.002 0.960 0.007 0.005 0.005 0.003 0.004 0.005 
419      076    (0)    6 :  0.005 0.005 0.004 0.950 0.005 0.005 0.010 0.005 0.006 0.005 
420      077    (0)    6 :  0.010 0.006 0.001 0.948 0.005 0.007 0.005 0.003 0.008 0.008 
421      078    (0)    6 :  0.008 0.021 0.002 0.900 0.024 0.024 0.006 0.005 0.005 0.006 
422      079    (0)    6 :  0.006 0.014 0.002 0.932 0.007 0.014 0.008 0.001 0.003 0.013 
423      080    (0)    6 :  0.003 0.006 0.003 0.941 0.004 0.006 0.011 0.002 0.019 0.006 
424      081    (0)    6 :  0.022 0.007 0.004 0.924 0.005 0.007 0.007 0.013 0.003 0.008 
425      082    (0)    6 :  0.002 0.003 0.001 0.972 0.003 0.003 0.005 0.002 0.003 0.006 
426      083    (0)    6 :  0.004 0.006 0.001 0.963 0.004 0.006 0.005 0.002 0.002 0.008 
427      084    (0)    6 :  0.008 0.004 0.003 0.965 0.003 0.004 0.003 0.004 0.002 0.004 
428      085    (0)    6 :  0.045 0.014 0.002 0.862 0.014 0.011 0.008 0.014 0.003 0.027 
429      404    (0)    6 :  0.004 0.003 0.001 0.972 0.003 0.003 0.004 0.002 0.002 0.004 
430      405    (0)    6 :  0.008 0.004 0.002 0.962 0.004 0.004 0.004 0.008 0.002 0.003 
431      406    (0)    6 :  0.003 0.008 0.005 0.947 0.006 0.009 0.006 0.007 0.004 0.006 
432      407    (0)    6 :  0.006 0.004 0.001 0.958 0.004 0.004 0.003 0.003 0.003 0.015 
433      408    (0)    6 :  0.005 0.004 0.001 0.968 0.004 0.004 0.003 0.001 0.006 0.003 
434      411    (2)    6 :  0.004 0.003 0.001 0.977 0.002 0.003 0.002 0.002 0.003 0.003 
435      412    (0)    6 :  0.013 0.007 0.025 0.911 0.006 0.007 0.011 0.005 0.007 0.009 
436      413    (0)    6 :  0.004 0.004 0.001 0.973 0.004 0.004 0.002 0.002 0.002 0.004 
437      591    (0)    7 :  0.010 0.006 0.014 0.004 0.006 0.006 0.939 0.007 0.004 0.005 
438      592    (0)    7 :  0.103 0.008 0.003 0.010 0.019 0.009 0.833 0.002 0.006 0.006 
439      593    (0)    7 :  0.006 0.006 0.002 0.009 0.007 0.007 0.951 0.006 0.002 0.005 
440      594    (0)    7 :  0.038 0.023 0.003 0.039 0.035 0.022 0.818 0.005 0.012 0.005 
441      595    (0)    7 :  0.005 0.013 0.004 0.010 0.005 0.014 0.928 0.004 0.009 0.007 
442      596    (0)    7 :  0.005 0.007 0.002 0.006 0.007 0.007 0.927 0.007 0.027 0.006 
443      597    (0)    7 :  0.011 0.006 0.001 0.028 0.007 0.007 0.926 0.002 0.005 0.007 
444      598    (0)    7 :  0.015 0.024 0.002 0.006 0.059 0.025 0.823 0.002 0.023 0.022 
445      599    (0)    7 :  0.195 0.008 0.003 0.005 0.004 0.007 0.763 0.006 0.003 0.005 
446      600    (0)    7 :  0.003 0.006 0.002 0.004 0.005 0.005 0.953 0.004 0.012 0.005 
447      601    (0)    7 :  0.027 0.015 0.002 0.020 0.009 0.014 0.897 0.002 0.002 0.011 
448      602    (0)    7 :  0.010 0.012 0.003 0.008 0.005 0.011 0.932 0.004 0.005 0.010 
449      603    (0)    7 :  0.699 0.058 0.003 0.008 0.010 0.065 0.116 0.008 0.009 0.024 
450      604    (0)    7 :  0.004 0.011 0.003 0.008 0.013 0.012 0.932 0.002 0.007 0.007 
451      605    (0)    7 :  0.009 0.019 0.018 0.008 0.074 0.020 0.818 0.004 0.024 0.005 
452      606    (0)    7 :  0.012 0.008 0.004 0.004 0.017 0.008 0.917 0.020 0.007 0.003 
453      607    (0)    7 :  0.003 0.012 0.003 0.009 0.007 0.005 0.838 0.003 0.009 0.113 
454      608    (0)    7 :  0.009 0.006 0.001 0.005 0.006 0.005 0.947 0.002 0.003 0.014 
455      609    (0)    7 :  0.005 0.009 0.002 0.004 0.008 0.008 0.946 0.004 0.003 0.010 
456      610    (0)    7 :  0.030 0.146 0.004 0.021 0.037 0.136 0.553 0.003 0.010 0.059 
457      611    (2)    7 :  0.004 0.009 0.002 0.013 0.007 0.008 0.928 0.003 0.007 0.020 
458      612    (0)    7 :  0.007 0.019 0.004 0.010 0.007 0.013 0.808 0.002 0.029 0.100 
459      755    (0)    7 :  0.014 0.083 0.026 0.021 0.020 0.043 0.509 0.002 0.048 0.233 
460      756    (0)    7 :  0.011 0.007 0.002 0.012 0.008 0.006 0.935 0.003 0.003 0.012 
461      757    (0)    7 :  0.008 0.008 0.003 0.007 0.012 0.008 0.940 0.002 0.005 0.006 
462      002    (0)    8 :  0.004 0.006 0.004 0.900 0.007 0.006 0.007 0.003 0.001 0.063 
463      099    (2)    8 :  0.057 0.038 0.759 0.006 0.019 0.039 0.011 0.004 0.055 0.012 
464      641    (2)    8 :  0.011 0.104 0.026 0.469 0.074 0.096 0.097 0.019 0.004 0.101 
465      642    (0)    8 :  0.012 0.007 0.003 0.936 0.010 0.006 0.015 0.003 0.003 0.005 
466      643    (2)    8 :  0.021 0.010 0.004 0.883 0.039 0.010 0.022 0.003 0.003 0.006 
467      644    (0)    8 :  0.013 0.006 0.003 0.935 0.012 0.006 0.005 0.003 0.008 0.009 
468      645    (0)    8 :  0.018 0.037 0.002 0.564 0.189 0.025 0.032 0.041 0.003 0.088 
469      646    (0)    8 :  0.008 0.107 0.006 0.293 0.124 0.058 0.015 0.009 0.008 0.372 
470      006    (0)    9 :  0.008 0.030 0.009 0.881 0.011 0.028 0.007 0.003 0.003 0.020 
471      011    (0)    9 :  0.003 0.003 0.001 0.977 0.003 0.003 0.003 0.002 0.003 0.002 
472      033    (2)    9 :  0.009 0.007 0.002 0.939 0.009 0.007 0.012 0.006 0.003 0.007 
473      048    (0)    9 :  0.225 0.014 0.002 0.700 0.007 0.015 0.016 0.007 0.005 0.008 
474      061    (0)    9 :  0.018 0.062 0.004 0.746 0.045 0.074 0.011 0.027 0.003 0.010 
475      088    (0)    9 :  0.013 0.009 0.003 0.925 0.010 0.009 0.013 0.005 0.007 0.006 
476      091    (0)    9 :  0.005 0.011 0.002 0.944 0.006 0.012 0.006 0.002 0.003 0.007 
477      098    (0)    9 :  0.015 0.004 0.001 0.937 0.004 0.004 0.016 0.008 0.003 0.007 
478      104    (0)    9 :  0.004 0.002 0.001 0.973 0.002 0.002 0.002 0.002 0.002 0.008 
479      196    (0)    9 :  0.007 0.008 0.002 0.926 0.008 0.009 0.013 0.016 0.005 0.005 
480      197    (0)    9 :  0.014 0.028 0.003 0.866 0.013 0.033 0.011 0.008 0.013 0.010 
481      201    (0)    9 :  0.005 0.005 0.002 0.965 0.007 0.006 0.004 0.001 0.001 0.003 
482      202    (0)    9 :  0.018 0.011 0.008 0.896 0.009 0.012 0.005 0.023 0.014 0.004 
483      204    (0)    9 :  0.007 0.004 0.001 0.961 0.006 0.004 0.003 0.004 0.002 0.008 
484      231    (0)    9 :  0.009 0.004 0.001 0.951 0.004 0.004 0.007 0.001 0.003 0.015 
485      328    (0)    9 :  0.005 0.004 0.001 0.966 0.005 0.004 0.005 0.005 0.002 0.003 
486      346    (0)    9 :  0.004 0.004 0.002 0.962 0.004 0.004 0.007 0.003 0.006 0.003 


Estimated Allele Frequencies in each cluster
First column gives estimated ancestral frequencies


Locus 1 : 1 
4 alleles
0.0% missing data
  89   (0.530) 0.559 0.555 0.299 0.593 0.517 0.549 0.535 0.066 0.638 0.553 
  91   (0.385) 0.376 0.372 0.662 0.342 0.428 0.370 0.441 0.706 0.312 0.408 
  93   (0.068) 0.044 0.058 0.038 0.064 0.049 0.066 0.021 0.099 0.048 0.036 
  99   (0.018) 0.021 0.014 0.001 0.000 0.006 0.015 0.003 0.129 0.001 0.004 

Locus 2 : 2 
6 alleles
1.0% missing data
 136   (0.355) 0.071 0.347 0.449 0.545 0.496 0.358 0.434 0.191 0.455 0.281 
 134   (0.232) 0.255 0.229 0.197 0.152 0.206 0.209 0.372 0.027 0.378 0.435 
 138   (0.298) 0.517 0.304 0.222 0.241 0.217 0.311 0.160 0.769 0.160 0.221 
 140   (0.068) 0.043 0.069 0.121 0.061 0.053 0.070 0.019 0.008 0.004 0.025 
 132   (0.020) 0.003 0.030 0.001 0.000 0.007 0.035 0.003 0.002 0.001 0.004 
 142   (0.026) 0.112 0.020 0.011 0.001 0.022 0.017 0.013 0.003 0.002 0.033 

Locus 3 : 3 
6 alleles
0.0% missing data
 181   (0.252) 0.351 0.247 0.076 0.209 0.184 0.247 0.389 0.179 0.072 0.204 
 187   (0.348) 0.192 0.354 0.347 0.525 0.351 0.359 0.195 0.775 0.263 0.348 
 179   (0.237) 0.224 0.247 0.057 0.245 0.292 0.245 0.379 0.028 0.015 0.319 
 191   (0.034) 0.007 0.031 0.010 0.019 0.014 0.034 0.006 0.004 0.197 0.008 
 185   (0.079) 0.092 0.081 0.278 0.002 0.065 0.076 0.022 0.008 0.450 0.090 
 175   (0.049) 0.134 0.041 0.232 0.001 0.094 0.040 0.009 0.005 0.003 0.030 

Locus 4 : 4 
12 alleles
0.2% missing data
 253   (0.487) 0.530 0.514 0.177 0.721 0.513 0.515 0.566 0.595 0.466 0.470 
 249   (0.026) 0.003 0.024 0.065 0.068 0.011 0.026 0.004 0.003 0.002 0.009 
 271   (0.041) 0.008 0.038 0.109 0.031 0.035 0.038 0.010 0.005 0.003 0.029 
 241   (0.159) 0.134 0.146 0.520 0.052 0.174 0.142 0.196 0.182 0.149 0.240 
 257   (0.006) 0.001 0.004 0.000 0.000 0.005 0.004 0.001 0.001 0.000 0.002 
 269   (0.170) 0.263 0.170 0.034 0.126 0.161 0.168 0.173 0.202 0.103 0.214 
 247   (0.068) 0.053 0.075 0.028 0.001 0.059 0.077 0.038 0.007 0.275 0.022 
 245   (0.010) 0.001 0.007 0.064 0.000 0.003 0.007 0.002 0.001 0.001 0.002 
 239   (0.011) 0.001 0.008 0.001 0.000 0.018 0.008 0.004 0.001 0.001 0.002 
 273   (0.008) 0.001 0.005 0.001 0.000 0.017 0.005 0.001 0.001 0.001 0.002 
 267   (0.007) 0.001 0.005 0.000 0.000 0.002 0.005 0.001 0.001 0.000 0.007 
 255   (0.007) 0.005 0.004 0.000 0.000 0.002 0.004 0.003 0.001 0.000 0.002 

Locus 5 : 5 
6 alleles
0.6% missing data
 103   (0.836) 0.950 0.831 0.738 0.990 0.839 0.826 0.920 0.980 0.977 0.939 
 104   (0.072) 0.030 0.078 0.073 0.008 0.071 0.081 0.029 0.009 0.005 0.037 
 101   (0.010) 0.001 0.007 0.001 0.000 0.004 0.007 0.003 0.001 0.013 0.006 
 105   (0.050) 0.015 0.053 0.163 0.001 0.064 0.055 0.039 0.006 0.003 0.012 
 102   (0.016) 0.002 0.017 0.001 0.000 0.012 0.017 0.006 0.003 0.001 0.003 
 107   (0.016) 0.002 0.013 0.025 0.000 0.010 0.014 0.003 0.002 0.001 0.003 

Locus 6 : 6 
5 alleles
0.2% missing data
 141   (0.266) 0.234 0.287 0.119 0.567 0.215 0.258 0.291 0.031 0.138 0.598 
 145   (0.409) 0.565 0.423 0.025 0.176 0.504 0.443 0.419 0.410 0.264 0.143 
 135   (0.233) 0.188 0.215 0.628 0.205 0.203 0.222 0.144 0.548 0.287 0.186 
 147   (0.080) 0.011 0.067 0.127 0.051 0.066 0.069 0.144 0.010 0.311 0.071 
 137   (0.013) 0.002 0.007 0.100 0.000 0.013 0.008 0.002 0.001 0.001 0.002 

Locus 7 : 7 
10 alleles
1.2% missing data
  93   (0.218) 0.295 0.200 0.119 0.356 0.254 0.195 0.210 0.792 0.070 0.323 
 103   (0.299) 0.349 0.313 0.018 0.370 0.319 0.320 0.516 0.040 0.510 0.207 
  91   (0.072) 0.036 0.067 0.061 0.029 0.057 0.065 0.051 0.011 0.155 0.037 
  97   (0.199) 0.143 0.210 0.263 0.158 0.123 0.216 0.151 0.130 0.253 0.167 
  85   (0.047) 0.038 0.045 0.003 0.039 0.043 0.047 0.018 0.006 0.003 0.011 
  89   (0.078) 0.094 0.078 0.296 0.046 0.079 0.064 0.040 0.011 0.005 0.237 
  83   (0.052) 0.041 0.059 0.003 0.001 0.113 0.063 0.009 0.006 0.003 0.011 
 105   (0.015) 0.002 0.013 0.089 0.000 0.005 0.015 0.002 0.002 0.001 0.003 
 101   (0.010) 0.001 0.007 0.123 0.000 0.004 0.007 0.002 0.001 0.001 0.002 
  99   (0.010) 0.001 0.007 0.025 0.000 0.003 0.008 0.002 0.001 0.001 0.002 

Locus 8 : 8 
8 alleles
0.0% missing data
 129   (0.553) 0.701 0.571 0.311 0.682 0.614 0.577 0.404 0.205 0.639 0.553 
 141   (0.051) 0.020 0.044 0.003 0.099 0.025 0.045 0.092 0.006 0.210 0.036 
 149   (0.078) 0.067 0.083 0.297 0.125 0.061 0.070 0.020 0.008 0.013 0.170 
 143   (0.261) 0.200 0.253 0.296 0.093 0.260 0.258 0.474 0.693 0.133 0.214 
 127   (0.020) 0.002 0.018 0.092 0.000 0.007 0.018 0.003 0.045 0.001 0.004 
 131   (0.013) 0.007 0.009 0.001 0.000 0.004 0.009 0.002 0.041 0.002 0.002 
 133   (0.018) 0.003 0.018 0.001 0.000 0.024 0.018 0.003 0.002 0.001 0.020 
 145   (0.007) 0.001 0.004 0.000 0.000 0.006 0.005 0.001 0.001 0.000 0.001 

Locus 9 : 9 
5 alleles
0.0% missing data
 191   (0.394) 0.320 0.400 0.343 0.575 0.338 0.403 0.474 0.341 0.542 0.419 
 195   (0.143) 0.291 0.114 0.326 0.164 0.129 0.121 0.224 0.351 0.053 0.045 
 189   (0.449) 0.387 0.479 0.330 0.259 0.521 0.469 0.300 0.306 0.404 0.533 
 197   (0.007) 0.001 0.004 0.000 0.000 0.010 0.004 0.001 0.001 0.000 0.001 
 193   (0.007) 0.001 0.004 0.000 0.002 0.002 0.004 0.001 0.001 0.000 0.002 

Locus 10 : 10 
7 alleles
0.4% missing data
 232   (0.250) 0.168 0.254 0.130 0.309 0.281 0.272 0.172 0.222 0.278 0.126 
 238   (0.557) 0.752 0.583 0.743 0.552 0.526 0.557 0.645 0.369 0.347 0.772 
 252   (0.101) 0.069 0.086 0.016 0.124 0.136 0.088 0.137 0.016 0.035 0.085 
 254   (0.051) 0.006 0.041 0.081 0.014 0.035 0.044 0.039 0.388 0.257 0.009 
 248   (0.019) 0.002 0.018 0.001 0.000 0.012 0.019 0.003 0.002 0.081 0.003 
 250   (0.015) 0.002 0.014 0.029 0.000 0.006 0.015 0.002 0.002 0.001 0.002 
 236   (0.007) 0.001 0.005 0.000 0.000 0.004 0.005 0.002 0.001 0.001 0.001 

Locus 11 : 11 
4 alleles
0.0% missing data
  87   (0.695) 0.838 0.717 0.501 0.620 0.674 0.705 0.651 0.964 0.537 0.817 
  89   (0.238) 0.135 0.234 0.155 0.322 0.236 0.245 0.336 0.028 0.383 0.141 
  91   (0.049) 0.024 0.034 0.179 0.058 0.075 0.036 0.010 0.005 0.080 0.022 
  85   (0.018) 0.002 0.014 0.165 0.000 0.015 0.014 0.003 0.002 0.001 0.020 

Locus 12 : 12 
13 alleles
0.4% missing data
 160   (0.221) 0.252 0.224 0.422 0.118 0.199 0.220 0.077 0.593 0.714 0.265 
 162   (0.242) 0.265 0.255 0.015 0.223 0.263 0.248 0.448 0.070 0.233 0.320 
 147   (0.045) 0.037 0.040 0.003 0.145 0.019 0.043 0.105 0.005 0.003 0.075 
 158   (0.227) 0.192 0.237 0.099 0.481 0.256 0.241 0.187 0.028 0.024 0.158 
 161   (0.105) 0.122 0.084 0.270 0.023 0.131 0.086 0.147 0.117 0.017 0.033 
 170   (0.053) 0.038 0.054 0.029 0.007 0.065 0.057 0.010 0.006 0.004 0.017 
 143   (0.034) 0.004 0.032 0.157 0.001 0.032 0.036 0.006 0.173 0.002 0.008 
 154   (0.017) 0.002 0.022 0.001 0.000 0.008 0.023 0.008 0.002 0.001 0.007 
 149   (0.021) 0.062 0.027 0.001 0.000 0.007 0.018 0.006 0.002 0.001 0.108 
 153   (0.012) 0.001 0.011 0.001 0.000 0.009 0.013 0.003 0.001 0.001 0.002 
 150   (0.007) 0.008 0.004 0.000 0.000 0.002 0.004 0.001 0.001 0.000 0.001 
 159   (0.009) 0.016 0.006 0.001 0.000 0.007 0.006 0.002 0.001 0.001 0.004 
 164   (0.007) 0.001 0.005 0.000 0.000 0.002 0.006 0.001 0.001 0.000 0.001 

Locus 13 : 13 
5 alleles
0.0% missing data
 108   (0.200) 0.112 0.186 0.293 0.171 0.258 0.196 0.178 0.334 0.199 0.073 
 115   (0.442) 0.531 0.450 0.381 0.556 0.471 0.442 0.467 0.093 0.290 0.495 
 113   (0.344) 0.356 0.354 0.325 0.273 0.264 0.351 0.353 0.571 0.510 0.431 
 109   (0.007) 0.001 0.005 0.000 0.000 0.003 0.006 0.001 0.001 0.000 0.001 
 110   (0.007) 0.001 0.005 0.000 0.000 0.004 0.005 0.001 0.001 0.000 0.001 

Locus 14 : 14 
5 alleles
1.2% missing data
 227   (0.132) 0.335 0.133 0.008 0.258 0.095 0.140 0.051 0.254 0.019 0.118 
 231   (0.161) 0.024 0.153 0.350 0.089 0.137 0.164 0.435 0.269 0.347 0.060 
 229   (0.502) 0.498 0.528 0.473 0.480 0.638 0.502 0.300 0.099 0.420 0.716 
 225   (0.144) 0.097 0.136 0.062 0.077 0.104 0.137 0.148 0.227 0.210 0.078 
 233   (0.061) 0.045 0.051 0.107 0.095 0.026 0.056 0.067 0.151 0.004 0.028 

Locus 15 : 15 
5 alleles
0.4% missing data
 143   (0.835) 0.864 0.846 0.626 0.971 0.874 0.844 0.871 0.723 0.819 0.937 
 157   (0.008) 0.001 0.004 0.000 0.015 0.002 0.004 0.001 0.001 0.000 0.001 
 145   (0.091) 0.066 0.088 0.180 0.012 0.065 0.087 0.116 0.269 0.006 0.049 
 147   (0.050) 0.067 0.051 0.192 0.001 0.031 0.053 0.009 0.006 0.143 0.010 
 133   (0.016) 0.002 0.012 0.001 0.000 0.028 0.012 0.003 0.002 0.031 0.003 

Locus 16 : 16 
5 alleles
0.2% missing data
 156   (0.229) 0.215 0.194 0.163 0.272 0.352 0.202 0.295 0.512 0.496 0.083 
 158   (0.534) 0.647 0.561 0.321 0.517 0.494 0.560 0.509 0.257 0.205 0.587 
 160   (0.135) 0.108 0.146 0.119 0.172 0.092 0.133 0.140 0.016 0.114 0.299 
 154   (0.093) 0.019 0.093 0.397 0.039 0.057 0.100 0.054 0.215 0.185 0.025 
 152   (0.009) 0.010 0.005 0.001 0.000 0.005 0.005 0.001 0.001 0.001 0.005 

Locus 17 : 17 
5 alleles
0.0% missing data
 102   (0.203) 0.194 0.218 0.043 0.231 0.142 0.204 0.184 0.025 0.200 0.355 
  90   (0.670) 0.779 0.630 0.331 0.726 0.767 0.653 0.789 0.581 0.792 0.480 
  88   (0.071) 0.010 0.092 0.457 0.042 0.043 0.084 0.014 0.008 0.005 0.152 
 100   (0.048) 0.010 0.056 0.169 0.001 0.046 0.056 0.011 0.385 0.003 0.011 
 104   (0.007) 0.007 0.004 0.000 0.000 0.002 0.004 0.001 0.001 0.000 0.002 

Locus 18 : 18 
7 alleles
0.0% missing data
 142   (0.120) 0.088 0.124 0.023 0.429 0.155 0.133 0.026 0.015 0.008 0.157 
 146   (0.081) 0.077 0.074 0.005 0.164 0.093 0.067 0.075 0.009 0.225 0.110 
 140   (0.295) 0.269 0.310 0.299 0.121 0.243 0.301 0.504 0.277 0.181 0.351 
 127   (0.300) 0.308 0.303 0.383 0.214 0.371 0.314 0.227 0.548 0.063 0.167 
 148   (0.096) 0.063 0.096 0.067 0.052 0.044 0.090 0.119 0.011 0.215 0.158 
 150   (0.055) 0.156 0.046 0.220 0.001 0.049 0.046 0.013 0.006 0.305 0.037 
 138   (0.053) 0.040 0.046 0.003 0.019 0.044 0.048 0.036 0.134 0.004 0.020 

Locus 19 : 19 
8 alleles
0.2% missing data
 188   (0.175) 0.168 0.190 0.011 0.132 0.191 0.200 0.078 0.019 0.170 0.077 
 190   (0.119) 0.185 0.105 0.043 0.381 0.091 0.093 0.240 0.012 0.201 0.262 
 194   (0.575) 0.545 0.568 0.555 0.484 0.607 0.590 0.595 0.955 0.481 0.356 
 202   (0.018) 0.002 0.012 0.042 0.000 0.010 0.013 0.004 0.002 0.141 0.003 
 200   (0.091) 0.098 0.112 0.311 0.002 0.088 0.091 0.074 0.009 0.006 0.299 
 192   (0.007) 0.001 0.005 0.000 0.000 0.003 0.005 0.007 0.001 0.000 0.001 
 196   (0.007) 0.001 0.004 0.001 0.000 0.008 0.004 0.001 0.001 0.000 0.001 
 198   (0.007) 0.001 0.004 0.037 0.000 0.002 0.004 0.001 0.001 0.000 0.001 

Locus 20 : 20 
6 alleles
0.8% missing data
 252   (0.682) 0.763 0.717 0.082 0.839 0.796 0.717 0.701 0.388 0.728 0.703 
 250   (0.087) 0.067 0.076 0.423 0.090 0.035 0.076 0.072 0.343 0.140 0.084 
 244   (0.023) 0.008 0.015 0.048 0.014 0.012 0.016 0.008 0.005 0.001 0.005 
 254   (0.079) 0.106 0.060 0.239 0.029 0.071 0.062 0.052 0.101 0.080 0.021 
 246   (0.104) 0.052 0.101 0.207 0.019 0.069 0.096 0.163 0.160 0.049 0.183 
 248   (0.026) 0.004 0.031 0.002 0.009 0.016 0.033 0.004 0.003 0.002 0.005 

Locus 21 : 21 
7 alleles
0.2% missing data
 173   (0.285) 0.549 0.248 0.211 0.337 0.338 0.264 0.315 0.122 0.214 0.142 
 177   (0.262) 0.240 0.306 0.045 0.313 0.223 0.286 0.117 0.275 0.171 0.522 
 175   (0.146) 0.073 0.128 0.492 0.027 0.125 0.131 0.298 0.476 0.254 0.039 
 167   (0.193) 0.117 0.184 0.072 0.316 0.247 0.193 0.140 0.114 0.123 0.113 
 163   (0.041) 0.010 0.035 0.106 0.002 0.033 0.038 0.016 0.004 0.223 0.009 
 165   (0.052) 0.007 0.066 0.071 0.004 0.027 0.052 0.111 0.006 0.014 0.170 
 159   (0.021) 0.003 0.033 0.001 0.000 0.007 0.037 0.004 0.002 0.001 0.004 

Locus 22 : 22 
11 alleles
0.6% missing data
 146   (0.224) 0.306 0.238 0.014 0.262 0.237 0.235 0.160 0.075 0.142 0.258 
 154   (0.007) 0.001 0.004 0.000 0.057 0.002 0.004 0.001 0.001 0.000 0.001 
 166   (0.093) 0.033 0.111 0.006 0.051 0.053 0.115 0.099 0.115 0.006 0.085 
 152   (0.411) 0.588 0.404 0.108 0.595 0.509 0.391 0.494 0.504 0.371 0.549 
 150   (0.033) 0.008 0.031 0.102 0.008 0.014 0.033 0.006 0.106 0.002 0.011 
 164   (0.035) 0.005 0.027 0.068 0.012 0.027 0.027 0.057 0.005 0.002 0.016 
 156   (0.020) 0.013 0.013 0.112 0.000 0.006 0.013 0.005 0.002 0.295 0.004 
 162   (0.055) 0.015 0.056 0.136 0.001 0.044 0.059 0.056 0.007 0.071 0.021 
 158   (0.095) 0.020 0.098 0.424 0.013 0.097 0.101 0.119 0.011 0.108 0.050 
 148   (0.009) 0.001 0.006 0.001 0.000 0.004 0.006 0.001 0.173 0.001 0.001 
 142   (0.017) 0.012 0.013 0.029 0.000 0.006 0.015 0.003 0.002 0.001 0.003 

Locus 23 : 23 
7 alleles
0.8% missing data
 152   (0.010) 0.001 0.006 0.001 0.062 0.003 0.006 0.002 0.001 0.001 0.017 
 156   (0.126) 0.042 0.120 0.424 0.039 0.212 0.126 0.113 0.015 0.033 0.047 
 144   (0.175) 0.267 0.151 0.242 0.174 0.129 0.160 0.181 0.596 0.629 0.076 
 160   (0.103) 0.099 0.108 0.014 0.181 0.060 0.093 0.168 0.012 0.105 0.295 
 154   (0.547) 0.586 0.575 0.182 0.539 0.577 0.575 0.518 0.370 0.230 0.548 
 158   (0.030) 0.004 0.032 0.137 0.005 0.012 0.031 0.015 0.004 0.002 0.015 
 146   (0.009) 0.001 0.007 0.000 0.000 0.007 0.007 0.002 0.002 0.000 0.001 

Locus 24 : 24 
4 alleles
0.4% missing data
  77   (0.080) 0.071 0.067 0.005 0.275 0.104 0.063 0.074 0.009 0.051 0.076 
  83   (0.472) 0.421 0.474 0.585 0.485 0.387 0.466 0.579 0.685 0.918 0.607 
  81   (0.366) 0.409 0.386 0.380 0.215 0.378 0.395 0.290 0.297 0.025 0.292 
  85   (0.083) 0.099 0.073 0.030 0.024 0.131 0.075 0.057 0.009 0.006 0.025 

Locus 25 : 25 
6 alleles
0.4% missing data
 132   (0.307) 0.341 0.318 0.022 0.506 0.255 0.327 0.419 0.184 0.455 0.192 
 124   (0.536) 0.522 0.540 0.471 0.425 0.658 0.528 0.462 0.414 0.535 0.726 
 126   (0.023) 0.003 0.019 0.012 0.051 0.010 0.020 0.005 0.003 0.001 0.007 
 122   (0.099) 0.130 0.095 0.470 0.017 0.059 0.095 0.094 0.111 0.006 0.067 
 120   (0.020) 0.002 0.015 0.023 0.000 0.012 0.016 0.005 0.287 0.001 0.003 
 136   (0.015) 0.002 0.013 0.002 0.001 0.006 0.014 0.015 0.002 0.001 0.005 

Locus 26 : 26 
7 alleles
0.2% missing data
 165   (0.244) 0.281 0.239 0.121 0.145 0.223 0.239 0.342 0.327 0.058 0.187 
 183   (0.354) 0.304 0.366 0.215 0.549 0.320 0.358 0.449 0.296 0.426 0.469 
 179   (0.090) 0.065 0.082 0.276 0.060 0.091 0.083 0.023 0.337 0.006 0.082 
 175   (0.238) 0.342 0.248 0.016 0.244 0.235 0.249 0.156 0.031 0.446 0.249 
 181   (0.056) 0.007 0.054 0.258 0.001 0.124 0.058 0.027 0.007 0.063 0.010 
 185   (0.011) 0.001 0.007 0.113 0.000 0.005 0.007 0.002 0.001 0.001 0.002 
 157   (0.007) 0.001 0.005 0.000 0.000 0.002 0.006 0.001 0.001 0.000 0.001 

Locus 27 : 27 
4 alleles
0.2% missing data
 142   (0.643) 0.777 0.660 0.522 0.680 0.595 0.662 0.646 0.313 0.742 0.664 
 148   (0.204) 0.098 0.194 0.263 0.098 0.234 0.203 0.277 0.670 0.068 0.086 
 138   (0.041) 0.021 0.032 0.054 0.211 0.019 0.032 0.025 0.005 0.003 0.060 
 150   (0.112) 0.104 0.113 0.161 0.011 0.152 0.103 0.052 0.012 0.187 0.191 

Locus 28 : 28 
6 alleles
0.8% missing data
 260   (0.384) 0.522 0.423 0.222 0.360 0.267 0.420 0.306 0.139 0.378 0.475 
 262   (0.503) 0.381 0.470 0.690 0.632 0.646 0.468 0.650 0.846 0.547 0.478 
 256   (0.080) 0.063 0.079 0.085 0.007 0.064 0.081 0.038 0.012 0.073 0.042 
 258   (0.011) 0.001 0.013 0.001 0.000 0.003 0.015 0.002 0.001 0.001 0.002 
 266   (0.007) 0.007 0.004 0.000 0.000 0.002 0.004 0.001 0.001 0.000 0.001 
 264   (0.016) 0.025 0.011 0.001 0.000 0.018 0.012 0.003 0.001 0.001 0.003 

Locus 29 : 29 
7 alleles
0.2% missing data
 146   (0.283) 0.246 0.303 0.321 0.184 0.268 0.296 0.341 0.035 0.334 0.331 
 150   (0.429) 0.525 0.419 0.243 0.645 0.550 0.431 0.404 0.144 0.294 0.326 
 140   (0.178) 0.164 0.178 0.384 0.107 0.134 0.179 0.156 0.808 0.060 0.146 
 148   (0.062) 0.026 0.058 0.037 0.057 0.027 0.052 0.075 0.007 0.309 0.142 
 152   (0.029) 0.036 0.032 0.014 0.001 0.015 0.032 0.005 0.003 0.002 0.033 
 151   (0.009) 0.001 0.006 0.001 0.006 0.003 0.005 0.003 0.001 0.001 0.015 
 142   (0.009) 0.001 0.005 0.001 0.001 0.003 0.005 0.016 0.001 0.001 0.007 

Locus 30 : 30 
6 alleles
0.2% missing data
 125   (0.283) 0.083 0.302 0.145 0.461 0.331 0.315 0.298 0.141 0.031 0.140 
 129   (0.416) 0.597 0.413 0.086 0.485 0.399 0.403 0.444 0.214 0.783 0.560 
 123   (0.152) 0.255 0.138 0.111 0.051 0.169 0.143 0.112 0.018 0.102 0.077 
 127   (0.095) 0.033 0.098 0.518 0.002 0.062 0.088 0.135 0.580 0.080 0.194 
 121   (0.013) 0.001 0.009 0.001 0.000 0.008 0.010 0.003 0.042 0.001 0.002 
 131   (0.040) 0.031 0.039 0.139 0.001 0.031 0.040 0.009 0.005 0.003 0.027 

Locus 31 : 31 
6 alleles
0.2% missing data
 159   (0.168) 0.277 0.151 0.198 0.135 0.236 0.147 0.279 0.019 0.011 0.157 
 155   (0.545) 0.446 0.570 0.425 0.697 0.489 0.588 0.450 0.519 0.710 0.480 
 157   (0.180) 0.186 0.186 0.065 0.098 0.217 0.169 0.238 0.119 0.022 0.323 
 153   (0.067) 0.086 0.064 0.301 0.067 0.032 0.065 0.014 0.101 0.004 0.032 
 151   (0.033) 0.004 0.025 0.011 0.002 0.024 0.027 0.017 0.241 0.252 0.007 
 163   (0.007) 0.002 0.004 0.000 0.001 0.003 0.005 0.001 0.001 0.001 0.002 

Locus 32 : 32 
5 alleles
0.0% missing data
 146   (0.334) 0.352 0.339 0.643 0.069 0.354 0.346 0.260 0.578 0.312 0.183 
 150   (0.555) 0.587 0.551 0.258 0.862 0.598 0.555 0.515 0.409 0.638 0.593 
 148   (0.062) 0.015 0.067 0.034 0.069 0.020 0.055 0.114 0.007 0.047 0.207 
 154   (0.037) 0.009 0.035 0.064 0.001 0.024 0.036 0.108 0.004 0.002 0.010 
 152   (0.012) 0.037 0.008 0.001 0.000 0.005 0.008 0.002 0.001 0.001 0.007 

Locus 33 : 33 
7 alleles
0.0% missing data
 180   (0.460) 0.352 0.474 0.358 0.575 0.414 0.479 0.496 0.692 0.666 0.453 
 196   (0.104) 0.165 0.100 0.028 0.186 0.098 0.103 0.065 0.012 0.006 0.063 
 184   (0.193) 0.308 0.177 0.186 0.158 0.195 0.180 0.260 0.270 0.074 0.089 
 194   (0.009) 0.001 0.004 0.000 0.037 0.003 0.005 0.001 0.001 0.000 0.006 
 192   (0.143) 0.126 0.165 0.162 0.005 0.192 0.150 0.108 0.016 0.183 0.312 
 198   (0.072) 0.013 0.068 0.263 0.038 0.076 0.071 0.042 0.008 0.068 0.072 
 190   (0.019) 0.035 0.011 0.001 0.000 0.023 0.011 0.028 0.002 0.001 0.004 

Locus 34 : 34 
6 alleles
0.0% missing data
 110   (0.189) 0.087 0.195 0.111 0.336 0.142 0.193 0.202 0.214 0.076 0.215 
 112   (0.340) 0.399 0.357 0.054 0.514 0.338 0.366 0.339 0.039 0.062 0.418 
 106   (0.282) 0.412 0.248 0.250 0.120 0.366 0.247 0.374 0.233 0.701 0.217 
  90   (0.038) 0.008 0.040 0.002 0.023 0.037 0.029 0.008 0.395 0.002 0.116 
 108   (0.141) 0.092 0.152 0.581 0.008 0.113 0.158 0.074 0.119 0.114 0.032 
  96   (0.011) 0.001 0.007 0.001 0.000 0.004 0.008 0.002 0.001 0.045 0.002 

Locus 35 : 35 
9 alleles
0.0% missing data
 166   (0.051) 0.109 0.042 0.003 0.258 0.020 0.040 0.069 0.006 0.003 0.080 
 176   (0.099) 0.011 0.092 0.097 0.150 0.112 0.098 0.220 0.012 0.017 0.095 
 172   (0.317) 0.404 0.339 0.171 0.431 0.265 0.336 0.144 0.041 0.582 0.353 
 170   (0.269) 0.236 0.250 0.347 0.150 0.240 0.256 0.484 0.617 0.323 0.153 
 174   (0.138) 0.148 0.150 0.045 0.005 0.269 0.133 0.052 0.016 0.066 0.267 
 178   (0.041) 0.028 0.045 0.003 0.004 0.032 0.052 0.009 0.005 0.003 0.030 
 168   (0.057) 0.022 0.057 0.312 0.001 0.054 0.060 0.018 0.301 0.004 0.017 
 186   (0.020) 0.042 0.018 0.022 0.000 0.006 0.020 0.003 0.002 0.001 0.004 
 158   (0.007) 0.001 0.006 0.000 0.000 0.002 0.006 0.001 0.001 0.000 0.001 

Locus 36 : 36 
6 alleles
0.0% missing data
  89   (0.570) 0.653 0.595 0.604 0.646 0.565 0.583 0.522 0.378 0.510 0.733 
  95   (0.059) 0.077 0.053 0.029 0.074 0.026 0.053 0.075 0.007 0.005 0.024 
  85   (0.158) 0.144 0.144 0.016 0.225 0.191 0.143 0.154 0.491 0.234 0.184 
  81   (0.065) 0.021 0.064 0.004 0.006 0.117 0.070 0.155 0.008 0.004 0.014 
  83   (0.127) 0.098 0.127 0.322 0.049 0.094 0.133 0.092 0.015 0.245 0.041 
  91   (0.020) 0.006 0.016 0.026 0.000 0.006 0.018 0.003 0.101 0.001 0.004 

Locus 37 : 37 
10 alleles
0.0% missing data
 161   (0.347) 0.240 0.326 0.704 0.540 0.465 0.319 0.406 0.429 0.376 0.433 
 165   (0.230) 0.279 0.243 0.115 0.173 0.156 0.256 0.201 0.131 0.105 0.129 
 159   (0.013) 0.004 0.010 0.001 0.030 0.004 0.011 0.002 0.001 0.001 0.004 
 173   (0.258) 0.290 0.264 0.171 0.128 0.232 0.246 0.361 0.224 0.508 0.359 
 169   (0.094) 0.141 0.100 0.006 0.120 0.112 0.106 0.020 0.209 0.006 0.062 
 167   (0.018) 0.003 0.017 0.001 0.009 0.015 0.018 0.003 0.002 0.002 0.005 
 168   (0.011) 0.001 0.013 0.001 0.000 0.003 0.013 0.002 0.001 0.001 0.002 
 155   (0.014) 0.002 0.019 0.001 0.000 0.007 0.021 0.003 0.001 0.001 0.003 
 177   (0.007) 0.001 0.005 0.000 0.000 0.005 0.005 0.001 0.001 0.000 0.002 
 175   (0.007) 0.039 0.004 0.000 0.000 0.002 0.004 0.001 0.001 0.000 0.001 

Locus 38 : 38 
6 alleles
0.6% missing data
  87   (0.098) 0.035 0.079 0.429 0.154 0.073 0.078 0.118 0.552 0.128 0.097 
  89   (0.426) 0.584 0.452 0.234 0.609 0.498 0.461 0.251 0.051 0.098 0.437 
  91   (0.167) 0.091 0.163 0.101 0.121 0.171 0.166 0.198 0.210 0.183 0.102 
  81   (0.117) 0.070 0.131 0.008 0.077 0.078 0.117 0.206 0.013 0.116 0.239 
  85   (0.186) 0.219 0.171 0.228 0.036 0.178 0.175 0.226 0.172 0.475 0.123 
  83   (0.007) 0.001 0.004 0.000 0.003 0.002 0.004 0.001 0.001 0.000 0.002 

Locus 39 : 39 
4 alleles
0.6% missing data
 167   (0.784) 0.784 0.782 0.402 0.913 0.847 0.778 0.936 0.689 0.859 0.874 
 161   (0.179) 0.153 0.187 0.452 0.086 0.131 0.189 0.057 0.307 0.138 0.114 
 165   (0.030) 0.062 0.025 0.146 0.001 0.020 0.027 0.006 0.003 0.002 0.012 
 177   (0.007) 0.001 0.006 0.000 0.000 0.003 0.006 0.001 0.001 0.001 0.001 

Locus 40 : 40 
6 alleles
0.4% missing data
 228   (0.405) 0.519 0.407 0.127 0.550 0.396 0.391 0.450 0.546 0.238 0.599 
 238   (0.332) 0.306 0.340 0.072 0.305 0.404 0.360 0.287 0.083 0.119 0.146 
 224   (0.023) 0.003 0.023 0.012 0.080 0.007 0.015 0.017 0.003 0.002 0.116 
 236   (0.109) 0.045 0.100 0.283 0.062 0.061 0.098 0.104 0.353 0.382 0.082 
 232   (0.013) 0.001 0.010 0.001 0.000 0.028 0.010 0.002 0.001 0.001 0.003 
 240   (0.118) 0.126 0.121 0.505 0.002 0.104 0.125 0.139 0.014 0.258 0.053 

Locus 41 : 41 
7 alleles
0.0% missing data
 128   (0.111) 0.187 0.111 0.007 0.137 0.128 0.102 0.077 0.013 0.035 0.182 
 130   (0.537) 0.441 0.551 0.739 0.612 0.553 0.556 0.516 0.063 0.775 0.545 
 114   (0.050) 0.006 0.044 0.003 0.098 0.039 0.046 0.069 0.492 0.003 0.017 
 132   (0.116) 0.229 0.107 0.007 0.144 0.131 0.114 0.158 0.014 0.051 0.074 
 118   (0.065) 0.064 0.059 0.069 0.002 0.067 0.056 0.012 0.206 0.128 0.083 
 134   (0.114) 0.072 0.123 0.174 0.007 0.078 0.121 0.166 0.212 0.007 0.098 
 136   (0.007) 0.001 0.005 0.000 0.000 0.002 0.006 0.001 0.001 0.000 0.001 

Locus 42 : 42 
6 alleles
1.2% missing data
 102   (0.263) 0.336 0.268 0.016 0.402 0.195 0.265 0.404 0.564 0.474 0.285 
 104   (0.409) 0.498 0.449 0.234 0.188 0.425 0.439 0.318 0.050 0.414 0.526 
  92   (0.114) 0.059 0.098 0.312 0.119 0.186 0.102 0.104 0.054 0.007 0.088 
  96   (0.074) 0.023 0.064 0.177 0.094 0.079 0.065 0.059 0.105 0.005 0.041 
  98   (0.133) 0.082 0.116 0.260 0.196 0.112 0.123 0.112 0.226 0.100 0.057 
 106   (0.007) 0.001 0.005 0.000 0.001 0.003 0.005 0.002 0.001 0.001 0.003 

Locus 43 : 43 
6 alleles
1.4% missing data
 101   (0.296) 0.288 0.279 0.363 0.421 0.370 0.272 0.453 0.035 0.185 0.283 
 103   (0.313) 0.450 0.328 0.114 0.213 0.206 0.349 0.286 0.233 0.352 0.251 
  99   (0.149) 0.073 0.168 0.183 0.054 0.204 0.147 0.080 0.413 0.009 0.330 
  95   (0.215) 0.186 0.202 0.332 0.311 0.209 0.208 0.175 0.171 0.453 0.130 
  97   (0.019) 0.002 0.018 0.007 0.000 0.009 0.018 0.004 0.149 0.001 0.004 
  91   (0.007) 0.001 0.006 0.000 0.000 0.003 0.006 0.001 0.001 0.000 0.001 

Locus 44 : 44 
7 alleles
0.2% missing data
 177   (0.078) 0.054 0.075 0.111 0.072 0.041 0.085 0.062 0.010 0.005 0.043 
 191   (0.299) 0.164 0.327 0.626 0.170 0.275 0.330 0.287 0.281 0.102 0.318 
 181   (0.550) 0.734 0.529 0.146 0.756 0.646 0.516 0.632 0.522 0.859 0.587 
 189   (0.007) 0.001 0.004 0.000 0.000 0.002 0.004 0.001 0.001 0.030 0.001 
 179   (0.046) 0.005 0.051 0.105 0.001 0.029 0.050 0.014 0.184 0.003 0.048 
 183   (0.009) 0.002 0.008 0.001 0.000 0.004 0.010 0.002 0.001 0.001 0.002 
 193   (0.011) 0.040 0.006 0.011 0.000 0.003 0.006 0.002 0.001 0.001 0.002 

Locus 45 : 45 
6 alleles
0.8% missing data
 205   (0.457) 0.524 0.489 0.316 0.524 0.390 0.489 0.552 0.254 0.409 0.493 
 211   (0.230) 0.135 0.226 0.388 0.226 0.310 0.223 0.193 0.340 0.272 0.240 
 207   (0.134) 0.224 0.130 0.072 0.135 0.107 0.136 0.083 0.016 0.199 0.073 
 201   (0.080) 0.051 0.068 0.039 0.067 0.109 0.066 0.077 0.377 0.005 0.117 
 215   (0.087) 0.063 0.076 0.176 0.048 0.079 0.073 0.092 0.011 0.114 0.075 
 202   (0.012) 0.002 0.011 0.009 0.000 0.005 0.012 0.002 0.002 0.001 0.002 

Locus 46 : 46 
10 alleles
1.0% missing data
 144   (0.060) 0.039 0.049 0.008 0.226 0.090 0.048 0.013 0.008 0.127 0.058 
 158   (0.152) 0.061 0.161 0.122 0.140 0.138 0.147 0.264 0.021 0.084 0.309 
 168   (0.145) 0.037 0.146 0.214 0.196 0.120 0.153 0.124 0.216 0.108 0.045 
 166   (0.130) 0.208 0.111 0.029 0.309 0.116 0.122 0.084 0.126 0.384 0.047 
 142   (0.360) 0.589 0.402 0.150 0.123 0.314 0.392 0.450 0.048 0.287 0.506 
 170   (0.017) 0.002 0.011 0.047 0.001 0.030 0.011 0.005 0.002 0.001 0.004 
 156   (0.030) 0.009 0.030 0.081 0.001 0.011 0.032 0.006 0.467 0.002 0.010 
 162   (0.051) 0.032 0.041 0.158 0.001 0.065 0.044 0.037 0.106 0.003 0.009 
 164   (0.048) 0.022 0.044 0.190 0.002 0.114 0.046 0.014 0.006 0.003 0.011 
 160   (0.007) 0.001 0.005 0.000 0.000 0.003 0.006 0.002 0.001 0.000 0.001 

Locus 47 : 47 
7 alleles
9.9% missing data
 149   (0.349) 0.401 0.371 0.761 0.222 0.315 0.363 0.097 0.350 0.339 0.401 
 151   (0.181) 0.126 0.182 0.091 0.242 0.168 0.170 0.390 0.086 0.012 0.383 
 153   (0.188) 0.367 0.187 0.046 0.324 0.162 0.192 0.177 0.029 0.027 0.123 
 147   (0.025) 0.003 0.019 0.002 0.032 0.057 0.021 0.005 0.004 0.002 0.012 
 145   (0.232) 0.099 0.225 0.045 0.178 0.265 0.237 0.327 0.527 0.618 0.075 
 152   (0.007) 0.001 0.004 0.001 0.002 0.003 0.004 0.002 0.002 0.001 0.003 
 143   (0.017) 0.002 0.012 0.054 0.000 0.031 0.013 0.003 0.002 0.001 0.004 

Values of parameters used in structure:
DATAFILE=temp2.str,	OUTFILE=k10/temp2_k10_run7,	NUMINDS=486,	NUMLOCI=47,	MISSING=-9,	LABEL=1,	POPDATA=1,	POPFLAG=0,	PHENOTYPE=0,	EXTRACOLS=0,	MAXPOPS=10,	BURNIN=500000,	NUMREPS=750000,	USEPOPINFO=0,	INFERALPHA=1,	INFERLAMBDA=0,	POPSPECIFICLAMBDA=0,	POPALPHAS=0,	COMPUTEPROB=1,	NOADMIX=0,	ADMBURNIN=500,	UPDATEFREQ=100,	PRINTLIKES=0,	INTERMEDSAVE=0,	PRINTKLD=0,	PRINTNET=1,	PRINTLAMBDA=1,	ANCESTDIST=0,	NUMBOXES=1000,	ANCESTPINT=0.90000,	GENSBACK=2,	MIGRPRIOR=0.01000,	PRINTQHAT=0,	PRINTQSUM=1,	ALPHA=1.0000,	FREQSCORR=1,	FPRIORMEAN=0.0100,	FPRIORSD=0.0500,	ONEFST=0,	LAMBDA=1.0000,	UNIFPRIORALPHA=1,	ALPHAMAX=10.0000,	ALPHAPRIORA=1.0000,	ALPHAPRIORB=2.0000,	ALPHAPROPSD=0.0250,	STARTATPOPINFO=0,	RANDOMIZE=0,	LINKAGE=0,	METROFREQ=10,	REPORTHITRATE=0,	MARKOVPHASE=0,	PHASED=1,	PLOIDY=2,	PHASEINFO=0	LOCPRIOR=0, 	LOCPRIORINIT=1.000000, 	LOCDATA=0, 	LOCISPOP=1, 	LOCPRIORSTEP=0.100000, 	MAXLOCPRIOR=20.000000, 	SEED=904928,	
[STRAT parameters]:    NUMSIMSTATS=1000,	PHENOTYPECOL=-9,	POOLFREQ=10,	LOCUSxONLY=0,	EMERROR=0.00100,	MISSINGPHENO=-9,	