

----------------------------------------------------
STRUCTURE by Pritchard, Stephens and Donnelly (2000)
     and Falush, Stephens and Pritchard (2003)
       Code by Pritchard, Falush and Hubisz
             Version 2.3.4 (Jul 2012)
----------------------------------------------------



Command line arguments:   structure -D 116283 -K 5 -m mainparams -o k5/temp2_k5_run9 
Input File:    temp2.str

Run parameters:
   486 individuals
   47 loci
   5 populations assumed
   500000 Burn-in period
   750000 Reps
RANDOMIZE turned off


--------------------------------------------
Proportion of membership of each pre-defined
 population in each of the 5 clusters

Given    Inferred Clusters                     Number of
 Pop       1      2      3      4      5      Individuals

  1:     0.009  0.003  0.927  0.014  0.047       63
  2:     0.011  0.004  0.944  0.024  0.017       20
  3:     0.004  0.983  0.004  0.005  0.005       36
  4:     0.008  0.004  0.833  0.021  0.134       21
  5:     0.006  0.003  0.393  0.008  0.590       31
  6:     0.005  0.003  0.963  0.007  0.021       21
  7:     0.036  0.008  0.027  0.884  0.046       25
  8:     0.017  0.115  0.579  0.073  0.216        8
  9:     0.005  0.003  0.962  0.014  0.015       17
 10:     0.981  0.004  0.005  0.005  0.005       29
 11:     0.055  0.765  0.032  0.106  0.043        9
 12:     0.022  0.035  0.015  0.891  0.036       26
 13:     0.014  0.019  0.022  0.924  0.021       74
 14:     0.017  0.022  0.030  0.907  0.024       35
 15:     0.011  0.010  0.039  0.921  0.018       24
 16:     0.034  0.050  0.046  0.841  0.028       43
 17:     0.011  0.016  0.030  0.921  0.022        4
--------------------------------------------

Allele-freq. divergence among pops (Net nucleotide distance),
computed using point estimates of P.

      1       2       3       4       5      
 1      -    0.1078  0.0722  0.0525  0.0802  
 2   0.1078     -    0.1245  0.0798  0.1144  
 3   0.0722  0.1245     -    0.0268  0.0313  
 4   0.0525  0.0798  0.0268     -    0.0334  
 5   0.0802  0.1144  0.0313  0.0334     -    

Average distances (expected heterozygosity) between individuals in same cluster:
cluster  1  : 0.5507 
cluster  2  : 0.6470 
cluster  3  : 0.5514 
cluster  4  : 0.6244 
cluster  5  : 0.5606 

--------------------------------------------
Estimated Ln Prob of Data   = -52543.5
Mean value of ln likelihood = -52119.1
Variance of ln likelihood   = 848.7
Mean value of alpha         = 0.0364

Mean value of Fst_1         = 0.2038
Mean value of Fst_2         = 0.1520
Mean value of Fst_3         = 0.1258
Mean value of Fst_4         = 0.0213
Mean value of Fst_5         = 0.1412


Inferred ancestry of individuals:
        Label (%Miss) Pop:  Inferred clusters
  1      221    (0)    1 :  0.003 0.003 0.976 0.009 0.010 
  2      222    (0)    1 :  0.010 0.004 0.393 0.009 0.584 
  3      223    (0)    1 :  0.003 0.005 0.973 0.010 0.009 
  4      224    (0)    1 :  0.005 0.001 0.984 0.003 0.007 
  5      225    (0)    1 :  0.004 0.002 0.983 0.004 0.008 
  6      226    (0)    1 :  0.002 0.001 0.988 0.005 0.004 
  7      227    (0)    1 :  0.006 0.010 0.969 0.012 0.004 
  8      228    (0)    1 :  0.005 0.004 0.974 0.010 0.008 
  9      234    (0)    1 :  0.002 0.002 0.985 0.005 0.007 
 10      235    (0)    1 :  0.002 0.002 0.983 0.003 0.009 
 11      236    (0)    1 :  0.002 0.001 0.991 0.002 0.004 
 12      237    (0)    1 :  0.002 0.002 0.982 0.004 0.010 
 13      238    (0)    1 :  0.012 0.006 0.929 0.009 0.044 
 14      239    (0)    1 :  0.027 0.006 0.890 0.051 0.026 
 15      240    (0)    1 :  0.003 0.001 0.986 0.004 0.006 
 16      242    (0)    1 :  0.003 0.002 0.214 0.258 0.522 
 17      243    (0)    1 :  0.014 0.003 0.956 0.010 0.017 
 18      244    (0)    1 :  0.004 0.004 0.968 0.006 0.018 
 19      245    (0)    1 :  0.013 0.036 0.923 0.023 0.005 
 20      246    (0)    1 :  0.003 0.003 0.980 0.003 0.011 
 21      248    (0)    1 :  0.025 0.003 0.890 0.008 0.073 
 22      249    (0)    1 :  0.002 0.001 0.991 0.003 0.003 
 23      250    (0)    1 :  0.011 0.008 0.962 0.014 0.005 
 24      251    (0)    1 :  0.003 0.002 0.974 0.006 0.016 
 25      252    (0)    1 :  0.056 0.002 0.923 0.015 0.004 
 26      253    (0)    1 :  0.023 0.017 0.943 0.014 0.003 
 27      254    (0)    1 :  0.004 0.002 0.984 0.006 0.005 
 28      255    (0)    1 :  0.006 0.003 0.663 0.014 0.314 
 29      256    (0)    1 :  0.002 0.005 0.906 0.008 0.079 
 30      257    (0)    1 :  0.010 0.002 0.968 0.011 0.009 
 31      258    (0)    1 :  0.003 0.004 0.966 0.009 0.018 
 32      259    (0)    1 :  0.003 0.002 0.966 0.010 0.019 
 33      260    (0)    1 :  0.056 0.002 0.932 0.005 0.004 
 34      261    (0)    1 :  0.013 0.002 0.952 0.025 0.007 
 35      262    (0)    1 :  0.003 0.001 0.987 0.002 0.007 
 36      263    (0)    1 :  0.026 0.004 0.948 0.006 0.016 
 37      264    (0)    1 :  0.003 0.001 0.974 0.006 0.015 
 38      265    (0)    1 :  0.033 0.001 0.938 0.006 0.022 
 39      266    (0)    1 :  0.002 0.001 0.987 0.003 0.006 
 40      267    (0)    1 :  0.002 0.002 0.972 0.003 0.022 
 41      268    (0)    1 :  0.046 0.002 0.942 0.006 0.004 
 42      269    (0)    1 :  0.003 0.001 0.985 0.003 0.008 
 43      270    (0)    1 :  0.002 0.002 0.987 0.004 0.005 
 44      271    (0)    1 :  0.012 0.007 0.948 0.021 0.012 
 45      272    (0)    1 :  0.005 0.002 0.500 0.030 0.462 
 46      273    (0)    1 :  0.003 0.003 0.960 0.020 0.015 
 47      274    (0)    1 :  0.006 0.002 0.982 0.005 0.005 
 48      275    (2)    1 :  0.002 0.002 0.981 0.005 0.010 
 49      276    (0)    1 :  0.004 0.002 0.982 0.006 0.006 
 50      277    (0)    1 :  0.002 0.001 0.977 0.016 0.004 
 51      278    (0)    1 :  0.005 0.002 0.956 0.013 0.024 
 52      279    (0)    1 :  0.003 0.002 0.968 0.010 0.018 
 53      280    (0)    1 :  0.004 0.002 0.974 0.012 0.007 
 54      287    (0)    1 :  0.006 0.003 0.973 0.011 0.006 
 55      290    (0)    1 :  0.003 0.002 0.841 0.013 0.142 
 56      291    (0)    1 :  0.005 0.002 0.979 0.010 0.004 
 57      295    (0)    1 :  0.003 0.001 0.984 0.005 0.006 
 58      296    (0)    1 :  0.004 0.002 0.980 0.004 0.010 
 59      872    (2)    1 :  0.007 0.005 0.891 0.005 0.092 
 60      873    (4)    1 :  0.004 0.003 0.889 0.007 0.097 
 61      874    (2)    1 :  0.003 0.001 0.966 0.008 0.022 
 62      875    (0)    1 :  0.003 0.004 0.975 0.005 0.013 
 63      876    (6)    1 :  0.019 0.002 0.954 0.019 0.006 
 64      212    (0)   10 :  0.989 0.002 0.003 0.003 0.004 
 65      213    (0)   10 :  0.985 0.002 0.005 0.005 0.002 
 66      214    (0)   10 :  0.982 0.003 0.004 0.005 0.006 
 67      215    (0)   10 :  0.983 0.002 0.005 0.004 0.005 
 68      216    (0)   10 :  0.988 0.002 0.005 0.004 0.002 
 69      217    (0)   10 :  0.983 0.002 0.005 0.005 0.005 
 70      218    (0)   10 :  0.988 0.003 0.003 0.003 0.002 
 71      332    (0)   10 :  0.953 0.003 0.017 0.017 0.011 
 72      333    (0)   10 :  0.938 0.013 0.016 0.015 0.018 
 73      334    (0)   10 :  0.982 0.003 0.007 0.006 0.003 
 74      335    (0)   10 :  0.991 0.002 0.002 0.003 0.002 
 75      336    (0)   10 :  0.987 0.003 0.003 0.003 0.005 
 76      337    (0)   10 :  0.974 0.003 0.009 0.005 0.009 
 77      673    (0)   10 :  0.994 0.002 0.002 0.002 0.001 
 78      674    (0)   10 :  0.986 0.002 0.004 0.004 0.005 
 79      675    (0)   10 :  0.985 0.003 0.004 0.005 0.003 
 80      676    (0)   10 :  0.986 0.002 0.003 0.006 0.003 
 81      677    (0)   10 :  0.986 0.002 0.006 0.004 0.003 
 82      678    (0)   10 :  0.957 0.004 0.011 0.012 0.016 
 83      679    (0)   10 :  0.956 0.027 0.005 0.009 0.003 
 84      680    (0)   10 :  0.983 0.002 0.005 0.007 0.003 
 85      681    (0)   10 :  0.982 0.002 0.006 0.006 0.004 
 86      682    (0)   10 :  0.992 0.002 0.002 0.002 0.002 
 87      683    (0)   10 :  0.984 0.003 0.005 0.005 0.003 
 88      684    (0)   10 :  0.986 0.003 0.002 0.005 0.004 
 89      685    (0)   10 :  0.980 0.005 0.003 0.005 0.007 
 90      686    (0)   10 :  0.989 0.004 0.002 0.002 0.002 
 91      687    (0)   10 :  0.992 0.001 0.002 0.002 0.002 
 92      688    (0)   10 :  0.983 0.002 0.006 0.004 0.004 
 93      070    (0)   11 :  0.007 0.636 0.034 0.224 0.099 
 94      071    (0)   11 :  0.237 0.607 0.020 0.119 0.017 
 95      072    (0)   11 :  0.009 0.882 0.054 0.040 0.015 
 96      151    (0)   11 :  0.031 0.939 0.008 0.016 0.007 
 97      152    (0)   11 :  0.007 0.629 0.016 0.336 0.012 
 98      153    (2)   11 :  0.037 0.905 0.014 0.013 0.032 
 99      788    (4)   11 :  0.015 0.954 0.014 0.011 0.006 
100      789    (2)   11 :  0.145 0.695 0.070 0.045 0.045 
101      790    (0)   11 :  0.005 0.635 0.062 0.145 0.153 
102      010    (0)   12 :  0.005 0.021 0.008 0.952 0.015 
103      024    (0)   12 :  0.013 0.077 0.009 0.891 0.010 
104      051    (0)   12 :  0.012 0.098 0.008 0.869 0.014 
105      090    (0)   12 :  0.004 0.031 0.008 0.944 0.012 
106      102    (0)   12 :  0.003 0.001 0.020 0.954 0.022 
107      111    (0)   12 :  0.004 0.004 0.009 0.946 0.037 
108      113    (0)   12 :  0.004 0.006 0.005 0.955 0.029 
109      138    (0)   12 :  0.158 0.012 0.010 0.815 0.004 
110      150    (0)   12 :  0.004 0.010 0.018 0.961 0.007 
111      173    (2)   12 :  0.018 0.036 0.006 0.930 0.009 
112      174    (2)   12 :  0.006 0.211 0.030 0.445 0.308 
113      175    (0)   12 :  0.004 0.197 0.004 0.760 0.036 
114      176    (0)   12 :  0.020 0.007 0.032 0.883 0.058 
115      177    (0)   12 :  0.002 0.009 0.004 0.971 0.014 
116      180    (0)   12 :  0.014 0.004 0.038 0.710 0.234 
117      184    (0)   12 :  0.006 0.015 0.006 0.968 0.005 
118      195    (0)   12 :  0.018 0.018 0.006 0.953 0.005 
119      198    (0)   12 :  0.008 0.011 0.019 0.934 0.029 
120      203    (0)   12 :  0.007 0.005 0.010 0.966 0.013 
121      211    (0)   12 :  0.162 0.005 0.038 0.789 0.006 
122      220    (0)   12 :  0.006 0.004 0.005 0.977 0.008 
123      233    (0)   12 :  0.037 0.003 0.009 0.946 0.005 
124      331    (0)   12 :  0.005 0.051 0.006 0.930 0.007 
125      349    (0)   12 :  0.006 0.063 0.012 0.898 0.021 
126      410    (0)   12 :  0.049 0.014 0.012 0.902 0.024 
127      417    (2)   12 :  0.006 0.008 0.057 0.919 0.010 
128      421    (0)   13 :  0.008 0.001 0.022 0.964 0.005 
129      423    (0)   13 :  0.003 0.030 0.008 0.947 0.013 
130      424    (0)   13 :  0.003 0.011 0.018 0.915 0.052 
131      433    (0)   13 :  0.017 0.005 0.005 0.969 0.005 
132      462    (0)   13 :  0.017 0.004 0.007 0.963 0.009 
133      463    (0)   13 :  0.004 0.044 0.031 0.909 0.011 
134      467    (0)   13 :  0.008 0.004 0.026 0.956 0.006 
135      468    (0)   13 :  0.002 0.005 0.021 0.955 0.016 
136      469    (0)   13 :  0.003 0.002 0.078 0.908 0.009 
137      472    (0)   13 :  0.009 0.038 0.012 0.937 0.004 
138      473    (0)   13 :  0.007 0.018 0.004 0.962 0.009 
139      474    (0)   13 :  0.021 0.002 0.019 0.951 0.006 
140      475    (0)   13 :  0.003 0.007 0.004 0.981 0.006 
141      476    (2)   13 :  0.035 0.025 0.006 0.918 0.016 
142      477    (0)   13 :  0.017 0.013 0.015 0.946 0.009 
143      478    (0)   13 :  0.003 0.003 0.013 0.928 0.053 
144      479    (0)   13 :  0.003 0.002 0.026 0.963 0.006 
145      480    (0)   13 :  0.003 0.002 0.004 0.986 0.006 
146      481    (0)   13 :  0.003 0.022 0.006 0.958 0.011 
147      482    (0)   13 :  0.039 0.004 0.006 0.945 0.006 
148      489    (0)   13 :  0.016 0.026 0.005 0.947 0.006 
149      490    (0)   13 :  0.004 0.017 0.047 0.910 0.023 
150      491    (0)   13 :  0.145 0.002 0.005 0.842 0.005 
151      492    (0)   13 :  0.011 0.011 0.015 0.909 0.053 
152      493    (0)   13 :  0.007 0.009 0.019 0.960 0.005 
153      494    (0)   13 :  0.023 0.014 0.005 0.953 0.004 
154      498    (0)   13 :  0.004 0.017 0.024 0.931 0.024 
155      499    (0)   13 :  0.008 0.009 0.009 0.967 0.007 
156      709    (0)   13 :  0.012 0.066 0.015 0.895 0.012 
157      710    (4)   13 :  0.003 0.063 0.011 0.918 0.005 
158      711    (2)   13 :  0.004 0.005 0.023 0.881 0.087 
159      712    (4)   13 :  0.004 0.004 0.021 0.946 0.024 
160      713    (0)   13 :  0.013 0.059 0.006 0.914 0.008 
161      714    (2)   13 :  0.002 0.005 0.013 0.970 0.009 
162      715    (4)   13 :  0.038 0.003 0.049 0.898 0.013 
163      716    (0)   13 :  0.003 0.002 0.004 0.986 0.005 
164      717    (2)   13 :  0.017 0.006 0.007 0.794 0.176 
165      718    (4)   13 :  0.002 0.005 0.018 0.964 0.011 
166      719    (0)   13 :  0.003 0.002 0.009 0.982 0.003 
167      720    (2)   13 :  0.009 0.003 0.013 0.968 0.007 
168      721    (0)   13 :  0.006 0.005 0.005 0.979 0.005 
169      722    (4)   13 :  0.003 0.002 0.020 0.969 0.007 
170      723    (0)   13 :  0.012 0.003 0.006 0.969 0.010 
171      724    (0)   13 :  0.013 0.012 0.035 0.926 0.014 
172      725    (0)   13 :  0.012 0.023 0.007 0.943 0.015 
173      726    (0)   13 :  0.006 0.014 0.005 0.972 0.003 
174      727    (0)   13 :  0.012 0.003 0.006 0.976 0.004 
175      728    (2)   13 :  0.006 0.037 0.014 0.914 0.028 
176      729    (6)   13 :  0.004 0.005 0.006 0.977 0.008 
177      730    (2)   13 :  0.005 0.006 0.020 0.947 0.021 
178      731    (2)   13 :  0.003 0.008 0.016 0.965 0.008 
179      732    (0)   13 :  0.006 0.009 0.011 0.962 0.013 
180      733    (0)   13 :  0.004 0.015 0.022 0.948 0.011 
181      734    (2)   13 :  0.131 0.049 0.015 0.796 0.010 
182      735    (4)   13 :  0.013 0.003 0.006 0.967 0.012 
183      736    (2)   13 :  0.021 0.021 0.006 0.945 0.007 
184      737    (0)   13 :  0.005 0.006 0.024 0.895 0.070 
185      738    (2)   13 :  0.006 0.005 0.012 0.970 0.006 
186      739    (8)   13 :  0.009 0.005 0.013 0.967 0.007 
187      740    (4)   13 :  0.003 0.007 0.009 0.975 0.007 
188      741    (2)   13 :  0.042 0.017 0.079 0.740 0.122 
189      742    (4)   13 :  0.005 0.010 0.011 0.949 0.024 
190      743    (2)   13 :  0.013 0.003 0.007 0.970 0.006 
191      744    (0)   13 :  0.005 0.139 0.007 0.843 0.006 
192      745    (0)   13 :  0.004 0.003 0.049 0.923 0.020 
193      746    (2)   13 :  0.008 0.008 0.007 0.851 0.126 
194      747    (2)   13 :  0.027 0.007 0.059 0.895 0.012 
195      748    (0)   13 :  0.026 0.027 0.174 0.703 0.070 
196      749    (2)   13 :  0.031 0.333 0.200 0.393 0.043 
197      750    (4)   13 :  0.007 0.039 0.017 0.868 0.069 
198      751    (0)   13 :  0.010 0.005 0.013 0.961 0.010 
199      752    (2)   13 :  0.003 0.002 0.027 0.957 0.010 
200      753    (4)   13 :  0.040 0.005 0.038 0.909 0.007 
201      754    (2)   13 :  0.005 0.015 0.006 0.963 0.011 
202      155    (0)   14 :  0.069 0.031 0.063 0.825 0.013 
203      156    (2)   14 :  0.007 0.211 0.119 0.629 0.033 
204      157    (2)   14 :  0.007 0.059 0.006 0.919 0.009 
205      158    (0)   14 :  0.009 0.005 0.009 0.959 0.017 
206      159    (0)   14 :  0.004 0.039 0.060 0.886 0.012 
207      160    (0)   14 :  0.007 0.003 0.012 0.976 0.003 
208      161    (0)   14 :  0.008 0.201 0.008 0.779 0.004 
209      162    (0)   14 :  0.006 0.004 0.007 0.974 0.009 
210      163    (2)   14 :  0.004 0.009 0.004 0.974 0.009 
211      164    (0)   14 :  0.031 0.033 0.111 0.804 0.020 
212      165    (2)   14 :  0.008 0.114 0.028 0.796 0.054 
213      427    (0)   14 :  0.100 0.004 0.014 0.879 0.003 
214      428    (0)   14 :  0.006 0.002 0.021 0.965 0.006 
215      429    (0)   14 :  0.004 0.002 0.011 0.965 0.019 
216      430    (0)   14 :  0.004 0.006 0.022 0.930 0.038 
217      431    (0)   14 :  0.004 0.002 0.031 0.949 0.014 
218      435    (0)   14 :  0.003 0.002 0.006 0.985 0.005 
219      436    (0)   14 :  0.004 0.003 0.014 0.975 0.004 
220      437    (0)   14 :  0.004 0.003 0.074 0.914 0.005 
221      438    (0)   14 :  0.002 0.003 0.046 0.933 0.016 
222      439    (0)   14 :  0.004 0.002 0.009 0.961 0.024 
223      441    (0)   14 :  0.004 0.004 0.009 0.869 0.114 
224      442    (0)   14 :  0.180 0.002 0.033 0.779 0.006 
225      443    (4)   14 :  0.003 0.002 0.018 0.971 0.005 
226      444    (4)   14 :  0.024 0.007 0.013 0.952 0.003 
227      445    (2)   14 :  0.004 0.003 0.071 0.914 0.007 
228      446    (0)   14 :  0.010 0.004 0.004 0.976 0.005 
229      447    (0)   14 :  0.006 0.001 0.029 0.960 0.004 
230      449    (0)   14 :  0.007 0.002 0.018 0.964 0.009 
231      460    (0)   14 :  0.006 0.003 0.026 0.953 0.010 
232      461    (0)   14 :  0.007 0.003 0.020 0.959 0.010 
233      484    (0)   14 :  0.021 0.006 0.103 0.581 0.290 
234      485    (0)   14 :  0.005 0.002 0.009 0.979 0.005 
235      486    (0)   14 :  0.004 0.004 0.010 0.918 0.064 
236      487    (0)   14 :  0.008 0.002 0.006 0.979 0.005 
237      178    (0)   15 :  0.005 0.009 0.004 0.979 0.003 
238      422    (0)   15 :  0.003 0.002 0.032 0.956 0.007 
239      425    (0)   15 :  0.004 0.002 0.006 0.985 0.003 
240      426    (0)   15 :  0.020 0.053 0.004 0.919 0.005 
241      432    (0)   15 :  0.010 0.005 0.012 0.964 0.009 
242      434    (0)   15 :  0.011 0.002 0.009 0.957 0.021 
243      440    (0)   15 :  0.006 0.002 0.004 0.980 0.007 
244      448    (2)   15 :  0.032 0.002 0.020 0.928 0.018 
245      456    (0)   15 :  0.010 0.003 0.089 0.798 0.100 
246      457    (0)   15 :  0.004 0.003 0.015 0.965 0.013 
247      458    (0)   15 :  0.016 0.004 0.012 0.964 0.005 
248      459    (0)   15 :  0.005 0.002 0.011 0.977 0.004 
249      464    (0)   15 :  0.008 0.005 0.005 0.977 0.004 
250      465    (0)   15 :  0.002 0.002 0.005 0.982 0.009 
251      466    (0)   15 :  0.004 0.002 0.032 0.954 0.007 
252      470    (0)   15 :  0.005 0.003 0.004 0.982 0.006 
253      471    (0)   15 :  0.004 0.004 0.007 0.966 0.019 
254      483    (0)   15 :  0.014 0.005 0.006 0.970 0.005 
255      488    (0)   15 :  0.006 0.002 0.013 0.976 0.003 
256      495    (0)   15 :  0.003 0.002 0.013 0.969 0.013 
257      496    (0)   15 :  0.002 0.003 0.003 0.986 0.006 
258      497    (0)   15 :  0.071 0.006 0.009 0.770 0.143 
259      500    (0)   15 :  0.003 0.121 0.619 0.240 0.018 
260      879    (0)   15 :  0.018 0.004 0.005 0.969 0.004 
261      036    (0)   16 :  0.003 0.006 0.014 0.970 0.008 
262      063    (2)   16 :  0.018 0.003 0.014 0.920 0.045 
263      094    (4)   16 :  0.008 0.020 0.108 0.850 0.015 
264      103    (4)   16 :  0.008 0.069 0.009 0.777 0.136 
265      112    (0)   16 :  0.009 0.014 0.009 0.960 0.009 
266      114    (2)   16 :  0.005 0.003 0.006 0.982 0.005 
267      120    (0)   16 :  0.005 0.004 0.036 0.943 0.012 
268      127    (2)   16 :  0.011 0.007 0.009 0.965 0.007 
269      147    (0)   16 :  0.007 0.025 0.003 0.959 0.006 
270      166    (0)   16 :  0.017 0.117 0.007 0.843 0.016 
271      167    (0)   16 :  0.005 0.006 0.007 0.873 0.108 
272      168    (0)   16 :  0.006 0.033 0.007 0.946 0.009 
273      169    (2)   16 :  0.004 0.003 0.009 0.978 0.007 
274      170    (0)   16 :  0.047 0.085 0.064 0.788 0.016 
275      171    (2)   16 :  0.006 0.051 0.247 0.672 0.023 
276      172    (0)   16 :  0.006 0.008 0.031 0.930 0.026 
277      185    (0)   16 :  0.006 0.006 0.004 0.975 0.010 
278      199    (2)   16 :  0.345 0.038 0.030 0.580 0.007 
279      339    (0)   16 :  0.007 0.003 0.006 0.967 0.018 
280      355    (0)   16 :  0.185 0.133 0.006 0.665 0.012 
281      356    (0)   16 :  0.006 0.161 0.007 0.821 0.006 
282      357    (0)   16 :  0.032 0.018 0.013 0.931 0.007 
283      358    (0)   16 :  0.004 0.013 0.010 0.880 0.093 
284      359    (0)   16 :  0.011 0.006 0.005 0.953 0.025 
285      360    (0)   16 :  0.005 0.024 0.019 0.948 0.004 
286      361    (0)   16 :  0.003 0.003 0.006 0.980 0.008 
287      362    (0)   16 :  0.008 0.019 0.236 0.723 0.015 
288      363    (0)   16 :  0.080 0.017 0.008 0.873 0.021 
289      364    (0)   16 :  0.047 0.165 0.490 0.288 0.011 
290      365    (0)   16 :  0.004 0.192 0.097 0.692 0.014 
291      366    (0)   16 :  0.004 0.046 0.006 0.894 0.050 
292      367    (0)   16 :  0.003 0.004 0.014 0.945 0.034 
293      368    (0)   16 :  0.006 0.276 0.232 0.322 0.165 
294      369    (0)   16 :  0.006 0.049 0.004 0.933 0.008 
295      370    (0)   16 :  0.012 0.164 0.010 0.677 0.137 
296      371    (0)   16 :  0.014 0.004 0.026 0.941 0.015 
297      372    (0)   16 :  0.282 0.007 0.017 0.690 0.004 
298      373    (0)   16 :  0.045 0.147 0.009 0.776 0.024 
299      380    (0)   16 :  0.019 0.035 0.057 0.874 0.015 
300      388    (0)   16 :  0.031 0.119 0.036 0.763 0.051 
301      418    (0)   16 :  0.076 0.014 0.027 0.878 0.005 
302      419    (0)   16 :  0.003 0.011 0.007 0.972 0.008 
303      420    (0)   16 :  0.061 0.013 0.033 0.882 0.010 
304      409    (0)   17 :  0.004 0.005 0.021 0.963 0.007 
305      414    (0)   17 :  0.009 0.003 0.031 0.945 0.013 
306      415    (2)   17 :  0.019 0.051 0.010 0.894 0.027 
307      416    (0)   17 :  0.013 0.004 0.058 0.885 0.040 
308      571    (0)    2 :  0.004 0.002 0.960 0.011 0.023 
309      572    (0)    2 :  0.005 0.005 0.875 0.010 0.106 
310      573    (2)    2 :  0.003 0.001 0.986 0.004 0.006 
311      574    (0)    2 :  0.002 0.005 0.979 0.007 0.007 
312      575    (2)    2 :  0.010 0.008 0.947 0.017 0.018 
313      576    (0)    2 :  0.003 0.001 0.989 0.003 0.005 
314      577    (0)    2 :  0.007 0.002 0.973 0.006 0.012 
315      578    (0)    2 :  0.006 0.001 0.985 0.003 0.004 
316      579    (0)    2 :  0.004 0.001 0.988 0.004 0.003 
317      580    (0)    2 :  0.002 0.001 0.989 0.003 0.004 
318      581    (0)    2 :  0.002 0.001 0.988 0.003 0.005 
319      582    (4)    2 :  0.029 0.008 0.924 0.023 0.015 
320      583    (0)    2 :  0.056 0.003 0.617 0.296 0.028 
321      584    (0)    2 :  0.008 0.002 0.972 0.011 0.007 
322      585    (0)    2 :  0.002 0.001 0.977 0.005 0.014 
323      586    (2)    2 :  0.010 0.001 0.975 0.005 0.009 
324      587    (0)    2 :  0.002 0.001 0.990 0.003 0.004 
325      588    (0)    2 :  0.012 0.013 0.946 0.019 0.011 
326      589    (0)    2 :  0.043 0.008 0.882 0.041 0.027 
327      590    (0)    2 :  0.010 0.005 0.942 0.005 0.038 
328      001    (0)    3 :  0.002 0.990 0.003 0.003 0.003 
329      005    (0)    3 :  0.002 0.994 0.001 0.002 0.001 
330      106    (0)    3 :  0.003 0.986 0.005 0.003 0.003 
331      192    (0)    3 :  0.011 0.970 0.006 0.009 0.005 
332      229    (0)    3 :  0.003 0.982 0.003 0.005 0.006 
333      319    (0)    3 :  0.002 0.991 0.002 0.003 0.003 
334      327    (0)    3 :  0.004 0.987 0.003 0.003 0.003 
335      340    (0)    3 :  0.003 0.987 0.003 0.004 0.004 
336      345    (0)    3 :  0.003 0.986 0.004 0.004 0.004 
337      375    (0)    3 :  0.005 0.988 0.002 0.003 0.002 
338      501    (4)    3 :  0.003 0.989 0.002 0.004 0.002 
339      502    (0)    3 :  0.004 0.986 0.003 0.004 0.004 
340      503    (2)    3 :  0.002 0.989 0.004 0.002 0.003 
341      504    (0)    3 :  0.004 0.987 0.002 0.004 0.002 
342      505    (0)    3 :  0.004 0.973 0.006 0.004 0.013 
343      506    (2)    3 :  0.003 0.987 0.002 0.006 0.002 
344      507    (4)    3 :  0.003 0.989 0.002 0.003 0.003 
345      508    (0)    3 :  0.003 0.976 0.005 0.008 0.008 
346      509    (2)    3 :  0.004 0.988 0.002 0.003 0.003 
347      510    (2)    3 :  0.020 0.967 0.002 0.008 0.002 
348      511    (4)    3 :  0.002 0.989 0.003 0.003 0.002 
349      512    (4)    3 :  0.003 0.990 0.002 0.003 0.002 
350      513    (0)    3 :  0.005 0.989 0.002 0.002 0.002 
351      514    (0)    3 :  0.003 0.990 0.001 0.004 0.002 
352      515    (2)    3 :  0.003 0.990 0.002 0.002 0.002 
353      516    (2)    3 :  0.007 0.978 0.004 0.006 0.005 
354      517    (0)    3 :  0.002 0.993 0.001 0.002 0.001 
355      518    (0)    3 :  0.003 0.980 0.004 0.006 0.007 
356      519    (0)    3 :  0.003 0.988 0.003 0.003 0.002 
357      520    (2)    3 :  0.005 0.987 0.003 0.003 0.002 
358      521    (2)    3 :  0.003 0.989 0.003 0.002 0.003 
359      522    (0)    3 :  0.007 0.965 0.010 0.012 0.006 
360      523    (2)    3 :  0.002 0.966 0.008 0.010 0.013 
361      524    (0)    3 :  0.011 0.905 0.019 0.022 0.043 
362      525    (0)    3 :  0.004 0.989 0.002 0.003 0.002 
363      526    (2)    3 :  0.002 0.992 0.002 0.002 0.002 
364      527    (2)    4 :  0.011 0.007 0.947 0.008 0.027 
365      528    (4)    4 :  0.014 0.003 0.872 0.054 0.057 
366      529    (4)    4 :  0.005 0.003 0.955 0.020 0.016 
367      530    (0)    4 :  0.006 0.007 0.968 0.006 0.013 
368      531    (2)    4 :  0.004 0.004 0.975 0.006 0.011 
369      532    (4)    4 :  0.003 0.004 0.860 0.017 0.116 
370      533    (0)    4 :  0.003 0.013 0.859 0.065 0.060 
371      534    (2)    4 :  0.005 0.002 0.896 0.006 0.091 
372      535    (2)    4 :  0.003 0.003 0.967 0.015 0.012 
373      536    (2)    4 :  0.002 0.003 0.981 0.005 0.009 
374      537    (2)    4 :  0.013 0.002 0.973 0.006 0.006 
375      538    (2)    4 :  0.006 0.008 0.902 0.043 0.041 
376      539    (2)    4 :  0.002 0.001 0.814 0.003 0.179 
377      540    (2)    4 :  0.002 0.001 0.973 0.012 0.011 
378      541    (2)    4 :  0.003 0.003 0.899 0.016 0.079 
379      542    (2)    4 :  0.012 0.003 0.914 0.027 0.044 
380      543    (0)    4 :  0.025 0.007 0.810 0.076 0.082 
381      544    (2)    4 :  0.002 0.003 0.968 0.004 0.023 
382      545    (2)    4 :  0.002 0.002 0.033 0.008 0.955 
383      546    (4)    4 :  0.002 0.002 0.018 0.009 0.970 
384      547    (6)    4 :  0.040 0.007 0.901 0.038 0.014 
385      019    (0)    5 :  0.004 0.002 0.107 0.012 0.874 
386      064    (0)    5 :  0.003 0.001 0.021 0.002 0.973 
387      065    (0)    5 :  0.002 0.001 0.969 0.003 0.026 
388      066    (0)    5 :  0.003 0.003 0.324 0.014 0.657 
389      067    (0)    5 :  0.009 0.005 0.012 0.010 0.964 
390      068    (0)    5 :  0.029 0.002 0.934 0.010 0.025 
391      069    (0)    5 :  0.004 0.001 0.143 0.006 0.846 
392      107    (0)    5 :  0.003 0.001 0.416 0.005 0.574 
393      110    (0)    5 :  0.002 0.002 0.003 0.003 0.991 
394      121    (0)    5 :  0.003 0.001 0.969 0.005 0.022 
395      137    (0)    5 :  0.002 0.004 0.009 0.008 0.977 
396      146    (0)    5 :  0.004 0.005 0.232 0.012 0.747 
397      149    (0)    5 :  0.002 0.002 0.006 0.006 0.984 
398      154    (0)    5 :  0.024 0.003 0.282 0.007 0.684 
399      179    (0)    5 :  0.004 0.002 0.434 0.005 0.554 
400      181    (0)    5 :  0.003 0.001 0.152 0.004 0.841 
401      182    (0)    5 :  0.020 0.004 0.764 0.015 0.197 
402      186    (0)    5 :  0.005 0.007 0.193 0.028 0.768 
403      193    (0)    5 :  0.004 0.002 0.441 0.007 0.546 
404      320    (0)    5 :  0.008 0.001 0.030 0.005 0.955 
405      341    (0)    5 :  0.006 0.002 0.893 0.013 0.086 
406      376    (0)    5 :  0.003 0.018 0.603 0.009 0.367 
407      395    (0)    5 :  0.004 0.002 0.346 0.012 0.636 
408      396    (0)    5 :  0.002 0.002 0.958 0.003 0.035 
409      397    (0)    5 :  0.007 0.002 0.922 0.004 0.065 
410      398    (0)    5 :  0.005 0.002 0.435 0.005 0.553 
411      399    (0)    5 :  0.004 0.002 0.980 0.006 0.008 
412      400    (0)    5 :  0.003 0.001 0.015 0.006 0.976 
413      401    (0)    5 :  0.002 0.004 0.075 0.009 0.910 
414      402    (0)    5 :  0.003 0.003 0.003 0.003 0.988 
415      403    (0)    5 :  0.005 0.003 0.500 0.016 0.476 
416      073    (0)    6 :  0.002 0.002 0.982 0.005 0.009 
417      074    (0)    6 :  0.005 0.006 0.981 0.005 0.004 
418      075    (0)    6 :  0.004 0.002 0.976 0.006 0.011 
419      076    (0)    6 :  0.007 0.004 0.974 0.006 0.009 
420      077    (0)    6 :  0.009 0.002 0.959 0.008 0.022 
421      078    (0)    6 :  0.006 0.003 0.957 0.016 0.017 
422      079    (0)    6 :  0.003 0.002 0.972 0.008 0.015 
423      080    (0)    6 :  0.021 0.003 0.964 0.005 0.007 
424      081    (0)    6 :  0.004 0.005 0.935 0.010 0.047 
425      082    (0)    6 :  0.003 0.002 0.964 0.004 0.027 
426      083    (0)    6 :  0.002 0.002 0.953 0.006 0.038 
427      084    (0)    6 :  0.002 0.003 0.981 0.004 0.010 
428      085    (0)    6 :  0.003 0.003 0.905 0.030 0.059 
429      404    (0)    6 :  0.003 0.002 0.982 0.004 0.009 
430      405    (0)    6 :  0.002 0.002 0.985 0.005 0.006 
431      406    (0)    6 :  0.004 0.006 0.979 0.006 0.005 
432      407    (0)    6 :  0.003 0.002 0.880 0.005 0.109 
433      408    (0)    6 :  0.006 0.001 0.984 0.004 0.005 
434      411    (2)    6 :  0.003 0.002 0.985 0.003 0.007 
435      412    (0)    6 :  0.007 0.020 0.956 0.009 0.008 
436      413    (0)    6 :  0.002 0.001 0.975 0.004 0.018 
437      591    (0)    7 :  0.007 0.031 0.007 0.951 0.004 
438      592    (0)    7 :  0.015 0.003 0.019 0.956 0.007 
439      593    (0)    7 :  0.005 0.006 0.033 0.941 0.015 
440      594    (0)    7 :  0.016 0.005 0.053 0.913 0.013 
441      595    (0)    7 :  0.038 0.016 0.022 0.853 0.071 
442      596    (0)    7 :  0.242 0.005 0.031 0.665 0.057 
443      597    (0)    7 :  0.010 0.002 0.093 0.829 0.065 
444      598    (0)    7 :  0.033 0.002 0.009 0.907 0.049 
445      599    (0)    7 :  0.004 0.004 0.009 0.978 0.005 
446      600    (0)    7 :  0.115 0.006 0.008 0.805 0.066 
447      601    (0)    7 :  0.004 0.003 0.028 0.931 0.034 
448      602    (0)    7 :  0.016 0.005 0.022 0.901 0.056 
449      603    (0)    7 :  0.008 0.003 0.008 0.976 0.005 
450      604    (0)    7 :  0.043 0.004 0.029 0.901 0.022 
451      605    (0)    7 :  0.054 0.023 0.021 0.887 0.015 
452      606    (0)    7 :  0.020 0.010 0.008 0.957 0.006 
453      607    (0)    7 :  0.088 0.014 0.032 0.699 0.168 
454      608    (0)    7 :  0.008 0.002 0.010 0.971 0.009 
455      609    (0)    7 :  0.005 0.003 0.010 0.964 0.017 
456      610    (0)    7 :  0.009 0.004 0.027 0.946 0.014 
457      611    (2)    7 :  0.014 0.003 0.074 0.865 0.043 
458      612    (0)    7 :  0.081 0.017 0.010 0.534 0.359 
459      755    (0)    7 :  0.043 0.011 0.037 0.886 0.023 
460      756    (0)    7 :  0.005 0.005 0.063 0.916 0.011 
461      757    (0)    7 :  0.013 0.004 0.010 0.967 0.007 
462      002    (0)    8 :  0.002 0.004 0.541 0.007 0.447 
463      099    (2)    8 :  0.097 0.822 0.007 0.066 0.008 
464      641    (2)    8 :  0.005 0.065 0.280 0.144 0.507 
465      642    (0)    8 :  0.003 0.003 0.980 0.009 0.005 
466      643    (2)    8 :  0.003 0.004 0.962 0.019 0.012 
467      644    (0)    8 :  0.009 0.003 0.917 0.010 0.061 
468      645    (0)    8 :  0.003 0.007 0.788 0.163 0.040 
469      646    (0)    8 :  0.015 0.013 0.156 0.168 0.647 
470      006    (0)    9 :  0.003 0.010 0.964 0.017 0.005 
471      011    (0)    9 :  0.003 0.002 0.988 0.003 0.004 
472      033    (2)    9 :  0.003 0.002 0.971 0.010 0.014 
473      048    (0)    9 :  0.006 0.003 0.930 0.050 0.011 
474      061    (0)    9 :  0.004 0.007 0.936 0.043 0.010 
475      088    (0)    9 :  0.008 0.003 0.964 0.012 0.013 
476      091    (0)    9 :  0.003 0.002 0.983 0.007 0.004 
477      098    (0)    9 :  0.004 0.002 0.969 0.008 0.017 
478      104    (0)    9 :  0.002 0.002 0.950 0.003 0.043 
479      196    (0)    9 :  0.007 0.003 0.966 0.010 0.014 
480      197    (0)    9 :  0.014 0.004 0.910 0.034 0.038 
481      201    (0)    9 :  0.001 0.002 0.984 0.006 0.007 
482      202    (0)    9 :  0.016 0.011 0.947 0.013 0.014 
483      204    (0)    9 :  0.002 0.002 0.973 0.006 0.018 
484      231    (0)    9 :  0.004 0.001 0.949 0.006 0.039 
485      328    (0)    9 :  0.002 0.002 0.987 0.005 0.004 
486      346    (0)    9 :  0.007 0.002 0.980 0.005 0.006 


Estimated Allele Frequencies in each cluster
First column gives estimated ancestral frequencies


Locus 1 : 1 
4 alleles
0.0% missing data
  89   (0.492) 0.629 0.260 0.624 0.554 0.333 
  91   (0.402) 0.317 0.665 0.321 0.389 0.542 
  93   (0.082) 0.051 0.050 0.055 0.043 0.122 
  99   (0.024) 0.002 0.025 0.001 0.014 0.002 

Locus 2 : 2 
6 alleles
1.0% missing data
 136   (0.349) 0.446 0.406 0.511 0.291 0.693 
 134   (0.247) 0.378 0.164 0.154 0.260 0.179 
 138   (0.288) 0.169 0.317 0.266 0.334 0.113 
 140   (0.064) 0.004 0.101 0.068 0.050 0.009 
 132   (0.019) 0.001 0.001 0.000 0.019 0.002 
 142   (0.034) 0.002 0.011 0.001 0.045 0.003 

Locus 3 : 3 
6 alleles
0.0% missing data
 181   (0.248) 0.083 0.090 0.228 0.288 0.113 
 187   (0.350) 0.276 0.436 0.510 0.276 0.547 
 179   (0.225) 0.014 0.053 0.237 0.272 0.320 
 191   (0.044) 0.192 0.010 0.021 0.017 0.005 
 185   (0.078) 0.430 0.222 0.002 0.075 0.010 
 175   (0.055) 0.004 0.190 0.001 0.072 0.005 

Locus 4 : 4 
12 alleles
0.2% missing data
 253   (0.453) 0.476 0.239 0.733 0.535 0.464 
 249   (0.039) 0.002 0.059 0.069 0.012 0.025 
 271   (0.053) 0.003 0.092 0.027 0.026 0.047 
 241   (0.160) 0.147 0.468 0.031 0.145 0.314 
 257   (0.010) 0.001 0.001 0.001 0.002 0.008 
 269   (0.169) 0.109 0.059 0.137 0.196 0.116 
 247   (0.055) 0.258 0.023 0.001 0.064 0.006 
 245   (0.014) 0.001 0.055 0.000 0.003 0.001 
 239   (0.014) 0.001 0.001 0.000 0.008 0.001 
 273   (0.012) 0.001 0.003 0.000 0.005 0.002 
 267   (0.011) 0.001 0.001 0.000 0.001 0.015 
 255   (0.010) 0.001 0.001 0.000 0.003 0.001 

Locus 5 : 5 
6 alleles
0.6% missing data
 103   (0.838) 0.976 0.776 0.987 0.877 0.943 
 104   (0.067) 0.004 0.067 0.010 0.054 0.048 
 101   (0.016) 0.015 0.001 0.000 0.004 0.002 
 105   (0.042) 0.003 0.133 0.001 0.045 0.004 
 102   (0.017) 0.001 0.001 0.000 0.012 0.002 
 107   (0.021) 0.001 0.021 0.000 0.008 0.002 

Locus 6 : 6 
5 alleles
0.2% missing data
 141   (0.289) 0.138 0.110 0.580 0.269 0.315 
 145   (0.341) 0.277 0.047 0.193 0.492 0.161 
 135   (0.249) 0.283 0.646 0.187 0.183 0.332 
 147   (0.103) 0.301 0.110 0.039 0.052 0.188 
 137   (0.018) 0.001 0.086 0.000 0.004 0.003 

Locus 7 : 7 
10 alleles
1.2% missing data
  93   (0.247) 0.080 0.220 0.345 0.239 0.395 
 103   (0.272) 0.493 0.017 0.379 0.351 0.300 
  91   (0.072) 0.150 0.062 0.034 0.049 0.010 
  97   (0.190) 0.264 0.241 0.158 0.167 0.160 
  85   (0.042) 0.003 0.003 0.042 0.040 0.012 
  89   (0.096) 0.006 0.255 0.040 0.078 0.115 
  83   (0.031) 0.002 0.002 0.001 0.063 0.003 
 105   (0.020) 0.001 0.074 0.000 0.007 0.002 
 101   (0.014) 0.001 0.104 0.000 0.002 0.001 
  99   (0.015) 0.001 0.022 0.000 0.003 0.001 

Locus 8 : 8 
8 alleles
0.0% missing data
 129   (0.525) 0.636 0.289 0.693 0.594 0.499 
 141   (0.070) 0.200 0.004 0.091 0.038 0.119 
 149   (0.096) 0.016 0.237 0.129 0.070 0.043 
 143   (0.248) 0.143 0.367 0.085 0.268 0.332 
 127   (0.018) 0.001 0.098 0.000 0.005 0.002 
 131   (0.015) 0.002 0.004 0.000 0.007 0.002 
 133   (0.017) 0.001 0.001 0.000 0.014 0.002 
 145   (0.011) 0.001 0.001 0.000 0.003 0.001 

Locus 9 : 9 
5 alleles
0.0% missing data
 191   (0.404) 0.541 0.336 0.557 0.372 0.574 
 195   (0.178) 0.058 0.333 0.182 0.178 0.050 
 189   (0.397) 0.399 0.330 0.257 0.446 0.374 
 197   (0.011) 0.001 0.001 0.000 0.003 0.001 
 193   (0.011) 0.001 0.001 0.003 0.001 0.001 

Locus 10 : 10 
7 alleles
0.4% missing data
 232   (0.237) 0.277 0.137 0.293 0.217 0.375 
 238   (0.549) 0.339 0.677 0.566 0.648 0.441 
 252   (0.108) 0.036 0.017 0.117 0.092 0.172 
 254   (0.054) 0.267 0.141 0.022 0.022 0.006 
 248   (0.023) 0.079 0.002 0.001 0.011 0.003 
 250   (0.020) 0.001 0.026 0.000 0.007 0.002 
 236   (0.011) 0.002 0.001 0.000 0.003 0.001 

Locus 11 : 11 
4 alleles
0.0% missing data
  87   (0.653) 0.543 0.587 0.639 0.743 0.581 
  89   (0.247) 0.378 0.132 0.311 0.215 0.341 
  91   (0.077) 0.078 0.146 0.050 0.033 0.075 
  85   (0.023) 0.001 0.134 0.001 0.009 0.002 

Locus 12 : 12 
13 alleles
0.4% missing data
 160   (0.234) 0.694 0.446 0.118 0.206 0.204 
 162   (0.216) 0.247 0.014 0.242 0.293 0.133 
 147   (0.060) 0.004 0.004 0.114 0.039 0.296 
 158   (0.210) 0.026 0.086 0.485 0.216 0.316 
 161   (0.106) 0.019 0.244 0.027 0.110 0.029 
 170   (0.050) 0.003 0.026 0.010 0.047 0.006 
 143   (0.031) 0.002 0.170 0.001 0.021 0.003 
 154   (0.020) 0.002 0.005 0.001 0.013 0.004 
 149   (0.023) 0.001 0.001 0.001 0.034 0.003 
 153   (0.014) 0.001 0.001 0.000 0.008 0.001 
 150   (0.011) 0.001 0.001 0.000 0.003 0.001 
 159   (0.014) 0.001 0.001 0.000 0.008 0.001 
 164   (0.010) 0.001 0.001 0.000 0.003 0.002 

Locus 13 : 13 
5 alleles
0.0% missing data
 108   (0.200) 0.197 0.310 0.176 0.173 0.157 
 115   (0.432) 0.292 0.328 0.575 0.484 0.330 
 113   (0.347) 0.511 0.360 0.249 0.337 0.510 
 109   (0.011) 0.001 0.001 0.000 0.003 0.001 
 110   (0.011) 0.001 0.001 0.000 0.003 0.001 

Locus 14 : 14 
5 alleles
1.2% missing data
 227   (0.160) 0.027 0.029 0.244 0.174 0.290 
 231   (0.177) 0.363 0.347 0.096 0.149 0.122 
 229   (0.461) 0.400 0.412 0.484 0.512 0.461 
 225   (0.126) 0.204 0.097 0.087 0.121 0.027 
 233   (0.076) 0.005 0.115 0.088 0.045 0.100 

Locus 15 : 15 
5 alleles
0.4% missing data
 143   (0.827) 0.825 0.624 0.965 0.867 0.958 
 157   (0.012) 0.001 0.001 0.016 0.001 0.001 
 145   (0.084) 0.006 0.205 0.017 0.079 0.032 
 147   (0.056) 0.138 0.169 0.001 0.043 0.007 
 133   (0.023) 0.030 0.002 0.001 0.010 0.002 

Locus 16 : 16 
5 alleles
0.2% missing data
 156   (0.251) 0.496 0.220 0.290 0.242 0.118 
 158   (0.491) 0.210 0.307 0.497 0.568 0.672 
 160   (0.157) 0.113 0.106 0.167 0.125 0.197 
 154   (0.089) 0.180 0.367 0.046 0.059 0.011 
 152   (0.013) 0.001 0.001 0.000 0.005 0.001 

Locus 17 : 17 
5 alleles
0.0% missing data
 102   (0.201) 0.197 0.041 0.242 0.198 0.160 
  90   (0.668) 0.793 0.353 0.712 0.708 0.801 
  88   (0.082) 0.007 0.368 0.045 0.057 0.034 
 100   (0.039) 0.002 0.238 0.001 0.034 0.005 
 104   (0.011) 0.001 0.001 0.000 0.003 0.001 

Locus 18 : 18 
7 alleles
0.0% missing data
 142   (0.123) 0.008 0.022 0.410 0.106 0.349 
 146   (0.090) 0.215 0.005 0.175 0.079 0.027 
 140   (0.283) 0.194 0.300 0.104 0.309 0.401 
 127   (0.268) 0.069 0.419 0.229 0.308 0.141 
 148   (0.108) 0.216 0.060 0.058 0.081 0.051 
 150   (0.070) 0.293 0.174 0.002 0.073 0.007 
 138   (0.058) 0.006 0.020 0.022 0.044 0.024 

Locus 19 : 19 
8 alleles
0.2% missing data
 188   (0.154) 0.163 0.010 0.124 0.171 0.188 
 190   (0.178) 0.201 0.039 0.372 0.140 0.309 
 194   (0.539) 0.494 0.632 0.501 0.564 0.487 
 202   (0.025) 0.135 0.035 0.001 0.006 0.002 
 200   (0.070) 0.005 0.254 0.002 0.112 0.009 
 192   (0.011) 0.001 0.001 0.000 0.003 0.001 
 196   (0.011) 0.001 0.001 0.000 0.003 0.002 
 198   (0.011) 0.001 0.029 0.000 0.001 0.001 

Locus 20 : 20 
6 alleles
0.8% missing data
 252   (0.635) 0.718 0.099 0.840 0.768 0.676 
 250   (0.109) 0.146 0.430 0.094 0.054 0.083 
 244   (0.032) 0.002 0.038 0.016 0.010 0.003 
 254   (0.092) 0.080 0.227 0.033 0.067 0.016 
 246   (0.103) 0.053 0.204 0.006 0.082 0.215 
 248   (0.029) 0.002 0.002 0.011 0.019 0.006 

Locus 21 : 21 
7 alleles
0.2% missing data
 173   (0.302) 0.209 0.195 0.360 0.354 0.156 
 177   (0.245) 0.180 0.069 0.274 0.247 0.588 
 175   (0.138) 0.263 0.508 0.033 0.132 0.035 
 167   (0.184) 0.119 0.072 0.322 0.172 0.170 
 163   (0.046) 0.205 0.089 0.003 0.024 0.005 
 165   (0.065) 0.024 0.066 0.008 0.049 0.044 
 159   (0.019) 0.001 0.001 0.000 0.021 0.002 

Locus 22 : 22 
11 alleles
0.6% missing data
 146   (0.201) 0.141 0.018 0.262 0.250 0.218 
 154   (0.013) 0.001 0.001 0.059 0.001 0.004 
 166   (0.076) 0.005 0.009 0.032 0.079 0.233 
 152   (0.419) 0.387 0.167 0.606 0.486 0.470 
 150   (0.038) 0.002 0.108 0.009 0.017 0.011 
 164   (0.048) 0.003 0.057 0.013 0.023 0.039 
 156   (0.028) 0.278 0.093 0.001 0.008 0.003 
 162   (0.051) 0.070 0.117 0.001 0.044 0.006 
 158   (0.089) 0.111 0.363 0.017 0.079 0.011 
 148   (0.015) 0.001 0.043 0.000 0.003 0.002 
 142   (0.021) 0.001 0.025 0.000 0.010 0.002 

Locus 23 : 23 
7 alleles
0.8% missing data
 152   (0.022) 0.001 0.001 0.053 0.003 0.072 
 156   (0.128) 0.035 0.359 0.036 0.114 0.089 
 144   (0.213) 0.620 0.311 0.175 0.179 0.148 
 160   (0.126) 0.107 0.016 0.166 0.101 0.289 
 154   (0.464) 0.234 0.194 0.563 0.581 0.396 
 158   (0.035) 0.002 0.117 0.006 0.017 0.004 
 146   (0.013) 0.001 0.001 0.000 0.005 0.003 

Locus 24 : 24 
4 alleles
0.4% missing data
  77   (0.089) 0.054 0.005 0.293 0.072 0.038 
  83   (0.508) 0.917 0.598 0.473 0.458 0.582 
  81   (0.317) 0.023 0.370 0.210 0.381 0.337 
  85   (0.085) 0.006 0.027 0.024 0.089 0.043 

Locus 25 : 25 
6 alleles
0.4% missing data
 132   (0.289) 0.461 0.036 0.544 0.328 0.143 
 124   (0.539) 0.527 0.458 0.382 0.545 0.807 
 126   (0.037) 0.002 0.012 0.050 0.011 0.028 
 122   (0.092) 0.006 0.409 0.022 0.097 0.015 
 120   (0.024) 0.001 0.082 0.001 0.010 0.002 
 136   (0.018) 0.002 0.003 0.001 0.009 0.004 

Locus 26 : 26 
7 alleles
0.2% missing data
 165   (0.229) 0.064 0.156 0.153 0.262 0.184 
 183   (0.368) 0.426 0.226 0.550 0.352 0.446 
 179   (0.096) 0.006 0.292 0.055 0.070 0.100 
 175   (0.223) 0.436 0.014 0.240 0.260 0.261 
 181   (0.057) 0.066 0.221 0.001 0.050 0.007 
 185   (0.016) 0.001 0.091 0.000 0.003 0.002 
 157   (0.011) 0.001 0.001 0.000 0.003 0.001 

Locus 27 : 27 
4 alleles
0.2% missing data
 142   (0.634) 0.738 0.481 0.683 0.680 0.619 
 148   (0.198) 0.076 0.338 0.101 0.185 0.188 
 138   (0.061) 0.004 0.044 0.198 0.022 0.177 
 150   (0.108) 0.182 0.138 0.017 0.113 0.016 

Locus 28 : 28 
6 alleles
0.8% missing data
 260   (0.376) 0.370 0.203 0.348 0.409 0.475 
 262   (0.508) 0.555 0.716 0.639 0.501 0.511 
 256   (0.074) 0.072 0.078 0.012 0.064 0.010 
 258   (0.014) 0.001 0.001 0.000 0.008 0.001 
 266   (0.011) 0.001 0.001 0.000 0.003 0.001 
 264   (0.017) 0.001 0.001 0.000 0.015 0.002 

Locus 29 : 29 
7 alleles
0.2% missing data
 146   (0.277) 0.334 0.274 0.176 0.284 0.324 
 150   (0.421) 0.299 0.217 0.649 0.477 0.419 
 140   (0.162) 0.063 0.459 0.127 0.168 0.039 
 148   (0.082) 0.298 0.032 0.039 0.040 0.195 
 152   (0.029) 0.003 0.016 0.001 0.027 0.004 
 151   (0.014) 0.001 0.001 0.006 0.002 0.011 
 142   (0.014) 0.001 0.001 0.003 0.003 0.008 

Locus 30 : 30 
6 alleles
0.2% missing data
 125   (0.253) 0.031 0.146 0.472 0.242 0.330 
 129   (0.448) 0.779 0.103 0.470 0.460 0.592 
 123   (0.162) 0.101 0.095 0.055 0.172 0.061 
 127   (0.084) 0.086 0.537 0.002 0.087 0.010 
 121   (0.017) 0.002 0.004 0.000 0.007 0.003 
 131   (0.037) 0.002 0.115 0.001 0.032 0.004 

Locus 31 : 31 
6 alleles
0.2% missing data
 159   (0.187) 0.013 0.167 0.137 0.219 0.150 
 155   (0.530) 0.698 0.438 0.668 0.496 0.798 
 157   (0.160) 0.026 0.075 0.114 0.211 0.038 
 153   (0.072) 0.005 0.259 0.074 0.057 0.007 
 151   (0.040) 0.257 0.060 0.004 0.014 0.004 
 163   (0.011) 0.001 0.001 0.002 0.001 0.003 

Locus 32 : 32 
5 alleles
0.0% missing data
 146   (0.284) 0.314 0.653 0.079 0.335 0.075 
 150   (0.569) 0.631 0.260 0.846 0.560 0.825 
 148   (0.089) 0.051 0.034 0.073 0.052 0.085 
 154   (0.041) 0.003 0.053 0.001 0.038 0.011 
 152   (0.018) 0.001 0.001 0.000 0.014 0.003 

Locus 33 : 33 
7 alleles
0.0% missing data
 180   (0.439) 0.660 0.417 0.592 0.437 0.406 
 196   (0.113) 0.007 0.026 0.182 0.108 0.180 
 184   (0.210) 0.079 0.201 0.168 0.223 0.140 
 194   (0.018) 0.001 0.001 0.032 0.002 0.037 
 192   (0.116) 0.182 0.133 0.007 0.169 0.013 
 198   (0.083) 0.070 0.221 0.019 0.040 0.222 
 190   (0.020) 0.001 0.001 0.000 0.021 0.002 

Locus 34 : 34 
6 alleles
0.0% missing data
 110   (0.195) 0.086 0.131 0.346 0.158 0.181 
 112   (0.321) 0.063 0.048 0.475 0.361 0.680 
 106   (0.300) 0.692 0.237 0.138 0.331 0.103 
  90   (0.054) 0.003 0.077 0.030 0.031 0.019 
 108   (0.115) 0.114 0.505 0.012 0.115 0.015 
  96   (0.016) 0.043 0.001 0.000 0.003 0.002 

Locus 35 : 35 
9 alleles
0.0% missing data
 166   (0.073) 0.005 0.004 0.255 0.056 0.160 
 176   (0.119) 0.020 0.083 0.125 0.084 0.330 
 172   (0.314) 0.561 0.147 0.449 0.317 0.233 
 170   (0.269) 0.332 0.394 0.161 0.271 0.185 
 174   (0.107) 0.073 0.039 0.005 0.173 0.021 
 178   (0.038) 0.003 0.002 0.003 0.032 0.061 
 168   (0.042) 0.003 0.311 0.001 0.043 0.004 
 186   (0.028) 0.002 0.019 0.001 0.019 0.005 
 158   (0.011) 0.001 0.001 0.000 0.003 0.001 

Locus 36 : 36 
6 alleles
0.0% missing data
  89   (0.553) 0.513 0.560 0.633 0.596 0.694 
  95   (0.068) 0.005 0.027 0.077 0.056 0.035 
  85   (0.179) 0.245 0.092 0.226 0.153 0.214 
  81   (0.051) 0.004 0.003 0.011 0.081 0.008 
  83   (0.127) 0.232 0.275 0.052 0.105 0.046 
  91   (0.022) 0.001 0.043 0.001 0.010 0.002 

Locus 37 : 37 
10 alleles
0.0% missing data
 161   (0.356) 0.372 0.666 0.531 0.331 0.504 
 165   (0.207) 0.104 0.127 0.167 0.225 0.265 
 159   (0.022) 0.001 0.001 0.030 0.006 0.012 
 173   (0.237) 0.511 0.171 0.138 0.288 0.107 
 169   (0.100) 0.006 0.030 0.123 0.106 0.104 
 167   (0.023) 0.003 0.001 0.010 0.010 0.003 
 168   (0.014) 0.002 0.001 0.000 0.007 0.001 
 155   (0.015) 0.001 0.001 0.000 0.012 0.002 
 177   (0.010) 0.001 0.001 0.000 0.003 0.001 
 175   (0.015) 0.001 0.001 0.000 0.012 0.001 

Locus 38 : 38 
6 alleles
0.6% missing data
  87   (0.125) 0.123 0.455 0.154 0.068 0.138 
  89   (0.413) 0.096 0.200 0.591 0.470 0.631 
  91   (0.153) 0.189 0.120 0.135 0.150 0.037 
  81   (0.116) 0.114 0.008 0.079 0.123 0.101 
  85   (0.182) 0.477 0.217 0.038 0.188 0.091 
  83   (0.011) 0.001 0.001 0.003 0.001 0.001 

Locus 39 : 39 
4 alleles
0.6% missing data
 167   (0.774) 0.860 0.444 0.909 0.816 0.914 
 161   (0.174) 0.134 0.441 0.088 0.150 0.079 
 165   (0.041) 0.004 0.115 0.002 0.031 0.006 
 177   (0.011) 0.002 0.001 0.000 0.003 0.001 

Locus 40 : 40 
6 alleles
0.4% missing data
 228   (0.434) 0.241 0.197 0.532 0.445 0.632 
 238   (0.292) 0.119 0.071 0.314 0.335 0.268 
 224   (0.044) 0.003 0.013 0.081 0.013 0.056 
 236   (0.112) 0.387 0.306 0.070 0.073 0.024 
 232   (0.018) 0.001 0.001 0.001 0.009 0.008 
 240   (0.102) 0.249 0.412 0.002 0.125 0.012 

Locus 41 : 41 
7 alleles
0.0% missing data
 128   (0.115) 0.036 0.007 0.142 0.134 0.075 
 130   (0.522) 0.767 0.612 0.615 0.506 0.585 
 114   (0.068) 0.005 0.099 0.104 0.038 0.051 
 132   (0.135) 0.056 0.008 0.125 0.146 0.269 
 118   (0.064) 0.130 0.094 0.003 0.058 0.007 
 134   (0.085) 0.005 0.179 0.011 0.115 0.012 
 136   (0.011) 0.001 0.001 0.000 0.003 0.001 

Locus 42 : 42 
6 alleles
1.2% missing data
 102   (0.293) 0.485 0.078 0.396 0.291 0.435 
 104   (0.354) 0.401 0.206 0.203 0.462 0.159 
  92   (0.122) 0.008 0.275 0.096 0.097 0.252 
  96   (0.079) 0.005 0.178 0.097 0.048 0.070 
  98   (0.141) 0.099 0.263 0.206 0.100 0.083 
 106   (0.011) 0.002 0.001 0.001 0.002 0.001 

Locus 43 : 43 
6 alleles
1.4% missing data
 101   (0.308) 0.190 0.301 0.439 0.319 0.240 
 103   (0.298) 0.353 0.126 0.200 0.341 0.340 
  99   (0.133) 0.009 0.235 0.044 0.137 0.224 
  95   (0.229) 0.446 0.292 0.316 0.190 0.192 
  97   (0.022) 0.001 0.045 0.001 0.009 0.002 
  91   (0.011) 0.001 0.001 0.000 0.003 0.001 

Locus 44 : 44 
7 alleles
0.2% missing data
 177   (0.088) 0.006 0.092 0.058 0.063 0.142 
 191   (0.262) 0.106 0.585 0.186 0.273 0.128 
 181   (0.567) 0.855 0.182 0.754 0.612 0.722 
 189   (0.011) 0.028 0.001 0.000 0.001 0.001 
 179   (0.037) 0.002 0.129 0.001 0.033 0.004 
 183   (0.013) 0.001 0.001 0.000 0.005 0.001 
 193   (0.023) 0.001 0.011 0.001 0.013 0.002 

Locus 45 : 45 
6 alleles
0.8% missing data
 205   (0.424) 0.409 0.296 0.521 0.494 0.516 
 211   (0.221) 0.274 0.376 0.237 0.217 0.130 
 207   (0.152) 0.197 0.061 0.127 0.144 0.160 
 201   (0.088) 0.008 0.110 0.066 0.069 0.125 
 215   (0.098) 0.112 0.146 0.048 0.071 0.067 
 202   (0.017) 0.001 0.011 0.000 0.006 0.003 

Locus 46 : 46 
10 alleles
1.0% missing data
 144   (0.078) 0.125 0.010 0.228 0.047 0.080 
 158   (0.159) 0.091 0.105 0.110 0.141 0.376 
 168   (0.136) 0.111 0.209 0.211 0.107 0.071 
 166   (0.152) 0.382 0.039 0.320 0.128 0.127 
 142   (0.319) 0.281 0.128 0.125 0.458 0.298 
 170   (0.026) 0.002 0.038 0.003 0.010 0.003 
 156   (0.033) 0.002 0.167 0.001 0.017 0.022 
 162   (0.038) 0.002 0.147 0.001 0.042 0.004 
 164   (0.048) 0.003 0.156 0.001 0.047 0.018 
 160   (0.011) 0.001 0.001 0.000 0.003 0.001 

Locus 47 : 47 
7 alleles
9.9% missing data
 149   (0.331) 0.327 0.709 0.231 0.336 0.193 
 151   (0.185) 0.013 0.089 0.206 0.190 0.512 
 153   (0.197) 0.030 0.045 0.334 0.235 0.144 
 147   (0.038) 0.002 0.004 0.030 0.018 0.037 
 145   (0.215) 0.626 0.106 0.195 0.210 0.109 
 152   (0.011) 0.001 0.001 0.003 0.001 0.003 
 143   (0.023) 0.002 0.047 0.001 0.010 0.002 

Values of parameters used in structure:
DATAFILE=temp2.str,	OUTFILE=k5/temp2_k5_run9,	NUMINDS=486,	NUMLOCI=47,	MISSING=-9,	LABEL=1,	POPDATA=1,	POPFLAG=0,	PHENOTYPE=0,	EXTRACOLS=0,	MAXPOPS=5,	BURNIN=500000,	NUMREPS=750000,	USEPOPINFO=0,	INFERALPHA=1,	INFERLAMBDA=0,	POPSPECIFICLAMBDA=0,	POPALPHAS=0,	COMPUTEPROB=1,	NOADMIX=0,	ADMBURNIN=500,	UPDATEFREQ=100,	PRINTLIKES=0,	INTERMEDSAVE=0,	PRINTKLD=0,	PRINTNET=1,	PRINTLAMBDA=1,	ANCESTDIST=0,	NUMBOXES=1000,	ANCESTPINT=0.90000,	GENSBACK=2,	MIGRPRIOR=0.01000,	PRINTQHAT=0,	PRINTQSUM=1,	ALPHA=1.0000,	FREQSCORR=1,	FPRIORMEAN=0.0100,	FPRIORSD=0.0500,	ONEFST=0,	LAMBDA=1.0000,	UNIFPRIORALPHA=1,	ALPHAMAX=10.0000,	ALPHAPRIORA=1.0000,	ALPHAPRIORB=2.0000,	ALPHAPROPSD=0.0250,	STARTATPOPINFO=0,	RANDOMIZE=0,	LINKAGE=0,	METROFREQ=10,	REPORTHITRATE=0,	MARKOVPHASE=0,	PHASED=1,	PLOIDY=2,	PHASEINFO=0	LOCPRIOR=0, 	LOCPRIORINIT=1.000000, 	LOCDATA=0, 	LOCISPOP=1, 	LOCPRIORSTEP=0.100000, 	MAXLOCPRIOR=20.000000, 	SEED=116283,	
[STRAT parameters]:    NUMSIMSTATS=1000,	PHENOTYPECOL=-9,	POOLFREQ=10,	LOCUSxONLY=0,	EMERROR=0.00100,	MISSINGPHENO=-9,	