

----------------------------------------------------
STRUCTURE by Pritchard, Stephens and Donnelly (2000)
     and Falush, Stephens and Pritchard (2003)
       Code by Pritchard, Falush and Hubisz
             Version 2.3.4 (Jul 2012)
----------------------------------------------------



Command line arguments:   structure -D 848859 -K 7 -m mainparams -o k7/temp2_k7_run8 
Input File:    temp2.str

Run parameters:
   486 individuals
   47 loci
   7 populations assumed
   500000 Burn-in period
   750000 Reps
RANDOMIZE turned off


--------------------------------------------
Proportion of membership of each pre-defined
 population in each of the 7 clusters

Given    Inferred Clusters                                   Number of
 Pop       1      2      3      4      5      6      7      Individuals

  1:     0.003  0.003  0.009  0.012  0.008  0.009  0.955       63
  2:     0.002  0.006  0.010  0.016  0.007  0.017  0.942       20
  3:     0.973  0.006  0.004  0.005  0.004  0.004  0.003       36
  4:     0.003  0.004  0.014  0.032  0.006  0.026  0.915       21
  5:     0.004  0.004  0.007  0.010  0.005  0.082  0.888       31
  6:     0.003  0.004  0.008  0.006  0.004  0.005  0.970       21
  7:     0.004  0.005  0.070  0.020  0.012  0.875  0.013       25
  8:     0.107  0.012  0.021  0.048  0.013  0.077  0.721        8
  9:     0.003  0.007  0.016  0.011  0.004  0.008  0.951       17
 10:     0.003  0.003  0.004  0.005  0.974  0.006  0.004       29
 11:     0.005  0.985  0.002  0.003  0.002  0.002  0.002        9
 12:     0.017  0.007  0.091  0.651  0.014  0.207  0.013       26
 13:     0.015  0.009  0.351  0.501  0.011  0.095  0.019       74
 14:     0.013  0.007  0.595  0.238  0.013  0.110  0.025       35
 15:     0.010  0.008  0.828  0.050  0.009  0.047  0.048       24
 16:     0.025  0.010  0.109  0.673  0.027  0.120  0.037       43
 17:     0.006  0.003  0.109  0.797  0.010  0.034  0.041        4
--------------------------------------------

Allele-freq. divergence among pops (Net nucleotide distance),
computed using point estimates of P.

      1       2       3       4       5       6       7      
 1      -    0.1081  0.1070  0.0746  0.1152  0.0860  0.1299  
 2   0.1081     -    0.1189  0.0962  0.1287  0.1006  0.1334  
 3   0.1070  0.1189     -    0.0137  0.0636  0.0210  0.0347  
 4   0.0746  0.0962  0.0137     -    0.0518  0.0099  0.0254  
 5   0.1152  0.1287  0.0636  0.0518     -    0.0545  0.0723  
 6   0.0860  0.1006  0.0210  0.0099  0.0545     -    0.0306  
 7   0.1299  0.1334  0.0347  0.0254  0.0723  0.0306     -    

Average distances (expected heterozygosity) between individuals in same cluster:
cluster  1  : 0.6376 
cluster  2  : 0.5365 
cluster  3  : 0.5879 
cluster  4  : 0.6417 
cluster  5  : 0.5488 
cluster  6  : 0.6215 
cluster  7  : 0.5542 

--------------------------------------------
Estimated Ln Prob of Data   = -52059.7
Mean value of ln likelihood = -51359.9
Variance of ln likelihood   = 1399.7
Mean value of alpha         = 0.0315

Mean value of Fst_1         = 0.1690
Mean value of Fst_2         = 0.2996
Mean value of Fst_3         = 0.0601
Mean value of Fst_4         = 0.0072
Mean value of Fst_5         = 0.2033
Mean value of Fst_6         = 0.0464
Mean value of Fst_7         = 0.1266


Inferred ancestry of individuals:
        Label (%Miss) Pop:  Inferred clusters
  1      221    (0)    1 :  0.002 0.003 0.007 0.006 0.002 0.009 0.971 
  2      222    (0)    1 :  0.003 0.005 0.005 0.007 0.008 0.009 0.963 
  3      223    (0)    1 :  0.004 0.003 0.007 0.008 0.002 0.006 0.968 
  4      224    (0)    1 :  0.001 0.001 0.002 0.003 0.004 0.004 0.985 
  5      225    (0)    1 :  0.002 0.002 0.003 0.004 0.003 0.003 0.982 
  6      226    (0)    1 :  0.001 0.004 0.003 0.005 0.002 0.009 0.976 
  7      227    (0)    1 :  0.005 0.015 0.006 0.013 0.005 0.021 0.936 
  8      228    (0)    1 :  0.004 0.003 0.011 0.008 0.004 0.006 0.964 
  9      234    (0)    1 :  0.001 0.002 0.004 0.003 0.002 0.003 0.985 
 10      235    (0)    1 :  0.001 0.003 0.003 0.003 0.002 0.003 0.986 
 11      236    (0)    1 :  0.001 0.001 0.002 0.002 0.002 0.003 0.989 
 12      237    (0)    1 :  0.002 0.001 0.004 0.003 0.002 0.003 0.985 
 13      238    (0)    1 :  0.004 0.003 0.005 0.005 0.008 0.012 0.963 
 14      239    (0)    1 :  0.003 0.009 0.011 0.033 0.020 0.077 0.847 
 15      240    (0)    1 :  0.001 0.002 0.003 0.003 0.002 0.003 0.986 
 16      242    (0)    1 :  0.001 0.001 0.036 0.291 0.002 0.045 0.624 
 17      243    (0)    1 :  0.002 0.010 0.006 0.009 0.014 0.012 0.947 
 18      244    (0)    1 :  0.002 0.009 0.002 0.008 0.003 0.010 0.965 
 19      245    (0)    1 :  0.031 0.015 0.016 0.017 0.010 0.013 0.900 
 20      246    (0)    1 :  0.002 0.003 0.002 0.003 0.003 0.003 0.984 
 21      248    (0)    1 :  0.003 0.003 0.004 0.008 0.024 0.005 0.954 
 22      249    (0)    1 :  0.001 0.001 0.003 0.002 0.002 0.003 0.988 
 23      250    (0)    1 :  0.007 0.005 0.017 0.012 0.010 0.011 0.938 
 24      251    (0)    1 :  0.001 0.003 0.007 0.004 0.002 0.003 0.979 
 25      252    (0)    1 :  0.002 0.001 0.016 0.010 0.055 0.009 0.908 
 26      253    (0)    1 :  0.021 0.003 0.005 0.038 0.030 0.012 0.891 
 27      254    (0)    1 :  0.002 0.002 0.004 0.005 0.003 0.005 0.978 
 28      255    (0)    1 :  0.002 0.002 0.005 0.007 0.004 0.018 0.961 
 29      256    (0)    1 :  0.002 0.002 0.004 0.005 0.001 0.004 0.982 
 30      257    (0)    1 :  0.002 0.003 0.009 0.008 0.008 0.010 0.960 
 31      258    (0)    1 :  0.003 0.001 0.008 0.006 0.003 0.008 0.971 
 32      259    (0)    1 :  0.002 0.002 0.006 0.010 0.003 0.006 0.972 
 33      260    (0)    1 :  0.002 0.005 0.004 0.004 0.056 0.009 0.920 
 34      261    (0)    1 :  0.002 0.003 0.074 0.011 0.012 0.015 0.884 
 35      262    (0)    1 :  0.001 0.001 0.002 0.002 0.002 0.002 0.989 
 36      263    (0)    1 :  0.003 0.004 0.004 0.004 0.020 0.016 0.950 
 37      264    (0)    1 :  0.001 0.001 0.005 0.004 0.003 0.005 0.981 
 38      265    (0)    1 :  0.001 0.002 0.004 0.004 0.023 0.007 0.958 
 39      266    (0)    1 :  0.001 0.001 0.003 0.003 0.002 0.002 0.988 
 40      267    (0)    1 :  0.001 0.002 0.003 0.003 0.001 0.003 0.988 
 41      268    (0)    1 :  0.001 0.007 0.005 0.006 0.050 0.006 0.924 
 42      269    (0)    1 :  0.001 0.001 0.003 0.002 0.002 0.003 0.987 
 43      270    (0)    1 :  0.001 0.002 0.003 0.003 0.002 0.005 0.984 
 44      271    (0)    1 :  0.005 0.003 0.016 0.021 0.010 0.011 0.934 
 45      272    (0)    1 :  0.001 0.005 0.021 0.014 0.005 0.016 0.939 
 46      273    (0)    1 :  0.003 0.002 0.008 0.011 0.003 0.028 0.946 
 47      274    (0)    1 :  0.002 0.003 0.005 0.004 0.005 0.004 0.977 
 48      275    (2)    1 :  0.001 0.001 0.004 0.004 0.002 0.005 0.983 
 49      276    (0)    1 :  0.001 0.002 0.007 0.005 0.004 0.004 0.977 
 50      277    (0)    1 :  0.001 0.001 0.063 0.007 0.002 0.007 0.918 
 51      278    (0)    1 :  0.001 0.007 0.022 0.007 0.004 0.004 0.955 
 52      279    (0)    1 :  0.002 0.002 0.006 0.011 0.002 0.005 0.972 
 53      280    (0)    1 :  0.002 0.002 0.014 0.006 0.004 0.009 0.963 
 54      287    (0)    1 :  0.003 0.004 0.009 0.012 0.006 0.011 0.956 
 55      290    (0)    1 :  0.002 0.005 0.009 0.007 0.002 0.009 0.967 
 56      291    (0)    1 :  0.002 0.003 0.024 0.007 0.005 0.006 0.953 
 57      295    (0)    1 :  0.001 0.001 0.012 0.003 0.002 0.004 0.977 
 58      296    (0)    1 :  0.001 0.002 0.003 0.003 0.004 0.004 0.982 
 59      872    (2)    1 :  0.003 0.004 0.004 0.004 0.005 0.004 0.976 
 60      873    (4)    1 :  0.003 0.004 0.004 0.014 0.003 0.014 0.959 
 61      874    (2)    1 :  0.001 0.001 0.010 0.004 0.002 0.005 0.976 
 62      875    (0)    1 :  0.003 0.013 0.004 0.004 0.002 0.004 0.970 
 63      876    (6)    1 :  0.002 0.001 0.014 0.012 0.013 0.021 0.937 
 64      212    (0)   10 :  0.001 0.001 0.003 0.002 0.987 0.002 0.002 
 65      213    (0)   10 :  0.002 0.003 0.006 0.004 0.979 0.003 0.004 
 66      214    (0)   10 :  0.003 0.001 0.003 0.005 0.980 0.004 0.004 
 67      215    (0)   10 :  0.002 0.003 0.005 0.003 0.979 0.004 0.005 
 68      216    (0)   10 :  0.001 0.002 0.004 0.003 0.984 0.003 0.003 
 69      217    (0)   10 :  0.002 0.001 0.004 0.005 0.979 0.004 0.004 
 70      218    (0)   10 :  0.003 0.002 0.003 0.002 0.985 0.003 0.003 
 71      332    (0)   10 :  0.002 0.005 0.014 0.009 0.936 0.022 0.012 
 72      333    (0)   10 :  0.009 0.010 0.007 0.015 0.921 0.024 0.013 
 73      334    (0)   10 :  0.002 0.002 0.004 0.004 0.977 0.005 0.005 
 74      335    (0)   10 :  0.002 0.001 0.003 0.003 0.987 0.002 0.002 
 75      336    (0)   10 :  0.002 0.012 0.002 0.002 0.975 0.004 0.003 
 76      337    (0)   10 :  0.003 0.002 0.003 0.005 0.971 0.008 0.009 
 77      673    (0)   10 :  0.001 0.001 0.002 0.001 0.992 0.001 0.001 
 78      674    (0)   10 :  0.001 0.001 0.003 0.004 0.978 0.008 0.003 
 79      675    (0)   10 :  0.002 0.004 0.006 0.004 0.977 0.004 0.003 
 80      676    (0)   10 :  0.002 0.001 0.007 0.004 0.978 0.005 0.003 
 81      677    (0)   10 :  0.001 0.002 0.003 0.003 0.982 0.003 0.005 
 82      678    (0)   10 :  0.004 0.005 0.010 0.015 0.951 0.005 0.011 
 83      679    (0)   10 :  0.033 0.002 0.004 0.007 0.938 0.012 0.004 
 84      680    (0)   10 :  0.002 0.004 0.007 0.004 0.971 0.009 0.004 
 85      681    (0)   10 :  0.002 0.002 0.004 0.006 0.977 0.005 0.005 
 86      682    (0)   10 :  0.002 0.003 0.002 0.002 0.988 0.002 0.002 
 87      683    (0)   10 :  0.002 0.002 0.004 0.004 0.979 0.005 0.004 
 88      684    (0)   10 :  0.002 0.002 0.005 0.005 0.979 0.005 0.002 
 89      685    (0)   10 :  0.004 0.003 0.003 0.005 0.975 0.006 0.003 
 90      686    (0)   10 :  0.004 0.003 0.002 0.002 0.986 0.002 0.002 
 91      687    (0)   10 :  0.001 0.002 0.002 0.002 0.989 0.002 0.002 
 92      688    (0)   10 :  0.001 0.002 0.006 0.003 0.978 0.004 0.006 
 93      070    (0)   11 :  0.007 0.980 0.002 0.005 0.001 0.003 0.002 
 94      071    (0)   11 :  0.001 0.982 0.003 0.003 0.005 0.003 0.002 
 95      072    (0)   11 :  0.004 0.988 0.002 0.002 0.001 0.002 0.002 
 96      151    (0)   11 :  0.002 0.991 0.001 0.001 0.001 0.001 0.001 
 97      152    (0)   11 :  0.002 0.981 0.004 0.005 0.002 0.004 0.003 
 98      153    (2)   11 :  0.002 0.992 0.001 0.001 0.001 0.001 0.001 
 99      788    (4)   11 :  0.021 0.968 0.003 0.002 0.002 0.002 0.002 
100      789    (2)   11 :  0.002 0.989 0.002 0.002 0.003 0.002 0.002 
101      790    (0)   11 :  0.001 0.991 0.001 0.002 0.001 0.002 0.002 
102      010    (0)   12 :  0.009 0.002 0.007 0.955 0.004 0.018 0.006 
103      024    (0)   12 :  0.037 0.006 0.047 0.862 0.015 0.024 0.009 
104      051    (0)   12 :  0.062 0.013 0.009 0.178 0.006 0.728 0.005 
105      090    (0)   12 :  0.021 0.006 0.031 0.709 0.005 0.220 0.008 
106      102    (0)   12 :  0.002 0.002 0.458 0.451 0.002 0.053 0.033 
107      111    (0)   12 :  0.003 0.002 0.017 0.919 0.003 0.047 0.009 
108      113    (0)   12 :  0.006 0.007 0.090 0.446 0.004 0.439 0.007 
109      138    (0)   12 :  0.005 0.019 0.020 0.859 0.064 0.026 0.007 
110      150    (0)   12 :  0.033 0.011 0.844 0.026 0.004 0.060 0.021 
111      173    (2)   12 :  0.029 0.019 0.042 0.201 0.015 0.688 0.006 
112      174    (2)   12 :  0.017 0.020 0.004 0.894 0.003 0.053 0.009 
113      175    (0)   12 :  0.080 0.007 0.011 0.697 0.003 0.199 0.003 
114      176    (0)   12 :  0.004 0.005 0.015 0.929 0.011 0.011 0.025 
115      177    (0)   12 :  0.009 0.003 0.017 0.194 0.002 0.773 0.004 
116      180    (0)   12 :  0.002 0.003 0.007 0.378 0.006 0.552 0.051 
117      184    (0)   12 :  0.009 0.009 0.085 0.802 0.005 0.083 0.007 
118      195    (0)   12 :  0.006 0.004 0.022 0.910 0.015 0.037 0.006 
119      198    (0)   12 :  0.006 0.002 0.011 0.918 0.006 0.043 0.014 
120      203    (0)   12 :  0.002 0.008 0.020 0.924 0.005 0.032 0.009 
121      211    (0)   12 :  0.003 0.003 0.037 0.820 0.091 0.017 0.029 
122      220    (0)   12 :  0.006 0.002 0.318 0.351 0.008 0.309 0.006 
123      233    (0)   12 :  0.002 0.006 0.208 0.577 0.052 0.144 0.010 
124      331    (0)   12 :  0.022 0.007 0.012 0.882 0.004 0.067 0.006 
125      349    (0)   12 :  0.067 0.005 0.018 0.167 0.004 0.730 0.008 
126      410    (0)   12 :  0.004 0.002 0.005 0.945 0.019 0.017 0.008 
127      417    (2)   12 :  0.004 0.002 0.016 0.932 0.004 0.012 0.031 
128      421    (0)   13 :  0.001 0.002 0.963 0.011 0.005 0.005 0.013 
129      423    (0)   13 :  0.007 0.007 0.006 0.895 0.002 0.075 0.007 
130      424    (0)   13 :  0.007 0.002 0.008 0.104 0.002 0.859 0.018 
131      433    (0)   13 :  0.016 0.002 0.846 0.106 0.017 0.008 0.005 
132      462    (0)   13 :  0.006 0.002 0.209 0.462 0.028 0.283 0.010 
133      463    (0)   13 :  0.026 0.002 0.015 0.879 0.003 0.056 0.019 
134      467    (0)   13 :  0.006 0.005 0.950 0.008 0.010 0.011 0.012 
135      468    (0)   13 :  0.005 0.004 0.263 0.027 0.002 0.665 0.034 
136      469    (0)   13 :  0.003 0.002 0.804 0.123 0.002 0.013 0.053 
137      472    (0)   13 :  0.020 0.004 0.034 0.916 0.007 0.012 0.007 
138      473    (0)   13 :  0.019 0.002 0.025 0.561 0.009 0.380 0.004 
139      474    (0)   13 :  0.002 0.001 0.959 0.006 0.010 0.014 0.009 
140      475    (0)   13 :  0.012 0.003 0.790 0.165 0.003 0.023 0.004 
141      476    (2)   13 :  0.027 0.010 0.885 0.019 0.023 0.031 0.005 
142      477    (0)   13 :  0.011 0.005 0.081 0.855 0.021 0.014 0.013 
143      478    (0)   13 :  0.003 0.002 0.161 0.731 0.003 0.070 0.030 
144      479    (0)   13 :  0.002 0.004 0.880 0.057 0.003 0.022 0.032 
145      480    (0)   13 :  0.001 0.002 0.977 0.006 0.002 0.008 0.003 
146      481    (0)   13 :  0.006 0.033 0.092 0.800 0.003 0.058 0.007 
147      482    (0)   13 :  0.004 0.002 0.057 0.859 0.040 0.031 0.006 
148      489    (0)   13 :  0.025 0.004 0.060 0.876 0.013 0.017 0.005 
149      490    (0)   13 :  0.010 0.004 0.019 0.786 0.003 0.138 0.040 
150      491    (0)   13 :  0.001 0.008 0.039 0.745 0.103 0.098 0.005 
151      492    (0)   13 :  0.017 0.004 0.790 0.065 0.015 0.079 0.031 
152      493    (0)   13 :  0.020 0.011 0.899 0.032 0.006 0.023 0.009 
153      494    (0)   13 :  0.031 0.031 0.527 0.338 0.034 0.034 0.005 
154      498    (0)   13 :  0.008 0.006 0.019 0.928 0.003 0.017 0.019 
155      499    (0)   13 :  0.006 0.003 0.015 0.880 0.007 0.081 0.009 
156      709    (0)   13 :  0.012 0.061 0.021 0.864 0.009 0.022 0.011 
157      710    (4)   13 :  0.116 0.006 0.490 0.374 0.002 0.004 0.009 
158      711    (2)   13 :  0.003 0.006 0.020 0.720 0.003 0.205 0.042 
159      712    (4)   13 :  0.004 0.002 0.030 0.888 0.004 0.057 0.016 
160      713    (0)   13 :  0.018 0.003 0.005 0.950 0.007 0.013 0.005 
161      714    (2)   13 :  0.005 0.010 0.955 0.009 0.002 0.013 0.007 
162      715    (4)   13 :  0.003 0.009 0.894 0.015 0.028 0.015 0.036 
163      716    (0)   13 :  0.002 0.002 0.978 0.007 0.003 0.004 0.003 
164      717    (2)   13 :  0.005 0.003 0.646 0.302 0.009 0.021 0.014 
165      718    (4)   13 :  0.005 0.002 0.083 0.846 0.002 0.039 0.023 
166      719    (0)   13 :  0.002 0.002 0.984 0.004 0.002 0.003 0.003 
167      720    (2)   13 :  0.004 0.002 0.954 0.011 0.009 0.012 0.007 
168      721    (0)   13 :  0.010 0.044 0.726 0.151 0.007 0.057 0.005 
169      722    (4)   13 :  0.001 0.002 0.978 0.004 0.002 0.005 0.008 
170      723    (0)   13 :  0.003 0.006 0.964 0.012 0.007 0.004 0.004 
171      724    (0)   13 :  0.024 0.004 0.909 0.013 0.007 0.009 0.035 
172      725    (0)   13 :  0.013 0.004 0.019 0.934 0.011 0.015 0.005 
173      726    (0)   13 :  0.048 0.009 0.537 0.308 0.005 0.087 0.006 
174      727    (0)   13 :  0.002 0.009 0.223 0.701 0.013 0.047 0.006 
175      728    (2)   13 :  0.006 0.099 0.052 0.784 0.006 0.037 0.015 
176      729    (6)   13 :  0.004 0.005 0.065 0.874 0.004 0.041 0.007 
177      730    (2)   13 :  0.003 0.008 0.063 0.824 0.005 0.075 0.023 
178      731    (2)   13 :  0.003 0.002 0.009 0.956 0.002 0.015 0.013 
179      732    (0)   13 :  0.011 0.003 0.424 0.463 0.006 0.077 0.016 
180      733    (0)   13 :  0.014 0.005 0.219 0.705 0.003 0.024 0.030 
181      734    (2)   13 :  0.035 0.009 0.071 0.443 0.093 0.336 0.012 
182      735    (4)   13 :  0.002 0.003 0.052 0.859 0.008 0.069 0.006 
183      736    (2)   13 :  0.007 0.011 0.009 0.907 0.016 0.046 0.004 
184      737    (0)   13 :  0.003 0.010 0.007 0.901 0.003 0.060 0.016 
185      738    (2)   13 :  0.003 0.003 0.009 0.899 0.005 0.072 0.009 
186      739    (8)   13 :  0.002 0.008 0.050 0.879 0.006 0.044 0.011 
187      740    (4)   13 :  0.008 0.002 0.161 0.812 0.002 0.007 0.007 
188      741    (2)   13 :  0.017 0.002 0.208 0.496 0.031 0.058 0.188 
189      742    (4)   13 :  0.005 0.005 0.013 0.863 0.004 0.097 0.011 
190      743    (2)   13 :  0.003 0.002 0.968 0.008 0.008 0.006 0.005 
191      744    (0)   13 :  0.162 0.025 0.467 0.323 0.004 0.013 0.006 
192      745    (0)   13 :  0.005 0.021 0.748 0.131 0.005 0.017 0.073 
193      746    (2)   13 :  0.004 0.004 0.006 0.945 0.005 0.030 0.006 
194      747    (2)   13 :  0.003 0.004 0.014 0.830 0.018 0.091 0.040 
195      748    (0)   13 :  0.011 0.005 0.022 0.142 0.015 0.717 0.088 
196      749    (2)   13 :  0.157 0.009 0.016 0.349 0.023 0.406 0.041 
197      750    (4)   13 :  0.009 0.004 0.012 0.917 0.004 0.039 0.014 
198      751    (0)   13 :  0.002 0.014 0.020 0.728 0.006 0.214 0.015 
199      752    (2)   13 :  0.002 0.002 0.442 0.024 0.002 0.502 0.024 
200      753    (4)   13 :  0.004 0.010 0.069 0.728 0.038 0.104 0.047 
201      754    (2)   13 :  0.007 0.003 0.009 0.920 0.004 0.052 0.005 
202      155    (0)   14 :  0.014 0.004 0.028 0.860 0.040 0.019 0.037 
203      156    (2)   14 :  0.012 0.118 0.022 0.793 0.006 0.025 0.025 
204      157    (2)   14 :  0.042 0.002 0.032 0.845 0.008 0.065 0.006 
205      158    (0)   14 :  0.004 0.004 0.029 0.846 0.007 0.100 0.010 
206      159    (0)   14 :  0.010 0.007 0.018 0.926 0.003 0.011 0.026 
207      160    (0)   14 :  0.004 0.003 0.785 0.115 0.010 0.069 0.014 
208      161    (0)   14 :  0.248 0.003 0.236 0.472 0.008 0.025 0.008 
209      162    (0)   14 :  0.003 0.008 0.682 0.225 0.006 0.068 0.008 
210      163    (2)   14 :  0.003 0.010 0.008 0.749 0.003 0.223 0.004 
211      164    (0)   14 :  0.017 0.002 0.025 0.834 0.019 0.034 0.068 
212      165    (2)   14 :  0.017 0.005 0.008 0.953 0.005 0.005 0.008 
213      427    (0)   14 :  0.003 0.009 0.898 0.010 0.067 0.008 0.006 
214      428    (0)   14 :  0.002 0.003 0.967 0.005 0.004 0.012 0.009 
215      429    (0)   14 :  0.002 0.003 0.974 0.006 0.003 0.007 0.005 
216      430    (0)   14 :  0.008 0.002 0.088 0.189 0.004 0.666 0.043 
217      431    (0)   14 :  0.002 0.001 0.952 0.008 0.003 0.008 0.026 
218      435    (0)   14 :  0.001 0.001 0.987 0.003 0.002 0.003 0.003 
219      436    (0)   14 :  0.002 0.001 0.981 0.003 0.003 0.003 0.005 
220      437    (0)   14 :  0.002 0.002 0.955 0.007 0.004 0.004 0.027 
221      438    (0)   14 :  0.003 0.005 0.940 0.011 0.002 0.011 0.028 
222      439    (0)   14 :  0.002 0.006 0.841 0.095 0.004 0.037 0.015 
223      441    (0)   14 :  0.004 0.001 0.085 0.008 0.003 0.894 0.004 
224      442    (0)   14 :  0.002 0.006 0.769 0.011 0.181 0.022 0.009 
225      443    (4)   14 :  0.002 0.003 0.971 0.006 0.002 0.007 0.009 
226      444    (4)   14 :  0.005 0.004 0.961 0.006 0.012 0.005 0.007 
227      445    (2)   14 :  0.003 0.010 0.862 0.056 0.003 0.006 0.060 
228      446    (0)   14 :  0.003 0.003 0.975 0.005 0.006 0.005 0.003 
229      447    (0)   14 :  0.001 0.003 0.971 0.007 0.003 0.005 0.010 
230      449    (0)   14 :  0.001 0.001 0.982 0.003 0.004 0.003 0.005 
231      460    (0)   14 :  0.004 0.002 0.959 0.011 0.005 0.007 0.013 
232      461    (0)   14 :  0.007 0.002 0.800 0.095 0.008 0.050 0.038 
233      484    (0)   14 :  0.004 0.007 0.044 0.103 0.014 0.503 0.324 
234      485    (0)   14 :  0.002 0.001 0.980 0.006 0.003 0.003 0.004 
235      486    (0)   14 :  0.003 0.002 0.069 0.014 0.003 0.902 0.006 
236      487    (0)   14 :  0.002 0.003 0.933 0.029 0.008 0.019 0.005 
237      178    (0)   15 :  0.011 0.009 0.930 0.029 0.004 0.013 0.003 
238      422    (0)   15 :  0.001 0.002 0.976 0.005 0.003 0.004 0.009 
239      425    (0)   15 :  0.002 0.001 0.973 0.011 0.003 0.006 0.004 
240      426    (0)   15 :  0.030 0.104 0.115 0.256 0.021 0.470 0.004 
241      432    (0)   15 :  0.006 0.011 0.633 0.174 0.011 0.146 0.018 
242      434    (0)   15 :  0.002 0.003 0.974 0.004 0.006 0.006 0.006 
243      440    (0)   15 :  0.004 0.002 0.855 0.067 0.018 0.050 0.004 
244      448    (2)   15 :  0.002 0.002 0.943 0.006 0.021 0.009 0.016 
245      456    (0)   15 :  0.004 0.003 0.459 0.161 0.012 0.068 0.294 
246      457    (0)   15 :  0.003 0.005 0.901 0.028 0.004 0.036 0.022 
247      458    (0)   15 :  0.005 0.009 0.564 0.224 0.020 0.165 0.014 
248      459    (0)   15 :  0.004 0.003 0.959 0.011 0.004 0.012 0.007 
249      464    (0)   15 :  0.005 0.003 0.975 0.005 0.005 0.004 0.003 
250      465    (0)   15 :  0.002 0.001 0.981 0.006 0.002 0.005 0.003 
251      466    (0)   15 :  0.001 0.001 0.955 0.012 0.004 0.009 0.016 
252      470    (0)   15 :  0.002 0.002 0.977 0.005 0.004 0.007 0.003 
253      471    (0)   15 :  0.003 0.017 0.934 0.011 0.003 0.024 0.008 
254      483    (0)   15 :  0.009 0.003 0.912 0.038 0.011 0.022 0.005 
255      488    (0)   15 :  0.003 0.003 0.937 0.023 0.005 0.017 0.014 
256      495    (0)   15 :  0.003 0.001 0.971 0.007 0.002 0.006 0.010 
257      496    (0)   15 :  0.003 0.002 0.975 0.010 0.002 0.006 0.003 
258      497    (0)   15 :  0.005 0.003 0.937 0.010 0.033 0.004 0.009 
259      500    (0)   15 :  0.114 0.003 0.098 0.088 0.003 0.027 0.668 
260      879    (0)   15 :  0.005 0.003 0.949 0.011 0.013 0.016 0.004 
261      036    (0)   16 :  0.003 0.004 0.019 0.960 0.002 0.006 0.007 
262      063    (2)   16 :  0.003 0.004 0.074 0.768 0.014 0.116 0.021 
263      094    (4)   16 :  0.015 0.005 0.078 0.740 0.007 0.031 0.124 
264      103    (4)   16 :  0.011 0.002 0.007 0.962 0.005 0.007 0.006 
265      112    (0)   16 :  0.005 0.003 0.005 0.912 0.004 0.065 0.006 
266      114    (2)   16 :  0.002 0.002 0.039 0.942 0.003 0.006 0.005 
267      120    (0)   16 :  0.003 0.002 0.034 0.737 0.005 0.178 0.041 
268      127    (2)   16 :  0.007 0.003 0.011 0.177 0.005 0.790 0.007 
269      147    (0)   16 :  0.008 0.055 0.017 0.324 0.006 0.587 0.003 
270      166    (0)   16 :  0.064 0.026 0.074 0.649 0.016 0.163 0.008 
271      167    (0)   16 :  0.009 0.007 0.480 0.454 0.006 0.028 0.017 
272      168    (0)   16 :  0.011 0.003 0.019 0.953 0.004 0.005 0.005 
273      169    (2)   16 :  0.004 0.005 0.581 0.334 0.005 0.059 0.011 
274      170    (0)   16 :  0.033 0.004 0.014 0.808 0.030 0.078 0.033 
275      171    (2)   16 :  0.010 0.015 0.009 0.755 0.005 0.106 0.101 
276      172    (0)   16 :  0.004 0.012 0.030 0.851 0.005 0.067 0.030 
277      185    (0)   16 :  0.005 0.005 0.123 0.796 0.006 0.060 0.005 
278      199    (2)   16 :  0.014 0.006 0.011 0.679 0.252 0.030 0.010 
279      339    (0)   16 :  0.002 0.009 0.834 0.097 0.007 0.044 0.008 
280      355    (0)   16 :  0.032 0.011 0.004 0.833 0.088 0.028 0.004 
281      356    (0)   16 :  0.104 0.004 0.009 0.837 0.005 0.037 0.004 
282      357    (0)   16 :  0.005 0.011 0.014 0.873 0.015 0.074 0.008 
283      358    (0)   16 :  0.006 0.009 0.032 0.537 0.004 0.398 0.014 
284      359    (0)   16 :  0.004 0.002 0.008 0.932 0.008 0.041 0.005 
285      360    (0)   16 :  0.024 0.012 0.085 0.796 0.004 0.062 0.017 
286      361    (0)   16 :  0.004 0.002 0.347 0.583 0.003 0.054 0.007 
287      362    (0)   16 :  0.023 0.005 0.112 0.435 0.007 0.116 0.302 
288      363    (0)   16 :  0.006 0.013 0.012 0.036 0.037 0.890 0.006 
289      364    (0)   16 :  0.118 0.003 0.015 0.339 0.048 0.080 0.397 
290      365    (0)   16 :  0.127 0.014 0.272 0.504 0.003 0.016 0.065 
291      366    (0)   16 :  0.004 0.032 0.007 0.893 0.003 0.055 0.005 
292      367    (0)   16 :  0.002 0.008 0.009 0.954 0.002 0.013 0.012 
293      368    (0)   16 :  0.124 0.014 0.006 0.532 0.004 0.197 0.123 
294      369    (0)   16 :  0.016 0.004 0.006 0.954 0.004 0.013 0.003 
295      370    (0)   16 :  0.065 0.012 0.043 0.788 0.008 0.073 0.012 
296      371    (0)   16 :  0.002 0.002 0.012 0.952 0.006 0.006 0.019 
297      372    (0)   16 :  0.006 0.004 0.599 0.020 0.339 0.020 0.012 
298      373    (0)   16 :  0.106 0.003 0.078 0.771 0.028 0.006 0.009 
299      380    (0)   16 :  0.011 0.005 0.014 0.774 0.010 0.151 0.035 
300      388    (0)   16 :  0.048 0.007 0.010 0.706 0.020 0.196 0.014 
301      418    (0)   16 :  0.005 0.007 0.034 0.775 0.047 0.105 0.026 
302      419    (0)   16 :  0.009 0.007 0.090 0.832 0.003 0.051 0.008 
303      420    (0)   16 :  0.006 0.079 0.399 0.370 0.056 0.047 0.043 
304      409    (0)   17 :  0.004 0.002 0.044 0.912 0.004 0.017 0.017 
305      414    (0)   17 :  0.002 0.002 0.014 0.925 0.008 0.021 0.026 
306      415    (2)   17 :  0.012 0.003 0.009 0.910 0.013 0.046 0.007 
307      416    (0)   17 :  0.005 0.004 0.370 0.439 0.015 0.053 0.113 
308      571    (0)    2 :  0.002 0.003 0.013 0.005 0.003 0.019 0.955 
309      572    (0)    2 :  0.003 0.005 0.003 0.013 0.004 0.034 0.938 
310      573    (2)    2 :  0.001 0.001 0.004 0.005 0.003 0.004 0.982 
311      574    (0)    2 :  0.005 0.002 0.005 0.006 0.002 0.006 0.975 
312      575    (2)    2 :  0.004 0.009 0.008 0.009 0.006 0.040 0.924 
313      576    (0)    2 :  0.001 0.001 0.002 0.002 0.002 0.003 0.988 
314      577    (0)    2 :  0.001 0.002 0.006 0.004 0.005 0.005 0.978 
315      578    (0)    2 :  0.001 0.001 0.004 0.002 0.006 0.003 0.982 
316      579    (0)    2 :  0.001 0.002 0.008 0.003 0.003 0.003 0.981 
317      580    (0)    2 :  0.001 0.001 0.003 0.003 0.002 0.003 0.987 
318      581    (0)    2 :  0.001 0.002 0.004 0.002 0.002 0.002 0.986 
319      582    (4)    2 :  0.004 0.046 0.017 0.018 0.021 0.008 0.887 
320      583    (0)    2 :  0.002 0.010 0.047 0.194 0.024 0.123 0.601 
321      584    (0)    2 :  0.001 0.003 0.017 0.006 0.006 0.005 0.962 
322      585    (0)    2 :  0.001 0.002 0.007 0.003 0.002 0.005 0.981 
323      586    (2)    2 :  0.001 0.002 0.007 0.003 0.008 0.005 0.974 
324      587    (0)    2 :  0.001 0.002 0.003 0.002 0.002 0.003 0.987 
325      588    (0)    2 :  0.008 0.012 0.009 0.015 0.010 0.019 0.927 
326      589    (0)    2 :  0.007 0.005 0.020 0.025 0.025 0.044 0.874 
327      590    (0)    2 :  0.002 0.006 0.005 0.003 0.007 0.004 0.972 
328      001    (0)    3 :  0.985 0.003 0.002 0.004 0.001 0.002 0.003 
329      005    (0)    3 :  0.986 0.005 0.001 0.002 0.003 0.002 0.001 
330      106    (0)    3 :  0.985 0.002 0.002 0.003 0.002 0.002 0.004 
331      192    (0)    3 :  0.933 0.006 0.005 0.023 0.014 0.010 0.008 
332      229    (0)    3 :  0.934 0.040 0.004 0.006 0.004 0.008 0.004 
333      319    (0)    3 :  0.984 0.004 0.002 0.004 0.002 0.002 0.002 
334      327    (0)    3 :  0.985 0.002 0.002 0.003 0.003 0.002 0.003 
335      340    (0)    3 :  0.982 0.003 0.002 0.004 0.003 0.003 0.003 
336      345    (0)    3 :  0.972 0.009 0.003 0.005 0.003 0.004 0.004 
337      375    (0)    3 :  0.983 0.003 0.002 0.003 0.004 0.003 0.002 
338      501    (4)    3 :  0.984 0.003 0.003 0.003 0.002 0.004 0.002 
339      502    (0)    3 :  0.972 0.007 0.003 0.004 0.003 0.008 0.003 
340      503    (2)    3 :  0.985 0.002 0.001 0.002 0.002 0.003 0.004 
341      504    (0)    3 :  0.971 0.012 0.006 0.003 0.003 0.003 0.002 
342      505    (0)    3 :  0.922 0.049 0.002 0.009 0.004 0.007 0.007 
343      506    (2)    3 :  0.977 0.005 0.004 0.006 0.002 0.005 0.002 
344      507    (4)    3 :  0.985 0.003 0.002 0.003 0.002 0.004 0.002 
345      508    (0)    3 :  0.967 0.003 0.006 0.007 0.002 0.010 0.005 
346      509    (2)    3 :  0.985 0.003 0.002 0.003 0.003 0.003 0.002 
347      510    (2)    3 :  0.960 0.003 0.008 0.005 0.019 0.003 0.002 
348      511    (4)    3 :  0.986 0.002 0.003 0.002 0.002 0.003 0.002 
349      512    (4)    3 :  0.982 0.005 0.002 0.003 0.003 0.003 0.002 
350      513    (0)    3 :  0.967 0.006 0.002 0.003 0.017 0.002 0.002 
351      514    (0)    3 :  0.987 0.002 0.003 0.003 0.002 0.002 0.001 
352      515    (2)    3 :  0.986 0.003 0.002 0.002 0.003 0.002 0.002 
353      516    (2)    3 :  0.973 0.003 0.005 0.004 0.006 0.006 0.003 
354      517    (0)    3 :  0.986 0.004 0.004 0.002 0.002 0.002 0.001 
355      518    (0)    3 :  0.977 0.003 0.004 0.005 0.002 0.004 0.003 
356      519    (0)    3 :  0.985 0.002 0.002 0.003 0.003 0.002 0.002 
357      520    (2)    3 :  0.981 0.002 0.003 0.003 0.006 0.002 0.003 
358      521    (2)    3 :  0.983 0.005 0.002 0.002 0.003 0.002 0.003 
359      522    (0)    3 :  0.965 0.001 0.010 0.006 0.005 0.005 0.007 
360      523    (2)    3 :  0.974 0.003 0.005 0.006 0.002 0.006 0.005 
361      524    (0)    3 :  0.907 0.004 0.019 0.016 0.010 0.021 0.024 
362      525    (0)    3 :  0.988 0.001 0.002 0.002 0.002 0.002 0.002 
363      526    (2)    3 :  0.981 0.009 0.002 0.002 0.002 0.002 0.002 
364      527    (2)    4 :  0.005 0.005 0.007 0.005 0.007 0.006 0.965 
365      528    (4)    4 :  0.002 0.004 0.006 0.028 0.009 0.163 0.787 
366      529    (4)    4 :  0.002 0.007 0.016 0.008 0.004 0.036 0.928 
367      530    (0)    4 :  0.005 0.004 0.003 0.007 0.005 0.006 0.970 
368      531    (2)    4 :  0.003 0.004 0.004 0.005 0.004 0.011 0.970 
369      532    (4)    4 :  0.003 0.002 0.004 0.017 0.002 0.082 0.890 
370      533    (0)    4 :  0.013 0.003 0.025 0.051 0.002 0.015 0.890 
371      534    (2)    4 :  0.002 0.001 0.004 0.004 0.004 0.005 0.979 
372      535    (2)    4 :  0.002 0.005 0.009 0.010 0.002 0.020 0.952 
373      536    (2)    4 :  0.002 0.007 0.004 0.004 0.002 0.003 0.978 
374      537    (2)    4 :  0.002 0.002 0.006 0.004 0.011 0.004 0.972 
375      538    (2)    4 :  0.007 0.002 0.026 0.048 0.005 0.011 0.902 
376      539    (2)    4 :  0.001 0.002 0.003 0.003 0.002 0.012 0.977 
377      540    (2)    4 :  0.001 0.001 0.014 0.011 0.002 0.007 0.965 
378      541    (2)    4 :  0.002 0.002 0.014 0.005 0.002 0.019 0.955 
379      542    (2)    4 :  0.002 0.004 0.034 0.012 0.010 0.012 0.925 
380      543    (0)    4 :  0.005 0.002 0.064 0.088 0.017 0.024 0.800 
381      544    (2)    4 :  0.003 0.002 0.003 0.003 0.002 0.002 0.986 
382      545    (2)    4 :  0.002 0.002 0.018 0.047 0.002 0.031 0.898 
383      546    (4)    4 :  0.002 0.003 0.018 0.268 0.002 0.051 0.656 
384      547    (6)    4 :  0.005 0.013 0.014 0.041 0.039 0.016 0.872 
385      019    (0)    5 :  0.002 0.004 0.017 0.007 0.003 0.021 0.946 
386      064    (0)    5 :  0.001 0.002 0.003 0.003 0.004 0.004 0.983 
387      065    (0)    5 :  0.001 0.001 0.002 0.002 0.001 0.002 0.990 
388      066    (0)    5 :  0.003 0.003 0.013 0.010 0.003 0.010 0.958 
389      067    (0)    5 :  0.004 0.006 0.016 0.021 0.016 0.207 0.730 
390      068    (0)    5 :  0.002 0.002 0.007 0.006 0.020 0.010 0.953 
391      069    (0)    5 :  0.003 0.001 0.004 0.005 0.002 0.010 0.975 
392      107    (0)    5 :  0.002 0.001 0.008 0.005 0.003 0.009 0.972 
393      110    (0)    5 :  0.003 0.005 0.005 0.007 0.002 0.783 0.195 
394      121    (0)    5 :  0.001 0.001 0.004 0.003 0.003 0.006 0.983 
395      137    (0)    5 :  0.005 0.026 0.025 0.030 0.003 0.022 0.889 
396      146    (0)    5 :  0.007 0.003 0.007 0.023 0.002 0.010 0.946 
397      149    (0)    5 :  0.003 0.005 0.014 0.027 0.005 0.074 0.871 
398      154    (0)    5 :  0.003 0.002 0.005 0.007 0.032 0.006 0.945 
399      179    (0)    5 :  0.002 0.002 0.004 0.003 0.004 0.005 0.979 
400      181    (0)    5 :  0.002 0.003 0.004 0.005 0.002 0.009 0.976 
401      182    (0)    5 :  0.003 0.002 0.005 0.009 0.012 0.014 0.956 
402      186    (0)    5 :  0.010 0.006 0.010 0.016 0.003 0.410 0.546 
403      193    (0)    5 :  0.002 0.001 0.004 0.005 0.003 0.007 0.977 
404      320    (0)    5 :  0.002 0.003 0.005 0.009 0.007 0.020 0.954 
405      341    (0)    5 :  0.001 0.002 0.013 0.007 0.004 0.005 0.966 
406      376    (0)    5 :  0.023 0.003 0.004 0.007 0.003 0.019 0.942 
407      395    (0)    5 :  0.001 0.005 0.012 0.006 0.003 0.012 0.962 
408      396    (0)    5 :  0.002 0.002 0.002 0.002 0.001 0.002 0.988 
409      397    (0)    5 :  0.001 0.007 0.003 0.003 0.005 0.004 0.977 
410      398    (0)    5 :  0.002 0.003 0.003 0.004 0.003 0.009 0.976 
411      399    (0)    5 :  0.001 0.002 0.003 0.005 0.003 0.007 0.978 
412      400    (0)    5 :  0.002 0.002 0.003 0.019 0.002 0.230 0.741 
413      401    (0)    5 :  0.003 0.002 0.006 0.012 0.003 0.014 0.960 
414      402    (0)    5 :  0.013 0.005 0.004 0.021 0.006 0.597 0.353 
415      403    (0)    5 :  0.003 0.009 0.010 0.008 0.003 0.017 0.951 
416      073    (0)    6 :  0.002 0.002 0.006 0.004 0.002 0.004 0.981 
417      074    (0)    6 :  0.006 0.002 0.004 0.006 0.005 0.003 0.975 
418      075    (0)    6 :  0.002 0.003 0.006 0.005 0.004 0.004 0.977 
419      076    (0)    6 :  0.004 0.004 0.006 0.004 0.006 0.008 0.968 
420      077    (0)    6 :  0.001 0.003 0.010 0.006 0.007 0.005 0.968 
421      078    (0)    6 :  0.002 0.005 0.007 0.024 0.005 0.006 0.951 
422      079    (0)    6 :  0.002 0.001 0.006 0.013 0.003 0.010 0.966 
423      080    (0)    6 :  0.003 0.002 0.003 0.005 0.018 0.008 0.961 
424      081    (0)    6 :  0.003 0.011 0.013 0.006 0.003 0.006 0.958 
425      082    (0)    6 :  0.001 0.002 0.002 0.003 0.003 0.004 0.985 
426      083    (0)    6 :  0.001 0.002 0.004 0.004 0.001 0.005 0.982 
427      084    (0)    6 :  0.003 0.004 0.006 0.003 0.002 0.003 0.979 
428      085    (0)    6 :  0.002 0.012 0.058 0.009 0.003 0.010 0.906 
429      404    (0)    6 :  0.001 0.002 0.004 0.003 0.002 0.003 0.984 
430      405    (0)    6 :  0.002 0.007 0.006 0.004 0.002 0.003 0.976 
431      406    (0)    6 :  0.005 0.006 0.003 0.007 0.003 0.006 0.970 
432      407    (0)    6 :  0.001 0.003 0.005 0.004 0.003 0.003 0.982 
433      408    (0)    6 :  0.001 0.001 0.005 0.004 0.006 0.003 0.980 
434      411    (2)    6 :  0.001 0.002 0.004 0.002 0.002 0.002 0.986 
435      412    (0)    6 :  0.022 0.005 0.011 0.006 0.007 0.011 0.939 
436      413    (0)    6 :  0.001 0.002 0.004 0.004 0.002 0.002 0.986 
437      591    (0)    7 :  0.018 0.011 0.025 0.015 0.005 0.922 0.005 
438      592    (0)    7 :  0.004 0.003 0.266 0.024 0.012 0.674 0.016 
439      593    (0)    7 :  0.002 0.008 0.008 0.008 0.003 0.960 0.011 
440      594    (0)    7 :  0.004 0.007 0.099 0.124 0.016 0.677 0.073 
441      595    (0)    7 :  0.003 0.004 0.004 0.011 0.009 0.959 0.008 
442      596    (0)    7 :  0.002 0.010 0.006 0.011 0.050 0.913 0.008 
443      597    (0)    7 :  0.001 0.002 0.013 0.010 0.006 0.933 0.035 
444      598    (0)    7 :  0.002 0.001 0.013 0.017 0.015 0.946 0.006 
445      599    (0)    7 :  0.003 0.008 0.272 0.008 0.004 0.698 0.007 
446      600    (0)    7 :  0.003 0.007 0.004 0.007 0.018 0.959 0.004 
447      601    (0)    7 :  0.002 0.003 0.035 0.021 0.003 0.909 0.027 
448      602    (0)    7 :  0.002 0.005 0.010 0.008 0.006 0.960 0.010 
449      603    (0)    7 :  0.003 0.009 0.874 0.025 0.010 0.072 0.007 
450      604    (0)    7 :  0.003 0.002 0.004 0.013 0.009 0.961 0.009 
451      605    (0)    7 :  0.017 0.005 0.010 0.057 0.031 0.873 0.009 
452      606    (0)    7 :  0.004 0.026 0.012 0.021 0.010 0.921 0.005 
453      607    (0)    7 :  0.003 0.003 0.003 0.005 0.010 0.972 0.006 
454      608    (0)    7 :  0.001 0.003 0.011 0.007 0.004 0.969 0.006 
455      609    (0)    7 :  0.002 0.003 0.005 0.009 0.004 0.972 0.005 
456      610    (0)    7 :  0.003 0.003 0.029 0.041 0.008 0.900 0.016 
457      611    (2)    7 :  0.002 0.003 0.004 0.008 0.006 0.965 0.012 
458      612    (0)    7 :  0.003 0.002 0.007 0.009 0.022 0.949 0.008 
459      755    (0)    7 :  0.014 0.002 0.015 0.020 0.038 0.900 0.011 
460      756    (0)    7 :  0.002 0.004 0.011 0.006 0.003 0.958 0.015 
461      757    (0)    7 :  0.002 0.002 0.007 0.008 0.006 0.967 0.007 
462      002    (0)    8 :  0.004 0.003 0.004 0.005 0.001 0.009 0.974 
463      099    (2)    8 :  0.794 0.004 0.054 0.042 0.072 0.028 0.006 
464      641    (2)    8 :  0.035 0.020 0.013 0.092 0.004 0.276 0.559 
465      642    (0)    8 :  0.003 0.002 0.011 0.006 0.003 0.012 0.962 
466      643    (2)    8 :  0.004 0.003 0.021 0.012 0.003 0.021 0.937 
467      644    (0)    8 :  0.003 0.003 0.013 0.006 0.007 0.005 0.964 
468      645    (0)    8 :  0.003 0.047 0.032 0.037 0.003 0.109 0.769 
469      646    (0)    8 :  0.013 0.016 0.023 0.186 0.009 0.157 0.596 
470      006    (0)    9 :  0.009 0.003 0.010 0.020 0.003 0.014 0.940 
471      011    (0)    9 :  0.001 0.002 0.003 0.003 0.002 0.002 0.986 
472      033    (2)    9 :  0.002 0.005 0.009 0.006 0.003 0.008 0.967 
473      048    (0)    9 :  0.002 0.007 0.143 0.012 0.005 0.013 0.817 
474      061    (0)    9 :  0.004 0.026 0.019 0.064 0.003 0.015 0.868 
475      088    (0)    9 :  0.002 0.004 0.012 0.008 0.007 0.011 0.955 
476      091    (0)    9 :  0.002 0.002 0.005 0.009 0.003 0.007 0.972 
477      098    (0)    9 :  0.001 0.007 0.011 0.004 0.003 0.010 0.963 
478      104    (0)    9 :  0.001 0.002 0.004 0.002 0.002 0.002 0.987 
479      196    (0)    9 :  0.002 0.013 0.006 0.007 0.005 0.009 0.957 
480      197    (0)    9 :  0.003 0.007 0.013 0.022 0.011 0.008 0.935 
481      201    (0)    9 :  0.002 0.001 0.005 0.005 0.001 0.004 0.981 
482      202    (0)    9 :  0.008 0.023 0.016 0.011 0.014 0.005 0.924 
483      204    (0)    9 :  0.001 0.003 0.006 0.004 0.002 0.003 0.980 
484      231    (0)    9 :  0.001 0.001 0.008 0.003 0.003 0.006 0.977 
485      328    (0)    9 :  0.001 0.004 0.005 0.004 0.002 0.004 0.980 
486      346    (0)    9 :  0.002 0.003 0.004 0.004 0.006 0.006 0.976 


Estimated Allele Frequencies in each cluster
First column gives estimated ancestral frequencies


Locus 1 : 1 
4 alleles
0.0% missing data
  89   (0.520) 0.303 0.066 0.532 0.543 0.635 0.575 0.586 
  91   (0.391) 0.658 0.705 0.407 0.382 0.313 0.391 0.349 
  93   (0.071) 0.038 0.100 0.042 0.062 0.050 0.030 0.064 
  99   (0.019) 0.001 0.129 0.019 0.013 0.001 0.004 0.000 

Locus 2 : 2 
6 alleles
1.0% missing data
 136   (0.381) 0.449 0.197 0.103 0.416 0.455 0.408 0.547 
 134   (0.236) 0.199 0.028 0.253 0.217 0.377 0.356 0.155 
 138   (0.272) 0.222 0.763 0.495 0.256 0.161 0.183 0.238 
 140   (0.068) 0.118 0.008 0.045 0.065 0.004 0.036 0.060 
 132   (0.021) 0.001 0.002 0.005 0.031 0.001 0.005 0.000 
 142   (0.023) 0.011 0.003 0.099 0.015 0.002 0.012 0.000 

Locus 3 : 3 
6 alleles
0.0% missing data
 181   (0.250) 0.078 0.181 0.312 0.235 0.075 0.339 0.206 
 187   (0.349) 0.348 0.771 0.220 0.361 0.265 0.241 0.521 
 179   (0.237) 0.061 0.029 0.248 0.248 0.015 0.341 0.251 
 191   (0.035) 0.011 0.004 0.006 0.031 0.196 0.010 0.018 
 185   (0.080) 0.272 0.009 0.088 0.074 0.446 0.055 0.002 
 175   (0.050) 0.230 0.006 0.126 0.051 0.003 0.014 0.001 

Locus 4 : 4 
12 alleles
0.2% missing data
 253   (0.487) 0.183 0.597 0.523 0.516 0.467 0.531 0.710 
 249   (0.027) 0.064 0.004 0.003 0.024 0.002 0.006 0.065 
 271   (0.040) 0.110 0.005 0.013 0.038 0.003 0.019 0.031 
 241   (0.160) 0.512 0.180 0.145 0.149 0.148 0.204 0.061 
 257   (0.007) 0.000 0.001 0.001 0.005 0.000 0.002 0.001 
 269   (0.166) 0.035 0.202 0.247 0.163 0.105 0.170 0.129 
 247   (0.066) 0.029 0.007 0.059 0.069 0.272 0.051 0.001 
 245   (0.011) 0.063 0.001 0.001 0.007 0.001 0.002 0.000 
 239   (0.012) 0.001 0.002 0.001 0.012 0.001 0.008 0.000 
 273   (0.009) 0.001 0.001 0.001 0.009 0.001 0.003 0.000 
 267   (0.007) 0.000 0.001 0.001 0.005 0.000 0.002 0.001 
 255   (0.007) 0.000 0.001 0.006 0.003 0.001 0.002 0.000 

Locus 5 : 5 
6 alleles
0.6% missing data
 103   (0.833) 0.739 0.979 0.941 0.821 0.976 0.896 0.986 
 104   (0.071) 0.074 0.009 0.032 0.083 0.005 0.034 0.012 
 101   (0.011) 0.001 0.001 0.001 0.005 0.014 0.009 0.000 
 105   (0.052) 0.161 0.006 0.022 0.056 0.003 0.049 0.001 
 102   (0.016) 0.001 0.003 0.003 0.018 0.001 0.009 0.000 
 107   (0.016) 0.025 0.002 0.002 0.015 0.001 0.003 0.000 

Locus 6 : 6 
5 alleles
0.2% missing data
 141   (0.259) 0.125 0.031 0.264 0.243 0.141 0.342 0.556 
 145   (0.418) 0.027 0.414 0.524 0.467 0.266 0.379 0.179 
 135   (0.225) 0.624 0.543 0.194 0.206 0.285 0.162 0.210 
 147   (0.084) 0.125 0.010 0.016 0.075 0.307 0.114 0.056 
 137   (0.014) 0.099 0.001 0.002 0.010 0.001 0.003 0.000 

Locus 7 : 7 
10 alleles
1.2% missing data
  93   (0.214) 0.124 0.787 0.297 0.195 0.071 0.221 0.357 
 103   (0.298) 0.019 0.042 0.357 0.310 0.507 0.422 0.366 
  91   (0.073) 0.060 0.011 0.032 0.065 0.153 0.065 0.029 
  97   (0.199) 0.262 0.133 0.130 0.204 0.255 0.155 0.161 
  85   (0.046) 0.003 0.007 0.034 0.046 0.003 0.030 0.038 
  89   (0.081) 0.294 0.011 0.098 0.070 0.005 0.086 0.048 
  83   (0.052) 0.004 0.006 0.047 0.081 0.003 0.013 0.001 
 105   (0.015) 0.091 0.002 0.002 0.013 0.001 0.003 0.000 
 101   (0.011) 0.120 0.001 0.001 0.007 0.001 0.002 0.000 
  99   (0.011) 0.025 0.001 0.001 0.008 0.001 0.002 0.000 

Locus 8 : 8 
8 alleles
0.0% missing data
 129   (0.549) 0.315 0.203 0.682 0.588 0.637 0.429 0.677 
 141   (0.054) 0.003 0.006 0.023 0.042 0.208 0.072 0.098 
 149   (0.081) 0.292 0.009 0.070 0.068 0.015 0.072 0.121 
 143   (0.258) 0.294 0.688 0.212 0.249 0.136 0.410 0.103 
 127   (0.020) 0.092 0.049 0.002 0.017 0.001 0.005 0.000 
 131   (0.014) 0.001 0.043 0.006 0.008 0.002 0.003 0.000 
 133   (0.017) 0.001 0.002 0.004 0.022 0.001 0.008 0.000 
 145   (0.007) 0.000 0.001 0.001 0.006 0.000 0.001 0.000 

Locus 9 : 9 
5 alleles
0.0% missing data
 191   (0.395) 0.342 0.343 0.317 0.390 0.540 0.455 0.568 
 195   (0.153) 0.320 0.347 0.242 0.125 0.055 0.174 0.160 
 189   (0.438) 0.337 0.308 0.439 0.475 0.404 0.368 0.269 
 197   (0.007) 0.000 0.001 0.001 0.006 0.000 0.001 0.000 
 193   (0.007) 0.000 0.001 0.001 0.003 0.001 0.002 0.002 

Locus 10 : 10 
7 alleles
0.4% missing data
 232   (0.263) 0.133 0.224 0.155 0.293 0.279 0.178 0.307 
 238   (0.539) 0.739 0.374 0.763 0.522 0.348 0.658 0.551 
 252   (0.103) 0.017 0.017 0.071 0.100 0.037 0.127 0.125 
 254   (0.053) 0.081 0.380 0.006 0.045 0.254 0.028 0.016 
 248   (0.019) 0.001 0.002 0.002 0.021 0.080 0.004 0.000 
 250   (0.016) 0.028 0.003 0.002 0.014 0.001 0.003 0.000 
 236   (0.007) 0.000 0.001 0.001 0.006 0.001 0.002 0.000 

Locus 11 : 11 
4 alleles
0.0% missing data
  87   (0.688) 0.508 0.963 0.825 0.699 0.538 0.672 0.621 
  89   (0.237) 0.154 0.029 0.146 0.235 0.382 0.307 0.321 
  91   (0.056) 0.177 0.006 0.027 0.049 0.080 0.015 0.057 
  85   (0.018) 0.161 0.002 0.002 0.017 0.001 0.006 0.000 

Locus 12 : 12 
13 alleles
0.4% missing data
 160   (0.215) 0.419 0.589 0.255 0.209 0.707 0.118 0.125 
 162   (0.239) 0.015 0.072 0.287 0.242 0.235 0.394 0.221 
 147   (0.045) 0.003 0.005 0.036 0.034 0.003 0.082 0.148 
 158   (0.228) 0.100 0.029 0.181 0.259 0.027 0.184 0.470 
 161   (0.111) 0.267 0.117 0.112 0.100 0.018 0.129 0.025 
 170   (0.053) 0.030 0.006 0.041 0.061 0.004 0.015 0.008 
 143   (0.033) 0.161 0.173 0.005 0.036 0.002 0.008 0.001 
 154   (0.018) 0.002 0.002 0.002 0.019 0.001 0.019 0.000 
 149   (0.023) 0.001 0.002 0.056 0.015 0.001 0.038 0.000 
 153   (0.012) 0.001 0.001 0.001 0.013 0.001 0.004 0.000 
 150   (0.007) 0.000 0.001 0.006 0.003 0.000 0.001 0.000 
 159   (0.009) 0.001 0.001 0.016 0.005 0.001 0.003 0.000 
 164   (0.007) 0.000 0.001 0.001 0.005 0.000 0.004 0.000 

Locus 13 : 13 
5 alleles
0.0% missing data
 108   (0.216) 0.291 0.334 0.111 0.228 0.199 0.169 0.170 
 115   (0.431) 0.383 0.094 0.525 0.432 0.293 0.483 0.550 
 113   (0.338) 0.325 0.570 0.362 0.328 0.508 0.345 0.279 
 109   (0.007) 0.000 0.001 0.001 0.006 0.000 0.001 0.000 
 110   (0.007) 0.000 0.001 0.001 0.006 0.000 0.002 0.000 

Locus 14 : 14 
5 alleles
1.2% missing data
 227   (0.120) 0.008 0.255 0.299 0.117 0.019 0.056 0.256 
 231   (0.172) 0.344 0.270 0.027 0.168 0.346 0.341 0.089 
 229   (0.512) 0.480 0.105 0.510 0.551 0.422 0.416 0.485 
 225   (0.133) 0.062 0.223 0.121 0.117 0.208 0.134 0.076 
 233   (0.064) 0.106 0.147 0.044 0.048 0.004 0.052 0.094 

Locus 15 : 15 
5 alleles
0.4% missing data
 143   (0.832) 0.631 0.720 0.876 0.847 0.820 0.869 0.970 
 157   (0.008) 0.000 0.001 0.001 0.004 0.000 0.002 0.014 
 145   (0.089) 0.177 0.271 0.063 0.079 0.006 0.112 0.014 
 147   (0.052) 0.190 0.007 0.058 0.051 0.142 0.014 0.001 
 133   (0.018) 0.001 0.002 0.002 0.019 0.031 0.004 0.000 

Locus 16 : 16 
5 alleles
0.2% missing data
 156   (0.254) 0.165 0.508 0.218 0.248 0.494 0.247 0.265 
 158   (0.509) 0.324 0.257 0.622 0.534 0.209 0.535 0.524 
 160   (0.134) 0.121 0.016 0.123 0.121 0.114 0.166 0.171 
 154   (0.096) 0.389 0.219 0.025 0.094 0.182 0.051 0.039 
 152   (0.008) 0.000 0.001 0.012 0.003 0.000 0.001 0.000 

Locus 17 : 17 
5 alleles
0.0% missing data
 102   (0.187) 0.046 0.023 0.228 0.180 0.200 0.193 0.231 
  90   (0.678) 0.335 0.574 0.735 0.680 0.791 0.724 0.725 
  88   (0.077) 0.449 0.009 0.016 0.082 0.006 0.059 0.043 
 100   (0.051) 0.169 0.393 0.015 0.054 0.003 0.023 0.001 
 104   (0.008) 0.000 0.001 0.006 0.003 0.000 0.001 0.000 

Locus 18 : 18 
7 alleles
0.0% missing data
 142   (0.116) 0.027 0.016 0.101 0.139 0.008 0.044 0.421 
 146   (0.074) 0.005 0.008 0.106 0.059 0.221 0.078 0.158 
 140   (0.299) 0.300 0.280 0.250 0.296 0.185 0.462 0.135 
 127   (0.307) 0.382 0.552 0.298 0.329 0.066 0.244 0.214 
 148   (0.096) 0.069 0.011 0.077 0.083 0.214 0.106 0.052 
 150   (0.056) 0.215 0.006 0.130 0.048 0.303 0.025 0.001 
 138   (0.052) 0.003 0.128 0.038 0.046 0.004 0.041 0.020 

Locus 19 : 19 
8 alleles
0.2% missing data
 188   (0.171) 0.011 0.019 0.163 0.203 0.169 0.093 0.135 
 190   (0.122) 0.043 0.013 0.161 0.092 0.201 0.235 0.371 
 194   (0.575) 0.557 0.954 0.540 0.587 0.483 0.550 0.491 
 202   (0.020) 0.041 0.002 0.002 0.014 0.139 0.006 0.000 
 200   (0.090) 0.310 0.009 0.132 0.093 0.006 0.104 0.002 
 192   (0.007) 0.000 0.001 0.001 0.004 0.000 0.008 0.000 
 196   (0.007) 0.001 0.001 0.001 0.005 0.000 0.003 0.000 
 198   (0.008) 0.036 0.001 0.001 0.003 0.000 0.001 0.000 

Locus 20 : 20 
6 alleles
0.8% missing data
 252   (0.674) 0.088 0.392 0.786 0.734 0.726 0.677 0.833 
 250   (0.087) 0.420 0.339 0.056 0.063 0.140 0.083 0.090 
 244   (0.024) 0.047 0.005 0.008 0.015 0.002 0.008 0.014 
 254   (0.081) 0.239 0.101 0.093 0.062 0.081 0.054 0.029 
 246   (0.107) 0.204 0.160 0.050 0.094 0.050 0.171 0.025 
 248   (0.027) 0.002 0.003 0.007 0.031 0.002 0.006 0.010 

Locus 21 : 21 
7 alleles
0.2% missing data
 173   (0.278) 0.212 0.122 0.514 0.262 0.213 0.259 0.332 
 177   (0.259) 0.049 0.271 0.259 0.272 0.174 0.220 0.322 
 175   (0.145) 0.485 0.477 0.076 0.127 0.252 0.244 0.028 
 167   (0.198) 0.074 0.115 0.126 0.215 0.124 0.129 0.309 
 163   (0.043) 0.104 0.005 0.010 0.041 0.219 0.016 0.002 
 165   (0.055) 0.075 0.007 0.010 0.050 0.017 0.126 0.007 
 159   (0.023) 0.001 0.002 0.005 0.033 0.001 0.006 0.000 

Locus 22 : 22 
11 alleles
0.6% missing data
 146   (0.205) 0.014 0.074 0.320 0.218 0.143 0.177 0.262 
 154   (0.008) 0.000 0.001 0.001 0.004 0.000 0.001 0.053 
 166   (0.089) 0.006 0.116 0.041 0.098 0.006 0.104 0.058 
 152   (0.426) 0.115 0.501 0.551 0.437 0.374 0.472 0.588 
 150   (0.034) 0.101 0.110 0.014 0.026 0.002 0.007 0.008 
 164   (0.035) 0.070 0.005 0.007 0.028 0.002 0.045 0.013 
 156   (0.021) 0.111 0.003 0.010 0.012 0.292 0.008 0.000 
 162   (0.055) 0.133 0.007 0.022 0.051 0.070 0.069 0.001 
 158   (0.099) 0.417 0.012 0.021 0.108 0.108 0.113 0.014 
 148   (0.010) 0.001 0.171 0.001 0.006 0.001 0.002 0.000 
 142   (0.017) 0.032 0.002 0.012 0.012 0.001 0.003 0.000 

Locus 23 : 23 
7 alleles
0.8% missing data
 152   (0.009) 0.001 0.001 0.001 0.004 0.001 0.002 0.062 
 156   (0.140) 0.418 0.017 0.050 0.163 0.037 0.099 0.043 
 144   (0.182) 0.237 0.590 0.229 0.155 0.622 0.154 0.173 
 160   (0.102) 0.016 0.013 0.106 0.084 0.105 0.180 0.182 
 154   (0.528) 0.189 0.373 0.607 0.560 0.234 0.536 0.535 
 158   (0.030) 0.139 0.004 0.005 0.024 0.002 0.026 0.005 
 146   (0.009) 0.001 0.002 0.001 0.009 0.001 0.002 0.000 

Locus 24 : 24 
4 alleles
0.4% missing data
  77   (0.080) 0.005 0.009 0.079 0.070 0.052 0.075 0.263 
  83   (0.479) 0.581 0.684 0.418 0.454 0.917 0.564 0.487 
  81   (0.354) 0.382 0.296 0.409 0.386 0.025 0.294 0.224 
  85   (0.087) 0.031 0.010 0.094 0.090 0.006 0.067 0.026 

Locus 25 : 25 
6 alleles
0.4% missing data
 132   (0.299) 0.023 0.186 0.329 0.299 0.453 0.365 0.491 
 124   (0.544) 0.474 0.419 0.545 0.566 0.537 0.520 0.440 
 126   (0.023) 0.013 0.003 0.002 0.020 0.001 0.006 0.050 
 122   (0.097) 0.464 0.111 0.120 0.086 0.006 0.085 0.018 
 120   (0.021) 0.023 0.279 0.002 0.017 0.001 0.007 0.000 
 136   (0.015) 0.003 0.002 0.002 0.012 0.001 0.017 0.001 

Locus 26 : 26 
7 alleles
0.2% missing data
 165   (0.242) 0.125 0.327 0.261 0.238 0.060 0.302 0.148 
 183   (0.360) 0.221 0.300 0.315 0.347 0.426 0.439 0.542 
 179   (0.089) 0.272 0.334 0.077 0.082 0.006 0.045 0.060 
 175   (0.222) 0.016 0.029 0.333 0.234 0.443 0.176 0.248 
 181   (0.067) 0.256 0.008 0.013 0.085 0.065 0.034 0.001 
 185   (0.012) 0.110 0.001 0.001 0.008 0.001 0.002 0.000 
 157   (0.008) 0.000 0.001 0.001 0.006 0.000 0.001 0.000 

Locus 27 : 27 
4 alleles
0.2% missing data
 142   (0.634) 0.523 0.313 0.751 0.645 0.741 0.621 0.680 
 148   (0.211) 0.261 0.669 0.106 0.216 0.070 0.241 0.103 
 138   (0.040) 0.052 0.005 0.021 0.026 0.003 0.046 0.203 
 150   (0.115) 0.164 0.013 0.123 0.113 0.186 0.093 0.013 

Locus 28 : 28 
6 alleles
0.8% missing data
 260   (0.365) 0.223 0.139 0.503 0.368 0.377 0.340 0.367 
 262   (0.521) 0.689 0.846 0.409 0.521 0.548 0.610 0.623 
 256   (0.079) 0.085 0.011 0.059 0.080 0.073 0.043 0.009 
 258   (0.011) 0.001 0.001 0.001 0.013 0.001 0.002 0.000 
 266   (0.007) 0.000 0.001 0.006 0.003 0.000 0.001 0.000 
 264   (0.016) 0.001 0.002 0.022 0.014 0.001 0.003 0.000 

Locus 29 : 29 
7 alleles
0.2% missing data
 146   (0.285) 0.318 0.037 0.243 0.296 0.334 0.347 0.191 
 150   (0.427) 0.247 0.147 0.536 0.451 0.295 0.378 0.632 
 140   (0.178) 0.378 0.803 0.157 0.175 0.062 0.144 0.109 
 148   (0.060) 0.039 0.007 0.027 0.043 0.305 0.095 0.061 
 152   (0.029) 0.017 0.003 0.035 0.027 0.003 0.014 0.001 
 151   (0.011) 0.001 0.001 0.001 0.005 0.001 0.008 0.006 
 142   (0.010) 0.001 0.001 0.001 0.004 0.001 0.013 0.002 

Locus 30 : 30 
6 alleles
0.2% missing data
 125   (0.291) 0.149 0.144 0.095 0.335 0.034 0.281 0.456 
 129   (0.407) 0.092 0.211 0.580 0.381 0.780 0.462 0.488 
 123   (0.151) 0.112 0.018 0.232 0.146 0.102 0.111 0.053 
 127   (0.101) 0.509 0.580 0.050 0.092 0.081 0.130 0.002 
 121   (0.014) 0.001 0.043 0.002 0.011 0.001 0.004 0.000 
 131   (0.036) 0.138 0.005 0.041 0.034 0.002 0.012 0.001 

Locus 31 : 31 
6 alleles
0.2% missing data
 159   (0.170) 0.197 0.020 0.271 0.162 0.011 0.245 0.134 
 155   (0.541) 0.429 0.528 0.437 0.570 0.711 0.463 0.697 
 157   (0.178) 0.069 0.119 0.212 0.174 0.025 0.252 0.100 
 153   (0.067) 0.293 0.100 0.075 0.061 0.005 0.018 0.065 
 151   (0.036) 0.012 0.232 0.004 0.029 0.247 0.020 0.003 
 163   (0.007) 0.001 0.001 0.001 0.004 0.001 0.002 0.001 

Locus 32 : 32 
5 alleles
0.0% missing data
 146   (0.339) 0.637 0.577 0.330 0.359 0.313 0.267 0.073 
 150   (0.551) 0.262 0.411 0.602 0.558 0.636 0.506 0.856 
 148   (0.063) 0.039 0.007 0.022 0.047 0.049 0.134 0.070 
 154   (0.036) 0.062 0.004 0.013 0.030 0.002 0.091 0.001 
 152   (0.010) 0.001 0.001 0.034 0.005 0.001 0.002 0.000 

Locus 33 : 33 
7 alleles
0.0% missing data
 180   (0.454) 0.361 0.690 0.380 0.463 0.661 0.469 0.568 
 196   (0.100) 0.030 0.012 0.146 0.103 0.006 0.064 0.185 
 184   (0.201) 0.186 0.272 0.257 0.189 0.077 0.225 0.160 
 194   (0.008) 0.000 0.001 0.001 0.004 0.000 0.002 0.036 
 192   (0.145) 0.161 0.016 0.162 0.156 0.184 0.175 0.006 
 198   (0.075) 0.261 0.008 0.019 0.076 0.070 0.044 0.045 
 190   (0.018) 0.001 0.002 0.036 0.010 0.001 0.021 0.000 

Locus 34 : 34 
6 alleles
0.0% missing data
 110   (0.187) 0.112 0.211 0.111 0.182 0.079 0.192 0.327 
 112   (0.330) 0.057 0.038 0.379 0.357 0.065 0.363 0.512 
 106   (0.290) 0.252 0.237 0.398 0.271 0.695 0.320 0.126 
  90   (0.042) 0.003 0.393 0.017 0.034 0.003 0.034 0.025 
 108   (0.140) 0.576 0.120 0.093 0.149 0.114 0.088 0.009 
  96   (0.011) 0.001 0.001 0.001 0.007 0.045 0.002 0.000 

Locus 35 : 35 
9 alleles
0.0% missing data
 166   (0.044) 0.003 0.006 0.091 0.028 0.003 0.071 0.250 
 176   (0.101) 0.098 0.012 0.012 0.104 0.019 0.187 0.155 
 172   (0.302) 0.174 0.040 0.402 0.307 0.576 0.188 0.426 
 170   (0.276) 0.344 0.617 0.226 0.252 0.324 0.396 0.154 
 174   (0.151) 0.050 0.018 0.173 0.181 0.070 0.113 0.006 
 178   (0.040) 0.003 0.005 0.032 0.046 0.003 0.013 0.007 
 168   (0.059) 0.306 0.300 0.026 0.062 0.004 0.026 0.001 
 186   (0.020) 0.023 0.002 0.039 0.013 0.001 0.004 0.000 
 158   (0.008) 0.000 0.001 0.001 0.006 0.000 0.001 0.000 

Locus 36 : 36 
6 alleles
0.0% missing data
  89   (0.556) 0.603 0.377 0.665 0.563 0.511 0.559 0.647 
  95   (0.055) 0.030 0.006 0.069 0.042 0.004 0.070 0.071 
  85   (0.168) 0.019 0.485 0.131 0.168 0.236 0.154 0.223 
  81   (0.073) 0.005 0.010 0.035 0.086 0.005 0.117 0.008 
  83   (0.127) 0.317 0.015 0.092 0.126 0.242 0.095 0.050 
  91   (0.021) 0.027 0.106 0.008 0.014 0.001 0.005 0.000 

Locus 37 : 37 
10 alleles
0.0% missing data
 161   (0.365) 0.697 0.430 0.262 0.364 0.377 0.418 0.534 
 165   (0.218) 0.117 0.134 0.256 0.224 0.106 0.201 0.176 
 159   (0.014) 0.001 0.002 0.006 0.009 0.001 0.003 0.029 
 173   (0.251) 0.175 0.222 0.306 0.239 0.505 0.333 0.131 
 169   (0.091) 0.006 0.206 0.130 0.104 0.006 0.031 0.121 
 167   (0.020) 0.001 0.002 0.007 0.017 0.002 0.005 0.009 
 168   (0.011) 0.001 0.001 0.001 0.013 0.001 0.002 0.000 
 155   (0.014) 0.001 0.001 0.002 0.020 0.001 0.004 0.000 
 177   (0.007) 0.000 0.001 0.001 0.006 0.000 0.001 0.000 
 175   (0.008) 0.000 0.001 0.030 0.004 0.000 0.001 0.000 

Locus 38 : 38 
6 alleles
0.6% missing data
  87   (0.098) 0.422 0.553 0.056 0.074 0.127 0.093 0.152 
  89   (0.420) 0.239 0.051 0.560 0.464 0.102 0.314 0.606 
  91   (0.173) 0.102 0.209 0.104 0.169 0.183 0.182 0.119 
  81   (0.113) 0.008 0.013 0.077 0.109 0.116 0.217 0.079 
  85   (0.189) 0.229 0.173 0.203 0.180 0.472 0.193 0.041 
  83   (0.007) 0.000 0.001 0.001 0.003 0.001 0.002 0.003 

Locus 39 : 39 
4 alleles
0.6% missing data
 167   (0.784) 0.407 0.691 0.800 0.792 0.859 0.890 0.913 
 161   (0.177) 0.451 0.305 0.145 0.178 0.138 0.097 0.085 
 165   (0.031) 0.142 0.003 0.054 0.024 0.003 0.011 0.001 
 177   (0.008) 0.000 0.001 0.001 0.006 0.001 0.001 0.000 

Locus 40 : 40 
6 alleles
0.4% missing data
 228   (0.406) 0.135 0.539 0.494 0.396 0.243 0.461 0.552 
 238   (0.327) 0.075 0.087 0.315 0.360 0.121 0.290 0.306 
 224   (0.024) 0.013 0.003 0.004 0.012 0.002 0.048 0.078 
 236   (0.110) 0.279 0.356 0.053 0.092 0.379 0.093 0.062 
 232   (0.013) 0.001 0.001 0.002 0.016 0.001 0.004 0.001 
 240   (0.120) 0.497 0.014 0.132 0.124 0.254 0.104 0.002 

Locus 41 : 41 
7 alleles
0.0% missing data
 128   (0.106) 0.007 0.012 0.185 0.100 0.036 0.108 0.134 
 130   (0.541) 0.736 0.064 0.449 0.569 0.773 0.511 0.612 
 114   (0.050) 0.003 0.490 0.006 0.046 0.003 0.059 0.095 
 132   (0.119) 0.008 0.014 0.204 0.113 0.054 0.132 0.148 
 118   (0.066) 0.070 0.207 0.076 0.057 0.126 0.029 0.002 
 134   (0.110) 0.175 0.212 0.079 0.109 0.007 0.161 0.008 
 136   (0.008) 0.000 0.001 0.001 0.006 0.000 0.001 0.000 

Locus 42 : 42 
6 alleles
1.2% missing data
 102   (0.246) 0.016 0.565 0.332 0.226 0.472 0.361 0.400 
 104   (0.408) 0.240 0.050 0.502 0.447 0.414 0.356 0.192 
  92   (0.126) 0.309 0.056 0.062 0.131 0.008 0.105 0.124 
  96   (0.077) 0.176 0.104 0.025 0.069 0.005 0.067 0.093 
  98   (0.135) 0.258 0.224 0.077 0.123 0.100 0.108 0.190 
 106   (0.008) 0.000 0.001 0.001 0.005 0.001 0.004 0.001 

Locus 43 : 43 
6 alleles
1.4% missing data
 101   (0.298) 0.364 0.035 0.299 0.290 0.188 0.415 0.412 
 103   (0.302) 0.115 0.226 0.424 0.308 0.351 0.261 0.217 
  99   (0.158) 0.185 0.412 0.080 0.173 0.010 0.163 0.064 
  95   (0.215) 0.327 0.171 0.194 0.207 0.450 0.152 0.306 
  97   (0.020) 0.008 0.155 0.003 0.017 0.001 0.007 0.000 
  91   (0.008) 0.000 0.001 0.001 0.006 0.000 0.002 0.000 

Locus 44 : 44 
7 alleles
0.2% missing data
 177   (0.076) 0.112 0.010 0.056 0.073 0.005 0.051 0.075 
 191   (0.303) 0.622 0.282 0.204 0.326 0.105 0.273 0.172 
 181   (0.545) 0.151 0.526 0.702 0.536 0.856 0.628 0.752 
 189   (0.008) 0.000 0.001 0.001 0.003 0.029 0.001 0.000 
 179   (0.045) 0.103 0.179 0.005 0.049 0.003 0.039 0.001 
 183   (0.010) 0.001 0.001 0.002 0.008 0.001 0.005 0.000 
 193   (0.012) 0.012 0.001 0.031 0.005 0.001 0.002 0.000 

Locus 45 : 45 
6 alleles
0.8% missing data
 205   (0.451) 0.316 0.257 0.497 0.468 0.411 0.532 0.522 
 211   (0.238) 0.387 0.339 0.163 0.242 0.271 0.232 0.223 
 207   (0.131) 0.071 0.016 0.196 0.132 0.198 0.076 0.136 
 201   (0.082) 0.041 0.376 0.070 0.075 0.005 0.075 0.070 
 215   (0.084) 0.175 0.011 0.072 0.072 0.113 0.082 0.049 
 202   (0.013) 0.011 0.002 0.002 0.011 0.001 0.003 0.000 

Locus 46 : 46 
10 alleles
1.0% missing data
 144   (0.061) 0.011 0.008 0.052 0.057 0.126 0.020 0.218 
 158   (0.153) 0.122 0.021 0.086 0.149 0.086 0.254 0.148 
 168   (0.145) 0.211 0.218 0.037 0.154 0.110 0.117 0.191 
 166   (0.131) 0.030 0.121 0.180 0.121 0.381 0.070 0.300 
 142   (0.341) 0.153 0.046 0.570 0.352 0.286 0.452 0.136 
 170   (0.020) 0.049 0.003 0.002 0.016 0.002 0.010 0.002 
 156   (0.030) 0.083 0.470 0.016 0.023 0.002 0.011 0.001 
 162   (0.054) 0.154 0.106 0.029 0.054 0.003 0.036 0.001 
 164   (0.057) 0.186 0.007 0.027 0.069 0.003 0.026 0.003 
 160   (0.008) 0.000 0.001 0.001 0.005 0.000 0.003 0.000 

Locus 47 : 47 
7 alleles
9.9% missing data
 149   (0.345) 0.754 0.347 0.394 0.354 0.340 0.202 0.223 
 151   (0.176) 0.096 0.090 0.142 0.162 0.012 0.360 0.251 
 153   (0.181) 0.047 0.028 0.334 0.177 0.028 0.158 0.314 
 147   (0.028) 0.002 0.004 0.003 0.034 0.002 0.009 0.031 
 145   (0.242) 0.049 0.527 0.124 0.249 0.617 0.265 0.177 
 152   (0.008) 0.001 0.002 0.001 0.004 0.001 0.002 0.003 
 143   (0.019) 0.052 0.003 0.002 0.020 0.001 0.005 0.000 

Values of parameters used in structure:
DATAFILE=temp2.str,	OUTFILE=k7/temp2_k7_run8,	NUMINDS=486,	NUMLOCI=47,	MISSING=-9,	LABEL=1,	POPDATA=1,	POPFLAG=0,	PHENOTYPE=0,	EXTRACOLS=0,	MAXPOPS=7,	BURNIN=500000,	NUMREPS=750000,	USEPOPINFO=0,	INFERALPHA=1,	INFERLAMBDA=0,	POPSPECIFICLAMBDA=0,	POPALPHAS=0,	COMPUTEPROB=1,	NOADMIX=0,	ADMBURNIN=500,	UPDATEFREQ=100,	PRINTLIKES=0,	INTERMEDSAVE=0,	PRINTKLD=0,	PRINTNET=1,	PRINTLAMBDA=1,	ANCESTDIST=0,	NUMBOXES=1000,	ANCESTPINT=0.90000,	GENSBACK=2,	MIGRPRIOR=0.01000,	PRINTQHAT=0,	PRINTQSUM=1,	ALPHA=1.0000,	FREQSCORR=1,	FPRIORMEAN=0.0100,	FPRIORSD=0.0500,	ONEFST=0,	LAMBDA=1.0000,	UNIFPRIORALPHA=1,	ALPHAMAX=10.0000,	ALPHAPRIORA=1.0000,	ALPHAPRIORB=2.0000,	ALPHAPROPSD=0.0250,	STARTATPOPINFO=0,	RANDOMIZE=0,	LINKAGE=0,	METROFREQ=10,	REPORTHITRATE=0,	MARKOVPHASE=0,	PHASED=1,	PLOIDY=2,	PHASEINFO=0	LOCPRIOR=0, 	LOCPRIORINIT=1.000000, 	LOCDATA=0, 	LOCISPOP=1, 	LOCPRIORSTEP=0.100000, 	MAXLOCPRIOR=20.000000, 	SEED=848859,	
[STRAT parameters]:    NUMSIMSTATS=1000,	PHENOTYPECOL=-9,	POOLFREQ=10,	LOCUSxONLY=0,	EMERROR=0.00100,	MISSINGPHENO=-9,	