

----------------------------------------------------
STRUCTURE by Pritchard, Stephens and Donnelly (2000)
     and Falush, Stephens and Pritchard (2003)
       Code by Pritchard, Falush and Hubisz
             Version 2.3.4 (Jul 2012)
----------------------------------------------------



Command line arguments:   structure -D 699129 -K 5 -m mainparams -o k5/temp2_k5_run5 
Input File:    temp2.str

Run parameters:
   486 individuals
   47 loci
   5 populations assumed
   500000 Burn-in period
   750000 Reps
RANDOMIZE turned off


--------------------------------------------
Proportion of membership of each pre-defined
 population in each of the 5 clusters

Given    Inferred Clusters                     Number of
 Pop       1      2      3      4      5      Individuals

  1:     0.009  0.965  0.010  0.003  0.014       63
  2:     0.008  0.955  0.013  0.003  0.021       20
  3:     0.004  0.004  0.005  0.983  0.005       36
  4:     0.007  0.944  0.015  0.004  0.031       21
  5:     0.006  0.963  0.008  0.005  0.018       31
  6:     0.005  0.977  0.009  0.003  0.006       21
  7:     0.021  0.031  0.162  0.007  0.780       25
  8:     0.014  0.763  0.033  0.114  0.077        8
  9:     0.005  0.964  0.018  0.003  0.010       17
 10:     0.982  0.005  0.005  0.003  0.005       29
 11:     0.046  0.035  0.042  0.754  0.124        9
 12:     0.016  0.014  0.107  0.015  0.848       26
 13:     0.011  0.020  0.389  0.017  0.562       74
 14:     0.014  0.027  0.658  0.013  0.287       35
 15:     0.009  0.047  0.848  0.009  0.087       24
 16:     0.028  0.036  0.122  0.029  0.786       43
 17:     0.009  0.041  0.109  0.006  0.835        4
--------------------------------------------

Allele-freq. divergence among pops (Net nucleotide distance),
computed using point estimates of P.

      1       2       3       4       5      
 1      -    0.0706  0.0618  0.1082  0.0494  
 2   0.0706     -    0.0325  0.1208  0.0242  
 3   0.0618  0.0325     -    0.0979  0.0126  
 4   0.1082  0.1208  0.0979     -    0.0700  
 5   0.0494  0.0242  0.0126  0.0700     -    

Average distances (expected heterozygosity) between individuals in same cluster:
cluster  1  : 0.5499 
cluster  2  : 0.5572 
cluster  3  : 0.5928 
cluster  4  : 0.6457 
cluster  5  : 0.6405 

--------------------------------------------
Estimated Ln Prob of Data   = -52422.5
Mean value of ln likelihood = -52001.8
Variance of ln likelihood   = 841.5
Mean value of alpha         = 0.0332

Mean value of Fst_1         = 0.1984
Mean value of Fst_2         = 0.1211
Mean value of Fst_3         = 0.0527
Mean value of Fst_4         = 0.1494
Mean value of Fst_5         = 0.0078


Inferred ancestry of individuals:
        Label (%Miss) Pop:  Inferred clusters
  1      221    (0)    1 :  0.002 0.981 0.007 0.003 0.007 
  2      222    (0)    1 :  0.008 0.976 0.005 0.004 0.007 
  3      223    (0)    1 :  0.003 0.976 0.008 0.005 0.009 
  4      224    (0)    1 :  0.005 0.989 0.002 0.001 0.003 
  5      225    (0)    1 :  0.004 0.987 0.003 0.002 0.005 
  6      226    (0)    1 :  0.002 0.988 0.003 0.001 0.005 
  7      227    (0)    1 :  0.005 0.965 0.006 0.008 0.016 
  8      228    (0)    1 :  0.005 0.972 0.012 0.004 0.008 
  9      234    (0)    1 :  0.002 0.990 0.004 0.001 0.003 
 10      235    (0)    1 :  0.002 0.990 0.003 0.001 0.003 
 11      236    (0)    1 :  0.002 0.993 0.002 0.001 0.002 
 12      237    (0)    1 :  0.002 0.989 0.004 0.002 0.003 
 13      238    (0)    1 :  0.007 0.976 0.006 0.004 0.006 
 14      239    (0)    1 :  0.028 0.880 0.013 0.005 0.074 
 15      240    (0)    1 :  0.002 0.990 0.003 0.001 0.003 
 16      242    (0)    1 :  0.003 0.622 0.045 0.001 0.328 
 17      243    (0)    1 :  0.015 0.966 0.007 0.002 0.009 
 18      244    (0)    1 :  0.004 0.983 0.002 0.003 0.009 
 19      245    (0)    1 :  0.012 0.905 0.021 0.042 0.020 
 20      246    (0)    1 :  0.003 0.990 0.003 0.002 0.003 
 21      248    (0)    1 :  0.026 0.958 0.004 0.003 0.008 
 22      249    (0)    1 :  0.002 0.992 0.003 0.001 0.003 
 23      250    (0)    1 :  0.011 0.951 0.017 0.008 0.013 
 24      251    (0)    1 :  0.003 0.986 0.007 0.001 0.004 
 25      252    (0)    1 :  0.059 0.912 0.018 0.002 0.010 
 26      253    (0)    1 :  0.031 0.909 0.006 0.020 0.034 
 27      254    (0)    1 :  0.004 0.984 0.004 0.002 0.006 
 28      255    (0)    1 :  0.004 0.978 0.005 0.002 0.010 
 29      256    (0)    1 :  0.001 0.988 0.004 0.002 0.004 
 30      257    (0)    1 :  0.009 0.970 0.009 0.002 0.009 
 31      258    (0)    1 :  0.003 0.980 0.008 0.003 0.007 
 32      259    (0)    1 :  0.003 0.981 0.006 0.002 0.009 
 33      260    (0)    1 :  0.055 0.933 0.005 0.002 0.005 
 34      261    (0)    1 :  0.013 0.906 0.066 0.002 0.013 
 35      262    (0)    1 :  0.002 0.992 0.002 0.001 0.002 
 36      263    (0)    1 :  0.020 0.967 0.004 0.003 0.006 
 37      264    (0)    1 :  0.003 0.986 0.005 0.001 0.004 
 38      265    (0)    1 :  0.023 0.966 0.005 0.001 0.005 
 39      266    (0)    1 :  0.002 0.992 0.003 0.001 0.003 
 40      267    (0)    1 :  0.001 0.992 0.003 0.001 0.003 
 41      268    (0)    1 :  0.056 0.929 0.006 0.002 0.007 
 42      269    (0)    1 :  0.002 0.990 0.003 0.001 0.003 
 43      270    (0)    1 :  0.002 0.990 0.004 0.001 0.003 
 44      271    (0)    1 :  0.010 0.950 0.017 0.005 0.017 
 45      272    (0)    1 :  0.004 0.959 0.022 0.002 0.013 
 46      273    (0)    1 :  0.003 0.968 0.011 0.003 0.016 
 47      274    (0)    1 :  0.005 0.983 0.006 0.002 0.004 
 48      275    (2)    1 :  0.002 0.988 0.004 0.001 0.004 
 49      276    (0)    1 :  0.004 0.982 0.007 0.001 0.005 
 50      277    (0)    1 :  0.002 0.921 0.068 0.001 0.008 
 51      278    (0)    1 :  0.005 0.969 0.018 0.002 0.007 
 52      279    (0)    1 :  0.003 0.979 0.006 0.002 0.010 
 53      280    (0)    1 :  0.004 0.973 0.013 0.002 0.007 
 54      287    (0)    1 :  0.006 0.968 0.009 0.003 0.014 
 55      290    (0)    1 :  0.002 0.979 0.009 0.002 0.008 
 56      291    (0)    1 :  0.006 0.962 0.021 0.002 0.008 
 57      295    (0)    1 :  0.003 0.981 0.012 0.001 0.003 
 58      296    (0)    1 :  0.004 0.987 0.004 0.002 0.004 
 59      872    (2)    1 :  0.006 0.984 0.004 0.003 0.004 
 60      873    (4)    1 :  0.003 0.973 0.004 0.003 0.016 
 61      874    (2)    1 :  0.003 0.981 0.011 0.001 0.005 
 62      875    (0)    1 :  0.002 0.986 0.004 0.004 0.004 
 63      876    (6)    1 :  0.016 0.951 0.016 0.002 0.015 
 64      212    (0)   10 :  0.990 0.002 0.003 0.001 0.002 
 65      213    (0)   10 :  0.984 0.004 0.006 0.002 0.004 
 66      214    (0)   10 :  0.985 0.004 0.003 0.002 0.005 
 67      215    (0)   10 :  0.984 0.005 0.005 0.002 0.003 
 68      216    (0)   10 :  0.988 0.004 0.004 0.001 0.003 
 69      217    (0)   10 :  0.984 0.005 0.004 0.002 0.005 
 70      218    (0)   10 :  0.989 0.003 0.003 0.003 0.003 
 71      332    (0)   10 :  0.954 0.015 0.017 0.003 0.012 
 72      333    (0)   10 :  0.945 0.015 0.009 0.011 0.019 
 73      334    (0)   10 :  0.983 0.005 0.005 0.002 0.004 
 74      335    (0)   10 :  0.990 0.002 0.003 0.002 0.003 
 75      336    (0)   10 :  0.990 0.003 0.002 0.002 0.003 
 76      337    (0)   10 :  0.979 0.009 0.003 0.003 0.006 
 77      673    (0)   10 :  0.994 0.001 0.002 0.001 0.001 
 78      674    (0)   10 :  0.987 0.004 0.004 0.001 0.005 
 79      675    (0)   10 :  0.984 0.004 0.006 0.003 0.004 
 80      676    (0)   10 :  0.984 0.003 0.007 0.002 0.005 
 81      677    (0)   10 :  0.987 0.005 0.003 0.002 0.003 
 82      678    (0)   10 :  0.963 0.012 0.009 0.004 0.012 
 83      679    (0)   10 :  0.955 0.005 0.005 0.025 0.010 
 84      680    (0)   10 :  0.982 0.004 0.007 0.002 0.005 
 85      681    (0)   10 :  0.983 0.005 0.004 0.002 0.006 
 86      682    (0)   10 :  0.992 0.002 0.002 0.002 0.002 
 87      683    (0)   10 :  0.985 0.004 0.004 0.002 0.005 
 88      684    (0)   10 :  0.986 0.002 0.004 0.002 0.005 
 89      685    (0)   10 :  0.983 0.003 0.003 0.004 0.006 
 90      686    (0)   10 :  0.990 0.002 0.002 0.004 0.002 
 91      687    (0)   10 :  0.992 0.002 0.002 0.001 0.002 
 92      688    (0)   10 :  0.984 0.006 0.006 0.001 0.003 
 93      070    (0)   11 :  0.006 0.038 0.079 0.622 0.254 
 94      071    (0)   11 :  0.168 0.016 0.048 0.582 0.187 
 95      072    (0)   11 :  0.008 0.041 0.036 0.877 0.038 
 96      151    (0)   11 :  0.029 0.006 0.014 0.936 0.014 
 97      152    (0)   11 :  0.005 0.011 0.079 0.601 0.304 
 98      153    (2)   11 :  0.038 0.017 0.011 0.918 0.016 
 99      788    (4)   11 :  0.014 0.011 0.011 0.953 0.011 
100      789    (2)   11 :  0.139 0.074 0.040 0.695 0.051 
101      790    (0)   11 :  0.004 0.103 0.055 0.601 0.238 
102      010    (0)   12 :  0.004 0.006 0.009 0.009 0.972 
103      024    (0)   12 :  0.012 0.008 0.067 0.051 0.862 
104      051    (0)   12 :  0.007 0.005 0.007 0.029 0.952 
105      090    (0)   12 :  0.004 0.008 0.030 0.018 0.940 
106      102    (0)   12 :  0.003 0.037 0.463 0.002 0.496 
107      111    (0)   12 :  0.003 0.011 0.019 0.003 0.964 
108      113    (0)   12 :  0.004 0.008 0.100 0.005 0.883 
109      138    (0)   12 :  0.085 0.009 0.020 0.008 0.879 
110      150    (0)   12 :  0.004 0.021 0.903 0.030 0.042 
111      173    (2)   12 :  0.013 0.007 0.122 0.023 0.835 
112      174    (2)   12 :  0.003 0.012 0.005 0.024 0.956 
113      175    (0)   12 :  0.003 0.003 0.009 0.069 0.915 
114      176    (0)   12 :  0.013 0.031 0.026 0.005 0.925 
115      177    (0)   12 :  0.002 0.004 0.020 0.005 0.969 
116      180    (0)   12 :  0.005 0.042 0.006 0.002 0.945 
117      184    (0)   12 :  0.005 0.007 0.105 0.014 0.868 
118      195    (0)   12 :  0.013 0.006 0.027 0.009 0.946 
119      198    (0)   12 :  0.005 0.014 0.011 0.006 0.963 
120      203    (0)   12 :  0.005 0.009 0.027 0.003 0.955 
121      211    (0)   12 :  0.102 0.029 0.038 0.004 0.827 
122      220    (0)   12 :  0.009 0.007 0.341 0.006 0.638 
123      233    (0)   12 :  0.069 0.009 0.362 0.003 0.557 
124      331    (0)   12 :  0.004 0.006 0.013 0.023 0.954 
125      349    (0)   12 :  0.005 0.009 0.029 0.033 0.925 
126      410    (0)   12 :  0.019 0.009 0.005 0.004 0.963 
127      417    (2)   12 :  0.005 0.043 0.023 0.005 0.924 
128      421    (0)   13 :  0.005 0.013 0.972 0.001 0.008 
129      423    (0)   13 :  0.002 0.007 0.007 0.011 0.973 
130      424    (0)   13 :  0.002 0.018 0.008 0.004 0.967 
131      433    (0)   13 :  0.021 0.005 0.863 0.012 0.098 
132      462    (0)   13 :  0.022 0.009 0.256 0.005 0.709 
133      463    (0)   13 :  0.003 0.016 0.021 0.019 0.940 
134      467    (0)   13 :  0.011 0.012 0.962 0.006 0.009 
135      468    (0)   13 :  0.002 0.018 0.944 0.007 0.029 
136      469    (0)   13 :  0.002 0.069 0.831 0.003 0.094 
137      472    (0)   13 :  0.008 0.008 0.054 0.027 0.903 
138      473    (0)   13 :  0.008 0.004 0.048 0.012 0.927 
139      474    (0)   13 :  0.010 0.010 0.971 0.002 0.007 
140      475    (0)   13 :  0.003 0.004 0.912 0.009 0.072 
141      476    (2)   13 :  0.023 0.005 0.935 0.022 0.014 
142      477    (0)   13 :  0.019 0.015 0.111 0.013 0.841 
143      478    (0)   13 :  0.003 0.032 0.108 0.002 0.855 
144      479    (0)   13 :  0.004 0.032 0.909 0.002 0.053 
145      480    (0)   13 :  0.002 0.003 0.987 0.001 0.006 
146      481    (0)   13 :  0.003 0.007 0.085 0.017 0.887 
147      482    (0)   13 :  0.044 0.007 0.093 0.004 0.853 
148      489    (0)   13 :  0.016 0.006 0.146 0.026 0.806 
149      490    (0)   13 :  0.003 0.033 0.014 0.008 0.942 
150      491    (0)   13 :  0.100 0.005 0.040 0.002 0.853 
151      492    (0)   13 :  0.017 0.030 0.868 0.014 0.071 
152      493    (0)   13 :  0.006 0.010 0.906 0.022 0.055 
153      494    (0)   13 :  0.031 0.006 0.685 0.046 0.233 
154      498    (0)   13 :  0.004 0.021 0.030 0.010 0.935 
155      499    (0)   13 :  0.006 0.008 0.014 0.005 0.967 
156      709    (0)   13 :  0.010 0.013 0.025 0.028 0.923 
157      710    (4)   13 :  0.002 0.011 0.713 0.176 0.097 
158      711    (2)   13 :  0.004 0.037 0.017 0.003 0.939 
159      712    (4)   13 :  0.004 0.020 0.032 0.004 0.941 
160      713    (0)   13 :  0.007 0.005 0.006 0.021 0.962 
161      714    (2)   13 :  0.002 0.007 0.975 0.006 0.010 
162      715    (4)   13 :  0.033 0.040 0.903 0.003 0.020 
163      716    (0)   13 :  0.003 0.003 0.984 0.002 0.008 
164      717    (2)   13 :  0.010 0.015 0.661 0.005 0.310 
165      718    (4)   13 :  0.002 0.022 0.070 0.004 0.901 
166      719    (0)   13 :  0.002 0.004 0.988 0.002 0.004 
167      720    (2)   13 :  0.010 0.008 0.964 0.004 0.014 
168      721    (0)   13 :  0.008 0.006 0.783 0.018 0.186 
169      722    (4)   13 :  0.002 0.008 0.984 0.001 0.004 
170      723    (0)   13 :  0.007 0.004 0.977 0.003 0.010 
171      724    (0)   13 :  0.008 0.041 0.921 0.018 0.012 
172      725    (0)   13 :  0.011 0.007 0.026 0.014 0.942 
173      726    (0)   13 :  0.005 0.005 0.717 0.062 0.210 
174      727    (0)   13 :  0.015 0.006 0.242 0.003 0.734 
175      728    (2)   13 :  0.006 0.012 0.033 0.019 0.930 
176      729    (6)   13 :  0.004 0.007 0.039 0.004 0.946 
177      730    (2)   13 :  0.005 0.024 0.047 0.004 0.920 
178      731    (2)   13 :  0.003 0.016 0.012 0.004 0.966 
179      732    (0)   13 :  0.006 0.015 0.385 0.008 0.585 
180      733    (0)   13 :  0.003 0.034 0.191 0.017 0.755 
181      734    (2)   13 :  0.072 0.011 0.043 0.024 0.850 
182      735    (4)   13 :  0.010 0.007 0.093 0.002 0.888 
183      736    (2)   13 :  0.014 0.004 0.009 0.009 0.964 
184      737    (0)   13 :  0.003 0.016 0.008 0.004 0.969 
185      738    (2)   13 :  0.005 0.008 0.008 0.003 0.976 
186      739    (8)   13 :  0.007 0.012 0.084 0.003 0.894 
187      740    (4)   13 :  0.003 0.010 0.186 0.009 0.792 
188      741    (2)   13 :  0.035 0.175 0.248 0.016 0.525 
189      742    (4)   13 :  0.004 0.011 0.012 0.005 0.968 
190      743    (2)   13 :  0.010 0.005 0.971 0.003 0.010 
191      744    (0)   13 :  0.005 0.007 0.591 0.235 0.162 
192      745    (0)   13 :  0.006 0.077 0.855 0.007 0.055 
193      746    (2)   13 :  0.005 0.007 0.007 0.005 0.976 
194      747    (2)   13 :  0.021 0.041 0.018 0.004 0.917 
195      748    (0)   13 :  0.016 0.140 0.045 0.015 0.783 
196      749    (2)   13 :  0.017 0.067 0.017 0.129 0.769 
197      750    (4)   13 :  0.005 0.016 0.016 0.013 0.950 
198      751    (0)   13 :  0.006 0.013 0.017 0.003 0.961 
199      752    (2)   13 :  0.002 0.019 0.958 0.002 0.018 
200      753    (4)   13 :  0.042 0.041 0.128 0.006 0.783 
201      754    (2)   13 :  0.004 0.005 0.009 0.007 0.975 
202      155    (0)   14 :  0.044 0.039 0.032 0.013 0.871 
203      156    (2)   14 :  0.005 0.043 0.031 0.067 0.854 
204      157    (2)   14 :  0.008 0.005 0.021 0.024 0.942 
205      158    (0)   14 :  0.007 0.009 0.025 0.004 0.955 
206      159    (0)   14 :  0.003 0.042 0.025 0.017 0.912 
207      160    (0)   14 :  0.010 0.014 0.747 0.004 0.224 
208      161    (0)   14 :  0.008 0.007 0.225 0.203 0.557 
209      162    (0)   14 :  0.006 0.007 0.798 0.004 0.185 
210      163    (2)   14 :  0.003 0.004 0.009 0.004 0.981 
211      164    (0)   14 :  0.022 0.076 0.039 0.016 0.846 
212      165    (2)   14 :  0.006 0.014 0.014 0.032 0.934 
213      427    (0)   14 :  0.077 0.007 0.901 0.004 0.011 
214      428    (0)   14 :  0.004 0.008 0.980 0.002 0.006 
215      429    (0)   14 :  0.003 0.006 0.984 0.002 0.006 
216      430    (0)   14 :  0.005 0.070 0.216 0.009 0.700 
217      431    (0)   14 :  0.003 0.027 0.959 0.002 0.009 
218      435    (0)   14 :  0.002 0.003 0.991 0.001 0.003 
219      436    (0)   14 :  0.003 0.006 0.985 0.002 0.004 
220      437    (0)   14 :  0.004 0.028 0.961 0.002 0.006 
221      438    (0)   14 :  0.002 0.025 0.960 0.003 0.010 
222      439    (0)   14 :  0.004 0.016 0.908 0.003 0.069 
223      441    (0)   14 :  0.003 0.010 0.933 0.004 0.050 
224      442    (0)   14 :  0.176 0.008 0.801 0.002 0.013 
225      443    (4)   14 :  0.002 0.008 0.981 0.002 0.006 
226      444    (4)   14 :  0.014 0.007 0.967 0.006 0.006 
227      445    (2)   14 :  0.003 0.053 0.912 0.004 0.027 
228      446    (0)   14 :  0.006 0.003 0.981 0.003 0.007 
229      447    (0)   14 :  0.004 0.012 0.975 0.001 0.008 
230      449    (0)   14 :  0.005 0.006 0.985 0.001 0.003 
231      460    (0)   14 :  0.005 0.012 0.972 0.003 0.008 
232      461    (0)   14 :  0.008 0.046 0.822 0.006 0.118 
233      484    (0)   14 :  0.013 0.299 0.072 0.006 0.610 
234      485    (0)   14 :  0.004 0.004 0.984 0.002 0.006 
235      486    (0)   14 :  0.004 0.012 0.885 0.006 0.092 
236      487    (0)   14 :  0.008 0.005 0.961 0.002 0.023 
237      178    (0)   15 :  0.005 0.003 0.959 0.014 0.019 
238      422    (0)   15 :  0.003 0.010 0.979 0.001 0.006 
239      425    (0)   15 :  0.003 0.004 0.979 0.002 0.012 
240      426    (0)   15 :  0.018 0.004 0.054 0.035 0.890 
241      432    (0)   15 :  0.012 0.019 0.806 0.007 0.157 
242      434    (0)   15 :  0.006 0.006 0.981 0.002 0.005 
243      440    (0)   15 :  0.018 0.004 0.894 0.004 0.080 
244      448    (2)   15 :  0.019 0.016 0.957 0.002 0.007 
245      456    (0)   15 :  0.012 0.296 0.434 0.004 0.254 
246      457    (0)   15 :  0.004 0.018 0.952 0.004 0.022 
247      458    (0)   15 :  0.021 0.014 0.568 0.005 0.393 
248      459    (0)   15 :  0.004 0.006 0.977 0.004 0.009 
249      464    (0)   15 :  0.006 0.003 0.982 0.005 0.005 
250      465    (0)   15 :  0.002 0.003 0.987 0.002 0.006 
251      466    (0)   15 :  0.004 0.015 0.969 0.002 0.011 
252      470    (0)   15 :  0.004 0.003 0.986 0.002 0.005 
253      471    (0)   15 :  0.003 0.008 0.971 0.004 0.015 
254      483    (0)   15 :  0.013 0.005 0.935 0.008 0.038 
255      488    (0)   15 :  0.006 0.015 0.945 0.003 0.032 
256      495    (0)   15 :  0.003 0.012 0.974 0.003 0.009 
257      496    (0)   15 :  0.002 0.003 0.981 0.003 0.011 
258      497    (0)   15 :  0.036 0.010 0.941 0.005 0.008 
259      500    (0)   15 :  0.003 0.644 0.168 0.101 0.085 
260      879    (0)   15 :  0.014 0.004 0.965 0.005 0.013 
261      036    (0)   16 :  0.002 0.010 0.029 0.004 0.954 
262      063    (2)   16 :  0.016 0.023 0.108 0.003 0.850 
263      094    (4)   16 :  0.009 0.144 0.084 0.019 0.745 
264      103    (4)   16 :  0.006 0.009 0.010 0.016 0.958 
265      112    (0)   16 :  0.005 0.007 0.006 0.005 0.978 
266      114    (2)   16 :  0.005 0.006 0.125 0.003 0.861 
267      120    (0)   16 :  0.004 0.032 0.027 0.003 0.933 
268      127    (2)   16 :  0.006 0.009 0.014 0.005 0.967 
269      147    (0)   16 :  0.005 0.003 0.012 0.011 0.969 
270      166    (0)   16 :  0.013 0.008 0.071 0.094 0.814 
271      167    (0)   16 :  0.008 0.019 0.720 0.011 0.243 
272      168    (0)   16 :  0.005 0.007 0.036 0.014 0.939 
273      169    (2)   16 :  0.005 0.011 0.456 0.004 0.524 
274      170    (0)   16 :  0.032 0.030 0.021 0.030 0.888 
275      171    (2)   16 :  0.004 0.087 0.008 0.012 0.888 
276      172    (0)   16 :  0.004 0.033 0.025 0.005 0.932 
277      185    (0)   16 :  0.006 0.006 0.141 0.005 0.843 
278      199    (2)   16 :  0.280 0.012 0.025 0.018 0.666 
279      339    (0)   16 :  0.007 0.007 0.906 0.003 0.077 
280      355    (0)   16 :  0.077 0.004 0.005 0.045 0.869 
281      356    (0)   16 :  0.005 0.004 0.010 0.095 0.886 
282      357    (0)   16 :  0.014 0.009 0.015 0.007 0.955 
283      358    (0)   16 :  0.004 0.015 0.031 0.008 0.942 
284      359    (0)   16 :  0.008 0.005 0.007 0.003 0.977 
285      360    (0)   16 :  0.005 0.016 0.105 0.026 0.849 
286      361    (0)   16 :  0.004 0.007 0.323 0.004 0.663 
287      362    (0)   16 :  0.007 0.268 0.096 0.020 0.609 
288      363    (0)   16 :  0.032 0.008 0.018 0.007 0.935 
289      364    (0)   16 :  0.046 0.346 0.022 0.087 0.498 
290      365    (0)   16 :  0.003 0.058 0.509 0.221 0.209 
291      366    (0)   16 :  0.003 0.005 0.007 0.013 0.972 
292      367    (0)   16 :  0.003 0.015 0.013 0.002 0.967 
293      368    (0)   16 :  0.005 0.147 0.009 0.129 0.711 
294      369    (0)   16 :  0.004 0.004 0.006 0.016 0.970 
295      370    (0)   16 :  0.008 0.012 0.044 0.073 0.863 
296      371    (0)   16 :  0.008 0.025 0.015 0.002 0.950 
297      372    (0)   16 :  0.347 0.011 0.603 0.005 0.034 
298      373    (0)   16 :  0.036 0.010 0.108 0.113 0.733 
299      380    (0)   16 :  0.009 0.025 0.012 0.010 0.944 
300      388    (0)   16 :  0.017 0.012 0.008 0.038 0.924 
301      418    (0)   16 :  0.048 0.025 0.031 0.008 0.889 
302      419    (0)   16 :  0.003 0.009 0.095 0.013 0.880 
303      420    (0)   16 :  0.073 0.042 0.313 0.020 0.552 
304      409    (0)   17 :  0.004 0.021 0.059 0.004 0.912 
305      414    (0)   17 :  0.008 0.027 0.018 0.002 0.945 
306      415    (2)   17 :  0.011 0.007 0.012 0.014 0.955 
307      416    (0)   17 :  0.013 0.108 0.345 0.005 0.529 
308      571    (0)    2 :  0.004 0.972 0.016 0.002 0.007 
309      572    (0)    2 :  0.004 0.974 0.005 0.004 0.013 
310      573    (2)    2 :  0.003 0.987 0.004 0.001 0.005 
311      574    (0)    2 :  0.002 0.983 0.005 0.005 0.006 
312      575    (2)    2 :  0.006 0.965 0.011 0.005 0.014 
313      576    (0)    2 :  0.003 0.991 0.003 0.001 0.003 
314      577    (0)    2 :  0.006 0.983 0.006 0.001 0.004 
315      578    (0)    2 :  0.007 0.985 0.004 0.001 0.003 
316      579    (0)    2 :  0.004 0.985 0.008 0.001 0.003 
317      580    (0)    2 :  0.002 0.990 0.004 0.001 0.003 
318      581    (0)    2 :  0.002 0.990 0.004 0.001 0.002 
319      582    (4)    2 :  0.026 0.933 0.016 0.006 0.019 
320      583    (0)    2 :  0.031 0.595 0.102 0.002 0.270 
321      584    (0)    2 :  0.007 0.970 0.016 0.002 0.007 
322      585    (0)    2 :  0.002 0.986 0.007 0.001 0.003 
323      586    (2)    2 :  0.008 0.980 0.007 0.001 0.003 
324      587    (0)    2 :  0.002 0.991 0.003 0.001 0.003 
325      588    (0)    2 :  0.010 0.952 0.011 0.010 0.018 
326      589    (0)    2 :  0.027 0.907 0.026 0.007 0.033 
327      590    (0)    2 :  0.007 0.981 0.005 0.003 0.003 
328      001    (0)    3 :  0.001 0.004 0.002 0.989 0.004 
329      005    (0)    3 :  0.002 0.001 0.001 0.994 0.002 
330      106    (0)    3 :  0.003 0.004 0.002 0.988 0.003 
331      192    (0)    3 :  0.011 0.005 0.004 0.965 0.015 
332      229    (0)    3 :  0.003 0.003 0.004 0.984 0.005 
333      319    (0)    3 :  0.002 0.002 0.002 0.991 0.004 
334      327    (0)    3 :  0.004 0.003 0.002 0.988 0.003 
335      340    (0)    3 :  0.003 0.003 0.002 0.987 0.004 
336      345    (0)    3 :  0.002 0.003 0.003 0.986 0.005 
337      375    (0)    3 :  0.004 0.002 0.002 0.988 0.004 
338      501    (4)    3 :  0.002 0.002 0.003 0.989 0.003 
339      502    (0)    3 :  0.004 0.003 0.003 0.986 0.004 
340      503    (2)    3 :  0.002 0.004 0.002 0.990 0.002 
341      504    (0)    3 :  0.004 0.002 0.005 0.986 0.003 
342      505    (0)    3 :  0.003 0.007 0.002 0.982 0.005 
343      506    (2)    3 :  0.002 0.002 0.004 0.985 0.007 
344      507    (4)    3 :  0.003 0.002 0.002 0.990 0.004 
345      508    (0)    3 :  0.003 0.005 0.007 0.976 0.008 
346      509    (2)    3 :  0.004 0.002 0.002 0.989 0.003 
347      510    (2)    3 :  0.019 0.002 0.012 0.962 0.005 
348      511    (4)    3 :  0.002 0.003 0.004 0.989 0.003 
349      512    (4)    3 :  0.002 0.002 0.002 0.990 0.003 
350      513    (0)    3 :  0.004 0.002 0.002 0.990 0.002 
351      514    (0)    3 :  0.003 0.001 0.004 0.989 0.003 
352      515    (2)    3 :  0.003 0.002 0.002 0.991 0.002 
353      516    (2)    3 :  0.007 0.003 0.006 0.979 0.005 
354      517    (0)    3 :  0.002 0.001 0.004 0.991 0.002 
355      518    (0)    3 :  0.003 0.004 0.005 0.983 0.006 
356      519    (0)    3 :  0.004 0.003 0.002 0.989 0.003 
357      520    (2)    3 :  0.005 0.002 0.003 0.987 0.002 
358      521    (2)    3 :  0.003 0.002 0.002 0.991 0.002 
359      522    (0)    3 :  0.007 0.009 0.017 0.961 0.007 
360      523    (2)    3 :  0.002 0.009 0.008 0.971 0.010 
361      524    (0)    3 :  0.012 0.027 0.029 0.913 0.019 
362      525    (0)    3 :  0.004 0.002 0.003 0.989 0.003 
363      526    (2)    3 :  0.002 0.002 0.002 0.992 0.002 
364      527    (2)    4 :  0.008 0.974 0.008 0.005 0.005 
365      528    (4)    4 :  0.010 0.917 0.008 0.002 0.063 
366      529    (4)    4 :  0.004 0.966 0.017 0.002 0.010 
367      530    (0)    4 :  0.005 0.978 0.003 0.006 0.008 
368      531    (2)    4 :  0.004 0.983 0.004 0.003 0.006 
369      532    (4)    4 :  0.003 0.950 0.005 0.003 0.039 
370      533    (0)    4 :  0.003 0.919 0.023 0.012 0.043 
371      534    (2)    4 :  0.004 0.985 0.004 0.002 0.005 
372      535    (2)    4 :  0.002 0.972 0.010 0.003 0.013 
373      536    (2)    4 :  0.002 0.987 0.004 0.003 0.004 
374      537    (2)    4 :  0.012 0.976 0.006 0.002 0.004 
375      538    (2)    4 :  0.005 0.926 0.027 0.006 0.036 
376      539    (2)    4 :  0.002 0.990 0.003 0.001 0.004 
377      540    (2)    4 :  0.002 0.973 0.013 0.001 0.010 
378      541    (2)    4 :  0.002 0.975 0.013 0.002 0.007 
379      542    (2)    4 :  0.010 0.944 0.032 0.003 0.012 
380      543    (0)    4 :  0.020 0.818 0.064 0.006 0.092 
381      544    (2)    4 :  0.002 0.990 0.003 0.002 0.003 
382      545    (2)    4 :  0.002 0.944 0.017 0.002 0.035 
383      546    (4)    4 :  0.002 0.763 0.023 0.002 0.210 
384      547    (6)    4 :  0.042 0.897 0.018 0.007 0.036 
385      019    (0)    5 :  0.003 0.971 0.015 0.002 0.008 
386      064    (0)    5 :  0.004 0.988 0.003 0.001 0.003 
387      065    (0)    5 :  0.002 0.993 0.002 0.001 0.002 
388      066    (0)    5 :  0.003 0.972 0.013 0.003 0.009 
389      067    (0)    5 :  0.019 0.920 0.019 0.005 0.037 
390      068    (0)    5 :  0.020 0.962 0.008 0.002 0.007 
391      069    (0)    5 :  0.002 0.986 0.004 0.002 0.005 
392      107    (0)    5 :  0.003 0.983 0.007 0.002 0.005 
393      110    (0)    5 :  0.005 0.868 0.010 0.016 0.101 
394      121    (0)    5 :  0.003 0.989 0.004 0.001 0.004 
395      137    (0)    5 :  0.003 0.910 0.039 0.016 0.033 
396      146    (0)    5 :  0.002 0.960 0.007 0.007 0.023 
397      149    (0)    5 :  0.005 0.941 0.014 0.003 0.037 
398      154    (0)    5 :  0.031 0.954 0.005 0.003 0.006 
399      179    (0)    5 :  0.004 0.986 0.004 0.002 0.004 
400      181    (0)    5 :  0.002 0.988 0.003 0.002 0.004 
401      182    (0)    5 :  0.013 0.969 0.005 0.003 0.010 
402      186    (0)    5 :  0.004 0.906 0.017 0.018 0.055 
403      193    (0)    5 :  0.003 0.984 0.005 0.002 0.005 
404      320    (0)    5 :  0.006 0.978 0.005 0.002 0.008 
405      341    (0)    5 :  0.004 0.972 0.014 0.002 0.008 
406      376    (0)    5 :  0.003 0.965 0.005 0.018 0.009 
407      395    (0)    5 :  0.003 0.979 0.011 0.001 0.006 
408      396    (0)    5 :  0.001 0.992 0.002 0.002 0.002 
409      397    (0)    5 :  0.006 0.986 0.003 0.001 0.004 
410      398    (0)    5 :  0.003 0.987 0.003 0.002 0.005 
411      399    (0)    5 :  0.004 0.985 0.003 0.002 0.006 
412      400    (0)    5 :  0.003 0.961 0.004 0.003 0.030 
413      401    (0)    5 :  0.003 0.976 0.006 0.003 0.012 
414      402    (0)    5 :  0.009 0.866 0.006 0.032 0.087 
415      403    (0)    5 :  0.003 0.974 0.011 0.003 0.009 
416      073    (0)    6 :  0.002 0.986 0.006 0.002 0.004 
417      074    (0)    6 :  0.005 0.980 0.004 0.006 0.005 
418      075    (0)    6 :  0.004 0.983 0.006 0.002 0.005 
419      076    (0)    6 :  0.006 0.979 0.006 0.004 0.006 
420      077    (0)    6 :  0.008 0.974 0.011 0.001 0.006 
421      078    (0)    6 :  0.006 0.966 0.007 0.002 0.018 
422      079    (0)    6 :  0.003 0.977 0.007 0.002 0.012 
423      080    (0)    6 :  0.020 0.968 0.003 0.003 0.006 
424      081    (0)    6 :  0.003 0.973 0.014 0.004 0.006 
425      082    (0)    6 :  0.003 0.990 0.003 0.001 0.003 
426      083    (0)    6 :  0.002 0.988 0.004 0.002 0.005 
427      084    (0)    6 :  0.002 0.986 0.005 0.003 0.003 
428      085    (0)    6 :  0.003 0.916 0.068 0.002 0.011 
429      404    (0)    6 :  0.002 0.989 0.004 0.001 0.003 
430      405    (0)    6 :  0.002 0.986 0.006 0.002 0.004 
431      406    (0)    6 :  0.004 0.980 0.004 0.006 0.007 
432      407    (0)    6 :  0.003 0.987 0.005 0.001 0.004 
433      408    (0)    6 :  0.006 0.984 0.005 0.001 0.004 
434      411    (2)    6 :  0.003 0.990 0.004 0.001 0.003 
435      412    (0)    6 :  0.007 0.952 0.011 0.022 0.007 
436      413    (0)    6 :  0.002 0.990 0.004 0.001 0.003 
437      591    (0)    7 :  0.009 0.008 0.321 0.060 0.603 
438      592    (0)    7 :  0.019 0.031 0.786 0.007 0.158 
439      593    (0)    7 :  0.004 0.030 0.027 0.004 0.935 
440      594    (0)    7 :  0.019 0.074 0.261 0.006 0.640 
441      595    (0)    7 :  0.014 0.014 0.006 0.005 0.962 
442      596    (0)    7 :  0.122 0.031 0.026 0.004 0.816 
443      597    (0)    7 :  0.009 0.144 0.049 0.002 0.796 
444      598    (0)    7 :  0.023 0.011 0.027 0.002 0.937 
445      599    (0)    7 :  0.007 0.010 0.915 0.008 0.060 
446      600    (0)    7 :  0.037 0.007 0.006 0.003 0.947 
447      601    (0)    7 :  0.003 0.061 0.098 0.003 0.834 
448      602    (0)    7 :  0.013 0.036 0.043 0.003 0.905 
449      603    (0)    7 :  0.011 0.007 0.949 0.004 0.029 
450      604    (0)    7 :  0.016 0.017 0.007 0.003 0.958 
451      605    (0)    7 :  0.024 0.012 0.009 0.009 0.947 
452      606    (0)    7 :  0.017 0.007 0.032 0.007 0.937 
453      607    (0)    7 :  0.030 0.025 0.009 0.005 0.931 
454      608    (0)    7 :  0.007 0.013 0.146 0.002 0.832 
455      609    (0)    7 :  0.005 0.010 0.012 0.002 0.972 
456      610    (0)    7 :  0.009 0.027 0.040 0.003 0.921 
457      611    (2)    7 :  0.011 0.053 0.012 0.002 0.922 
458      612    (0)    7 :  0.050 0.018 0.043 0.005 0.885 
459      755    (0)    7 :  0.044 0.037 0.076 0.009 0.834 
460      756    (0)    7 :  0.006 0.073 0.137 0.005 0.779 
461      757    (0)    7 :  0.009 0.013 0.025 0.003 0.950 
462      002    (0)    8 :  0.001 0.985 0.004 0.003 0.006 
463      099    (2)    8 :  0.077 0.006 0.071 0.811 0.035 
464      641    (2)    8 :  0.004 0.658 0.027 0.062 0.248 
465      642    (0)    8 :  0.003 0.975 0.011 0.003 0.008 
466      643    (2)    8 :  0.003 0.957 0.020 0.004 0.016 
467      644    (0)    8 :  0.007 0.973 0.012 0.003 0.006 
468      645    (0)    8 :  0.003 0.865 0.063 0.005 0.064 
469      646    (0)    8 :  0.010 0.680 0.055 0.024 0.230 
470      006    (0)    9 :  0.003 0.954 0.013 0.011 0.020 
471      011    (0)    9 :  0.003 0.990 0.003 0.002 0.003 
472      033    (2)    9 :  0.003 0.979 0.009 0.002 0.007 
473      048    (0)    9 :  0.005 0.821 0.158 0.002 0.013 
474      061    (0)    9 :  0.003 0.924 0.024 0.006 0.043 
475      088    (0)    9 :  0.008 0.968 0.011 0.003 0.010 
476      091    (0)    9 :  0.003 0.980 0.005 0.002 0.009 
477      098    (0)    9 :  0.003 0.977 0.014 0.002 0.005 
478      104    (0)    9 :  0.002 0.991 0.004 0.001 0.002 
479      196    (0)    9 :  0.005 0.977 0.007 0.003 0.008 
480      197    (0)    9 :  0.012 0.958 0.011 0.004 0.016 
481      201    (0)    9 :  0.001 0.986 0.005 0.002 0.006 
482      202    (0)    9 :  0.017 0.949 0.014 0.010 0.010 
483      204    (0)    9 :  0.002 0.986 0.007 0.002 0.004 
484      231    (0)    9 :  0.003 0.984 0.008 0.001 0.004 
485      328    (0)    9 :  0.002 0.986 0.005 0.002 0.005 
486      346    (0)    9 :  0.006 0.983 0.004 0.002 0.005 


Estimated Allele Frequencies in each cluster
First column gives estimated ancestral frequencies


Locus 1 : 1 
4 alleles
0.0% missing data
  89   (0.531) 0.630 0.577 0.535 0.256 0.558 
  91   (0.383) 0.317 0.357 0.406 0.671 0.379 
  93   (0.065) 0.052 0.065 0.040 0.050 0.051 
  99   (0.021) 0.002 0.000 0.019 0.023 0.013 

Locus 2 : 2 
6 alleles
1.0% missing data
 136   (0.371) 0.450 0.547 0.108 0.404 0.419 
 134   (0.253) 0.375 0.156 0.276 0.170 0.246 
 138   (0.267) 0.168 0.237 0.475 0.317 0.239 
 140   (0.068) 0.004 0.059 0.042 0.098 0.059 
 132   (0.021) 0.001 0.000 0.005 0.001 0.026 
 142   (0.020) 0.001 0.000 0.095 0.009 0.010 

Locus 3 : 3 
6 alleles
0.0% missing data
 181   (0.254) 0.079 0.207 0.327 0.087 0.256 
 187   (0.333) 0.272 0.518 0.219 0.429 0.333 
 179   (0.245) 0.016 0.254 0.248 0.054 0.274 
 191   (0.036) 0.193 0.018 0.007 0.009 0.025 
 185   (0.081) 0.436 0.002 0.083 0.225 0.072 
 175   (0.050) 0.003 0.001 0.117 0.196 0.041 

Locus 4 : 4 
12 alleles
0.2% missing data
 253   (0.488) 0.475 0.700 0.531 0.238 0.525 
 249   (0.027) 0.002 0.064 0.003 0.056 0.020 
 271   (0.040) 0.003 0.031 0.014 0.097 0.032 
 241   (0.162) 0.147 0.072 0.139 0.473 0.160 
 257   (0.008) 0.000 0.001 0.001 0.000 0.004 
 269   (0.164) 0.107 0.130 0.244 0.054 0.163 
 247   (0.064) 0.264 0.001 0.058 0.025 0.065 
 245   (0.011) 0.001 0.000 0.001 0.054 0.005 
 239   (0.011) 0.001 0.000 0.001 0.001 0.011 
 273   (0.010) 0.001 0.000 0.001 0.001 0.008 
 267   (0.007) 0.000 0.001 0.001 0.000 0.004 
 255   (0.008) 0.001 0.000 0.006 0.000 0.003 

Locus 5 : 5 
6 alleles
0.6% missing data
 103   (0.836) 0.976 0.985 0.941 0.778 0.837 
 104   (0.068) 0.004 0.013 0.031 0.065 0.071 
 101   (0.012) 0.014 0.000 0.001 0.001 0.006 
 105   (0.052) 0.003 0.001 0.023 0.133 0.057 
 102   (0.015) 0.001 0.000 0.003 0.001 0.017 
 107   (0.017) 0.001 0.000 0.002 0.021 0.013 

Locus 6 : 6 
5 alleles
0.2% missing data
 141   (0.267) 0.140 0.546 0.292 0.110 0.254 
 145   (0.417) 0.274 0.180 0.500 0.048 0.466 
 135   (0.215) 0.282 0.211 0.187 0.647 0.191 
 147   (0.086) 0.303 0.062 0.019 0.109 0.080 
 137   (0.014) 0.001 0.000 0.002 0.085 0.008 

Locus 7 : 7 
10 alleles
1.2% missing data
  93   (0.215) 0.078 0.356 0.300 0.227 0.202 
 103   (0.308) 0.502 0.367 0.346 0.019 0.344 
  91   (0.075) 0.150 0.028 0.032 0.050 0.068 
  97   (0.189) 0.258 0.158 0.134 0.242 0.188 
  85   (0.045) 0.003 0.037 0.034 0.003 0.042 
  89   (0.078) 0.005 0.051 0.105 0.250 0.066 
  83   (0.051) 0.003 0.001 0.044 0.003 0.068 
 105   (0.015) 0.001 0.000 0.002 0.080 0.010 
 101   (0.012) 0.001 0.000 0.001 0.103 0.006 
  99   (0.012) 0.001 0.000 0.001 0.021 0.006 

Locus 8 : 8 
8 alleles
0.0% missing data
 129   (0.535) 0.635 0.664 0.660 0.287 0.547 
 141   (0.056) 0.201 0.099 0.022 0.003 0.050 
 149   (0.082) 0.016 0.118 0.078 0.242 0.066 
 143   (0.272) 0.143 0.119 0.226 0.371 0.294 
 127   (0.017) 0.001 0.000 0.002 0.091 0.012 
 131   (0.013) 0.002 0.000 0.007 0.003 0.008 
 133   (0.017) 0.001 0.000 0.004 0.001 0.019 
 145   (0.008) 0.000 0.000 0.001 0.000 0.005 

Locus 9 : 9 
5 alleles
0.0% missing data
 191   (0.394) 0.542 0.569 0.336 0.339 0.397 
 195   (0.160) 0.057 0.160 0.233 0.339 0.140 
 189   (0.430) 0.400 0.269 0.429 0.321 0.456 
 197   (0.008) 0.000 0.000 0.001 0.000 0.005 
 193   (0.008) 0.001 0.003 0.001 0.000 0.003 

Locus 10 : 10 
7 alleles
0.4% missing data
 232   (0.251) 0.280 0.306 0.148 0.132 0.269 
 238   (0.553) 0.345 0.548 0.771 0.681 0.551 
 252   (0.105) 0.037 0.127 0.071 0.017 0.106 
 254   (0.048) 0.258 0.018 0.005 0.144 0.040 
 248   (0.019) 0.079 0.000 0.002 0.001 0.017 
 250   (0.016) 0.001 0.000 0.002 0.024 0.012 
 236   (0.008) 0.001 0.000 0.001 0.000 0.005 

Locus 11 : 11 
4 alleles
0.0% missing data
  87   (0.673) 0.545 0.625 0.825 0.586 0.682 
  89   (0.250) 0.376 0.319 0.147 0.132 0.260 
  91   (0.059) 0.079 0.056 0.025 0.147 0.042 
  85   (0.019) 0.001 0.000 0.002 0.135 0.015 

Locus 12 : 12 
13 alleles
0.4% missing data
 160   (0.208) 0.699 0.128 0.246 0.448 0.188 
 162   (0.252) 0.241 0.223 0.303 0.016 0.279 
 147   (0.049) 0.003 0.151 0.035 0.003 0.044 
 158   (0.225) 0.027 0.463 0.173 0.086 0.244 
 161   (0.113) 0.019 0.026 0.108 0.238 0.112 
 170   (0.054) 0.004 0.008 0.038 0.025 0.051 
 143   (0.028) 0.002 0.001 0.005 0.179 0.027 
 154   (0.017) 0.001 0.000 0.002 0.002 0.020 
 149   (0.018) 0.001 0.000 0.067 0.001 0.012 
 153   (0.012) 0.001 0.000 0.001 0.001 0.011 
 150   (0.008) 0.000 0.000 0.006 0.000 0.003 
 159   (0.010) 0.001 0.000 0.015 0.001 0.004 
 164   (0.008) 0.000 0.000 0.001 0.000 0.005 

Locus 13 : 13 
5 alleles
0.0% missing data
 108   (0.205) 0.199 0.172 0.114 0.305 0.212 
 115   (0.439) 0.291 0.543 0.529 0.333 0.442 
 113   (0.340) 0.509 0.284 0.355 0.361 0.337 
 109   (0.008) 0.000 0.000 0.001 0.001 0.005 
 110   (0.008) 0.000 0.000 0.001 0.000 0.005 

Locus 14 : 14 
5 alleles
1.2% missing data
 227   (0.122) 0.025 0.254 0.278 0.027 0.106 
 231   (0.191) 0.349 0.097 0.038 0.344 0.222 
 229   (0.495) 0.414 0.480 0.514 0.413 0.506 
 225   (0.131) 0.208 0.076 0.126 0.097 0.119 
 233   (0.060) 0.004 0.093 0.044 0.120 0.048 

Locus 15 : 15 
5 alleles
0.4% missing data
 143   (0.829) 0.823 0.968 0.875 0.643 0.848 
 157   (0.008) 0.000 0.014 0.001 0.000 0.003 
 145   (0.089) 0.006 0.017 0.068 0.198 0.090 
 147   (0.055) 0.140 0.001 0.054 0.157 0.043 
 133   (0.018) 0.031 0.000 0.002 0.001 0.015 

Locus 16 : 16 
5 alleles
0.2% missing data
 156   (0.261) 0.497 0.263 0.213 0.216 0.261 
 158   (0.502) 0.209 0.527 0.617 0.309 0.525 
 160   (0.139) 0.114 0.171 0.133 0.104 0.128 
 154   (0.090) 0.180 0.040 0.026 0.371 0.084 
 152   (0.008) 0.000 0.000 0.011 0.000 0.003 

Locus 17 : 17 
5 alleles
0.0% missing data
 102   (0.188) 0.198 0.229 0.222 0.041 0.180 
  90   (0.680) 0.792 0.727 0.721 0.354 0.697 
  88   (0.077) 0.006 0.043 0.034 0.377 0.071 
 100   (0.047) 0.003 0.001 0.017 0.227 0.049 
 104   (0.008) 0.000 0.000 0.006 0.000 0.003 

Locus 18 : 18 
7 alleles
0.0% missing data
 142   (0.112) 0.008 0.410 0.101 0.024 0.112 
 146   (0.076) 0.219 0.154 0.103 0.005 0.063 
 140   (0.302) 0.191 0.147 0.281 0.302 0.325 
 127   (0.298) 0.069 0.213 0.287 0.414 0.318 
 148   (0.100) 0.212 0.054 0.074 0.059 0.090 
 150   (0.059) 0.297 0.001 0.116 0.178 0.044 
 138   (0.053) 0.005 0.021 0.038 0.019 0.048 

Locus 19 : 19 
8 alleles
0.2% missing data
 188   (0.164) 0.167 0.133 0.155 0.011 0.177 
 190   (0.138) 0.202 0.370 0.179 0.038 0.117 
 194   (0.569) 0.489 0.495 0.517 0.630 0.594 
 202   (0.020) 0.135 0.000 0.002 0.034 0.012 
 200   (0.084) 0.005 0.002 0.144 0.256 0.088 
 192   (0.008) 0.000 0.000 0.001 0.000 0.005 
 196   (0.008) 0.001 0.000 0.001 0.001 0.005 
 198   (0.008) 0.000 0.000 0.001 0.031 0.003 

Locus 20 : 20 
6 alleles
0.8% missing data
 252   (0.676) 0.725 0.824 0.770 0.103 0.733 
 250   (0.088) 0.139 0.090 0.060 0.426 0.067 
 244   (0.025) 0.002 0.014 0.008 0.038 0.014 
 254   (0.077) 0.080 0.029 0.088 0.226 0.058 
 246   (0.108) 0.053 0.034 0.068 0.205 0.103 
 248   (0.027) 0.002 0.010 0.006 0.002 0.026 

Locus 21 : 21 
7 alleles
0.2% missing data
 173   (0.274) 0.210 0.329 0.486 0.198 0.255 
 177   (0.244) 0.180 0.325 0.262 0.068 0.250 
 175   (0.161) 0.258 0.031 0.079 0.507 0.170 
 167   (0.189) 0.121 0.303 0.122 0.072 0.197 
 163   (0.043) 0.210 0.002 0.010 0.087 0.036 
 165   (0.066) 0.020 0.009 0.035 0.066 0.064 
 159   (0.023) 0.001 0.000 0.006 0.001 0.028 

Locus 22 : 22 
11 alleles
0.6% missing data
 146   (0.198) 0.142 0.257 0.311 0.018 0.203 
 154   (0.009) 0.001 0.052 0.001 0.001 0.003 
 166   (0.084) 0.005 0.064 0.044 0.009 0.101 
 152   (0.428) 0.386 0.586 0.554 0.164 0.441 
 150   (0.032) 0.002 0.009 0.014 0.109 0.022 
 164   (0.037) 0.003 0.016 0.011 0.062 0.029 
 156   (0.023) 0.284 0.000 0.009 0.095 0.011 
 162   (0.058) 0.068 0.001 0.020 0.113 0.060 
 158   (0.103) 0.106 0.015 0.023 0.358 0.116 
 148   (0.012) 0.001 0.000 0.001 0.042 0.006 
 142   (0.016) 0.001 0.000 0.013 0.030 0.008 

Locus 23 : 23 
7 alleles
0.8% missing data
 152   (0.010) 0.001 0.060 0.001 0.001 0.004 
 156   (0.137) 0.037 0.044 0.052 0.358 0.150 
 144   (0.185) 0.620 0.172 0.215 0.313 0.160 
 160   (0.112) 0.105 0.184 0.116 0.016 0.102 
 154   (0.516) 0.235 0.535 0.609 0.193 0.551 
 158   (0.031) 0.002 0.005 0.007 0.119 0.025 
 146   (0.010) 0.001 0.000 0.001 0.001 0.008 

Locus 24 : 24 
4 alleles
0.4% missing data
  77   (0.082) 0.052 0.257 0.074 0.005 0.072 
  83   (0.494) 0.917 0.489 0.434 0.599 0.485 
  81   (0.337) 0.024 0.228 0.407 0.369 0.355 
  85   (0.087) 0.006 0.026 0.085 0.027 0.088 

Locus 25 : 25 
6 alleles
0.4% missing data
 132   (0.314) 0.453 0.484 0.327 0.036 0.325 
 124   (0.535) 0.537 0.448 0.550 0.459 0.544 
 126   (0.024) 0.002 0.048 0.003 0.011 0.017 
 122   (0.093) 0.006 0.019 0.117 0.412 0.085 
 120   (0.020) 0.001 0.000 0.002 0.080 0.016 
 136   (0.014) 0.001 0.001 0.002 0.002 0.014 

Locus 26 : 26 
7 alleles
0.2% missing data
 165   (0.246) 0.064 0.154 0.262 0.158 0.256 
 183   (0.366) 0.426 0.538 0.340 0.224 0.365 
 179   (0.083) 0.005 0.063 0.071 0.297 0.072 
 175   (0.220) 0.439 0.244 0.313 0.015 0.222 
 181   (0.065) 0.064 0.001 0.012 0.215 0.074 
 185   (0.012) 0.001 0.000 0.001 0.092 0.006 
 157   (0.008) 0.000 0.000 0.001 0.000 0.005 

Locus 27 : 27 
4 alleles
0.2% missing data
 142   (0.633) 0.737 0.673 0.744 0.481 0.635 
 148   (0.211) 0.077 0.112 0.110 0.340 0.230 
 138   (0.043) 0.003 0.201 0.019 0.043 0.030 
 150   (0.114) 0.184 0.014 0.126 0.136 0.105 

Locus 28 : 28 
6 alleles
0.8% missing data
 260   (0.356) 0.374 0.367 0.489 0.206 0.352 
 262   (0.529) 0.552 0.623 0.429 0.721 0.549 
 256   (0.079) 0.072 0.010 0.055 0.071 0.073 
 258   (0.011) 0.001 0.000 0.001 0.001 0.011 
 266   (0.008) 0.000 0.000 0.006 0.000 0.003 
 264   (0.017) 0.001 0.000 0.020 0.001 0.012 

Locus 29 : 29 
7 alleles
0.2% missing data
 146   (0.294) 0.333 0.192 0.246 0.266 0.314 
 150   (0.420) 0.298 0.622 0.515 0.223 0.433 
 140   (0.175) 0.065 0.111 0.159 0.462 0.173 
 148   (0.063) 0.301 0.065 0.038 0.033 0.048 
 152   (0.026) 0.003 0.001 0.040 0.014 0.019 
 151   (0.011) 0.001 0.006 0.001 0.001 0.006 
 142   (0.011) 0.001 0.002 0.001 0.001 0.006 

Locus 30 : 30 
6 alleles
0.2% missing data
 125   (0.280) 0.035 0.453 0.100 0.143 0.327 
 129   (0.417) 0.777 0.491 0.567 0.103 0.396 
 123   (0.153) 0.100 0.053 0.220 0.094 0.139 
 127   (0.100) 0.085 0.002 0.073 0.542 0.099 
 121   (0.013) 0.001 0.000 0.002 0.004 0.010 
 131   (0.037) 0.002 0.001 0.038 0.115 0.029 

Locus 31 : 31 
6 alleles
0.2% missing data
 159   (0.185) 0.013 0.136 0.260 0.168 0.188 
 155   (0.523) 0.704 0.695 0.447 0.434 0.536 
 157   (0.184) 0.027 0.101 0.218 0.076 0.194 
 153   (0.065) 0.005 0.063 0.069 0.266 0.051 
 151   (0.035) 0.251 0.003 0.004 0.056 0.028 
 163   (0.008) 0.001 0.002 0.001 0.001 0.003 

Locus 32 : 32 
5 alleles
0.0% missing data
 146   (0.331) 0.316 0.074 0.316 0.646 0.346 
 150   (0.540) 0.631 0.852 0.594 0.266 0.537 
 148   (0.074) 0.050 0.072 0.044 0.034 0.062 
 154   (0.045) 0.003 0.001 0.015 0.054 0.050 
 152   (0.010) 0.001 0.000 0.031 0.001 0.004 

Locus 33 : 33 
7 alleles
0.0% missing data
 180   (0.458) 0.664 0.563 0.381 0.415 0.476 
 196   (0.097) 0.006 0.183 0.134 0.025 0.091 
 184   (0.201) 0.078 0.161 0.264 0.197 0.195 
 194   (0.009) 0.001 0.035 0.001 0.001 0.003 
 192   (0.146) 0.182 0.006 0.170 0.136 0.159 
 198   (0.070) 0.068 0.050 0.018 0.225 0.062 
 190   (0.019) 0.001 0.000 0.033 0.001 0.013 

Locus 34 : 34 
6 alleles
0.0% missing data
 110   (0.186) 0.083 0.322 0.114 0.130 0.187 
 112   (0.325) 0.065 0.512 0.378 0.049 0.349 
 106   (0.298) 0.693 0.128 0.386 0.241 0.288 
  90   (0.046) 0.003 0.027 0.032 0.074 0.034 
 108   (0.133) 0.113 0.010 0.088 0.506 0.135 
  96   (0.012) 0.043 0.000 0.001 0.001 0.006 

Locus 35 : 35 
9 alleles
0.0% missing data
 166   (0.048) 0.003 0.247 0.089 0.003 0.036 
 176   (0.107) 0.020 0.159 0.014 0.082 0.128 
 172   (0.295) 0.566 0.417 0.385 0.147 0.275 
 170   (0.288) 0.332 0.161 0.245 0.393 0.291 
 174   (0.142) 0.071 0.006 0.175 0.041 0.161 
 178   (0.040) 0.003 0.008 0.029 0.002 0.038 
 168   (0.053) 0.004 0.001 0.025 0.313 0.056 
 186   (0.019) 0.001 0.000 0.037 0.019 0.010 
 158   (0.008) 0.000 0.000 0.001 0.000 0.005 

Locus 36 : 36 
6 alleles
0.0% missing data
  89   (0.553) 0.508 0.644 0.654 0.562 0.560 
  95   (0.060) 0.005 0.070 0.068 0.027 0.049 
  85   (0.166) 0.245 0.226 0.145 0.096 0.159 
  81   (0.074) 0.005 0.009 0.035 0.005 0.099 
  83   (0.128) 0.236 0.050 0.089 0.267 0.121 
  91   (0.019) 0.001 0.000 0.010 0.044 0.011 

Locus 37 : 37 
10 alleles
0.0% missing data
 161   (0.362) 0.374 0.534 0.274 0.669 0.373 
 165   (0.211) 0.107 0.176 0.243 0.124 0.218 
 159   (0.015) 0.001 0.028 0.006 0.001 0.007 
 173   (0.255) 0.507 0.133 0.319 0.173 0.259 
 169   (0.095) 0.006 0.120 0.121 0.030 0.094 
 167   (0.020) 0.002 0.008 0.006 0.001 0.014 
 168   (0.011) 0.001 0.000 0.001 0.001 0.011 
 155   (0.014) 0.001 0.000 0.002 0.001 0.017 
 177   (0.008) 0.000 0.000 0.001 0.000 0.005 
 175   (0.009) 0.000 0.000 0.027 0.001 0.003 

Locus 38 : 38 
6 alleles
0.6% missing data
  87   (0.098) 0.127 0.154 0.060 0.462 0.078 
  89   (0.408) 0.099 0.602 0.543 0.199 0.419 
  91   (0.173) 0.186 0.119 0.100 0.118 0.180 
  81   (0.123) 0.116 0.080 0.103 0.008 0.131 
  85   (0.191) 0.472 0.042 0.194 0.212 0.189 
  83   (0.008) 0.001 0.003 0.001 0.000 0.003 

Locus 39 : 39 
4 alleles
0.6% missing data
 167   (0.791) 0.862 0.914 0.804 0.445 0.817 
 161   (0.168) 0.134 0.085 0.146 0.437 0.157 
 165   (0.033) 0.003 0.002 0.049 0.118 0.022 
 177   (0.008) 0.001 0.000 0.001 0.000 0.005 

Locus 40 : 40 
6 alleles
0.4% missing data
 228   (0.411) 0.243 0.553 0.492 0.198 0.411 
 238   (0.319) 0.119 0.305 0.300 0.069 0.348 
 224   (0.030) 0.002 0.077 0.018 0.012 0.017 
 236   (0.108) 0.383 0.063 0.056 0.299 0.093 
 232   (0.014) 0.001 0.001 0.002 0.001 0.014 
 240   (0.118) 0.252 0.002 0.132 0.421 0.117 

Locus 41 : 41 
7 alleles
0.0% missing data
 128   (0.104) 0.036 0.132 0.185 0.006 0.096 
 130   (0.539) 0.768 0.611 0.452 0.612 0.550 
 114   (0.055) 0.004 0.096 0.007 0.100 0.057 
 132   (0.121) 0.055 0.148 0.192 0.007 0.117 
 118   (0.061) 0.130 0.002 0.070 0.096 0.051 
 134   (0.111) 0.007 0.010 0.091 0.178 0.125 
 136   (0.008) 0.000 0.000 0.001 0.000 0.005 

Locus 42 : 42 
6 alleles
1.2% missing data
 102   (0.275) 0.485 0.403 0.336 0.080 0.269 
 104   (0.396) 0.402 0.191 0.501 0.212 0.416 
  92   (0.118) 0.008 0.125 0.061 0.276 0.122 
  96   (0.071) 0.005 0.093 0.024 0.172 0.068 
  98   (0.132) 0.100 0.188 0.075 0.260 0.121 
 106   (0.008) 0.001 0.001 0.002 0.000 0.004 

Locus 43 : 43 
6 alleles
1.4% missing data
 101   (0.324) 0.191 0.410 0.297 0.305 0.332 
 103   (0.292) 0.349 0.221 0.406 0.127 0.292 
  99   (0.147) 0.010 0.069 0.109 0.227 0.161 
  95   (0.210) 0.448 0.300 0.184 0.297 0.195 
  97   (0.019) 0.001 0.000 0.003 0.043 0.015 
  91   (0.008) 0.000 0.000 0.001 0.000 0.005 

Locus 44 : 44 
7 alleles
0.2% missing data
 177   (0.075) 0.005 0.074 0.053 0.097 0.067 
 191   (0.293) 0.105 0.174 0.217 0.581 0.308 
 181   (0.562) 0.857 0.751 0.695 0.182 0.564 
 189   (0.008) 0.028 0.000 0.001 0.000 0.003 
 179   (0.038) 0.002 0.001 0.004 0.128 0.048 
 183   (0.011) 0.001 0.000 0.003 0.001 0.007 
 193   (0.013) 0.001 0.000 0.027 0.010 0.004 

Locus 45 : 45 
6 alleles
0.8% missing data
 205   (0.456) 0.412 0.523 0.497 0.294 0.486 
 211   (0.233) 0.272 0.222 0.176 0.380 0.239 
 207   (0.132) 0.196 0.134 0.181 0.060 0.119 
 201   (0.081) 0.006 0.073 0.064 0.108 0.078 
 215   (0.085) 0.113 0.049 0.080 0.149 0.070 
 202   (0.014) 0.001 0.000 0.002 0.010 0.009 

Locus 46 : 46 
10 alleles
1.0% missing data
 144   (0.061) 0.125 0.212 0.052 0.009 0.046 
 158   (0.169) 0.088 0.150 0.087 0.103 0.185 
 168   (0.139) 0.112 0.190 0.042 0.206 0.147 
 166   (0.123) 0.381 0.295 0.174 0.037 0.102 
 142   (0.348) 0.284 0.144 0.569 0.130 0.369 
 170   (0.021) 0.002 0.002 0.003 0.038 0.015 
 156   (0.027) 0.002 0.002 0.019 0.177 0.018 
 162   (0.048) 0.003 0.001 0.027 0.147 0.050 
 164   (0.057) 0.004 0.003 0.027 0.152 0.061 
 160   (0.008) 0.000 0.000 0.001 0.000 0.005 

Locus 47 : 47 
7 alleles
9.9% missing data
 149   (0.325) 0.331 0.222 0.379 0.712 0.307 
 151   (0.196) 0.014 0.259 0.164 0.093 0.211 
 153   (0.178) 0.029 0.306 0.322 0.043 0.167 
 147   (0.028) 0.002 0.031 0.003 0.002 0.028 
 145   (0.246) 0.623 0.179 0.129 0.103 0.266 
 152   (0.008) 0.001 0.003 0.001 0.001 0.003 
 143   (0.020) 0.001 0.000 0.002 0.045 0.017 

Values of parameters used in structure:
DATAFILE=temp2.str,	OUTFILE=k5/temp2_k5_run5,	NUMINDS=486,	NUMLOCI=47,	MISSING=-9,	LABEL=1,	POPDATA=1,	POPFLAG=0,	PHENOTYPE=0,	EXTRACOLS=0,	MAXPOPS=5,	BURNIN=500000,	NUMREPS=750000,	USEPOPINFO=0,	INFERALPHA=1,	INFERLAMBDA=0,	POPSPECIFICLAMBDA=0,	POPALPHAS=0,	COMPUTEPROB=1,	NOADMIX=0,	ADMBURNIN=500,	UPDATEFREQ=100,	PRINTLIKES=0,	INTERMEDSAVE=0,	PRINTKLD=0,	PRINTNET=1,	PRINTLAMBDA=1,	ANCESTDIST=0,	NUMBOXES=1000,	ANCESTPINT=0.90000,	GENSBACK=2,	MIGRPRIOR=0.01000,	PRINTQHAT=0,	PRINTQSUM=1,	ALPHA=1.0000,	FREQSCORR=1,	FPRIORMEAN=0.0100,	FPRIORSD=0.0500,	ONEFST=0,	LAMBDA=1.0000,	UNIFPRIORALPHA=1,	ALPHAMAX=10.0000,	ALPHAPRIORA=1.0000,	ALPHAPRIORB=2.0000,	ALPHAPROPSD=0.0250,	STARTATPOPINFO=0,	RANDOMIZE=0,	LINKAGE=0,	METROFREQ=10,	REPORTHITRATE=0,	MARKOVPHASE=0,	PHASED=1,	PLOIDY=2,	PHASEINFO=0	LOCPRIOR=0, 	LOCPRIORINIT=1.000000, 	LOCDATA=0, 	LOCISPOP=1, 	LOCPRIORSTEP=0.100000, 	MAXLOCPRIOR=20.000000, 	SEED=699129,	
[STRAT parameters]:    NUMSIMSTATS=1000,	PHENOTYPECOL=-9,	POOLFREQ=10,	LOCUSxONLY=0,	EMERROR=0.00100,	MISSINGPHENO=-9,	