

----------------------------------------------------
STRUCTURE by Pritchard, Stephens and Donnelly (2000)
     and Falush, Stephens and Pritchard (2003)
       Code by Pritchard, Falush and Hubisz
             Version 2.3.4 (Jul 2012)
----------------------------------------------------



Command line arguments:   structure -D 909316 -K 12 -m mainparams -o k12/temp2_k12_run5 
Input File:    temp2.str

Run parameters:
   486 individuals
   47 loci
   12 populations assumed
   500000 Burn-in period
   750000 Reps
RANDOMIZE turned off


--------------------------------------------
Proportion of membership of each pre-defined
 population in each of the 12 clusters

Given    Inferred Clusters                                                                      Number of
 Pop       1      2      3      4      5      6      7      8      9     10     11     12      Individuals

  1:     0.010  0.004  0.012  0.010  0.009  0.011  0.007  0.003  0.033  0.009  0.883  0.008       63
  2:     0.010  0.007  0.017  0.017  0.011  0.007  0.011  0.003  0.011  0.014  0.886  0.007       20
  3:     0.004  0.007  0.004  0.005  0.003  0.004  0.007  0.951  0.004  0.005  0.003  0.004       36
  4:     0.013  0.004  0.037  0.022  0.010  0.016  0.010  0.004  0.114  0.019  0.745  0.006       21
  5:     0.007  0.003  0.011  0.007  0.014  0.009  0.007  0.003  0.526  0.007  0.399  0.005       31
  6:     0.009  0.004  0.006  0.007  0.011  0.006  0.006  0.003  0.014  0.007  0.921  0.004       21
  7:     0.044  0.004  0.816  0.022  0.006  0.017  0.035  0.005  0.011  0.017  0.012  0.011       25
  8:     0.018  0.011  0.026  0.033  0.013  0.061  0.071  0.099  0.129  0.032  0.497  0.010        8
  9:     0.023  0.005  0.008  0.009  0.334  0.006  0.005  0.002  0.015  0.008  0.580  0.005       17
 10:     0.004  0.003  0.006  0.005  0.003  0.005  0.006  0.003  0.004  0.005  0.005  0.952       29
 11:     0.002  0.972  0.002  0.003  0.003  0.002  0.002  0.005  0.002  0.003  0.002  0.002        9
 12:     0.048  0.008  0.077  0.287  0.009  0.150  0.034  0.018  0.017  0.325  0.012  0.013       26
 13:     0.219  0.009  0.034  0.181  0.013  0.225  0.096  0.013  0.015  0.169  0.014  0.012       74
 14:     0.495  0.006  0.025  0.109  0.010  0.098  0.077  0.012  0.013  0.119  0.022  0.013       35
 15:     0.694  0.009  0.035  0.057  0.006  0.055  0.032  0.009  0.016  0.044  0.035  0.009       24
 16:     0.055  0.009  0.048  0.286  0.007  0.191  0.020  0.023  0.014  0.292  0.029  0.026       43
 17:     0.033  0.003  0.014  0.269  0.064  0.043  0.017  0.006  0.016  0.510  0.015  0.009        4
--------------------------------------------

Allele-freq. divergence among pops (Net nucleotide distance),
computed using point estimates of P.

      1       2       3       4       5       6       7       8       9      10      11      12      
 1      -    0.1252  0.0323  0.0154  0.1224  0.0224  0.0379  0.1177  0.0581  0.0169  0.0428  0.0693  
 2   0.1252     -    0.1048  0.0962  0.2002  0.1056  0.1406  0.1113  0.1415  0.0989  0.1410  0.1313  
 3   0.0323  0.1048     -    0.0165  0.1196  0.0216  0.0428  0.1006  0.0543  0.0185  0.0418  0.0589  
 4   0.0154  0.0962  0.0165     -    0.1010  0.0069  0.0282  0.0785  0.0381  0.0005  0.0292  0.0519  
 5   0.1224  0.2002  0.1196  0.1010     -    0.1083  0.1335  0.2121  0.1341  0.1039  0.1036  0.1577  
 6   0.0224  0.1056  0.0216  0.0069  0.1083     -    0.0367  0.0880  0.0451  0.0082  0.0320  0.0612  
 7   0.0379  0.1406  0.0428  0.0282  0.1335  0.0367     -    0.1094  0.0610  0.0304  0.0552  0.0812  
 8   0.1177  0.1113  0.1006  0.0785  0.2121  0.0880  0.1094     -    0.1351  0.0802  0.1406  0.1197  
 9   0.0581  0.1415  0.0543  0.0381  0.1341  0.0451  0.0610  0.1351     -    0.0388  0.0406  0.0923  
10   0.0169  0.0989  0.0185  0.0005  0.1039  0.0082  0.0304  0.0802  0.0388     -    0.0311  0.0540  
11   0.0428  0.1410  0.0418  0.0292  0.1036  0.0320  0.0552  0.1406  0.0406  0.0311     -    0.0779  
12   0.0693  0.1313  0.0589  0.0519  0.1577  0.0612  0.0812  0.1197  0.0923  0.0540  0.0779     -    

Average distances (expected heterozygosity) between individuals in same cluster:
cluster  1  : 0.5775 
cluster  2  : 0.5345 
cluster  3  : 0.6003 
cluster  4  : 0.6463 
cluster  5  : 0.4335 
cluster  6  : 0.6169 
cluster  7  : 0.5706 
cluster  8  : 0.6340 
cluster  9  : 0.5404 
cluster 10  : 0.6394 
cluster 11  : 0.5419 
cluster 12  : 0.5460 

--------------------------------------------
Estimated Ln Prob of Data   = -52129.4
Mean value of ln likelihood = -50512.9
Variance of ln likelihood   = 3232.9
Mean value of alpha         = 0.0335

Mean value of Fst_1         = 0.0750
Mean value of Fst_2         = 0.3058
Mean value of Fst_3         = 0.0830
Mean value of Fst_4         = 0.0077
Mean value of Fst_5         = 0.4080
Mean value of Fst_6         = 0.0407
Mean value of Fst_7         = 0.1567
Mean value of Fst_8         = 0.1823
Mean value of Fst_9         = 0.1760
Mean value of Fst_10         = 0.0177
Mean value of Fst_11         = 0.1359
Mean value of Fst_12         = 0.2098


Inferred ancestry of individuals:
        Label (%Miss) Pop:  Inferred clusters
  1      221    (0)    1 :  0.007 0.003 0.015 0.006 0.004 0.008 0.003 0.003 0.007 0.007 0.934 0.002 
  2      222    (0)    1 :  0.006 0.004 0.006 0.009 0.005 0.008 0.011 0.003 0.427 0.009 0.502 0.008 
  3      223    (0)    1 :  0.008 0.003 0.007 0.010 0.007 0.021 0.008 0.006 0.006 0.008 0.915 0.003 
  4      224    (0)    1 :  0.002 0.001 0.004 0.003 0.005 0.003 0.003 0.001 0.005 0.002 0.965 0.004 
  5      225    (0)    1 :  0.003 0.002 0.003 0.005 0.003 0.005 0.004 0.002 0.006 0.006 0.958 0.004 
  6      226    (0)    1 :  0.003 0.005 0.011 0.005 0.004 0.009 0.005 0.001 0.003 0.004 0.948 0.002 
  7      227    (0)    1 :  0.005 0.014 0.034 0.012 0.005 0.017 0.005 0.007 0.003 0.010 0.884 0.004 
  8      228    (0)    1 :  0.013 0.003 0.006 0.008 0.011 0.009 0.007 0.004 0.005 0.009 0.920 0.005 
  9      234    (0)    1 :  0.005 0.002 0.003 0.004 0.004 0.004 0.004 0.001 0.007 0.004 0.960 0.002 
 10      235    (0)    1 :  0.003 0.004 0.004 0.003 0.004 0.003 0.002 0.001 0.007 0.003 0.964 0.002 
 11      236    (0)    1 :  0.002 0.002 0.005 0.002 0.013 0.003 0.001 0.001 0.003 0.002 0.963 0.002 
 12      237    (0)    1 :  0.004 0.002 0.003 0.003 0.002 0.005 0.004 0.002 0.007 0.003 0.962 0.002 
 13      238    (0)    1 :  0.006 0.003 0.023 0.009 0.003 0.009 0.007 0.006 0.033 0.007 0.882 0.012 
 14      239    (0)    1 :  0.013 0.007 0.105 0.024 0.025 0.038 0.006 0.002 0.011 0.024 0.730 0.015 
 15      240    (0)    1 :  0.003 0.002 0.005 0.003 0.006 0.003 0.003 0.001 0.005 0.003 0.961 0.002 
 16      242    (0)    1 :  0.024 0.001 0.015 0.118 0.003 0.175 0.012 0.001 0.258 0.057 0.334 0.002 
 17      243    (0)    1 :  0.005 0.015 0.018 0.014 0.005 0.010 0.008 0.002 0.014 0.013 0.881 0.015 
 18      244    (0)    1 :  0.002 0.012 0.020 0.008 0.002 0.012 0.003 0.003 0.012 0.008 0.916 0.003 
 19      245    (0)    1 :  0.014 0.010 0.013 0.016 0.047 0.013 0.015 0.027 0.004 0.013 0.820 0.008 
 20      246    (0)    1 :  0.002 0.004 0.003 0.004 0.003 0.003 0.004 0.003 0.011 0.004 0.956 0.003 
 21      248    (0)    1 :  0.004 0.003 0.005 0.008 0.009 0.009 0.003 0.003 0.038 0.007 0.889 0.022 
 22      249    (0)    1 :  0.002 0.001 0.004 0.002 0.002 0.003 0.004 0.001 0.002 0.002 0.975 0.002 
 23      250    (0)    1 :  0.014 0.006 0.009 0.015 0.012 0.011 0.009 0.007 0.005 0.016 0.886 0.010 
 24      251    (0)    1 :  0.010 0.004 0.004 0.005 0.005 0.006 0.003 0.001 0.015 0.004 0.940 0.003 
 25      252    (0)    1 :  0.013 0.001 0.007 0.009 0.005 0.009 0.018 0.002 0.003 0.008 0.882 0.042 
 26      253    (0)    1 :  0.004 0.003 0.009 0.027 0.007 0.024 0.004 0.017 0.003 0.022 0.857 0.023 
 27      254    (0)    1 :  0.004 0.002 0.007 0.005 0.004 0.006 0.004 0.002 0.004 0.005 0.954 0.003 
 28      255    (0)    1 :  0.008 0.003 0.046 0.016 0.016 0.011 0.006 0.003 0.199 0.020 0.667 0.006 
 29      256    (0)    1 :  0.005 0.002 0.004 0.009 0.003 0.006 0.009 0.004 0.055 0.008 0.893 0.002 
 30      257    (0)    1 :  0.009 0.003 0.016 0.008 0.003 0.010 0.005 0.002 0.006 0.008 0.921 0.009 
 31      258    (0)    1 :  0.012 0.002 0.011 0.009 0.010 0.008 0.005 0.005 0.022 0.007 0.906 0.003 
 32      259    (0)    1 :  0.008 0.002 0.006 0.012 0.002 0.010 0.004 0.002 0.012 0.015 0.923 0.003 
 33      260    (0)    1 :  0.004 0.005 0.023 0.006 0.023 0.005 0.004 0.002 0.004 0.005 0.850 0.069 
 34      261    (0)    1 :  0.076 0.003 0.022 0.018 0.003 0.007 0.014 0.002 0.005 0.016 0.824 0.011 
 35      262    (0)    1 :  0.002 0.001 0.002 0.002 0.002 0.002 0.003 0.001 0.006 0.002 0.974 0.002 
 36      263    (0)    1 :  0.004 0.004 0.039 0.005 0.005 0.005 0.005 0.003 0.012 0.004 0.888 0.025 
 37      264    (0)    1 :  0.006 0.001 0.006 0.004 0.003 0.004 0.011 0.001 0.009 0.004 0.947 0.003 
 38      265    (0)    1 :  0.005 0.002 0.016 0.005 0.007 0.003 0.006 0.001 0.017 0.006 0.897 0.035 
 39      266    (0)    1 :  0.003 0.001 0.002 0.003 0.005 0.003 0.003 0.001 0.005 0.003 0.969 0.002 
 40      267    (0)    1 :  0.003 0.002 0.003 0.003 0.002 0.004 0.002 0.001 0.020 0.003 0.956 0.001 
 41      268    (0)    1 :  0.005 0.008 0.007 0.007 0.003 0.007 0.005 0.001 0.004 0.005 0.899 0.050 
 42      269    (0)    1 :  0.004 0.001 0.004 0.003 0.017 0.003 0.003 0.001 0.007 0.003 0.952 0.002 
 43      270    (0)    1 :  0.004 0.002 0.006 0.003 0.003 0.004 0.010 0.001 0.004 0.003 0.957 0.002 
 44      271    (0)    1 :  0.017 0.003 0.015 0.029 0.075 0.020 0.017 0.008 0.012 0.028 0.766 0.011 
 45      272    (0)    1 :  0.028 0.007 0.010 0.034 0.013 0.010 0.019 0.001 0.478 0.033 0.361 0.005 
 46      273    (0)    1 :  0.012 0.002 0.042 0.012 0.010 0.014 0.010 0.004 0.011 0.014 0.866 0.003 
 47      274    (0)    1 :  0.007 0.003 0.007 0.005 0.006 0.004 0.004 0.002 0.004 0.005 0.947 0.006 
 48      275    (2)    1 :  0.004 0.002 0.006 0.004 0.003 0.004 0.003 0.001 0.008 0.004 0.958 0.002 
 49      276    (0)    1 :  0.007 0.002 0.005 0.005 0.005 0.006 0.007 0.001 0.005 0.005 0.946 0.004 
 50      277    (0)    1 :  0.047 0.001 0.009 0.011 0.013 0.010 0.012 0.001 0.003 0.011 0.880 0.002 
 51      278    (0)    1 :  0.024 0.008 0.006 0.008 0.004 0.011 0.004 0.001 0.014 0.010 0.906 0.005 
 52      279    (0)    1 :  0.006 0.002 0.006 0.012 0.003 0.010 0.005 0.002 0.015 0.016 0.920 0.003 
 53      280    (0)    1 :  0.020 0.003 0.019 0.010 0.060 0.012 0.006 0.002 0.007 0.010 0.848 0.005 
 54      287    (0)    1 :  0.008 0.004 0.013 0.014 0.003 0.009 0.006 0.003 0.004 0.012 0.918 0.006 
 55      290    (0)    1 :  0.011 0.006 0.010 0.011 0.006 0.008 0.011 0.002 0.069 0.013 0.850 0.003 
 56      291    (0)    1 :  0.028 0.003 0.007 0.009 0.014 0.006 0.005 0.002 0.003 0.010 0.908 0.006 
 57      295    (0)    1 :  0.016 0.001 0.005 0.003 0.003 0.003 0.003 0.001 0.005 0.003 0.954 0.003 
 58      296    (0)    1 :  0.003 0.003 0.003 0.004 0.004 0.007 0.008 0.002 0.008 0.003 0.951 0.004 
 59      872    (2)    1 :  0.004 0.006 0.005 0.005 0.004 0.004 0.007 0.005 0.080 0.005 0.867 0.007 
 60      873    (4)    1 :  0.003 0.004 0.013 0.016 0.009 0.011 0.029 0.003 0.026 0.011 0.872 0.003 
 61      874    (2)    1 :  0.009 0.001 0.005 0.004 0.002 0.007 0.008 0.001 0.010 0.004 0.946 0.002 
 62      875    (0)    1 :  0.004 0.017 0.005 0.005 0.005 0.005 0.003 0.003 0.012 0.005 0.933 0.002 
 63      876    (6)    1 :  0.012 0.001 0.023 0.008 0.005 0.018 0.008 0.002 0.005 0.008 0.898 0.012 
 64      212    (0)   10 :  0.004 0.001 0.002 0.002 0.002 0.003 0.003 0.002 0.003 0.002 0.002 0.973 
 65      213    (0)   10 :  0.006 0.003 0.003 0.004 0.008 0.006 0.005 0.002 0.002 0.004 0.004 0.955 
 66      214    (0)   10 :  0.004 0.001 0.006 0.005 0.002 0.006 0.003 0.003 0.006 0.005 0.004 0.956 
 67      215    (0)   10 :  0.005 0.003 0.004 0.004 0.003 0.004 0.003 0.002 0.004 0.003 0.005 0.959 
 68      216    (0)   10 :  0.004 0.002 0.003 0.003 0.004 0.003 0.004 0.001 0.002 0.003 0.004 0.967 
 69      217    (0)   10 :  0.004 0.002 0.003 0.005 0.004 0.007 0.006 0.002 0.004 0.005 0.005 0.954 
 70      218    (0)   10 :  0.003 0.002 0.003 0.003 0.002 0.003 0.003 0.003 0.002 0.003 0.003 0.972 
 71      332    (0)   10 :  0.010 0.005 0.017 0.007 0.003 0.013 0.031 0.002 0.008 0.006 0.010 0.887 
 72      333    (0)   10 :  0.006 0.010 0.027 0.015 0.004 0.010 0.007 0.008 0.015 0.012 0.011 0.874 
 73      334    (0)   10 :  0.005 0.003 0.007 0.004 0.003 0.005 0.007 0.002 0.002 0.004 0.006 0.952 
 74      335    (0)   10 :  0.004 0.002 0.003 0.003 0.001 0.003 0.002 0.002 0.002 0.003 0.002 0.974 
 75      336    (0)   10 :  0.002 0.014 0.004 0.002 0.003 0.002 0.004 0.002 0.005 0.002 0.003 0.955 
 76      337    (0)   10 :  0.003 0.002 0.010 0.005 0.002 0.006 0.003 0.003 0.008 0.005 0.009 0.946 
 77      673    (0)   10 :  0.002 0.001 0.002 0.001 0.001 0.001 0.001 0.001 0.001 0.001 0.002 0.985 
 78      674    (0)   10 :  0.004 0.002 0.005 0.005 0.002 0.003 0.011 0.002 0.005 0.005 0.003 0.954 
 79      675    (0)   10 :  0.006 0.005 0.005 0.005 0.004 0.003 0.004 0.002 0.002 0.005 0.003 0.956 
 80      676    (0)   10 :  0.007 0.001 0.006 0.004 0.001 0.007 0.006 0.002 0.002 0.004 0.003 0.956 
 81      677    (0)   10 :  0.004 0.002 0.004 0.003 0.002 0.004 0.002 0.001 0.002 0.003 0.006 0.965 
 82      678    (0)   10 :  0.008 0.004 0.004 0.012 0.004 0.007 0.003 0.003 0.013 0.014 0.008 0.918 
 83      679    (0)   10 :  0.003 0.002 0.007 0.007 0.001 0.006 0.018 0.030 0.002 0.007 0.004 0.914 
 84      680    (0)   10 :  0.007 0.005 0.013 0.005 0.003 0.004 0.009 0.002 0.003 0.005 0.004 0.941 
 85      681    (0)   10 :  0.004 0.002 0.006 0.005 0.002 0.007 0.005 0.002 0.003 0.005 0.006 0.953 
 86      682    (0)   10 :  0.002 0.004 0.002 0.002 0.003 0.002 0.002 0.002 0.002 0.002 0.002 0.975 
 87      683    (0)   10 :  0.004 0.002 0.007 0.006 0.004 0.004 0.005 0.002 0.003 0.005 0.005 0.954 
 88      684    (0)   10 :  0.005 0.003 0.006 0.005 0.002 0.003 0.004 0.002 0.003 0.006 0.002 0.958 
 89      685    (0)   10 :  0.003 0.003 0.008 0.005 0.003 0.005 0.003 0.004 0.006 0.006 0.003 0.950 
 90      686    (0)   10 :  0.002 0.003 0.003 0.002 0.002 0.002 0.002 0.004 0.002 0.002 0.002 0.974 
 91      687    (0)   10 :  0.003 0.002 0.003 0.002 0.002 0.002 0.002 0.001 0.002 0.002 0.002 0.977 
 92      688    (0)   10 :  0.007 0.002 0.005 0.003 0.003 0.004 0.005 0.001 0.004 0.003 0.007 0.956 
 93      070    (0)   11 :  0.002 0.963 0.003 0.005 0.001 0.003 0.002 0.008 0.003 0.005 0.002 0.002 
 94      071    (0)   11 :  0.003 0.965 0.004 0.003 0.006 0.003 0.002 0.001 0.002 0.003 0.002 0.006 
 95      072    (0)   11 :  0.002 0.978 0.002 0.002 0.003 0.002 0.001 0.005 0.002 0.002 0.002 0.001 
 96      151    (0)   11 :  0.002 0.984 0.002 0.001 0.001 0.001 0.001 0.002 0.001 0.001 0.001 0.001 
 97      152    (0)   11 :  0.004 0.960 0.004 0.006 0.005 0.004 0.003 0.002 0.002 0.006 0.003 0.002 
 98      153    (2)   11 :  0.001 0.984 0.002 0.001 0.001 0.001 0.001 0.002 0.002 0.001 0.001 0.001 
 99      788    (4)   11 :  0.003 0.950 0.002 0.003 0.003 0.002 0.001 0.026 0.001 0.002 0.002 0.002 
100      789    (2)   11 :  0.002 0.979 0.002 0.002 0.002 0.002 0.001 0.002 0.002 0.002 0.002 0.003 
101      790    (0)   11 :  0.001 0.980 0.002 0.002 0.003 0.002 0.001 0.001 0.002 0.002 0.002 0.001 
102      010    (0)   12 :  0.005 0.002 0.010 0.278 0.007 0.022 0.010 0.010 0.007 0.640 0.005 0.004 
103      024    (0)   12 :  0.027 0.006 0.012 0.475 0.005 0.020 0.010 0.041 0.007 0.381 0.007 0.011 
104      051    (0)   12 :  0.006 0.012 0.323 0.205 0.004 0.043 0.011 0.047 0.007 0.330 0.005 0.008 
105      090    (0)   12 :  0.013 0.006 0.058 0.432 0.003 0.119 0.016 0.019 0.008 0.313 0.007 0.005 
106      102    (0)   12 :  0.198 0.002 0.021 0.310 0.004 0.076 0.024 0.002 0.035 0.290 0.035 0.003 
107      111    (0)   12 :  0.013 0.002 0.012 0.239 0.070 0.152 0.006 0.004 0.027 0.465 0.006 0.004 
108      113    (0)   12 :  0.057 0.006 0.100 0.232 0.003 0.055 0.014 0.005 0.034 0.483 0.006 0.005 
109      138    (0)   12 :  0.011 0.048 0.018 0.093 0.002 0.666 0.004 0.005 0.003 0.073 0.009 0.068 
110      150    (0)   12 :  0.443 0.013 0.104 0.049 0.002 0.272 0.026 0.027 0.009 0.024 0.027 0.004 
111      173    (2)   12 :  0.043 0.019 0.296 0.344 0.007 0.035 0.042 0.023 0.007 0.167 0.005 0.012 
112      174    (2)   12 :  0.005 0.023 0.017 0.168 0.004 0.260 0.005 0.028 0.033 0.445 0.008 0.003 
113      175    (0)   12 :  0.009 0.006 0.045 0.358 0.002 0.030 0.008 0.067 0.012 0.458 0.003 0.003 
114      176    (0)   12 :  0.008 0.005 0.007 0.305 0.007 0.028 0.005 0.004 0.017 0.588 0.017 0.010 
115      177    (0)   12 :  0.016 0.003 0.434 0.171 0.002 0.088 0.005 0.010 0.009 0.255 0.003 0.002 
116      180    (0)   12 :  0.006 0.004 0.193 0.206 0.005 0.121 0.004 0.002 0.134 0.290 0.029 0.006 
117      184    (0)   12 :  0.028 0.014 0.016 0.116 0.005 0.633 0.085 0.008 0.004 0.079 0.006 0.005 
118      195    (0)   12 :  0.016 0.005 0.017 0.424 0.034 0.027 0.008 0.007 0.004 0.441 0.005 0.014 
119      198    (0)   12 :  0.008 0.003 0.023 0.210 0.034 0.414 0.004 0.008 0.016 0.261 0.012 0.007 
120      203    (0)   12 :  0.012 0.009 0.012 0.401 0.003 0.015 0.028 0.002 0.011 0.495 0.008 0.005 
121      211    (0)   12 :  0.024 0.003 0.009 0.311 0.003 0.066 0.006 0.003 0.005 0.453 0.033 0.084 
122      220    (0)   12 :  0.123 0.002 0.119 0.337 0.007 0.138 0.047 0.005 0.011 0.197 0.005 0.009 
123      233    (0)   12 :  0.144 0.005 0.026 0.487 0.002 0.020 0.012 0.002 0.004 0.248 0.012 0.037 
124      331    (0)   12 :  0.009 0.007 0.035 0.383 0.009 0.028 0.012 0.024 0.006 0.477 0.005 0.005 
125      349    (0)   12 :  0.010 0.007 0.080 0.166 0.007 0.016 0.474 0.103 0.011 0.112 0.009 0.006 
126      410    (0)   12 :  0.005 0.003 0.022 0.436 0.003 0.292 0.006 0.005 0.011 0.184 0.008 0.025 
127      417    (2)   12 :  0.009 0.002 0.007 0.332 0.008 0.271 0.009 0.005 0.007 0.311 0.034 0.005 
128      421    (0)   13 :  0.870 0.002 0.004 0.008 0.074 0.009 0.006 0.001 0.003 0.009 0.009 0.005 
129      423    (0)   13 :  0.005 0.008 0.013 0.429 0.003 0.047 0.051 0.008 0.010 0.419 0.006 0.002 
130      424    (0)   13 :  0.008 0.002 0.523 0.112 0.005 0.194 0.009 0.013 0.038 0.076 0.017 0.002 
131      433    (0)   13 :  0.431 0.002 0.008 0.089 0.003 0.356 0.010 0.012 0.004 0.064 0.004 0.016 
132      462    (0)   13 :  0.138 0.002 0.102 0.235 0.007 0.127 0.028 0.005 0.009 0.315 0.007 0.023 
133      463    (0)   13 :  0.009 0.003 0.008 0.268 0.022 0.167 0.161 0.030 0.005 0.309 0.015 0.004 
134      467    (0)   13 :  0.879 0.007 0.013 0.013 0.004 0.008 0.019 0.008 0.005 0.012 0.019 0.014 
135      468    (0)   13 :  0.042 0.003 0.008 0.007 0.022 0.007 0.876 0.002 0.006 0.008 0.016 0.002 
136      469    (0)   13 :  0.518 0.002 0.009 0.118 0.036 0.146 0.006 0.003 0.011 0.094 0.054 0.002 
137      472    (0)   13 :  0.015 0.004 0.010 0.526 0.016 0.059 0.009 0.018 0.002 0.326 0.007 0.007 
138      473    (0)   13 :  0.009 0.003 0.009 0.042 0.006 0.027 0.834 0.014 0.005 0.040 0.003 0.008 
139      474    (0)   13 :  0.088 0.002 0.009 0.007 0.002 0.038 0.801 0.002 0.004 0.006 0.020 0.021 
140      475    (0)   13 :  0.470 0.003 0.012 0.145 0.003 0.047 0.029 0.012 0.006 0.267 0.004 0.003 
141      476    (2)   13 :  0.084 0.015 0.007 0.013 0.002 0.006 0.812 0.023 0.006 0.011 0.005 0.015 
142      477    (0)   13 :  0.023 0.004 0.007 0.516 0.004 0.037 0.025 0.009 0.006 0.342 0.009 0.018 
143      478    (0)   13 :  0.063 0.002 0.020 0.415 0.003 0.012 0.004 0.002 0.087 0.374 0.015 0.003 
144      479    (0)   13 :  0.177 0.003 0.009 0.016 0.011 0.736 0.010 0.001 0.005 0.011 0.018 0.003 
145      480    (0)   13 :  0.951 0.002 0.005 0.006 0.001 0.006 0.011 0.002 0.004 0.007 0.003 0.002 
146      481    (0)   13 :  0.038 0.037 0.016 0.299 0.003 0.380 0.020 0.008 0.010 0.180 0.006 0.003 
147      482    (0)   13 :  0.066 0.002 0.017 0.237 0.069 0.099 0.005 0.004 0.005 0.441 0.005 0.050 
148      489    (0)   13 :  0.054 0.004 0.009 0.334 0.006 0.074 0.018 0.032 0.006 0.443 0.005 0.015 
149      490    (0)   13 :  0.009 0.003 0.014 0.015 0.005 0.888 0.005 0.005 0.009 0.027 0.017 0.003 
150      491    (0)   13 :  0.018 0.009 0.098 0.371 0.009 0.173 0.020 0.001 0.004 0.168 0.005 0.124 
151      492    (0)   13 :  0.077 0.005 0.010 0.035 0.003 0.018 0.742 0.018 0.032 0.033 0.015 0.012 
152      493    (0)   13 :  0.386 0.011 0.029 0.225 0.006 0.022 0.066 0.019 0.005 0.207 0.017 0.007 
153      494    (0)   13 :  0.212 0.022 0.018 0.118 0.011 0.413 0.015 0.023 0.004 0.117 0.005 0.042 
154      498    (0)   13 :  0.013 0.007 0.007 0.373 0.003 0.243 0.092 0.010 0.013 0.211 0.024 0.004 
155      499    (0)   13 :  0.012 0.003 0.053 0.325 0.002 0.028 0.009 0.007 0.005 0.538 0.010 0.006 
156      709    (0)   13 :  0.015 0.078 0.012 0.298 0.020 0.349 0.011 0.015 0.010 0.170 0.009 0.012 
157      710    (4)   13 :  0.248 0.005 0.003 0.333 0.013 0.039 0.016 0.067 0.005 0.260 0.008 0.003 
158      711    (2)   13 :  0.016 0.007 0.127 0.299 0.026 0.083 0.007 0.003 0.073 0.338 0.019 0.004 
159      712    (4)   13 :  0.008 0.002 0.009 0.008 0.004 0.936 0.004 0.002 0.008 0.008 0.008 0.003 
160      713    (0)   13 :  0.004 0.004 0.008 0.455 0.023 0.015 0.021 0.025 0.005 0.429 0.004 0.008 
161      714    (2)   13 :  0.756 0.013 0.017 0.023 0.006 0.009 0.129 0.007 0.007 0.021 0.009 0.002 
162      715    (4)   13 :  0.789 0.012 0.025 0.016 0.016 0.025 0.004 0.004 0.016 0.015 0.040 0.038 
163      716    (0)   13 :  0.917 0.003 0.005 0.012 0.006 0.022 0.010 0.002 0.004 0.013 0.004 0.003 
164      717    (2)   13 :  0.362 0.003 0.012 0.144 0.008 0.019 0.010 0.007 0.192 0.223 0.006 0.014 
165      718    (4)   13 :  0.017 0.002 0.014 0.016 0.010 0.899 0.007 0.003 0.005 0.014 0.012 0.002 
166      719    (0)   13 :  0.968 0.002 0.003 0.004 0.004 0.004 0.003 0.002 0.002 0.004 0.003 0.002 
167      720    (2)   13 :  0.882 0.002 0.011 0.023 0.013 0.007 0.015 0.005 0.006 0.020 0.008 0.009 
168      721    (0)   13 :  0.193 0.031 0.028 0.182 0.015 0.087 0.245 0.006 0.006 0.195 0.006 0.007 
169      722    (4)   13 :  0.924 0.002 0.004 0.004 0.019 0.007 0.018 0.001 0.005 0.003 0.009 0.002 
170      723    (0)   13 :  0.899 0.008 0.003 0.029 0.002 0.013 0.005 0.003 0.008 0.020 0.003 0.007 
171      724    (0)   13 :  0.778 0.005 0.007 0.019 0.085 0.009 0.029 0.020 0.011 0.013 0.016 0.009 
172      725    (0)   13 :  0.023 0.004 0.011 0.367 0.009 0.019 0.010 0.016 0.008 0.517 0.005 0.010 
173      726    (0)   13 :  0.150 0.007 0.012 0.331 0.011 0.068 0.211 0.017 0.003 0.179 0.004 0.006 
174      727    (0)   13 :  0.044 0.008 0.019 0.192 0.007 0.322 0.036 0.002 0.003 0.350 0.005 0.012 
175      728    (2)   13 :  0.012 0.084 0.012 0.447 0.011 0.016 0.005 0.006 0.015 0.379 0.008 0.006 
176      729    (6)   13 :  0.044 0.004 0.021 0.559 0.004 0.124 0.005 0.004 0.006 0.218 0.006 0.004 
177      730    (2)   13 :  0.026 0.006 0.011 0.031 0.012 0.841 0.003 0.003 0.008 0.044 0.010 0.005 
178      731    (2)   13 :  0.004 0.002 0.005 0.016 0.004 0.933 0.005 0.003 0.004 0.014 0.007 0.002 
179      732    (0)   13 :  0.130 0.002 0.015 0.327 0.007 0.033 0.018 0.010 0.013 0.429 0.011 0.006 
180      733    (0)   13 :  0.146 0.005 0.020 0.244 0.056 0.206 0.005 0.019 0.012 0.267 0.016 0.003 
181      734    (2)   13 :  0.035 0.009 0.184 0.221 0.001 0.145 0.006 0.039 0.008 0.245 0.013 0.094 
182      735    (4)   13 :  0.031 0.003 0.036 0.413 0.009 0.163 0.030 0.002 0.009 0.291 0.005 0.008 
183      736    (2)   13 :  0.007 0.017 0.021 0.169 0.003 0.484 0.005 0.009 0.004 0.253 0.004 0.023 
184      737    (0)   13 :  0.004 0.011 0.014 0.033 0.004 0.840 0.017 0.003 0.029 0.033 0.011 0.003 
185      738    (2)   13 :  0.008 0.003 0.078 0.136 0.003 0.599 0.005 0.004 0.005 0.145 0.008 0.005 
186      739    (8)   13 :  0.024 0.013 0.012 0.041 0.004 0.822 0.009 0.002 0.004 0.055 0.008 0.006 
187      740    (4)   13 :  0.070 0.002 0.004 0.046 0.015 0.807 0.004 0.006 0.005 0.035 0.006 0.003 
188      741    (2)   13 :  0.129 0.002 0.014 0.158 0.028 0.251 0.026 0.016 0.114 0.142 0.085 0.035 
189      742    (4)   13 :  0.012 0.006 0.087 0.128 0.002 0.515 0.006 0.007 0.018 0.200 0.012 0.005 
190      743    (2)   13 :  0.938 0.002 0.006 0.008 0.002 0.009 0.004 0.003 0.005 0.008 0.005 0.009 
191      744    (0)   13 :  0.230 0.022 0.008 0.217 0.004 0.048 0.007 0.100 0.005 0.350 0.005 0.004 
192      745    (0)   13 :  0.515 0.016 0.009 0.177 0.017 0.030 0.009 0.003 0.021 0.138 0.058 0.005 
193      746    (2)   13 :  0.007 0.005 0.012 0.244 0.011 0.534 0.006 0.005 0.045 0.121 0.004 0.005 
194      747    (2)   13 :  0.009 0.006 0.054 0.124 0.006 0.600 0.010 0.004 0.007 0.125 0.034 0.020 
195      748    (0)   13 :  0.007 0.007 0.067 0.133 0.022 0.049 0.466 0.011 0.026 0.050 0.143 0.018 
196      749    (2)   13 :  0.017 0.009 0.241 0.240 0.053 0.021 0.003 0.168 0.014 0.193 0.020 0.021 
197      750    (4)   13 :  0.014 0.005 0.016 0.393 0.006 0.211 0.005 0.012 0.029 0.294 0.010 0.005 
198      751    (0)   13 :  0.017 0.017 0.108 0.472 0.009 0.077 0.011 0.002 0.008 0.258 0.013 0.007 
199      752    (2)   13 :  0.062 0.002 0.005 0.006 0.003 0.014 0.883 0.002 0.004 0.006 0.011 0.002 
200      753    (4)   13 :  0.031 0.012 0.048 0.320 0.018 0.028 0.088 0.004 0.006 0.375 0.033 0.037 
201      754    (2)   13 :  0.004 0.003 0.004 0.006 0.002 0.959 0.003 0.005 0.003 0.005 0.003 0.003 
202      155    (0)   14 :  0.014 0.004 0.008 0.486 0.006 0.029 0.016 0.011 0.007 0.360 0.027 0.033 
203      156    (2)   14 :  0.014 0.091 0.010 0.280 0.006 0.021 0.004 0.010 0.007 0.539 0.014 0.005 
204      157    (2)   14 :  0.012 0.002 0.008 0.026 0.004 0.856 0.014 0.036 0.006 0.021 0.005 0.010 
205      158    (0)   14 :  0.023 0.004 0.043 0.381 0.006 0.051 0.004 0.005 0.010 0.460 0.008 0.007 
206      159    (0)   14 :  0.014 0.009 0.012 0.365 0.121 0.225 0.013 0.014 0.007 0.202 0.014 0.003 
207      160    (0)   14 :  0.155 0.003 0.045 0.047 0.004 0.628 0.059 0.002 0.003 0.031 0.016 0.007 
208      161    (0)   14 :  0.063 0.003 0.011 0.065 0.009 0.535 0.012 0.242 0.003 0.042 0.007 0.008 
209      162    (0)   14 :  0.283 0.007 0.026 0.254 0.002 0.008 0.026 0.003 0.009 0.371 0.008 0.005 
210      163    (2)   14 :  0.007 0.009 0.077 0.212 0.002 0.104 0.006 0.003 0.009 0.565 0.003 0.003 
211      164    (0)   14 :  0.019 0.002 0.016 0.454 0.005 0.066 0.049 0.017 0.011 0.270 0.070 0.019 
212      165    (2)   14 :  0.006 0.004 0.004 0.250 0.005 0.090 0.007 0.020 0.007 0.595 0.007 0.005 
213      427    (0)   14 :  0.847 0.009 0.012 0.012 0.024 0.008 0.004 0.003 0.002 0.009 0.006 0.063 
214      428    (0)   14 :  0.906 0.003 0.023 0.007 0.019 0.004 0.012 0.002 0.004 0.007 0.009 0.004 
215      429    (0)   14 :  0.948 0.003 0.005 0.008 0.004 0.004 0.005 0.002 0.008 0.006 0.004 0.003 
216      430    (0)   14 :  0.049 0.002 0.124 0.287 0.005 0.091 0.185 0.008 0.047 0.168 0.029 0.004 
217      431    (0)   14 :  0.869 0.002 0.011 0.013 0.007 0.016 0.007 0.003 0.021 0.015 0.034 0.003 
218      435    (0)   14 :  0.964 0.002 0.003 0.004 0.002 0.004 0.008 0.001 0.003 0.003 0.003 0.002 
219      436    (0)   14 :  0.937 0.002 0.004 0.006 0.006 0.005 0.016 0.003 0.004 0.005 0.008 0.004 
220      437    (0)   14 :  0.800 0.002 0.005 0.020 0.022 0.021 0.036 0.003 0.006 0.013 0.068 0.005 
221      438    (0)   14 :  0.783 0.006 0.016 0.032 0.015 0.017 0.047 0.003 0.014 0.021 0.041 0.002 
222      439    (0)   14 :  0.499 0.006 0.017 0.097 0.004 0.184 0.054 0.002 0.039 0.080 0.012 0.004 
223      441    (0)   14 :  0.006 0.001 0.003 0.003 0.001 0.002 0.966 0.002 0.007 0.003 0.003 0.002 
224      442    (0)   14 :  0.752 0.006 0.011 0.016 0.003 0.005 0.010 0.002 0.003 0.012 0.010 0.171 
225      443    (4)   14 :  0.916 0.003 0.013 0.008 0.003 0.019 0.011 0.002 0.004 0.007 0.012 0.002 
226      444    (4)   14 :  0.938 0.005 0.006 0.006 0.009 0.004 0.003 0.005 0.003 0.006 0.006 0.009 
227      445    (2)   14 :  0.552 0.009 0.005 0.200 0.015 0.011 0.021 0.003 0.005 0.109 0.068 0.004 
228      446    (0)   14 :  0.956 0.003 0.006 0.005 0.002 0.005 0.003 0.003 0.003 0.006 0.003 0.005 
229      447    (0)   14 :  0.934 0.004 0.006 0.008 0.006 0.009 0.004 0.001 0.003 0.009 0.013 0.004 
230      449    (0)   14 :  0.962 0.002 0.003 0.004 0.003 0.003 0.004 0.001 0.004 0.004 0.006 0.005 
231      460    (0)   14 :  0.851 0.003 0.006 0.019 0.007 0.008 0.053 0.005 0.007 0.021 0.016 0.005 
232      461    (0)   14 :  0.469 0.002 0.056 0.079 0.008 0.267 0.012 0.006 0.016 0.049 0.028 0.009 
233      484    (0)   14 :  0.052 0.008 0.255 0.110 0.004 0.099 0.011 0.004 0.172 0.080 0.191 0.015 
234      485    (0)   14 :  0.949 0.002 0.003 0.007 0.002 0.011 0.008 0.002 0.003 0.007 0.004 0.004 
235      486    (0)   14 :  0.002 0.001 0.002 0.002 0.002 0.002 0.981 0.001 0.003 0.002 0.002 0.002 
236      487    (0)   14 :  0.764 0.003 0.016 0.059 0.006 0.029 0.026 0.003 0.008 0.072 0.005 0.010 
237      178    (0)   15 :  0.684 0.010 0.013 0.077 0.004 0.073 0.058 0.014 0.003 0.053 0.004 0.006 
238      422    (0)   15 :  0.943 0.003 0.005 0.006 0.003 0.014 0.003 0.001 0.005 0.005 0.009 0.003 
239      425    (0)   15 :  0.907 0.001 0.008 0.017 0.004 0.019 0.015 0.002 0.003 0.015 0.005 0.003 
240      426    (0)   15 :  0.054 0.113 0.411 0.165 0.003 0.075 0.007 0.030 0.004 0.114 0.004 0.020 
241      432    (0)   15 :  0.501 0.010 0.060 0.213 0.010 0.028 0.012 0.006 0.014 0.122 0.011 0.011 
242      434    (0)   15 :  0.945 0.003 0.006 0.005 0.004 0.005 0.004 0.002 0.011 0.004 0.005 0.005 
243      440    (0)   15 :  0.654 0.002 0.047 0.096 0.002 0.009 0.031 0.003 0.010 0.126 0.004 0.016 
244      448    (2)   15 :  0.881 0.002 0.009 0.006 0.035 0.008 0.005 0.002 0.018 0.005 0.011 0.018 
245      456    (0)   15 :  0.276 0.003 0.029 0.235 0.004 0.017 0.007 0.003 0.098 0.227 0.091 0.010 
246      457    (0)   15 :  0.675 0.006 0.023 0.095 0.010 0.022 0.059 0.003 0.026 0.054 0.021 0.005 
247      458    (0)   15 :  0.210 0.007 0.075 0.196 0.005 0.344 0.029 0.004 0.004 0.093 0.014 0.019 
248      459    (0)   15 :  0.915 0.003 0.012 0.013 0.002 0.015 0.006 0.004 0.004 0.012 0.008 0.004 
249      464    (0)   15 :  0.933 0.005 0.004 0.008 0.002 0.006 0.011 0.008 0.004 0.009 0.003 0.006 
250      465    (0)   15 :  0.868 0.001 0.005 0.016 0.002 0.053 0.026 0.003 0.008 0.013 0.004 0.002 
251      466    (0)   15 :  0.868 0.001 0.008 0.019 0.020 0.025 0.011 0.002 0.006 0.015 0.022 0.005 
252      470    (0)   15 :  0.890 0.002 0.008 0.006 0.002 0.008 0.063 0.003 0.005 0.006 0.003 0.004 
253      471    (0)   15 :  0.854 0.017 0.034 0.016 0.013 0.007 0.006 0.003 0.024 0.016 0.006 0.003 
254      483    (0)   15 :  0.865 0.003 0.017 0.017 0.002 0.038 0.005 0.011 0.005 0.020 0.005 0.011 
255      488    (0)   15 :  0.234 0.003 0.017 0.057 0.003 0.340 0.273 0.002 0.004 0.036 0.025 0.007 
256      495    (0)   15 :  0.915 0.001 0.007 0.008 0.002 0.020 0.005 0.003 0.018 0.007 0.011 0.003 
257      496    (0)   15 :  0.785 0.003 0.007 0.016 0.005 0.090 0.062 0.004 0.006 0.017 0.003 0.002 
258      497    (0)   15 :  0.822 0.003 0.003 0.014 0.003 0.005 0.004 0.005 0.093 0.011 0.006 0.031 
259      500    (0)   15 :  0.053 0.004 0.008 0.062 0.014 0.084 0.046 0.082 0.017 0.075 0.553 0.003 
260      879    (0)   15 :  0.916 0.003 0.016 0.008 0.002 0.014 0.006 0.005 0.003 0.010 0.004 0.013 
261      036    (0)   16 :  0.018 0.004 0.006 0.587 0.012 0.069 0.005 0.003 0.004 0.284 0.006 0.002 
262      063    (2)   16 :  0.031 0.004 0.042 0.252 0.003 0.088 0.018 0.003 0.040 0.491 0.013 0.015 
263      094    (4)   16 :  0.026 0.005 0.016 0.120 0.010 0.640 0.013 0.010 0.010 0.063 0.076 0.009 
264      103    (4)   16 :  0.006 0.003 0.003 0.234 0.004 0.089 0.009 0.012 0.029 0.600 0.005 0.005 
265      112    (0)   16 :  0.006 0.004 0.048 0.240 0.003 0.353 0.010 0.007 0.007 0.309 0.007 0.006 
266      114    (2)   16 :  0.037 0.002 0.005 0.346 0.008 0.232 0.015 0.003 0.004 0.338 0.005 0.004 
267      120    (0)   16 :  0.008 0.002 0.013 0.019 0.011 0.896 0.011 0.003 0.005 0.015 0.012 0.004 
268      127    (2)   16 :  0.007 0.003 0.135 0.334 0.006 0.123 0.205 0.007 0.005 0.160 0.008 0.007 
269      147    (0)   16 :  0.018 0.059 0.365 0.257 0.006 0.054 0.009 0.008 0.006 0.208 0.003 0.007 
270      166    (0)   16 :  0.040 0.024 0.110 0.263 0.004 0.090 0.008 0.066 0.012 0.359 0.006 0.017 
271      167    (0)   16 :  0.194 0.006 0.007 0.252 0.010 0.030 0.019 0.006 0.105 0.359 0.007 0.005 
272      168    (0)   16 :  0.015 0.003 0.004 0.486 0.016 0.024 0.004 0.012 0.004 0.423 0.004 0.004 
273      169    (2)   16 :  0.296 0.005 0.070 0.181 0.006 0.098 0.010 0.004 0.007 0.307 0.011 0.005 
274      170    (0)   16 :  0.012 0.005 0.022 0.297 0.004 0.108 0.025 0.040 0.006 0.411 0.032 0.037 
275      171    (2)   16 :  0.006 0.011 0.024 0.201 0.003 0.023 0.004 0.005 0.008 0.640 0.072 0.004 
276      172    (0)   16 :  0.009 0.012 0.013 0.017 0.010 0.890 0.003 0.004 0.011 0.014 0.013 0.004 
277      185    (0)   16 :  0.093 0.005 0.027 0.260 0.002 0.014 0.011 0.004 0.009 0.566 0.005 0.005 
278      199    (2)   16 :  0.006 0.006 0.008 0.309 0.007 0.016 0.034 0.010 0.003 0.374 0.007 0.222 
279      339    (0)   16 :  0.407 0.009 0.021 0.198 0.002 0.018 0.028 0.002 0.024 0.276 0.007 0.008 
280      355    (0)   16 :  0.004 0.013 0.010 0.334 0.002 0.008 0.004 0.030 0.005 0.506 0.003 0.081 
281      356    (0)   16 :  0.005 0.003 0.006 0.039 0.005 0.733 0.040 0.140 0.003 0.017 0.004 0.005 
282      357    (0)   16 :  0.010 0.012 0.026 0.459 0.011 0.163 0.048 0.006 0.005 0.238 0.008 0.017 
283      358    (0)   16 :  0.012 0.006 0.016 0.562 0.002 0.010 0.017 0.004 0.055 0.304 0.009 0.004 
284      359    (0)   16 :  0.008 0.002 0.019 0.291 0.002 0.294 0.005 0.005 0.021 0.339 0.004 0.009 
285      360    (0)   16 :  0.046 0.010 0.022 0.358 0.006 0.039 0.007 0.020 0.003 0.467 0.017 0.004 
286      361    (0)   16 :  0.052 0.002 0.013 0.022 0.003 0.863 0.006 0.002 0.007 0.022 0.005 0.003 
287      362    (0)   16 :  0.086 0.005 0.087 0.271 0.002 0.069 0.006 0.017 0.010 0.163 0.278 0.007 
288      363    (0)   16 :  0.015 0.013 0.646 0.125 0.005 0.031 0.015 0.008 0.009 0.082 0.006 0.045 
289      364    (0)   16 :  0.010 0.003 0.016 0.183 0.004 0.075 0.062 0.112 0.007 0.102 0.380 0.045 
290      365    (0)   16 :  0.075 0.008 0.006 0.480 0.002 0.045 0.020 0.069 0.005 0.250 0.035 0.003 
291      366    (0)   16 :  0.005 0.031 0.019 0.454 0.001 0.224 0.004 0.005 0.016 0.233 0.005 0.003 
292      367    (0)   16 :  0.007 0.009 0.005 0.399 0.006 0.015 0.026 0.002 0.015 0.502 0.012 0.003 
293      368    (0)   16 :  0.005 0.013 0.008 0.275 0.008 0.009 0.059 0.072 0.022 0.481 0.044 0.004 
294      369    (0)   16 :  0.005 0.004 0.007 0.240 0.002 0.011 0.003 0.014 0.005 0.702 0.003 0.004 
295      370    (0)   16 :  0.016 0.011 0.016 0.101 0.012 0.648 0.006 0.067 0.042 0.069 0.005 0.007 
296      371    (0)   16 :  0.011 0.003 0.005 0.381 0.005 0.012 0.003 0.002 0.009 0.546 0.016 0.006 
297      372    (0)   16 :  0.528 0.004 0.051 0.017 0.003 0.018 0.003 0.006 0.003 0.025 0.013 0.328 
298      373    (0)   16 :  0.055 0.003 0.006 0.327 0.004 0.164 0.004 0.110 0.011 0.279 0.008 0.031 
299      380    (0)   16 :  0.011 0.006 0.063 0.416 0.047 0.191 0.005 0.012 0.009 0.209 0.020 0.011 
300      388    (0)   16 :  0.008 0.007 0.029 0.228 0.006 0.542 0.005 0.044 0.013 0.084 0.012 0.022 
301      418    (0)   16 :  0.016 0.007 0.022 0.558 0.033 0.056 0.027 0.006 0.004 0.214 0.019 0.039 
302      419    (0)   16 :  0.034 0.006 0.008 0.570 0.012 0.039 0.023 0.006 0.006 0.286 0.006 0.003 
303      420    (0)   16 :  0.111 0.047 0.017 0.332 0.003 0.108 0.022 0.006 0.012 0.226 0.051 0.064 
304      409    (0)   17 :  0.022 0.002 0.013 0.201 0.134 0.085 0.009 0.005 0.006 0.511 0.009 0.004 
305      414    (0)   17 :  0.008 0.002 0.013 0.261 0.019 0.013 0.008 0.002 0.008 0.642 0.017 0.007 
306      415    (2)   17 :  0.007 0.003 0.011 0.282 0.004 0.039 0.043 0.012 0.011 0.569 0.006 0.014 
307      416    (0)   17 :  0.096 0.003 0.017 0.334 0.099 0.038 0.007 0.004 0.040 0.319 0.030 0.013 
308      571    (0)    2 :  0.018 0.004 0.023 0.006 0.004 0.005 0.023 0.002 0.014 0.006 0.892 0.004 
309      572    (0)    2 :  0.003 0.006 0.042 0.016 0.009 0.008 0.012 0.004 0.047 0.016 0.833 0.004 
310      573    (2)    2 :  0.005 0.001 0.003 0.008 0.003 0.004 0.007 0.001 0.006 0.006 0.954 0.003 
311      574    (0)    2 :  0.006 0.002 0.005 0.009 0.014 0.006 0.007 0.008 0.008 0.010 0.923 0.002 
312      575    (2)    2 :  0.007 0.008 0.073 0.014 0.006 0.007 0.006 0.006 0.013 0.014 0.839 0.008 
313      576    (0)    2 :  0.003 0.001 0.003 0.002 0.003 0.002 0.002 0.001 0.005 0.003 0.972 0.002 
314      577    (0)    2 :  0.007 0.002 0.006 0.006 0.009 0.005 0.008 0.002 0.016 0.006 0.926 0.007 
315      578    (0)    2 :  0.005 0.002 0.004 0.003 0.047 0.002 0.004 0.001 0.004 0.003 0.918 0.007 
316      579    (0)    2 :  0.008 0.002 0.004 0.003 0.007 0.003 0.002 0.001 0.003 0.003 0.960 0.004 
317      580    (0)    2 :  0.004 0.002 0.003 0.003 0.002 0.003 0.002 0.001 0.003 0.003 0.972 0.002 
318      581    (0)    2 :  0.006 0.002 0.002 0.003 0.013 0.002 0.002 0.001 0.006 0.003 0.957 0.002 
319      582    (4)    2 :  0.020 0.056 0.008 0.022 0.003 0.015 0.003 0.004 0.013 0.022 0.815 0.019 
320      583    (0)    2 :  0.023 0.011 0.053 0.159 0.004 0.043 0.038 0.002 0.008 0.094 0.548 0.017 
321      584    (0)    2 :  0.032 0.003 0.007 0.007 0.013 0.007 0.005 0.002 0.006 0.008 0.902 0.007 
322      585    (0)    2 :  0.007 0.002 0.006 0.004 0.002 0.003 0.008 0.001 0.011 0.004 0.951 0.002 
323      586    (2)    2 :  0.007 0.002 0.006 0.004 0.004 0.003 0.004 0.001 0.007 0.003 0.949 0.010 
324      587    (0)    2 :  0.003 0.002 0.003 0.003 0.008 0.003 0.002 0.001 0.003 0.002 0.967 0.002 
325      588    (0)    2 :  0.010 0.011 0.016 0.021 0.005 0.009 0.017 0.009 0.009 0.025 0.858 0.012 
326      589    (0)    2 :  0.022 0.005 0.062 0.038 0.019 0.012 0.007 0.007 0.011 0.037 0.757 0.023 
327      590    (0)    2 :  0.006 0.009 0.003 0.006 0.035 0.005 0.057 0.004 0.028 0.005 0.830 0.011 
328      001    (0)    3 :  0.002 0.003 0.002 0.004 0.003 0.002 0.002 0.970 0.003 0.004 0.003 0.001 
329      005    (0)    3 :  0.001 0.005 0.002 0.002 0.001 0.002 0.002 0.976 0.002 0.002 0.001 0.003 
330      106    (0)    3 :  0.002 0.002 0.003 0.003 0.003 0.003 0.002 0.970 0.002 0.003 0.005 0.003 
331      192    (0)    3 :  0.005 0.006 0.010 0.019 0.007 0.010 0.004 0.892 0.004 0.023 0.007 0.013 
332      229    (0)    3 :  0.005 0.041 0.008 0.006 0.003 0.006 0.004 0.907 0.007 0.006 0.003 0.004 
333      319    (0)    3 :  0.002 0.005 0.002 0.004 0.002 0.006 0.002 0.966 0.003 0.004 0.002 0.002 
334      327    (0)    3 :  0.002 0.002 0.003 0.003 0.002 0.005 0.002 0.971 0.002 0.003 0.003 0.003 
335      340    (0)    3 :  0.003 0.004 0.002 0.004 0.001 0.004 0.004 0.962 0.004 0.005 0.003 0.003 
336      345    (0)    3 :  0.003 0.011 0.005 0.005 0.001 0.009 0.003 0.946 0.004 0.005 0.004 0.003 
337      375    (0)    3 :  0.002 0.003 0.004 0.003 0.001 0.003 0.003 0.969 0.002 0.004 0.002 0.005 
338      501    (4)    3 :  0.003 0.003 0.004 0.003 0.001 0.004 0.006 0.969 0.002 0.003 0.002 0.002 
339      502    (0)    3 :  0.002 0.008 0.007 0.005 0.003 0.004 0.029 0.927 0.004 0.004 0.003 0.003 
340      503    (2)    3 :  0.001 0.002 0.002 0.002 0.002 0.002 0.004 0.972 0.003 0.002 0.004 0.002 
341      504    (0)    3 :  0.008 0.015 0.003 0.005 0.004 0.003 0.003 0.948 0.002 0.005 0.002 0.004 
342      505    (0)    3 :  0.002 0.050 0.007 0.008 0.008 0.008 0.003 0.885 0.012 0.009 0.006 0.003 
343      506    (2)    3 :  0.004 0.005 0.006 0.006 0.002 0.006 0.004 0.955 0.002 0.006 0.002 0.002 
344      507    (4)    3 :  0.002 0.004 0.004 0.003 0.001 0.004 0.004 0.968 0.003 0.003 0.002 0.002 
345      508    (0)    3 :  0.005 0.003 0.006 0.006 0.002 0.007 0.018 0.932 0.007 0.007 0.004 0.002 
346      509    (2)    3 :  0.002 0.003 0.003 0.003 0.001 0.003 0.003 0.970 0.003 0.003 0.002 0.004 
347      510    (2)    3 :  0.009 0.003 0.003 0.006 0.003 0.003 0.005 0.940 0.002 0.005 0.002 0.020 
348      511    (4)    3 :  0.003 0.002 0.002 0.003 0.003 0.002 0.005 0.971 0.002 0.003 0.002 0.002 
349      512    (4)    3 :  0.002 0.006 0.004 0.003 0.002 0.004 0.002 0.967 0.002 0.003 0.002 0.003 
350      513    (0)    3 :  0.003 0.008 0.003 0.003 0.002 0.003 0.002 0.951 0.002 0.003 0.002 0.019 
351      514    (0)    3 :  0.004 0.002 0.002 0.003 0.001 0.002 0.002 0.974 0.002 0.004 0.001 0.003 
352      515    (2)    3 :  0.002 0.004 0.002 0.002 0.001 0.002 0.003 0.973 0.003 0.003 0.002 0.003 
353      516    (2)    3 :  0.005 0.004 0.005 0.005 0.003 0.004 0.011 0.945 0.004 0.005 0.003 0.007 
354      517    (0)    3 :  0.006 0.005 0.002 0.002 0.001 0.002 0.002 0.975 0.001 0.002 0.001 0.002 
355      518    (0)    3 :  0.004 0.003 0.004 0.006 0.002 0.005 0.005 0.952 0.006 0.006 0.003 0.003 
356      519    (0)    3 :  0.002 0.002 0.002 0.003 0.003 0.003 0.003 0.969 0.003 0.003 0.003 0.003 
357      520    (2)    3 :  0.005 0.002 0.003 0.003 0.004 0.003 0.002 0.964 0.002 0.003 0.003 0.006 
358      521    (2)    3 :  0.002 0.006 0.002 0.002 0.007 0.003 0.002 0.965 0.003 0.002 0.003 0.003 
359      522    (0)    3 :  0.008 0.001 0.004 0.006 0.014 0.005 0.021 0.919 0.004 0.006 0.006 0.005 
360      523    (2)    3 :  0.005 0.003 0.004 0.007 0.004 0.006 0.004 0.945 0.009 0.007 0.005 0.002 
361      524    (0)    3 :  0.008 0.003 0.007 0.011 0.013 0.013 0.069 0.824 0.027 0.008 0.010 0.007 
362      525    (0)    3 :  0.002 0.001 0.002 0.003 0.001 0.002 0.003 0.977 0.001 0.003 0.002 0.003 
363      526    (2)    3 :  0.003 0.011 0.002 0.002 0.002 0.002 0.002 0.967 0.002 0.002 0.002 0.002 
364      527    (2)    4 :  0.008 0.005 0.005 0.007 0.002 0.004 0.020 0.007 0.025 0.008 0.899 0.009 
365      528    (4)    4 :  0.005 0.003 0.368 0.027 0.017 0.026 0.005 0.002 0.073 0.022 0.445 0.008 
366      529    (4)    4 :  0.020 0.009 0.104 0.019 0.018 0.012 0.008 0.003 0.014 0.012 0.779 0.004 
367      530    (0)    4 :  0.003 0.004 0.009 0.007 0.004 0.009 0.004 0.007 0.006 0.008 0.936 0.005 
368      531    (2)    4 :  0.005 0.005 0.021 0.007 0.011 0.008 0.003 0.004 0.009 0.006 0.917 0.004 
369      532    (4)    4 :  0.004 0.002 0.087 0.018 0.003 0.020 0.025 0.003 0.017 0.014 0.805 0.002 
370      533    (0)    4 :  0.023 0.003 0.020 0.066 0.019 0.046 0.005 0.010 0.041 0.073 0.691 0.002 
371      534    (2)    4 :  0.005 0.002 0.007 0.008 0.011 0.005 0.003 0.003 0.056 0.007 0.888 0.005 
372      535    (2)    4 :  0.008 0.005 0.027 0.012 0.004 0.010 0.008 0.003 0.009 0.012 0.901 0.002 
373      536    (2)    4 :  0.005 0.011 0.003 0.006 0.024 0.007 0.003 0.002 0.009 0.005 0.923 0.002 
374      537    (2)    4 :  0.007 0.002 0.006 0.005 0.007 0.004 0.003 0.002 0.006 0.006 0.938 0.013 
375      538    (2)    4 :  0.022 0.002 0.006 0.043 0.003 0.055 0.008 0.007 0.043 0.051 0.755 0.004 
376      539    (2)    4 :  0.003 0.002 0.005 0.005 0.004 0.004 0.010 0.001 0.098 0.004 0.864 0.002 
377      540    (2)    4 :  0.015 0.001 0.006 0.011 0.011 0.018 0.007 0.001 0.009 0.013 0.907 0.002 
378      541    (2)    4 :  0.028 0.002 0.045 0.009 0.008 0.016 0.006 0.003 0.051 0.008 0.822 0.003 
379      542    (2)    4 :  0.041 0.004 0.016 0.020 0.010 0.021 0.008 0.003 0.069 0.018 0.778 0.011 
380      543    (0)    4 :  0.053 0.002 0.014 0.112 0.021 0.026 0.006 0.004 0.032 0.054 0.659 0.016 
381      544    (2)    4 :  0.003 0.002 0.003 0.003 0.004 0.005 0.002 0.003 0.018 0.003 0.952 0.002 
382      545    (2)    4 :  0.006 0.001 0.005 0.007 0.004 0.006 0.013 0.002 0.912 0.008 0.033 0.002 
383      546    (4)    4 :  0.005 0.002 0.005 0.020 0.005 0.007 0.024 0.002 0.896 0.018 0.016 0.002 
384      547    (6)    4 :  0.015 0.017 0.011 0.049 0.009 0.032 0.036 0.005 0.010 0.045 0.738 0.032 
385      019    (0)    5 :  0.030 0.004 0.019 0.008 0.009 0.007 0.003 0.002 0.804 0.008 0.102 0.004 
386      064    (0)    5 :  0.002 0.001 0.002 0.002 0.002 0.002 0.003 0.001 0.947 0.002 0.032 0.002 
387      065    (0)    5 :  0.003 0.001 0.003 0.002 0.005 0.002 0.002 0.001 0.022 0.002 0.955 0.001 
388      066    (0)    5 :  0.016 0.002 0.005 0.010 0.006 0.011 0.010 0.003 0.568 0.010 0.358 0.003 
389      067    (0)    5 :  0.017 0.006 0.019 0.008 0.008 0.005 0.006 0.005 0.897 0.007 0.012 0.010 
390      068    (0)    5 :  0.008 0.002 0.013 0.009 0.008 0.007 0.038 0.002 0.026 0.008 0.853 0.026 
391      069    (0)    5 :  0.005 0.001 0.007 0.005 0.012 0.007 0.021 0.001 0.768 0.005 0.163 0.004 
392      107    (0)    5 :  0.006 0.001 0.004 0.004 0.003 0.003 0.004 0.001 0.522 0.004 0.444 0.002 
393      110    (0)    5 :  0.002 0.003 0.006 0.002 0.002 0.002 0.002 0.001 0.972 0.002 0.003 0.002 
394      121    (0)    5 :  0.005 0.001 0.011 0.004 0.002 0.003 0.003 0.001 0.021 0.004 0.942 0.003 
395      137    (0)    5 :  0.008 0.009 0.004 0.009 0.005 0.005 0.004 0.002 0.934 0.009 0.008 0.002 
396      146    (0)    5 :  0.005 0.003 0.006 0.011 0.021 0.051 0.002 0.004 0.553 0.013 0.326 0.003 
397      149    (0)    5 :  0.006 0.003 0.005 0.004 0.002 0.004 0.002 0.001 0.960 0.004 0.005 0.002 
398      154    (0)    5 :  0.006 0.002 0.005 0.006 0.165 0.004 0.004 0.002 0.714 0.006 0.068 0.018 
399      179    (0)    5 :  0.005 0.002 0.004 0.004 0.004 0.004 0.009 0.002 0.487 0.004 0.470 0.004 
400      181    (0)    5 :  0.003 0.002 0.003 0.004 0.004 0.003 0.002 0.001 0.765 0.004 0.207 0.002 
401      182    (0)    5 :  0.005 0.003 0.026 0.014 0.006 0.012 0.018 0.004 0.089 0.014 0.794 0.015 
402      186    (0)    5 :  0.011 0.005 0.093 0.019 0.004 0.027 0.014 0.005 0.620 0.016 0.183 0.004 
403      193    (0)    5 :  0.008 0.002 0.006 0.007 0.007 0.007 0.004 0.003 0.350 0.007 0.595 0.004 
404      320    (0)    5 :  0.005 0.003 0.007 0.005 0.010 0.010 0.003 0.001 0.905 0.005 0.035 0.011 
405      341    (0)    5 :  0.013 0.002 0.004 0.007 0.002 0.008 0.007 0.002 0.039 0.006 0.907 0.004 
406      376    (0)    5 :  0.005 0.003 0.022 0.011 0.008 0.012 0.013 0.038 0.148 0.009 0.729 0.003 
407      395    (0)    5 :  0.018 0.006 0.012 0.007 0.059 0.006 0.006 0.001 0.641 0.007 0.234 0.004 
408      396    (0)    5 :  0.003 0.003 0.002 0.003 0.003 0.004 0.005 0.002 0.031 0.003 0.941 0.001 
409      397    (0)    5 :  0.004 0.009 0.005 0.005 0.010 0.003 0.003 0.001 0.056 0.005 0.893 0.006 
410      398    (0)    5 :  0.004 0.004 0.011 0.005 0.051 0.008 0.003 0.002 0.403 0.004 0.499 0.004 
411      399    (0)    5 :  0.003 0.002 0.011 0.004 0.002 0.007 0.007 0.002 0.007 0.005 0.947 0.003 
412      400    (0)    5 :  0.003 0.002 0.011 0.007 0.007 0.012 0.009 0.001 0.914 0.006 0.026 0.002 
413      401    (0)    5 :  0.005 0.003 0.004 0.014 0.005 0.010 0.009 0.004 0.820 0.015 0.109 0.002 
414      402    (0)    5 :  0.002 0.002 0.006 0.003 0.002 0.002 0.004 0.003 0.966 0.003 0.003 0.003 
415      403    (0)    5 :  0.014 0.010 0.018 0.009 0.004 0.028 0.010 0.003 0.371 0.008 0.522 0.004 
416      073    (0)    6 :  0.006 0.002 0.005 0.004 0.001 0.004 0.003 0.002 0.005 0.004 0.963 0.002 
417      074    (0)    6 :  0.005 0.002 0.002 0.007 0.037 0.004 0.002 0.006 0.004 0.007 0.919 0.005 
418      075    (0)    6 :  0.006 0.003 0.005 0.004 0.006 0.008 0.004 0.002 0.008 0.005 0.945 0.004 
419      076    (0)    6 :  0.006 0.005 0.011 0.006 0.004 0.005 0.004 0.004 0.007 0.005 0.937 0.006 
420      077    (0)    6 :  0.010 0.003 0.005 0.006 0.003 0.005 0.007 0.001 0.010 0.007 0.934 0.008 
421      078    (0)    6 :  0.009 0.005 0.006 0.027 0.006 0.025 0.005 0.003 0.011 0.030 0.868 0.005 
422      079    (0)    6 :  0.006 0.001 0.007 0.015 0.003 0.007 0.010 0.002 0.014 0.012 0.921 0.002 
423      080    (0)    6 :  0.003 0.002 0.010 0.006 0.003 0.004 0.006 0.003 0.005 0.006 0.934 0.018 
424      081    (0)    6 :  0.028 0.015 0.008 0.010 0.013 0.006 0.004 0.004 0.033 0.009 0.866 0.003 
425      082    (0)    6 :  0.002 0.002 0.005 0.003 0.003 0.003 0.004 0.001 0.017 0.003 0.952 0.003 
426      083    (0)    6 :  0.004 0.002 0.005 0.007 0.010 0.005 0.007 0.002 0.015 0.007 0.935 0.002 
427      084    (0)    6 :  0.010 0.005 0.003 0.004 0.090 0.004 0.003 0.003 0.011 0.004 0.861 0.002 
428      085    (0)    6 :  0.054 0.016 0.009 0.015 0.008 0.020 0.032 0.002 0.035 0.013 0.793 0.003 
429      404    (0)    6 :  0.005 0.003 0.005 0.004 0.019 0.004 0.003 0.001 0.009 0.004 0.940 0.003 
430      405    (0)    6 :  0.008 0.009 0.004 0.005 0.005 0.005 0.002 0.002 0.006 0.005 0.950 0.002 
431      406    (0)    6 :  0.003 0.007 0.006 0.007 0.008 0.006 0.006 0.005 0.004 0.008 0.936 0.004 
432      407    (0)    6 :  0.007 0.003 0.003 0.005 0.004 0.004 0.003 0.001 0.068 0.005 0.892 0.003 
433      408    (0)    6 :  0.004 0.001 0.003 0.004 0.005 0.004 0.003 0.001 0.004 0.004 0.961 0.005 
434      411    (2)    6 :  0.004 0.002 0.002 0.003 0.005 0.002 0.003 0.001 0.005 0.003 0.966 0.003 
435      412    (0)    6 :  0.013 0.004 0.010 0.007 0.004 0.006 0.011 0.026 0.007 0.006 0.900 0.006 
436      413    (0)    6 :  0.004 0.002 0.002 0.004 0.003 0.004 0.002 0.001 0.012 0.005 0.958 0.002 
437      591    (0)    7 :  0.008 0.006 0.932 0.005 0.008 0.006 0.005 0.014 0.002 0.005 0.004 0.004 
438      592    (0)    7 :  0.091 0.003 0.833 0.009 0.006 0.019 0.007 0.003 0.004 0.008 0.011 0.006 
439      593    (0)    7 :  0.006 0.005 0.942 0.006 0.004 0.006 0.005 0.002 0.005 0.007 0.009 0.002 
440      594    (0)    7 :  0.028 0.004 0.833 0.020 0.008 0.027 0.004 0.003 0.009 0.017 0.039 0.009 
441      595    (0)    7 :  0.005 0.004 0.904 0.018 0.003 0.006 0.006 0.004 0.014 0.015 0.010 0.011 
442      596    (0)    7 :  0.005 0.007 0.927 0.006 0.002 0.007 0.006 0.002 0.006 0.007 0.006 0.020 
443      597    (0)    7 :  0.013 0.002 0.882 0.012 0.003 0.010 0.004 0.001 0.024 0.008 0.034 0.006 
444      598    (0)    7 :  0.014 0.002 0.692 0.057 0.003 0.102 0.027 0.002 0.032 0.035 0.006 0.029 
445      599    (0)    7 :  0.135 0.005 0.821 0.006 0.002 0.004 0.005 0.003 0.003 0.007 0.006 0.003 
446      600    (0)    7 :  0.003 0.004 0.946 0.006 0.001 0.005 0.004 0.002 0.007 0.006 0.004 0.011 
447      601    (0)    7 :  0.027 0.002 0.861 0.017 0.002 0.010 0.008 0.002 0.025 0.018 0.024 0.002 
448      602    (0)    7 :  0.009 0.004 0.916 0.013 0.005 0.005 0.009 0.003 0.013 0.011 0.007 0.005 
449      603    (0)    7 :  0.654 0.009 0.148 0.066 0.013 0.009 0.026 0.003 0.005 0.051 0.007 0.009 
450      604    (0)    7 :  0.004 0.002 0.919 0.012 0.003 0.012 0.008 0.003 0.007 0.012 0.010 0.008 
451      605    (0)    7 :  0.008 0.004 0.804 0.025 0.003 0.077 0.005 0.018 0.006 0.017 0.009 0.024 
452      606    (0)    7 :  0.009 0.018 0.921 0.008 0.004 0.012 0.003 0.003 0.003 0.007 0.004 0.007 
453      607    (0)    7 :  0.002 0.003 0.779 0.006 0.002 0.008 0.161 0.003 0.012 0.005 0.009 0.009 
454      608    (0)    7 :  0.008 0.002 0.937 0.005 0.005 0.006 0.017 0.001 0.004 0.006 0.005 0.003 
455      609    (0)    7 :  0.004 0.004 0.944 0.008 0.003 0.008 0.008 0.002 0.004 0.008 0.004 0.003 
456      610    (0)    7 :  0.026 0.003 0.551 0.168 0.010 0.030 0.064 0.004 0.007 0.104 0.022 0.010 
457      611    (2)    7 :  0.004 0.003 0.905 0.009 0.012 0.007 0.022 0.002 0.009 0.009 0.012 0.007 
458      612    (0)    7 :  0.008 0.002 0.654 0.018 0.003 0.007 0.183 0.004 0.051 0.025 0.010 0.035 
459      755    (0)    7 :  0.011 0.002 0.491 0.046 0.029 0.019 0.278 0.025 0.009 0.024 0.018 0.047 
460      756    (0)    7 :  0.008 0.003 0.929 0.005 0.007 0.008 0.013 0.002 0.003 0.005 0.013 0.003 
461      757    (0)    7 :  0.009 0.002 0.929 0.009 0.004 0.011 0.007 0.003 0.005 0.008 0.008 0.005 
462      002    (0)    8 :  0.004 0.003 0.006 0.007 0.018 0.010 0.013 0.004 0.338 0.007 0.590 0.002 
463      099    (2)    8 :  0.053 0.004 0.010 0.041 0.010 0.016 0.013 0.747 0.005 0.042 0.005 0.053 
464      641    (2)    8 :  0.011 0.018 0.088 0.100 0.013 0.063 0.060 0.021 0.279 0.123 0.221 0.004 
465      642    (0)    8 :  0.013 0.003 0.019 0.007 0.009 0.012 0.006 0.003 0.004 0.007 0.914 0.003 
466      643    (2)    8 :  0.019 0.003 0.026 0.013 0.015 0.053 0.006 0.004 0.007 0.012 0.840 0.003 
467      644    (0)    8 :  0.016 0.003 0.006 0.008 0.006 0.016 0.011 0.003 0.018 0.007 0.897 0.008 
468      645    (0)    8 :  0.018 0.042 0.038 0.028 0.019 0.234 0.133 0.002 0.012 0.024 0.447 0.003 
469      646    (0)    8 :  0.009 0.009 0.011 0.058 0.011 0.088 0.329 0.005 0.371 0.037 0.062 0.008 
470      006    (0)    9 :  0.007 0.003 0.006 0.022 0.630 0.010 0.014 0.005 0.007 0.021 0.273 0.003 
471      011    (0)    9 :  0.003 0.002 0.003 0.003 0.009 0.003 0.002 0.001 0.003 0.003 0.965 0.003 
472      033    (2)    9 :  0.007 0.002 0.018 0.006 0.627 0.005 0.006 0.001 0.017 0.005 0.303 0.002 
473      048    (0)    9 :  0.256 0.008 0.016 0.018 0.046 0.008 0.009 0.002 0.010 0.017 0.604 0.005 
474      061    (0)    9 :  0.002 0.003 0.001 0.002 0.980 0.002 0.002 0.001 0.002 0.002 0.002 0.001 
475      088    (0)    9 :  0.017 0.005 0.014 0.013 0.021 0.012 0.005 0.003 0.013 0.011 0.878 0.008 
476      091    (0)    9 :  0.003 0.002 0.005 0.004 0.956 0.003 0.006 0.001 0.003 0.004 0.009 0.005 
477      098    (0)    9 :  0.017 0.011 0.017 0.005 0.007 0.004 0.008 0.001 0.013 0.005 0.910 0.003 
478      104    (0)    9 :  0.004 0.002 0.002 0.003 0.003 0.003 0.002 0.001 0.031 0.003 0.944 0.002 
479      196    (0)    9 :  0.011 0.005 0.009 0.005 0.580 0.006 0.003 0.001 0.016 0.005 0.355 0.005 
480      197    (0)    9 :  0.014 0.008 0.012 0.031 0.273 0.011 0.005 0.003 0.021 0.025 0.585 0.013 
481      201    (0)    9 :  0.005 0.001 0.005 0.005 0.590 0.009 0.002 0.001 0.013 0.005 0.360 0.001 
482      202    (0)    9 :  0.022 0.020 0.005 0.014 0.031 0.011 0.003 0.009 0.015 0.016 0.841 0.013 
483      204    (0)    9 :  0.006 0.002 0.003 0.003 0.374 0.005 0.007 0.001 0.023 0.003 0.571 0.002 
484      231    (0)    9 :  0.013 0.001 0.009 0.004 0.008 0.005 0.010 0.001 0.052 0.004 0.889 0.004 
485      328    (0)    9 :  0.005 0.004 0.005 0.004 0.243 0.005 0.003 0.001 0.003 0.003 0.721 0.002 
486      346    (0)    9 :  0.004 0.003 0.008 0.004 0.307 0.004 0.003 0.002 0.007 0.004 0.647 0.007 


Estimated Allele Frequencies in each cluster
First column gives estimated ancestral frequencies


Locus 1 : 1 
4 alleles
0.0% missing data
  89   (0.530) 0.561 0.066 0.558 0.546 0.699 0.514 0.628 0.298 0.291 0.552 0.621 0.639 
  91   (0.384) 0.375 0.706 0.424 0.372 0.291 0.433 0.353 0.664 0.586 0.378 0.317 0.312 
  93   (0.068) 0.043 0.099 0.015 0.066 0.008 0.048 0.015 0.038 0.122 0.060 0.062 0.048 
  99   (0.017) 0.021 0.129 0.003 0.017 0.002 0.005 0.004 0.001 0.002 0.011 0.000 0.001 

Locus 2 : 2 
6 alleles
1.0% missing data
 136   (0.353) 0.067 0.189 0.413 0.353 0.107 0.510 0.169 0.449 0.718 0.368 0.545 0.455 
 134   (0.235) 0.252 0.027 0.383 0.225 0.210 0.202 0.516 0.198 0.164 0.200 0.146 0.379 
 138   (0.299) 0.522 0.771 0.168 0.306 0.241 0.215 0.245 0.222 0.105 0.313 0.259 0.158 
 140   (0.067) 0.042 0.008 0.019 0.068 0.437 0.044 0.027 0.120 0.008 0.068 0.048 0.004 
 132   (0.020) 0.003 0.002 0.004 0.029 0.002 0.007 0.004 0.001 0.002 0.036 0.000 0.001 
 142   (0.025) 0.114 0.003 0.013 0.020 0.003 0.023 0.039 0.010 0.002 0.015 0.001 0.002 

Locus 3 : 3 
6 alleles
0.0% missing data
 181   (0.251) 0.356 0.180 0.402 0.252 0.072 0.182 0.233 0.075 0.096 0.253 0.232 0.071 
 187   (0.350) 0.185 0.774 0.175 0.352 0.680 0.339 0.292 0.345 0.541 0.367 0.513 0.261 
 179   (0.243) 0.224 0.029 0.387 0.244 0.232 0.302 0.320 0.055 0.346 0.241 0.230 0.015 
 191   (0.033) 0.006 0.004 0.007 0.035 0.005 0.013 0.009 0.010 0.004 0.029 0.022 0.197 
 185   (0.076) 0.094 0.008 0.022 0.076 0.008 0.061 0.110 0.282 0.009 0.073 0.002 0.453 
 175   (0.046) 0.135 0.005 0.009 0.042 0.004 0.103 0.035 0.233 0.004 0.036 0.001 0.003 

Locus 4 : 4 
12 alleles
0.2% missing data
 253   (0.490) 0.527 0.593 0.594 0.505 0.630 0.511 0.498 0.175 0.435 0.530 0.751 0.465 
 249   (0.029) 0.003 0.004 0.005 0.027 0.308 0.010 0.005 0.065 0.016 0.025 0.057 0.002 
 271   (0.044) 0.008 0.005 0.012 0.044 0.006 0.035 0.024 0.109 0.052 0.037 0.028 0.003 
 241   (0.154) 0.131 0.185 0.152 0.147 0.023 0.178 0.201 0.522 0.366 0.133 0.024 0.149 
 257   (0.006) 0.001 0.001 0.001 0.005 0.001 0.005 0.001 0.000 0.003 0.003 0.000 0.000 
 269   (0.169) 0.267 0.202 0.186 0.166 0.020 0.163 0.236 0.033 0.101 0.165 0.137 0.103 
 247   (0.066) 0.055 0.007 0.038 0.073 0.009 0.058 0.024 0.028 0.007 0.083 0.002 0.276 
 245   (0.009) 0.001 0.001 0.001 0.007 0.001 0.002 0.002 0.065 0.001 0.006 0.000 0.001 
 239   (0.012) 0.001 0.001 0.005 0.010 0.001 0.017 0.003 0.001 0.001 0.007 0.000 0.001 
 273   (0.008) 0.001 0.001 0.001 0.006 0.001 0.018 0.002 0.001 0.001 0.004 0.000 0.000 
 267   (0.006) 0.001 0.001 0.001 0.005 0.001 0.002 0.002 0.000 0.015 0.003 0.000 0.000 
 255   (0.007) 0.005 0.001 0.003 0.005 0.001 0.002 0.002 0.000 0.001 0.003 0.000 0.000 

Locus 5 : 5 
6 alleles
0.6% missing data
 103   (0.838) 0.950 0.980 0.918 0.830 0.982 0.847 0.944 0.736 0.954 0.815 0.990 0.977 
 104   (0.072) 0.030 0.009 0.030 0.078 0.008 0.064 0.030 0.074 0.038 0.085 0.008 0.005 
 101   (0.010) 0.001 0.001 0.003 0.008 0.001 0.004 0.007 0.001 0.001 0.005 0.000 0.013 
 105   (0.049) 0.015 0.005 0.039 0.052 0.006 0.063 0.013 0.163 0.005 0.062 0.001 0.003 
 102   (0.016) 0.002 0.003 0.007 0.017 0.001 0.011 0.003 0.001 0.001 0.020 0.000 0.001 
 107   (0.016) 0.002 0.002 0.003 0.015 0.001 0.011 0.003 0.025 0.001 0.012 0.000 0.001 

Locus 6 : 6 
5 alleles
0.2% missing data
 141   (0.272) 0.226 0.031 0.299 0.266 0.833 0.216 0.674 0.115 0.305 0.240 0.579 0.135 
 145   (0.399) 0.573 0.410 0.447 0.421 0.072 0.512 0.143 0.024 0.129 0.471 0.190 0.264 
 135   (0.234) 0.188 0.547 0.144 0.227 0.078 0.199 0.136 0.632 0.364 0.214 0.191 0.287 
 147   (0.083) 0.011 0.010 0.107 0.077 0.015 0.061 0.045 0.127 0.200 0.069 0.040 0.313 
 137   (0.012) 0.002 0.001 0.002 0.009 0.001 0.012 0.002 0.102 0.002 0.006 0.000 0.001 

Locus 7 : 7 
10 alleles
1.2% missing data
  93   (0.220) 0.289 0.792 0.205 0.203 0.612 0.262 0.306 0.115 0.392 0.179 0.332 0.067 
 103   (0.303) 0.354 0.041 0.519 0.314 0.083 0.317 0.202 0.018 0.276 0.338 0.400 0.512 
  91   (0.069) 0.036 0.010 0.055 0.067 0.007 0.052 0.042 0.062 0.008 0.066 0.034 0.154 
  97   (0.200) 0.144 0.130 0.158 0.209 0.029 0.119 0.165 0.263 0.179 0.216 0.165 0.253 
  85   (0.046) 0.039 0.006 0.018 0.047 0.005 0.043 0.011 0.003 0.010 0.050 0.045 0.003 
  89   (0.079) 0.092 0.011 0.030 0.070 0.255 0.077 0.254 0.297 0.128 0.060 0.023 0.005 
  83   (0.050) 0.042 0.006 0.009 0.058 0.005 0.120 0.012 0.003 0.005 0.064 0.001 0.003 
 105   (0.014) 0.002 0.002 0.002 0.015 0.001 0.004 0.003 0.090 0.001 0.014 0.000 0.001 
 101   (0.010) 0.001 0.001 0.002 0.008 0.001 0.003 0.002 0.123 0.001 0.008 0.000 0.001 
  99   (0.010) 0.001 0.001 0.002 0.009 0.001 0.003 0.002 0.025 0.001 0.007 0.000 0.001 

Locus 8 : 8 
8 alleles
0.0% missing data
 129   (0.555) 0.705 0.204 0.420 0.565 0.659 0.615 0.567 0.307 0.478 0.595 0.702 0.639 
 141   (0.054) 0.020 0.006 0.092 0.050 0.009 0.025 0.012 0.003 0.145 0.046 0.096 0.212 
 149   (0.077) 0.067 0.008 0.020 0.074 0.011 0.062 0.209 0.299 0.026 0.065 0.142 0.013 
 143   (0.259) 0.196 0.694 0.459 0.259 0.316 0.261 0.181 0.296 0.345 0.245 0.059 0.132 
 127   (0.019) 0.002 0.044 0.003 0.018 0.001 0.006 0.004 0.092 0.002 0.020 0.000 0.001 
 131   (0.012) 0.007 0.041 0.002 0.010 0.001 0.004 0.003 0.001 0.001 0.009 0.000 0.002 
 133   (0.018) 0.003 0.002 0.003 0.018 0.002 0.024 0.025 0.001 0.002 0.017 0.000 0.001 
 145   (0.007) 0.001 0.001 0.001 0.006 0.000 0.005 0.001 0.000 0.001 0.004 0.000 0.000 

Locus 9 : 9 
5 alleles
0.0% missing data
 191   (0.396) 0.314 0.339 0.461 0.394 0.848 0.334 0.379 0.341 0.591 0.397 0.557 0.542 
 195   (0.141) 0.300 0.353 0.238 0.131 0.032 0.129 0.045 0.328 0.041 0.107 0.186 0.052 
 189   (0.449) 0.384 0.307 0.299 0.466 0.119 0.525 0.573 0.331 0.367 0.489 0.254 0.405 
 197   (0.007) 0.001 0.001 0.001 0.005 0.001 0.010 0.001 0.000 0.001 0.003 0.000 0.000 
 193   (0.007) 0.001 0.001 0.001 0.005 0.001 0.002 0.002 0.000 0.001 0.003 0.003 0.000 

Locus 10 : 10 
7 alleles
0.4% missing data
 232   (0.253) 0.164 0.219 0.151 0.258 0.575 0.274 0.077 0.128 0.362 0.290 0.287 0.278 
 238   (0.552) 0.758 0.368 0.670 0.556 0.135 0.531 0.843 0.745 0.453 0.551 0.590 0.346 
 252   (0.107) 0.068 0.016 0.129 0.100 0.272 0.141 0.064 0.015 0.176 0.079 0.107 0.034 
 254   (0.049) 0.005 0.391 0.043 0.046 0.015 0.034 0.010 0.081 0.005 0.041 0.015 0.258 
 248   (0.019) 0.002 0.002 0.003 0.020 0.002 0.011 0.003 0.001 0.002 0.019 0.000 0.082 
 250   (0.014) 0.002 0.002 0.002 0.014 0.001 0.005 0.002 0.029 0.001 0.016 0.000 0.001 
 236   (0.006) 0.001 0.001 0.002 0.006 0.001 0.004 0.001 0.000 0.001 0.004 0.000 0.001 

Locus 11 : 11 
4 alleles
0.0% missing data
  87   (0.692) 0.845 0.964 0.639 0.703 0.352 0.677 0.879 0.500 0.572 0.707 0.645 0.537 
  89   (0.238) 0.128 0.028 0.347 0.237 0.624 0.233 0.084 0.153 0.360 0.246 0.299 0.382 
  91   (0.053) 0.025 0.006 0.011 0.045 0.022 0.075 0.014 0.180 0.067 0.036 0.055 0.080 
  85   (0.017) 0.002 0.002 0.003 0.015 0.002 0.016 0.024 0.167 0.002 0.011 0.000 0.001 

Locus 12 : 12 
13 alleles
0.4% missing data
 160   (0.217) 0.254 0.596 0.067 0.214 0.036 0.199 0.279 0.421 0.198 0.230 0.114 0.716 
 162   (0.243) 0.262 0.066 0.467 0.244 0.769 0.265 0.374 0.015 0.098 0.233 0.212 0.231 
 147   (0.049) 0.036 0.005 0.087 0.045 0.083 0.019 0.013 0.003 0.345 0.043 0.118 0.003 
 158   (0.230) 0.192 0.028 0.187 0.238 0.079 0.256 0.120 0.098 0.318 0.257 0.520 0.023 
 161   (0.104) 0.123 0.116 0.155 0.097 0.015 0.131 0.034 0.272 0.025 0.080 0.025 0.016 
 170   (0.052) 0.039 0.006 0.010 0.056 0.007 0.063 0.018 0.029 0.006 0.060 0.009 0.003 
 143   (0.033) 0.004 0.174 0.006 0.035 0.003 0.034 0.009 0.158 0.003 0.032 0.001 0.002 
 154   (0.016) 0.002 0.002 0.007 0.020 0.002 0.007 0.008 0.001 0.002 0.026 0.000 0.001 
 149   (0.021) 0.062 0.002 0.005 0.019 0.002 0.006 0.136 0.001 0.002 0.015 0.000 0.001 
 153   (0.012) 0.001 0.001 0.004 0.013 0.001 0.010 0.002 0.001 0.001 0.011 0.000 0.001 
 150   (0.007) 0.008 0.001 0.001 0.005 0.001 0.002 0.001 0.000 0.001 0.003 0.000 0.000 
 159   (0.010) 0.016 0.001 0.002 0.007 0.001 0.007 0.004 0.001 0.001 0.005 0.000 0.001 
 164   (0.006) 0.001 0.001 0.001 0.006 0.000 0.002 0.001 0.000 0.001 0.005 0.000 0.000 

Locus 13 : 13 
5 alleles
0.0% missing data
 108   (0.203) 0.109 0.336 0.159 0.200 0.398 0.256 0.055 0.294 0.154 0.207 0.163 0.199 
 115   (0.443) 0.531 0.092 0.502 0.444 0.532 0.484 0.557 0.380 0.299 0.430 0.579 0.288 
 113   (0.341) 0.358 0.571 0.337 0.343 0.068 0.255 0.386 0.325 0.546 0.354 0.258 0.512 
 109   (0.007) 0.001 0.001 0.001 0.006 0.001 0.002 0.001 0.000 0.001 0.005 0.000 0.000 
 110   (0.007) 0.001 0.001 0.001 0.006 0.001 0.003 0.001 0.000 0.001 0.004 0.000 0.000 

Locus 14 : 14 
5 alleles
1.2% missing data
 227   (0.133) 0.340 0.253 0.041 0.134 0.061 0.097 0.070 0.008 0.328 0.138 0.257 0.018 
 231   (0.161) 0.024 0.271 0.436 0.164 0.027 0.133 0.049 0.351 0.102 0.169 0.095 0.349 
 229   (0.501) 0.495 0.096 0.297 0.502 0.860 0.640 0.773 0.472 0.453 0.509 0.462 0.418 
 225   (0.139) 0.095 0.228 0.158 0.138 0.020 0.103 0.090 0.061 0.025 0.135 0.089 0.210 
 233   (0.066) 0.046 0.152 0.068 0.061 0.032 0.027 0.018 0.108 0.091 0.049 0.097 0.005 

Locus 15 : 15 
5 alleles
0.4% missing data
 143   (0.842) 0.861 0.722 0.863 0.846 0.982 0.883 0.931 0.623 0.975 0.837 0.968 0.817 
 157   (0.007) 0.001 0.001 0.002 0.005 0.001 0.002 0.001 0.000 0.001 0.003 0.017 0.000 
 145   (0.088) 0.067 0.269 0.124 0.087 0.010 0.060 0.054 0.182 0.018 0.089 0.013 0.006 
 147   (0.047) 0.070 0.006 0.009 0.048 0.005 0.027 0.010 0.194 0.005 0.059 0.001 0.144 
 133   (0.016) 0.002 0.002 0.003 0.013 0.002 0.029 0.003 0.001 0.001 0.012 0.000 0.032 

Locus 16 : 16 
5 alleles
0.2% missing data
 156   (0.230) 0.215 0.513 0.312 0.215 0.204 0.360 0.083 0.163 0.085 0.195 0.299 0.498 
 158   (0.535) 0.652 0.255 0.495 0.553 0.333 0.492 0.541 0.319 0.740 0.562 0.502 0.203 
 160   (0.138) 0.104 0.016 0.134 0.132 0.452 0.091 0.342 0.118 0.164 0.135 0.153 0.113 
 154   (0.088) 0.018 0.215 0.058 0.092 0.011 0.051 0.027 0.400 0.010 0.105 0.046 0.186 
 152   (0.009) 0.010 0.001 0.001 0.006 0.001 0.006 0.006 0.000 0.001 0.004 0.000 0.001 

Locus 17 : 17 
5 alleles
0.0% missing data
 102   (0.205) 0.191 0.025 0.183 0.207 0.101 0.144 0.401 0.041 0.169 0.193 0.248 0.200 
  90   (0.670) 0.783 0.581 0.791 0.660 0.608 0.773 0.401 0.328 0.804 0.652 0.720 0.792 
  88   (0.073) 0.010 0.008 0.015 0.080 0.287 0.038 0.185 0.462 0.023 0.082 0.031 0.005 
 100   (0.045) 0.009 0.386 0.010 0.049 0.004 0.043 0.011 0.169 0.004 0.070 0.001 0.003 
 104   (0.007) 0.007 0.001 0.001 0.005 0.001 0.002 0.002 0.000 0.001 0.003 0.000 0.000 

Locus 18 : 18 
7 alleles
0.0% missing data
 142   (0.124) 0.077 0.015 0.026 0.129 0.787 0.150 0.090 0.019 0.383 0.122 0.409 0.008 
 146   (0.083) 0.076 0.009 0.080 0.076 0.037 0.099 0.138 0.005 0.025 0.058 0.187 0.224 
 140   (0.289) 0.270 0.275 0.492 0.291 0.047 0.233 0.330 0.299 0.424 0.326 0.094 0.180 
 127   (0.298) 0.312 0.547 0.237 0.306 0.078 0.384 0.200 0.385 0.092 0.322 0.234 0.062 
 148   (0.098) 0.063 0.011 0.115 0.098 0.035 0.041 0.177 0.067 0.049 0.087 0.055 0.215 
 150   (0.052) 0.160 0.005 0.013 0.048 0.006 0.049 0.045 0.222 0.005 0.039 0.001 0.307 
 138   (0.054) 0.041 0.138 0.038 0.052 0.010 0.045 0.020 0.003 0.023 0.045 0.019 0.004 

Locus 19 : 19 
8 alleles
0.2% missing data
 188   (0.179) 0.167 0.019 0.071 0.192 0.554 0.186 0.052 0.011 0.187 0.211 0.099 0.169 
 190   (0.122) 0.186 0.013 0.236 0.105 0.014 0.093 0.245 0.042 0.312 0.085 0.408 0.200 
 194   (0.577) 0.548 0.956 0.606 0.586 0.422 0.614 0.319 0.555 0.490 0.589 0.490 0.482 
 202   (0.018) 0.002 0.002 0.004 0.015 0.002 0.008 0.003 0.042 0.002 0.011 0.000 0.142 
 200   (0.085) 0.095 0.009 0.074 0.087 0.007 0.086 0.377 0.311 0.008 0.093 0.002 0.005 
 192   (0.007) 0.001 0.001 0.006 0.005 0.000 0.003 0.001 0.000 0.001 0.005 0.000 0.000 
 196   (0.007) 0.001 0.001 0.001 0.005 0.001 0.008 0.001 0.001 0.001 0.003 0.000 0.000 
 198   (0.007) 0.001 0.001 0.001 0.005 0.000 0.002 0.001 0.037 0.001 0.003 0.000 0.000 

Locus 20 : 20 
6 alleles
0.8% missing data
 252   (0.690) 0.764 0.387 0.734 0.710 0.811 0.809 0.711 0.079 0.701 0.730 0.845 0.728 
 250   (0.088) 0.067 0.347 0.072 0.080 0.010 0.033 0.097 0.425 0.051 0.073 0.099 0.141 
 244   (0.023) 0.006 0.005 0.009 0.019 0.154 0.010 0.007 0.047 0.002 0.013 0.008 0.002 
 254   (0.077) 0.108 0.100 0.056 0.069 0.010 0.071 0.021 0.241 0.010 0.055 0.033 0.081 
 246   (0.098) 0.051 0.158 0.123 0.094 0.011 0.062 0.159 0.206 0.232 0.089 0.005 0.048 
 248   (0.025) 0.004 0.003 0.004 0.028 0.004 0.014 0.005 0.001 0.003 0.040 0.010 0.001 

Locus 21 : 21 
7 alleles
0.2% missing data
 173   (0.289) 0.558 0.123 0.319 0.280 0.149 0.358 0.135 0.211 0.148 0.241 0.373 0.214 
 177   (0.262) 0.240 0.276 0.087 0.270 0.193 0.210 0.488 0.044 0.640 0.307 0.279 0.170 
 175   (0.141) 0.072 0.476 0.318 0.137 0.017 0.127 0.041 0.496 0.023 0.124 0.028 0.254 
 167   (0.198) 0.111 0.112 0.144 0.193 0.630 0.250 0.100 0.071 0.173 0.192 0.313 0.123 
 163   (0.041) 0.010 0.004 0.017 0.040 0.004 0.027 0.010 0.107 0.004 0.037 0.002 0.224 
 165   (0.050) 0.006 0.006 0.110 0.049 0.006 0.022 0.221 0.071 0.009 0.056 0.004 0.013 
 159   (0.020) 0.003 0.002 0.004 0.030 0.002 0.006 0.004 0.001 0.002 0.042 0.000 0.001 

Locus 22 : 22 
11 alleles
0.6% missing data
 146   (0.230) 0.302 0.073 0.172 0.237 0.838 0.237 0.273 0.014 0.212 0.219 0.231 0.140 
 154   (0.007) 0.001 0.001 0.001 0.005 0.001 0.002 0.001 0.000 0.002 0.003 0.066 0.000 
 166   (0.092) 0.033 0.114 0.081 0.103 0.010 0.049 0.033 0.006 0.265 0.123 0.032 0.006 
 152   (0.412) 0.593 0.506 0.495 0.400 0.120 0.518 0.586 0.106 0.446 0.406 0.634 0.371 
 150   (0.033) 0.008 0.107 0.006 0.032 0.005 0.014 0.011 0.102 0.011 0.033 0.007 0.002 
 164   (0.036) 0.005 0.005 0.052 0.031 0.004 0.027 0.008 0.067 0.044 0.027 0.011 0.002 
 156   (0.019) 0.012 0.002 0.005 0.016 0.002 0.005 0.004 0.112 0.002 0.011 0.000 0.297 
 162   (0.054) 0.015 0.007 0.058 0.058 0.005 0.042 0.022 0.137 0.006 0.059 0.001 0.071 
 158   (0.091) 0.019 0.011 0.125 0.095 0.013 0.096 0.057 0.426 0.011 0.103 0.016 0.108 
 148   (0.009) 0.001 0.173 0.001 0.007 0.001 0.004 0.002 0.001 0.001 0.005 0.000 0.001 
 142   (0.016) 0.012 0.002 0.003 0.016 0.002 0.005 0.003 0.029 0.001 0.013 0.000 0.001 

Locus 23 : 23 
7 alleles
0.8% missing data
 152   (0.013) 0.002 0.001 0.002 0.010 0.001 0.004 0.002 0.001 0.089 0.007 0.060 0.001 
 156   (0.125) 0.042 0.015 0.121 0.124 0.014 0.218 0.034 0.427 0.094 0.128 0.036 0.033 
 144   (0.174) 0.272 0.599 0.189 0.163 0.025 0.126 0.057 0.244 0.153 0.160 0.184 0.633 
 160   (0.103) 0.096 0.012 0.139 0.095 0.012 0.056 0.298 0.013 0.297 0.098 0.179 0.105 
 154   (0.548) 0.583 0.367 0.534 0.570 0.918 0.579 0.591 0.178 0.362 0.565 0.538 0.227 
 158   (0.029) 0.004 0.004 0.013 0.030 0.029 0.011 0.016 0.137 0.003 0.035 0.003 0.002 
 146   (0.009) 0.001 0.002 0.002 0.008 0.001 0.007 0.001 0.000 0.001 0.007 0.000 0.000 

Locus 24 : 24 
4 alleles
0.4% missing data
  77   (0.079) 0.070 0.009 0.078 0.070 0.025 0.111 0.103 0.005 0.019 0.059 0.317 0.051 
  83   (0.475) 0.421 0.688 0.586 0.468 0.234 0.382 0.623 0.585 0.584 0.467 0.483 0.919 
  81   (0.363) 0.408 0.293 0.281 0.382 0.730 0.372 0.251 0.380 0.361 0.393 0.176 0.025 
  85   (0.083) 0.101 0.009 0.055 0.080 0.011 0.134 0.023 0.030 0.035 0.081 0.023 0.006 

Locus 25 : 25 
6 alleles
0.4% missing data
 132   (0.311) 0.341 0.181 0.446 0.319 0.908 0.246 0.211 0.022 0.122 0.330 0.522 0.455 
 124   (0.533) 0.522 0.415 0.425 0.530 0.069 0.673 0.698 0.469 0.840 0.525 0.402 0.535 
 126   (0.025) 0.003 0.003 0.005 0.024 0.003 0.010 0.005 0.012 0.023 0.018 0.057 0.002 
 122   (0.096) 0.131 0.110 0.103 0.094 0.017 0.055 0.078 0.472 0.012 0.100 0.018 0.006 
 120   (0.019) 0.002 0.290 0.005 0.018 0.002 0.011 0.004 0.023 0.002 0.014 0.000 0.001 
 136   (0.015) 0.002 0.002 0.016 0.015 0.001 0.005 0.005 0.002 0.002 0.013 0.001 0.001 

Locus 26 : 26 
7 alleles
0.2% missing data
 165   (0.243) 0.278 0.322 0.334 0.241 0.682 0.221 0.196 0.118 0.159 0.238 0.121 0.056 
 183   (0.353) 0.303 0.297 0.450 0.348 0.201 0.318 0.487 0.215 0.451 0.369 0.575 0.425 
 179   (0.091) 0.064 0.341 0.021 0.090 0.018 0.097 0.068 0.278 0.096 0.075 0.057 0.006 
 175   (0.244) 0.347 0.032 0.165 0.254 0.093 0.227 0.235 0.016 0.288 0.246 0.245 0.449 
 181   (0.053) 0.006 0.007 0.027 0.053 0.005 0.131 0.010 0.260 0.005 0.062 0.001 0.064 
 185   (0.010) 0.001 0.001 0.002 0.008 0.001 0.004 0.002 0.113 0.001 0.006 0.000 0.001 
 157   (0.007) 0.001 0.001 0.001 0.006 0.001 0.002 0.001 0.000 0.001 0.005 0.000 0.000 

Locus 27 : 27 
4 alleles
0.2% missing data
 142   (0.642) 0.785 0.313 0.672 0.652 0.337 0.591 0.680 0.524 0.599 0.670 0.706 0.743 
 148   (0.207) 0.097 0.669 0.256 0.208 0.370 0.227 0.057 0.264 0.189 0.205 0.079 0.066 
 138   (0.046) 0.016 0.006 0.019 0.039 0.283 0.020 0.026 0.049 0.200 0.031 0.202 0.003 
 150   (0.106) 0.102 0.012 0.052 0.102 0.010 0.162 0.238 0.163 0.012 0.094 0.013 0.188 

Locus 28 : 28 
6 alleles
0.8% missing data
 260   (0.386) 0.526 0.137 0.307 0.401 0.288 0.258 0.459 0.221 0.517 0.428 0.347 0.379 
 262   (0.506) 0.377 0.848 0.646 0.490 0.699 0.654 0.488 0.691 0.471 0.458 0.645 0.547 
 256   (0.076) 0.063 0.011 0.041 0.079 0.011 0.064 0.047 0.086 0.008 0.085 0.007 0.072 
 258   (0.011) 0.001 0.001 0.002 0.013 0.001 0.003 0.002 0.001 0.001 0.015 0.000 0.001 
 266   (0.007) 0.007 0.001 0.001 0.005 0.001 0.002 0.001 0.000 0.001 0.003 0.000 0.000 
 264   (0.015) 0.026 0.001 0.003 0.013 0.001 0.019 0.003 0.001 0.001 0.011 0.000 0.001 

Locus 29 : 29 
7 alleles
0.2% missing data
 146   (0.282) 0.247 0.035 0.349 0.285 0.087 0.259 0.327 0.323 0.319 0.315 0.176 0.334 
 150   (0.434) 0.530 0.145 0.408 0.439 0.161 0.567 0.316 0.242 0.415 0.423 0.696 0.292 
 140   (0.174) 0.159 0.807 0.169 0.175 0.687 0.129 0.173 0.384 0.031 0.172 0.083 0.057 
 148   (0.064) 0.025 0.007 0.049 0.057 0.057 0.025 0.117 0.036 0.222 0.050 0.038 0.312 
 152   (0.029) 0.037 0.003 0.005 0.030 0.005 0.014 0.042 0.013 0.003 0.032 0.001 0.002 
 151   (0.009) 0.001 0.001 0.002 0.007 0.002 0.003 0.014 0.001 0.008 0.004 0.006 0.001 
 142   (0.008) 0.001 0.001 0.017 0.006 0.001 0.003 0.010 0.001 0.001 0.004 0.001 0.001 

Locus 30 : 30 
6 alleles
0.2% missing data
 125   (0.287) 0.079 0.140 0.304 0.301 0.624 0.328 0.100 0.143 0.297 0.338 0.468 0.031 
 129   (0.422) 0.599 0.213 0.430 0.413 0.313 0.400 0.534 0.084 0.640 0.393 0.477 0.784 
 123   (0.150) 0.259 0.018 0.116 0.145 0.046 0.180 0.085 0.112 0.050 0.136 0.052 0.102 
 127   (0.090) 0.031 0.582 0.138 0.088 0.011 0.057 0.247 0.520 0.008 0.085 0.002 0.080 
 121   (0.013) 0.001 0.042 0.003 0.012 0.001 0.006 0.003 0.001 0.001 0.008 0.000 0.001 
 131   (0.039) 0.031 0.005 0.009 0.041 0.004 0.028 0.031 0.140 0.004 0.040 0.001 0.003 

Locus 31 : 31 
6 alleles
0.2% missing data
 159   (0.168) 0.281 0.019 0.284 0.157 0.057 0.253 0.169 0.199 0.113 0.143 0.141 0.011 
 155   (0.550) 0.444 0.519 0.428 0.570 0.592 0.472 0.389 0.424 0.847 0.603 0.682 0.710 
 157   (0.179) 0.183 0.117 0.253 0.175 0.302 0.221 0.397 0.064 0.029 0.159 0.096 0.021 
 153   (0.064) 0.087 0.102 0.014 0.063 0.043 0.028 0.036 0.303 0.006 0.068 0.077 0.004 
 151   (0.032) 0.004 0.242 0.020 0.030 0.005 0.024 0.008 0.010 0.003 0.023 0.003 0.252 
 163   (0.007) 0.001 0.001 0.001 0.006 0.002 0.002 0.001 0.000 0.001 0.004 0.001 0.001 

Locus 32 : 32 
5 alleles
0.0% missing data
 146   (0.324) 0.356 0.580 0.275 0.335 0.065 0.351 0.212 0.647 0.053 0.360 0.074 0.313 
 150   (0.565) 0.582 0.407 0.507 0.560 0.922 0.603 0.532 0.255 0.863 0.548 0.851 0.638 
 148   (0.062) 0.014 0.007 0.108 0.058 0.006 0.019 0.236 0.033 0.077 0.050 0.075 0.047 
 154   (0.037) 0.009 0.004 0.108 0.038 0.006 0.023 0.013 0.064 0.005 0.036 0.001 0.002 
 152   (0.011) 0.039 0.001 0.002 0.009 0.001 0.005 0.007 0.001 0.001 0.006 0.000 0.001 

Locus 33 : 33 
7 alleles
0.0% missing data
 180   (0.462) 0.352 0.697 0.513 0.472 0.434 0.415 0.480 0.359 0.362 0.481 0.605 0.667 
 196   (0.106) 0.167 0.012 0.052 0.105 0.103 0.098 0.028 0.027 0.207 0.109 0.187 0.007 
 184   (0.196) 0.309 0.265 0.272 0.186 0.433 0.189 0.079 0.185 0.126 0.187 0.149 0.073 
 194   (0.010) 0.001 0.001 0.002 0.007 0.001 0.003 0.002 0.001 0.027 0.005 0.039 0.001 
 192   (0.137) 0.125 0.015 0.111 0.146 0.016 0.199 0.389 0.163 0.014 0.139 0.006 0.183 
 198   (0.070) 0.012 0.008 0.022 0.071 0.011 0.069 0.019 0.264 0.262 0.069 0.015 0.068 
 190   (0.018) 0.034 0.002 0.028 0.014 0.002 0.027 0.004 0.001 0.002 0.010 0.000 0.001 

Locus 34 : 34 
6 alleles
0.0% missing data
 110   (0.195) 0.082 0.214 0.216 0.193 0.271 0.143 0.222 0.111 0.171 0.195 0.359 0.074 
 112   (0.342) 0.404 0.039 0.303 0.359 0.066 0.329 0.345 0.052 0.725 0.371 0.513 0.060 
 106   (0.279) 0.411 0.225 0.397 0.259 0.588 0.376 0.245 0.249 0.082 0.229 0.100 0.704 
  90   (0.038) 0.008 0.400 0.009 0.033 0.057 0.038 0.154 0.002 0.005 0.028 0.021 0.002 
 108   (0.136) 0.094 0.120 0.073 0.147 0.016 0.111 0.033 0.585 0.016 0.170 0.009 0.114 
  96   (0.010) 0.001 0.001 0.002 0.009 0.001 0.004 0.002 0.001 0.001 0.006 0.000 0.045 

Locus 35 : 35 
9 alleles
0.0% missing data
 166   (0.054) 0.111 0.007 0.061 0.048 0.009 0.019 0.061 0.003 0.172 0.037 0.279 0.004 
 176   (0.101) 0.011 0.012 0.203 0.098 0.021 0.117 0.037 0.097 0.368 0.094 0.129 0.016 
 172   (0.324) 0.407 0.042 0.152 0.334 0.461 0.254 0.388 0.169 0.213 0.340 0.453 0.584 
 170   (0.271) 0.233 0.612 0.502 0.260 0.468 0.238 0.151 0.347 0.158 0.267 0.130 0.323 
 174   (0.129) 0.146 0.015 0.051 0.132 0.012 0.288 0.328 0.045 0.016 0.130 0.005 0.065 
 178   (0.040) 0.025 0.005 0.008 0.045 0.020 0.027 0.011 0.002 0.065 0.045 0.002 0.003 
 168   (0.055) 0.022 0.305 0.018 0.058 0.006 0.050 0.019 0.315 0.005 0.062 0.001 0.004 
 186   (0.019) 0.043 0.002 0.003 0.018 0.002 0.006 0.004 0.022 0.002 0.020 0.000 0.001 
 158   (0.007) 0.001 0.001 0.001 0.006 0.001 0.002 0.001 0.000 0.001 0.007 0.000 0.000 

Locus 36 : 36 
6 alleles
0.0% missing data
  89   (0.570) 0.656 0.378 0.515 0.575 0.230 0.565 0.731 0.604 0.723 0.597 0.659 0.511 
  95   (0.060) 0.078 0.007 0.080 0.057 0.038 0.026 0.028 0.028 0.020 0.054 0.081 0.005 
  85   (0.164) 0.144 0.491 0.142 0.154 0.261 0.197 0.183 0.015 0.218 0.133 0.223 0.234 
  81   (0.063) 0.020 0.008 0.163 0.069 0.008 0.125 0.015 0.004 0.007 0.067 0.007 0.004 
  83   (0.123) 0.096 0.014 0.096 0.126 0.462 0.082 0.040 0.323 0.031 0.134 0.030 0.245 
  91   (0.020) 0.006 0.102 0.003 0.019 0.002 0.006 0.004 0.026 0.002 0.015 0.000 0.001 

Locus 37 : 37 
10 alleles
0.0% missing data
 161   (0.349) 0.237 0.431 0.393 0.332 0.087 0.474 0.418 0.704 0.513 0.324 0.565 0.375 
 165   (0.230) 0.283 0.132 0.192 0.247 0.058 0.150 0.087 0.115 0.286 0.264 0.169 0.104 
 159   (0.014) 0.004 0.002 0.002 0.012 0.001 0.004 0.003 0.001 0.008 0.009 0.034 0.001 
 173   (0.257) 0.290 0.225 0.382 0.256 0.165 0.230 0.428 0.171 0.083 0.242 0.131 0.511 
 169   (0.095) 0.139 0.205 0.021 0.094 0.683 0.112 0.050 0.006 0.105 0.100 0.090 0.006 
 167   (0.018) 0.003 0.002 0.003 0.018 0.002 0.015 0.006 0.001 0.002 0.016 0.010 0.002 
 168   (0.010) 0.001 0.001 0.002 0.012 0.001 0.003 0.002 0.001 0.001 0.015 0.000 0.001 
 155   (0.014) 0.002 0.001 0.003 0.018 0.001 0.006 0.003 0.001 0.001 0.024 0.000 0.001 
 177   (0.007) 0.001 0.001 0.001 0.006 0.001 0.004 0.003 0.000 0.001 0.004 0.000 0.000 
 175   (0.007) 0.040 0.001 0.001 0.005 0.001 0.002 0.001 0.000 0.001 0.003 0.000 0.000 

Locus 38 : 38 
6 alleles
0.6% missing data
  87   (0.099) 0.033 0.553 0.112 0.087 0.013 0.072 0.081 0.432 0.133 0.073 0.166 0.128 
  89   (0.429) 0.586 0.050 0.229 0.444 0.736 0.504 0.376 0.231 0.667 0.473 0.589 0.096 
  91   (0.165) 0.091 0.210 0.206 0.163 0.209 0.171 0.123 0.101 0.026 0.165 0.130 0.184 
  81   (0.118) 0.069 0.013 0.218 0.121 0.012 0.073 0.275 0.008 0.089 0.115 0.080 0.116 
  85   (0.183) 0.220 0.173 0.234 0.180 0.030 0.177 0.144 0.228 0.084 0.170 0.032 0.476 
  83   (0.007) 0.001 0.001 0.001 0.005 0.001 0.002 0.002 0.000 0.001 0.003 0.003 0.000 

Locus 39 : 39 
4 alleles
0.6% missing data
 167   (0.788) 0.780 0.686 0.939 0.783 0.932 0.856 0.861 0.398 0.928 0.765 0.909 0.858 
 161   (0.176) 0.156 0.310 0.053 0.184 0.059 0.123 0.126 0.454 0.068 0.206 0.090 0.139 
 165   (0.029) 0.064 0.003 0.006 0.027 0.008 0.019 0.012 0.147 0.003 0.023 0.001 0.002 
 177   (0.007) 0.001 0.001 0.001 0.006 0.001 0.002 0.001 0.000 0.001 0.006 0.000 0.001 

Locus 40 : 40 
6 alleles
0.4% missing data
 228   (0.411) 0.514 0.550 0.444 0.400 0.726 0.392 0.585 0.123 0.660 0.377 0.524 0.236 
 238   (0.332) 0.311 0.084 0.281 0.353 0.067 0.418 0.113 0.071 0.265 0.367 0.325 0.119 
 224   (0.025) 0.003 0.003 0.014 0.019 0.003 0.007 0.140 0.012 0.045 0.014 0.087 0.002 
 236   (0.109) 0.044 0.349 0.110 0.103 0.193 0.056 0.096 0.283 0.016 0.099 0.061 0.383 
 232   (0.013) 0.001 0.001 0.002 0.011 0.001 0.029 0.002 0.001 0.003 0.010 0.000 0.001 
 240   (0.110) 0.127 0.013 0.149 0.115 0.011 0.098 0.064 0.510 0.011 0.134 0.003 0.260 

Locus 41 : 41 
7 alleles
0.0% missing data
 128   (0.116) 0.187 0.013 0.077 0.109 0.230 0.136 0.211 0.007 0.058 0.100 0.139 0.034 
 130   (0.538) 0.438 0.063 0.507 0.547 0.699 0.551 0.531 0.739 0.594 0.558 0.611 0.776 
 114   (0.053) 0.006 0.495 0.074 0.052 0.029 0.036 0.013 0.003 0.038 0.046 0.107 0.003 
 132   (0.114) 0.232 0.013 0.154 0.109 0.018 0.134 0.026 0.007 0.291 0.115 0.133 0.050 
 118   (0.063) 0.064 0.205 0.012 0.059 0.010 0.067 0.101 0.069 0.006 0.051 0.002 0.129 
 134   (0.110) 0.072 0.210 0.175 0.117 0.013 0.075 0.118 0.175 0.013 0.125 0.008 0.007 
 136   (0.007) 0.001 0.001 0.001 0.006 0.001 0.002 0.001 0.000 0.001 0.005 0.000 0.000 

Locus 42 : 42 
6 alleles
1.2% missing data
 102   (0.267) 0.335 0.569 0.401 0.265 0.073 0.193 0.263 0.016 0.426 0.279 0.414 0.474 
 104   (0.401) 0.502 0.050 0.332 0.425 0.107 0.424 0.609 0.234 0.159 0.441 0.203 0.414 
  92   (0.113) 0.058 0.053 0.089 0.106 0.014 0.190 0.042 0.314 0.276 0.098 0.106 0.007 
  96   (0.075) 0.021 0.098 0.058 0.067 0.701 0.076 0.027 0.176 0.070 0.062 0.061 0.005 
  98   (0.137) 0.084 0.229 0.119 0.132 0.104 0.115 0.056 0.260 0.069 0.115 0.216 0.099 
 106   (0.007) 0.001 0.001 0.002 0.006 0.001 0.003 0.003 0.000 0.001 0.004 0.001 0.001 

Locus 43 : 43 
6 alleles
1.4% missing data
 101   (0.294) 0.290 0.034 0.453 0.283 0.084 0.385 0.315 0.366 0.203 0.269 0.465 0.184 
 103   (0.314) 0.456 0.232 0.281 0.336 0.456 0.196 0.207 0.112 0.380 0.337 0.183 0.352 
  99   (0.149) 0.071 0.411 0.072 0.149 0.076 0.201 0.359 0.183 0.218 0.156 0.034 0.009 
  95   (0.218) 0.181 0.172 0.189 0.208 0.381 0.208 0.114 0.332 0.197 0.212 0.318 0.453 
  97   (0.018) 0.002 0.151 0.004 0.018 0.002 0.007 0.004 0.007 0.002 0.020 0.000 0.001 
  91   (0.007) 0.001 0.001 0.001 0.006 0.001 0.002 0.001 0.000 0.001 0.006 0.000 0.000 

Locus 44 : 44 
7 alleles
0.2% missing data
 177   (0.079) 0.056 0.010 0.062 0.082 0.010 0.036 0.017 0.112 0.161 0.086 0.063 0.005 
 191   (0.294) 0.164 0.282 0.293 0.310 0.060 0.272 0.369 0.628 0.120 0.345 0.186 0.101 
 181   (0.554) 0.733 0.520 0.626 0.534 0.924 0.656 0.552 0.143 0.712 0.511 0.749 0.860 
 189   (0.007) 0.001 0.001 0.001 0.005 0.001 0.002 0.001 0.000 0.001 0.003 0.000 0.030 
 179   (0.046) 0.005 0.186 0.015 0.052 0.004 0.027 0.058 0.106 0.005 0.043 0.001 0.003 
 183   (0.009) 0.002 0.001 0.002 0.010 0.001 0.004 0.002 0.001 0.001 0.008 0.000 0.001 
 193   (0.011) 0.041 0.001 0.002 0.007 0.001 0.003 0.002 0.011 0.001 0.005 0.000 0.001 

Locus 45 : 45 
6 alleles
0.8% missing data
 205   (0.460) 0.524 0.251 0.537 0.479 0.869 0.368 0.486 0.313 0.545 0.501 0.504 0.408 
 211   (0.227) 0.136 0.343 0.198 0.225 0.045 0.326 0.277 0.390 0.109 0.217 0.248 0.273 
 207   (0.137) 0.226 0.017 0.090 0.137 0.063 0.110 0.048 0.072 0.191 0.138 0.129 0.200 
 201   (0.079) 0.050 0.377 0.079 0.069 0.013 0.111 0.093 0.039 0.121 0.058 0.068 0.005 
 215   (0.086) 0.063 0.011 0.094 0.079 0.010 0.080 0.094 0.177 0.033 0.071 0.051 0.114 
 202   (0.011) 0.002 0.001 0.002 0.011 0.001 0.004 0.002 0.009 0.001 0.015 0.000 0.001 

Locus 46 : 46 
10 alleles
1.0% missing data
 144   (0.064) 0.036 0.008 0.015 0.057 0.048 0.095 0.060 0.008 0.067 0.047 0.248 0.127 
 158   (0.151) 0.058 0.021 0.259 0.148 0.034 0.131 0.289 0.121 0.382 0.153 0.116 0.083 
 168   (0.144) 0.036 0.218 0.130 0.149 0.052 0.115 0.037 0.215 0.067 0.170 0.218 0.108 
 166   (0.136) 0.206 0.126 0.090 0.131 0.450 0.118 0.036 0.027 0.115 0.112 0.318 0.385 
 142   (0.358) 0.598 0.047 0.438 0.374 0.399 0.309 0.548 0.148 0.329 0.391 0.096 0.287 
 170   (0.017) 0.002 0.002 0.006 0.013 0.002 0.032 0.004 0.047 0.002 0.009 0.002 0.001 
 156   (0.030) 0.009 0.465 0.006 0.031 0.003 0.010 0.006 0.082 0.019 0.031 0.001 0.002 
 162   (0.048) 0.032 0.107 0.041 0.047 0.006 0.069 0.010 0.160 0.005 0.035 0.001 0.003 
 164   (0.045) 0.022 0.005 0.015 0.044 0.006 0.119 0.009 0.192 0.015 0.048 0.001 0.003 
 160   (0.007) 0.001 0.001 0.002 0.006 0.001 0.002 0.001 0.000 0.001 0.005 0.000 0.000 

Locus 47 : 47 
7 alleles
9.9% missing data
 149   (0.345) 0.403 0.350 0.096 0.354 0.482 0.313 0.447 0.764 0.191 0.358 0.214 0.338 
 151   (0.182) 0.120 0.085 0.362 0.175 0.113 0.167 0.341 0.089 0.574 0.166 0.209 0.012 
 153   (0.190) 0.373 0.030 0.187 0.194 0.103 0.157 0.125 0.045 0.125 0.194 0.359 0.027 
 147   (0.028) 0.003 0.004 0.005 0.025 0.003 0.060 0.008 0.002 0.032 0.018 0.033 0.002 
 145   (0.230) 0.098 0.527 0.346 0.231 0.297 0.272 0.071 0.044 0.075 0.248 0.183 0.620 
 152   (0.007) 0.001 0.001 0.002 0.005 0.001 0.003 0.003 0.001 0.001 0.003 0.002 0.000 
 143   (0.017) 0.002 0.002 0.003 0.016 0.002 0.028 0.004 0.055 0.002 0.011 0.000 0.001 

Values of parameters used in structure:
DATAFILE=temp2.str,	OUTFILE=k12/temp2_k12_run5,	NUMINDS=486,	NUMLOCI=47,	MISSING=-9,	LABEL=1,	POPDATA=1,	POPFLAG=0,	PHENOTYPE=0,	EXTRACOLS=0,	MAXPOPS=12,	BURNIN=500000,	NUMREPS=750000,	USEPOPINFO=0,	INFERALPHA=1,	INFERLAMBDA=0,	POPSPECIFICLAMBDA=0,	POPALPHAS=0,	COMPUTEPROB=1,	NOADMIX=0,	ADMBURNIN=500,	UPDATEFREQ=100,	PRINTLIKES=0,	INTERMEDSAVE=0,	PRINTKLD=0,	PRINTNET=1,	PRINTLAMBDA=1,	ANCESTDIST=0,	NUMBOXES=1000,	ANCESTPINT=0.90000,	GENSBACK=2,	MIGRPRIOR=0.01000,	PRINTQHAT=0,	PRINTQSUM=1,	ALPHA=1.0000,	FREQSCORR=1,	FPRIORMEAN=0.0100,	FPRIORSD=0.0500,	ONEFST=0,	LAMBDA=1.0000,	UNIFPRIORALPHA=1,	ALPHAMAX=10.0000,	ALPHAPRIORA=1.0000,	ALPHAPRIORB=2.0000,	ALPHAPROPSD=0.0250,	STARTATPOPINFO=0,	RANDOMIZE=0,	LINKAGE=0,	METROFREQ=10,	REPORTHITRATE=0,	MARKOVPHASE=0,	PHASED=1,	PLOIDY=2,	PHASEINFO=0	LOCPRIOR=0, 	LOCPRIORINIT=1.000000, 	LOCDATA=0, 	LOCISPOP=1, 	LOCPRIORSTEP=0.100000, 	MAXLOCPRIOR=20.000000, 	SEED=909316,	
[STRAT parameters]:    NUMSIMSTATS=1000,	PHENOTYPECOL=-9,	POOLFREQ=10,	LOCUSxONLY=0,	EMERROR=0.00100,	MISSINGPHENO=-9,	