

----------------------------------------------------
STRUCTURE by Pritchard, Stephens and Donnelly (2000)
     and Falush, Stephens and Pritchard (2003)
       Code by Pritchard, Falush and Hubisz
             Version 2.3.4 (Jul 2012)
----------------------------------------------------



Command line arguments:   structure -D 144879 -K 4 -m mainparams -o k4/w1_k4_run7 
Input File:    w1.str

Run parameters:
   92 individuals
   47 loci
   4 populations assumed
   500000 Burn-in period
   750000 Reps
RANDOMIZE turned off


--------------------------------------------
Proportion of membership of each pre-defined
 population in each of the 4 clusters

Given    Inferred Clusters              Number of
 Pop       1      2      3      4      Individuals

  1:     0.248  0.255  0.243  0.254       10
  2:     0.246  0.252  0.250  0.252       23
  3:     0.270  0.238  0.254  0.239       11
  4:     0.281  0.217  0.285  0.217       18
  5:     0.224  0.279  0.218  0.279       25
  6:     0.299  0.199  0.302  0.200        5
--------------------------------------------

Allele-freq. divergence among pops (Net nucleotide distance),
computed using point estimates of P.

      1       2       3       4      
 1      -    0.0213  0.0006  0.0211  
 2   0.0213     -    0.0237  0.0000  
 3   0.0006  0.0237     -    0.0235  
 4   0.0211  0.0000  0.0235     -    

Average distances (expected heterozygosity) between individuals in same cluster:
cluster  1  : 0.5627 
cluster  2  : 0.6882 
cluster  3  : 0.5562 
cluster  4  : 0.6874 

--------------------------------------------
Estimated Ln Prob of Data   = -11281.4
Mean value of ln likelihood = -10654.1
Variance of ln likelihood   = 1254.5
Mean value of alpha         = 2.5999

Mean value of Fst_1         = 0.3420
Mean value of Fst_2         = 0.0015
Mean value of Fst_3         = 0.3550
Mean value of Fst_4         = 0.0041


Inferred ancestry of individuals:
        Label (%Miss) Pop:  Inferred clusters
  1      801    (0)    1 :  0.237 0.270 0.224 0.269 
  2      815    (0)    1 :  0.182 0.326 0.169 0.322 
  3      816    (0)    1 :  0.322 0.177 0.321 0.180 
  4      817    (0)    1 :  0.231 0.272 0.226 0.270 
  5      818    (0)    1 :  0.300 0.193 0.313 0.194 
  6      819    (0)    1 :  0.289 0.219 0.272 0.220 
  7      820    (2)    1 :  0.243 0.254 0.249 0.254 
  8      821    (0)    1 :  0.265 0.228 0.277 0.229 
  9      822    (0)    1 :  0.179 0.334 0.156 0.331 
 10      853    (0)    1 :  0.227 0.275 0.224 0.274 
 11      797    (0)    2 :  0.329 0.156 0.358 0.157 
 12      798    (0)    2 :  0.282 0.208 0.299 0.210 
 13      799    (0)    2 :  0.176 0.325 0.179 0.320 
 14      800    (0)    2 :  0.279 0.220 0.281 0.221 
 15      823    (0)    2 :  0.203 0.292 0.214 0.291 
 16      824    (0)    2 :  0.296 0.220 0.264 0.220 
 17      825    (0)    2 :  0.204 0.299 0.202 0.295 
 18      826    (0)    2 :  0.238 0.263 0.234 0.266 
 19      827    (0)    2 :  0.251 0.251 0.249 0.249 
 20      836    (0)    2 :  0.305 0.183 0.329 0.183 
 21      837    (0)    2 :  0.208 0.284 0.223 0.284 
 22      838    (0)    2 :  0.280 0.228 0.264 0.228 
 23      839    (0)    2 :  0.268 0.228 0.276 0.228 
 24      840    (0)    2 :  0.213 0.292 0.203 0.292 
 25      841    (0)    2 :  0.308 0.183 0.325 0.184 
 26      842    (0)    2 :  0.258 0.235 0.271 0.236 
 27      843    (0)    2 :  0.214 0.286 0.213 0.287 
 28      845    (0)    2 :  0.216 0.290 0.206 0.287 
 29      846    (0)    2 :  0.250 0.249 0.254 0.247 
 30      847    (2)    2 :  0.149 0.357 0.140 0.353 
 31      848    (0)    2 :  0.189 0.307 0.194 0.309 
 32      849    (0)    2 :  0.245 0.247 0.262 0.246 
 33      855    (0)    2 :  0.300 0.197 0.304 0.199 
 34      793    (0)    3 :  0.243 0.270 0.216 0.271 
 35      794    (0)    3 :  0.255 0.248 0.249 0.249 
 36      828    (0)    3 :  0.289 0.226 0.258 0.227 
 37      829    (4)    3 :  0.251 0.259 0.230 0.259 
 38      830    (0)    3 :  0.302 0.201 0.294 0.203 
 39      831    (2)    3 :  0.242 0.274 0.214 0.271 
 40      832    (0)    3 :  0.321 0.173 0.334 0.173 
 41      833    (2)    3 :  0.293 0.215 0.277 0.216 
 42      835    (0)    3 :  0.233 0.268 0.229 0.270 
 43      870    (0)    3 :  0.287 0.223 0.266 0.224 
 44      871    (0)    3 :  0.253 0.262 0.222 0.263 
 45      451    (0)    4 :  0.295 0.201 0.303 0.201 
 46      452    (4)    4 :  0.305 0.183 0.328 0.183 
 47      453    (4)    4 :  0.308 0.180 0.330 0.181 
 48      454    (2)    4 :  0.221 0.287 0.207 0.286 
 49      455    (4)    4 :  0.214 0.295 0.197 0.294 
 50      795    (0)    4 :  0.322 0.173 0.330 0.175 
 51      796    (0)    4 :  0.268 0.236 0.260 0.236 
 52      802    (0)    4 :  0.267 0.228 0.277 0.228 
 53      804    (0)    4 :  0.286 0.216 0.282 0.216 
 54      805    (0)    4 :  0.239 0.269 0.224 0.268 
 55      851    (0)    4 :  0.346 0.155 0.342 0.157 
 56      852    (0)    4 :  0.329 0.161 0.348 0.162 
 57      854    (0)    4 :  0.245 0.256 0.244 0.255 
 58      858    (0)    4 :  0.263 0.239 0.262 0.237 
 59      859    (0)    4 :  0.283 0.214 0.288 0.214 
 60      860    (0)    4 :  0.253 0.249 0.251 0.248 
 61      862    (0)    4 :  0.287 0.205 0.302 0.206 
 62      863    (0)    4 :  0.336 0.157 0.348 0.159 
 63      450    (0)    5 :  0.231 0.264 0.241 0.265 
 64      791    (0)    5 :  0.220 0.283 0.214 0.283 
 65      792    (0)    5 :  0.120 0.385 0.119 0.376 
 66      803    (0)    5 :  0.160 0.345 0.152 0.343 
 67      806    (0)    5 :  0.164 0.340 0.161 0.335 
 68      807    (0)    5 :  0.221 0.277 0.226 0.276 
 69      808    (0)    5 :  0.285 0.230 0.252 0.233 
 70      809    (0)    5 :  0.252 0.251 0.245 0.252 
 71      810    (0)    5 :  0.206 0.291 0.211 0.293 
 72      811    (0)    5 :  0.208 0.287 0.215 0.289 
 73      812    (0)    5 :  0.242 0.261 0.237 0.261 
 74      813    (0)    5 :  0.234 0.276 0.216 0.274 
 75      814    (0)    5 :  0.249 0.264 0.220 0.267 
 76      834    (0)    5 :  0.211 0.288 0.215 0.287 
 77      844    (0)    5 :  0.309 0.190 0.311 0.190 
 78      850    (0)    5 :  0.202 0.309 0.177 0.313 
 79      856    (0)    5 :  0.210 0.299 0.188 0.303 
 80      857    (0)    5 :  0.160 0.347 0.147 0.346 
 81      861    (0)    5 :  0.330 0.179 0.310 0.181 
 82      864    (0)    5 :  0.207 0.288 0.219 0.286 
 83      865    (0)    5 :  0.300 0.200 0.300 0.200 
 84      866    (0)    5 :  0.274 0.227 0.272 0.227 
 85      867    (0)    5 :  0.181 0.314 0.187 0.318 
 86      868    (0)    5 :  0.238 0.274 0.212 0.275 
 87      869    (0)    5 :  0.195 0.298 0.209 0.297 
 88      004    (0)    6 :  0.345 0.148 0.360 0.147 
 89      008    (0)    6 :  0.280 0.223 0.276 0.222 
 90      013    (0)    6 :  0.296 0.205 0.294 0.206 
 91      109    (0)    6 :  0.263 0.235 0.267 0.235 
 92      348    (0)    6 :  0.312 0.186 0.312 0.190 


Estimated Allele Frequencies in each cluster
First column gives estimated ancestral frequencies


Locus 1 : 1 
4 alleles
0.0% missing data
  91   (0.330) 0.333 0.331 0.350 0.329 
  89   (0.495) 0.549 0.496 0.539 0.498 
  93   (0.138) 0.114 0.137 0.106 0.137 
  99   (0.037) 0.005 0.036 0.005 0.036 

Locus 2 : 2 
6 alleles
0.0% missing data
 134   (0.238) 0.321 0.238 0.295 0.238 
 136   (0.328) 0.351 0.329 0.344 0.330 
 140   (0.128) 0.052 0.129 0.045 0.128 
 138   (0.226) 0.264 0.226 0.305 0.225 
 132   (0.052) 0.009 0.052 0.008 0.052 
 142   (0.027) 0.003 0.026 0.002 0.026 

Locus 3 : 3 
6 alleles
0.0% missing data
 179   (0.280) 0.347 0.280 0.316 0.281 
 187   (0.228) 0.398 0.228 0.438 0.227 
 185   (0.164) 0.043 0.164 0.037 0.164 
 191   (0.053) 0.024 0.053 0.022 0.053 
 181   (0.191) 0.145 0.191 0.147 0.190 
 175   (0.084) 0.042 0.084 0.039 0.085 

Locus 4 : 4 
10 alleles
0.0% missing data
 241   (0.135) 0.194 0.135 0.238 0.134 
 247   (0.124) 0.038 0.124 0.033 0.124 
 253   (0.330) 0.525 0.330 0.516 0.334 
 273   (0.027) 0.002 0.027 0.002 0.027 
 269   (0.207) 0.211 0.207 0.186 0.207 
 271   (0.090) 0.020 0.090 0.017 0.089 
 249   (0.034) 0.005 0.034 0.004 0.034 
 239   (0.018) 0.001 0.017 0.001 0.017 
 265   (0.018) 0.002 0.017 0.001 0.017 
 245   (0.018) 0.001 0.017 0.001 0.017 

Locus 5 : 5 
4 alleles
3.3% missing data
 103   (0.861) 0.976 0.862 0.978 0.864 
 105   (0.080) 0.018 0.080 0.017 0.079 
 102   (0.030) 0.003 0.029 0.003 0.029 
 104   (0.029) 0.003 0.029 0.003 0.028 

Locus 6 : 6 
5 alleles
0.0% missing data
 135   (0.376) 0.160 0.377 0.154 0.376 
 145   (0.344) 0.488 0.344 0.451 0.347 
 141   (0.214) 0.346 0.214 0.388 0.213 
 147   (0.037) 0.004 0.037 0.004 0.036 
 137   (0.028) 0.002 0.028 0.002 0.027 

Locus 7 : 7 
10 alleles
1.1% missing data
  97   (0.178) 0.207 0.178 0.196 0.181 
 103   (0.257) 0.465 0.258 0.472 0.258 
  89   (0.120) 0.043 0.120 0.043 0.120 
  93   (0.226) 0.192 0.227 0.207 0.227 
  83   (0.063) 0.070 0.063 0.064 0.063 
  99   (0.027) 0.003 0.027 0.003 0.026 
  91   (0.035) 0.004 0.034 0.003 0.034 
  85   (0.058) 0.013 0.058 0.010 0.058 
 101   (0.017) 0.002 0.017 0.001 0.017 
 105   (0.018) 0.002 0.018 0.001 0.017 

Locus 8 : 8 
7 alleles
0.0% missing data
 129   (0.485) 0.767 0.486 0.771 0.487 
 143   (0.302) 0.178 0.303 0.175 0.304 
 141   (0.069) 0.026 0.069 0.025 0.069 
 149   (0.073) 0.021 0.072 0.021 0.072 
 133   (0.035) 0.005 0.035 0.004 0.035 
 127   (0.018) 0.001 0.017 0.001 0.017 
 145   (0.018) 0.002 0.017 0.002 0.017 

Locus 9 : 9 
4 alleles
0.0% missing data
 189   (0.517) 0.451 0.518 0.448 0.519 
 191   (0.259) 0.364 0.259 0.397 0.258 
 195   (0.205) 0.184 0.205 0.155 0.205 
 193   (0.019) 0.001 0.019 0.001 0.018 

Locus 10 : 10 
6 alleles
0.0% missing data
 250   (0.070) 0.014 0.069 0.012 0.069 
 254   (0.071) 0.009 0.071 0.008 0.070 
 252   (0.141) 0.047 0.141 0.046 0.140 
 238   (0.538) 0.676 0.539 0.646 0.542 
 232   (0.148) 0.244 0.147 0.277 0.147 
 248   (0.032) 0.009 0.032 0.010 0.032 

Locus 11 : 11 
4 alleles
0.0% missing data
  87   (0.710) 0.782 0.710 0.807 0.708 
  89   (0.212) 0.200 0.212 0.178 0.215 
  91   (0.059) 0.016 0.059 0.014 0.059 
  85   (0.019) 0.001 0.018 0.001 0.018 

Locus 12 : 12 
11 alleles
0.0% missing data
 160   (0.266) 0.340 0.267 0.310 0.268 
 158   (0.176) 0.220 0.177 0.218 0.178 
 162   (0.177) 0.332 0.177 0.372 0.177 
 170   (0.074) 0.039 0.074 0.038 0.074 
 161   (0.103) 0.038 0.104 0.035 0.104 
 154   (0.034) 0.005 0.034 0.005 0.033 
 143   (0.035) 0.003 0.034 0.002 0.034 
 134   (0.017) 0.001 0.017 0.001 0.017 
 147   (0.048) 0.011 0.048 0.009 0.048 
 159   (0.026) 0.004 0.025 0.004 0.025 
 149   (0.043) 0.006 0.043 0.005 0.042 

Locus 13 : 13 
4 alleles
0.0% missing data
 113   (0.362) 0.259 0.363 0.271 0.362 
 115   (0.466) 0.572 0.467 0.580 0.467 
 108   (0.153) 0.167 0.152 0.149 0.154 
 110   (0.019) 0.001 0.018 0.001 0.018 

Locus 14 : 14 
8 alleles
0.0% missing data
 225   (0.191) 0.078 0.192 0.073 0.191 
 229   (0.364) 0.555 0.364 0.597 0.363 
 227   (0.106) 0.272 0.106 0.243 0.109 
 231   (0.224) 0.078 0.225 0.071 0.224 
 203   (0.019) 0.002 0.019 0.002 0.018 
 233   (0.060) 0.011 0.060 0.011 0.060 
 213   (0.018) 0.001 0.017 0.001 0.017 
 221   (0.017) 0.002 0.017 0.002 0.017 

Locus 15 : 15 
4 alleles
1.1% missing data
 143   (0.882) 0.982 0.883 0.983 0.884 
 145   (0.061) 0.012 0.061 0.012 0.060 
 147   (0.038) 0.005 0.037 0.004 0.037 
 157   (0.019) 0.001 0.019 0.001 0.019 

Locus 16 : 16 
5 alleles
0.0% missing data
 158   (0.438) 0.627 0.438 0.641 0.439 
 156   (0.300) 0.229 0.300 0.223 0.301 
 154   (0.085) 0.020 0.085 0.020 0.084 
 160   (0.159) 0.123 0.158 0.114 0.159 
 152   (0.019) 0.002 0.018 0.001 0.018 

Locus 17 : 17 
5 alleles
0.0% missing data
  90   (0.596) 0.727 0.597 0.748 0.597 
 100   (0.137) 0.077 0.136 0.071 0.137 
 102   (0.170) 0.169 0.169 0.156 0.169 
 104   (0.018) 0.002 0.018 0.001 0.018 
  88   (0.080) 0.025 0.080 0.024 0.079 

Locus 18 : 18 
7 alleles
0.0% missing data
 127   (0.234) 0.308 0.234 0.315 0.234 
 140   (0.272) 0.301 0.273 0.276 0.276 
 142   (0.098) 0.171 0.097 0.199 0.097 
 148   (0.113) 0.064 0.113 0.064 0.112 
 146   (0.117) 0.047 0.117 0.048 0.116 
 138   (0.070) 0.084 0.070 0.076 0.070 
 150   (0.096) 0.026 0.096 0.022 0.095 

Locus 19 : 19 
6 alleles
0.0% missing data
 190   (0.120) 0.085 0.119 0.080 0.120 
 194   (0.461) 0.648 0.461 0.672 0.463 
 202   (0.053) 0.008 0.053 0.007 0.053 
 188   (0.182) 0.134 0.182 0.132 0.181 
 200   (0.167) 0.124 0.167 0.109 0.167 
 198   (0.018) 0.001 0.017 0.001 0.017 

Locus 20 : 20 
6 alleles
0.0% missing data
 252   (0.588) 0.844 0.588 0.856 0.590 
 246   (0.120) 0.098 0.120 0.090 0.120 
 248   (0.027) 0.004 0.027 0.003 0.027 
 244   (0.036) 0.006 0.035 0.005 0.035 
 250   (0.121) 0.021 0.122 0.019 0.121 
 254   (0.108) 0.027 0.108 0.026 0.107 

Locus 21 : 21 
6 alleles
0.0% missing data
 167   (0.247) 0.333 0.247 0.295 0.249 
 173   (0.245) 0.382 0.244 0.424 0.244 
 163   (0.061) 0.009 0.061 0.008 0.060 
 177   (0.221) 0.165 0.221 0.173 0.220 
 175   (0.140) 0.084 0.140 0.073 0.141 
 165   (0.087) 0.028 0.087 0.027 0.086 

Locus 22 : 22 
10 alleles
1.1% missing data
 152   (0.339) 0.576 0.340 0.606 0.341 
 158   (0.154) 0.090 0.155 0.077 0.155 
 146   (0.176) 0.243 0.177 0.227 0.179 
 150   (0.048) 0.012 0.048 0.012 0.047 
 148   (0.034) 0.004 0.034 0.004 0.033 
 162   (0.050) 0.010 0.050 0.009 0.050 
 166   (0.087) 0.035 0.087 0.034 0.086 
 164   (0.053) 0.017 0.053 0.018 0.052 
 142   (0.031) 0.011 0.030 0.012 0.030 
 156   (0.027) 0.003 0.026 0.003 0.026 

Locus 23 : 23 
6 alleles
1.1% missing data
 144   (0.146) 0.232 0.146 0.232 0.146 
 156   (0.194) 0.092 0.195 0.091 0.193 
 154   (0.491) 0.587 0.492 0.598 0.494 
 160   (0.123) 0.084 0.123 0.075 0.123 
 152   (0.018) 0.002 0.018 0.001 0.018 
 158   (0.027) 0.003 0.027 0.002 0.026 

Locus 24 : 24 
4 alleles
1.1% missing data
  81   (0.371) 0.429 0.371 0.421 0.372 
  83   (0.459) 0.473 0.459 0.474 0.459 
  77   (0.114) 0.080 0.113 0.087 0.113 
  85   (0.057) 0.019 0.057 0.018 0.056 

Locus 25 : 25 
6 alleles
1.1% missing data
 124   (0.505) 0.565 0.506 0.526 0.510 
 132   (0.224) 0.373 0.223 0.412 0.222 
 122   (0.161) 0.048 0.161 0.049 0.160 
 126   (0.063) 0.010 0.063 0.008 0.062 
 136   (0.028) 0.004 0.027 0.004 0.027 
 120   (0.019) 0.002 0.019 0.001 0.018 

Locus 26 : 26 
6 alleles
0.0% missing data
 165   (0.237) 0.288 0.237 0.275 0.238 
 183   (0.299) 0.364 0.299 0.392 0.298 
 179   (0.136) 0.052 0.136 0.045 0.137 
 175   (0.233) 0.266 0.233 0.262 0.233 
 181   (0.077) 0.028 0.077 0.024 0.076 
 185   (0.019) 0.002 0.018 0.001 0.018 

Locus 27 : 27 
4 alleles
0.0% missing data
 142   (0.469) 0.652 0.469 0.622 0.471 
 150   (0.186) 0.119 0.186 0.124 0.186 
 148   (0.246) 0.189 0.246 0.215 0.245 
 138   (0.099) 0.040 0.098 0.038 0.098 

Locus 28 : 28 
5 alleles
0.0% missing data
 260   (0.390) 0.550 0.390 0.582 0.388 
 262   (0.471) 0.420 0.472 0.388 0.475 
 258   (0.037) 0.004 0.036 0.003 0.036 
 256   (0.068) 0.017 0.068 0.016 0.068 
 264   (0.035) 0.009 0.034 0.010 0.034 

Locus 29 : 29 
5 alleles
1.1% missing data
 140   (0.156) 0.140 0.156 0.123 0.158 
 150   (0.436) 0.636 0.436 0.638 0.437 
 148   (0.095) 0.021 0.095 0.019 0.095 
 146   (0.267) 0.197 0.268 0.215 0.266 
 152   (0.045) 0.006 0.045 0.005 0.044 

Locus 30 : 30 
6 alleles
0.0% missing data
 125   (0.216) 0.272 0.216 0.300 0.215 
 129   (0.460) 0.599 0.461 0.583 0.463 
 123   (0.142) 0.071 0.143 0.060 0.142 
 131   (0.052) 0.035 0.052 0.035 0.052 
 121   (0.028) 0.002 0.027 0.002 0.027 
 127   (0.102) 0.021 0.102 0.019 0.101 

Locus 31 : 31 
5 alleles
0.0% missing data
 155   (0.526) 0.566 0.527 0.574 0.528 
 159   (0.149) 0.144 0.149 0.129 0.150 
 157   (0.197) 0.225 0.196 0.238 0.195 
 151   (0.036) 0.003 0.035 0.003 0.035 
 153   (0.092) 0.061 0.092 0.057 0.091 

Locus 32 : 32 
4 alleles
0.0% missing data
 146   (0.353) 0.303 0.353 0.310 0.353 
 148   (0.088) 0.029 0.088 0.025 0.088 
 150   (0.486) 0.645 0.486 0.646 0.486 
 154   (0.072) 0.024 0.072 0.020 0.072 

Locus 33 : 33 
6 alleles
0.0% missing data
 180   (0.374) 0.492 0.374 0.501 0.375 
 192   (0.173) 0.225 0.173 0.213 0.172 
 184   (0.211) 0.140 0.211 0.149 0.211 
 196   (0.164) 0.132 0.164 0.128 0.165 
 198   (0.052) 0.008 0.052 0.007 0.051 
 190   (0.026) 0.003 0.026 0.002 0.026 

Locus 34 : 34 
6 alleles
0.0% missing data
 106   (0.271) 0.371 0.271 0.361 0.272 
 112   (0.261) 0.353 0.261 0.352 0.262 
  94   (0.045) 0.005 0.045 0.005 0.044 
 110   (0.191) 0.183 0.191 0.198 0.191 
 108   (0.180) 0.079 0.180 0.077 0.180 
  90   (0.051) 0.009 0.051 0.008 0.051 

Locus 35 : 35 
8 alleles
0.0% missing data
 168   (0.139) 0.068 0.140 0.057 0.141 
 178   (0.070) 0.036 0.070 0.032 0.070 
 170   (0.293) 0.191 0.294 0.182 0.295 
 174   (0.087) 0.176 0.086 0.193 0.086 
 172   (0.205) 0.401 0.205 0.387 0.204 
 176   (0.105) 0.097 0.105 0.118 0.104 
 166   (0.067) 0.026 0.066 0.026 0.066 
 186   (0.035) 0.005 0.034 0.004 0.034 

Locus 36 : 36 
6 alleles
0.0% missing data
  85   (0.190) 0.229 0.190 0.239 0.191 
  95   (0.076) 0.030 0.076 0.030 0.075 
  89   (0.483) 0.605 0.484 0.594 0.486 
  83   (0.162) 0.122 0.163 0.125 0.162 
  81   (0.070) 0.012 0.070 0.011 0.069 
  91   (0.018) 0.001 0.018 0.001 0.017 

Locus 37 : 37 
6 alleles
0.0% missing data
 161   (0.362) 0.328 0.363 0.329 0.363 
 165   (0.228) 0.185 0.228 0.180 0.228 
 167   (0.056) 0.018 0.055 0.016 0.055 
 169   (0.095) 0.100 0.095 0.120 0.094 
 173   (0.235) 0.363 0.235 0.348 0.235 
 175   (0.025) 0.007 0.024 0.008 0.024 

Locus 38 : 38 
5 alleles
0.0% missing data
  85   (0.248) 0.204 0.249 0.190 0.249 
  87   (0.159) 0.050 0.159 0.047 0.158 
  91   (0.172) 0.150 0.172 0.142 0.172 
  81   (0.102) 0.034 0.102 0.031 0.102 
  89   (0.318) 0.561 0.318 0.590 0.318 

Locus 39 : 39 
3 alleles
0.0% missing data
 167   (0.707) 0.889 0.707 0.894 0.708 
 161   (0.239) 0.104 0.239 0.099 0.238 
 165   (0.055) 0.008 0.055 0.007 0.054 

Locus 40 : 40 
6 alleles
0.0% missing data
 224   (0.027) 0.003 0.027 0.003 0.026 
 228   (0.357) 0.434 0.357 0.400 0.357 
 238   (0.314) 0.457 0.313 0.506 0.314 
 240   (0.214) 0.095 0.214 0.081 0.215 
 242   (0.019) 0.001 0.018 0.001 0.018 
 236   (0.071) 0.010 0.071 0.009 0.070 

Locus 41 : 41 
7 alleles
1.1% missing data
 130   (0.428) 0.597 0.428 0.629 0.429 
 118   (0.081) 0.024 0.081 0.019 0.081 
 128   (0.073) 0.119 0.072 0.109 0.073 
 132   (0.115) 0.062 0.115 0.065 0.114 
 114   (0.130) 0.047 0.130 0.040 0.129 
 134   (0.156) 0.150 0.156 0.135 0.156 
 122   (0.018) 0.002 0.018 0.002 0.017 

Locus 42 : 42 
6 alleles
0.0% missing data
 104   (0.426) 0.474 0.427 0.457 0.430 
  98   (0.165) 0.062 0.165 0.065 0.164 
 102   (0.152) 0.382 0.151 0.392 0.151 
  92   (0.160) 0.066 0.161 0.072 0.160 
  96   (0.078) 0.014 0.078 0.013 0.077 
 106   (0.018) 0.002 0.018 0.001 0.018 

Locus 43 : 43 
5 alleles
0.0% missing data
  95   (0.202) 0.246 0.202 0.251 0.202 
 101   (0.294) 0.443 0.293 0.420 0.296 
 103   (0.320) 0.278 0.320 0.298 0.320 
  99   (0.129) 0.026 0.129 0.025 0.128 
  97   (0.055) 0.007 0.055 0.006 0.054 

Locus 44 : 44 
7 alleles
0.0% missing data
 181   (0.476) 0.696 0.476 0.733 0.475 
 191   (0.306) 0.254 0.307 0.220 0.310 
 179   (0.051) 0.011 0.051 0.008 0.050 
 177   (0.086) 0.031 0.085 0.032 0.085 
 193   (0.027) 0.002 0.027 0.002 0.027 
 183   (0.027) 0.003 0.027 0.003 0.026 
 189   (0.027) 0.002 0.027 0.002 0.027 

Locus 45 : 45 
6 alleles
2.2% missing data
 211   (0.234) 0.156 0.235 0.143 0.236 
 215   (0.078) 0.026 0.078 0.028 0.078 
 205   (0.361) 0.633 0.361 0.639 0.362 
 207   (0.239) 0.167 0.239 0.173 0.238 
 201   (0.069) 0.016 0.068 0.014 0.068 
 202   (0.018) 0.002 0.018 0.002 0.018 

Locus 46 : 46 
9 alleles
0.0% missing data
 142   (0.251) 0.403 0.252 0.362 0.255 
 162   (0.081) 0.021 0.081 0.020 0.080 
 164   (0.067) 0.011 0.067 0.010 0.066 
 168   (0.150) 0.133 0.150 0.147 0.150 
 158   (0.143) 0.180 0.142 0.211 0.142 
 170   (0.043) 0.005 0.043 0.005 0.043 
 166   (0.124) 0.194 0.123 0.195 0.124 
 144   (0.083) 0.042 0.083 0.042 0.083 
 156   (0.058) 0.010 0.058 0.009 0.057 

Locus 47 : 47 
6 alleles
0.0% missing data
 149   (0.340) 0.373 0.340 0.377 0.341 
 151   (0.235) 0.132 0.236 0.130 0.235 
 145   (0.231) 0.211 0.231 0.183 0.233 
 153   (0.149) 0.280 0.148 0.306 0.147 
 143   (0.027) 0.003 0.027 0.003 0.026 
 147   (0.018) 0.001 0.018 0.001 0.018 

Values of parameters used in structure:
DATAFILE=w1.str,	OUTFILE=k4/w1_k4_run7,	NUMINDS=92,	NUMLOCI=47,	MISSING=-9,	LABEL=1,	POPDATA=1,	POPFLAG=0,	PHENOTYPE=0,	EXTRACOLS=0,	MAXPOPS=4,	BURNIN=500000,	NUMREPS=750000,	USEPOPINFO=0,	INFERALPHA=1,	INFERLAMBDA=0,	POPSPECIFICLAMBDA=0,	POPALPHAS=0,	COMPUTEPROB=1,	NOADMIX=0,	ADMBURNIN=500,	UPDATEFREQ=100,	PRINTLIKES=0,	INTERMEDSAVE=0,	PRINTKLD=0,	PRINTNET=1,	PRINTLAMBDA=1,	ANCESTDIST=0,	NUMBOXES=1000,	ANCESTPINT=0.90000,	GENSBACK=2,	MIGRPRIOR=0.01000,	PRINTQHAT=0,	PRINTQSUM=1,	ALPHA=1.0000,	FREQSCORR=1,	FPRIORMEAN=0.0100,	FPRIORSD=0.0500,	ONEFST=0,	LAMBDA=1.0000,	UNIFPRIORALPHA=1,	ALPHAMAX=10.0000,	ALPHAPRIORA=1.0000,	ALPHAPRIORB=2.0000,	ALPHAPROPSD=0.0250,	STARTATPOPINFO=0,	RANDOMIZE=0,	LINKAGE=0,	METROFREQ=10,	REPORTHITRATE=0,	MARKOVPHASE=0,	PHASED=1,	PLOIDY=2,	PHASEINFO=0	LOCPRIOR=0, 	LOCPRIORINIT=1.000000, 	LOCDATA=0, 	LOCISPOP=1, 	LOCPRIORSTEP=0.100000, 	MAXLOCPRIOR=20.000000, 	SEED=144879,	
[STRAT parameters]:    NUMSIMSTATS=1000,	PHENOTYPECOL=-9,	POOLFREQ=10,	LOCUSxONLY=0,	EMERROR=0.00100,	MISSINGPHENO=-9,	