

----------------------------------------------------
STRUCTURE by Pritchard, Stephens and Donnelly (2000)
     and Falush, Stephens and Pritchard (2003)
       Code by Pritchard, Falush and Hubisz
             Version 2.3.4 (Jul 2012)
----------------------------------------------------



Command line arguments:   structure -D 211423 -K 4 -m mainparams -o k4/w1_k4_run8 
Input File:    w1.str

Run parameters:
   92 individuals
   47 loci
   4 populations assumed
   500000 Burn-in period
   750000 Reps
RANDOMIZE turned off


--------------------------------------------
Proportion of membership of each pre-defined
 population in each of the 4 clusters

Given    Inferred Clusters              Number of
 Pop       1      2      3      4      Individuals

  1:     0.241  0.239  0.261  0.259       10
  2:     0.211  0.263  0.260  0.267       23
  3:     0.258  0.277  0.235  0.230       11
  4:     0.340  0.237  0.211  0.212       18
  5:     0.196  0.238  0.288  0.278       25
  6:     0.294  0.293  0.201  0.213        5
--------------------------------------------

Allele-freq. divergence among pops (Net nucleotide distance),
computed using point estimates of P.

      1       2       3       4      
 1      -    0.0705  0.0270  0.0273  
 2   0.0705     -    0.0467  0.0448  
 3   0.0270  0.0467     -    0.0000  
 4   0.0273  0.0448  0.0000     -    

Average distances (expected heterozygosity) between individuals in same cluster:
cluster  1  : 0.5508 
cluster  2  : 0.5093 
cluster  3  : 0.6869 
cluster  4  : 0.6838 

--------------------------------------------
Estimated Ln Prob of Data   = -12432.5
Mean value of ln likelihood = -10645.3
Variance of ln likelihood   = 3574.4
Mean value of alpha         = 2.5816

Mean value of Fst_1         = 0.2846
Mean value of Fst_2         = 0.3718
Mean value of Fst_3         = 0.0001
Mean value of Fst_4         = 0.0076


Inferred ancestry of individuals:
        Label (%Miss) Pop:  Inferred clusters
  1      801    (0)    1 :  0.221 0.229 0.290 0.261 
  2      815    (0)    1 :  0.197 0.152 0.350 0.302 
  3      816    (0)    1 :  0.439 0.218 0.172 0.171 
  4      817    (0)    1 :  0.184 0.253 0.268 0.295 
  5      818    (0)    1 :  0.233 0.325 0.190 0.253 
  6      819    (0)    1 :  0.343 0.214 0.230 0.213 
  7      820    (2)    1 :  0.166 0.297 0.260 0.278 
  8      821    (0)    1 :  0.287 0.246 0.227 0.240 
  9      822    (0)    1 :  0.174 0.194 0.329 0.304 
 10      853    (0)    1 :  0.162 0.265 0.295 0.278 
 11      797    (0)    2 :  0.209 0.416 0.155 0.221 
 12      798    (0)    2 :  0.318 0.251 0.208 0.224 
 13      799    (0)    2 :  0.156 0.175 0.329 0.340 
 14      800    (0)    2 :  0.303 0.235 0.234 0.227 
 15      823    (0)    2 :  0.181 0.227 0.314 0.278 
 16      824    (0)    2 :  0.225 0.364 0.206 0.205 
 17      825    (0)    2 :  0.198 0.185 0.341 0.276 
 18      826    (0)    2 :  0.256 0.199 0.273 0.272 
 19      827    (0)    2 :  0.164 0.343 0.248 0.245 
 20      836    (0)    2 :  0.153 0.422 0.179 0.246 
 21      837    (0)    2 :  0.139 0.266 0.271 0.324 
 22      838    (0)    2 :  0.273 0.259 0.244 0.224 
 23      839    (0)    2 :  0.241 0.268 0.222 0.269 
 24      840    (0)    2 :  0.257 0.131 0.326 0.287 
 25      841    (0)    2 :  0.241 0.357 0.184 0.217 
 26      842    (0)    2 :  0.217 0.299 0.228 0.255 
 27      843    (0)    2 :  0.199 0.207 0.295 0.299 
 28      845    (0)    2 :  0.209 0.193 0.331 0.267 
 29      846    (0)    2 :  0.250 0.224 0.250 0.276 
 30      847    (2)    2 :  0.179 0.100 0.401 0.320 
 31      848    (0)    2 :  0.139 0.220 0.299 0.342 
 32      849    (0)    2 :  0.169 0.297 0.239 0.294 
 33      855    (0)    2 :  0.166 0.417 0.194 0.223 
 34      793    (0)    3 :  0.244 0.238 0.262 0.256 
 35      794    (0)    3 :  0.178 0.308 0.269 0.246 
 36      828    (0)    3 :  0.293 0.277 0.216 0.213 
 37      829    (4)    3 :  0.251 0.230 0.272 0.247 
 38      830    (0)    3 :  0.301 0.299 0.206 0.194 
 39      831    (2)    3 :  0.211 0.292 0.251 0.247 
 40      832    (0)    3 :  0.457 0.196 0.167 0.180 
 41      833    (2)    3 :  0.199 0.395 0.201 0.206 
 42      835    (0)    3 :  0.212 0.230 0.272 0.286 
 43      870    (0)    3 :  0.283 0.282 0.221 0.214 
 44      871    (0)    3 :  0.205 0.302 0.250 0.243 
 45      451    (0)    4 :  0.138 0.441 0.193 0.229 
 46      452    (4)    4 :  0.438 0.222 0.168 0.171 
 47      453    (4)    4 :  0.449 0.198 0.176 0.176 
 48      454    (2)    4 :  0.221 0.247 0.279 0.253 
 49      455    (4)    4 :  0.216 0.238 0.284 0.262 
 50      795    (0)    4 :  0.528 0.145 0.165 0.162 
 51      796    (0)    4 :  0.204 0.320 0.238 0.238 
 52      802    (0)    4 :  0.406 0.177 0.209 0.208 
 53      804    (0)    4 :  0.359 0.221 0.214 0.206 
 54      805    (0)    4 :  0.211 0.271 0.266 0.253 
 55      851    (0)    4 :  0.588 0.109 0.153 0.151 
 56      852    (0)    4 :  0.514 0.172 0.158 0.156 
 57      854    (0)    4 :  0.274 0.192 0.243 0.291 
 58      858    (0)    4 :  0.188 0.343 0.242 0.226 
 59      859    (0)    4 :  0.220 0.323 0.217 0.239 
 60      860    (0)    4 :  0.201 0.297 0.247 0.255 
 61      862    (0)    4 :  0.453 0.158 0.195 0.194 
 62      863    (0)    4 :  0.506 0.189 0.152 0.153 
 63      450    (0)    5 :  0.161 0.298 0.280 0.261 
 64      791    (0)    5 :  0.236 0.185 0.276 0.303 
 65      792    (0)    5 :  0.111 0.129 0.422 0.339 
 66      803    (0)    5 :  0.149 0.163 0.372 0.316 
 67      806    (0)    5 :  0.172 0.133 0.388 0.307 
 68      807    (0)    5 :  0.170 0.244 0.261 0.325 
 69      808    (0)    5 :  0.246 0.304 0.216 0.235 
 70      809    (0)    5 :  0.286 0.184 0.279 0.250 
 71      810    (0)    5 :  0.138 0.259 0.289 0.314 
 72      811    (0)    5 :  0.156 0.244 0.294 0.305 
 73      812    (0)    5 :  0.224 0.235 0.282 0.259 
 74      813    (0)    5 :  0.263 0.195 0.285 0.257 
 75      814    (0)    5 :  0.214 0.284 0.254 0.248 
 76      834    (0)    5 :  0.169 0.229 0.273 0.328 
 77      844    (0)    5 :  0.233 0.374 0.178 0.214 
 78      850    (0)    5 :  0.225 0.185 0.308 0.282 
 79      856    (0)    5 :  0.274 0.123 0.327 0.276 
 80      857    (0)    5 :  0.183 0.110 0.390 0.316 
 81      861    (0)    5 :  0.239 0.406 0.180 0.175 
 82      864    (0)    5 :  0.135 0.259 0.327 0.279 
 83      865    (0)    5 :  0.187 0.399 0.200 0.213 
 84      866    (0)    5 :  0.252 0.266 0.241 0.241 
 85      867    (0)    5 :  0.164 0.182 0.304 0.349 
 86      868    (0)    5 :  0.188 0.307 0.258 0.247 
 87      869    (0)    5 :  0.113 0.258 0.308 0.321 
 88      004    (0)    6 :  0.305 0.384 0.151 0.160 
 89      008    (0)    6 :  0.218 0.317 0.240 0.225 
 90      013    (0)    6 :  0.276 0.298 0.197 0.229 
 91      109    (0)    6 :  0.133 0.351 0.238 0.278 
 92      348    (0)    6 :  0.538 0.113 0.178 0.171 


Estimated Allele Frequencies in each cluster
First column gives estimated ancestral frequencies


Locus 1 : 1 
4 alleles
0.0% missing data
  91   (0.328) 0.142 0.536 0.328 0.333 
  89   (0.501) 0.710 0.378 0.501 0.496 
  93   (0.135) 0.143 0.080 0.135 0.134 
  99   (0.036) 0.005 0.005 0.036 0.036 

Locus 2 : 2 
6 alleles
0.0% missing data
 134   (0.257) 0.504 0.091 0.257 0.251 
 136   (0.319) 0.301 0.405 0.319 0.323 
 140   (0.122) 0.044 0.062 0.122 0.123 
 138   (0.224) 0.140 0.428 0.224 0.228 
 132   (0.050) 0.007 0.010 0.050 0.051 
 142   (0.027) 0.004 0.004 0.027 0.025 

Locus 3 : 3 
6 alleles
0.0% missing data
 179   (0.294) 0.472 0.177 0.294 0.291 
 187   (0.222) 0.153 0.675 0.222 0.232 
 185   (0.158) 0.047 0.044 0.158 0.156 
 191   (0.051) 0.043 0.010 0.051 0.047 
 181   (0.189) 0.218 0.078 0.189 0.188 
 175   (0.088) 0.067 0.015 0.088 0.086 

Locus 4 : 4 
10 alleles
0.0% missing data
 241   (0.131) 0.048 0.375 0.131 0.139 
 247   (0.122) 0.041 0.034 0.122 0.122 
 253   (0.342) 0.623 0.406 0.342 0.342 
 273   (0.026) 0.002 0.003 0.026 0.024 
 269   (0.204) 0.257 0.148 0.204 0.206 
 271   (0.088) 0.020 0.024 0.088 0.085 
 249   (0.034) 0.004 0.006 0.034 0.033 
 239   (0.018) 0.002 0.002 0.018 0.016 
 265   (0.018) 0.002 0.002 0.018 0.016 
 245   (0.017) 0.001 0.002 0.017 0.016 

Locus 5 : 5 
4 alleles
3.3% missing data
 103   (0.867) 0.974 0.974 0.867 0.872 
 105   (0.077) 0.020 0.020 0.077 0.075 
 102   (0.028) 0.004 0.003 0.028 0.027 
 104   (0.028) 0.003 0.003 0.028 0.026 

Locus 6 : 6 
5 alleles
0.0% missing data
 135   (0.358) 0.192 0.151 0.358 0.359 
 145   (0.359) 0.671 0.264 0.359 0.350 
 141   (0.222) 0.128 0.578 0.222 0.232 
 147   (0.035) 0.006 0.004 0.035 0.033 
 137   (0.027) 0.003 0.003 0.027 0.025 

Locus 7 : 7 
10 alleles
1.1% missing data
  97   (0.179) 0.312 0.093 0.179 0.178 
 103   (0.257) 0.352 0.579 0.257 0.263 
  89   (0.118) 0.040 0.048 0.119 0.119 
  93   (0.228) 0.163 0.232 0.229 0.234 
  83   (0.067) 0.107 0.021 0.067 0.065 
  99   (0.026) 0.004 0.003 0.026 0.025 
  91   (0.034) 0.004 0.004 0.034 0.032 
  85   (0.055) 0.014 0.014 0.055 0.053 
 101   (0.018) 0.002 0.002 0.018 0.016 
 105   (0.017) 0.002 0.003 0.017 0.016 

Locus 8 : 8 
7 alleles
0.0% missing data
 129   (0.497) 0.702 0.809 0.497 0.503 
 143   (0.294) 0.220 0.145 0.294 0.296 
 141   (0.069) 0.039 0.016 0.069 0.066 
 149   (0.070) 0.025 0.022 0.070 0.070 
 133   (0.034) 0.006 0.004 0.034 0.034 
 127   (0.018) 0.002 0.002 0.018 0.017 
 145   (0.017) 0.005 0.002 0.017 0.015 

Locus 9 : 9 
4 alleles
0.0% missing data
 189   (0.505) 0.574 0.342 0.505 0.510 
 191   (0.274) 0.150 0.580 0.274 0.278 
 195   (0.203) 0.274 0.077 0.203 0.195 
 193   (0.019) 0.002 0.001 0.018 0.017 

Locus 10 : 10 
6 alleles
0.0% missing data
 250   (0.067) 0.014 0.015 0.067 0.067 
 254   (0.069) 0.010 0.012 0.069 0.066 
 252   (0.139) 0.039 0.062 0.139 0.136 
 238   (0.540) 0.759 0.570 0.540 0.536 
 232   (0.152) 0.170 0.330 0.152 0.162 
 248   (0.032) 0.007 0.012 0.032 0.032 

Locus 11 : 11 
4 alleles
0.0% missing data
  87   (0.708) 0.691 0.889 0.709 0.714 
  89   (0.215) 0.292 0.091 0.215 0.213 
  91   (0.058) 0.016 0.018 0.057 0.055 
  85   (0.019) 0.002 0.002 0.019 0.017 

Locus 12 : 12 
11 alleles
0.0% missing data
 160   (0.269) 0.374 0.272 0.269 0.268 
 158   (0.182) 0.350 0.079 0.182 0.185 
 162   (0.179) 0.134 0.557 0.179 0.187 
 170   (0.071) 0.051 0.029 0.071 0.073 
 161   (0.100) 0.053 0.027 0.100 0.101 
 154   (0.034) 0.005 0.006 0.034 0.033 
 143   (0.034) 0.003 0.004 0.034 0.032 
 134   (0.017) 0.002 0.002 0.017 0.015 
 147   (0.046) 0.011 0.014 0.046 0.044 
 159   (0.025) 0.008 0.003 0.025 0.023 
 149   (0.041) 0.008 0.007 0.041 0.039 

Locus 13 : 13 
4 alleles
0.0% missing data
 113   (0.357) 0.345 0.196 0.357 0.357 
 115   (0.469) 0.390 0.749 0.469 0.474 
 108   (0.155) 0.264 0.054 0.155 0.153 
 110   (0.019) 0.002 0.001 0.019 0.017 

Locus 14 : 14 
8 alleles
0.0% missing data
 225   (0.193) 0.078 0.073 0.193 0.194 
 229   (0.353) 0.354 0.798 0.353 0.366 
 227   (0.121) 0.449 0.047 0.120 0.115 
 231   (0.219) 0.100 0.061 0.219 0.218 
 203   (0.019) 0.002 0.002 0.019 0.017 
 233   (0.059) 0.010 0.016 0.059 0.058 
 213   (0.018) 0.002 0.002 0.018 0.017 
 221   (0.019) 0.005 0.001 0.019 0.017 

Locus 15 : 15 
4 alleles
1.1% missing data
 143   (0.883) 0.978 0.981 0.883 0.889 
 145   (0.061) 0.014 0.012 0.061 0.060 
 147   (0.037) 0.005 0.005 0.037 0.035 
 157   (0.019) 0.002 0.002 0.019 0.017 

Locus 16 : 16 
5 alleles
0.0% missing data
 158   (0.443) 0.530 0.730 0.443 0.447 
 156   (0.311) 0.281 0.159 0.312 0.306 
 154   (0.080) 0.019 0.023 0.080 0.082 
 160   (0.148) 0.168 0.085 0.147 0.148 
 152   (0.018) 0.002 0.003 0.018 0.016 

Locus 17 : 17 
5 alleles
0.0% missing data
  90   (0.600) 0.660 0.795 0.600 0.609 
 100   (0.136) 0.084 0.067 0.136 0.134 
 102   (0.168) 0.218 0.117 0.168 0.164 
 104   (0.018) 0.002 0.002 0.018 0.017 
  88   (0.078) 0.037 0.018 0.078 0.075 

Locus 18 : 18 
7 alleles
0.0% missing data
 127   (0.240) 0.308 0.305 0.240 0.242 
 140   (0.264) 0.404 0.190 0.264 0.263 
 142   (0.096) 0.029 0.330 0.096 0.102 
 148   (0.117) 0.058 0.065 0.117 0.114 
 146   (0.116) 0.044 0.052 0.117 0.117 
 138   (0.071) 0.134 0.029 0.071 0.070 
 150   (0.095) 0.024 0.029 0.095 0.093 

Locus 19 : 19 
6 alleles
0.0% missing data
 190   (0.120) 0.126 0.044 0.120 0.116 
 194   (0.445) 0.586 0.740 0.445 0.459 
 202   (0.050) 0.009 0.007 0.050 0.050 
 188   (0.194) 0.099 0.152 0.194 0.191 
 200   (0.173) 0.179 0.055 0.173 0.168 
 198   (0.018) 0.002 0.001 0.018 0.016 

Locus 20 : 20 
6 alleles
0.0% missing data
 252   (0.598) 0.791 0.892 0.598 0.601 
 246   (0.117) 0.163 0.034 0.117 0.115 
 248   (0.027) 0.003 0.004 0.027 0.027 
 244   (0.034) 0.005 0.009 0.034 0.032 
 250   (0.119) 0.019 0.026 0.119 0.118 
 254   (0.105) 0.019 0.035 0.105 0.107 

Locus 21 : 21 
6 alleles
0.0% missing data
 167   (0.253) 0.439 0.183 0.253 0.249 
 173   (0.252) 0.262 0.531 0.252 0.253 
 163   (0.060) 0.010 0.008 0.060 0.061 
 177   (0.209) 0.133 0.216 0.209 0.216 
 175   (0.140) 0.126 0.036 0.140 0.135 
 165   (0.087) 0.030 0.026 0.087 0.085 

Locus 22 : 22 
10 alleles
1.1% missing data
 152   (0.337) 0.563 0.614 0.337 0.345 
 158   (0.158) 0.120 0.050 0.158 0.154 
 146   (0.175) 0.219 0.247 0.175 0.175 
 150   (0.047) 0.014 0.011 0.047 0.047 
 148   (0.034) 0.004 0.004 0.034 0.034 
 162   (0.050) 0.013 0.007 0.050 0.047 
 166   (0.090) 0.030 0.038 0.090 0.090 
 164   (0.053) 0.011 0.022 0.053 0.056 
 142   (0.031) 0.023 0.003 0.031 0.029 
 156   (0.025) 0.003 0.004 0.025 0.024 

Locus 23 : 23 
6 alleles
1.1% missing data
 144   (0.155) 0.287 0.163 0.155 0.155 
 156   (0.191) 0.103 0.086 0.191 0.193 
 154   (0.490) 0.472 0.709 0.490 0.495 
 160   (0.119) 0.132 0.037 0.119 0.116 
 152   (0.019) 0.002 0.003 0.019 0.017 
 158   (0.026) 0.003 0.003 0.026 0.024 

Locus 24 : 24 
4 alleles
1.1% missing data
  81   (0.377) 0.340 0.501 0.377 0.377 
  83   (0.459) 0.547 0.400 0.459 0.459 
  77   (0.109) 0.086 0.083 0.109 0.111 
  85   (0.055) 0.026 0.016 0.055 0.053 

Locus 25 : 25 
6 alleles
1.1% missing data
 124   (0.518) 0.705 0.374 0.518 0.519 
 132   (0.222) 0.231 0.547 0.222 0.227 
 122   (0.152) 0.042 0.064 0.152 0.153 
 126   (0.061) 0.012 0.010 0.061 0.058 
 136   (0.028) 0.008 0.003 0.028 0.025 
 120   (0.019) 0.002 0.002 0.019 0.017 

Locus 26 : 26 
6 alleles
0.0% missing data
 165   (0.248) 0.417 0.133 0.248 0.246 
 183   (0.287) 0.176 0.587 0.287 0.293 
 179   (0.132) 0.050 0.054 0.132 0.129 
 175   (0.236) 0.322 0.202 0.236 0.239 
 181   (0.079) 0.033 0.021 0.079 0.076 
 185   (0.018) 0.002 0.002 0.018 0.016 

Locus 27 : 27 
4 alleles
0.0% missing data
 142   (0.481) 0.747 0.518 0.481 0.472 
 150   (0.195) 0.107 0.121 0.195 0.196 
 148   (0.229) 0.081 0.339 0.229 0.240 
 138   (0.096) 0.065 0.022 0.096 0.093 

Locus 28 : 28 
5 alleles
0.0% missing data
 260   (0.412) 0.463 0.627 0.412 0.423 
 262   (0.458) 0.495 0.343 0.459 0.453 
 258   (0.035) 0.005 0.004 0.035 0.033 
 256   (0.063) 0.015 0.022 0.063 0.063 
 264   (0.031) 0.022 0.003 0.031 0.029 

Locus 29 : 29 
5 alleles
1.1% missing data
 140   (0.169) 0.201 0.050 0.169 0.162 
 150   (0.451) 0.547 0.694 0.451 0.454 
 148   (0.091) 0.018 0.028 0.091 0.090 
 146   (0.245) 0.229 0.221 0.245 0.251 
 152   (0.045) 0.006 0.007 0.045 0.043 

Locus 30 : 30 
6 alleles
0.0% missing data
 125   (0.218) 0.106 0.452 0.218 0.225 
 129   (0.464) 0.742 0.439 0.464 0.464 
 123   (0.138) 0.072 0.067 0.138 0.135 
 131   (0.053) 0.059 0.014 0.053 0.051 
 121   (0.027) 0.003 0.003 0.027 0.026 
 127   (0.100) 0.019 0.025 0.100 0.099 

Locus 31 : 31 
5 alleles
0.0% missing data
 155   (0.520) 0.504 0.640 0.520 0.531 
 159   (0.152) 0.200 0.073 0.152 0.146 
 157   (0.204) 0.221 0.229 0.204 0.206 
 151   (0.034) 0.005 0.003 0.034 0.032 
 153   (0.089) 0.070 0.054 0.089 0.085 

Locus 32 : 32 
4 alleles
0.0% missing data
 146   (0.346) 0.308 0.319 0.346 0.345 
 148   (0.085) 0.030 0.029 0.085 0.083 
 150   (0.498) 0.639 0.628 0.498 0.503 
 154   (0.071) 0.024 0.024 0.071 0.068 

Locus 33 : 33 
6 alleles
0.0% missing data
 180   (0.364) 0.436 0.569 0.364 0.369 
 192   (0.177) 0.259 0.173 0.177 0.175 
 184   (0.220) 0.131 0.139 0.220 0.221 
 196   (0.162) 0.162 0.106 0.162 0.161 
 198   (0.050) 0.009 0.011 0.050 0.048 
 190   (0.026) 0.003 0.003 0.026 0.026 

Locus 34 : 34 
6 alleles
0.0% missing data
 106   (0.279) 0.337 0.383 0.279 0.276 
 112   (0.265) 0.446 0.253 0.265 0.265 
  94   (0.043) 0.006 0.006 0.043 0.043 
 110   (0.183) 0.111 0.277 0.183 0.190 
 108   (0.177) 0.085 0.076 0.177 0.178 
  90   (0.052) 0.014 0.005 0.052 0.049 

Locus 35 : 35 
8 alleles
0.0% missing data
 168   (0.137) 0.064 0.069 0.137 0.136 
 178   (0.069) 0.054 0.018 0.069 0.066 
 170   (0.279) 0.245 0.152 0.279 0.282 
 174   (0.097) 0.060 0.286 0.097 0.097 
 172   (0.217) 0.507 0.268 0.217 0.213 
 176   (0.102) 0.031 0.176 0.102 0.112 
 166   (0.065) 0.034 0.024 0.065 0.063 
 186   (0.034) 0.005 0.007 0.034 0.032 

Locus 36 : 36 
6 alleles
0.0% missing data
  85   (0.199) 0.116 0.333 0.199 0.199 
  95   (0.076) 0.047 0.016 0.076 0.074 
  89   (0.486) 0.744 0.451 0.486 0.489 
  83   (0.152) 0.077 0.187 0.152 0.154 
  81   (0.069) 0.015 0.011 0.069 0.067 
  91   (0.018) 0.002 0.002 0.018 0.017 

Locus 37 : 37 
6 alleles
0.0% missing data
 161   (0.351) 0.252 0.421 0.351 0.352 
 165   (0.227) 0.122 0.247 0.227 0.229 
 167   (0.054) 0.023 0.016 0.054 0.052 
 169   (0.099) 0.054 0.153 0.099 0.102 
 173   (0.245) 0.534 0.161 0.245 0.243 
 175   (0.025) 0.015 0.002 0.025 0.023 

Locus 38 : 38 
5 alleles
0.0% missing data
  85   (0.251) 0.274 0.120 0.251 0.250 
  87   (0.151) 0.039 0.070 0.151 0.149 
  91   (0.171) 0.232 0.068 0.171 0.168 
  81   (0.099) 0.036 0.037 0.099 0.098 
  89   (0.329) 0.420 0.706 0.329 0.335 

Locus 39 : 39 
3 alleles
0.0% missing data
 167   (0.707) 0.861 0.921 0.707 0.709 
 161   (0.240) 0.133 0.070 0.240 0.237 
 165   (0.053) 0.007 0.009 0.053 0.054 

Locus 40 : 40 
6 alleles
0.0% missing data
 224   (0.028) 0.004 0.004 0.028 0.026 
 228   (0.356) 0.606 0.232 0.357 0.358 
 238   (0.322) 0.260 0.679 0.322 0.325 
 240   (0.205) 0.120 0.072 0.205 0.204 
 242   (0.018) 0.002 0.002 0.018 0.017 
 236   (0.070) 0.009 0.012 0.070 0.070 

Locus 41 : 41 
7 alleles
1.1% missing data
 130   (0.419) 0.496 0.728 0.419 0.435 
 118   (0.079) 0.031 0.018 0.079 0.076 
 128   (0.077) 0.201 0.027 0.077 0.074 
 132   (0.117) 0.052 0.074 0.117 0.115 
 114   (0.129) 0.046 0.046 0.129 0.128 
 134   (0.163) 0.173 0.104 0.163 0.157 
 122   (0.017) 0.002 0.002 0.017 0.016 

Locus 42 : 42 
6 alleles
0.0% missing data
 104   (0.432) 0.658 0.274 0.432 0.428 
  98   (0.161) 0.045 0.081 0.161 0.163 
 102   (0.157) 0.227 0.539 0.157 0.156 
  92   (0.154) 0.050 0.091 0.154 0.161 
  96   (0.077) 0.018 0.014 0.077 0.074 
 106   (0.018) 0.002 0.002 0.018 0.017 

Locus 43 : 43 
5 alleles
0.0% missing data
  95   (0.213) 0.147 0.334 0.213 0.212 
 101   (0.311) 0.662 0.181 0.311 0.309 
 103   (0.301) 0.161 0.441 0.301 0.307 
  99   (0.122) 0.022 0.036 0.122 0.123 
  97   (0.053) 0.008 0.008 0.053 0.050 

Locus 44 : 44 
7 alleles
0.0% missing data
 181   (0.487) 0.577 0.816 0.487 0.502 
 191   (0.299) 0.357 0.135 0.299 0.295 
 179   (0.050) 0.009 0.015 0.050 0.048 
 177   (0.083) 0.047 0.026 0.083 0.080 
 193   (0.027) 0.003 0.002 0.027 0.025 
 183   (0.028) 0.004 0.003 0.028 0.025 
 189   (0.027) 0.003 0.003 0.027 0.025 

Locus 45 : 45 
6 alleles
2.2% missing data
 211   (0.234) 0.180 0.125 0.234 0.231 
 215   (0.079) 0.018 0.036 0.079 0.079 
 205   (0.379) 0.579 0.662 0.379 0.383 
 207   (0.225) 0.203 0.155 0.225 0.229 
 201   (0.064) 0.017 0.019 0.064 0.062 
 202   (0.019) 0.003 0.003 0.019 0.017 

Locus 46 : 46 
9 alleles
0.0% missing data
 142   (0.256) 0.532 0.236 0.256 0.252 
 162   (0.078) 0.025 0.018 0.078 0.077 
 164   (0.067) 0.015 0.011 0.067 0.064 
 168   (0.152) 0.100 0.169 0.152 0.159 
 158   (0.138) 0.081 0.313 0.138 0.144 
 170   (0.042) 0.005 0.005 0.042 0.041 
 166   (0.130) 0.190 0.185 0.130 0.131 
 144   (0.080) 0.039 0.050 0.080 0.078 
 156   (0.056) 0.011 0.013 0.056 0.054 

Locus 47 : 47 
6 alleles
0.0% missing data
 149   (0.339) 0.494 0.258 0.339 0.341 
 151   (0.237) 0.145 0.114 0.237 0.238 
 145   (0.222) 0.297 0.121 0.222 0.219 
 153   (0.156) 0.059 0.502 0.156 0.157 
 143   (0.028) 0.003 0.003 0.028 0.027 
 147   (0.018) 0.002 0.002 0.018 0.017 

Values of parameters used in structure:
DATAFILE=w1.str,	OUTFILE=k4/w1_k4_run8,	NUMINDS=92,	NUMLOCI=47,	MISSING=-9,	LABEL=1,	POPDATA=1,	POPFLAG=0,	PHENOTYPE=0,	EXTRACOLS=0,	MAXPOPS=4,	BURNIN=500000,	NUMREPS=750000,	USEPOPINFO=0,	INFERALPHA=1,	INFERLAMBDA=0,	POPSPECIFICLAMBDA=0,	POPALPHAS=0,	COMPUTEPROB=1,	NOADMIX=0,	ADMBURNIN=500,	UPDATEFREQ=100,	PRINTLIKES=0,	INTERMEDSAVE=0,	PRINTKLD=0,	PRINTNET=1,	PRINTLAMBDA=1,	ANCESTDIST=0,	NUMBOXES=1000,	ANCESTPINT=0.90000,	GENSBACK=2,	MIGRPRIOR=0.01000,	PRINTQHAT=0,	PRINTQSUM=1,	ALPHA=1.0000,	FREQSCORR=1,	FPRIORMEAN=0.0100,	FPRIORSD=0.0500,	ONEFST=0,	LAMBDA=1.0000,	UNIFPRIORALPHA=1,	ALPHAMAX=10.0000,	ALPHAPRIORA=1.0000,	ALPHAPRIORB=2.0000,	ALPHAPROPSD=0.0250,	STARTATPOPINFO=0,	RANDOMIZE=0,	LINKAGE=0,	METROFREQ=10,	REPORTHITRATE=0,	MARKOVPHASE=0,	PHASED=1,	PLOIDY=2,	PHASEINFO=0	LOCPRIOR=0, 	LOCPRIORINIT=1.000000, 	LOCDATA=0, 	LOCISPOP=1, 	LOCPRIORSTEP=0.100000, 	MAXLOCPRIOR=20.000000, 	SEED=211423,	
[STRAT parameters]:    NUMSIMSTATS=1000,	PHENOTYPECOL=-9,	POOLFREQ=10,	LOCUSxONLY=0,	EMERROR=0.00100,	MISSINGPHENO=-9,	