

----------------------------------------------------
STRUCTURE by Pritchard, Stephens and Donnelly (2000)
     and Falush, Stephens and Pritchard (2003)
       Code by Pritchard, Falush and Hubisz
             Version 2.3.4 (Jul 2012)
----------------------------------------------------



Command line arguments:   structure -D 406285 -K 6 -m mainparams -o k6/w1_k6_run2 
Input File:    w1.str

Run parameters:
   92 individuals
   47 loci
   6 populations assumed
   500000 Burn-in period
   750000 Reps
RANDOMIZE turned off


--------------------------------------------
Proportion of membership of each pre-defined
 population in each of the 6 clusters

Given    Inferred Clusters                            Number of
 Pop       1      2      3      4      5      6      Individuals

  1:     0.220  0.097  0.140  0.189  0.163  0.191       10
  2:     0.212  0.046  0.148  0.205  0.166  0.223       23
  3:     0.117  0.084  0.268  0.171  0.221  0.139       11
  4:     0.093  0.439  0.108  0.109  0.101  0.150       18
  5:     0.238  0.027  0.160  0.199  0.182  0.193       25
  6:     0.141  0.297  0.110  0.150  0.124  0.180        5
--------------------------------------------

Allele-freq. divergence among pops (Net nucleotide distance),
computed using point estimates of P.

      1       2       3       4       5       6      
 1      -    0.0167  0.0024  0.0003  0.0010  0.0005  
 2   0.0167     -    0.0200  0.0180  0.0186  0.0183  
 3   0.0024  0.0200     -    0.0014  0.0003  0.0029  
 4   0.0003  0.0180  0.0014     -    0.0004  0.0004  
 5   0.0010  0.0186  0.0003  0.0004     -    0.0015  
 6   0.0005  0.0183  0.0029  0.0004  0.0015     -    

Average distances (expected heterozygosity) between individuals in same cluster:
cluster  1  : 0.6478 
cluster  2  : 0.5867 
cluster  3  : 0.6337 
cluster  4  : 0.6389 
cluster  5  : 0.6372 
cluster  6  : 0.6349 

--------------------------------------------
Estimated Ln Prob of Data   = -11786.7
Mean value of ln likelihood = -10420.1
Variance of ln likelihood   = 2733.2
Mean value of alpha         = 0.0668

Mean value of Fst_1         = 0.0001
Mean value of Fst_2         = 0.1107
Mean value of Fst_3         = 0.0580
Mean value of Fst_4         = 0.0320
Mean value of Fst_5         = 0.0457
Mean value of Fst_6         = 0.0300


Inferred ancestry of individuals:
        Label (%Miss) Pop:  Inferred clusters
  1      801    (0)    1 :  0.296 0.033 0.140 0.191 0.194 0.145 
  2      815    (0)    1 :  0.394 0.019 0.129 0.169 0.151 0.138 
  3      816    (0)    1 :  0.082 0.550 0.101 0.089 0.099 0.078 
  4      817    (0)    1 :  0.201 0.013 0.143 0.232 0.161 0.250 
  5      818    (0)    1 :  0.098 0.022 0.163 0.243 0.154 0.320 
  6      819    (0)    1 :  0.219 0.135 0.141 0.171 0.159 0.176 
  7      820    (2)    1 :  0.246 0.014 0.129 0.218 0.145 0.249 
  8      821    (0)    1 :  0.179 0.165 0.124 0.166 0.146 0.219 
  9      822    (0)    1 :  0.214 0.010 0.225 0.197 0.231 0.123 
 10      853    (0)    1 :  0.271 0.012 0.104 0.211 0.194 0.208 
 11      797    (0)    2 :  0.085 0.049 0.149 0.235 0.159 0.324 
 12      798    (0)    2 :  0.135 0.181 0.122 0.182 0.142 0.239 
 13      799    (0)    2 :  0.186 0.015 0.148 0.243 0.125 0.283 
 14      800    (0)    2 :  0.250 0.137 0.117 0.176 0.145 0.175 
 15      823    (0)    2 :  0.361 0.045 0.073 0.188 0.169 0.165 
 16      824    (0)    2 :  0.008 0.011 0.485 0.158 0.327 0.011 
 17      825    (0)    2 :  0.370 0.037 0.076 0.177 0.169 0.170 
 18      826    (0)    2 :  0.231 0.034 0.127 0.217 0.164 0.227 
 19      827    (0)    2 :  0.129 0.012 0.216 0.177 0.174 0.292 
 20      836    (0)    2 :  0.094 0.016 0.154 0.247 0.160 0.329 
 21      837    (0)    2 :  0.184 0.009 0.132 0.240 0.163 0.271 
 22      838    (0)    2 :  0.228 0.050 0.217 0.180 0.206 0.119 
 23      839    (0)    2 :  0.123 0.077 0.173 0.229 0.135 0.264 
 24      840    (0)    2 :  0.301 0.064 0.086 0.190 0.171 0.187 
 25      841    (0)    2 :  0.164 0.077 0.129 0.203 0.163 0.265 
 26      842    (0)    2 :  0.186 0.038 0.140 0.208 0.186 0.242 
 27      843    (0)    2 :  0.252 0.027 0.143 0.214 0.157 0.207 
 28      845    (0)    2 :  0.423 0.016 0.083 0.179 0.150 0.149 
 29      846    (0)    2 :  0.238 0.093 0.120 0.201 0.126 0.223 
 30      847    (2)    2 :  0.407 0.012 0.066 0.198 0.163 0.154 
 31      848    (0)    2 :  0.179 0.007 0.143 0.246 0.144 0.281 
 32      849    (0)    2 :  0.158 0.028 0.150 0.240 0.135 0.290 
 33      855    (0)    2 :  0.176 0.034 0.153 0.196 0.178 0.263 
 34      793    (0)    3 :  0.030 0.014 0.436 0.168 0.327 0.025 
 35      794    (0)    3 :  0.305 0.017 0.135 0.181 0.157 0.205 
 36      828    (0)    3 :  0.100 0.073 0.227 0.179 0.176 0.245 
 37      829    (4)    3 :  0.037 0.013 0.431 0.169 0.322 0.027 
 38      830    (0)    3 :  0.105 0.105 0.307 0.161 0.252 0.071 
 39      831    (2)    3 :  0.031 0.034 0.443 0.155 0.306 0.031 
 40      832    (0)    3 :  0.089 0.524 0.075 0.106 0.095 0.110 
 41      833    (2)    3 :  0.109 0.013 0.310 0.176 0.243 0.149 
 42      835    (0)    3 :  0.220 0.023 0.148 0.217 0.152 0.240 
 43      870    (0)    3 :  0.175 0.090 0.198 0.184 0.208 0.144 
 44      871    (0)    3 :  0.087 0.020 0.240 0.182 0.188 0.282 
 45      451    (0)    4 :  0.148 0.009 0.165 0.211 0.205 0.262 
 46      452    (4)    4 :  0.014 0.925 0.014 0.015 0.015 0.017 
 47      453    (4)    4 :  0.014 0.908 0.026 0.017 0.022 0.014 
 48      454    (2)    4 :  0.122 0.049 0.219 0.168 0.171 0.271 
 49      455    (4)    4 :  0.142 0.073 0.211 0.164 0.167 0.244 
 50      795    (0)    4 :  0.016 0.925 0.014 0.015 0.014 0.016 
 51      796    (0)    4 :  0.207 0.027 0.175 0.176 0.190 0.225 
 52      802    (0)    4 :  0.035 0.850 0.025 0.030 0.028 0.031 
 53      804    (0)    4 :  0.126 0.202 0.157 0.153 0.149 0.213 
 54      805    (0)    4 :  0.148 0.027 0.208 0.185 0.171 0.261 
 55      851    (0)    4 :  0.009 0.955 0.009 0.009 0.010 0.008 
 56      852    (0)    4 :  0.014 0.927 0.014 0.015 0.013 0.017 
 57      854    (0)    4 :  0.186 0.047 0.132 0.226 0.146 0.263 
 58      858    (0)    4 :  0.107 0.023 0.217 0.176 0.178 0.300 
 59      859    (0)    4 :  0.205 0.073 0.148 0.178 0.154 0.241 
 60      860    (0)    4 :  0.160 0.026 0.187 0.190 0.157 0.280 
 61      862    (0)    4 :  0.014 0.931 0.013 0.014 0.014 0.014 
 62      863    (0)    4 :  0.014 0.920 0.017 0.015 0.017 0.017 
 63      450    (0)    5 :  0.235 0.030 0.215 0.185 0.213 0.122 
 64      791    (0)    5 :  0.220 0.051 0.135 0.211 0.153 0.229 
 65      792    (0)    5 :  0.433 0.005 0.092 0.183 0.168 0.119 
 66      803    (0)    5 :  0.320 0.007 0.097 0.210 0.200 0.166 
 67      806    (0)    5 :  0.410 0.012 0.066 0.192 0.170 0.151 
 68      807    (0)    5 :  0.112 0.014 0.165 0.248 0.144 0.316 
 69      808    (0)    5 :  0.118 0.015 0.227 0.194 0.203 0.243 
 70      809    (0)    5 :  0.267 0.071 0.100 0.202 0.186 0.173 
 71      810    (0)    5 :  0.224 0.011 0.108 0.236 0.181 0.240 
 72      811    (0)    5 :  0.260 0.010 0.100 0.224 0.199 0.208 
 73      812    (0)    5 :  0.350 0.029 0.103 0.183 0.146 0.189 
 74      813    (0)    5 :  0.280 0.089 0.157 0.172 0.183 0.119 
 75      814    (0)    5 :  0.156 0.030 0.281 0.177 0.234 0.122 
 76      834    (0)    5 :  0.180 0.011 0.142 0.240 0.146 0.281 
 77      844    (0)    5 :  0.115 0.055 0.214 0.195 0.182 0.239 
 78      850    (0)    5 :  0.176 0.036 0.198 0.191 0.173 0.226 
 79      856    (0)    5 :  0.263 0.030 0.144 0.187 0.167 0.210 
 80      857    (0)    5 :  0.434 0.018 0.080 0.176 0.146 0.146 
 81      861    (0)    5 :  0.119 0.039 0.278 0.170 0.210 0.184 
 82      864    (0)    5 :  0.394 0.014 0.080 0.184 0.155 0.173 
 83      865    (0)    5 :  0.180 0.017 0.192 0.186 0.183 0.242 
 84      866    (0)    5 :  0.233 0.055 0.112 0.207 0.203 0.191 
 85      867    (0)    5 :  0.195 0.013 0.126 0.236 0.173 0.256 
 86      868    (0)    5 :  0.036 0.012 0.452 0.161 0.311 0.027 
 87      869    (0)    5 :  0.241 0.007 0.138 0.223 0.133 0.257 
 88      004    (0)    6 :  0.095 0.365 0.118 0.129 0.133 0.158 
 89      008    (0)    6 :  0.248 0.063 0.145 0.181 0.167 0.196 
 90      013    (0)    6 :  0.187 0.107 0.124 0.196 0.149 0.236 
 91      109    (0)    6 :  0.157 0.010 0.151 0.230 0.157 0.296 
 92      348    (0)    6 :  0.016 0.937 0.011 0.012 0.012 0.012 


Estimated Allele Frequencies in each cluster
First column gives estimated ancestral frequencies


Locus 1 : 1 
4 alleles
0.0% missing data
  91   (0.339) 0.339 0.172 0.404 0.363 0.385 0.347 
  89   (0.513) 0.513 0.647 0.470 0.497 0.485 0.506 
  93   (0.123) 0.123 0.174 0.110 0.116 0.113 0.123 
  99   (0.025) 0.025 0.008 0.016 0.023 0.018 0.024 

Locus 2 : 2 
6 alleles
0.0% missing data
 134   (0.262) 0.262 0.443 0.244 0.249 0.251 0.234 
 136   (0.335) 0.335 0.281 0.362 0.350 0.350 0.353 
 140   (0.095) 0.095 0.029 0.086 0.095 0.089 0.104 
 138   (0.250) 0.250 0.231 0.270 0.257 0.266 0.255 
 132   (0.037) 0.037 0.010 0.024 0.034 0.028 0.036 
 142   (0.020) 0.020 0.006 0.014 0.016 0.015 0.018 

Locus 3 : 3 
6 alleles
0.0% missing data
 179   (0.290) 0.290 0.332 0.335 0.301 0.316 0.295 
 187   (0.324) 0.324 0.252 0.288 0.329 0.304 0.360 
 185   (0.118) 0.118 0.035 0.111 0.113 0.113 0.112 
 191   (0.031) 0.031 0.097 0.046 0.029 0.039 0.019 
 181   (0.173) 0.173 0.169 0.176 0.172 0.181 0.156 
 175   (0.064) 0.064 0.114 0.044 0.056 0.047 0.059 

Locus 4 : 4 
10 alleles
0.0% missing data
 241   (0.180) 0.180 0.065 0.170 0.186 0.179 0.196 
 247   (0.094) 0.094 0.033 0.080 0.090 0.085 0.094 
 253   (0.398) 0.398 0.561 0.401 0.403 0.403 0.413 
 273   (0.021) 0.021 0.005 0.012 0.015 0.014 0.014 
 269   (0.185) 0.185 0.303 0.202 0.192 0.190 0.192 
 271   (0.054) 0.054 0.015 0.098 0.064 0.083 0.041 
 249   (0.026) 0.026 0.007 0.016 0.022 0.020 0.022 
 239   (0.013) 0.013 0.004 0.006 0.009 0.008 0.009 
 265   (0.014) 0.014 0.004 0.008 0.010 0.009 0.010 
 245   (0.014) 0.014 0.004 0.007 0.010 0.009 0.009 

Locus 5 : 5 
4 alleles
3.3% missing data
 103   (0.903) 0.903 0.968 0.904 0.910 0.904 0.923 
 105   (0.056) 0.056 0.018 0.067 0.055 0.066 0.043 
 102   (0.020) 0.020 0.007 0.014 0.018 0.014 0.019 
 104   (0.022) 0.022 0.007 0.015 0.017 0.016 0.015 

Locus 6 : 6 
5 alleles
0.0% missing data
 135   (0.302) 0.302 0.159 0.278 0.292 0.289 0.273 
 145   (0.369) 0.369 0.592 0.385 0.370 0.381 0.384 
 141   (0.280) 0.280 0.233 0.308 0.300 0.296 0.305 
 147   (0.028) 0.028 0.011 0.017 0.022 0.020 0.023 
 137   (0.022) 0.022 0.006 0.012 0.016 0.014 0.016 

Locus 7 : 7 
10 alleles
1.1% missing data
  97   (0.192) 0.192 0.230 0.178 0.184 0.183 0.182 
 103   (0.337) 0.337 0.370 0.369 0.361 0.355 0.370 
  89   (0.093) 0.093 0.030 0.084 0.091 0.088 0.094 
  93   (0.219) 0.219 0.187 0.189 0.217 0.201 0.234 
  83   (0.054) 0.054 0.152 0.036 0.046 0.044 0.049 
  99   (0.021) 0.021 0.008 0.012 0.015 0.014 0.016 
  91   (0.028) 0.028 0.007 0.015 0.021 0.020 0.020 
  85   (0.029) 0.029 0.008 0.079 0.040 0.063 0.019 
 101   (0.014) 0.014 0.004 0.019 0.012 0.016 0.008 
 105   (0.014) 0.014 0.004 0.019 0.012 0.016 0.008 

Locus 8 : 8 
7 alleles
0.0% missing data
 129   (0.588) 0.588 0.661 0.632 0.613 0.622 0.611 
 143   (0.251) 0.251 0.162 0.260 0.255 0.259 0.252 
 141   (0.055) 0.055 0.065 0.036 0.044 0.042 0.045 
 149   (0.053) 0.053 0.072 0.041 0.046 0.043 0.049 
 133   (0.026) 0.026 0.008 0.017 0.023 0.018 0.024 
 127   (0.014) 0.014 0.004 0.008 0.010 0.009 0.010 
 145   (0.013) 0.013 0.029 0.006 0.008 0.007 0.008 

Locus 9 : 9 
4 alleles
0.0% missing data
 189   (0.469) 0.468 0.454 0.534 0.496 0.510 0.480 
 191   (0.337) 0.337 0.245 0.311 0.332 0.326 0.333 
 195   (0.180) 0.180 0.297 0.148 0.161 0.155 0.177 
 193   (0.015) 0.015 0.004 0.007 0.010 0.009 0.009 

Locus 10 : 10 
6 alleles
0.0% missing data
 250   (0.051) 0.051 0.016 0.036 0.046 0.040 0.048 
 254   (0.052) 0.052 0.014 0.039 0.044 0.045 0.039 
 252   (0.096) 0.096 0.053 0.142 0.104 0.125 0.084 
 238   (0.592) 0.592 0.676 0.607 0.589 0.604 0.583 
 232   (0.185) 0.185 0.232 0.160 0.194 0.167 0.219 
 248   (0.023) 0.023 0.009 0.017 0.023 0.019 0.027 

Locus 11 : 11 
4 alleles
0.0% missing data
  87   (0.762) 0.762 0.719 0.687 0.749 0.718 0.782 
  89   (0.183) 0.183 0.257 0.247 0.198 0.222 0.173 
  91   (0.040) 0.040 0.020 0.059 0.042 0.051 0.034 
  85   (0.014) 0.014 0.004 0.008 0.011 0.009 0.011 

Locus 12 : 12 
11 alleles
0.0% missing data
 160   (0.285) 0.285 0.371 0.285 0.282 0.287 0.281 
 158   (0.182) 0.182 0.314 0.171 0.181 0.175 0.175 
 162   (0.254) 0.254 0.163 0.320 0.282 0.303 0.267 
 170   (0.058) 0.058 0.030 0.047 0.060 0.051 0.069 
 161   (0.081) 0.081 0.052 0.066 0.076 0.070 0.077 
 154   (0.026) 0.026 0.007 0.016 0.021 0.018 0.022 
 143   (0.025) 0.025 0.006 0.018 0.020 0.021 0.018 
 134   (0.014) 0.014 0.004 0.007 0.009 0.008 0.009 
 147   (0.027) 0.027 0.008 0.032 0.029 0.029 0.039 
 159   (0.019) 0.019 0.034 0.012 0.014 0.013 0.014 
 149   (0.029) 0.029 0.011 0.024 0.025 0.024 0.029 

Locus 13 : 13 
4 alleles
0.0% missing data
 113   (0.320) 0.320 0.374 0.258 0.301 0.283 0.317 
 115   (0.529) 0.529 0.346 0.570 0.551 0.558 0.554 
 108   (0.136) 0.136 0.277 0.165 0.138 0.150 0.120 
 110   (0.015) 0.015 0.004 0.007 0.010 0.009 0.009 

Locus 14 : 14 
8 alleles
0.0% missing data
 225   (0.149) 0.149 0.074 0.153 0.149 0.151 0.138 
 229   (0.452) 0.452 0.457 0.453 0.469 0.458 0.501 
 227   (0.151) 0.151 0.371 0.160 0.146 0.154 0.136 
 231   (0.165) 0.165 0.049 0.175 0.168 0.174 0.153 
 203   (0.015) 0.015 0.004 0.011 0.011 0.011 0.009 
 233   (0.041) 0.041 0.013 0.035 0.038 0.035 0.046 
 213   (0.014) 0.014 0.003 0.007 0.010 0.009 0.010 
 221   (0.014) 0.014 0.029 0.007 0.009 0.008 0.008 

Locus 15 : 15 
4 alleles
1.1% missing data
 143   (0.913) 0.913 0.975 0.927 0.924 0.924 0.928 
 145   (0.045) 0.045 0.014 0.031 0.040 0.036 0.043 
 147   (0.027) 0.027 0.007 0.034 0.025 0.031 0.019 
 157   (0.015) 0.015 0.004 0.008 0.010 0.009 0.010 

Locus 16 : 16 
5 alleles
0.0% missing data
 158   (0.527) 0.527 0.596 0.515 0.528 0.521 0.535 
 156   (0.268) 0.268 0.255 0.312 0.270 0.300 0.234 
 154   (0.057) 0.057 0.018 0.041 0.057 0.047 0.060 
 160   (0.133) 0.133 0.126 0.122 0.134 0.122 0.158 
 152   (0.015) 0.015 0.004 0.010 0.011 0.010 0.013 

Locus 17 : 17 
5 alleles
0.0% missing data
  90   (0.656) 0.656 0.640 0.671 0.672 0.669 0.671 
 100   (0.112) 0.112 0.049 0.132 0.116 0.125 0.108 
 102   (0.157) 0.157 0.255 0.143 0.148 0.146 0.158 
 104   (0.014) 0.014 0.004 0.008 0.011 0.009 0.011 
  88   (0.061) 0.061 0.052 0.046 0.053 0.051 0.052 

Locus 18 : 18 
7 alleles
0.0% missing data
 127   (0.269) 0.269 0.351 0.227 0.261 0.240 0.273 
 140   (0.275) 0.275 0.264 0.330 0.290 0.310 0.270 
 142   (0.144) 0.144 0.041 0.138 0.147 0.141 0.155 
 148   (0.096) 0.096 0.067 0.082 0.090 0.090 0.099 
 146   (0.095) 0.095 0.058 0.077 0.090 0.084 0.094 
 138   (0.060) 0.060 0.201 0.041 0.051 0.046 0.055 
 150   (0.062) 0.062 0.017 0.104 0.071 0.089 0.054 

Locus 19 : 19 
6 alleles
0.0% missing data
 190   (0.103) 0.103 0.152 0.083 0.091 0.089 0.096 
 194   (0.564) 0.564 0.445 0.517 0.574 0.537 0.615 
 202   (0.037) 0.037 0.011 0.025 0.034 0.028 0.035 
 188   (0.159) 0.159 0.126 0.199 0.165 0.185 0.147 
 200   (0.122) 0.122 0.263 0.169 0.125 0.152 0.098 
 198   (0.015) 0.015 0.004 0.007 0.010 0.009 0.009 

Locus 20 : 20 
6 alleles
0.0% missing data
 252   (0.699) 0.699 0.739 0.758 0.716 0.744 0.701 
 246   (0.097) 0.097 0.207 0.082 0.090 0.084 0.092 
 248   (0.020) 0.020 0.005 0.013 0.018 0.014 0.019 
 244   (0.026) 0.026 0.007 0.023 0.023 0.022 0.025 
 250   (0.087) 0.087 0.023 0.059 0.078 0.071 0.078 
 254   (0.071) 0.071 0.019 0.064 0.075 0.064 0.085 

Locus 21 : 21 
6 alleles
0.0% missing data
 167   (0.262) 0.262 0.303 0.322 0.277 0.305 0.263 
 173   (0.304) 0.304 0.369 0.341 0.315 0.329 0.314 
 163   (0.037) 0.037 0.011 0.029 0.039 0.030 0.041 
 177   (0.205) 0.205 0.175 0.159 0.198 0.171 0.212 
 175   (0.124) 0.124 0.113 0.104 0.110 0.110 0.108 
 165   (0.068) 0.068 0.030 0.046 0.061 0.056 0.062 

Locus 22 : 22 
10 alleles
1.1% missing data
 152   (0.438) 0.438 0.590 0.413 0.441 0.425 0.456 
 158   (0.126) 0.126 0.135 0.121 0.120 0.121 0.118 
 146   (0.193) 0.193 0.089 0.280 0.221 0.252 0.200 
 150   (0.036) 0.036 0.015 0.024 0.032 0.028 0.035 
 148   (0.023) 0.023 0.007 0.017 0.023 0.017 0.024 
 162   (0.037) 0.037 0.021 0.023 0.030 0.029 0.030 
 166   (0.072) 0.072 0.032 0.070 0.070 0.071 0.070 
 164   (0.039) 0.039 0.012 0.029 0.040 0.032 0.044 
 142   (0.015) 0.015 0.093 0.007 0.009 0.008 0.008 
 156   (0.020) 0.020 0.006 0.016 0.016 0.016 0.015 

Locus 23 : 23 
6 alleles
1.1% missing data
 144   (0.169) 0.169 0.312 0.176 0.168 0.170 0.165 
 156   (0.154) 0.154 0.136 0.137 0.150 0.144 0.140 
 154   (0.540) 0.540 0.370 0.586 0.566 0.576 0.578 
 160   (0.102) 0.102 0.171 0.080 0.090 0.085 0.089 
 152   (0.015) 0.015 0.004 0.010 0.011 0.010 0.012 
 158   (0.021) 0.021 0.007 0.011 0.016 0.014 0.015 

Locus 24 : 24 
4 alleles
1.1% missing data
  81   (0.393) 0.393 0.348 0.421 0.402 0.411 0.401 
  83   (0.475) 0.475 0.470 0.435 0.463 0.454 0.465 
  77   (0.092) 0.092 0.112 0.102 0.098 0.096 0.101 
  85   (0.040) 0.040 0.070 0.042 0.036 0.039 0.033 

Locus 25 : 25 
6 alleles
1.1% missing data
 124   (0.506) 0.506 0.544 0.565 0.528 0.541 0.520 
 132   (0.291) 0.291 0.368 0.282 0.293 0.287 0.307 
 122   (0.121) 0.121 0.037 0.102 0.116 0.112 0.113 
 126   (0.047) 0.047 0.015 0.032 0.039 0.038 0.035 
 136   (0.021) 0.021 0.033 0.011 0.014 0.013 0.014 
 120   (0.014) 0.014 0.004 0.009 0.011 0.009 0.012 

Locus 26 : 26 
6 alleles
0.0% missing data
 165   (0.243) 0.243 0.394 0.249 0.239 0.247 0.231 
 183   (0.357) 0.357 0.180 0.330 0.360 0.346 0.379 
 179   (0.094) 0.094 0.028 0.127 0.102 0.115 0.095 
 175   (0.233) 0.233 0.363 0.211 0.230 0.213 0.237 
 181   (0.058) 0.058 0.031 0.074 0.058 0.068 0.046 
 185   (0.015) 0.015 0.004 0.009 0.011 0.011 0.011 

Locus 27 : 27 
4 alleles
0.0% missing data
 142   (0.516) 0.516 0.702 0.598 0.530 0.571 0.506 
 150   (0.167) 0.167 0.094 0.138 0.163 0.148 0.174 
 148   (0.241) 0.241 0.090 0.210 0.243 0.222 0.256 
 138   (0.076) 0.076 0.113 0.054 0.064 0.059 0.065 

Locus 28 : 28 
5 alleles
0.0% missing data
 260   (0.471) 0.471 0.521 0.426 0.473 0.443 0.494 
 262   (0.434) 0.434 0.364 0.513 0.450 0.487 0.426 
 258   (0.027) 0.027 0.008 0.017 0.022 0.020 0.021 
 256   (0.051) 0.051 0.015 0.037 0.045 0.042 0.050 
 264   (0.016) 0.016 0.091 0.007 0.010 0.009 0.009 

Locus 29 : 29 
5 alleles
1.1% missing data
 140   (0.154) 0.154 0.148 0.133 0.142 0.137 0.146 
 150   (0.518) 0.518 0.479 0.600 0.547 0.576 0.535 
 148   (0.067) 0.067 0.020 0.064 0.065 0.063 0.067 
 146   (0.228) 0.228 0.343 0.182 0.219 0.199 0.224 
 152   (0.033) 0.033 0.010 0.022 0.028 0.024 0.028 

Locus 30 : 30 
6 alleles
0.0% missing data
 125   (0.260) 0.260 0.131 0.270 0.270 0.274 0.258 
 129   (0.507) 0.507 0.658 0.487 0.502 0.492 0.525 
 123   (0.101) 0.101 0.058 0.154 0.114 0.134 0.099 
 131   (0.036) 0.036 0.127 0.023 0.029 0.026 0.029 
 121   (0.019) 0.019 0.005 0.012 0.017 0.013 0.019 
 127   (0.077) 0.077 0.021 0.054 0.068 0.061 0.070 

Locus 31 : 31 
5 alleles
0.0% missing data
 155   (0.567) 0.567 0.486 0.504 0.560 0.531 0.569 
 159   (0.134) 0.134 0.153 0.196 0.143 0.174 0.120 
 157   (0.201) 0.201 0.260 0.197 0.205 0.196 0.221 
 151   (0.027) 0.027 0.008 0.015 0.020 0.019 0.020 
 153   (0.071) 0.071 0.093 0.089 0.072 0.080 0.070 

Locus 32 : 32 
4 alleles
0.0% missing data
 146   (0.350) 0.350 0.311 0.279 0.328 0.305 0.350 
 148   (0.064) 0.064 0.020 0.085 0.067 0.078 0.057 
 150   (0.539) 0.539 0.652 0.552 0.552 0.547 0.554 
 154   (0.047) 0.047 0.017 0.084 0.054 0.070 0.038 

Locus 33 : 33 
6 alleles
0.0% missing data
 180   (0.417) 0.417 0.475 0.440 0.427 0.434 0.426 
 192   (0.189) 0.189 0.252 0.168 0.184 0.177 0.198 
 184   (0.191) 0.191 0.125 0.174 0.185 0.176 0.188 
 196   (0.148) 0.148 0.132 0.163 0.151 0.158 0.142 
 198   (0.037) 0.037 0.011 0.043 0.035 0.041 0.027 
 190   (0.019) 0.019 0.005 0.013 0.018 0.013 0.019 

Locus 34 : 34 
6 alleles
0.0% missing data
 106   (0.303) 0.303 0.351 0.339 0.312 0.323 0.310 
 112   (0.286) 0.286 0.398 0.322 0.294 0.313 0.277 
  94   (0.029) 0.029 0.008 0.021 0.028 0.022 0.030 
 110   (0.191) 0.191 0.153 0.180 0.196 0.186 0.206 
 108   (0.148) 0.148 0.051 0.116 0.140 0.128 0.148 
  90   (0.042) 0.042 0.039 0.023 0.031 0.028 0.029 

Locus 35 : 35 
8 alleles
0.0% missing data
 168   (0.107) 0.107 0.032 0.137 0.114 0.129 0.102 
 178   (0.057) 0.057 0.086 0.042 0.048 0.046 0.049 
 170   (0.263) 0.263 0.167 0.260 0.264 0.263 0.250 
 174   (0.127) 0.127 0.077 0.163 0.138 0.149 0.142 
 172   (0.270) 0.270 0.522 0.243 0.257 0.256 0.262 
 176   (0.101) 0.101 0.028 0.086 0.113 0.089 0.128 
 166   (0.052) 0.052 0.079 0.038 0.042 0.041 0.045 
 186   (0.024) 0.024 0.008 0.031 0.023 0.026 0.022 

Locus 36 : 36 
6 alleles
0.0% missing data
  85   (0.202) 0.202 0.104 0.300 0.227 0.270 0.194 
  95   (0.052) 0.052 0.109 0.034 0.045 0.038 0.046 
  89   (0.531) 0.531 0.608 0.511 0.533 0.516 0.549 
  83   (0.148) 0.148 0.157 0.112 0.140 0.126 0.152 
  81   (0.052) 0.052 0.019 0.034 0.044 0.040 0.047 
  91   (0.015) 0.015 0.004 0.008 0.011 0.009 0.011 

Locus 37 : 37 
6 alleles
0.0% missing data
 161   (0.356) 0.356 0.226 0.368 0.361 0.360 0.375 
 165   (0.202) 0.202 0.177 0.238 0.215 0.226 0.202 
 167   (0.040) 0.040 0.028 0.041 0.038 0.040 0.036 
 169   (0.103) 0.103 0.050 0.104 0.109 0.104 0.117 
 173   (0.284) 0.284 0.456 0.243 0.268 0.263 0.262 
 175   (0.015) 0.015 0.062 0.007 0.009 0.008 0.008 

Locus 38 : 38 
5 alleles
0.0% missing data
  85   (0.229) 0.229 0.285 0.199 0.214 0.209 0.207 
  87   (0.110) 0.110 0.031 0.147 0.117 0.135 0.099 
  91   (0.159) 0.159 0.249 0.115 0.144 0.128 0.151 
  81   (0.074) 0.074 0.038 0.065 0.073 0.067 0.080 
  89   (0.428) 0.428 0.396 0.474 0.453 0.461 0.463 

Locus 39 : 39 
3 alleles
0.0% missing data
 167   (0.772) 0.772 0.864 0.812 0.785 0.802 0.780 
 161   (0.191) 0.191 0.127 0.163 0.180 0.170 0.183 
 165   (0.037) 0.037 0.009 0.025 0.035 0.028 0.037 

Locus 40 : 40 
6 alleles
0.0% missing data
 224   (0.020) 0.020 0.006 0.016 0.016 0.017 0.013 
 228   (0.365) 0.365 0.582 0.343 0.355 0.350 0.353 
 238   (0.398) 0.398 0.285 0.459 0.418 0.444 0.398 
 240   (0.153) 0.153 0.109 0.141 0.155 0.141 0.179 
 242   (0.014) 0.014 0.004 0.008 0.011 0.009 0.011 
 236   (0.050) 0.050 0.014 0.032 0.045 0.040 0.046 

Locus 41 : 41 
7 alleles
1.1% missing data
 130   (0.521) 0.521 0.422 0.521 0.544 0.527 0.545 
 118   (0.058) 0.058 0.045 0.050 0.051 0.049 0.058 
 128   (0.066) 0.066 0.272 0.057 0.059 0.057 0.057 
 132   (0.097) 0.097 0.063 0.081 0.088 0.084 0.104 
 114   (0.098) 0.098 0.031 0.093 0.098 0.094 0.103 
 134   (0.146) 0.146 0.164 0.190 0.150 0.179 0.124 
 122   (0.015) 0.015 0.005 0.009 0.011 0.010 0.011 

Locus 42 : 42 
6 alleles
0.0% missing data
 104   (0.444) 0.444 0.552 0.433 0.433 0.441 0.423 
  98   (0.127) 0.127 0.036 0.129 0.129 0.128 0.127 
 102   (0.234) 0.234 0.340 0.287 0.251 0.266 0.253 
  92   (0.122) 0.122 0.048 0.104 0.126 0.109 0.135 
  96   (0.057) 0.057 0.021 0.039 0.049 0.046 0.050 
 106   (0.015) 0.015 0.004 0.009 0.011 0.010 0.012 

Locus 43 : 43 
5 alleles
0.0% missing data
  95   (0.227) 0.227 0.175 0.236 0.230 0.231 0.237 
 101   (0.347) 0.347 0.557 0.329 0.336 0.336 0.329 
 103   (0.299) 0.299 0.232 0.324 0.314 0.314 0.323 
  99   (0.089) 0.089 0.024 0.079 0.087 0.084 0.083 
  97   (0.039) 0.039 0.012 0.032 0.034 0.034 0.028 

Locus 44 : 44 
7 alleles
0.0% missing data
 181   (0.582) 0.582 0.645 0.530 0.587 0.549 0.624 
 191   (0.275) 0.275 0.220 0.323 0.284 0.309 0.259 
 179   (0.023) 0.023 0.006 0.072 0.034 0.055 0.015 
 177   (0.057) 0.057 0.110 0.041 0.048 0.046 0.055 
 193   (0.021) 0.021 0.005 0.012 0.017 0.014 0.017 
 183   (0.021) 0.021 0.008 0.012 0.016 0.014 0.015 
 189   (0.021) 0.021 0.006 0.011 0.015 0.014 0.015 

Locus 45 : 45 
6 alleles
2.2% missing data
 211   (0.197) 0.197 0.142 0.233 0.203 0.222 0.182 
 215   (0.062) 0.062 0.019 0.044 0.056 0.051 0.059 
 205   (0.467) 0.467 0.581 0.496 0.483 0.484 0.485 
 207   (0.212) 0.212 0.236 0.160 0.200 0.179 0.214 
 201   (0.048) 0.048 0.016 0.053 0.048 0.050 0.051 
 202   (0.015) 0.015 0.006 0.015 0.012 0.014 0.009 

Locus 46 : 46 
9 alleles
0.0% missing data
 142   (0.301) 0.301 0.460 0.328 0.298 0.316 0.276 
 162   (0.064) 0.064 0.023 0.047 0.056 0.053 0.054 
 164   (0.049) 0.049 0.017 0.037 0.043 0.040 0.047 
 168   (0.145) 0.145 0.068 0.125 0.156 0.133 0.174 
 158   (0.173) 0.173 0.113 0.167 0.176 0.172 0.184 
 170   (0.033) 0.033 0.009 0.018 0.027 0.024 0.026 
 166   (0.135) 0.135 0.221 0.189 0.151 0.171 0.126 
 144   (0.063) 0.063 0.079 0.054 0.058 0.056 0.068 
 156   (0.039) 0.039 0.011 0.034 0.037 0.035 0.044 

Locus 47 : 47 
6 alleles
0.0% missing data
 149   (0.359) 0.359 0.452 0.295 0.344 0.324 0.359 
 151   (0.192) 0.192 0.140 0.208 0.198 0.201 0.182 
 145   (0.193) 0.193 0.321 0.235 0.201 0.214 0.189 
 153   (0.221) 0.221 0.078 0.242 0.229 0.238 0.241 
 143   (0.019) 0.019 0.005 0.012 0.017 0.013 0.018 
 147   (0.015) 0.015 0.004 0.008 0.011 0.010 0.011 

Values of parameters used in structure:
DATAFILE=w1.str,	OUTFILE=k6/w1_k6_run2,	NUMINDS=92,	NUMLOCI=47,	MISSING=-9,	LABEL=1,	POPDATA=1,	POPFLAG=0,	PHENOTYPE=0,	EXTRACOLS=0,	MAXPOPS=6,	BURNIN=500000,	NUMREPS=750000,	USEPOPINFO=0,	INFERALPHA=1,	INFERLAMBDA=0,	POPSPECIFICLAMBDA=0,	POPALPHAS=0,	COMPUTEPROB=1,	NOADMIX=0,	ADMBURNIN=500,	UPDATEFREQ=100,	PRINTLIKES=0,	INTERMEDSAVE=0,	PRINTKLD=0,	PRINTNET=1,	PRINTLAMBDA=1,	ANCESTDIST=0,	NUMBOXES=1000,	ANCESTPINT=0.90000,	GENSBACK=2,	MIGRPRIOR=0.01000,	PRINTQHAT=0,	PRINTQSUM=1,	ALPHA=1.0000,	FREQSCORR=1,	FPRIORMEAN=0.0100,	FPRIORSD=0.0500,	ONEFST=0,	LAMBDA=1.0000,	UNIFPRIORALPHA=1,	ALPHAMAX=10.0000,	ALPHAPRIORA=1.0000,	ALPHAPRIORB=2.0000,	ALPHAPROPSD=0.0250,	STARTATPOPINFO=0,	RANDOMIZE=0,	LINKAGE=0,	METROFREQ=10,	REPORTHITRATE=0,	MARKOVPHASE=0,	PHASED=1,	PLOIDY=2,	PHASEINFO=0	LOCPRIOR=0, 	LOCPRIORINIT=1.000000, 	LOCDATA=0, 	LOCISPOP=1, 	LOCPRIORSTEP=0.100000, 	MAXLOCPRIOR=20.000000, 	SEED=406285,	
[STRAT parameters]:    NUMSIMSTATS=1000,	PHENOTYPECOL=-9,	POOLFREQ=10,	LOCUSxONLY=0,	EMERROR=0.00100,	MISSINGPHENO=-9,	