Pearson correlation: R=-nan	 P-value<0.01
indivID	f_Missing	f_Homozygotes
14	0	0.346939
15	0	0.326531
16	0	0.387755
17	0	0.44898
18	0	0.428571
23	0	0.346939
25	0	0.428571
26	0	0.530612
27	0	0.306122
28	0	0.306122
29	0	0.469388
30	0	0.469388
31	0	0.469388
32	0	0.489796
35	0	0.387755
37	0	0.489796
38	0	0.408163
39	0	0.387755
40	0	0.367347
41	0	0.428571
43	0	0.44898
45	0	0.44898
46	0	0.44898
47	0	0.510204
50	0	0.408163
52	0	0.428571
53	0	0.489796
54	0	0.530612
55	0	0.510204
56	0	0.530612
57	0	0.326531
58	0	0.387755
59	0	0.428571
60	0	0.469388
350	0	0.632653
351	0	0.530612
354	0	0.510204
374	0	0.387755
378	0	0.408163
381	0	0.428571
382	0	0.428571
384	0	0.346939
555	0	0.265306
671	0	0.428571
672	0	0.591837
705	0	0.469388
706	0	0.510204
707	0	0.428571
708	0	0.469388
758	0	0.346939
759	0	0.469388
760	0	0.428571
761	0	0.571429
762	0	0.265306
763	0	0.44898
764	0	0.428571
765	0	0.265306
766	0	0.469388
767	0	0.469388
768	0	0.469388
769	0	0.510204
770	0	0.387755
771	0	0.326531
772	0	0.571429
773	0	0.428571
774	0	0.55102
775	0	0.44898
776	0	0.530612
777	0	0.428571
778	0	0.653061
779	0	0.510204
780	0	0.346939
781	0	0.469388
782	0	0.428571
783	0	0.44898
784	0	0.510204
785	0	0.469388
786	0	0.489796
787	0	0.44898
