Pearson correlation: R=0.404933	 P-value<0.01
indivID	f_Missing	f_Homozygotes
440	0	0.469388
442	0	0.44898
443	0	0.387755
452	0	0.408163
481	0	0.367347
482	0	0.265306
486	0	0.387755
487	0	0.326531
488	0	0.44898
491	0	0.285714
492	0	0.428571
493	0	0.346939
494	0	0.387755
495	0.0204082	0.416667
496	0	0.265306
497	0	0.408163
498	0	0.346939
499	0	0.306122
500	0	0.44898
501	0	0.367347
502	0	0.408163
512	0	0.244898
513	0	0.346939
514	0	0.367347
515	0	0.408163
516	0	0.428571
517	0	0.285714
522	0	0.306122
523	0	0.367347
748	0	0.346939
749	0.0612245	0.565217
750	0.0204082	0.333333
751	0.0612245	0.565217
752	0	0.22449
753	0.0204082	0.25
754	0.0408163	0.425532
755	0.0408163	0.382979
756	0	0.346939
757	0.0204082	0.479167
758	0.0408163	0.382979
759	0	0.428571
760	0.0408163	0.425532
761	0.0204082	0.395833
762	0.0612245	0.608696
763	0	0.530612
764	0	0.44898
765	0	0.428571
767	0.0204082	0.3125
768	0	0.326531
769	0	0.408163
770	0.0204082	0.354167
771	0.0612245	0.369565
772	0.0204082	0.479167
773	0.0204082	0.395833
774	0	0.265306
775	0	0.387755
776	0.0204082	0.416667
777	0.0612245	0.543478
778	0.0204082	0.375
779	0	0.387755
780	0.0408163	0.510638
781	0.0816327	0.355556
782	0.0408163	0.510638
783	0.0204082	0.375
784	0.0612245	0.434783
785	0.0204082	0.541667
786	0	0.428571
787	0	0.55102
788	0.0204082	0.375
789	0.0204082	0.4375
790	0	0.346939
791	0.0204082	0.270833
792	0.0612245	0.391304
793	0	0.306122
794	0.0204082	0.395833
795	0.0408163	0.595745
796	0.0204082	0.625
