locusID	N_alleles	Allele_freqencies
BMS1117	3	0.197248 0.184883 0.617869 
TGLA53	4	0.084093 0.403648 0.100912 0.411347 
BMC4214	3	0.150463 0.682355 0.167181 
BM1225	3	0.501075 0.398121 0.100803 
BM47	1	1.000000 
BMS1315	4	0.446804 0.167745 0.201294 0.184156 
IL4	4	0.291519 0.603344 0.052569 0.052569 
BM2113	4	0.050580 0.202319 0.645942 0.101160 
BMS1716	3	0.579479 0.302775 0.117747 
BM1706	4	0.701541 0.118718 0.162781 0.016960 
BMS1675	2	0.653573 0.346427 
BMS1857	4	0.436080 0.184182 0.228746 0.150992 
BMS1001	3	0.091699 0.203477 0.704824 
BMS601	3	0.241257 0.514964 0.243779 
BM720	5	0.315343 0.331822 0.252025 0.067207 0.033603 
ILSTS102	2	0.949413 0.050587 
BMS1074	4	0.556589 0.162146 0.245232 0.036033 
BMS1172	2	0.786155 0.213845 
BMS2258	5	0.126820 0.415902 0.372596 0.067745 0.016936 
BM757	3	0.617725 0.365385 0.016890 
SPS115	2	0.922693 0.077307 
BMS527	5	0.380896 0.066930 0.117128 0.167325 0.267721 
BM2830	3	0.898963 0.067358 0.033679 
INRA194	4	0.094276 0.774496 0.071658 0.059570 
BMS941	3	0.067189 0.764837 0.167974 
INRA037	3	0.246507 0.601943 0.151550 
BM4107	2	0.865653 0.134347 
TGLA122	3	0.631508 0.151176 0.217316 
HUJ246	2	0.398450 0.601550 
BMS528	3	0.094042 0.309775 0.596183 
BM4440	3	0.351909 0.631334 0.016758 
TGLA44	2	0.966216 0.033784 
BMS510	3	0.233728 0.616019 0.150253 
BMS1355	3	0.865145 0.084284 0.050571 
BM1824	5	0.373318 0.219871 0.335159 0.033938 0.037715 
BMS812	4	0.318923 0.593658 0.068198 0.019220 
BMS2639	5	0.331005 0.501718 0.035845 0.095587 0.035845 
BMS410	4	0.285070 0.647855 0.050306 0.016769 
AGLA232	5	0.498199 0.016727 0.066907 0.301081 0.117087 
BM17132	5	0.384437 0.178067 0.295042 0.035613 0.106840 
BM711	2	0.882141 0.117859 
INRA133	2	0.681658 0.318342 
RM372	3	0.898872 0.050564 0.050564 
BM4311	6	0.416346 0.233462 0.050027 0.250137 0.033352 0.016676 
BMS1747	4	0.631568 0.117228 0.083735 0.167469 
BL1036	2	0.983085 0.016915 
BM1862	4	0.798841 0.117343 0.016763 0.067053 
BMS1862	4	0.247885 0.321470 0.203034 0.227611 
URB011	4	0.238726 0.520283 0.105608 0.135384 
