

----------------------------------------------------
STRUCTURE by Pritchard, Stephens and Donnelly (2000)
     and Falush, Stephens and Pritchard (2003)
       Code by Pritchard, Falush and Hubisz
             Version 2.3.4 (Jul 2012)
----------------------------------------------------



Command line arguments:   structure -D 443074 -K 4 -m mainparams -o k4/c1_k4_run5 
Input File:    c1.str

Run parameters:
   202 individuals
   47 loci
   4 populations assumed
   500000 Burn-in period
   750000 Reps
RANDOMIZE turned off


--------------------------------------------
Proportion of membership of each pre-defined
 population in each of the 4 clusters

Given    Inferred Clusters              Number of
 Pop       1      2      3      4      Individuals

  1:     0.006  0.009  0.033  0.952       81
  2:     0.003  0.939  0.050  0.007       19
  3:     0.979  0.012  0.005  0.004       10
  4:     0.032  0.009  0.927  0.032       10
  5:     0.018  0.032  0.878  0.072       23
  6:     0.013  0.024  0.859  0.104       11
  7:     0.005  0.008  0.969  0.018       18
  8:     0.039  0.013  0.879  0.069       25
  9:     0.002  0.016  0.973  0.009        5
--------------------------------------------

Allele-freq. divergence among pops (Net nucleotide distance),
computed using point estimates of P.

      1       2       3       4      
 1      -    0.1216  0.1021  0.1111  
 2   0.1216     -    0.0505  0.0614  
 3   0.1021  0.0505     -    0.0170  
 4   0.1111  0.0614  0.0170     -    

Average distances (expected heterozygosity) between individuals in same cluster:
cluster  1  : 0.5537 
cluster  2  : 0.5579 
cluster  3  : 0.6365 
cluster  4  : 0.6026 

--------------------------------------------
Estimated Ln Prob of Data   = -22406.1
Mean value of ln likelihood = -22140.0
Variance of ln likelihood   = 532.1
Mean value of alpha         = 0.0348

Mean value of Fst_1         = 0.2842
Mean value of Fst_2         = 0.1854
Mean value of Fst_3         = 0.0119
Mean value of Fst_4         = 0.0852


Inferred ancestry of individuals:
        Label (%Miss) Pop:  Inferred clusters
  1      122    (0)    1 :  0.001 0.012 0.220 0.766 
  2      123    (0)    1 :  0.005 0.003 0.009 0.983 
  3      124    (0)    1 :  0.010 0.013 0.006 0.971 
  4      125    (0)    1 :  0.002 0.002 0.005 0.991 
  5      126    (0)    1 :  0.002 0.002 0.030 0.967 
  6      128    (0)    1 :  0.003 0.013 0.016 0.967 
  7      129    (0)    1 :  0.002 0.078 0.031 0.890 
  8      130    (0)    1 :  0.001 0.005 0.007 0.987 
  9      131    (0)    1 :  0.003 0.002 0.005 0.990 
 10      132    (0)    1 :  0.006 0.009 0.004 0.981 
 11      133    (0)    1 :  0.001 0.114 0.223 0.661 
 12      134    (0)    1 :  0.012 0.005 0.012 0.970 
 13      135    (0)    1 :  0.002 0.004 0.021 0.973 
 14      136    (0)    1 :  0.007 0.007 0.013 0.973 
 15      139    (0)    1 :  0.004 0.014 0.011 0.972 
 16      140    (0)    1 :  0.003 0.022 0.027 0.948 
 17      141    (0)    1 :  0.004 0.005 0.017 0.974 
 18      142    (0)    1 :  0.002 0.005 0.005 0.989 
 19      143    (0)    1 :  0.007 0.015 0.007 0.971 
 20      144    (0)    1 :  0.002 0.007 0.015 0.976 
 21      145    (0)    1 :  0.034 0.004 0.017 0.945 
 22      148    (0)    1 :  0.003 0.003 0.091 0.903 
 23      556    (0)    1 :  0.002 0.006 0.009 0.983 
 24      557    (0)    1 :  0.015 0.003 0.006 0.977 
 25      558    (0)    1 :  0.007 0.005 0.007 0.981 
 26      559    (0)    1 :  0.002 0.009 0.012 0.978 
 27      560    (0)    1 :  0.002 0.003 0.014 0.982 
 28      561    (0)    1 :  0.001 0.003 0.003 0.993 
 29      562    (0)    1 :  0.005 0.005 0.016 0.974 
 30      563    (0)    1 :  0.008 0.011 0.064 0.917 
 31      564    (0)    1 :  0.002 0.019 0.089 0.890 
 32      565    (0)    1 :  0.002 0.004 0.003 0.991 
 33      566    (0)    1 :  0.002 0.002 0.019 0.977 
 34      567    (0)    1 :  0.003 0.004 0.011 0.982 
 35      568    (0)    1 :  0.002 0.013 0.010 0.974 
 36      569    (0)    1 :  0.009 0.003 0.005 0.983 
 37      570    (0)    1 :  0.001 0.002 0.004 0.993 
 38      613    (0)    1 :  0.002 0.004 0.004 0.990 
 39      614    (0)    1 :  0.002 0.002 0.012 0.984 
 40      615    (0)    1 :  0.004 0.004 0.015 0.976 
 41      616    (0)    1 :  0.002 0.037 0.008 0.953 
 42      617    (0)    1 :  0.004 0.004 0.018 0.974 
 43      618    (0)    1 :  0.003 0.015 0.021 0.960 
 44      619    (0)    1 :  0.163 0.004 0.826 0.008 
 45      620    (0)    1 :  0.004 0.003 0.009 0.985 
 46      621    (0)    1 :  0.002 0.003 0.009 0.987 
 47      622    (0)    1 :  0.003 0.004 0.004 0.989 
 48      623    (0)    1 :  0.002 0.002 0.004 0.992 
 49      624    (0)    1 :  0.002 0.006 0.014 0.977 
 50      625    (0)    1 :  0.002 0.004 0.023 0.972 
 51      626    (0)    1 :  0.003 0.006 0.005 0.986 
 52      627    (0)    1 :  0.003 0.012 0.029 0.956 
 53      628    (0)    1 :  0.004 0.004 0.006 0.985 
 54      629    (0)    1 :  0.002 0.010 0.008 0.980 
 55      630    (0)    1 :  0.004 0.002 0.004 0.990 
 56      631    (0)    1 :  0.004 0.023 0.004 0.969 
 57      632    (0)    1 :  0.005 0.014 0.022 0.958 
 58      633    (0)    1 :  0.006 0.013 0.066 0.914 
 59      634    (0)    1 :  0.014 0.007 0.011 0.969 
 60      635    (0)    1 :  0.003 0.003 0.006 0.988 
 61      636    (0)    1 :  0.003 0.003 0.004 0.990 
 62      637    (0)    1 :  0.002 0.013 0.221 0.765 
 63      638    (0)    1 :  0.002 0.013 0.018 0.967 
 64      639    (0)    1 :  0.002 0.011 0.067 0.920 
 65      640    (0)    1 :  0.001 0.004 0.006 0.989 
 66      689    (0)    1 :  0.001 0.003 0.006 0.989 
 67      690    (0)    1 :  0.017 0.005 0.008 0.969 
 68      691    (0)    1 :  0.001 0.002 0.008 0.989 
 69      692    (0)    1 :  0.007 0.005 0.028 0.960 
 70      693    (0)    1 :  0.002 0.003 0.005 0.990 
 71      694    (0)    1 :  0.003 0.007 0.003 0.987 
 72      695    (0)    1 :  0.001 0.003 0.003 0.993 
 73      696    (0)    1 :  0.003 0.002 0.004 0.992 
 74      697    (0)    1 :  0.003 0.007 0.004 0.987 
 75      698    (0)    1 :  0.003 0.002 0.019 0.975 
 76      699    (0)    1 :  0.001 0.003 0.003 0.992 
 77      700    (0)    1 :  0.005 0.005 0.006 0.984 
 78      701    (2)    1 :  0.003 0.005 0.014 0.978 
 79      702    (0)    1 :  0.006 0.002 0.014 0.978 
 80      703    (0)    1 :  0.004 0.002 0.006 0.988 
 81      704    (0)    1 :  0.001 0.010 0.008 0.980 
 82      007    (0)    2 :  0.006 0.981 0.005 0.008 
 83      012    (0)    2 :  0.005 0.966 0.014 0.015 
 84      020    (0)    2 :  0.002 0.592 0.400 0.006 
 85      021    (0)    2 :  0.001 0.994 0.002 0.002 
 86      022    (0)    2 :  0.019 0.943 0.032 0.006 
 87      034    (0)    2 :  0.005 0.978 0.006 0.011 
 88      049    (0)    2 :  0.002 0.993 0.002 0.002 
 89      062    (0)    2 :  0.001 0.995 0.002 0.002 
 90      089    (0)    2 :  0.001 0.995 0.002 0.002 
 91      092    (0)    2 :  0.001 0.995 0.002 0.002 
 92      100    (0)    2 :  0.002 0.990 0.003 0.005 
 93      105    (0)    2 :  0.001 0.989 0.006 0.004 
 94      205    (0)    2 :  0.005 0.972 0.015 0.008 
 95      206    (0)    2 :  0.003 0.712 0.245 0.041 
 96      207    (0)    2 :  0.002 0.984 0.008 0.006 
 97      208    (0)    2 :  0.003 0.968 0.021 0.008 
 98      209    (0)    2 :  0.002 0.810 0.183 0.005 
 99      377    (0)    2 :  0.002 0.990 0.003 0.005 
100      881    (0)    2 :  0.002 0.994 0.002 0.002 
101      003    (0)    3 :  0.973 0.017 0.006 0.004 
102      108    (0)    3 :  0.995 0.002 0.002 0.002 
103      194    (0)    3 :  0.965 0.019 0.010 0.006 
104      232    (0)    3 :  0.989 0.003 0.004 0.003 
105      321    (0)    3 :  0.993 0.002 0.002 0.002 
106      322    (0)    3 :  0.994 0.003 0.001 0.002 
107      329    (0)    3 :  0.995 0.001 0.002 0.002 
108      330    (0)    3 :  0.994 0.002 0.002 0.002 
109      342    (0)    3 :  0.976 0.002 0.016 0.006 
110      347    (0)    3 :  0.916 0.063 0.009 0.011 
111      801    (0)    4 :  0.005 0.021 0.886 0.088 
112      815    (0)    4 :  0.004 0.023 0.950 0.023 
113      816    (0)    4 :  0.002 0.007 0.886 0.105 
114      817    (0)    4 :  0.016 0.006 0.972 0.006 
115      818    (0)    4 :  0.002 0.003 0.955 0.039 
116      819    (0)    4 :  0.005 0.005 0.982 0.009 
117      820    (2)    4 :  0.001 0.011 0.978 0.011 
118      821    (0)    4 :  0.002 0.003 0.989 0.006 
119      822    (0)    4 :  0.272 0.005 0.714 0.009 
120      853    (0)    4 :  0.013 0.003 0.962 0.022 
121      797    (0)    5 :  0.002 0.015 0.968 0.015 
122      798    (0)    5 :  0.001 0.004 0.990 0.005 
123      799    (0)    5 :  0.005 0.072 0.912 0.011 
124      800    (0)    5 :  0.004 0.003 0.921 0.072 
125      823    (0)    5 :  0.012 0.424 0.553 0.011 
126      824    (0)    5 :  0.010 0.005 0.977 0.008 
127      825    (0)    5 :  0.004 0.014 0.965 0.018 
128      826    (0)    5 :  0.029 0.005 0.211 0.755 
129      827    (0)    5 :  0.002 0.004 0.981 0.013 
130      836    (0)    5 :  0.001 0.004 0.978 0.016 
131      837    (0)    5 :  0.077 0.005 0.834 0.085 
132      838    (0)    5 :  0.003 0.003 0.704 0.290 
133      839    (0)    5 :  0.003 0.015 0.941 0.042 
134      840    (0)    5 :  0.001 0.008 0.979 0.011 
135      841    (0)    5 :  0.002 0.007 0.980 0.011 
136      842    (0)    5 :  0.002 0.006 0.977 0.015 
137      843    (0)    5 :  0.002 0.004 0.965 0.029 
138      845    (0)    5 :  0.002 0.004 0.986 0.008 
139      846    (0)    5 :  0.004 0.009 0.971 0.016 
140      847    (2)    5 :  0.221 0.097 0.656 0.027 
141      848    (0)    5 :  0.013 0.009 0.867 0.110 
142      849    (0)    5 :  0.017 0.005 0.906 0.072 
143      855    (0)    5 :  0.007 0.003 0.976 0.014 
144      793    (0)    6 :  0.008 0.003 0.738 0.251 
145      794    (0)    6 :  0.007 0.003 0.981 0.009 
146      828    (0)    6 :  0.006 0.003 0.944 0.047 
147      829    (4)    6 :  0.002 0.004 0.872 0.123 
148      830    (0)    6 :  0.004 0.014 0.942 0.040 
149      831    (2)    6 :  0.026 0.011 0.954 0.009 
150      832    (0)    6 :  0.003 0.003 0.953 0.041 
151      833    (2)    6 :  0.009 0.003 0.912 0.075 
152      835    (0)    6 :  0.075 0.213 0.273 0.439 
153      870    (0)    6 :  0.002 0.007 0.897 0.094 
154      871    (0)    6 :  0.002 0.003 0.983 0.012 
155      451    (0)    7 :  0.007 0.003 0.982 0.007 
156      452    (4)    7 :  0.002 0.007 0.982 0.009 
157      453    (4)    7 :  0.002 0.009 0.982 0.007 
158      454    (2)    7 :  0.011 0.010 0.948 0.031 
159      455    (4)    7 :  0.002 0.017 0.961 0.019 
160      795    (0)    7 :  0.001 0.004 0.953 0.042 
161      796    (0)    7 :  0.002 0.003 0.992 0.003 
162      802    (0)    7 :  0.001 0.004 0.988 0.007 
163      804    (0)    7 :  0.002 0.006 0.953 0.039 
164      805    (0)    7 :  0.003 0.009 0.968 0.020 
165      851    (0)    7 :  0.009 0.009 0.943 0.039 
166      852    (0)    7 :  0.002 0.005 0.974 0.019 
167      854    (0)    7 :  0.002 0.009 0.971 0.017 
168      858    (0)    7 :  0.002 0.006 0.980 0.012 
169      859    (0)    7 :  0.002 0.018 0.955 0.025 
170      860    (0)    7 :  0.039 0.005 0.949 0.007 
171      862    (0)    7 :  0.002 0.009 0.976 0.013 
172      863    (0)    7 :  0.001 0.005 0.983 0.010 
173      450    (0)    8 :  0.003 0.019 0.965 0.012 
174      791    (0)    8 :  0.003 0.006 0.975 0.016 
175      792    (0)    8 :  0.236 0.021 0.727 0.016 
176      803    (0)    8 :  0.322 0.012 0.393 0.273 
177      806    (0)    8 :  0.010 0.010 0.853 0.126 
178      807    (0)    8 :  0.002 0.008 0.981 0.009 
179      808    (0)    8 :  0.003 0.003 0.977 0.017 
180      809    (0)    8 :  0.061 0.012 0.278 0.649 
181      810    (0)    8 :  0.076 0.043 0.856 0.025 
182      811    (0)    8 :  0.006 0.008 0.978 0.008 
183      812    (0)    8 :  0.003 0.014 0.907 0.076 
184      813    (0)    8 :  0.003 0.004 0.980 0.014 
185      814    (0)    8 :  0.005 0.006 0.979 0.010 
186      834    (0)    8 :  0.004 0.002 0.987 0.007 
187      844    (0)    8 :  0.002 0.003 0.986 0.008 
188      850    (0)    8 :  0.019 0.007 0.960 0.014 
189      856    (0)    8 :  0.006 0.009 0.979 0.006 
190      857    (0)    8 :  0.020 0.012 0.947 0.021 
191      861    (0)    8 :  0.003 0.012 0.953 0.032 
192      864    (0)    8 :  0.010 0.025 0.960 0.005 
193      865    (0)    8 :  0.003 0.007 0.919 0.071 
194      866    (0)    8 :  0.009 0.003 0.915 0.073 
195      867    (0)    8 :  0.033 0.064 0.684 0.220 
196      868    (0)    8 :  0.042 0.006 0.941 0.010 
197      869    (0)    8 :  0.087 0.007 0.899 0.007 
198      004    (0)    9 :  0.002 0.028 0.961 0.009 
199      008    (0)    9 :  0.002 0.024 0.959 0.016 
200      013    (0)    9 :  0.005 0.011 0.975 0.009 
201      109    (0)    9 :  0.002 0.014 0.981 0.004 
202      348    (0)    9 :  0.002 0.006 0.987 0.006 


Estimated Allele Frequencies in each cluster
First column gives estimated ancestral frequencies


Locus 1 : 1 
4 alleles
0.0% missing data
  89   (0.480) 0.107 0.609 0.506 0.441 
  93   (0.130) 0.051 0.054 0.137 0.045 
  91   (0.363) 0.548 0.334 0.338 0.513 
  99   (0.028) 0.294 0.003 0.019 0.002 

Locus 2 : 2 
6 alleles
0.0% missing data
 134   (0.274) 0.034 0.324 0.278 0.294 
 136   (0.363) 0.068 0.527 0.353 0.508 
 142   (0.035) 0.005 0.004 0.023 0.071 
 138   (0.235) 0.880 0.134 0.235 0.116 
 140   (0.066) 0.008 0.007 0.084 0.009 
 132   (0.027) 0.004 0.003 0.028 0.002 

Locus 3 : 3 
6 alleles
0.0% missing data
 179   (0.269) 0.031 0.031 0.294 0.477 
 181   (0.184) 0.168 0.074 0.163 0.287 
 187   (0.327) 0.768 0.473 0.325 0.176 
 175   (0.071) 0.009 0.012 0.072 0.032 
 185   (0.107) 0.021 0.198 0.109 0.024 
 191   (0.042) 0.005 0.212 0.036 0.003 

Locus 4 : 4 
10 alleles
0.0% missing data
 253   (0.419) 0.387 0.412 0.429 0.613 
 269   (0.205) 0.329 0.093 0.212 0.190 
 241   (0.172) 0.079 0.122 0.172 0.178 
 271   (0.047) 0.015 0.005 0.052 0.010 
 247   (0.068) 0.008 0.354 0.078 0.004 
 239   (0.019) 0.082 0.006 0.009 0.001 
 249   (0.026) 0.093 0.003 0.019 0.002 
 273   (0.017) 0.004 0.002 0.013 0.001 
 265   (0.013) 0.001 0.001 0.008 0.001 
 245   (0.013) 0.001 0.001 0.008 0.001 

Locus 5 : 5 
4 alleles
1.5% missing data
 103   (0.884) 0.986 0.891 0.914 0.847 
 104   (0.028) 0.003 0.003 0.017 0.019 
 105   (0.064) 0.009 0.007 0.054 0.133 
 102   (0.025) 0.002 0.099 0.015 0.002 

Locus 6 : 6 
5 alleles
0.0% missing data
 135   (0.272) 0.799 0.487 0.252 0.226 
 145   (0.380) 0.163 0.222 0.407 0.338 
 141   (0.276) 0.030 0.142 0.291 0.382 
 147   (0.048) 0.005 0.142 0.028 0.052 
 137   (0.024) 0.004 0.007 0.022 0.002 

Locus 7 : 7 
10 alleles
0.5% missing data
  97   (0.177) 0.181 0.288 0.183 0.093 
 103   (0.342) 0.042 0.327 0.373 0.571 
  89   (0.071) 0.008 0.009 0.080 0.039 
  93   (0.207) 0.335 0.176 0.211 0.170 
  85   (0.043) 0.006 0.005 0.035 0.063 
  83   (0.067) 0.007 0.054 0.065 0.027 
  91   (0.045) 0.295 0.136 0.022 0.035 
 105   (0.018) 0.124 0.002 0.009 0.001 
  99   (0.017) 0.002 0.002 0.013 0.001 
 101   (0.013) 0.001 0.001 0.008 0.001 

Locus 8 : 8 
9 alleles
0.0% missing data
 141   (0.064) 0.007 0.075 0.048 0.094 
 143   (0.248) 0.361 0.237 0.237 0.379 
 129   (0.557) 0.385 0.595 0.621 0.513 
 149   (0.047) 0.006 0.050 0.050 0.003 
 145   (0.019) 0.003 0.002 0.010 0.007 
 127   (0.021) 0.044 0.036 0.008 0.002 
 131   (0.013) 0.154 0.001 0.005 0.001 
 128   (0.013) 0.039 0.001 0.004 0.001 
 133   (0.019) 0.002 0.002 0.018 0.001 

Locus 9 : 9 
4 alleles
0.0% missing data
 191   (0.350) 0.358 0.464 0.328 0.453 
 195   (0.204) 0.143 0.044 0.195 0.340 
 189   (0.432) 0.497 0.490 0.469 0.206 
 193   (0.014) 0.002 0.001 0.008 0.001 

Locus 10 : 10 
6 alleles
0.0% missing data
 238   (0.539) 0.341 0.244 0.589 0.595 
 252   (0.112) 0.012 0.166 0.096 0.180 
 232   (0.214) 0.178 0.295 0.210 0.156 
 254   (0.070) 0.462 0.277 0.042 0.059 
 250   (0.040) 0.005 0.004 0.040 0.008 
 248   (0.026) 0.002 0.015 0.022 0.002 

Locus 11 : 11 
5 alleles
0.0% missing data
  87   (0.718) 0.801 0.613 0.751 0.763 
  89   (0.215) 0.192 0.272 0.200 0.233 
  91   (0.040) 0.004 0.097 0.036 0.003 
  83   (0.013) 0.001 0.016 0.006 0.001 
  85   (0.013) 0.001 0.001 0.008 0.001 

Locus 12 : 12 
12 alleles
0.0% missing data
 158   (0.184) 0.019 0.072 0.195 0.267 
 161   (0.074) 0.007 0.008 0.068 0.191 
 160   (0.274) 0.483 0.625 0.299 0.092 
 162   (0.272) 0.191 0.275 0.272 0.308 
 147   (0.045) 0.004 0.005 0.034 0.117 
 143   (0.026) 0.280 0.003 0.010 0.017 
 165   (0.013) 0.003 0.001 0.008 0.001 
 170   (0.039) 0.004 0.004 0.051 0.002 
 154   (0.020) 0.002 0.002 0.018 0.001 
 134   (0.013) 0.001 0.001 0.008 0.001 
 159   (0.017) 0.002 0.002 0.013 0.001 
 149   (0.023) 0.003 0.002 0.023 0.002 

Locus 13 : 13 
4 alleles
0.0% missing data
 113   (0.338) 0.463 0.470 0.321 0.375 
 115   (0.481) 0.140 0.477 0.513 0.457 
 108   (0.168) 0.396 0.052 0.158 0.167 
 110   (0.013) 0.001 0.001 0.008 0.001 

Locus 14 : 14 
9 alleles
0.0% missing data
 229   (0.416) 0.083 0.409 0.474 0.333 
 231   (0.174) 0.420 0.412 0.134 0.426 
 227   (0.164) 0.296 0.017 0.176 0.145 
 225   (0.142) 0.064 0.151 0.144 0.066 
 233   (0.051) 0.128 0.006 0.039 0.025 
 223   (0.013) 0.003 0.001 0.008 0.001 
 203   (0.013) 0.001 0.001 0.008 0.002 
 213   (0.013) 0.001 0.001 0.008 0.001 
 221   (0.013) 0.001 0.001 0.008 0.001 

Locus 15 : 15 
5 alleles
0.5% missing data
 143   (0.889) 0.727 0.856 0.930 0.915 
 145   (0.054) 0.267 0.006 0.035 0.081 
 147   (0.029) 0.003 0.046 0.022 0.002 
 133   (0.014) 0.001 0.091 0.005 0.001 
 157   (0.014) 0.001 0.002 0.008 0.001 

Locus 16 : 16 
5 alleles
0.0% missing data
 156   (0.274) 0.463 0.375 0.260 0.333 
 158   (0.500) 0.435 0.463 0.537 0.466 
 160   (0.134) 0.014 0.080 0.137 0.138 
 154   (0.079) 0.087 0.081 0.058 0.063 
 152   (0.013) 0.001 0.001 0.008 0.001 

Locus 17 : 17 
5 alleles
0.0% missing data
  90   (0.675) 0.533 0.632 0.671 0.818 
 102   (0.180) 0.020 0.353 0.172 0.161 
 100   (0.081) 0.440 0.008 0.097 0.006 
  88   (0.050) 0.005 0.005 0.051 0.014 
 104   (0.014) 0.001 0.001 0.008 0.001 

Locus 18 : 18 
7 alleles
0.0% missing data
 140   (0.284) 0.489 0.064 0.282 0.415 
 150   (0.073) 0.010 0.392 0.063 0.020 
 127   (0.292) 0.455 0.200 0.278 0.375 
 138   (0.073) 0.007 0.008 0.074 0.062 
 148   (0.100) 0.011 0.218 0.094 0.045 
 146   (0.096) 0.019 0.107 0.084 0.078 
 142   (0.082) 0.008 0.012 0.126 0.005 

Locus 19 : 19 
6 alleles
0.0% missing data
 190   (0.119) 0.018 0.105 0.103 0.235 
 194   (0.554) 0.669 0.597 0.563 0.645 
 200   (0.124) 0.211 0.015 0.134 0.054 
 188   (0.144) 0.017 0.140 0.158 0.062 
 202   (0.046) 0.084 0.142 0.033 0.003 
 198   (0.013) 0.001 0.001 0.008 0.001 

Locus 20 : 20 
6 alleles
0.0% missing data
 246   (0.146) 0.053 0.283 0.122 0.241 
 250   (0.076) 0.750 0.060 0.054 0.040 
 252   (0.644) 0.146 0.573 0.716 0.635 
 254   (0.083) 0.011 0.078 0.071 0.076 
 244   (0.028) 0.004 0.003 0.021 0.007 
 248   (0.024) 0.036 0.002 0.016 0.002 

Locus 21 : 21 
9 alleles
0.0% missing data
 167   (0.255) 0.076 0.241 0.278 0.224 
 177   (0.186) 0.545 0.167 0.185 0.125 
 171   (0.014) 0.001 0.002 0.005 0.012 
 175   (0.137) 0.163 0.073 0.119 0.259 
 173   (0.281) 0.195 0.143 0.319 0.203 
 165   (0.058) 0.010 0.007 0.049 0.169 
 163   (0.043) 0.005 0.343 0.034 0.007 
 159   (0.013) 0.003 0.001 0.008 0.001 
 161   (0.013) 0.001 0.022 0.005 0.001 

Locus 22 : 22 
10 alleles
0.5% missing data
 146   (0.208) 0.162 0.192 0.210 0.280 
 152   (0.409) 0.271 0.415 0.458 0.468 
 158   (0.105) 0.012 0.061 0.116 0.068 
 166   (0.071) 0.156 0.008 0.061 0.097 
 164   (0.040) 0.005 0.005 0.034 0.046 
 162   (0.047) 0.009 0.077 0.039 0.013 
 150   (0.050) 0.048 0.050 0.033 0.024 
 156   (0.024) 0.005 0.187 0.015 0.002 
 148   (0.026) 0.330 0.003 0.018 0.002 
 142   (0.019) 0.002 0.002 0.018 0.001 

Locus 23 : 23 
6 alleles
0.5% missing data
 154   (0.526) 0.287 0.270 0.553 0.643 
 156   (0.126) 0.018 0.014 0.139 0.131 
 160   (0.106) 0.013 0.241 0.101 0.049 
 144   (0.210) 0.677 0.471 0.185 0.174 
 152   (0.014) 0.001 0.001 0.008 0.001 
 158   (0.018) 0.004 0.003 0.013 0.001 

Locus 24 : 24 
4 alleles
0.5% missing data
  81   (0.346) 0.374 0.043 0.389 0.277 
  83   (0.506) 0.609 0.918 0.474 0.599 
  77   (0.095) 0.010 0.033 0.093 0.058 
  85   (0.053) 0.007 0.006 0.044 0.067 

Locus 25 : 25 
6 alleles
0.5% missing data
 124   (0.515) 0.389 0.364 0.535 0.593 
 132   (0.308) 0.216 0.595 0.300 0.282 
 122   (0.112) 0.019 0.034 0.110 0.120 
 120   (0.019) 0.369 0.002 0.009 0.001 
 126   (0.029) 0.005 0.003 0.032 0.002 
 136   (0.017) 0.002 0.002 0.013 0.001 

Locus 26 : 26 
6 alleles
0.0% missing data
 165   (0.256) 0.361 0.069 0.252 0.343 
 175   (0.251) 0.025 0.240 0.257 0.309 
 183   (0.352) 0.190 0.677 0.348 0.309 
 181   (0.055) 0.005 0.006 0.053 0.032 
 179   (0.072) 0.417 0.007 0.082 0.006 
 185   (0.014) 0.001 0.001 0.008 0.001 

Locus 27 : 27 
4 alleles
0.0% missing data
 138   (0.058) 0.008 0.007 0.063 0.018 
 142   (0.556) 0.484 0.721 0.560 0.595 
 150   (0.149) 0.015 0.179 0.152 0.100 
 148   (0.236) 0.493 0.093 0.224 0.287 

Locus 28 : 28 
5 alleles
0.0% missing data
 260   (0.437) 0.183 0.259 0.480 0.347 
 262   (0.459) 0.807 0.570 0.437 0.594 
 256   (0.064) 0.006 0.166 0.046 0.057 
 258   (0.020) 0.002 0.002 0.018 0.001 
 264   (0.020) 0.002 0.002 0.018 0.001 

Locus 29 : 29 
5 alleles
0.5% missing data
 150   (0.482) 0.197 0.261 0.523 0.461 
 146   (0.238) 0.027 0.443 0.240 0.233 
 140   (0.174) 0.761 0.145 0.146 0.225 
 148   (0.080) 0.009 0.147 0.063 0.080 
 152   (0.027) 0.006 0.003 0.028 0.002 

Locus 30 : 30 
6 alleles
0.0% missing data
 129   (0.504) 0.332 0.638 0.527 0.452 
 127   (0.080) 0.580 0.008 0.061 0.130 
 125   (0.247) 0.066 0.257 0.246 0.297 
 123   (0.114) 0.015 0.091 0.107 0.117 
 131   (0.037) 0.006 0.004 0.046 0.002 
 121   (0.017) 0.002 0.002 0.013 0.001 

Locus 31 : 31 
5 alleles
0.0% missing data
 157   (0.232) 0.232 0.071 0.222 0.324 
 155   (0.545) 0.647 0.588 0.556 0.450 
 159   (0.129) 0.016 0.014 0.133 0.220 
 151   (0.035) 0.062 0.321 0.020 0.002 
 153   (0.059) 0.043 0.007 0.069 0.004 

Locus 32 : 32 
4 alleles
0.0% missing data
 146   (0.330) 0.362 0.430 0.327 0.307 
 150   (0.540) 0.587 0.556 0.560 0.527 
 154   (0.063) 0.043 0.007 0.051 0.073 
 148   (0.067) 0.008 0.007 0.062 0.092 

Locus 33 : 33 
6 alleles
0.0% missing data
 192   (0.186) 0.022 0.126 0.197 0.175 
 196   (0.128) 0.016 0.013 0.147 0.114 
 180   (0.437) 0.756 0.722 0.431 0.423 
 184   (0.188) 0.197 0.053 0.180 0.261 
 190   (0.027) 0.003 0.003 0.016 0.025 
 198   (0.035) 0.006 0.083 0.028 0.002 

Locus 34 : 34 
7 alleles
0.0% missing data
 106   (0.327) 0.295 0.666 0.323 0.313 
 110   (0.209) 0.251 0.068 0.200 0.340 
 112   (0.258) 0.027 0.110 0.294 0.266 
 108   (0.131) 0.136 0.080 0.133 0.049 
  90   (0.039) 0.287 0.004 0.022 0.029 
  96   (0.014) 0.001 0.069 0.005 0.001 
  94   (0.023) 0.002 0.003 0.023 0.002 

Locus 35 : 35 
8 alleles
0.0% missing data
 172   (0.277) 0.030 0.386 0.305 0.128 
 176   (0.106) 0.012 0.012 0.098 0.249 
 170   (0.305) 0.533 0.569 0.255 0.505 
 166   (0.054) 0.007 0.006 0.048 0.038 
 174   (0.119) 0.013 0.013 0.135 0.071 
 168   (0.078) 0.400 0.008 0.092 0.006 
 178   (0.039) 0.004 0.004 0.047 0.003 
 186   (0.021) 0.002 0.002 0.018 0.001 

Locus 36 : 36 
6 alleles
0.0% missing data
  85   (0.215) 0.320 0.193 0.219 0.115 
  89   (0.523) 0.306 0.762 0.531 0.594 
  81   (0.055) 0.008 0.006 0.044 0.123 
  95   (0.063) 0.008 0.007 0.056 0.087 
  83   (0.128) 0.022 0.030 0.142 0.080 
  91   (0.017) 0.336 0.002 0.007 0.001 

Locus 37 : 37 
7 alleles
0.0% missing data
 161   (0.340) 0.088 0.407 0.348 0.361 
 165   (0.210) 0.082 0.070 0.218 0.208 
 173   (0.314) 0.416 0.506 0.288 0.421 
 169   (0.075) 0.046 0.011 0.096 0.006 
 168   (0.014) 0.362 0.001 0.005 0.001 
 167   (0.029) 0.005 0.003 0.032 0.002 
 175   (0.017) 0.002 0.002 0.013 0.001 

Locus 38 : 38 
6 alleles
0.0% missing data
  85   (0.236) 0.156 0.267 0.223 0.258 
  89   (0.354) 0.038 0.081 0.438 0.236 
  91   (0.180) 0.045 0.300 0.160 0.276 
  93   (0.015) 0.001 0.002 0.005 0.024 
  87   (0.122) 0.747 0.202 0.100 0.069 
  81   (0.093) 0.012 0.147 0.075 0.138 

Locus 39 : 39 
3 alleles
0.0% missing data
 167   (0.808) 0.801 0.890 0.802 0.948 
 161   (0.164) 0.193 0.107 0.170 0.050 
 165   (0.027) 0.006 0.003 0.028 0.002 

Locus 40 : 40 
6 alleles
0.5% missing data
 228   (0.389) 0.472 0.197 0.405 0.329 
 240   (0.151) 0.070 0.157 0.156 0.047 
 236   (0.075) 0.158 0.590 0.042 0.108 
 238   (0.340) 0.170 0.050 0.375 0.400 
 224   (0.028) 0.003 0.003 0.014 0.115 
 242   (0.018) 0.127 0.002 0.008 0.001 

Locus 41 : 41 
9 alleles
0.5% missing data
 130   (0.459) 0.093 0.401 0.515 0.464 
 114   (0.095) 0.502 0.010 0.080 0.147 
 132   (0.113) 0.011 0.295 0.097 0.172 
 120   (0.013) 0.001 0.001 0.005 0.006 
 128   (0.083) 0.009 0.020 0.087 0.063 
 118   (0.070) 0.070 0.252 0.057 0.013 
 134   (0.142) 0.310 0.016 0.146 0.129 
 119   (0.013) 0.001 0.002 0.005 0.006 
 122   (0.013) 0.001 0.002 0.008 0.001 

Locus 42 : 42 
8 alleles
0.0% missing data
 104   (0.368) 0.083 0.322 0.428 0.308 
  94   (0.015) 0.002 0.002 0.006 0.011 
 102   (0.280) 0.265 0.524 0.270 0.399 
 100   (0.020) 0.003 0.022 0.007 0.012 
  96   (0.057) 0.165 0.006 0.043 0.051 
  98   (0.133) 0.274 0.109 0.121 0.114 
  92   (0.114) 0.207 0.013 0.117 0.104 
 106   (0.013) 0.001 0.001 0.008 0.001 

Locus 43 : 43 
5 alleles
0.0% missing data
  95   (0.240) 0.058 0.412 0.237 0.226 
 101   (0.329) 0.031 0.172 0.359 0.410 
 103   (0.314) 0.216 0.387 0.312 0.305 
  97   (0.037) 0.347 0.020 0.022 0.006 
  99   (0.081) 0.349 0.009 0.070 0.054 

Locus 44 : 44 
8 alleles
0.0% missing data
 191   (0.266) 0.120 0.051 0.279 0.424 
 181   (0.573) 0.539 0.905 0.590 0.538 
 177   (0.057) 0.006 0.008 0.057 0.026 
 187   (0.013) 0.001 0.001 0.005 0.006 
 179   (0.034) 0.326 0.004 0.027 0.002 
 189   (0.024) 0.002 0.026 0.015 0.001 
 193   (0.017) 0.004 0.003 0.013 0.001 
 183   (0.017) 0.002 0.002 0.013 0.001 

Locus 45 : 45 
6 alleles
1.0% missing data
 205   (0.469) 0.330 0.287 0.514 0.450 
 211   (0.201) 0.163 0.168 0.187 0.284 
 201   (0.055) 0.436 0.006 0.040 0.044 
 207   (0.186) 0.062 0.433 0.192 0.097 
 215   (0.075) 0.008 0.105 0.058 0.125 
 202   (0.013) 0.001 0.001 0.008 0.001 

Locus 46 : 46 
10 alleles
0.0% missing data
 142   (0.279) 0.033 0.295 0.318 0.337 
 166   (0.156) 0.135 0.264 0.157 0.102 
 162   (0.064) 0.350 0.007 0.047 0.140 
 164   (0.055) 0.059 0.007 0.043 0.060 
 158   (0.176) 0.143 0.250 0.168 0.226 
 168   (0.150) 0.125 0.129 0.151 0.120 
 156   (0.041) 0.148 0.005 0.031 0.011 
 160   (0.013) 0.001 0.023 0.004 0.001 
 144   (0.044) 0.004 0.013 0.059 0.003 
 170   (0.023) 0.003 0.007 0.021 0.002 

Locus 47 : 47 
6 alleles
0.0% missing data
 145   (0.265) 0.348 0.648 0.234 0.338 
 153   (0.202) 0.023 0.092 0.219 0.172 
 149   (0.312) 0.478 0.227 0.341 0.134 
 151   (0.187) 0.146 0.029 0.180 0.354 
 143   (0.021) 0.003 0.002 0.018 0.001 
 147   (0.014) 0.002 0.002 0.008 0.001 

Values of parameters used in structure:
DATAFILE=c1.str,	OUTFILE=k4/c1_k4_run5,	NUMINDS=202,	NUMLOCI=47,	MISSING=-9,	LABEL=1,	POPDATA=1,	POPFLAG=0,	PHENOTYPE=0,	EXTRACOLS=0,	MAXPOPS=4,	BURNIN=500000,	NUMREPS=750000,	USEPOPINFO=0,	INFERALPHA=1,	INFERLAMBDA=0,	POPSPECIFICLAMBDA=0,	POPALPHAS=0,	COMPUTEPROB=1,	NOADMIX=0,	ADMBURNIN=500,	UPDATEFREQ=100,	PRINTLIKES=0,	INTERMEDSAVE=0,	PRINTKLD=0,	PRINTNET=1,	PRINTLAMBDA=1,	ANCESTDIST=0,	NUMBOXES=1000,	ANCESTPINT=0.90000,	GENSBACK=2,	MIGRPRIOR=0.01000,	PRINTQHAT=0,	PRINTQSUM=1,	ALPHA=1.0000,	FREQSCORR=1,	FPRIORMEAN=0.0100,	FPRIORSD=0.0500,	ONEFST=0,	LAMBDA=1.0000,	UNIFPRIORALPHA=1,	ALPHAMAX=10.0000,	ALPHAPRIORA=1.0000,	ALPHAPRIORB=2.0000,	ALPHAPROPSD=0.0250,	STARTATPOPINFO=0,	RANDOMIZE=0,	LINKAGE=0,	METROFREQ=10,	REPORTHITRATE=0,	MARKOVPHASE=0,	PHASED=1,	PLOIDY=2,	PHASEINFO=0	LOCPRIOR=0, 	LOCPRIORINIT=1.000000, 	LOCDATA=0, 	LOCISPOP=1, 	LOCPRIORSTEP=0.100000, 	MAXLOCPRIOR=20.000000, 	SEED=443074,	
[STRAT parameters]:    NUMSIMSTATS=1000,	PHENOTYPECOL=-9,	POOLFREQ=10,	LOCUSxONLY=0,	EMERROR=0.00100,	MISSINGPHENO=-9,	