

----------------------------------------------------
STRUCTURE by Pritchard, Stephens and Donnelly (2000)
     and Falush, Stephens and Pritchard (2003)
       Code by Pritchard, Falush and Hubisz
             Version 2.3.4 (Jul 2012)
----------------------------------------------------



Command line arguments:   structure -D 694221 -K 7 -m mainparams -o k7/c1_k7_run4 
Input File:    c1.str

Run parameters:
   202 individuals
   47 loci
   7 populations assumed
   500000 Burn-in period
   750000 Reps
RANDOMIZE turned off


--------------------------------------------
Proportion of membership of each pre-defined
 population in each of the 7 clusters

Given    Inferred Clusters                                   Number of
 Pop       1      2      3      4      5      6      7      Individuals

  1:     0.021  0.009  0.034  0.038  0.873  0.020  0.005       81
  2:     0.022  0.904  0.019  0.017  0.006  0.029  0.003       19
  3:     0.005  0.011  0.005  0.004  0.004  0.006  0.965       10
  4:     0.225  0.009  0.264  0.135  0.025  0.312  0.029       10
  5:     0.194  0.026  0.286  0.050  0.047  0.385  0.012       23
  6:     0.457  0.016  0.178  0.099  0.061  0.180  0.009       11
  7:     0.282  0.007  0.092  0.449  0.012  0.153  0.005       18
  8:     0.269  0.009  0.349  0.026  0.041  0.278  0.029       25
  9:     0.193  0.028  0.128  0.349  0.009  0.291  0.003        5
--------------------------------------------

Allele-freq. divergence among pops (Net nucleotide distance),
computed using point estimates of P.

      1       2       3       4       5       6       7      
 1      -    0.0590  0.0029  0.0163  0.0199  0.0033  0.1070  
 2   0.0590     -    0.0498  0.0665  0.0657  0.0555  0.1276  
 3   0.0029  0.0498     -    0.0142  0.0158  0.0018  0.0957  
 4   0.0163  0.0665  0.0142     -    0.0311  0.0167  0.1273  
 5   0.0199  0.0657  0.0158  0.0311     -    0.0205  0.1148  
 6   0.0033  0.0555  0.0018  0.0167  0.0205     -    0.1061  
 7   0.1070  0.1276  0.0957  0.1273  0.1148  0.1061     -    

Average distances (expected heterozygosity) between individuals in same cluster:
cluster  1  : 0.6301 
cluster  2  : 0.5516 
cluster  3  : 0.6541 
cluster  4  : 0.5941 
cluster  5  : 0.5992 
cluster  6  : 0.6309 
cluster  7  : 0.5486 

--------------------------------------------
Estimated Ln Prob of Data   = -22465.6
Mean value of ln likelihood = -21827.3
Variance of ln likelihood   = 1276.6
Mean value of alpha         = 0.0350

Mean value of Fst_1         = 0.0367
Mean value of Fst_2         = 0.2027
Mean value of Fst_3         = 0.0001
Mean value of Fst_4         = 0.0925
Mean value of Fst_5         = 0.0909
Mean value of Fst_6         = 0.0290
Mean value of Fst_7         = 0.2959


Inferred ancestry of individuals:
        Label (%Miss) Pop:  Inferred clusters
  1      122    (0)    1 :  0.146 0.010 0.059 0.384 0.349 0.051 0.001 
  2      123    (0)    1 :  0.010 0.003 0.051 0.016 0.901 0.014 0.006 
  3      124    (0)    1 :  0.006 0.014 0.006 0.005 0.952 0.007 0.009 
  4      125    (0)    1 :  0.005 0.002 0.007 0.004 0.975 0.005 0.002 
  5      126    (0)    1 :  0.008 0.002 0.014 0.723 0.242 0.010 0.001 
  6      128    (0)    1 :  0.017 0.012 0.025 0.009 0.921 0.013 0.003 
  7      129    (0)    1 :  0.021 0.076 0.040 0.032 0.808 0.020 0.002 
  8      130    (0)    1 :  0.009 0.005 0.008 0.024 0.945 0.008 0.001 
  9      131    (0)    1 :  0.006 0.002 0.008 0.009 0.966 0.007 0.003 
 10      132    (0)    1 :  0.005 0.009 0.004 0.005 0.965 0.004 0.007 
 11      133    (0)    1 :  0.068 0.089 0.113 0.304 0.367 0.056 0.001 
 12      134    (0)    1 :  0.030 0.006 0.035 0.013 0.877 0.025 0.015 
 13      135    (0)    1 :  0.035 0.005 0.022 0.012 0.898 0.026 0.002 
 14      136    (0)    1 :  0.019 0.007 0.018 0.006 0.933 0.010 0.007 
 15      139    (0)    1 :  0.012 0.016 0.016 0.020 0.911 0.022 0.003 
 16      140    (0)    1 :  0.017 0.018 0.058 0.012 0.855 0.038 0.002 
 17      141    (0)    1 :  0.016 0.005 0.027 0.012 0.917 0.018 0.004 
 18      142    (0)    1 :  0.005 0.004 0.004 0.003 0.975 0.006 0.002 
 19      143    (0)    1 :  0.006 0.016 0.009 0.010 0.944 0.008 0.007 
 20      144    (0)    1 :  0.018 0.007 0.025 0.026 0.902 0.020 0.003 
 21      145    (0)    1 :  0.018 0.005 0.055 0.022 0.855 0.018 0.027 
 22      148    (0)    1 :  0.055 0.003 0.077 0.010 0.796 0.056 0.003 
 23      556    (0)    1 :  0.008 0.007 0.011 0.018 0.943 0.011 0.002 
 24      557    (0)    1 :  0.006 0.003 0.006 0.005 0.958 0.007 0.016 
 25      558    (0)    1 :  0.009 0.005 0.009 0.009 0.953 0.008 0.007 
 26      559    (0)    1 :  0.009 0.008 0.009 0.016 0.947 0.009 0.002 
 27      560    (0)    1 :  0.024 0.002 0.009 0.006 0.940 0.017 0.002 
 28      561    (0)    1 :  0.003 0.003 0.003 0.003 0.984 0.003 0.001 
 29      562    (0)    1 :  0.035 0.006 0.030 0.018 0.882 0.024 0.005 
 30      563    (0)    1 :  0.035 0.008 0.154 0.023 0.724 0.049 0.007 
 31      564    (0)    1 :  0.079 0.017 0.063 0.045 0.714 0.081 0.002 
 32      565    (0)    1 :  0.003 0.004 0.004 0.004 0.980 0.004 0.002 
 33      566    (0)    1 :  0.021 0.002 0.017 0.022 0.889 0.046 0.002 
 34      567    (0)    1 :  0.007 0.004 0.009 0.004 0.963 0.011 0.003 
 35      568    (0)    1 :  0.011 0.014 0.012 0.007 0.941 0.014 0.002 
 36      569    (0)    1 :  0.007 0.004 0.006 0.005 0.962 0.006 0.009 
 37      570    (0)    1 :  0.004 0.002 0.003 0.004 0.982 0.003 0.001 
 38      613    (0)    1 :  0.004 0.004 0.004 0.005 0.977 0.004 0.002 
 39      614    (0)    1 :  0.014 0.002 0.015 0.012 0.942 0.012 0.002 
 40      615    (0)    1 :  0.014 0.003 0.016 0.030 0.919 0.012 0.005 
 41      616    (0)    1 :  0.008 0.037 0.008 0.006 0.930 0.009 0.001 
 42      617    (0)    1 :  0.016 0.004 0.021 0.010 0.921 0.024 0.004 
 43      618    (0)    1 :  0.044 0.014 0.023 0.013 0.888 0.015 0.003 
 44      619    (0)    1 :  0.015 0.003 0.839 0.004 0.005 0.048 0.088 
 45      620    (0)    1 :  0.010 0.003 0.008 0.015 0.951 0.009 0.004 
 46      621    (0)    1 :  0.006 0.003 0.009 0.049 0.924 0.007 0.002 
 47      622    (0)    1 :  0.004 0.004 0.004 0.002 0.978 0.004 0.003 
 48      623    (0)    1 :  0.004 0.002 0.004 0.005 0.980 0.003 0.002 
 49      624    (0)    1 :  0.012 0.006 0.014 0.033 0.917 0.016 0.003 
 50      625    (0)    1 :  0.010 0.003 0.011 0.627 0.336 0.012 0.002 
 51      626    (0)    1 :  0.005 0.006 0.007 0.008 0.965 0.007 0.003 
 52      627    (0)    1 :  0.026 0.011 0.036 0.021 0.860 0.043 0.003 
 53      628    (0)    1 :  0.007 0.004 0.006 0.004 0.967 0.008 0.004 
 54      629    (0)    1 :  0.009 0.010 0.010 0.012 0.949 0.008 0.002 
 55      630    (0)    1 :  0.005 0.002 0.004 0.003 0.978 0.004 0.004 
 56      631    (0)    1 :  0.004 0.026 0.005 0.004 0.954 0.004 0.004 
 57      632    (0)    1 :  0.019 0.014 0.021 0.079 0.841 0.020 0.005 
 58      633    (0)    1 :  0.108 0.011 0.072 0.017 0.742 0.043 0.007 
 59      634    (0)    1 :  0.009 0.006 0.016 0.010 0.939 0.009 0.012 
 60      635    (0)    1 :  0.005 0.003 0.006 0.009 0.969 0.006 0.003 
 61      636    (0)    1 :  0.004 0.003 0.004 0.004 0.977 0.004 0.003 
 62      637    (0)    1 :  0.285 0.009 0.240 0.012 0.239 0.214 0.001 
 63      638    (0)    1 :  0.015 0.013 0.016 0.009 0.932 0.013 0.002 
 64      639    (0)    1 :  0.046 0.010 0.151 0.035 0.599 0.156 0.003 
 65      640    (0)    1 :  0.006 0.005 0.006 0.006 0.970 0.007 0.001 
 66      689    (0)    1 :  0.006 0.003 0.006 0.008 0.970 0.006 0.001 
 67      690    (0)    1 :  0.009 0.005 0.010 0.007 0.941 0.011 0.017 
 68      691    (0)    1 :  0.014 0.002 0.009 0.030 0.937 0.008 0.002 
 69      692    (0)    1 :  0.095 0.005 0.030 0.058 0.774 0.030 0.008 
 70      693    (0)    1 :  0.005 0.003 0.005 0.005 0.975 0.005 0.002 
 71      694    (0)    1 :  0.004 0.007 0.004 0.003 0.976 0.003 0.003 
 72      695    (0)    1 :  0.003 0.003 0.003 0.003 0.984 0.003 0.001 
 73      696    (0)    1 :  0.004 0.002 0.004 0.003 0.981 0.004 0.003 
 74      697    (0)    1 :  0.004 0.007 0.004 0.006 0.973 0.004 0.002 
 75      698    (0)    1 :  0.030 0.002 0.017 0.016 0.907 0.024 0.003 
 76      699    (0)    1 :  0.005 0.003 0.004 0.003 0.979 0.004 0.001 
 77      700    (0)    1 :  0.008 0.005 0.009 0.008 0.957 0.007 0.005 
 78      701    (2)    1 :  0.014 0.005 0.018 0.022 0.923 0.015 0.003 
 79      702    (0)    1 :  0.016 0.002 0.012 0.016 0.937 0.012 0.006 
 80      703    (0)    1 :  0.005 0.002 0.006 0.016 0.963 0.005 0.004 
 81      704    (0)    1 :  0.010 0.010 0.010 0.005 0.955 0.009 0.001 
 82      007    (0)    2 :  0.005 0.958 0.007 0.004 0.010 0.008 0.007 
 83      012    (0)    2 :  0.009 0.874 0.041 0.046 0.010 0.014 0.005 
 84      020    (0)    2 :  0.080 0.572 0.062 0.009 0.005 0.270 0.002 
 85      021    (0)    2 :  0.002 0.984 0.002 0.005 0.003 0.003 0.001 
 86      022    (0)    2 :  0.017 0.837 0.020 0.089 0.005 0.017 0.015 
 87      034    (0)    2 :  0.007 0.948 0.011 0.008 0.012 0.009 0.005 
 88      049    (0)    2 :  0.002 0.986 0.003 0.002 0.003 0.003 0.002 
 89      062    (0)    2 :  0.002 0.989 0.003 0.002 0.002 0.002 0.001 
 90      089    (0)    2 :  0.002 0.989 0.002 0.002 0.002 0.002 0.001 
 91      092    (0)    2 :  0.002 0.991 0.001 0.002 0.002 0.002 0.001 
 92      100    (0)    2 :  0.003 0.976 0.004 0.005 0.006 0.004 0.002 
 93      105    (0)    2 :  0.008 0.967 0.009 0.003 0.004 0.008 0.001 
 94      205    (0)    2 :  0.018 0.931 0.013 0.009 0.008 0.015 0.005 
 95      206    (0)    2 :  0.140 0.638 0.055 0.093 0.020 0.051 0.003 
 96      207    (0)    2 :  0.008 0.961 0.008 0.007 0.006 0.008 0.002 
 97      208    (0)    2 :  0.018 0.910 0.017 0.022 0.007 0.023 0.003 
 98      209    (0)    2 :  0.092 0.700 0.090 0.016 0.003 0.097 0.002 
 99      377    (0)    2 :  0.003 0.977 0.003 0.006 0.006 0.003 0.003 
100      881    (0)    2 :  0.002 0.986 0.002 0.003 0.003 0.002 0.002 
101      003    (0)    3 :  0.006 0.016 0.005 0.007 0.003 0.005 0.957 
102      108    (0)    3 :  0.002 0.002 0.002 0.001 0.002 0.002 0.990 
103      194    (0)    3 :  0.012 0.016 0.011 0.009 0.006 0.008 0.938 
104      232    (0)    3 :  0.003 0.003 0.004 0.003 0.003 0.005 0.977 
105      321    (0)    3 :  0.002 0.002 0.003 0.002 0.002 0.003 0.986 
106      322    (0)    3 :  0.001 0.004 0.002 0.001 0.002 0.002 0.989 
107      329    (0)    3 :  0.002 0.001 0.002 0.002 0.002 0.002 0.989 
108      330    (0)    3 :  0.003 0.002 0.002 0.002 0.002 0.002 0.987 
109      342    (0)    3 :  0.013 0.002 0.013 0.004 0.006 0.022 0.940 
110      347    (0)    3 :  0.007 0.057 0.009 0.009 0.010 0.009 0.899 
111      801    (0)    4 :  0.158 0.022 0.502 0.023 0.097 0.193 0.005 
112      815    (0)    4 :  0.225 0.024 0.635 0.008 0.019 0.085 0.003 
113      816    (0)    4 :  0.125 0.006 0.037 0.736 0.040 0.054 0.002 
114      817    (0)    4 :  0.156 0.006 0.166 0.007 0.006 0.649 0.011 
115      818    (0)    4 :  0.196 0.003 0.071 0.015 0.040 0.673 0.002 
116      819    (0)    4 :  0.393 0.006 0.193 0.246 0.008 0.148 0.006 
117      820    (2)    4 :  0.173 0.012 0.174 0.007 0.010 0.623 0.001 
118      821    (0)    4 :  0.149 0.003 0.169 0.291 0.006 0.381 0.002 
119      822    (0)    4 :  0.498 0.005 0.098 0.011 0.008 0.133 0.248 
120      853    (0)    4 :  0.177 0.003 0.598 0.011 0.019 0.181 0.011 
121      797    (0)    5 :  0.157 0.014 0.045 0.021 0.015 0.748 0.002 
122      798    (0)    5 :  0.149 0.003 0.057 0.154 0.006 0.630 0.001 
123      799    (0)    5 :  0.108 0.036 0.343 0.007 0.009 0.493 0.003 
124      800    (0)    5 :  0.149 0.003 0.373 0.108 0.098 0.265 0.004 
125      823    (0)    5 :  0.055 0.369 0.326 0.042 0.007 0.192 0.009 
126      824    (0)    5 :  0.801 0.004 0.012 0.011 0.004 0.163 0.005 
127      825    (0)    5 :  0.105 0.012 0.733 0.054 0.014 0.078 0.003 
128      826    (0)    5 :  0.079 0.004 0.301 0.060 0.402 0.133 0.021 
129      827    (0)    5 :  0.614 0.004 0.152 0.007 0.009 0.212 0.002 
130      836    (0)    5 :  0.164 0.003 0.040 0.014 0.012 0.765 0.001 
131      837    (0)    5 :  0.109 0.004 0.285 0.005 0.024 0.537 0.037 
132      838    (0)    5 :  0.270 0.003 0.301 0.068 0.219 0.137 0.002 
133      839    (0)    5 :  0.155 0.011 0.210 0.055 0.033 0.532 0.003 
134      840    (0)    5 :  0.081 0.008 0.610 0.081 0.010 0.209 0.001 
135      841    (0)    5 :  0.174 0.007 0.155 0.283 0.012 0.366 0.003 
136      842    (0)    5 :  0.227 0.006 0.120 0.018 0.015 0.612 0.002 
137      843    (0)    5 :  0.137 0.004 0.322 0.016 0.021 0.498 0.002 
138      845    (0)    5 :  0.139 0.004 0.628 0.012 0.008 0.207 0.002 
139      846    (0)    5 :  0.125 0.010 0.272 0.087 0.018 0.485 0.004 
140      847    (2)    5 :  0.029 0.066 0.688 0.010 0.018 0.061 0.128 
141      848    (0)    5 :  0.114 0.009 0.273 0.004 0.053 0.536 0.010 
142      849    (0)    5 :  0.135 0.005 0.175 0.021 0.065 0.586 0.014 
143      855    (0)    5 :  0.385 0.003 0.163 0.019 0.018 0.405 0.007 
144      793    (0)    6 :  0.467 0.002 0.187 0.020 0.176 0.143 0.005 
145      794    (0)    6 :  0.352 0.003 0.354 0.011 0.009 0.264 0.007 
146      828    (0)    6 :  0.673 0.003 0.062 0.037 0.050 0.170 0.005 
147      829    (4)    6 :  0.340 0.003 0.404 0.033 0.066 0.152 0.001 
148      830    (0)    6 :  0.410 0.018 0.257 0.102 0.034 0.174 0.004 
149      831    (2)    6 :  0.744 0.010 0.050 0.024 0.007 0.154 0.011 
150      832    (0)    6 :  0.054 0.003 0.052 0.718 0.035 0.133 0.005 
151      833    (2)    6 :  0.749 0.003 0.031 0.006 0.033 0.172 0.005 
152      835    (0)    6 :  0.103 0.115 0.323 0.044 0.155 0.210 0.049 
153      870    (0)    6 :  0.364 0.007 0.219 0.082 0.101 0.225 0.002 
154      871    (0)    6 :  0.773 0.003 0.024 0.013 0.008 0.177 0.002 
155      451    (0)    7 :  0.512 0.003 0.082 0.006 0.006 0.383 0.007 
156      452    (4)    7 :  0.009 0.005 0.007 0.963 0.005 0.009 0.002 
157      453    (4)    7 :  0.012 0.007 0.008 0.958 0.005 0.008 0.002 
158      454    (2)    7 :  0.601 0.009 0.205 0.026 0.021 0.130 0.008 
159      455    (4)    7 :  0.640 0.014 0.174 0.026 0.013 0.132 0.002 
160      795    (0)    7 :  0.009 0.005 0.011 0.956 0.011 0.008 0.001 
161      796    (0)    7 :  0.540 0.003 0.122 0.021 0.003 0.309 0.002 
162      802    (0)    7 :  0.017 0.004 0.013 0.942 0.005 0.017 0.001 
163      804    (0)    7 :  0.409 0.007 0.185 0.190 0.043 0.165 0.002 
164      805    (0)    7 :  0.629 0.009 0.136 0.013 0.016 0.195 0.002 
165      851    (0)    7 :  0.005 0.003 0.005 0.965 0.008 0.004 0.008 
166      852    (0)    7 :  0.011 0.004 0.008 0.960 0.008 0.007 0.002 
167      854    (0)    7 :  0.143 0.008 0.174 0.024 0.015 0.635 0.002 
168      858    (0)    7 :  0.648 0.007 0.117 0.020 0.007 0.199 0.002 
169      859    (0)    7 :  0.327 0.020 0.259 0.071 0.033 0.287 0.002 
170      860    (0)    7 :  0.553 0.005 0.129 0.018 0.007 0.246 0.042 
171      862    (0)    7 :  0.006 0.006 0.006 0.969 0.006 0.006 0.001 
172      863    (0)    7 :  0.011 0.004 0.007 0.962 0.007 0.008 0.001 
173      450    (0)    8 :  0.148 0.017 0.519 0.015 0.013 0.285 0.003 
174      791    (0)    8 :  0.144 0.006 0.273 0.044 0.013 0.516 0.003 
175      792    (0)    8 :  0.058 0.012 0.736 0.003 0.010 0.043 0.137 
176      803    (0)    8 :  0.166 0.011 0.296 0.018 0.110 0.106 0.292 
177      806    (0)    8 :  0.025 0.006 0.851 0.006 0.046 0.061 0.006 
178      807    (0)    8 :  0.155 0.006 0.082 0.008 0.006 0.742 0.002 
179      808    (0)    8 :  0.722 0.003 0.034 0.008 0.016 0.214 0.003 
180      809    (0)    8 :  0.047 0.009 0.258 0.180 0.399 0.064 0.044 
181      810    (0)    8 :  0.104 0.028 0.455 0.009 0.013 0.348 0.044 
182      811    (0)    8 :  0.112 0.006 0.393 0.006 0.006 0.472 0.005 
183      812    (0)    8 :  0.103 0.012 0.542 0.012 0.073 0.254 0.003 
184      813    (0)    8 :  0.425 0.004 0.328 0.070 0.015 0.155 0.003 
185      814    (0)    8 :  0.697 0.006 0.084 0.012 0.011 0.185 0.005 
186      834    (0)    8 :  0.156 0.002 0.112 0.007 0.005 0.715 0.004 
187      844    (0)    8 :  0.427 0.004 0.067 0.087 0.008 0.405 0.003 
188      850    (0)    8 :  0.587 0.006 0.242 0.020 0.013 0.120 0.012 
189      856    (0)    8 :  0.225 0.008 0.576 0.017 0.006 0.163 0.004 
190      857    (0)    8 :  0.032 0.008 0.885 0.013 0.009 0.044 0.009 
191      861    (0)    8 :  0.702 0.013 0.061 0.023 0.021 0.178 0.003 
192      864    (0)    8 :  0.063 0.016 0.640 0.008 0.004 0.263 0.006 
193      865    (0)    8 :  0.511 0.007 0.155 0.013 0.084 0.228 0.003 
194      866    (0)    8 :  0.148 0.003 0.410 0.058 0.075 0.298 0.009 
195      867    (0)    8 :  0.101 0.021 0.335 0.010 0.060 0.453 0.019 
196      868    (0)    8 :  0.740 0.005 0.053 0.008 0.006 0.153 0.034 
197      869    (0)    8 :  0.115 0.007 0.334 0.004 0.005 0.476 0.059 
198      004    (0)    9 :  0.146 0.080 0.044 0.628 0.009 0.091 0.002 
199      008    (0)    9 :  0.423 0.030 0.269 0.041 0.021 0.214 0.002 
200      013    (0)    9 :  0.201 0.011 0.193 0.101 0.010 0.477 0.006 
201      109    (0)    9 :  0.188 0.013 0.121 0.008 0.003 0.666 0.002 
202      348    (0)    9 :  0.007 0.004 0.011 0.966 0.004 0.006 0.001 


Estimated Allele Frequencies in each cluster
First column gives estimated ancestral frequencies


Locus 1 : 1 
4 alleles
0.0% missing data
  89   (0.481) 0.488 0.624 0.481 0.597 0.431 0.483 0.097 
  93   (0.131) 0.126 0.045 0.131 0.160 0.039 0.132 0.047 
  91   (0.364) 0.374 0.329 0.364 0.237 0.529 0.359 0.555 
  99   (0.024) 0.012 0.002 0.024 0.007 0.002 0.026 0.301 

Locus 2 : 2 
6 alleles
0.0% missing data
 134   (0.279) 0.221 0.328 0.279 0.410 0.296 0.242 0.034 
 136   (0.369) 0.376 0.543 0.369 0.318 0.513 0.371 0.066 
 142   (0.033) 0.021 0.004 0.033 0.009 0.077 0.018 0.004 
 138   (0.225) 0.256 0.116 0.225 0.237 0.105 0.246 0.885 
 140   (0.067) 0.110 0.007 0.067 0.019 0.007 0.085 0.008 
 132   (0.028) 0.016 0.003 0.028 0.007 0.002 0.037 0.003 

Locus 3 : 3 
6 alleles
0.0% missing data
 179   (0.279) 0.345 0.029 0.279 0.381 0.471 0.283 0.031 
 181   (0.186) 0.132 0.065 0.186 0.181 0.296 0.171 0.161 
 187   (0.316) 0.318 0.480 0.316 0.235 0.177 0.354 0.780 
 175   (0.072) 0.046 0.011 0.072 0.093 0.032 0.075 0.008 
 185   (0.114) 0.125 0.199 0.115 0.032 0.022 0.100 0.017 
 191   (0.033) 0.034 0.215 0.033 0.078 0.002 0.018 0.003 

Locus 4 : 4 
10 alleles
0.0% missing data
 253   (0.421) 0.437 0.408 0.421 0.565 0.612 0.409 0.387 
 269   (0.191) 0.203 0.080 0.190 0.293 0.189 0.205 0.339 
 241   (0.186) 0.175 0.123 0.186 0.086 0.181 0.199 0.072 
 271   (0.047) 0.073 0.005 0.047 0.013 0.008 0.047 0.010 
 247   (0.077) 0.072 0.374 0.077 0.023 0.005 0.089 0.008 
 239   (0.016) 0.006 0.004 0.016 0.004 0.001 0.009 0.086 
 249   (0.025) 0.013 0.002 0.025 0.006 0.002 0.020 0.092 
 273   (0.016) 0.009 0.002 0.016 0.004 0.001 0.008 0.002 
 265   (0.011) 0.008 0.001 0.011 0.003 0.001 0.007 0.001 
 245   (0.011) 0.004 0.001 0.011 0.002 0.001 0.007 0.001 

Locus 5 : 5 
4 alleles
1.5% missing data
 103   (0.886) 0.928 0.890 0.886 0.966 0.836 0.914 0.987 
 104   (0.025) 0.012 0.002 0.025 0.007 0.020 0.015 0.002 
 105   (0.068) 0.049 0.007 0.068 0.021 0.143 0.052 0.008 
 102   (0.022) 0.010 0.101 0.022 0.006 0.001 0.020 0.002 

Locus 6 : 6 
5 alleles
0.0% missing data
 135   (0.300) 0.227 0.502 0.300 0.168 0.231 0.275 0.803 
 145   (0.353) 0.446 0.205 0.353 0.590 0.318 0.335 0.160 
 141   (0.272) 0.286 0.137 0.272 0.221 0.402 0.327 0.029 
 147   (0.048) 0.028 0.149 0.048 0.015 0.046 0.039 0.005 
 137   (0.026) 0.012 0.007 0.027 0.006 0.002 0.023 0.003 

Locus 7 : 7 
10 alleles
0.5% missing data
  97   (0.184) 0.169 0.286 0.184 0.239 0.079 0.177 0.181 
 103   (0.333) 0.398 0.327 0.333 0.402 0.584 0.387 0.039 
  89   (0.078) 0.091 0.010 0.078 0.023 0.040 0.087 0.008 
  93   (0.219) 0.212 0.175 0.219 0.174 0.165 0.224 0.335 
  85   (0.042) 0.044 0.004 0.042 0.012 0.067 0.028 0.005 
  83   (0.060) 0.041 0.055 0.059 0.125 0.025 0.051 0.006 
  91   (0.042) 0.016 0.139 0.042 0.010 0.037 0.022 0.293 
 105   (0.015) 0.013 0.001 0.015 0.004 0.001 0.008 0.129 
  99   (0.016) 0.008 0.002 0.016 0.009 0.001 0.011 0.002 
 101   (0.011) 0.008 0.001 0.011 0.003 0.001 0.006 0.001 

Locus 8 : 8 
9 alleles
0.0% missing data
 141   (0.062) 0.036 0.075 0.062 0.096 0.090 0.039 0.007 
 143   (0.250) 0.273 0.238 0.250 0.155 0.391 0.251 0.363 
 129   (0.563) 0.619 0.603 0.563 0.649 0.506 0.616 0.378 
 149   (0.051) 0.040 0.049 0.051 0.060 0.003 0.046 0.006 
 145   (0.016) 0.006 0.002 0.016 0.026 0.006 0.007 0.002 
 127   (0.018) 0.008 0.030 0.018 0.005 0.001 0.010 0.040 
 131   (0.011) 0.004 0.001 0.011 0.002 0.001 0.004 0.163 
 128   (0.011) 0.004 0.001 0.011 0.003 0.001 0.004 0.040 
 133   (0.018) 0.012 0.002 0.018 0.005 0.001 0.023 0.002 

Locus 9 : 9 
4 alleles
0.0% missing data
 191   (0.355) 0.317 0.473 0.355 0.322 0.449 0.351 0.371 
 195   (0.193) 0.192 0.041 0.193 0.286 0.351 0.147 0.143 
 189   (0.440) 0.486 0.485 0.440 0.389 0.199 0.497 0.485 
 193   (0.012) 0.004 0.001 0.012 0.003 0.001 0.005 0.001 

Locus 10 : 10 
6 alleles
0.0% missing data
 238   (0.570) 0.613 0.227 0.570 0.639 0.596 0.554 0.329 
 252   (0.111) 0.123 0.169 0.111 0.057 0.190 0.088 0.012 
 232   (0.194) 0.186 0.301 0.194 0.266 0.143 0.235 0.176 
 254   (0.064) 0.031 0.289 0.064 0.018 0.062 0.037 0.477 
 250   (0.041) 0.032 0.004 0.041 0.012 0.008 0.050 0.005 
 248   (0.020) 0.014 0.009 0.020 0.007 0.001 0.036 0.002 

Locus 11 : 11 
5 alleles
0.0% missing data
  87   (0.744) 0.727 0.609 0.744 0.694 0.773 0.775 0.803 
  89   (0.201) 0.214 0.274 0.201 0.279 0.224 0.177 0.191 
  91   (0.034) 0.048 0.106 0.034 0.022 0.002 0.029 0.004 
  83   (0.011) 0.006 0.010 0.011 0.003 0.001 0.006 0.001 
  85   (0.011) 0.005 0.001 0.011 0.003 0.001 0.012 0.001 

Locus 12 : 12 
12 alleles
0.0% missing data
 158   (0.190) 0.144 0.065 0.190 0.294 0.272 0.196 0.019 
 161   (0.089) 0.078 0.009 0.089 0.110 0.182 0.080 0.009 
 160   (0.282) 0.297 0.633 0.282 0.341 0.078 0.271 0.487 
 162   (0.261) 0.303 0.276 0.261 0.174 0.320 0.287 0.191 
 147   (0.033) 0.057 0.003 0.033 0.009 0.126 0.024 0.003 
 143   (0.026) 0.014 0.003 0.026 0.007 0.014 0.012 0.279 
 165   (0.011) 0.004 0.001 0.011 0.003 0.001 0.005 0.001 
 170   (0.037) 0.039 0.004 0.037 0.021 0.003 0.074 0.003 
 154   (0.020) 0.014 0.002 0.020 0.005 0.001 0.021 0.002 
 134   (0.011) 0.005 0.001 0.011 0.003 0.001 0.007 0.001 
 159   (0.016) 0.014 0.002 0.016 0.026 0.001 0.008 0.001 
 149   (0.023) 0.031 0.002 0.023 0.009 0.002 0.015 0.003 

Locus 13 : 13 
4 alleles
0.0% missing data
 113   (0.343) 0.297 0.475 0.343 0.402 0.368 0.316 0.458 
 115   (0.492) 0.562 0.482 0.492 0.367 0.458 0.541 0.137 
 108   (0.154) 0.136 0.042 0.154 0.229 0.173 0.138 0.403 
 110   (0.011) 0.004 0.001 0.011 0.003 0.001 0.005 0.001 

Locus 14 : 14 
9 alleles
0.0% missing data
 229   (0.412) 0.471 0.407 0.411 0.467 0.325 0.509 0.076 
 231   (0.196) 0.143 0.425 0.196 0.065 0.447 0.150 0.411 
 227   (0.150) 0.162 0.015 0.150 0.349 0.134 0.122 0.312 
 225   (0.153) 0.155 0.144 0.153 0.072 0.067 0.152 0.062 
 233   (0.046) 0.049 0.005 0.046 0.013 0.025 0.043 0.133 
 223   (0.011) 0.004 0.001 0.011 0.003 0.001 0.005 0.002 
 203   (0.011) 0.007 0.001 0.011 0.004 0.001 0.006 0.001 
 213   (0.011) 0.005 0.001 0.011 0.003 0.001 0.009 0.001 
 221   (0.011) 0.004 0.001 0.011 0.024 0.001 0.004 0.001 

Locus 15 : 15 
5 alleles
0.5% missing data
 143   (0.895) 0.939 0.852 0.895 0.968 0.912 0.932 0.724 
 145   (0.054) 0.033 0.006 0.054 0.019 0.084 0.038 0.271 
 147   (0.028) 0.020 0.045 0.028 0.007 0.002 0.018 0.003 
 133   (0.012) 0.004 0.096 0.012 0.003 0.001 0.005 0.001 
 157   (0.011) 0.005 0.001 0.011 0.003 0.001 0.007 0.001 

Locus 16 : 16 
5 alleles
0.0% missing data
 156   (0.292) 0.261 0.377 0.293 0.337 0.322 0.235 0.462 
 158   (0.497) 0.539 0.468 0.497 0.524 0.470 0.537 0.442 
 160   (0.129) 0.148 0.073 0.129 0.114 0.143 0.142 0.013 
 154   (0.071) 0.041 0.081 0.070 0.023 0.065 0.079 0.081 
 152   (0.011) 0.012 0.001 0.011 0.003 0.001 0.007 0.001 

Locus 17 : 17 
5 alleles
0.0% missing data
  90   (0.679) 0.680 0.627 0.679 0.683 0.820 0.684 0.522 
 102   (0.163) 0.169 0.357 0.163 0.225 0.162 0.155 0.018 
 100   (0.092) 0.105 0.009 0.092 0.043 0.007 0.099 0.454 
  88   (0.055) 0.040 0.006 0.055 0.046 0.011 0.051 0.006 
 104   (0.011) 0.006 0.001 0.011 0.003 0.001 0.011 0.001 

Locus 18 : 18 
7 alleles
0.0% missing data
 140   (0.283) 0.323 0.051 0.283 0.258 0.431 0.261 0.490 
 150   (0.069) 0.091 0.403 0.069 0.029 0.012 0.056 0.009 
 127   (0.297) 0.224 0.195 0.297 0.382 0.374 0.279 0.458 
 138   (0.058) 0.037 0.006 0.058 0.185 0.059 0.059 0.006 
 148   (0.096) 0.108 0.225 0.096 0.062 0.047 0.080 0.010 
 146   (0.100) 0.096 0.108 0.100 0.058 0.071 0.098 0.018 
 142   (0.097) 0.121 0.012 0.097 0.025 0.006 0.166 0.010 

Locus 19 : 19 
6 alleles
0.0% missing data
 190   (0.109) 0.101 0.103 0.109 0.136 0.253 0.077 0.015 
 194   (0.567) 0.563 0.597 0.567 0.458 0.650 0.634 0.672 
 200   (0.114) 0.138 0.013 0.114 0.254 0.039 0.093 0.209 
 188   (0.159) 0.172 0.138 0.159 0.138 0.055 0.149 0.017 
 202   (0.041) 0.022 0.148 0.041 0.011 0.003 0.041 0.085 
 198   (0.011) 0.004 0.001 0.011 0.003 0.001 0.005 0.001 

Locus 20 : 20 
6 alleles
0.0% missing data
 246   (0.136) 0.104 0.294 0.136 0.227 0.239 0.106 0.047 
 250   (0.080) 0.046 0.057 0.080 0.020 0.039 0.062 0.765 
 252   (0.667) 0.730 0.568 0.667 0.720 0.636 0.700 0.144 
 254   (0.074) 0.080 0.076 0.074 0.021 0.079 0.086 0.010 
 244   (0.024) 0.029 0.002 0.023 0.007 0.005 0.021 0.003 
 248   (0.019) 0.011 0.002 0.019 0.005 0.001 0.025 0.031 

Locus 21 : 21 
9 alleles
0.0% missing data
 167   (0.244) 0.318 0.251 0.244 0.268 0.223 0.262 0.072 
 177   (0.191) 0.156 0.165 0.192 0.167 0.119 0.219 0.554 
 171   (0.012) 0.005 0.002 0.012 0.004 0.011 0.005 0.001 
 175   (0.150) 0.130 0.070 0.150 0.100 0.270 0.103 0.159 
 173   (0.275) 0.323 0.130 0.275 0.359 0.202 0.301 0.196 
 165   (0.066) 0.038 0.007 0.066 0.085 0.168 0.052 0.010 
 163   (0.039) 0.023 0.355 0.039 0.010 0.005 0.049 0.004 
 159   (0.011) 0.004 0.001 0.011 0.003 0.001 0.005 0.002 
 161   (0.011) 0.004 0.018 0.011 0.004 0.001 0.005 0.001 

Locus 22 : 22 
10 alleles
0.5% missing data
 146   (0.213) 0.274 0.192 0.213 0.132 0.283 0.207 0.157 
 152   (0.409) 0.424 0.419 0.409 0.523 0.477 0.471 0.271 
 158   (0.114) 0.127 0.056 0.114 0.114 0.068 0.095 0.012 
 166   (0.075) 0.072 0.008 0.075 0.043 0.095 0.068 0.158 
 164   (0.040) 0.024 0.004 0.040 0.044 0.038 0.053 0.004 
 162   (0.049) 0.024 0.081 0.049 0.029 0.012 0.028 0.007 
 150   (0.045) 0.023 0.042 0.045 0.032 0.023 0.037 0.046 
 156   (0.022) 0.017 0.194 0.022 0.006 0.001 0.011 0.003 
 148   (0.022) 0.012 0.002 0.022 0.006 0.001 0.024 0.341 
 142   (0.011) 0.004 0.001 0.011 0.072 0.001 0.005 0.001 

Locus 23 : 23 
6 alleles
0.5% missing data
 154   (0.544) 0.623 0.266 0.544 0.406 0.647 0.585 0.286 
 156   (0.140) 0.110 0.014 0.140 0.130 0.135 0.156 0.019 
 160   (0.100) 0.085 0.245 0.100 0.170 0.043 0.080 0.011 
 144   (0.188) 0.163 0.472 0.188 0.287 0.173 0.158 0.680 
 152   (0.011) 0.011 0.001 0.011 0.003 0.001 0.007 0.001 
 158   (0.017) 0.008 0.002 0.017 0.005 0.001 0.013 0.002 

Locus 24 : 24 
4 alleles
0.5% missing data
  81   (0.348) 0.430 0.039 0.348 0.335 0.273 0.387 0.376 
  83   (0.508) 0.436 0.926 0.509 0.501 0.607 0.471 0.609 
  77   (0.091) 0.091 0.029 0.091 0.101 0.053 0.102 0.009 
  85   (0.053) 0.043 0.005 0.052 0.063 0.067 0.039 0.006 

Locus 25 : 25 
6 alleles
0.5% missing data
 124   (0.514) 0.573 0.353 0.514 0.560 0.600 0.523 0.380 
 132   (0.290) 0.282 0.608 0.290 0.362 0.275 0.308 0.212 
 122   (0.127) 0.100 0.032 0.127 0.037 0.120 0.129 0.017 
 120   (0.016) 0.010 0.002 0.016 0.004 0.001 0.008 0.385 
 126   (0.037) 0.028 0.004 0.037 0.011 0.003 0.024 0.005 
 136   (0.017) 0.007 0.002 0.017 0.027 0.001 0.007 0.002 

Locus 26 : 26 
6 alleles
0.0% missing data
 165   (0.250) 0.229 0.061 0.250 0.384 0.343 0.222 0.369 
 175   (0.250) 0.228 0.233 0.249 0.348 0.307 0.262 0.025 
 183   (0.365) 0.335 0.693 0.365 0.207 0.311 0.401 0.189 
 181   (0.057) 0.064 0.006 0.057 0.036 0.033 0.045 0.006 
 179   (0.067) 0.133 0.006 0.067 0.021 0.005 0.061 0.410 
 185   (0.012) 0.011 0.001 0.012 0.003 0.001 0.008 0.001 

Locus 27 : 27 
4 alleles
0.0% missing data
 138   (0.061) 0.048 0.006 0.061 0.114 0.012 0.047 0.008 
 142   (0.523) 0.595 0.724 0.522 0.648 0.603 0.505 0.487 
 150   (0.159) 0.145 0.184 0.159 0.086 0.104 0.161 0.016 
 148   (0.257) 0.212 0.086 0.257 0.152 0.281 0.286 0.490 

Locus 28 : 28 
5 alleles
0.0% missing data
 260   (0.441) 0.421 0.251 0.441 0.533 0.335 0.525 0.182 
 262   (0.466) 0.511 0.573 0.466 0.371 0.607 0.399 0.809 
 256   (0.060) 0.051 0.172 0.060 0.020 0.056 0.054 0.006 
 258   (0.021) 0.012 0.002 0.021 0.006 0.001 0.017 0.002 
 264   (0.012) 0.004 0.001 0.012 0.070 0.001 0.005 0.001 

Locus 29 : 29 
5 alleles
0.5% missing data
 150   (0.490) 0.585 0.249 0.490 0.533 0.443 0.523 0.190 
 146   (0.232) 0.157 0.448 0.232 0.307 0.238 0.266 0.025 
 140   (0.170) 0.160 0.148 0.170 0.129 0.236 0.120 0.773 
 148   (0.077) 0.077 0.151 0.077 0.022 0.081 0.065 0.008 
 152   (0.031) 0.021 0.003 0.031 0.009 0.002 0.025 0.004 

Locus 30 : 30 
6 alleles
0.0% missing data
 129   (0.504) 0.528 0.636 0.504 0.682 0.429 0.501 0.327 
 127   (0.084) 0.061 0.008 0.084 0.023 0.138 0.064 0.592 
 125   (0.259) 0.226 0.264 0.259 0.139 0.308 0.289 0.062 
 123   (0.100) 0.155 0.087 0.100 0.054 0.121 0.091 0.012 
 131   (0.039) 0.023 0.004 0.039 0.099 0.003 0.035 0.005 
 121   (0.014) 0.008 0.001 0.014 0.003 0.001 0.020 0.001 

Locus 31 : 31 
5 alleles
0.0% missing data
 157   (0.218) 0.226 0.062 0.218 0.265 0.329 0.219 0.242 
 155   (0.571) 0.501 0.585 0.571 0.478 0.442 0.626 0.656 
 159   (0.127) 0.167 0.013 0.127 0.165 0.223 0.096 0.015 
 151   (0.033) 0.014 0.334 0.033 0.008 0.002 0.016 0.050 
 153   (0.050) 0.092 0.005 0.050 0.084 0.003 0.043 0.037 

Locus 32 : 32 
4 alleles
0.0% missing data
 146   (0.350) 0.313 0.441 0.351 0.305 0.307 0.322 0.360 
 150   (0.527) 0.543 0.547 0.527 0.656 0.514 0.572 0.596 
 154   (0.056) 0.070 0.006 0.056 0.020 0.078 0.046 0.037 
 148   (0.067) 0.074 0.007 0.067 0.019 0.101 0.059 0.007 

Locus 33 : 33 
6 alleles
0.0% missing data
 192   (0.188) 0.185 0.125 0.188 0.321 0.153 0.183 0.022 
 196   (0.145) 0.150 0.014 0.145 0.134 0.104 0.163 0.018 
 180   (0.413) 0.431 0.729 0.413 0.417 0.439 0.424 0.759 
 184   (0.200) 0.185 0.048 0.200 0.114 0.275 0.180 0.195 
 190   (0.022) 0.011 0.002 0.022 0.006 0.026 0.024 0.002 
 198   (0.032) 0.039 0.082 0.032 0.009 0.002 0.027 0.005 

Locus 34 : 34 
7 alleles
0.0% missing data
 106   (0.322) 0.359 0.682 0.322 0.335 0.308 0.299 0.296 
 110   (0.203) 0.201 0.064 0.203 0.156 0.354 0.232 0.253 
 112   (0.260) 0.279 0.105 0.260 0.412 0.259 0.273 0.027 
 108   (0.144) 0.130 0.071 0.144 0.058 0.049 0.140 0.142 
  90   (0.041) 0.016 0.004 0.041 0.032 0.029 0.018 0.279 
  96   (0.011) 0.004 0.072 0.011 0.003 0.001 0.004 0.001 
  94   (0.020) 0.013 0.002 0.020 0.005 0.001 0.033 0.002 

Locus 35 : 35 
8 alleles
0.0% missing data
 172   (0.264) 0.252 0.376 0.264 0.539 0.108 0.245 0.028 
 176   (0.107) 0.083 0.011 0.107 0.035 0.254 0.151 0.011 
 170   (0.321) 0.240 0.582 0.321 0.201 0.518 0.297 0.527 
 166   (0.052) 0.049 0.005 0.052 0.064 0.039 0.035 0.006 
 174   (0.118) 0.179 0.012 0.117 0.071 0.070 0.136 0.012 
 168   (0.078) 0.129 0.008 0.078 0.022 0.005 0.086 0.410 
 178   (0.046) 0.035 0.005 0.046 0.065 0.003 0.039 0.005 
 186   (0.016) 0.032 0.002 0.015 0.004 0.001 0.011 0.002 

Locus 36 : 36 
6 alleles
0.0% missing data
  85   (0.214) 0.275 0.193 0.214 0.139 0.101 0.219 0.325 
  89   (0.517) 0.531 0.770 0.517 0.561 0.608 0.519 0.297 
  81   (0.057) 0.035 0.006 0.057 0.019 0.134 0.045 0.007 
  95   (0.062) 0.033 0.007 0.062 0.087 0.091 0.053 0.007 
  83   (0.135) 0.121 0.023 0.135 0.191 0.065 0.155 0.020 
  91   (0.015) 0.006 0.001 0.015 0.003 0.001 0.009 0.343 

Locus 37 : 37 
7 alleles
0.0% missing data
 161   (0.354) 0.416 0.402 0.354 0.260 0.354 0.350 0.080 
 165   (0.220) 0.225 0.064 0.221 0.210 0.199 0.233 0.074 
 173   (0.300) 0.213 0.519 0.300 0.401 0.439 0.260 0.421 
 169   (0.076) 0.092 0.010 0.076 0.044 0.005 0.124 0.040 
 168   (0.012) 0.004 0.001 0.012 0.003 0.001 0.005 0.380 
 167   (0.026) 0.047 0.003 0.026 0.033 0.002 0.023 0.004 
 175   (0.012) 0.004 0.001 0.012 0.048 0.001 0.005 0.001 

Locus 38 : 38 
6 alleles
0.0% missing data
  85   (0.237) 0.200 0.271 0.238 0.300 0.253 0.201 0.155 
  89   (0.364) 0.460 0.066 0.364 0.378 0.226 0.464 0.039 
  91   (0.172) 0.119 0.304 0.172 0.227 0.287 0.147 0.043 
  93   (0.016) 0.006 0.002 0.016 0.017 0.021 0.007 0.002 
  87   (0.120) 0.123 0.204 0.120 0.032 0.072 0.101 0.750 
  81   (0.090) 0.092 0.153 0.090 0.047 0.141 0.080 0.011 

Locus 39 : 39 
3 alleles
0.0% missing data
 167   (0.796) 0.807 0.896 0.796 0.870 0.955 0.791 0.807 
 161   (0.178) 0.177 0.101 0.178 0.123 0.043 0.169 0.189 
 165   (0.026) 0.016 0.002 0.026 0.006 0.002 0.040 0.004 

Locus 40 : 40 
6 alleles
0.5% missing data
 228   (0.381) 0.347 0.187 0.381 0.562 0.322 0.384 0.481 
 240   (0.147) 0.198 0.149 0.147 0.109 0.035 0.152 0.066 
 236   (0.069) 0.033 0.613 0.069 0.018 0.113 0.052 0.152 
 238   (0.364) 0.404 0.047 0.364 0.301 0.403 0.390 0.171 
 224   (0.023) 0.012 0.002 0.023 0.006 0.127 0.012 0.002 
 242   (0.016) 0.006 0.002 0.016 0.004 0.001 0.011 0.128 

Locus 41 : 41 
9 alleles
0.5% missing data
 130   (0.494) 0.477 0.392 0.494 0.420 0.463 0.600 0.090 
 114   (0.088) 0.105 0.009 0.088 0.025 0.156 0.084 0.513 
 132   (0.109) 0.108 0.306 0.109 0.057 0.187 0.088 0.011 
 120   (0.011) 0.004 0.001 0.011 0.003 0.006 0.005 0.001 
 128   (0.064) 0.053 0.012 0.064 0.297 0.040 0.052 0.007 
 118   (0.065) 0.072 0.261 0.065 0.039 0.011 0.041 0.070 
 134   (0.146) 0.167 0.016 0.146 0.153 0.132 0.118 0.306 
 119   (0.011) 0.004 0.002 0.011 0.003 0.005 0.005 0.001 
 122   (0.011) 0.009 0.001 0.011 0.003 0.001 0.007 0.001 

Locus 42 : 42 
8 alleles
0.0% missing data
 104   (0.397) 0.420 0.311 0.398 0.535 0.290 0.398 0.082 
  94   (0.014) 0.006 0.002 0.014 0.010 0.008 0.007 0.002 
 102   (0.234) 0.297 0.542 0.234 0.301 0.420 0.248 0.270 
 100   (0.019) 0.007 0.017 0.019 0.025 0.007 0.009 0.003 
  96   (0.059) 0.041 0.006 0.059 0.020 0.053 0.042 0.163 
  98   (0.141) 0.117 0.109 0.141 0.038 0.117 0.139 0.280 
  92   (0.124) 0.106 0.013 0.124 0.068 0.105 0.147 0.199 
 106   (0.011) 0.006 0.001 0.011 0.002 0.001 0.012 0.001 

Locus 43 : 43 
5 alleles
0.0% missing data
  95   (0.233) 0.265 0.423 0.233 0.202 0.227 0.228 0.052 
 101   (0.339) 0.299 0.172 0.340 0.537 0.404 0.333 0.032 
 103   (0.306) 0.347 0.381 0.306 0.221 0.311 0.332 0.220 
  97   (0.035) 0.022 0.016 0.035 0.017 0.005 0.020 0.355 
  99   (0.087) 0.067 0.009 0.087 0.023 0.054 0.087 0.341 

Locus 44 : 44 
8 alleles
0.0% missing data
 191   (0.286) 0.317 0.049 0.287 0.261 0.432 0.264 0.115 
 181   (0.565) 0.550 0.910 0.565 0.624 0.533 0.630 0.547 
 177   (0.056) 0.050 0.007 0.056 0.091 0.026 0.044 0.006 
 187   (0.012) 0.005 0.001 0.012 0.003 0.004 0.006 0.001 
 179   (0.027) 0.053 0.003 0.027 0.007 0.002 0.020 0.325 
 189   (0.021) 0.009 0.026 0.021 0.006 0.001 0.012 0.002 
 193   (0.016) 0.007 0.002 0.016 0.004 0.001 0.013 0.002 
 183   (0.016) 0.009 0.001 0.016 0.006 0.001 0.011 0.002 

Locus 45 : 45 
6 alleles
1.0% missing data
 205   (0.470) 0.513 0.282 0.470 0.607 0.438 0.509 0.323 
 211   (0.207) 0.225 0.167 0.207 0.149 0.290 0.173 0.161 
 201   (0.045) 0.059 0.005 0.045 0.014 0.045 0.034 0.453 
 207   (0.192) 0.146 0.435 0.192 0.200 0.093 0.218 0.054 
 215   (0.074) 0.049 0.110 0.074 0.025 0.133 0.060 0.008 
 202   (0.011) 0.009 0.001 0.011 0.004 0.001 0.006 0.001 

Locus 46 : 46 
10 alleles
0.0% missing data
 142   (0.281) 0.327 0.296 0.281 0.411 0.343 0.273 0.032 
 166   (0.154) 0.135 0.267 0.154 0.257 0.084 0.155 0.134 
 162   (0.065) 0.045 0.007 0.065 0.021 0.151 0.046 0.358 
 164   (0.062) 0.058 0.007 0.062 0.036 0.049 0.044 0.056 
 158   (0.174) 0.167 0.256 0.173 0.114 0.238 0.190 0.146 
 168   (0.152) 0.128 0.128 0.152 0.077 0.121 0.199 0.122 
 156   (0.036) 0.047 0.004 0.036 0.010 0.008 0.024 0.144 
 160   (0.010) 0.004 0.023 0.010 0.002 0.001 0.004 0.001 
 144   (0.042) 0.079 0.009 0.042 0.064 0.003 0.041 0.004 
 170   (0.024) 0.012 0.005 0.024 0.006 0.002 0.024 0.003 

Locus 47 : 47 
6 alleles
0.0% missing data
 145   (0.228) 0.240 0.657 0.228 0.301 0.353 0.197 0.354 
 153   (0.210) 0.283 0.094 0.210 0.108 0.164 0.226 0.023 
 149   (0.320) 0.289 0.218 0.320 0.403 0.127 0.338 0.474 
 151   (0.210) 0.173 0.028 0.210 0.180 0.354 0.208 0.145 
 143   (0.020) 0.010 0.002 0.020 0.005 0.001 0.024 0.002 
 147   (0.012) 0.005 0.001 0.011 0.003 0.001 0.008 0.001 

Values of parameters used in structure:
DATAFILE=c1.str,	OUTFILE=k7/c1_k7_run4,	NUMINDS=202,	NUMLOCI=47,	MISSING=-9,	LABEL=1,	POPDATA=1,	POPFLAG=0,	PHENOTYPE=0,	EXTRACOLS=0,	MAXPOPS=7,	BURNIN=500000,	NUMREPS=750000,	USEPOPINFO=0,	INFERALPHA=1,	INFERLAMBDA=0,	POPSPECIFICLAMBDA=0,	POPALPHAS=0,	COMPUTEPROB=1,	NOADMIX=0,	ADMBURNIN=500,	UPDATEFREQ=100,	PRINTLIKES=0,	INTERMEDSAVE=0,	PRINTKLD=0,	PRINTNET=1,	PRINTLAMBDA=1,	ANCESTDIST=0,	NUMBOXES=1000,	ANCESTPINT=0.90000,	GENSBACK=2,	MIGRPRIOR=0.01000,	PRINTQHAT=0,	PRINTQSUM=1,	ALPHA=1.0000,	FREQSCORR=1,	FPRIORMEAN=0.0100,	FPRIORSD=0.0500,	ONEFST=0,	LAMBDA=1.0000,	UNIFPRIORALPHA=1,	ALPHAMAX=10.0000,	ALPHAPRIORA=1.0000,	ALPHAPRIORB=2.0000,	ALPHAPROPSD=0.0250,	STARTATPOPINFO=0,	RANDOMIZE=0,	LINKAGE=0,	METROFREQ=10,	REPORTHITRATE=0,	MARKOVPHASE=0,	PHASED=1,	PLOIDY=2,	PHASEINFO=0	LOCPRIOR=0, 	LOCPRIORINIT=1.000000, 	LOCDATA=0, 	LOCISPOP=1, 	LOCPRIORSTEP=0.100000, 	MAXLOCPRIOR=20.000000, 	SEED=694221,	
[STRAT parameters]:    NUMSIMSTATS=1000,	PHENOTYPECOL=-9,	POOLFREQ=10,	LOCUSxONLY=0,	EMERROR=0.00100,	MISSINGPHENO=-9,	