

----------------------------------------------------
STRUCTURE by Pritchard, Stephens and Donnelly (2000)
     and Falush, Stephens and Pritchard (2003)
       Code by Pritchard, Falush and Hubisz
             Version 2.3.4 (Jul 2012)
----------------------------------------------------



Command line arguments:   structure -D 872796 -K 3 -m mainparams -o k3/c1_k3_run1 
Input File:    c1.str

Run parameters:
   202 individuals
   47 loci
   3 populations assumed
   500000 Burn-in period
   750000 Reps
RANDOMIZE turned off


--------------------------------------------
Proportion of membership of each pre-defined
 population in each of the 3 clusters

Given    Inferred Clusters       Number of
 Pop       1      2      3      Individuals

  1:     0.961  0.006  0.033       81
  2:     0.008  0.005  0.986       19
  3:     0.005  0.989  0.007       10
  4:     0.062  0.034  0.904       10
  5:     0.111  0.020  0.869       23
  6:     0.184  0.017  0.799       11
  7:     0.030  0.007  0.963       18
  8:     0.087  0.040  0.873       25
  9:     0.010  0.003  0.987        5
--------------------------------------------

Allele-freq. divergence among pops (Net nucleotide distance),
computed using point estimates of P.

      1       2       3      
 1      -    0.1091  0.0174  
 2   0.1091     -    0.0954  
 3   0.0174  0.0954     -    

Average distances (expected heterozygosity) between individuals in same cluster:
cluster  1  : 0.6031 
cluster  2  : 0.5565 
cluster  3  : 0.6377 

--------------------------------------------
Estimated Ln Prob of Data   = -22807.4
Mean value of ln likelihood = -22598.3
Variance of ln likelihood   = 418.1
Mean value of alpha         = 0.0388

Mean value of Fst_1         = 0.0857
Mean value of Fst_2         = 0.2747
Mean value of Fst_3         = 0.0106


Inferred ancestry of individuals:
        Label (%Miss) Pop:  Inferred clusters
  1      122    (0)    1 :  0.869 0.001 0.130 
  2      123    (0)    1 :  0.984 0.006 0.010 
  3      124    (0)    1 :  0.980 0.011 0.009 
  4      125    (0)    1 :  0.994 0.002 0.004 
  5      126    (0)    1 :  0.985 0.002 0.013 
  6      128    (0)    1 :  0.975 0.004 0.021 
  7      129    (0)    1 :  0.934 0.003 0.064 
  8      130    (0)    1 :  0.991 0.002 0.007 
  9      131    (0)    1 :  0.992 0.003 0.005 
 10      132    (0)    1 :  0.988 0.007 0.005 
 11      133    (0)    1 :  0.574 0.002 0.425 
 12      134    (0)    1 :  0.974 0.014 0.012 
 13      135    (0)    1 :  0.982 0.002 0.016 
 14      136    (0)    1 :  0.981 0.008 0.012 
 15      139    (0)    1 :  0.981 0.004 0.015 
 16      140    (0)    1 :  0.962 0.003 0.035 
 17      141    (0)    1 :  0.981 0.005 0.014 
 18      142    (0)    1 :  0.993 0.002 0.005 
 19      143    (0)    1 :  0.980 0.008 0.011 
 20      144    (0)    1 :  0.984 0.003 0.014 
 21      145    (0)    1 :  0.944 0.037 0.019 
 22      148    (0)    1 :  0.959 0.003 0.037 
 23      556    (0)    1 :  0.989 0.002 0.009 
 24      557    (0)    1 :  0.975 0.019 0.005 
 25      558    (0)    1 :  0.985 0.007 0.007 
 26      559    (0)    1 :  0.984 0.002 0.014 
 27      560    (0)    1 :  0.989 0.002 0.008 
 28      561    (0)    1 :  0.995 0.001 0.003 
 29      562    (0)    1 :  0.981 0.005 0.014 
 30      563    (0)    1 :  0.936 0.009 0.055 
 31      564    (0)    1 :  0.910 0.003 0.088 
 32      565    (0)    1 :  0.994 0.002 0.004 
 33      566    (0)    1 :  0.987 0.002 0.010 
 34      567    (0)    1 :  0.986 0.004 0.011 
 35      568    (0)    1 :  0.985 0.003 0.012 
 36      569    (0)    1 :  0.984 0.010 0.005 
 37      570    (0)    1 :  0.995 0.001 0.004 
 38      613    (0)    1 :  0.993 0.003 0.004 
 39      614    (0)    1 :  0.989 0.002 0.009 
 40      615    (0)    1 :  0.983 0.005 0.012 
 41      616    (0)    1 :  0.984 0.002 0.014 
 42      617    (0)    1 :  0.982 0.004 0.014 
 43      618    (0)    1 :  0.975 0.004 0.021 
 44      619    (0)    1 :  0.012 0.143 0.845 
 45      620    (0)    1 :  0.989 0.004 0.007 
 46      621    (0)    1 :  0.991 0.002 0.008 
 47      622    (0)    1 :  0.992 0.003 0.005 
 48      623    (0)    1 :  0.994 0.002 0.004 
 49      624    (0)    1 :  0.983 0.003 0.014 
 50      625    (0)    1 :  0.983 0.002 0.015 
 51      626    (0)    1 :  0.990 0.003 0.006 
 52      627    (0)    1 :  0.963 0.004 0.033 
 53      628    (0)    1 :  0.989 0.005 0.007 
 54      629    (0)    1 :  0.988 0.002 0.010 
 55      630    (0)    1 :  0.991 0.005 0.004 
 56      631    (0)    1 :  0.989 0.005 0.006 
 57      632    (0)    1 :  0.968 0.006 0.026 
 58      633    (0)    1 :  0.928 0.008 0.065 
 59      634    (0)    1 :  0.971 0.015 0.013 
 60      635    (0)    1 :  0.991 0.004 0.005 
 61      636    (0)    1 :  0.992 0.004 0.004 
 62      637    (0)    1 :  0.840 0.002 0.158 
 63      638    (0)    1 :  0.977 0.002 0.021 
 64      639    (0)    1 :  0.922 0.003 0.075 
 65      640    (0)    1 :  0.992 0.001 0.006 
 66      689    (0)    1 :  0.993 0.002 0.006 
 67      690    (0)    1 :  0.970 0.020 0.010 
 68      691    (0)    1 :  0.993 0.002 0.005 
 69      692    (0)    1 :  0.978 0.007 0.015 
 70      693    (0)    1 :  0.993 0.002 0.005 
 71      694    (0)    1 :  0.992 0.003 0.005 
 72      695    (0)    1 :  0.995 0.001 0.003 
 73      696    (0)    1 :  0.993 0.003 0.004 
 74      697    (0)    1 :  0.992 0.003 0.005 
 75      698    (0)    1 :  0.985 0.003 0.011 
 76      699    (0)    1 :  0.995 0.001 0.004 
 77      700    (0)    1 :  0.987 0.006 0.007 
 78      701    (2)    1 :  0.985 0.003 0.012 
 79      702    (0)    1 :  0.983 0.007 0.010 
 80      703    (0)    1 :  0.991 0.004 0.005 
 81      704    (0)    1 :  0.987 0.002 0.011 
 82      007    (0)    2 :  0.010 0.029 0.961 
 83      012    (0)    2 :  0.008 0.006 0.986 
 84      020    (0)    2 :  0.006 0.004 0.990 
 85      021    (0)    2 :  0.005 0.002 0.994 
 86      022    (0)    2 :  0.003 0.008 0.989 
 87      034    (0)    2 :  0.036 0.006 0.958 
 88      049    (0)    2 :  0.007 0.006 0.988 
 89      062    (0)    2 :  0.004 0.001 0.995 
 90      089    (0)    2 :  0.008 0.004 0.989 
 91      092    (0)    2 :  0.007 0.003 0.990 
 92      100    (0)    2 :  0.022 0.003 0.975 
 93      105    (0)    2 :  0.006 0.003 0.992 
 94      205    (0)    2 :  0.003 0.003 0.994 
 95      206    (0)    2 :  0.011 0.003 0.986 
 96      207    (0)    2 :  0.004 0.003 0.992 
 97      208    (0)    2 :  0.004 0.004 0.993 
 98      209    (0)    2 :  0.003 0.003 0.995 
 99      377    (0)    2 :  0.010 0.004 0.986 
100      881    (0)    2 :  0.006 0.006 0.988 
101      003    (0)    3 :  0.004 0.989 0.007 
102      108    (0)    3 :  0.002 0.996 0.002 
103      194    (0)    3 :  0.007 0.979 0.014 
104      232    (0)    3 :  0.004 0.992 0.004 
105      321    (0)    3 :  0.003 0.995 0.003 
106      322    (0)    3 :  0.002 0.996 0.002 
107      329    (0)    3 :  0.002 0.996 0.002 
108      330    (0)    3 :  0.002 0.996 0.002 
109      342    (0)    3 :  0.007 0.981 0.012 
110      347    (0)    3 :  0.016 0.966 0.019 
111      801    (0)    4 :  0.142 0.004 0.854 
112      815    (0)    4 :  0.040 0.005 0.955 
113      816    (0)    4 :  0.232 0.002 0.766 
114      817    (0)    4 :  0.008 0.016 0.976 
115      818    (0)    4 :  0.104 0.003 0.894 
116      819    (0)    4 :  0.014 0.006 0.980 
117      820    (2)    4 :  0.012 0.001 0.987 
118      821    (0)    4 :  0.009 0.002 0.989 
119      822    (0)    4 :  0.017 0.280 0.703 
120      853    (0)    4 :  0.047 0.021 0.932 
121      797    (0)    5 :  0.017 0.002 0.981 
122      798    (0)    5 :  0.006 0.002 0.992 
123      799    (0)    5 :  0.011 0.005 0.984 
124      800    (0)    5 :  0.187 0.005 0.809 
125      823    (0)    5 :  0.007 0.012 0.981 
126      824    (0)    5 :  0.012 0.015 0.973 
127      825    (0)    5 :  0.024 0.004 0.972 
128      826    (0)    5 :  0.870 0.035 0.096 
129      827    (0)    5 :  0.018 0.002 0.980 
130      836    (0)    5 :  0.030 0.002 0.969 
131      837    (0)    5 :  0.207 0.115 0.678 
132      838    (0)    5 :  0.638 0.003 0.359 
133      839    (0)    5 :  0.083 0.004 0.913 
134      840    (0)    5 :  0.018 0.002 0.981 
135      841    (0)    5 :  0.016 0.003 0.981 
136      842    (0)    5 :  0.027 0.002 0.971 
137      843    (0)    5 :  0.041 0.002 0.957 
138      845    (0)    5 :  0.011 0.003 0.986 
139      846    (0)    5 :  0.023 0.005 0.972 
140      847    (2)    5 :  0.027 0.199 0.773 
141      848    (0)    5 :  0.144 0.014 0.842 
142      849    (0)    5 :  0.116 0.020 0.864 
143      855    (0)    5 :  0.029 0.008 0.962 
144      793    (0)    6 :  0.696 0.026 0.278 
145      794    (0)    6 :  0.014 0.009 0.977 
146      828    (0)    6 :  0.121 0.012 0.867 
147      829    (4)    6 :  0.368 0.002 0.631 
148      830    (0)    6 :  0.066 0.004 0.930 
149      831    (2)    6 :  0.013 0.031 0.956 
150      832    (0)    6 :  0.142 0.004 0.854 
151      833    (2)    6 :  0.221 0.020 0.759 
152      835    (0)    6 :  0.225 0.077 0.697 
153      870    (0)    6 :  0.136 0.002 0.862 
154      871    (0)    6 :  0.020 0.003 0.978 
155      451    (0)    7 :  0.013 0.010 0.977 
156      452    (4)    7 :  0.011 0.002 0.986 
157      453    (4)    7 :  0.009 0.003 0.988 
158      454    (2)    7 :  0.045 0.012 0.943 
159      455    (4)    7 :  0.023 0.002 0.975 
160      795    (0)    7 :  0.104 0.002 0.895 
161      796    (0)    7 :  0.005 0.003 0.992 
162      802    (0)    7 :  0.012 0.001 0.986 
163      804    (0)    7 :  0.070 0.002 0.928 
164      805    (0)    7 :  0.029 0.003 0.967 
165      851    (0)    7 :  0.076 0.011 0.913 
166      852    (0)    7 :  0.034 0.002 0.965 
167      854    (0)    7 :  0.020 0.002 0.978 
168      858    (0)    7 :  0.019 0.003 0.978 
169      859    (0)    7 :  0.026 0.002 0.972 
170      860    (0)    7 :  0.009 0.053 0.937 
171      862    (0)    7 :  0.018 0.002 0.980 
172      863    (0)    7 :  0.019 0.001 0.980 
173      450    (0)    8 :  0.015 0.003 0.982 
174      791    (0)    8 :  0.027 0.004 0.969 
175      792    (0)    8 :  0.026 0.219 0.755 
176      803    (0)    8 :  0.283 0.319 0.398 
177      806    (0)    8 :  0.120 0.009 0.871 
178      807    (0)    8 :  0.014 0.002 0.984 
179      808    (0)    8 :  0.049 0.004 0.947 
180      809    (0)    8 :  0.731 0.072 0.198 
181      810    (0)    8 :  0.018 0.066 0.916 
182      811    (0)    8 :  0.011 0.007 0.982 
183      812    (0)    8 :  0.085 0.003 0.912 
184      813    (0)    8 :  0.040 0.004 0.956 
185      814    (0)    8 :  0.016 0.007 0.977 
186      834    (0)    8 :  0.013 0.005 0.982 
187      844    (0)    8 :  0.016 0.003 0.981 
188      850    (0)    8 :  0.016 0.023 0.961 
189      856    (0)    8 :  0.009 0.005 0.986 
190      857    (0)    8 :  0.026 0.024 0.949 
191      861    (0)    8 :  0.066 0.004 0.930 
192      864    (0)    8 :  0.005 0.006 0.988 
193      865    (0)    8 :  0.101 0.003 0.896 
194      866    (0)    8 :  0.311 0.031 0.658 
195      867    (0)    8 :  0.151 0.032 0.816 
196      868    (0)    8 :  0.017 0.054 0.929 
197      869    (0)    8 :  0.011 0.099 0.891 
198      004    (0)    9 :  0.011 0.002 0.987 
199      008    (0)    9 :  0.018 0.002 0.980 
200      013    (0)    9 :  0.011 0.006 0.983 
201      109    (0)    9 :  0.004 0.002 0.994 
202      348    (0)    9 :  0.007 0.002 0.991 


Estimated Allele Frequencies in each cluster
First column gives estimated ancestral frequencies


Locus 1 : 1 
4 alleles
0.0% missing data
  89   (0.492) 0.447 0.112 0.524 
  93   (0.123) 0.046 0.054 0.124 
  91   (0.359) 0.506 0.542 0.337 
  99   (0.026) 0.002 0.292 0.016 

Locus 2 : 2 
6 alleles
0.0% missing data
 134   (0.274) 0.297 0.034 0.283 
 136   (0.377) 0.512 0.078 0.378 
 142   (0.034) 0.069 0.005 0.020 
 138   (0.224) 0.112 0.870 0.220 
 140   (0.066) 0.008 0.009 0.074 
 132   (0.026) 0.002 0.004 0.025 

Locus 3 : 3 
6 alleles
0.0% missing data
 179   (0.259) 0.470 0.031 0.252 
 181   (0.164) 0.288 0.167 0.140 
 187   (0.342) 0.180 0.766 0.352 
 175   (0.069) 0.031 0.009 0.064 
 185   (0.112) 0.027 0.021 0.125 
 191   (0.055) 0.003 0.006 0.067 

Locus 4 : 4 
10 alleles
0.0% missing data
 253   (0.418) 0.611 0.383 0.424 
 269   (0.196) 0.187 0.324 0.193 
 241   (0.162) 0.181 0.079 0.159 
 271   (0.048) 0.010 0.017 0.046 
 247   (0.090) 0.006 0.010 0.127 
 239   (0.019) 0.001 0.079 0.009 
 249   (0.025) 0.002 0.103 0.015 
 273   (0.016) 0.001 0.004 0.012 
 265   (0.013) 0.001 0.001 0.007 
 245   (0.013) 0.001 0.001 0.007 

Locus 5 : 5 
4 alleles
1.5% missing data
 103   (0.887) 0.845 0.985 0.914 
 104   (0.027) 0.018 0.003 0.015 
 105   (0.057) 0.135 0.009 0.041 
 102   (0.030) 0.002 0.003 0.030 

Locus 6 : 6 
5 alleles
0.0% missing data
 135   (0.296) 0.233 0.796 0.292 
 145   (0.364) 0.336 0.164 0.377 
 141   (0.258) 0.379 0.030 0.262 
 147   (0.058) 0.051 0.006 0.049 
 137   (0.023) 0.001 0.004 0.020 

Locus 7 : 7 
10 alleles
0.5% missing data
  97   (0.187) 0.094 0.187 0.203 
 103   (0.339) 0.560 0.043 0.367 
  89   (0.070) 0.041 0.008 0.069 
  93   (0.199) 0.174 0.337 0.202 
  85   (0.039) 0.065 0.006 0.027 
  83   (0.062) 0.027 0.007 0.062 
  91   (0.059) 0.035 0.287 0.044 
 105   (0.017) 0.001 0.122 0.008 
  99   (0.016) 0.001 0.002 0.012 
 101   (0.013) 0.002 0.001 0.007 

Locus 8 : 8 
9 alleles
0.0% missing data
 141   (0.061) 0.093 0.007 0.051 
 143   (0.246) 0.375 0.359 0.236 
 129   (0.567) 0.518 0.390 0.619 
 149   (0.041) 0.003 0.005 0.049 
 145   (0.018) 0.007 0.003 0.009 
 127   (0.022) 0.002 0.047 0.013 
 131   (0.013) 0.001 0.149 0.004 
 128   (0.013) 0.001 0.038 0.004 
 133   (0.019) 0.001 0.002 0.016 

Locus 9 : 9 
4 alleles
0.0% missing data
 191   (0.361) 0.452 0.359 0.350 
 195   (0.189) 0.333 0.139 0.169 
 189   (0.436) 0.214 0.500 0.473 
 193   (0.013) 0.001 0.002 0.007 

Locus 10 : 10 
6 alleles
0.0% missing data
 238   (0.505) 0.598 0.338 0.524 
 252   (0.113) 0.179 0.013 0.107 
 232   (0.219) 0.156 0.190 0.225 
 254   (0.101) 0.059 0.452 0.088 
 250   (0.039) 0.008 0.005 0.036 
 248   (0.023) 0.001 0.002 0.020 

Locus 11 : 11 
5 alleles
0.0% missing data
  87   (0.716) 0.758 0.798 0.732 
  89   (0.217) 0.238 0.195 0.208 
  91   (0.040) 0.003 0.005 0.046 
  83   (0.013) 0.001 0.001 0.007 
  85   (0.013) 0.001 0.001 0.007 

Locus 12 : 12 
12 alleles
0.0% missing data
 158   (0.166) 0.268 0.018 0.167 
 161   (0.070) 0.186 0.007 0.058 
 160   (0.311) 0.096 0.484 0.363 
 162   (0.264) 0.311 0.196 0.266 
 147   (0.042) 0.114 0.004 0.029 
 143   (0.024) 0.016 0.275 0.009 
 165   (0.013) 0.001 0.003 0.007 
 170   (0.039) 0.003 0.004 0.045 
 154   (0.019) 0.001 0.002 0.016 
 134   (0.013) 0.001 0.001 0.007 
 159   (0.016) 0.001 0.002 0.012 
 149   (0.023) 0.001 0.004 0.020 

Locus 13 : 13 
4 alleles
0.0% missing data
 113   (0.355) 0.371 0.460 0.351 
 115   (0.476) 0.463 0.142 0.504 
 108   (0.156) 0.165 0.396 0.138 
 110   (0.013) 0.001 0.001 0.007 

Locus 14 : 14 
9 alleles
0.0% missing data
 229   (0.405) 0.334 0.084 0.462 
 231   (0.203) 0.422 0.414 0.183 
 227   (0.155) 0.149 0.298 0.147 
 225   (0.137) 0.066 0.069 0.146 
 233   (0.049) 0.024 0.128 0.034 
 223   (0.013) 0.001 0.003 0.007 
 203   (0.013) 0.003 0.001 0.006 
 213   (0.013) 0.001 0.001 0.007 
 221   (0.013) 0.001 0.001 0.007 

Locus 15 : 15 
5 alleles
0.5% missing data
 143   (0.886) 0.917 0.734 0.917 
 145   (0.051) 0.079 0.260 0.030 
 147   (0.027) 0.002 0.003 0.025 
 133   (0.023) 0.001 0.002 0.021 
 157   (0.013) 0.001 0.001 0.008 

Locus 16 : 16 
5 alleles
0.0% missing data
 156   (0.286) 0.332 0.456 0.280 
 158   (0.497) 0.471 0.436 0.523 
 160   (0.127) 0.135 0.014 0.128 
 154   (0.076) 0.061 0.093 0.061 
 152   (0.013) 0.001 0.001 0.007 

Locus 17 : 17 
5 alleles
0.0% missing data
  90   (0.660) 0.814 0.535 0.659 
 102   (0.196) 0.162 0.022 0.205 
 100   (0.082) 0.008 0.436 0.083 
  88   (0.049) 0.014 0.005 0.045 
 104   (0.013) 0.001 0.001 0.007 

Locus 18 : 18 
7 alleles
0.0% missing data
 140   (0.262) 0.413 0.486 0.240 
 150   (0.106) 0.025 0.015 0.121 
 127   (0.276) 0.372 0.452 0.260 
 138   (0.071) 0.060 0.008 0.065 
 148   (0.108) 0.045 0.013 0.116 
 146   (0.092) 0.078 0.018 0.087 
 142   (0.084) 0.006 0.009 0.112 

Locus 19 : 19 
6 alleles
0.0% missing data
 190   (0.113) 0.231 0.017 0.101 
 194   (0.562) 0.641 0.671 0.570 
 200   (0.121) 0.058 0.213 0.115 
 188   (0.139) 0.066 0.017 0.154 
 202   (0.053) 0.003 0.082 0.052 
 198   (0.013) 0.001 0.001 0.007 

Locus 20 : 20 
6 alleles
0.0% missing data
 246   (0.161) 0.240 0.058 0.149 
 250   (0.073) 0.036 0.741 0.057 
 252   (0.637) 0.640 0.150 0.690 
 254   (0.078) 0.075 0.011 0.071 
 244   (0.027) 0.007 0.004 0.019 
 248   (0.023) 0.001 0.037 0.014 

Locus 21 : 21 
9 alleles
0.0% missing data
 167   (0.249) 0.231 0.077 0.267 
 177   (0.184) 0.121 0.543 0.185 
 171   (0.014) 0.011 0.001 0.005 
 175   (0.127) 0.255 0.162 0.108 
 173   (0.270) 0.205 0.195 0.290 
 165   (0.056) 0.165 0.010 0.042 
 163   (0.073) 0.009 0.008 0.089 
 159   (0.013) 0.001 0.003 0.007 
 161   (0.013) 0.001 0.001 0.007 

Locus 22 : 22 
10 alleles
0.5% missing data
 146   (0.201) 0.285 0.166 0.200 
 152   (0.415) 0.465 0.277 0.454 
 158   (0.099) 0.069 0.012 0.106 
 166   (0.070) 0.095 0.154 0.053 
 164   (0.040) 0.044 0.005 0.030 
 162   (0.047) 0.013 0.008 0.045 
 150   (0.048) 0.024 0.048 0.035 
 156   (0.037) 0.002 0.005 0.045 
 148   (0.025) 0.002 0.324 0.016 
 142   (0.019) 0.001 0.002 0.016 

Locus 23 : 23 
6 alleles
0.5% missing data
 154   (0.490) 0.640 0.289 0.497 
 156   (0.121) 0.132 0.019 0.118 
 160   (0.116) 0.052 0.014 0.125 
 144   (0.243) 0.174 0.674 0.240 
 152   (0.013) 0.001 0.001 0.007 
 158   (0.017) 0.001 0.004 0.012 

Locus 24 : 24 
4 alleles
0.5% missing data
  81   (0.326) 0.275 0.376 0.332 
  83   (0.543) 0.598 0.608 0.553 
  77   (0.083) 0.058 0.009 0.080 
  85   (0.047) 0.068 0.007 0.035 

Locus 25 : 25 
6 alleles
0.5% missing data
 124   (0.495) 0.589 0.391 0.503 
 132   (0.341) 0.285 0.222 0.356 
 122   (0.100) 0.122 0.019 0.093 
 120   (0.017) 0.001 0.362 0.008 
 126   (0.029) 0.002 0.005 0.029 
 136   (0.017) 0.001 0.002 0.012 

Locus 26 : 26 
6 alleles
0.0% missing data
 165   (0.230) 0.347 0.355 0.210 
 175   (0.245) 0.304 0.025 0.254 
 183   (0.389) 0.311 0.197 0.411 
 181   (0.053) 0.032 0.005 0.046 
 179   (0.070) 0.006 0.415 0.071 
 185   (0.013) 0.001 0.001 0.007 

Locus 27 : 27 
4 alleles
0.0% missing data
 138   (0.057) 0.021 0.008 0.053 
 142   (0.574) 0.597 0.488 0.589 
 150   (0.147) 0.103 0.016 0.155 
 148   (0.222) 0.279 0.487 0.203 

Locus 28 : 28 
5 alleles
0.0% missing data
 260   (0.416) 0.352 0.185 0.440 
 262   (0.471) 0.590 0.803 0.460 
 256   (0.074) 0.056 0.007 0.068 
 258   (0.020) 0.001 0.002 0.016 
 264   (0.020) 0.001 0.002 0.016 

Locus 29 : 29 
5 alleles
0.5% missing data
 150   (0.458) 0.467 0.199 0.472 
 146   (0.262) 0.232 0.031 0.280 
 140   (0.168) 0.221 0.755 0.144 
 148   (0.085) 0.079 0.010 0.078 
 152   (0.027) 0.002 0.006 0.025 

Locus 30 : 30 
6 alleles
0.0% missing data
 129   (0.520) 0.454 0.336 0.549 
 127   (0.076) 0.127 0.567 0.053 
 125   (0.244) 0.298 0.075 0.244 
 123   (0.106) 0.118 0.014 0.101 
 131   (0.037) 0.003 0.006 0.041 
 121   (0.017) 0.001 0.002 0.012 

Locus 31 : 31 
5 alleles
0.0% missing data
 157   (0.212) 0.320 0.232 0.192 
 155   (0.544) 0.448 0.654 0.563 
 159   (0.118) 0.225 0.016 0.106 
 151   (0.069) 0.004 0.054 0.077 
 153   (0.058) 0.004 0.044 0.061 

Locus 32 : 32 
4 alleles
0.0% missing data
 146   (0.339) 0.306 0.362 0.347 
 150   (0.537) 0.531 0.585 0.556 
 154   (0.061) 0.071 0.045 0.045 
 148   (0.063) 0.092 0.008 0.052 

Locus 33 : 33 
6 alleles
0.0% missing data
 192   (0.176) 0.174 0.021 0.185 
 196   (0.122) 0.119 0.017 0.123 
 180   (0.470) 0.423 0.757 0.486 
 184   (0.172) 0.257 0.196 0.156 
 190   (0.025) 0.024 0.003 0.014 
 198   (0.034) 0.002 0.005 0.037 

Locus 34 : 34 
7 alleles
0.0% missing data
 106   (0.366) 0.314 0.302 0.387 
 110   (0.193) 0.333 0.251 0.176 
 112   (0.238) 0.275 0.026 0.255 
 108   (0.124) 0.048 0.136 0.126 
  90   (0.037) 0.028 0.281 0.020 
  96   (0.020) 0.001 0.002 0.016 
  94   (0.023) 0.002 0.002 0.020 

Locus 35 : 35 
8 alleles
0.0% missing data
 172   (0.275) 0.131 0.030 0.318 
 176   (0.098) 0.242 0.012 0.084 
 170   (0.329) 0.505 0.524 0.308 
 166   (0.051) 0.037 0.006 0.042 
 174   (0.112) 0.073 0.013 0.114 
 168   (0.077) 0.008 0.409 0.077 
 178   (0.038) 0.003 0.004 0.041 
 186   (0.020) 0.001 0.002 0.016 

Locus 36 : 36 
6 alleles
0.0% missing data
  85   (0.205) 0.123 0.326 0.208 
  89   (0.546) 0.593 0.307 0.573 
  81   (0.052) 0.119 0.007 0.039 
  95   (0.060) 0.084 0.008 0.049 
  83   (0.121) 0.080 0.022 0.125 
  91   (0.016) 0.001 0.329 0.006 

Locus 37 : 37 
7 alleles
0.0% missing data
 161   (0.342) 0.357 0.093 0.360 
 165   (0.193) 0.209 0.081 0.189 
 173   (0.330) 0.421 0.420 0.323 
 169   (0.077) 0.008 0.048 0.084 
 168   (0.013) 0.001 0.352 0.004 
 167   (0.029) 0.002 0.005 0.028 
 175   (0.017) 0.001 0.002 0.012 

Locus 38 : 38 
6 alleles
0.0% missing data
  85   (0.233) 0.257 0.159 0.228 
  89   (0.335) 0.244 0.038 0.377 
  91   (0.192) 0.271 0.055 0.185 
  93   (0.015) 0.023 0.001 0.005 
  87   (0.130) 0.068 0.735 0.119 
  81   (0.095) 0.136 0.012 0.086 

Locus 39 : 39 
3 alleles
0.0% missing data
 167   (0.814) 0.949 0.800 0.814 
 161   (0.158) 0.048 0.191 0.162 
 165   (0.028) 0.003 0.009 0.024 

Locus 40 : 40 
6 alleles
0.5% missing data
 228   (0.356) 0.325 0.470 0.367 
 240   (0.143) 0.047 0.070 0.156 
 236   (0.150) 0.110 0.155 0.146 
 238   (0.312) 0.404 0.173 0.314 
 224   (0.022) 0.113 0.002 0.010 
 242   (0.016) 0.001 0.130 0.007 

Locus 41 : 41 
9 alleles
0.5% missing data
 130   (0.443) 0.466 0.092 0.492 
 114   (0.087) 0.146 0.491 0.066 
 132   (0.131) 0.169 0.013 0.134 
 120   (0.013) 0.006 0.001 0.004 
 128   (0.079) 0.060 0.009 0.078 
 118   (0.087) 0.015 0.081 0.091 
 134   (0.134) 0.131 0.310 0.122 
 119   (0.013) 0.006 0.001 0.005 
 122   (0.013) 0.001 0.001 0.007 

Locus 42 : 42 
8 alleles
0.0% missing data
 104   (0.357) 0.315 0.091 0.405 
  94   (0.015) 0.009 0.002 0.006 
 102   (0.305) 0.397 0.272 0.314 
 100   (0.020) 0.012 0.003 0.010 
  96   (0.054) 0.050 0.160 0.038 
  98   (0.125) 0.114 0.270 0.117 
  92   (0.112) 0.102 0.201 0.102 
 106   (0.012) 0.001 0.001 0.007 

Locus 43 : 43 
5 alleles
0.0% missing data
  95   (0.259) 0.225 0.064 0.271 
 101   (0.305) 0.416 0.030 0.317 
 103   (0.324) 0.300 0.221 0.329 
  97   (0.035) 0.005 0.336 0.023 
  99   (0.078) 0.053 0.349 0.060 

Locus 44 : 44 
8 alleles
0.0% missing data
 191   (0.241) 0.426 0.121 0.231 
 181   (0.606) 0.537 0.542 0.651 
 177   (0.055) 0.025 0.006 0.050 
 187   (0.013) 0.006 0.001 0.005 
 179   (0.032) 0.002 0.324 0.023 
 189   (0.020) 0.001 0.002 0.016 
 193   (0.017) 0.001 0.003 0.012 
 183   (0.017) 0.001 0.002 0.012 

Locus 45 : 45 
6 alleles
1.0% missing data
 205   (0.454) 0.449 0.331 0.477 
 211   (0.192) 0.284 0.162 0.179 
 201   (0.052) 0.044 0.430 0.033 
 207   (0.214) 0.099 0.068 0.239 
 215   (0.075) 0.123 0.008 0.065 
 202   (0.013) 0.001 0.001 0.007 

Locus 46 : 46 
10 alleles
0.0% missing data
 142   (0.276) 0.342 0.034 0.310 
 166   (0.164) 0.107 0.138 0.173 
 162   (0.061) 0.137 0.343 0.040 
 164   (0.053) 0.058 0.059 0.038 
 158   (0.183) 0.222 0.145 0.183 
 168   (0.146) 0.119 0.129 0.148 
 156   (0.040) 0.011 0.145 0.027 
 160   (0.012) 0.001 0.001 0.007 
 144   (0.042) 0.003 0.004 0.053 
 170   (0.022) 0.002 0.003 0.020 

Locus 47 : 47 
6 alleles
0.0% missing data
 145   (0.313) 0.336 0.351 0.311 
 153   (0.187) 0.169 0.022 0.198 
 149   (0.297) 0.140 0.479 0.318 
 151   (0.171) 0.353 0.143 0.149 
 143   (0.020) 0.001 0.003 0.016 
 147   (0.013) 0.001 0.002 0.007 

Values of parameters used in structure:
DATAFILE=c1.str,	OUTFILE=k3/c1_k3_run1,	NUMINDS=202,	NUMLOCI=47,	MISSING=-9,	LABEL=1,	POPDATA=1,	POPFLAG=0,	PHENOTYPE=0,	EXTRACOLS=0,	MAXPOPS=3,	BURNIN=500000,	NUMREPS=750000,	USEPOPINFO=0,	INFERALPHA=1,	INFERLAMBDA=0,	POPSPECIFICLAMBDA=0,	POPALPHAS=0,	COMPUTEPROB=1,	NOADMIX=0,	ADMBURNIN=500,	UPDATEFREQ=100,	PRINTLIKES=0,	INTERMEDSAVE=0,	PRINTKLD=0,	PRINTNET=1,	PRINTLAMBDA=1,	ANCESTDIST=0,	NUMBOXES=1000,	ANCESTPINT=0.90000,	GENSBACK=2,	MIGRPRIOR=0.01000,	PRINTQHAT=0,	PRINTQSUM=1,	ALPHA=1.0000,	FREQSCORR=1,	FPRIORMEAN=0.0100,	FPRIORSD=0.0500,	ONEFST=0,	LAMBDA=1.0000,	UNIFPRIORALPHA=1,	ALPHAMAX=10.0000,	ALPHAPRIORA=1.0000,	ALPHAPRIORB=2.0000,	ALPHAPROPSD=0.0250,	STARTATPOPINFO=0,	RANDOMIZE=0,	LINKAGE=0,	METROFREQ=10,	REPORTHITRATE=0,	MARKOVPHASE=0,	PHASED=1,	PLOIDY=2,	PHASEINFO=0	LOCPRIOR=0, 	LOCPRIORINIT=1.000000, 	LOCDATA=0, 	LOCISPOP=1, 	LOCPRIORSTEP=0.100000, 	MAXLOCPRIOR=20.000000, 	SEED=872796,	
[STRAT parameters]:    NUMSIMSTATS=1000,	PHENOTYPECOL=-9,	POOLFREQ=10,	LOCUSxONLY=0,	EMERROR=0.00100,	MISSINGPHENO=-9,	