

----------------------------------------------------
STRUCTURE by Pritchard, Stephens and Donnelly (2000)
     and Falush, Stephens and Pritchard (2003)
       Code by Pritchard, Falush and Hubisz
             Version 2.3.4 (Jul 2012)
----------------------------------------------------



Command line arguments:   structure -D 819611 -K 6 -m mainparams -o k6/c1_k6_run2 
Input File:    c1.str

Run parameters:
   202 individuals
   47 loci
   6 populations assumed
   500000 Burn-in period
   750000 Reps
RANDOMIZE turned off


--------------------------------------------
Proportion of membership of each pre-defined
 population in each of the 6 clusters

Given    Inferred Clusters                            Number of
 Pop       1      2      3      4      5      6      Individuals

  1:     0.023  0.005  0.890  0.039  0.034  0.009       81
  2:     0.030  0.003  0.006  0.020  0.028  0.913       19
  3:     0.005  0.970  0.004  0.004  0.006  0.011       10
  4:     0.332  0.030  0.027  0.198  0.403  0.009       10
  5:     0.298  0.012  0.054  0.115  0.493  0.028       23
  6:     0.579  0.010  0.072  0.134  0.189  0.017       11
  7:     0.403  0.005  0.013  0.465  0.107  0.007       18
  8:     0.334  0.030  0.045  0.047  0.535  0.010       25
  9:     0.395  0.003  0.009  0.374  0.195  0.024        5
--------------------------------------------

Allele-freq. divergence among pops (Net nucleotide distance),
computed using point estimates of P.

      1       2       3       4       5       6      
 1      -    0.1074  0.0200  0.0129  0.0035  0.0576  
 2   0.1074     -    0.1136  0.1229  0.0957  0.1259  
 3   0.0200  0.1136     -    0.0279  0.0167  0.0645  
 4   0.0129  0.1229  0.0279     -    0.0119  0.0627  
 5   0.0035  0.0957  0.0167  0.0119     -    0.0499  
 6   0.0576  0.1259  0.0645  0.0627  0.0499     -    

Average distances (expected heterozygosity) between individuals in same cluster:
cluster  1  : 0.6276 
cluster  2  : 0.5502 
cluster  3  : 0.6000 
cluster  4  : 0.6004 
cluster  5  : 0.6512 
cluster  6  : 0.5533 

--------------------------------------------
Estimated Ln Prob of Data   = -22535.8
Mean value of ln likelihood = -21892.2
Variance of ln likelihood   = 1287.1
Mean value of alpha         = 0.0354

Mean value of Fst_1         = 0.0294
Mean value of Fst_2         = 0.2917
Mean value of Fst_3         = 0.0896
Mean value of Fst_4         = 0.0768
Mean value of Fst_5         = 0.0051
Mean value of Fst_6         = 0.1979


Inferred ancestry of individuals:
        Label (%Miss) Pop:  Inferred clusters
  1      122    (0)    1 :  0.116 0.001 0.401 0.425 0.046 0.010 
  2      123    (0)    1 :  0.009 0.006 0.935 0.017 0.030 0.003 
  3      124    (0)    1 :  0.007 0.010 0.958 0.006 0.006 0.014 
  4      125    (0)    1 :  0.005 0.002 0.980 0.005 0.007 0.002 
  5      126    (0)    1 :  0.009 0.001 0.283 0.692 0.013 0.002 
  6      128    (0)    1 :  0.018 0.003 0.939 0.010 0.018 0.013 
  7      129    (0)    1 :  0.025 0.002 0.830 0.032 0.031 0.080 
  8      130    (0)    1 :  0.009 0.001 0.959 0.019 0.007 0.005 
  9      131    (0)    1 :  0.006 0.003 0.973 0.009 0.007 0.002 
 10      132    (0)    1 :  0.005 0.006 0.969 0.005 0.004 0.010 
 11      133    (0)    1 :  0.080 0.002 0.416 0.326 0.081 0.095 
 12      134    (0)    1 :  0.027 0.015 0.906 0.014 0.032 0.006 
 13      135    (0)    1 :  0.036 0.002 0.921 0.015 0.022 0.004 
 14      136    (0)    1 :  0.016 0.008 0.944 0.009 0.016 0.007 
 15      139    (0)    1 :  0.012 0.004 0.932 0.019 0.018 0.016 
 16      140    (0)    1 :  0.011 0.002 0.886 0.014 0.068 0.018 
 17      141    (0)    1 :  0.016 0.004 0.937 0.012 0.027 0.005 
 18      142    (0)    1 :  0.005 0.002 0.979 0.004 0.005 0.005 
 19      143    (0)    1 :  0.006 0.007 0.954 0.009 0.009 0.015 
 20      144    (0)    1 :  0.018 0.003 0.924 0.028 0.020 0.007 
 21      145    (0)    1 :  0.021 0.029 0.875 0.029 0.041 0.005 
 22      148    (0)    1 :  0.064 0.003 0.843 0.015 0.073 0.003 
 23      556    (0)    1 :  0.007 0.002 0.955 0.018 0.011 0.007 
 24      557    (0)    1 :  0.006 0.016 0.965 0.005 0.006 0.003 
 25      558    (0)    1 :  0.008 0.007 0.962 0.009 0.008 0.005 
 26      559    (0)    1 :  0.010 0.002 0.954 0.017 0.008 0.008 
 27      560    (0)    1 :  0.030 0.002 0.950 0.007 0.010 0.003 
 28      561    (0)    1 :  0.003 0.001 0.987 0.003 0.003 0.003 
 29      562    (0)    1 :  0.031 0.005 0.912 0.018 0.028 0.006 
 30      563    (0)    1 :  0.029 0.007 0.748 0.025 0.182 0.009 
 31      564    (0)    1 :  0.132 0.002 0.740 0.054 0.054 0.018 
 32      565    (0)    1 :  0.003 0.002 0.984 0.004 0.004 0.004 
 33      566    (0)    1 :  0.017 0.002 0.930 0.023 0.026 0.002 
 34      567    (0)    1 :  0.008 0.003 0.971 0.004 0.010 0.004 
 35      568    (0)    1 :  0.011 0.002 0.952 0.007 0.013 0.014 
 36      569    (0)    1 :  0.006 0.010 0.968 0.007 0.006 0.004 
 37      570    (0)    1 :  0.004 0.001 0.985 0.004 0.003 0.002 
 38      613    (0)    1 :  0.004 0.002 0.980 0.006 0.004 0.004 
 39      614    (0)    1 :  0.014 0.002 0.955 0.013 0.014 0.002 
 40      615    (0)    1 :  0.014 0.004 0.932 0.032 0.014 0.004 
 41      616    (0)    1 :  0.009 0.001 0.937 0.007 0.008 0.038 
 42      617    (0)    1 :  0.017 0.004 0.937 0.013 0.026 0.004 
 43      618    (0)    1 :  0.044 0.003 0.906 0.013 0.018 0.016 
 44      619    (0)    1 :  0.011 0.100 0.005 0.005 0.876 0.003 
 45      620    (0)    1 :  0.010 0.004 0.962 0.014 0.008 0.003 
 46      621    (0)    1 :  0.006 0.002 0.945 0.035 0.008 0.003 
 47      622    (0)    1 :  0.004 0.003 0.982 0.003 0.004 0.004 
 48      623    (0)    1 :  0.004 0.002 0.983 0.005 0.004 0.002 
 49      624    (0)    1 :  0.015 0.003 0.932 0.031 0.013 0.006 
 50      625    (0)    1 :  0.010 0.002 0.366 0.609 0.011 0.003 
 51      626    (0)    1 :  0.005 0.003 0.972 0.008 0.007 0.006 
 52      627    (0)    1 :  0.032 0.003 0.892 0.023 0.037 0.012 
 53      628    (0)    1 :  0.008 0.004 0.973 0.005 0.006 0.004 
 54      629    (0)    1 :  0.009 0.002 0.958 0.012 0.009 0.010 
 55      630    (0)    1 :  0.005 0.004 0.982 0.003 0.004 0.002 
 56      631    (0)    1 :  0.004 0.004 0.958 0.004 0.005 0.025 
 57      632    (0)    1 :  0.020 0.005 0.872 0.066 0.021 0.016 
 58      633    (0)    1 :  0.127 0.007 0.785 0.019 0.052 0.012 
 59      634    (0)    1 :  0.009 0.012 0.949 0.010 0.013 0.006 
 60      635    (0)    1 :  0.005 0.003 0.974 0.009 0.006 0.003 
 61      636    (0)    1 :  0.004 0.003 0.982 0.004 0.004 0.003 
 62      637    (0)    1 :  0.386 0.001 0.316 0.029 0.257 0.010 
 63      638    (0)    1 :  0.018 0.002 0.940 0.010 0.016 0.014 
 64      639    (0)    1 :  0.035 0.002 0.698 0.057 0.197 0.011 
 65      640    (0)    1 :  0.007 0.001 0.976 0.006 0.005 0.005 
 66      689    (0)    1 :  0.006 0.001 0.975 0.009 0.006 0.003 
 67      690    (0)    1 :  0.010 0.018 0.949 0.007 0.010 0.005 
 68      691    (0)    1 :  0.013 0.002 0.950 0.026 0.008 0.002 
 69      692    (0)    1 :  0.071 0.008 0.836 0.056 0.023 0.006 
 70      693    (0)    1 :  0.006 0.002 0.980 0.005 0.005 0.003 
 71      694    (0)    1 :  0.003 0.003 0.980 0.003 0.004 0.007 
 72      695    (0)    1 :  0.003 0.001 0.987 0.003 0.003 0.003 
 73      696    (0)    1 :  0.004 0.003 0.984 0.003 0.004 0.002 
 74      697    (0)    1 :  0.004 0.003 0.977 0.005 0.004 0.007 
 75      698    (0)    1 :  0.038 0.003 0.923 0.017 0.017 0.002 
 76      699    (0)    1 :  0.005 0.001 0.983 0.004 0.004 0.003 
 77      700    (0)    1 :  0.007 0.005 0.967 0.008 0.008 0.006 
 78      701    (2)    1 :  0.013 0.003 0.941 0.023 0.015 0.005 
 79      702    (0)    1 :  0.014 0.006 0.951 0.014 0.013 0.002 
 80      703    (0)    1 :  0.005 0.004 0.971 0.013 0.005 0.002 
 81      704    (0)    1 :  0.010 0.001 0.964 0.005 0.009 0.010 
 82      007    (0)    2 :  0.005 0.007 0.010 0.004 0.007 0.967 
 83      012    (0)    2 :  0.010 0.005 0.010 0.050 0.031 0.893 
 84      020    (0)    2 :  0.123 0.002 0.006 0.022 0.255 0.592 
 85      021    (0)    2 :  0.002 0.001 0.003 0.004 0.003 0.987 
 86      022    (0)    2 :  0.018 0.016 0.005 0.093 0.019 0.850 
 87      034    (0)    2 :  0.007 0.005 0.011 0.008 0.010 0.959 
 88      049    (0)    2 :  0.003 0.002 0.003 0.002 0.003 0.988 
 89      062    (0)    2 :  0.002 0.001 0.002 0.002 0.002 0.991 
 90      089    (0)    2 :  0.002 0.001 0.002 0.002 0.002 0.991 
 91      092    (0)    2 :  0.002 0.001 0.002 0.002 0.002 0.992 
 92      100    (0)    2 :  0.003 0.002 0.006 0.004 0.004 0.981 
 93      105    (0)    2 :  0.009 0.001 0.004 0.004 0.009 0.973 
 94      205    (0)    2 :  0.018 0.005 0.008 0.010 0.015 0.944 
 95      206    (0)    2 :  0.184 0.003 0.021 0.097 0.049 0.647 
 96      207    (0)    2 :  0.008 0.002 0.006 0.008 0.008 0.968 
 97      208    (0)    2 :  0.018 0.003 0.007 0.022 0.019 0.931 
 98      209    (0)    2 :  0.149 0.002 0.003 0.032 0.094 0.719 
 99      377    (0)    2 :  0.003 0.003 0.006 0.005 0.003 0.981 
100      881    (0)    2 :  0.002 0.002 0.003 0.002 0.002 0.989 
101      003    (0)    3 :  0.005 0.961 0.003 0.007 0.006 0.017 
102      108    (0)    3 :  0.002 0.991 0.002 0.001 0.002 0.002 
103      194    (0)    3 :  0.013 0.945 0.006 0.009 0.010 0.017 
104      232    (0)    3 :  0.003 0.981 0.003 0.004 0.005 0.003 
105      321    (0)    3 :  0.003 0.988 0.002 0.002 0.002 0.002 
106      322    (0)    3 :  0.001 0.990 0.002 0.001 0.002 0.004 
107      329    (0)    3 :  0.002 0.991 0.002 0.002 0.002 0.001 
108      330    (0)    3 :  0.002 0.990 0.002 0.002 0.002 0.002 
109      342    (0)    3 :  0.014 0.956 0.006 0.005 0.016 0.002 
110      347    (0)    3 :  0.007 0.903 0.010 0.010 0.010 0.060 
111      801    (0)    4 :  0.267 0.005 0.105 0.042 0.557 0.024 
112      815    (0)    4 :  0.277 0.004 0.022 0.011 0.662 0.025 
113      816    (0)    4 :  0.102 0.002 0.040 0.828 0.022 0.006 
114      817    (0)    4 :  0.160 0.011 0.006 0.011 0.805 0.006 
115      818    (0)    4 :  0.481 0.002 0.045 0.050 0.418 0.003 
116      819    (0)    4 :  0.423 0.007 0.008 0.417 0.138 0.007 
117      820    (2)    4 :  0.440 0.001 0.011 0.008 0.528 0.012 
118      821    (0)    4 :  0.211 0.002 0.006 0.577 0.201 0.003 
119      822    (0)    4 :  0.562 0.257 0.008 0.022 0.146 0.005 
120      853    (0)    4 :  0.400 0.011 0.020 0.014 0.552 0.003 
121      797    (0)    5 :  0.398 0.002 0.024 0.153 0.405 0.018 
122      798    (0)    5 :  0.298 0.002 0.005 0.499 0.192 0.004 
123      799    (0)    5 :  0.043 0.003 0.009 0.009 0.894 0.042 
124      800    (0)    5 :  0.283 0.005 0.102 0.182 0.426 0.003 
125      823    (0)    5 :  0.057 0.010 0.007 0.071 0.468 0.387 
126      824    (0)    5 :  0.850 0.007 0.005 0.053 0.081 0.005 
127      825    (0)    5 :  0.349 0.005 0.023 0.182 0.422 0.020 
128      826    (0)    5 :  0.082 0.023 0.475 0.089 0.326 0.005 
129      827    (0)    5 :  0.848 0.002 0.009 0.011 0.126 0.004 
130      836    (0)    5 :  0.512 0.001 0.014 0.077 0.392 0.004 
131      837    (0)    5 :  0.065 0.030 0.025 0.006 0.869 0.004 
132      838    (0)    5 :  0.314 0.003 0.257 0.111 0.312 0.003 
133      839    (0)    5 :  0.223 0.003 0.046 0.133 0.578 0.016 
134      840    (0)    5 :  0.161 0.002 0.011 0.209 0.607 0.010 
135      841    (0)    5 :  0.278 0.003 0.013 0.544 0.154 0.008 
136      842    (0)    5 :  0.557 0.002 0.016 0.056 0.363 0.006 
137      843    (0)    5 :  0.087 0.002 0.018 0.023 0.866 0.004 
138      845    (0)    5 :  0.327 0.002 0.008 0.021 0.637 0.004 
139      846    (0)    5 :  0.108 0.004 0.017 0.121 0.741 0.010 
140      847    (2)    5 :  0.044 0.142 0.022 0.013 0.704 0.074 
141      848    (0)    5 :  0.066 0.008 0.048 0.005 0.866 0.007 
142      849    (0)    5 :  0.155 0.014 0.068 0.048 0.709 0.006 
143      855    (0)    5 :  0.754 0.008 0.016 0.020 0.199 0.003 
144      793    (0)    6 :  0.535 0.006 0.200 0.049 0.208 0.003 
145      794    (0)    6 :  0.669 0.008 0.009 0.011 0.300 0.003 
146      828    (0)    6 :  0.784 0.005 0.057 0.068 0.081 0.004 
147      829    (4)    6 :  0.451 0.002 0.090 0.068 0.387 0.003 
148      830    (0)    6 :  0.576 0.004 0.039 0.157 0.206 0.017 
149      831    (2)    6 :  0.763 0.016 0.008 0.057 0.146 0.010 
150      832    (0)    6 :  0.052 0.005 0.033 0.860 0.048 0.003 
151      833    (2)    6 :  0.874 0.007 0.044 0.014 0.058 0.003 
152      835    (0)    6 :  0.174 0.052 0.186 0.055 0.406 0.127 
153      870    (0)    6 :  0.549 0.002 0.111 0.117 0.213 0.007 
154      871    (0)    6 :  0.938 0.002 0.009 0.023 0.025 0.003 
155      451    (0)    7 :  0.859 0.007 0.007 0.009 0.116 0.003 
156      452    (4)    7 :  0.011 0.002 0.005 0.970 0.007 0.005 
157      453    (4)    7 :  0.012 0.002 0.004 0.968 0.007 0.007 
158      454    (2)    7 :  0.765 0.009 0.024 0.054 0.139 0.009 
159      455    (4)    7 :  0.784 0.002 0.015 0.057 0.127 0.015 
160      795    (0)    7 :  0.008 0.001 0.012 0.963 0.010 0.005 
161      796    (0)    7 :  0.861 0.002 0.003 0.034 0.097 0.003 
162      802    (0)    7 :  0.018 0.001 0.006 0.956 0.016 0.004 
163      804    (0)    7 :  0.565 0.002 0.044 0.261 0.122 0.007 
164      805    (0)    7 :  0.873 0.003 0.017 0.028 0.071 0.009 
165      851    (0)    7 :  0.005 0.009 0.009 0.967 0.006 0.004 
166      852    (0)    7 :  0.012 0.002 0.008 0.967 0.007 0.004 
167      854    (0)    7 :  0.103 0.002 0.016 0.053 0.818 0.008 
168      858    (0)    7 :  0.893 0.002 0.008 0.035 0.055 0.006 
169      859    (0)    7 :  0.644 0.002 0.036 0.078 0.217 0.022 
170      860    (0)    7 :  0.819 0.043 0.006 0.028 0.099 0.005 
171      862    (0)    7 :  0.006 0.001 0.006 0.974 0.006 0.006 
172      863    (0)    7 :  0.013 0.001 0.007 0.969 0.006 0.004 
173      450    (0)    8 :  0.196 0.003 0.012 0.026 0.746 0.017 
174      791    (0)    8 :  0.136 0.003 0.014 0.081 0.760 0.006 
175      792    (0)    8 :  0.129 0.151 0.011 0.004 0.688 0.016 
176      803    (0)    8 :  0.230 0.299 0.133 0.025 0.300 0.011 
177      806    (0)    8 :  0.033 0.006 0.060 0.009 0.886 0.006 
178      807    (0)    8 :  0.117 0.002 0.007 0.016 0.851 0.007 
179      808    (0)    8 :  0.904 0.003 0.017 0.011 0.063 0.003 
180      809    (0)    8 :  0.058 0.049 0.433 0.252 0.198 0.009 
181      810    (0)    8 :  0.132 0.040 0.013 0.009 0.776 0.030 
182      811    (0)    8 :  0.087 0.005 0.007 0.008 0.887 0.006 
183      812    (0)    8 :  0.216 0.003 0.078 0.024 0.665 0.014 
184      813    (0)    8 :  0.557 0.003 0.015 0.079 0.343 0.004 
185      814    (0)    8 :  0.853 0.005 0.010 0.027 0.099 0.006 
186      834    (0)    8 :  0.146 0.004 0.006 0.010 0.833 0.002 
187      844    (0)    8 :  0.528 0.003 0.008 0.268 0.189 0.004 
188      850    (0)    8 :  0.653 0.015 0.015 0.042 0.269 0.007 
189      856    (0)    8 :  0.308 0.005 0.006 0.044 0.627 0.009 
190      857    (0)    8 :  0.047 0.011 0.012 0.021 0.900 0.009 
191      861    (0)    8 :  0.864 0.004 0.024 0.048 0.048 0.013 
192      864    (0)    8 :  0.091 0.006 0.004 0.012 0.871 0.016 
193      865    (0)    8 :  0.799 0.003 0.070 0.017 0.103 0.007 
194      866    (0)    8 :  0.353 0.010 0.081 0.093 0.460 0.003 
195      867    (0)    8 :  0.054 0.018 0.062 0.012 0.832 0.022 
196      868    (0)    8 :  0.781 0.038 0.008 0.031 0.136 0.006 
197      869    (0)    8 :  0.082 0.049 0.005 0.005 0.853 0.006 
198      004    (0)    9 :  0.241 0.002 0.008 0.662 0.027 0.060 
199      008    (0)    9 :  0.737 0.002 0.021 0.052 0.159 0.030 
200      013    (0)    9 :  0.478 0.006 0.011 0.166 0.326 0.013 
201      109    (0)    9 :  0.511 0.002 0.003 0.014 0.456 0.014 
202      348    (0)    9 :  0.007 0.001 0.004 0.975 0.009 0.004 


Estimated Allele Frequencies in each cluster
First column gives estimated ancestral frequencies


Locus 1 : 1 
4 alleles
0.0% missing data
  89   (0.478) 0.482 0.100 0.434 0.592 0.480 0.619 
  93   (0.128) 0.136 0.048 0.039 0.155 0.127 0.047 
  91   (0.368) 0.371 0.554 0.525 0.244 0.365 0.331 
  99   (0.026) 0.011 0.298 0.002 0.008 0.028 0.003 

Locus 2 : 2 
6 alleles
0.0% missing data
 134   (0.269) 0.215 0.033 0.296 0.395 0.268 0.327 
 136   (0.373) 0.372 0.068 0.512 0.315 0.373 0.540 
 142   (0.033) 0.021 0.004 0.076 0.009 0.031 0.004 
 138   (0.230) 0.256 0.883 0.107 0.252 0.224 0.119 
 140   (0.066) 0.113 0.008 0.007 0.022 0.070 0.007 
 132   (0.029) 0.023 0.004 0.002 0.008 0.034 0.003 

Locus 3 : 3 
6 alleles
0.0% missing data
 179   (0.268) 0.330 0.030 0.470 0.373 0.260 0.029 
 181   (0.184) 0.137 0.162 0.294 0.194 0.183 0.068 
 187   (0.322) 0.345 0.778 0.178 0.244 0.322 0.479 
 175   (0.077) 0.043 0.009 0.033 0.084 0.083 0.012 
 185   (0.114) 0.116 0.017 0.023 0.036 0.122 0.198 
 191   (0.036) 0.030 0.004 0.002 0.068 0.029 0.214 

Locus 4 : 4 
10 alleles
0.0% missing data
 253   (0.408) 0.442 0.387 0.610 0.548 0.396 0.407 
 269   (0.201) 0.188 0.338 0.190 0.286 0.198 0.083 
 241   (0.185) 0.184 0.073 0.180 0.100 0.193 0.124 
 271   (0.049) 0.063 0.012 0.009 0.016 0.051 0.005 
 247   (0.076) 0.078 0.008 0.005 0.029 0.084 0.370 
 239   (0.017) 0.006 0.085 0.001 0.005 0.015 0.004 
 249   (0.026) 0.015 0.090 0.002 0.007 0.026 0.003 
 273   (0.016) 0.009 0.003 0.001 0.004 0.016 0.002 
 265   (0.011) 0.010 0.001 0.001 0.003 0.010 0.001 
 245   (0.012) 0.004 0.001 0.001 0.003 0.012 0.001 

Locus 5 : 5 
4 alleles
1.5% missing data
 103   (0.888) 0.926 0.987 0.838 0.963 0.890 0.890 
 104   (0.025) 0.013 0.002 0.020 0.007 0.023 0.003 
 105   (0.064) 0.052 0.008 0.141 0.022 0.065 0.007 
 102   (0.023) 0.009 0.002 0.001 0.008 0.022 0.100 

Locus 6 : 6 
5 alleles
0.0% missing data
 135   (0.299) 0.215 0.801 0.231 0.187 0.313 0.499 
 145   (0.342) 0.441 0.161 0.320 0.553 0.321 0.206 
 141   (0.284) 0.306 0.030 0.399 0.232 0.289 0.140 
 147   (0.049) 0.027 0.005 0.048 0.022 0.047 0.148 
 137   (0.025) 0.011 0.003 0.002 0.007 0.031 0.007 

Locus 7 : 7 
10 alleles
0.5% missing data
  97   (0.182) 0.162 0.182 0.081 0.237 0.184 0.286 
 103   (0.339) 0.400 0.041 0.581 0.400 0.340 0.328 
  89   (0.077) 0.090 0.008 0.040 0.028 0.084 0.010 
  93   (0.220) 0.222 0.333 0.167 0.169 0.225 0.175 
  85   (0.040) 0.039 0.005 0.066 0.014 0.038 0.004 
  83   (0.057) 0.046 0.006 0.026 0.120 0.052 0.055 
  91   (0.042) 0.015 0.294 0.037 0.011 0.039 0.138 
 105   (0.016) 0.011 0.129 0.001 0.004 0.012 0.002 
  99   (0.016) 0.007 0.002 0.001 0.014 0.016 0.002 
 101   (0.011) 0.008 0.001 0.001 0.004 0.010 0.001 

Locus 8 : 8 
9 alleles
0.0% missing data
 141   (0.059) 0.038 0.006 0.089 0.095 0.053 0.075 
 143   (0.247) 0.271 0.363 0.389 0.163 0.245 0.238 
 129   (0.565) 0.622 0.380 0.508 0.648 0.580 0.600 
 149   (0.051) 0.038 0.006 0.003 0.054 0.053 0.049 
 145   (0.016) 0.006 0.002 0.006 0.023 0.013 0.002 
 127   (0.019) 0.008 0.040 0.001 0.006 0.016 0.031 
 131   (0.011) 0.004 0.160 0.001 0.003 0.009 0.001 
 128   (0.011) 0.004 0.040 0.001 0.003 0.008 0.001 
 133   (0.020) 0.011 0.002 0.001 0.006 0.022 0.002 

Locus 9 : 9 
4 alleles
0.0% missing data
 191   (0.351) 0.338 0.370 0.448 0.323 0.347 0.470 
 195   (0.186) 0.186 0.143 0.349 0.268 0.173 0.041 
 189   (0.451) 0.472 0.487 0.202 0.406 0.468 0.488 
 193   (0.012) 0.004 0.001 0.001 0.003 0.012 0.001 

Locus 10 : 10 
6 alleles
0.0% missing data
 238   (0.551) 0.610 0.330 0.596 0.619 0.555 0.231 
 252   (0.111) 0.112 0.012 0.188 0.057 0.105 0.169 
 232   (0.209) 0.189 0.177 0.145 0.270 0.209 0.301 
 254   (0.065) 0.031 0.474 0.061 0.020 0.061 0.286 
 250   (0.043) 0.036 0.005 0.008 0.016 0.047 0.004 
 248   (0.022) 0.021 0.002 0.001 0.019 0.022 0.010 

Locus 11 : 11 
5 alleles
0.0% missing data
  87   (0.735) 0.753 0.801 0.770 0.703 0.752 0.611 
  89   (0.206) 0.194 0.193 0.226 0.265 0.195 0.273 
  91   (0.036) 0.042 0.004 0.002 0.026 0.032 0.103 
  83   (0.011) 0.006 0.001 0.001 0.004 0.009 0.012 
  85   (0.011) 0.005 0.001 0.001 0.003 0.012 0.001 

Locus 12 : 12 
12 alleles
0.0% missing data
 158   (0.191) 0.136 0.019 0.272 0.279 0.201 0.068 
 161   (0.089) 0.069 0.009 0.182 0.101 0.089 0.009 
 160   (0.272) 0.300 0.485 0.080 0.328 0.274 0.630 
 162   (0.265) 0.309 0.191 0.319 0.186 0.263 0.275 
 147   (0.034) 0.054 0.003 0.124 0.010 0.027 0.003 
 143   (0.026) 0.012 0.279 0.015 0.007 0.022 0.003 
 165   (0.011) 0.004 0.002 0.001 0.003 0.012 0.001 
 170   (0.043) 0.047 0.004 0.003 0.045 0.048 0.004 
 154   (0.019) 0.019 0.002 0.001 0.005 0.020 0.002 
 134   (0.011) 0.006 0.001 0.001 0.003 0.011 0.001 
 159   (0.017) 0.013 0.002 0.001 0.024 0.013 0.002 
 149   (0.022) 0.030 0.003 0.001 0.010 0.021 0.002 

Locus 13 : 13 
4 alleles
0.0% missing data
 113   (0.339) 0.295 0.459 0.368 0.398 0.336 0.472 
 115   (0.490) 0.572 0.138 0.459 0.386 0.498 0.482 
 108   (0.158) 0.129 0.402 0.172 0.213 0.153 0.045 
 110   (0.012) 0.004 0.001 0.001 0.003 0.012 0.001 

Locus 14 : 14 
9 alleles
0.0% missing data
 229   (0.419) 0.494 0.081 0.327 0.494 0.428 0.409 
 231   (0.189) 0.131 0.410 0.443 0.070 0.191 0.421 
 227   (0.146) 0.156 0.310 0.134 0.312 0.137 0.015 
 225   (0.152) 0.150 0.063 0.068 0.078 0.158 0.146 
 233   (0.048) 0.050 0.131 0.025 0.015 0.044 0.005 
 223   (0.011) 0.004 0.002 0.001 0.003 0.011 0.001 
 203   (0.011) 0.007 0.001 0.001 0.005 0.010 0.001 
 213   (0.012) 0.004 0.001 0.001 0.003 0.012 0.001 
 221   (0.012) 0.004 0.001 0.001 0.021 0.009 0.001 

Locus 15 : 15 
5 alleles
0.5% missing data
 143   (0.897) 0.939 0.724 0.912 0.960 0.906 0.853 
 145   (0.052) 0.034 0.271 0.084 0.026 0.047 0.005 
 147   (0.028) 0.019 0.003 0.002 0.008 0.027 0.045 
 133   (0.012) 0.004 0.001 0.001 0.003 0.009 0.094 
 157   (0.012) 0.005 0.001 0.001 0.003 0.012 0.001 

Locus 16 : 16 
5 alleles
0.0% missing data
 156   (0.282) 0.249 0.463 0.322 0.322 0.277 0.375 
 158   (0.497) 0.549 0.439 0.470 0.523 0.503 0.467 
 160   (0.132) 0.151 0.014 0.142 0.120 0.130 0.075 
 154   (0.077) 0.039 0.083 0.065 0.032 0.081 0.082 
 152   (0.011) 0.012 0.001 0.001 0.003 0.009 0.001 

Locus 17 : 17 
5 alleles
0.0% missing data
  90   (0.682) 0.673 0.524 0.819 0.680 0.684 0.629 
 102   (0.162) 0.171 0.018 0.162 0.214 0.152 0.355 
 100   (0.090) 0.106 0.451 0.006 0.056 0.095 0.009 
  88   (0.054) 0.043 0.006 0.012 0.047 0.057 0.006 
 104   (0.012) 0.008 0.001 0.001 0.003 0.011 0.001 

Locus 18 : 18 
7 alleles
0.0% missing data
 140   (0.287) 0.297 0.490 0.429 0.259 0.282 0.053 
 150   (0.069) 0.081 0.009 0.014 0.032 0.066 0.399 
 127   (0.296) 0.227 0.457 0.373 0.374 0.297 0.196 
 138   (0.060) 0.043 0.006 0.059 0.167 0.057 0.006 
 148   (0.092) 0.112 0.010 0.046 0.068 0.084 0.223 
 146   (0.097) 0.098 0.018 0.072 0.069 0.094 0.108 
 142   (0.099) 0.143 0.010 0.007 0.032 0.121 0.014 

Locus 19 : 19 
6 alleles
0.0% missing data
 190   (0.106) 0.103 0.015 0.249 0.124 0.095 0.103 
 194   (0.572) 0.578 0.672 0.650 0.500 0.583 0.598 
 200   (0.115) 0.122 0.209 0.041 0.228 0.109 0.013 
 188   (0.152) 0.172 0.017 0.056 0.132 0.155 0.138 
 202   (0.044) 0.021 0.085 0.003 0.014 0.046 0.146 
 198   (0.012) 0.004 0.001 0.001 0.003 0.012 0.001 

Locus 20 : 20 
6 alleles
0.0% missing data
 246   (0.141) 0.094 0.048 0.239 0.202 0.135 0.292 
 250   (0.080) 0.049 0.758 0.039 0.021 0.083 0.057 
 252   (0.653) 0.733 0.145 0.636 0.739 0.660 0.569 
 254   (0.080) 0.081 0.010 0.079 0.024 0.080 0.077 
 244   (0.024) 0.030 0.003 0.006 0.007 0.021 0.002 
 248   (0.022) 0.013 0.035 0.001 0.006 0.021 0.002 

Locus 21 : 21 
9 alleles
0.0% missing data
 167   (0.239) 0.318 0.073 0.224 0.267 0.232 0.249 
 177   (0.200) 0.161 0.551 0.121 0.178 0.210 0.166 
 171   (0.013) 0.004 0.001 0.012 0.004 0.010 0.002 
 175   (0.139) 0.126 0.161 0.268 0.099 0.133 0.070 
 173   (0.280) 0.321 0.196 0.202 0.354 0.282 0.132 
 165   (0.064) 0.043 0.010 0.166 0.079 0.063 0.007 
 163   (0.044) 0.020 0.004 0.006 0.013 0.049 0.352 
 159   (0.011) 0.004 0.002 0.001 0.003 0.012 0.001 
 161   (0.011) 0.004 0.001 0.001 0.004 0.009 0.019 

Locus 22 : 22 
10 alleles
0.5% missing data
 146   (0.204) 0.261 0.158 0.283 0.146 0.198 0.191 
 152   (0.419) 0.433 0.273 0.476 0.511 0.434 0.420 
 158   (0.109) 0.125 0.012 0.068 0.104 0.109 0.056 
 166   (0.073) 0.072 0.157 0.097 0.046 0.070 0.008 
 164   (0.045) 0.032 0.005 0.038 0.042 0.046 0.005 
 162   (0.046) 0.025 0.007 0.012 0.034 0.046 0.080 
 150   (0.046) 0.022 0.047 0.023 0.043 0.042 0.043 
 156   (0.022) 0.016 0.003 0.001 0.006 0.019 0.193 
 148   (0.025) 0.011 0.336 0.002 0.008 0.026 0.003 
 142   (0.012) 0.004 0.001 0.001 0.060 0.009 0.001 

Locus 23 : 23 
6 alleles
0.5% missing data
 154   (0.535) 0.625 0.286 0.646 0.445 0.539 0.269 
 156   (0.144) 0.107 0.020 0.136 0.129 0.159 0.015 
 160   (0.099) 0.083 0.011 0.044 0.154 0.094 0.245 
 144   (0.193) 0.167 0.679 0.172 0.264 0.180 0.469 
 152   (0.012) 0.012 0.001 0.001 0.003 0.009 0.001 
 158   (0.016) 0.007 0.003 0.001 0.006 0.018 0.002 

Locus 24 : 24 
4 alleles
0.5% missing data
  81   (0.350) 0.434 0.377 0.274 0.335 0.355 0.041 
  83   (0.503) 0.436 0.607 0.605 0.505 0.502 0.923 
  77   (0.095) 0.090 0.010 0.055 0.101 0.094 0.031 
  85   (0.053) 0.040 0.006 0.067 0.059 0.049 0.005 

Locus 25 : 25 
6 alleles
0.5% missing data
 124   (0.519) 0.546 0.383 0.599 0.557 0.519 0.356 
 132   (0.294) 0.293 0.212 0.277 0.358 0.288 0.605 
 122   (0.123) 0.113 0.017 0.120 0.044 0.132 0.033 
 120   (0.016) 0.010 0.382 0.001 0.004 0.012 0.002 
 126   (0.033) 0.029 0.004 0.002 0.011 0.037 0.004 
 136   (0.016) 0.008 0.002 0.001 0.026 0.013 0.002 

Locus 26 : 26 
6 alleles
0.0% missing data
 165   (0.249) 0.213 0.365 0.343 0.366 0.245 0.062 
 175   (0.255) 0.234 0.026 0.308 0.316 0.258 0.234 
 183   (0.363) 0.362 0.188 0.310 0.241 0.373 0.691 
 181   (0.054) 0.057 0.005 0.033 0.046 0.050 0.005 
 179   (0.067) 0.122 0.414 0.005 0.027 0.064 0.007 
 185   (0.012) 0.012 0.001 0.001 0.003 0.009 0.001 

Locus 27 : 27 
4 alleles
0.0% missing data
 138   (0.059) 0.042 0.007 0.012 0.109 0.060 0.006 
 142   (0.517) 0.586 0.489 0.601 0.633 0.496 0.722 
 150   (0.158) 0.151 0.016 0.104 0.095 0.163 0.183 
 148   (0.266) 0.221 0.488 0.282 0.163 0.282 0.090 

Locus 28 : 28 
5 alleles
0.0% missing data
 260   (0.452) 0.445 0.183 0.338 0.534 0.471 0.256 
 262   (0.453) 0.486 0.808 0.603 0.377 0.439 0.570 
 256   (0.061) 0.053 0.006 0.056 0.022 0.057 0.171 
 258   (0.021) 0.011 0.002 0.001 0.008 0.023 0.002 
 264   (0.013) 0.004 0.001 0.001 0.060 0.010 0.001 

Locus 29 : 29 
5 alleles
0.5% missing data
 150   (0.480) 0.592 0.190 0.444 0.536 0.475 0.251 
 146   (0.247) 0.161 0.027 0.239 0.301 0.264 0.449 
 140   (0.166) 0.148 0.771 0.234 0.132 0.155 0.148 
 148   (0.077) 0.075 0.008 0.081 0.023 0.074 0.150 
 152   (0.030) 0.024 0.005 0.002 0.008 0.033 0.003 

Locus 30 : 30 
6 alleles
0.0% missing data
 129   (0.497) 0.520 0.329 0.432 0.672 0.490 0.635 
 127   (0.083) 0.061 0.587 0.137 0.025 0.082 0.008 
 125   (0.264) 0.242 0.064 0.307 0.153 0.276 0.263 
 123   (0.102) 0.144 0.013 0.120 0.057 0.094 0.087 
 131   (0.038) 0.026 0.005 0.002 0.090 0.040 0.004 
 121   (0.016) 0.006 0.002 0.001 0.004 0.018 0.002 

Locus 31 : 31 
5 alleles
0.0% missing data
 157   (0.220) 0.230 0.242 0.327 0.253 0.210 0.064 
 155   (0.578) 0.515 0.654 0.445 0.501 0.606 0.588 
 159   (0.121) 0.154 0.015 0.222 0.157 0.111 0.013 
 151   (0.033) 0.014 0.052 0.002 0.009 0.032 0.330 
 153   (0.047) 0.089 0.038 0.003 0.081 0.040 0.005 

Locus 32 : 32 
4 alleles
0.0% missing data
 146   (0.337) 0.318 0.358 0.306 0.318 0.338 0.438 
 150   (0.539) 0.553 0.595 0.517 0.627 0.544 0.550 
 154   (0.058) 0.061 0.040 0.077 0.028 0.052 0.006 
 148   (0.066) 0.068 0.007 0.099 0.028 0.065 0.007 

Locus 33 : 33 
6 alleles
0.0% missing data
 192   (0.178) 0.192 0.021 0.156 0.313 0.172 0.124 
 196   (0.145) 0.141 0.018 0.107 0.150 0.155 0.015 
 180   (0.421) 0.441 0.758 0.438 0.408 0.414 0.727 
 184   (0.200) 0.180 0.195 0.272 0.113 0.207 0.049 
 190   (0.024) 0.009 0.002 0.026 0.006 0.025 0.002 
 198   (0.031) 0.037 0.005 0.002 0.010 0.028 0.082 

Locus 34 : 34 
7 alleles
0.0% missing data
 106   (0.316) 0.355 0.295 0.309 0.323 0.306 0.676 
 110   (0.214) 0.209 0.253 0.352 0.154 0.217 0.066 
 112   (0.255) 0.276 0.027 0.259 0.409 0.254 0.107 
 108   (0.140) 0.131 0.141 0.049 0.077 0.147 0.073 
  90   (0.040) 0.014 0.281 0.029 0.029 0.037 0.004 
  96   (0.012) 0.004 0.001 0.001 0.003 0.009 0.071 
  94   (0.024) 0.010 0.002 0.002 0.006 0.030 0.002 

Locus 35 : 35 
8 alleles
0.0% missing data
 172   (0.252) 0.256 0.027 0.109 0.508 0.246 0.375 
 176   (0.120) 0.095 0.013 0.254 0.044 0.131 0.013 
 170   (0.327) 0.230 0.527 0.517 0.206 0.332 0.581 
 166   (0.050) 0.053 0.006 0.039 0.056 0.044 0.005 
 174   (0.112) 0.179 0.012 0.071 0.088 0.107 0.011 
 168   (0.079) 0.121 0.410 0.006 0.027 0.082 0.008 
 178   (0.043) 0.038 0.004 0.003 0.065 0.044 0.004 
 186   (0.017) 0.029 0.002 0.001 0.006 0.013 0.002 

Locus 36 : 36 
6 alleles
0.0% missing data
  85   (0.215) 0.260 0.325 0.104 0.158 0.213 0.193 
  89   (0.513) 0.537 0.300 0.605 0.555 0.506 0.767 
  81   (0.055) 0.035 0.007 0.132 0.029 0.055 0.006 
  95   (0.063) 0.034 0.007 0.091 0.078 0.065 0.007 
  83   (0.138) 0.129 0.021 0.068 0.177 0.147 0.025 
  91   (0.016) 0.005 0.339 0.001 0.004 0.014 0.002 

Locus 37 : 37 
7 alleles
0.0% missing data
 161   (0.346) 0.413 0.080 0.354 0.269 0.344 0.401 
 165   (0.229) 0.216 0.076 0.201 0.198 0.239 0.068 
 173   (0.296) 0.218 0.419 0.436 0.378 0.293 0.515 
 169   (0.079) 0.105 0.044 0.006 0.071 0.085 0.011 
 168   (0.012) 0.004 0.375 0.001 0.003 0.009 0.001 
 167   (0.026) 0.040 0.004 0.002 0.040 0.021 0.003 
 175   (0.012) 0.004 0.001 0.001 0.041 0.009 0.001 

Locus 38 : 38 
6 alleles
0.0% missing data
  85   (0.241) 0.192 0.155 0.254 0.271 0.241 0.271 
  89   (0.359) 0.480 0.039 0.229 0.413 0.373 0.069 
  91   (0.173) 0.116 0.044 0.285 0.215 0.172 0.303 
  93   (0.017) 0.006 0.002 0.021 0.015 0.013 0.002 
  87   (0.118) 0.119 0.750 0.071 0.037 0.114 0.204 
  81   (0.092) 0.087 0.011 0.140 0.050 0.087 0.152 

Locus 39 : 39 
3 alleles
0.0% missing data
 167   (0.791) 0.815 0.805 0.953 0.865 0.776 0.894 
 161   (0.180) 0.167 0.191 0.045 0.127 0.188 0.103 
 165   (0.029) 0.018 0.004 0.002 0.008 0.036 0.003 

Locus 40 : 40 
6 alleles
0.5% missing data
 228   (0.386) 0.345 0.481 0.323 0.536 0.391 0.191 
 240   (0.150) 0.188 0.068 0.038 0.119 0.147 0.151 
 236   (0.072) 0.032 0.152 0.112 0.019 0.070 0.608 
 238   (0.352) 0.417 0.172 0.402 0.316 0.357 0.047 
 224   (0.023) 0.011 0.002 0.125 0.007 0.020 0.002 
 242   (0.017) 0.006 0.125 0.001 0.004 0.015 0.002 

Locus 41 : 41 
9 alleles
0.5% missing data
 130   (0.504) 0.486 0.093 0.465 0.465 0.540 0.397 
 114   (0.091) 0.098 0.510 0.155 0.029 0.088 0.009 
 132   (0.104) 0.115 0.010 0.183 0.060 0.096 0.302 
 120   (0.011) 0.004 0.001 0.006 0.003 0.009 0.001 
 128   (0.064) 0.054 0.007 0.042 0.253 0.057 0.013 
 118   (0.065) 0.068 0.070 0.011 0.038 0.058 0.259 
 134   (0.139) 0.161 0.306 0.131 0.146 0.133 0.015 
 119   (0.011) 0.004 0.001 0.005 0.003 0.009 0.002 
 122   (0.011) 0.011 0.001 0.001 0.003 0.009 0.001 

Locus 42 : 42 
8 alleles
0.0% missing data
 104   (0.388) 0.413 0.083 0.294 0.528 0.396 0.312 
  94   (0.014) 0.006 0.002 0.009 0.010 0.011 0.002 
 102   (0.237) 0.303 0.270 0.415 0.295 0.216 0.537 
 100   (0.020) 0.007 0.003 0.007 0.022 0.016 0.018 
  96   (0.057) 0.042 0.164 0.053 0.022 0.056 0.006 
  98   (0.139) 0.123 0.278 0.117 0.041 0.147 0.110 
  92   (0.133) 0.099 0.199 0.105 0.079 0.148 0.014 
 106   (0.011) 0.008 0.001 0.001 0.003 0.011 0.001 

Locus 43 : 43 
5 alleles
0.0% missing data
  95   (0.230) 0.264 0.052 0.226 0.217 0.222 0.419 
 101   (0.334) 0.304 0.032 0.404 0.509 0.340 0.173 
 103   (0.312) 0.349 0.221 0.311 0.230 0.309 0.383 
  97   (0.035) 0.019 0.355 0.005 0.019 0.031 0.016 
  99   (0.089) 0.064 0.339 0.055 0.025 0.097 0.009 

Locus 44 : 44 
8 alleles
0.0% missing data
 191   (0.276) 0.300 0.117 0.429 0.264 0.276 0.049 
 181   (0.577) 0.575 0.542 0.535 0.620 0.587 0.910 
 177   (0.054) 0.051 0.005 0.026 0.086 0.049 0.007 
 187   (0.011) 0.005 0.001 0.005 0.003 0.009 0.001 
 179   (0.029) 0.042 0.328 0.002 0.009 0.024 0.003 
 189   (0.022) 0.011 0.002 0.001 0.008 0.021 0.026 
 193   (0.016) 0.006 0.002 0.001 0.004 0.018 0.002 
 183   (0.016) 0.011 0.002 0.001 0.007 0.015 0.002 

Locus 45 : 45 
6 alleles
1.0% missing data
 205   (0.477) 0.503 0.325 0.439 0.595 0.485 0.285 
 211   (0.199) 0.211 0.162 0.290 0.147 0.192 0.167 
 201   (0.045) 0.058 0.449 0.045 0.015 0.037 0.005 
 207   (0.195) 0.161 0.056 0.094 0.209 0.206 0.432 
 215   (0.073) 0.057 0.008 0.131 0.027 0.071 0.109 
 202   (0.012) 0.009 0.001 0.001 0.005 0.009 0.001 

Locus 46 : 46 
10 alleles
0.0% missing data
 142   (0.274) 0.325 0.032 0.342 0.378 0.271 0.295 
 166   (0.157) 0.136 0.135 0.087 0.233 0.157 0.266 
 162   (0.064) 0.043 0.355 0.150 0.025 0.062 0.007 
 164   (0.061) 0.053 0.056 0.051 0.038 0.058 0.007 
 158   (0.178) 0.173 0.146 0.235 0.127 0.178 0.254 
 168   (0.159) 0.129 0.123 0.121 0.120 0.172 0.130 
 156   (0.036) 0.044 0.146 0.009 0.012 0.032 0.004 
 160   (0.011) 0.004 0.001 0.001 0.003 0.008 0.023 
 144   (0.037) 0.085 0.004 0.002 0.057 0.032 0.008 
 170   (0.024) 0.010 0.003 0.002 0.007 0.029 0.005 

Locus 47 : 47 
6 alleles
0.0% missing data
 145   (0.238) 0.224 0.355 0.350 0.286 0.220 0.655 
 153   (0.199) 0.289 0.022 0.165 0.128 0.197 0.092 
 149   (0.318) 0.303 0.473 0.129 0.402 0.326 0.219 
 151   (0.213) 0.170 0.146 0.353 0.175 0.220 0.030 
 143   (0.020) 0.009 0.002 0.001 0.005 0.025 0.002 
 147   (0.012) 0.005 0.001 0.001 0.003 0.012 0.001 

Values of parameters used in structure:
DATAFILE=c1.str,	OUTFILE=k6/c1_k6_run2,	NUMINDS=202,	NUMLOCI=47,	MISSING=-9,	LABEL=1,	POPDATA=1,	POPFLAG=0,	PHENOTYPE=0,	EXTRACOLS=0,	MAXPOPS=6,	BURNIN=500000,	NUMREPS=750000,	USEPOPINFO=0,	INFERALPHA=1,	INFERLAMBDA=0,	POPSPECIFICLAMBDA=0,	POPALPHAS=0,	COMPUTEPROB=1,	NOADMIX=0,	ADMBURNIN=500,	UPDATEFREQ=100,	PRINTLIKES=0,	INTERMEDSAVE=0,	PRINTKLD=0,	PRINTNET=1,	PRINTLAMBDA=1,	ANCESTDIST=0,	NUMBOXES=1000,	ANCESTPINT=0.90000,	GENSBACK=2,	MIGRPRIOR=0.01000,	PRINTQHAT=0,	PRINTQSUM=1,	ALPHA=1.0000,	FREQSCORR=1,	FPRIORMEAN=0.0100,	FPRIORSD=0.0500,	ONEFST=0,	LAMBDA=1.0000,	UNIFPRIORALPHA=1,	ALPHAMAX=10.0000,	ALPHAPRIORA=1.0000,	ALPHAPRIORB=2.0000,	ALPHAPROPSD=0.0250,	STARTATPOPINFO=0,	RANDOMIZE=0,	LINKAGE=0,	METROFREQ=10,	REPORTHITRATE=0,	MARKOVPHASE=0,	PHASED=1,	PLOIDY=2,	PHASEINFO=0	LOCPRIOR=0, 	LOCPRIORINIT=1.000000, 	LOCDATA=0, 	LOCISPOP=1, 	LOCPRIORSTEP=0.100000, 	MAXLOCPRIOR=20.000000, 	SEED=819611,	
[STRAT parameters]:    NUMSIMSTATS=1000,	PHENOTYPECOL=-9,	POOLFREQ=10,	LOCUSxONLY=0,	EMERROR=0.00100,	MISSINGPHENO=-9,	