

----------------------------------------------------
STRUCTURE by Pritchard, Stephens and Donnelly (2000)
     and Falush, Stephens and Pritchard (2003)
       Code by Pritchard, Falush and Hubisz
             Version 2.3.4 (Jul 2012)
----------------------------------------------------



Command line arguments:   structure -D 249368 -K 3 -m mainparams -o k3/c1_k3_run8 
Input File:    c1.str

Run parameters:
   202 individuals
   47 loci
   3 populations assumed
   500000 Burn-in period
   750000 Reps
RANDOMIZE turned off


--------------------------------------------
Proportion of membership of each pre-defined
 population in each of the 3 clusters

Given    Inferred Clusters       Number of
 Pop       1      2      3      Individuals

  1:     0.006  0.033  0.961       81
  2:     0.005  0.986  0.008       19
  3:     0.989  0.007  0.005       10
  4:     0.034  0.906  0.061       10
  5:     0.020  0.869  0.111       23
  6:     0.017  0.800  0.183       11
  7:     0.006  0.963  0.030       18
  8:     0.041  0.873  0.087       25
  9:     0.003  0.987  0.010        5
--------------------------------------------

Allele-freq. divergence among pops (Net nucleotide distance),
computed using point estimates of P.

      1       2       3      
 1      -    0.0954  0.1091  
 2   0.0954     -    0.0174  
 3   0.1091  0.0174     -    

Average distances (expected heterozygosity) between individuals in same cluster:
cluster  1  : 0.5565 
cluster  2  : 0.6377 
cluster  3  : 0.6031 

--------------------------------------------
Estimated Ln Prob of Data   = -22806.1
Mean value of ln likelihood = -22598.3
Variance of ln likelihood   = 415.6
Mean value of alpha         = 0.0385

Mean value of Fst_1         = 0.2750
Mean value of Fst_2         = 0.0105
Mean value of Fst_3         = 0.0857


Inferred ancestry of individuals:
        Label (%Miss) Pop:  Inferred clusters
  1      122    (0)    1 :  0.001 0.133 0.866 
  2      123    (0)    1 :  0.007 0.010 0.984 
  3      124    (0)    1 :  0.011 0.009 0.980 
  4      125    (0)    1 :  0.002 0.005 0.993 
  5      126    (0)    1 :  0.002 0.013 0.985 
  6      128    (0)    1 :  0.004 0.020 0.976 
  7      129    (0)    1 :  0.002 0.066 0.931 
  8      130    (0)    1 :  0.002 0.008 0.991 
  9      131    (0)    1 :  0.003 0.005 0.992 
 10      132    (0)    1 :  0.007 0.005 0.988 
 11      133    (0)    1 :  0.002 0.430 0.569 
 12      134    (0)    1 :  0.014 0.012 0.974 
 13      135    (0)    1 :  0.002 0.015 0.982 
 14      136    (0)    1 :  0.007 0.012 0.981 
 15      139    (0)    1 :  0.004 0.015 0.981 
 16      140    (0)    1 :  0.003 0.037 0.960 
 17      141    (0)    1 :  0.005 0.015 0.980 
 18      142    (0)    1 :  0.002 0.005 0.993 
 19      143    (0)    1 :  0.008 0.011 0.980 
 20      144    (0)    1 :  0.003 0.014 0.983 
 21      145    (0)    1 :  0.037 0.018 0.945 
 22      148    (0)    1 :  0.003 0.039 0.958 
 23      556    (0)    1 :  0.002 0.009 0.989 
 24      557    (0)    1 :  0.019 0.006 0.976 
 25      558    (0)    1 :  0.008 0.007 0.985 
 26      559    (0)    1 :  0.002 0.014 0.984 
 27      560    (0)    1 :  0.002 0.009 0.989 
 28      561    (0)    1 :  0.001 0.003 0.995 
 29      562    (0)    1 :  0.005 0.015 0.980 
 30      563    (0)    1 :  0.009 0.055 0.936 
 31      564    (0)    1 :  0.002 0.084 0.914 
 32      565    (0)    1 :  0.002 0.004 0.994 
 33      566    (0)    1 :  0.002 0.010 0.988 
 34      567    (0)    1 :  0.004 0.011 0.985 
 35      568    (0)    1 :  0.003 0.012 0.985 
 36      569    (0)    1 :  0.010 0.006 0.984 
 37      570    (0)    1 :  0.001 0.004 0.995 
 38      613    (0)    1 :  0.003 0.005 0.993 
 39      614    (0)    1 :  0.002 0.009 0.989 
 40      615    (0)    1 :  0.005 0.012 0.984 
 41      616    (0)    1 :  0.002 0.015 0.983 
 42      617    (0)    1 :  0.004 0.013 0.982 
 43      618    (0)    1 :  0.004 0.020 0.976 
 44      619    (0)    1 :  0.140 0.848 0.012 
 45      620    (0)    1 :  0.004 0.006 0.989 
 46      621    (0)    1 :  0.002 0.007 0.991 
 47      622    (0)    1 :  0.003 0.004 0.992 
 48      623    (0)    1 :  0.002 0.004 0.994 
 49      624    (0)    1 :  0.003 0.014 0.983 
 50      625    (0)    1 :  0.002 0.015 0.983 
 51      626    (0)    1 :  0.004 0.006 0.990 
 52      627    (0)    1 :  0.004 0.032 0.964 
 53      628    (0)    1 :  0.005 0.007 0.989 
 54      629    (0)    1 :  0.002 0.010 0.988 
 55      630    (0)    1 :  0.005 0.004 0.991 
 56      631    (0)    1 :  0.005 0.007 0.989 
 57      632    (0)    1 :  0.006 0.025 0.969 
 58      633    (0)    1 :  0.008 0.065 0.928 
 59      634    (0)    1 :  0.015 0.014 0.971 
 60      635    (0)    1 :  0.004 0.006 0.991 
 61      636    (0)    1 :  0.004 0.004 0.992 
 62      637    (0)    1 :  0.002 0.161 0.837 
 63      638    (0)    1 :  0.002 0.021 0.977 
 64      639    (0)    1 :  0.003 0.077 0.920 
 65      640    (0)    1 :  0.001 0.006 0.992 
 66      689    (0)    1 :  0.002 0.006 0.993 
 67      690    (0)    1 :  0.020 0.010 0.970 
 68      691    (0)    1 :  0.002 0.005 0.993 
 69      692    (0)    1 :  0.007 0.014 0.978 
 70      693    (0)    1 :  0.002 0.005 0.993 
 71      694    (0)    1 :  0.003 0.005 0.992 
 72      695    (0)    1 :  0.001 0.003 0.995 
 73      696    (0)    1 :  0.003 0.004 0.993 
 74      697    (0)    1 :  0.003 0.005 0.992 
 75      698    (0)    1 :  0.003 0.011 0.986 
 76      699    (0)    1 :  0.001 0.004 0.995 
 77      700    (0)    1 :  0.006 0.007 0.987 
 78      701    (2)    1 :  0.003 0.013 0.984 
 79      702    (0)    1 :  0.007 0.009 0.983 
 80      703    (0)    1 :  0.004 0.005 0.991 
 81      704    (0)    1 :  0.002 0.011 0.988 
 82      007    (0)    2 :  0.029 0.960 0.010 
 83      012    (0)    2 :  0.005 0.986 0.009 
 84      020    (0)    2 :  0.004 0.990 0.005 
 85      021    (0)    2 :  0.002 0.993 0.005 
 86      022    (0)    2 :  0.007 0.990 0.003 
 87      034    (0)    2 :  0.006 0.958 0.035 
 88      049    (0)    2 :  0.006 0.988 0.006 
 89      062    (0)    2 :  0.001 0.995 0.004 
 90      089    (0)    2 :  0.003 0.989 0.008 
 91      092    (0)    2 :  0.003 0.990 0.007 
 92      100    (0)    2 :  0.003 0.976 0.020 
 93      105    (0)    2 :  0.003 0.992 0.005 
 94      205    (0)    2 :  0.003 0.994 0.003 
 95      206    (0)    2 :  0.003 0.986 0.011 
 96      207    (0)    2 :  0.003 0.993 0.004 
 97      208    (0)    2 :  0.004 0.993 0.004 
 98      209    (0)    2 :  0.003 0.995 0.003 
 99      377    (0)    2 :  0.004 0.986 0.010 
100      881    (0)    2 :  0.005 0.989 0.006 
101      003    (0)    3 :  0.989 0.007 0.004 
102      108    (0)    3 :  0.996 0.002 0.002 
103      194    (0)    3 :  0.980 0.014 0.007 
104      232    (0)    3 :  0.992 0.004 0.003 
105      321    (0)    3 :  0.995 0.003 0.002 
106      322    (0)    3 :  0.996 0.002 0.002 
107      329    (0)    3 :  0.996 0.002 0.002 
108      330    (0)    3 :  0.996 0.002 0.002 
109      342    (0)    3 :  0.981 0.012 0.007 
110      347    (0)    3 :  0.966 0.019 0.015 
111      801    (0)    4 :  0.004 0.861 0.135 
112      815    (0)    4 :  0.004 0.956 0.039 
113      816    (0)    4 :  0.002 0.774 0.225 
114      817    (0)    4 :  0.015 0.977 0.008 
115      818    (0)    4 :  0.002 0.897 0.100 
116      819    (0)    4 :  0.005 0.981 0.014 
117      820    (2)    4 :  0.001 0.986 0.013 
118      821    (0)    4 :  0.002 0.990 0.008 
119      822    (0)    4 :  0.279 0.705 0.017 
120      853    (0)    4 :  0.022 0.930 0.048 
121      797    (0)    5 :  0.002 0.981 0.017 
122      798    (0)    5 :  0.002 0.992 0.006 
123      799    (0)    5 :  0.005 0.984 0.011 
124      800    (0)    5 :  0.005 0.816 0.180 
125      823    (0)    5 :  0.012 0.981 0.007 
126      824    (0)    5 :  0.015 0.973 0.012 
127      825    (0)    5 :  0.003 0.973 0.024 
128      826    (0)    5 :  0.035 0.092 0.873 
129      827    (0)    5 :  0.002 0.979 0.019 
130      836    (0)    5 :  0.002 0.971 0.028 
131      837    (0)    5 :  0.118 0.670 0.213 
132      838    (0)    5 :  0.003 0.367 0.630 
133      839    (0)    5 :  0.004 0.916 0.080 
134      840    (0)    5 :  0.002 0.980 0.019 
135      841    (0)    5 :  0.003 0.981 0.016 
136      842    (0)    5 :  0.002 0.970 0.028 
137      843    (0)    5 :  0.002 0.958 0.040 
138      845    (0)    5 :  0.003 0.987 0.011 
139      846    (0)    5 :  0.005 0.974 0.021 
140      847    (2)    5 :  0.202 0.772 0.026 
141      848    (0)    5 :  0.014 0.849 0.137 
142      849    (0)    5 :  0.021 0.865 0.115 
143      855    (0)    5 :  0.009 0.961 0.030 
144      793    (0)    6 :  0.025 0.286 0.689 
145      794    (0)    6 :  0.009 0.977 0.014 
146      828    (0)    6 :  0.012 0.860 0.128 
147      829    (4)    6 :  0.002 0.637 0.361 
148      830    (0)    6 :  0.004 0.933 0.062 
149      831    (2)    6 :  0.030 0.957 0.013 
150      832    (0)    6 :  0.004 0.855 0.141 
151      833    (2)    6 :  0.019 0.765 0.216 
152      835    (0)    6 :  0.080 0.688 0.232 
153      870    (0)    6 :  0.002 0.864 0.134 
154      871    (0)    6 :  0.002 0.977 0.021 
155      451    (0)    7 :  0.010 0.977 0.013 
156      452    (4)    7 :  0.002 0.986 0.012 
157      453    (4)    7 :  0.003 0.988 0.009 
158      454    (2)    7 :  0.012 0.941 0.047 
159      455    (4)    7 :  0.002 0.974 0.024 
160      795    (0)    7 :  0.002 0.894 0.105 
161      796    (0)    7 :  0.003 0.992 0.005 
162      802    (0)    7 :  0.001 0.987 0.012 
163      804    (0)    7 :  0.002 0.926 0.072 
164      805    (0)    7 :  0.003 0.968 0.029 
165      851    (0)    7 :  0.011 0.914 0.075 
166      852    (0)    7 :  0.002 0.965 0.033 
167      854    (0)    7 :  0.002 0.978 0.020 
168      858    (0)    7 :  0.003 0.979 0.018 
169      859    (0)    7 :  0.002 0.972 0.026 
170      860    (0)    7 :  0.052 0.939 0.009 
171      862    (0)    7 :  0.002 0.981 0.017 
172      863    (0)    7 :  0.001 0.980 0.018 
173      450    (0)    8 :  0.003 0.982 0.015 
174      791    (0)    8 :  0.004 0.970 0.027 
175      792    (0)    8 :  0.221 0.754 0.025 
176      803    (0)    8 :  0.318 0.398 0.284 
177      806    (0)    8 :  0.009 0.868 0.123 
178      807    (0)    8 :  0.002 0.984 0.014 
179      808    (0)    8 :  0.004 0.947 0.049 
180      809    (0)    8 :  0.073 0.194 0.734 
181      810    (0)    8 :  0.067 0.916 0.017 
182      811    (0)    8 :  0.007 0.983 0.010 
183      812    (0)    8 :  0.003 0.912 0.085 
184      813    (0)    8 :  0.004 0.956 0.040 
185      814    (0)    8 :  0.007 0.978 0.015 
186      834    (0)    8 :  0.005 0.981 0.014 
187      844    (0)    8 :  0.003 0.981 0.016 
188      850    (0)    8 :  0.024 0.960 0.015 
189      856    (0)    8 :  0.005 0.985 0.010 
190      857    (0)    8 :  0.024 0.950 0.026 
191      861    (0)    8 :  0.004 0.932 0.065 
192      864    (0)    8 :  0.006 0.988 0.005 
193      865    (0)    8 :  0.003 0.895 0.102 
194      866    (0)    8 :  0.031 0.661 0.308 
195      867    (0)    8 :  0.033 0.818 0.149 
196      868    (0)    8 :  0.054 0.930 0.016 
197      869    (0)    8 :  0.099 0.891 0.010 
198      004    (0)    9 :  0.002 0.987 0.011 
199      008    (0)    9 :  0.002 0.981 0.018 
200      013    (0)    9 :  0.006 0.983 0.011 
201      109    (0)    9 :  0.002 0.994 0.004 
202      348    (0)    9 :  0.002 0.991 0.007 


Estimated Allele Frequencies in each cluster
First column gives estimated ancestral frequencies


Locus 1 : 1 
4 alleles
0.0% missing data
  89   (0.493) 0.112 0.524 0.446 
  93   (0.123) 0.054 0.124 0.046 
  91   (0.358) 0.542 0.337 0.506 
  99   (0.026) 0.293 0.016 0.002 

Locus 2 : 2 
6 alleles
0.0% missing data
 134   (0.274) 0.034 0.283 0.296 
 136   (0.376) 0.078 0.378 0.512 
 142   (0.034) 0.005 0.020 0.069 
 138   (0.223) 0.871 0.220 0.112 
 140   (0.066) 0.009 0.074 0.008 
 132   (0.027) 0.004 0.025 0.002 

Locus 3 : 3 
6 alleles
0.0% missing data
 179   (0.259) 0.031 0.252 0.470 
 181   (0.164) 0.167 0.140 0.288 
 187   (0.342) 0.766 0.352 0.180 
 175   (0.069) 0.009 0.064 0.031 
 185   (0.112) 0.021 0.125 0.027 
 191   (0.055) 0.006 0.067 0.003 

Locus 4 : 4 
10 alleles
0.0% missing data
 253   (0.418) 0.383 0.424 0.610 
 269   (0.196) 0.323 0.193 0.187 
 241   (0.162) 0.079 0.159 0.182 
 271   (0.048) 0.017 0.046 0.010 
 247   (0.090) 0.010 0.127 0.006 
 239   (0.019) 0.079 0.009 0.001 
 249   (0.025) 0.103 0.015 0.002 
 273   (0.016) 0.004 0.012 0.001 
 265   (0.013) 0.001 0.007 0.001 
 245   (0.013) 0.001 0.007 0.001 

Locus 5 : 5 
4 alleles
1.5% missing data
 103   (0.888) 0.986 0.914 0.845 
 104   (0.027) 0.003 0.015 0.018 
 105   (0.056) 0.009 0.041 0.135 
 102   (0.030) 0.003 0.030 0.002 

Locus 6 : 6 
5 alleles
0.0% missing data
 135   (0.296) 0.797 0.292 0.232 
 145   (0.365) 0.164 0.377 0.336 
 141   (0.258) 0.029 0.262 0.379 
 147   (0.058) 0.006 0.049 0.051 
 137   (0.023) 0.004 0.020 0.001 

Locus 7 : 7 
10 alleles
0.5% missing data
  97   (0.186) 0.187 0.202 0.094 
 103   (0.340) 0.043 0.368 0.560 
  89   (0.070) 0.008 0.069 0.041 
  93   (0.198) 0.338 0.201 0.174 
  85   (0.039) 0.006 0.027 0.065 
  83   (0.062) 0.007 0.062 0.027 
  91   (0.059) 0.286 0.044 0.035 
 105   (0.017) 0.122 0.008 0.001 
  99   (0.016) 0.002 0.012 0.001 
 101   (0.013) 0.001 0.007 0.002 

Locus 8 : 8 
9 alleles
0.0% missing data
 141   (0.061) 0.007 0.051 0.093 
 143   (0.246) 0.359 0.236 0.375 
 129   (0.567) 0.389 0.618 0.518 
 149   (0.042) 0.005 0.049 0.003 
 145   (0.018) 0.003 0.009 0.007 
 127   (0.022) 0.048 0.013 0.002 
 131   (0.013) 0.150 0.004 0.001 
 128   (0.013) 0.038 0.004 0.001 
 133   (0.019) 0.002 0.016 0.001 

Locus 9 : 9 
4 alleles
0.0% missing data
 191   (0.361) 0.358 0.351 0.452 
 195   (0.189) 0.139 0.169 0.333 
 189   (0.437) 0.501 0.473 0.214 
 193   (0.013) 0.002 0.007 0.001 

Locus 10 : 10 
6 alleles
0.0% missing data
 238   (0.505) 0.338 0.524 0.597 
 252   (0.113) 0.013 0.107 0.179 
 232   (0.220) 0.190 0.226 0.156 
 254   (0.101) 0.452 0.088 0.059 
 250   (0.039) 0.005 0.035 0.008 
 248   (0.023) 0.002 0.020 0.001 

Locus 11 : 11 
5 alleles
0.0% missing data
  87   (0.716) 0.799 0.732 0.758 
  89   (0.218) 0.194 0.208 0.238 
  91   (0.040) 0.005 0.046 0.002 
  83   (0.013) 0.001 0.007 0.001 
  85   (0.013) 0.001 0.007 0.001 

Locus 12 : 12 
12 alleles
0.0% missing data
 158   (0.165) 0.018 0.168 0.268 
 161   (0.070) 0.007 0.058 0.186 
 160   (0.312) 0.484 0.363 0.096 
 162   (0.264) 0.196 0.266 0.311 
 147   (0.042) 0.004 0.029 0.114 
 143   (0.024) 0.276 0.009 0.016 
 165   (0.013) 0.003 0.007 0.001 
 170   (0.039) 0.004 0.045 0.003 
 154   (0.019) 0.002 0.016 0.001 
 134   (0.013) 0.001 0.007 0.001 
 159   (0.016) 0.002 0.012 0.001 
 149   (0.023) 0.004 0.020 0.001 

Locus 13 : 13 
4 alleles
0.0% missing data
 113   (0.355) 0.461 0.351 0.371 
 115   (0.476) 0.143 0.503 0.463 
 108   (0.156) 0.395 0.138 0.165 
 110   (0.013) 0.001 0.007 0.001 

Locus 14 : 14 
9 alleles
0.0% missing data
 229   (0.406) 0.084 0.462 0.334 
 231   (0.203) 0.415 0.183 0.422 
 227   (0.154) 0.298 0.147 0.149 
 225   (0.138) 0.068 0.146 0.066 
 233   (0.049) 0.128 0.034 0.024 
 223   (0.013) 0.003 0.007 0.001 
 203   (0.013) 0.001 0.006 0.003 
 213   (0.013) 0.001 0.007 0.001 
 221   (0.013) 0.001 0.007 0.001 

Locus 15 : 15 
5 alleles
0.5% missing data
 143   (0.886) 0.733 0.917 0.917 
 145   (0.051) 0.261 0.030 0.079 
 147   (0.026) 0.003 0.025 0.002 
 133   (0.023) 0.002 0.021 0.001 
 157   (0.013) 0.001 0.007 0.001 

Locus 16 : 16 
5 alleles
0.0% missing data
 156   (0.287) 0.456 0.280 0.332 
 158   (0.498) 0.437 0.523 0.470 
 160   (0.127) 0.014 0.128 0.136 
 154   (0.076) 0.093 0.061 0.061 
 152   (0.013) 0.001 0.007 0.001 

Locus 17 : 17 
5 alleles
0.0% missing data
  90   (0.660) 0.535 0.659 0.814 
 102   (0.196) 0.022 0.205 0.162 
 100   (0.082) 0.436 0.084 0.008 
  88   (0.049) 0.005 0.045 0.014 
 104   (0.013) 0.001 0.007 0.001 

Locus 18 : 18 
7 alleles
0.0% missing data
 140   (0.262) 0.485 0.240 0.413 
 150   (0.106) 0.015 0.121 0.025 
 127   (0.276) 0.453 0.260 0.372 
 138   (0.071) 0.008 0.065 0.060 
 148   (0.109) 0.013 0.116 0.045 
 146   (0.092) 0.018 0.087 0.078 
 142   (0.084) 0.009 0.112 0.006 

Locus 19 : 19 
6 alleles
0.0% missing data
 190   (0.113) 0.017 0.101 0.231 
 194   (0.562) 0.671 0.570 0.641 
 200   (0.121) 0.212 0.115 0.058 
 188   (0.139) 0.016 0.154 0.066 
 202   (0.053) 0.082 0.052 0.003 
 198   (0.013) 0.001 0.007 0.001 

Locus 20 : 20 
6 alleles
0.0% missing data
 246   (0.161) 0.058 0.149 0.241 
 250   (0.073) 0.741 0.056 0.036 
 252   (0.638) 0.149 0.690 0.640 
 254   (0.078) 0.011 0.071 0.075 
 244   (0.027) 0.004 0.019 0.007 
 248   (0.023) 0.037 0.014 0.001 

Locus 21 : 21 
9 alleles
0.0% missing data
 167   (0.250) 0.077 0.267 0.231 
 177   (0.185) 0.543 0.185 0.121 
 171   (0.014) 0.001 0.005 0.011 
 175   (0.127) 0.161 0.109 0.255 
 173   (0.271) 0.195 0.290 0.205 
 165   (0.056) 0.010 0.042 0.165 
 163   (0.073) 0.008 0.089 0.009 
 159   (0.013) 0.003 0.007 0.001 
 161   (0.013) 0.001 0.007 0.001 

Locus 22 : 22 
10 alleles
0.5% missing data
 146   (0.200) 0.166 0.200 0.285 
 152   (0.415) 0.276 0.454 0.465 
 158   (0.099) 0.012 0.106 0.069 
 166   (0.070) 0.154 0.053 0.095 
 164   (0.040) 0.005 0.030 0.044 
 162   (0.047) 0.008 0.045 0.013 
 150   (0.048) 0.048 0.035 0.023 
 156   (0.037) 0.005 0.045 0.002 
 148   (0.025) 0.324 0.016 0.002 
 142   (0.019) 0.002 0.016 0.001 

Locus 23 : 23 
6 alleles
0.5% missing data
 154   (0.490) 0.288 0.497 0.641 
 156   (0.122) 0.019 0.119 0.132 
 160   (0.116) 0.014 0.125 0.052 
 144   (0.243) 0.674 0.240 0.174 
 152   (0.013) 0.001 0.007 0.001 
 158   (0.017) 0.004 0.012 0.001 

Locus 24 : 24 
4 alleles
0.5% missing data
  81   (0.326) 0.376 0.332 0.275 
  83   (0.543) 0.608 0.553 0.598 
  77   (0.083) 0.009 0.080 0.058 
  85   (0.047) 0.007 0.035 0.068 

Locus 25 : 25 
6 alleles
0.5% missing data
 124   (0.495) 0.392 0.503 0.589 
 132   (0.341) 0.222 0.355 0.285 
 122   (0.100) 0.019 0.093 0.122 
 120   (0.018) 0.362 0.008 0.001 
 126   (0.029) 0.005 0.029 0.002 
 136   (0.017) 0.002 0.012 0.001 

Locus 26 : 26 
6 alleles
0.0% missing data
 165   (0.230) 0.355 0.210 0.347 
 175   (0.245) 0.025 0.254 0.304 
 183   (0.389) 0.198 0.411 0.311 
 181   (0.053) 0.005 0.046 0.032 
 179   (0.070) 0.415 0.071 0.006 
 185   (0.013) 0.001 0.007 0.001 

Locus 27 : 27 
4 alleles
0.0% missing data
 138   (0.057) 0.008 0.054 0.021 
 142   (0.574) 0.488 0.589 0.597 
 150   (0.147) 0.016 0.155 0.103 
 148   (0.222) 0.488 0.203 0.279 

Locus 28 : 28 
5 alleles
0.0% missing data
 260   (0.417) 0.185 0.440 0.351 
 262   (0.470) 0.803 0.460 0.590 
 256   (0.073) 0.007 0.068 0.056 
 258   (0.020) 0.002 0.016 0.001 
 264   (0.020) 0.002 0.016 0.001 

Locus 29 : 29 
5 alleles
0.5% missing data
 150   (0.458) 0.199 0.473 0.466 
 146   (0.263) 0.031 0.281 0.232 
 140   (0.168) 0.754 0.144 0.221 
 148   (0.085) 0.010 0.078 0.079 
 152   (0.026) 0.006 0.025 0.002 

Locus 30 : 30 
6 alleles
0.0% missing data
 129   (0.519) 0.336 0.549 0.454 
 127   (0.076) 0.567 0.053 0.127 
 125   (0.245) 0.075 0.245 0.298 
 123   (0.106) 0.014 0.101 0.118 
 131   (0.037) 0.006 0.041 0.002 
 121   (0.017) 0.002 0.012 0.001 

Locus 31 : 31 
5 alleles
0.0% missing data
 157   (0.211) 0.232 0.192 0.319 
 155   (0.544) 0.654 0.563 0.448 
 159   (0.118) 0.016 0.107 0.225 
 151   (0.069) 0.053 0.077 0.004 
 153   (0.058) 0.044 0.061 0.004 

Locus 32 : 32 
4 alleles
0.0% missing data
 146   (0.339) 0.363 0.347 0.306 
 150   (0.537) 0.585 0.556 0.530 
 154   (0.061) 0.045 0.045 0.071 
 148   (0.063) 0.008 0.052 0.092 

Locus 33 : 33 
6 alleles
0.0% missing data
 192   (0.176) 0.021 0.184 0.174 
 196   (0.123) 0.017 0.123 0.119 
 180   (0.470) 0.758 0.486 0.423 
 184   (0.172) 0.196 0.156 0.257 
 190   (0.025) 0.003 0.014 0.024 
 198   (0.034) 0.005 0.037 0.002 

Locus 34 : 34 
7 alleles
0.0% missing data
 106   (0.366) 0.302 0.387 0.314 
 110   (0.193) 0.251 0.176 0.333 
 112   (0.238) 0.026 0.255 0.274 
 108   (0.124) 0.135 0.126 0.048 
  90   (0.037) 0.281 0.020 0.028 
  96   (0.019) 0.002 0.016 0.001 
  94   (0.023) 0.002 0.020 0.001 

Locus 35 : 35 
8 alleles
0.0% missing data
 172   (0.276) 0.030 0.318 0.131 
 176   (0.097) 0.012 0.083 0.242 
 170   (0.329) 0.525 0.308 0.505 
 166   (0.051) 0.006 0.042 0.037 
 174   (0.113) 0.013 0.115 0.073 
 168   (0.076) 0.409 0.077 0.008 
 178   (0.038) 0.004 0.041 0.003 
 186   (0.020) 0.002 0.016 0.001 

Locus 36 : 36 
6 alleles
0.0% missing data
  85   (0.205) 0.325 0.208 0.123 
  89   (0.546) 0.307 0.572 0.593 
  81   (0.052) 0.007 0.038 0.119 
  95   (0.060) 0.008 0.049 0.084 
  83   (0.121) 0.022 0.125 0.080 
  91   (0.016) 0.330 0.006 0.001 

Locus 37 : 37 
7 alleles
0.0% missing data
 161   (0.342) 0.093 0.360 0.358 
 165   (0.193) 0.081 0.189 0.209 
 173   (0.330) 0.420 0.323 0.421 
 169   (0.076) 0.047 0.084 0.008 
 168   (0.013) 0.352 0.004 0.001 
 167   (0.029) 0.005 0.028 0.002 
 175   (0.017) 0.002 0.012 0.001 

Locus 38 : 38 
6 alleles
0.0% missing data
  85   (0.233) 0.160 0.228 0.258 
  89   (0.335) 0.038 0.377 0.244 
  91   (0.192) 0.055 0.185 0.271 
  93   (0.015) 0.001 0.005 0.023 
  87   (0.130) 0.735 0.119 0.068 
  81   (0.095) 0.012 0.086 0.136 

Locus 39 : 39 
3 alleles
0.0% missing data
 167   (0.815) 0.800 0.814 0.949 
 161   (0.157) 0.191 0.162 0.049 
 165   (0.028) 0.009 0.024 0.003 

Locus 40 : 40 
6 alleles
0.5% missing data
 228   (0.356) 0.470 0.368 0.324 
 240   (0.143) 0.070 0.156 0.047 
 236   (0.150) 0.155 0.146 0.110 
 238   (0.311) 0.173 0.314 0.404 
 224   (0.023) 0.002 0.010 0.113 
 242   (0.016) 0.130 0.007 0.001 

Locus 41 : 41 
9 alleles
0.5% missing data
 130   (0.443) 0.093 0.492 0.466 
 114   (0.088) 0.491 0.066 0.146 
 132   (0.132) 0.013 0.134 0.169 
 120   (0.013) 0.001 0.004 0.006 
 128   (0.079) 0.009 0.078 0.060 
 118   (0.087) 0.081 0.091 0.015 
 134   (0.133) 0.309 0.122 0.131 
 119   (0.013) 0.001 0.005 0.006 
 122   (0.013) 0.001 0.007 0.001 

Locus 42 : 42 
8 alleles
0.0% missing data
 104   (0.357) 0.091 0.405 0.315 
  94   (0.015) 0.002 0.006 0.009 
 102   (0.305) 0.272 0.314 0.397 
 100   (0.020) 0.003 0.010 0.012 
  96   (0.054) 0.160 0.038 0.050 
  98   (0.125) 0.269 0.117 0.114 
  92   (0.112) 0.201 0.102 0.102 
 106   (0.012) 0.001 0.007 0.001 

Locus 43 : 43 
5 alleles
0.0% missing data
  95   (0.259) 0.064 0.270 0.225 
 101   (0.304) 0.030 0.317 0.416 
 103   (0.324) 0.221 0.329 0.300 
  97   (0.035) 0.336 0.023 0.005 
  99   (0.078) 0.349 0.060 0.054 

Locus 44 : 44 
8 alleles
0.0% missing data
 191   (0.242) 0.121 0.232 0.426 
 181   (0.606) 0.543 0.650 0.538 
 177   (0.055) 0.006 0.050 0.025 
 187   (0.013) 0.001 0.005 0.006 
 179   (0.032) 0.322 0.024 0.002 
 189   (0.020) 0.002 0.016 0.001 
 193   (0.016) 0.003 0.012 0.001 
 183   (0.017) 0.002 0.012 0.001 

Locus 45 : 45 
6 alleles
1.0% missing data
 205   (0.454) 0.330 0.477 0.449 
 211   (0.192) 0.162 0.179 0.284 
 201   (0.052) 0.430 0.033 0.044 
 207   (0.215) 0.068 0.239 0.099 
 215   (0.075) 0.008 0.065 0.123 
 202   (0.013) 0.001 0.007 0.001 

Locus 46 : 46 
10 alleles
0.0% missing data
 142   (0.276) 0.034 0.310 0.341 
 166   (0.164) 0.138 0.173 0.107 
 162   (0.061) 0.342 0.040 0.137 
 164   (0.053) 0.059 0.038 0.058 
 158   (0.182) 0.145 0.183 0.222 
 168   (0.146) 0.128 0.148 0.119 
 156   (0.040) 0.146 0.027 0.011 
 160   (0.012) 0.001 0.007 0.001 
 144   (0.042) 0.004 0.053 0.003 
 170   (0.022) 0.003 0.020 0.002 

Locus 47 : 47 
6 alleles
0.0% missing data
 145   (0.312) 0.351 0.311 0.336 
 153   (0.187) 0.022 0.198 0.169 
 149   (0.297) 0.479 0.318 0.140 
 151   (0.171) 0.144 0.149 0.353 
 143   (0.020) 0.003 0.016 0.001 
 147   (0.013) 0.002 0.007 0.001 

Values of parameters used in structure:
DATAFILE=c1.str,	OUTFILE=k3/c1_k3_run8,	NUMINDS=202,	NUMLOCI=47,	MISSING=-9,	LABEL=1,	POPDATA=1,	POPFLAG=0,	PHENOTYPE=0,	EXTRACOLS=0,	MAXPOPS=3,	BURNIN=500000,	NUMREPS=750000,	USEPOPINFO=0,	INFERALPHA=1,	INFERLAMBDA=0,	POPSPECIFICLAMBDA=0,	POPALPHAS=0,	COMPUTEPROB=1,	NOADMIX=0,	ADMBURNIN=500,	UPDATEFREQ=100,	PRINTLIKES=0,	INTERMEDSAVE=0,	PRINTKLD=0,	PRINTNET=1,	PRINTLAMBDA=1,	ANCESTDIST=0,	NUMBOXES=1000,	ANCESTPINT=0.90000,	GENSBACK=2,	MIGRPRIOR=0.01000,	PRINTQHAT=0,	PRINTQSUM=1,	ALPHA=1.0000,	FREQSCORR=1,	FPRIORMEAN=0.0100,	FPRIORSD=0.0500,	ONEFST=0,	LAMBDA=1.0000,	UNIFPRIORALPHA=1,	ALPHAMAX=10.0000,	ALPHAPRIORA=1.0000,	ALPHAPRIORB=2.0000,	ALPHAPROPSD=0.0250,	STARTATPOPINFO=0,	RANDOMIZE=0,	LINKAGE=0,	METROFREQ=10,	REPORTHITRATE=0,	MARKOVPHASE=0,	PHASED=1,	PLOIDY=2,	PHASEINFO=0	LOCPRIOR=0, 	LOCPRIORINIT=1.000000, 	LOCDATA=0, 	LOCISPOP=1, 	LOCPRIORSTEP=0.100000, 	MAXLOCPRIOR=20.000000, 	SEED=249368,	
[STRAT parameters]:    NUMSIMSTATS=1000,	PHENOTYPECOL=-9,	POOLFREQ=10,	LOCUSxONLY=0,	EMERROR=0.00100,	MISSINGPHENO=-9,	