

----------------------------------------------------
STRUCTURE by Pritchard, Stephens and Donnelly (2000)
     and Falush, Stephens and Pritchard (2003)
       Code by Pritchard, Falush and Hubisz
             Version 2.3.4 (Jul 2012)
----------------------------------------------------



Command line arguments:   structure -D 309504 -K 7 -m mainparams -o k7/c1_k7_run7 
Input File:    c1.str

Run parameters:
   202 individuals
   47 loci
   7 populations assumed
   500000 Burn-in period
   750000 Reps
RANDOMIZE turned off


--------------------------------------------
Proportion of membership of each pre-defined
 population in each of the 7 clusters

Given    Inferred Clusters                                   Number of
 Pop       1      2      3      4      5      6      7      Individuals

  1:     0.005  0.031  0.873  0.008  0.023  0.038  0.021       81
  2:     0.003  0.021  0.006  0.904  0.024  0.017  0.025       19
  3:     0.965  0.005  0.004  0.011  0.006  0.004  0.006       10
  4:     0.029  0.278  0.026  0.009  0.267  0.137  0.255       10
  5:     0.012  0.304  0.047  0.026  0.297  0.051  0.264       23
  6:     0.009  0.174  0.062  0.016  0.284  0.100  0.355       11
  7:     0.005  0.096  0.012  0.007  0.188  0.449  0.244       18
  8:     0.028  0.337  0.040  0.009  0.291  0.026  0.269       25
  9:     0.003  0.160  0.010  0.027  0.222  0.345  0.233        5
--------------------------------------------

Allele-freq. divergence among pops (Net nucleotide distance),
computed using point estimates of P.

      1       2       3       4       5       6       7      
 1      -    0.0977  0.1149  0.1276  0.1035  0.1274  0.1058  
 2   0.0977     -    0.0165  0.0506  0.0007  0.0145  0.0015  
 3   0.1149  0.0165     -    0.0657  0.0185  0.0312  0.0193  
 4   0.1276  0.0506  0.0657     -    0.0548  0.0666  0.0568  
 5   0.1035  0.0007  0.0185  0.0548     -    0.0153  0.0002  
 6   0.1274  0.0145  0.0312  0.0666  0.0153     -    0.0157  
 7   0.1058  0.0015  0.0193  0.0568  0.0002  0.0157     -    

Average distances (expected heterozygosity) between individuals in same cluster:
cluster  1  : 0.5486 
cluster  2  : 0.6498 
cluster  3  : 0.5992 
cluster  4  : 0.5516 
cluster  5  : 0.6369 
cluster  6  : 0.5939 
cluster  7  : 0.6322 

--------------------------------------------
Estimated Ln Prob of Data   = -22522.5
Mean value of ln likelihood = -21820.4
Variance of ln likelihood   = 1404.2
Mean value of alpha         = 0.0351

Mean value of Fst_1         = 0.2960
Mean value of Fst_2         = 0.0068
Mean value of Fst_3         = 0.0907
Mean value of Fst_4         = 0.2027
Mean value of Fst_5         = 0.0269
Mean value of Fst_6         = 0.0927
Mean value of Fst_7         = 0.0336


Inferred ancestry of individuals:
        Label (%Miss) Pop:  Inferred clusters
  1      122    (0)    1 :  0.001 0.053 0.353 0.009 0.089 0.384 0.111 
  2      123    (0)    1 :  0.005 0.037 0.911 0.003 0.017 0.015 0.011 
  3      124    (0)    1 :  0.010 0.007 0.951 0.014 0.006 0.005 0.006 
  4      125    (0)    1 :  0.002 0.007 0.974 0.002 0.006 0.004 0.005 
  5      126    (0)    1 :  0.001 0.013 0.250 0.002 0.010 0.714 0.009 
  6      128    (0)    1 :  0.003 0.021 0.922 0.012 0.016 0.009 0.018 
  7      129    (0)    1 :  0.002 0.033 0.811 0.074 0.024 0.033 0.023 
  8      130    (0)    1 :  0.001 0.008 0.946 0.005 0.008 0.023 0.008 
  9      131    (0)    1 :  0.003 0.007 0.966 0.002 0.007 0.008 0.007 
 10      132    (0)    1 :  0.007 0.005 0.964 0.010 0.005 0.005 0.005 
 11      133    (0)    1 :  0.002 0.097 0.384 0.086 0.068 0.294 0.069 
 12      134    (0)    1 :  0.015 0.036 0.873 0.006 0.029 0.013 0.027 
 13      135    (0)    1 :  0.002 0.024 0.898 0.005 0.028 0.012 0.032 
 14      136    (0)    1 :  0.007 0.017 0.931 0.007 0.015 0.007 0.017 
 15      139    (0)    1 :  0.004 0.017 0.909 0.017 0.018 0.019 0.016 
 16      140    (0)    1 :  0.002 0.049 0.860 0.018 0.034 0.013 0.023 
 17      141    (0)    1 :  0.005 0.027 0.915 0.005 0.019 0.012 0.018 
 18      142    (0)    1 :  0.002 0.005 0.975 0.004 0.005 0.003 0.005 
 19      143    (0)    1 :  0.007 0.009 0.945 0.015 0.007 0.010 0.007 
 20      144    (0)    1 :  0.002 0.023 0.901 0.007 0.020 0.027 0.019 
 21      145    (0)    1 :  0.028 0.048 0.856 0.005 0.023 0.022 0.019 
 22      148    (0)    1 :  0.003 0.076 0.795 0.003 0.059 0.011 0.052 
 23      556    (0)    1 :  0.002 0.011 0.945 0.006 0.010 0.017 0.009 
 24      557    (0)    1 :  0.015 0.006 0.959 0.003 0.006 0.005 0.006 
 25      558    (0)    1 :  0.007 0.009 0.954 0.005 0.008 0.009 0.008 
 26      559    (0)    1 :  0.002 0.010 0.947 0.008 0.009 0.015 0.010 
 27      560    (0)    1 :  0.002 0.012 0.938 0.003 0.016 0.006 0.023 
 28      561    (0)    1 :  0.001 0.003 0.984 0.003 0.003 0.003 0.003 
 29      562    (0)    1 :  0.005 0.030 0.880 0.005 0.031 0.018 0.032 
 30      563    (0)    1 :  0.008 0.141 0.713 0.008 0.070 0.021 0.038 
 31      564    (0)    1 :  0.002 0.074 0.704 0.017 0.077 0.043 0.082 
 32      565    (0)    1 :  0.002 0.004 0.980 0.003 0.004 0.004 0.003 
 33      566    (0)    1 :  0.002 0.025 0.891 0.002 0.030 0.021 0.028 
 34      567    (0)    1 :  0.003 0.009 0.963 0.004 0.009 0.004 0.008 
 35      568    (0)    1 :  0.002 0.014 0.938 0.014 0.013 0.007 0.012 
 36      569    (0)    1 :  0.010 0.006 0.963 0.004 0.006 0.005 0.006 
 37      570    (0)    1 :  0.001 0.003 0.982 0.002 0.004 0.004 0.004 
 38      613    (0)    1 :  0.002 0.004 0.977 0.004 0.004 0.005 0.004 
 39      614    (0)    1 :  0.002 0.015 0.940 0.002 0.014 0.012 0.015 
 40      615    (0)    1 :  0.004 0.016 0.918 0.003 0.013 0.031 0.014 
 41      616    (0)    1 :  0.001 0.008 0.929 0.037 0.008 0.006 0.009 
 42      617    (0)    1 :  0.004 0.023 0.919 0.004 0.021 0.010 0.019 
 43      618    (0)    1 :  0.003 0.021 0.886 0.014 0.029 0.014 0.033 
 44      619    (0)    1 :  0.091 0.672 0.005 0.003 0.202 0.004 0.024 
 45      620    (0)    1 :  0.004 0.008 0.951 0.003 0.009 0.015 0.010 
 46      621    (0)    1 :  0.002 0.008 0.928 0.003 0.007 0.046 0.007 
 47      622    (0)    1 :  0.003 0.004 0.978 0.004 0.004 0.002 0.004 
 48      623    (0)    1 :  0.002 0.004 0.979 0.002 0.004 0.006 0.004 
 49      624    (0)    1 :  0.003 0.016 0.918 0.006 0.013 0.031 0.014 
 50      625    (0)    1 :  0.002 0.011 0.346 0.003 0.011 0.616 0.011 
 51      626    (0)    1 :  0.003 0.007 0.964 0.006 0.006 0.007 0.006 
 52      627    (0)    1 :  0.003 0.036 0.863 0.012 0.034 0.021 0.031 
 53      628    (0)    1 :  0.004 0.007 0.967 0.004 0.007 0.004 0.007 
 54      629    (0)    1 :  0.002 0.010 0.949 0.010 0.009 0.012 0.009 
 55      630    (0)    1 :  0.004 0.004 0.978 0.002 0.005 0.003 0.005 
 56      631    (0)    1 :  0.004 0.005 0.954 0.025 0.004 0.004 0.004 
 57      632    (0)    1 :  0.005 0.021 0.848 0.015 0.019 0.073 0.018 
 58      633    (0)    1 :  0.007 0.066 0.738 0.011 0.074 0.017 0.087 
 59      634    (0)    1 :  0.012 0.013 0.940 0.006 0.010 0.010 0.009 
 60      635    (0)    1 :  0.003 0.006 0.969 0.003 0.005 0.009 0.005 
 61      636    (0)    1 :  0.003 0.004 0.978 0.003 0.004 0.004 0.004 
 62      637    (0)    1 :  0.001 0.256 0.228 0.008 0.252 0.011 0.243 
 63      638    (0)    1 :  0.002 0.015 0.931 0.013 0.014 0.009 0.015 
 64      639    (0)    1 :  0.003 0.159 0.590 0.010 0.123 0.035 0.080 
 65      640    (0)    1 :  0.001 0.005 0.970 0.005 0.006 0.006 0.007 
 66      689    (0)    1 :  0.001 0.006 0.969 0.003 0.006 0.009 0.006 
 67      690    (0)    1 :  0.017 0.010 0.942 0.005 0.010 0.007 0.010 
 68      691    (0)    1 :  0.002 0.008 0.937 0.002 0.010 0.029 0.012 
 69      692    (0)    1 :  0.009 0.026 0.769 0.005 0.055 0.059 0.076 
 70      693    (0)    1 :  0.002 0.005 0.975 0.003 0.005 0.005 0.005 
 71      694    (0)    1 :  0.003 0.004 0.976 0.007 0.004 0.003 0.004 
 72      695    (0)    1 :  0.001 0.003 0.984 0.003 0.003 0.003 0.003 
 73      696    (0)    1 :  0.003 0.004 0.981 0.002 0.004 0.004 0.004 
 74      697    (0)    1 :  0.002 0.004 0.973 0.007 0.004 0.006 0.004 
 75      698    (0)    1 :  0.003 0.020 0.903 0.002 0.026 0.016 0.030 
 76      699    (0)    1 :  0.001 0.004 0.979 0.003 0.005 0.003 0.004 
 77      700    (0)    1 :  0.005 0.008 0.958 0.006 0.007 0.008 0.007 
 78      701    (2)    1 :  0.003 0.018 0.924 0.005 0.015 0.021 0.014 
 79      702    (0)    1 :  0.005 0.012 0.937 0.002 0.013 0.016 0.015 
 80      703    (0)    1 :  0.004 0.006 0.964 0.002 0.005 0.015 0.005 
 81      704    (0)    1 :  0.001 0.009 0.955 0.010 0.010 0.005 0.009 
 82      007    (0)    2 :  0.007 0.007 0.010 0.959 0.007 0.004 0.006 
 83      012    (0)    2 :  0.005 0.036 0.010 0.875 0.016 0.046 0.012 
 84      020    (0)    2 :  0.002 0.117 0.005 0.567 0.161 0.008 0.139 
 85      021    (0)    2 :  0.001 0.002 0.003 0.984 0.002 0.005 0.002 
 86      022    (0)    2 :  0.015 0.019 0.004 0.838 0.017 0.090 0.017 
 87      034    (0)    2 :  0.005 0.011 0.011 0.949 0.008 0.007 0.008 
 88      049    (0)    2 :  0.002 0.003 0.003 0.986 0.003 0.002 0.003 
 89      062    (0)    2 :  0.001 0.003 0.002 0.989 0.002 0.002 0.002 
 90      089    (0)    2 :  0.001 0.002 0.002 0.989 0.002 0.002 0.002 
 91      092    (0)    2 :  0.001 0.002 0.002 0.991 0.002 0.002 0.002 
 92      100    (0)    2 :  0.002 0.004 0.006 0.976 0.004 0.005 0.004 
 93      105    (0)    2 :  0.001 0.010 0.004 0.966 0.008 0.003 0.008 
 94      205    (0)    2 :  0.005 0.014 0.008 0.930 0.016 0.009 0.018 
 95      206    (0)    2 :  0.003 0.052 0.020 0.635 0.088 0.085 0.118 
 96      207    (0)    2 :  0.002 0.008 0.006 0.960 0.008 0.008 0.008 
 97      208    (0)    2 :  0.003 0.020 0.007 0.910 0.019 0.022 0.019 
 98      209    (0)    2 :  0.002 0.091 0.003 0.701 0.088 0.017 0.098 
 99      377    (0)    2 :  0.003 0.003 0.006 0.977 0.003 0.006 0.003 
100      881    (0)    2 :  0.002 0.002 0.003 0.986 0.002 0.002 0.002 
101      003    (0)    3 :  0.957 0.005 0.003 0.016 0.005 0.007 0.005 
102      108    (0)    3 :  0.990 0.002 0.002 0.002 0.002 0.001 0.002 
103      194    (0)    3 :  0.938 0.010 0.006 0.016 0.010 0.009 0.011 
104      232    (0)    3 :  0.977 0.005 0.003 0.003 0.004 0.003 0.004 
105      321    (0)    3 :  0.986 0.003 0.002 0.002 0.003 0.002 0.002 
106      322    (0)    3 :  0.989 0.002 0.002 0.004 0.002 0.001 0.001 
107      329    (0)    3 :  0.989 0.002 0.002 0.001 0.002 0.002 0.002 
108      330    (0)    3 :  0.987 0.002 0.002 0.002 0.002 0.002 0.002 
109      342    (0)    3 :  0.939 0.014 0.006 0.002 0.018 0.004 0.018 
110      347    (0)    3 :  0.899 0.009 0.010 0.058 0.008 0.009 0.008 
111      801    (0)    4 :  0.005 0.454 0.096 0.023 0.230 0.025 0.167 
112      815    (0)    4 :  0.003 0.548 0.020 0.024 0.227 0.008 0.170 
113      816    (0)    4 :  0.002 0.041 0.041 0.006 0.073 0.735 0.101 
114      817    (0)    4 :  0.011 0.247 0.006 0.006 0.390 0.008 0.333 
115      818    (0)    4 :  0.002 0.205 0.043 0.003 0.376 0.014 0.357 
116      819    (0)    4 :  0.006 0.180 0.008 0.006 0.245 0.237 0.318 
117      820    (2)    4 :  0.001 0.271 0.010 0.012 0.372 0.007 0.327 
118      821    (0)    4 :  0.002 0.207 0.006 0.003 0.241 0.312 0.228 
119      822    (0)    4 :  0.248 0.085 0.008 0.005 0.270 0.011 0.374 
120      853    (0)    4 :  0.010 0.538 0.018 0.003 0.246 0.011 0.175 
121      797    (0)    5 :  0.002 0.206 0.015 0.014 0.388 0.019 0.357 
122      798    (0)    5 :  0.001 0.188 0.005 0.003 0.331 0.164 0.306 
123      799    (0)    5 :  0.003 0.338 0.008 0.034 0.352 0.008 0.257 
124      800    (0)    5 :  0.004 0.357 0.101 0.003 0.231 0.111 0.192 
125      823    (0)    5 :  0.009 0.285 0.007 0.374 0.180 0.043 0.101 
126      824    (0)    5 :  0.005 0.011 0.004 0.004 0.374 0.013 0.589 
127      825    (0)    5 :  0.003 0.639 0.013 0.011 0.184 0.050 0.099 
128      826    (0)    5 :  0.021 0.262 0.405 0.004 0.151 0.061 0.095 
129      827    (0)    5 :  0.001 0.136 0.009 0.004 0.348 0.007 0.495 
130      836    (0)    5 :  0.001 0.202 0.011 0.004 0.395 0.014 0.372 
131      837    (0)    5 :  0.038 0.325 0.023 0.004 0.345 0.005 0.261 
132      838    (0)    5 :  0.002 0.280 0.210 0.003 0.215 0.064 0.226 
133      839    (0)    5 :  0.003 0.249 0.034 0.011 0.355 0.055 0.293 
134      840    (0)    5 :  0.001 0.548 0.009 0.008 0.221 0.079 0.133 
135      841    (0)    5 :  0.003 0.193 0.013 0.008 0.243 0.290 0.250 
136      842    (0)    5 :  0.002 0.214 0.015 0.006 0.376 0.019 0.368 
137      843    (0)    5 :  0.002 0.350 0.019 0.004 0.352 0.016 0.258 
138      845    (0)    5 :  0.002 0.562 0.007 0.004 0.235 0.012 0.178 
139      846    (0)    5 :  0.004 0.316 0.018 0.009 0.328 0.080 0.246 
140      847    (2)    5 :  0.128 0.570 0.016 0.065 0.169 0.010 0.040 
141      848    (0)    5 :  0.010 0.308 0.053 0.009 0.349 0.004 0.267 
142      849    (0)    5 :  0.014 0.256 0.064 0.005 0.349 0.020 0.292 
143      855    (0)    5 :  0.007 0.187 0.018 0.003 0.358 0.019 0.408 
144      793    (0)    6 :  0.005 0.187 0.176 0.003 0.277 0.022 0.331 
145      794    (0)    6 :  0.008 0.328 0.009 0.003 0.316 0.010 0.326 
146      828    (0)    6 :  0.004 0.081 0.045 0.003 0.346 0.033 0.487 
147      829    (4)    6 :  0.001 0.369 0.066 0.003 0.263 0.035 0.262 
148      830    (0)    6 :  0.004 0.233 0.035 0.018 0.275 0.106 0.330 
149      831    (2)    6 :  0.011 0.037 0.007 0.009 0.358 0.025 0.553 
150      832    (0)    6 :  0.005 0.072 0.036 0.003 0.082 0.727 0.075 
151      833    (2)    6 :  0.005 0.046 0.035 0.003 0.362 0.006 0.542 
152      835    (0)    6 :  0.051 0.275 0.166 0.120 0.196 0.040 0.153 
153      870    (0)    6 :  0.002 0.233 0.102 0.007 0.274 0.086 0.296 
154      871    (0)    6 :  0.002 0.052 0.008 0.003 0.376 0.012 0.547 
155      451    (0)    7 :  0.007 0.140 0.007 0.003 0.365 0.007 0.471 
156      452    (4)    7 :  0.002 0.007 0.005 0.005 0.009 0.962 0.009 
157      453    (4)    7 :  0.002 0.009 0.004 0.007 0.010 0.957 0.011 
158      454    (2)    7 :  0.008 0.154 0.018 0.009 0.327 0.026 0.459 
159      455    (4)    7 :  0.002 0.131 0.012 0.013 0.333 0.027 0.483 
160      795    (0)    7 :  0.001 0.011 0.011 0.004 0.009 0.956 0.008 
161      796    (0)    7 :  0.002 0.154 0.003 0.003 0.352 0.020 0.466 
162      802    (0)    7 :  0.001 0.014 0.005 0.004 0.017 0.942 0.017 
163      804    (0)    7 :  0.002 0.171 0.043 0.007 0.249 0.187 0.342 
164      805    (0)    7 :  0.003 0.139 0.016 0.009 0.339 0.013 0.481 
165      851    (0)    7 :  0.008 0.006 0.008 0.003 0.005 0.965 0.005 
166      852    (0)    7 :  0.002 0.008 0.007 0.004 0.009 0.961 0.010 
167      854    (0)    7 :  0.002 0.260 0.015 0.008 0.386 0.024 0.306 
168      858    (0)    7 :  0.002 0.108 0.007 0.007 0.346 0.016 0.514 
169      859    (0)    7 :  0.002 0.249 0.034 0.021 0.291 0.070 0.333 
170      860    (0)    7 :  0.043 0.147 0.007 0.005 0.325 0.016 0.456 
171      862    (0)    7 :  0.001 0.006 0.006 0.006 0.006 0.969 0.006 
172      863    (0)    7 :  0.001 0.007 0.007 0.004 0.009 0.962 0.010 
173      450    (0)    8 :  0.003 0.497 0.013 0.017 0.268 0.015 0.187 
174      791    (0)    8 :  0.003 0.310 0.013 0.006 0.361 0.039 0.267 
175      792    (0)    8 :  0.138 0.605 0.009 0.013 0.170 0.003 0.060 
176      803    (0)    8 :  0.288 0.290 0.091 0.011 0.163 0.017 0.139 
177      806    (0)    8 :  0.006 0.693 0.044 0.006 0.202 0.006 0.043 
178      807    (0)    8 :  0.002 0.221 0.005 0.006 0.409 0.008 0.349 
179      808    (0)    8 :  0.003 0.067 0.017 0.003 0.373 0.008 0.530 
180      809    (0)    8 :  0.041 0.249 0.388 0.008 0.093 0.169 0.052 
181      810    (0)    8 :  0.042 0.435 0.012 0.029 0.291 0.008 0.183 
182      811    (0)    8 :  0.005 0.424 0.006 0.006 0.326 0.006 0.227 
183      812    (0)    8 :  0.003 0.489 0.076 0.013 0.243 0.013 0.162 
184      813    (0)    8 :  0.003 0.326 0.014 0.004 0.279 0.064 0.310 
185      814    (0)    8 :  0.005 0.085 0.010 0.006 0.364 0.012 0.516 
186      834    (0)    8 :  0.004 0.230 0.006 0.002 0.412 0.007 0.340 
187      844    (0)    8 :  0.003 0.141 0.007 0.004 0.356 0.085 0.404 
188      850    (0)    8 :  0.013 0.199 0.013 0.006 0.322 0.020 0.427 
189      856    (0)    8 :  0.004 0.504 0.006 0.008 0.259 0.018 0.201 
190      857    (0)    8 :  0.009 0.713 0.010 0.008 0.210 0.012 0.038 
191      861    (0)    8 :  0.003 0.082 0.023 0.013 0.356 0.022 0.500 
192      864    (0)    8 :  0.006 0.573 0.004 0.017 0.254 0.009 0.137 
193      865    (0)    8 :  0.003 0.151 0.081 0.007 0.320 0.013 0.425 
194      866    (0)    8 :  0.009 0.400 0.075 0.003 0.247 0.059 0.206 
195      867    (0)    8 :  0.020 0.355 0.054 0.021 0.315 0.009 0.226 
196      868    (0)    8 :  0.034 0.040 0.007 0.006 0.352 0.009 0.552 
197      869    (0)    8 :  0.061 0.353 0.005 0.006 0.334 0.004 0.236 
198      004    (0)    9 :  0.002 0.059 0.009 0.079 0.105 0.609 0.136 
199      008    (0)    9 :  0.002 0.238 0.022 0.030 0.300 0.044 0.365 
200      013    (0)    9 :  0.006 0.252 0.010 0.011 0.313 0.100 0.308 
201      109    (0)    9 :  0.002 0.241 0.003 0.012 0.386 0.007 0.349 
202      348    (0)    9 :  0.001 0.010 0.004 0.004 0.007 0.966 0.007 


Estimated Allele Frequencies in each cluster
First column gives estimated ancestral frequencies


Locus 1 : 1 
4 alleles
0.0% missing data
  89   (0.483) 0.097 0.485 0.431 0.623 0.486 0.598 0.486 
  93   (0.132) 0.047 0.133 0.038 0.045 0.130 0.161 0.128 
  91   (0.362) 0.554 0.358 0.529 0.330 0.363 0.234 0.370 
  99   (0.024) 0.301 0.024 0.002 0.002 0.021 0.006 0.017 

Locus 2 : 2 
6 alleles
0.0% missing data
 134   (0.282) 0.034 0.276 0.296 0.328 0.241 0.409 0.230 
 136   (0.369) 0.066 0.371 0.513 0.543 0.374 0.318 0.372 
 142   (0.034) 0.004 0.031 0.077 0.004 0.023 0.009 0.021 
 138   (0.223) 0.885 0.224 0.105 0.116 0.244 0.239 0.253 
 140   (0.065) 0.008 0.068 0.007 0.007 0.091 0.018 0.100 
 132   (0.027) 0.003 0.030 0.002 0.003 0.028 0.007 0.024 

Locus 3 : 3 
6 alleles
0.0% missing data
 179   (0.276) 0.030 0.275 0.471 0.029 0.303 0.380 0.321 
 181   (0.191) 0.161 0.188 0.296 0.066 0.160 0.183 0.146 
 187   (0.313) 0.780 0.322 0.177 0.480 0.333 0.234 0.332 
 175   (0.071) 0.008 0.072 0.032 0.011 0.065 0.093 0.056 
 185   (0.114) 0.017 0.113 0.022 0.198 0.113 0.032 0.116 
 191   (0.034) 0.004 0.030 0.002 0.216 0.027 0.079 0.029 

Locus 4 : 4 
10 alleles
0.0% missing data
 253   (0.423) 0.388 0.419 0.612 0.409 0.420 0.565 0.427 
 269   (0.190) 0.339 0.190 0.189 0.080 0.203 0.293 0.203 
 241   (0.186) 0.072 0.190 0.181 0.123 0.187 0.086 0.183 
 271   (0.048) 0.010 0.046 0.008 0.005 0.057 0.013 0.064 
 247   (0.076) 0.008 0.080 0.005 0.374 0.081 0.023 0.078 
 239   (0.016) 0.086 0.015 0.001 0.004 0.009 0.005 0.007 
 249   (0.025) 0.092 0.024 0.002 0.002 0.018 0.007 0.016 
 273   (0.016) 0.002 0.015 0.001 0.002 0.010 0.004 0.009 
 265   (0.011) 0.001 0.010 0.001 0.001 0.008 0.003 0.008 
 245   (0.011) 0.001 0.010 0.001 0.001 0.007 0.003 0.005 

Locus 5 : 5 
4 alleles
1.5% missing data
 103   (0.888) 0.988 0.892 0.836 0.890 0.915 0.966 0.924 
 104   (0.025) 0.002 0.023 0.020 0.002 0.015 0.007 0.013 
 105   (0.067) 0.008 0.064 0.143 0.007 0.053 0.021 0.049 
 102   (0.021) 0.002 0.020 0.001 0.101 0.017 0.006 0.014 

Locus 6 : 6 
5 alleles
0.0% missing data
 135   (0.299) 0.802 0.296 0.231 0.502 0.263 0.168 0.244 
 145   (0.353) 0.161 0.346 0.319 0.205 0.377 0.589 0.407 
 141   (0.272) 0.029 0.284 0.402 0.137 0.302 0.221 0.301 
 147   (0.050) 0.005 0.048 0.046 0.150 0.037 0.015 0.032 
 137   (0.026) 0.003 0.026 0.002 0.007 0.020 0.006 0.016 

Locus 7 : 7 
10 alleles
0.5% missing data
  97   (0.184) 0.181 0.183 0.079 0.286 0.174 0.240 0.172 
 103   (0.333) 0.040 0.343 0.585 0.327 0.382 0.399 0.393 
  89   (0.077) 0.008 0.079 0.040 0.010 0.087 0.023 0.089 
  93   (0.221) 0.335 0.223 0.165 0.175 0.221 0.174 0.219 
  85   (0.042) 0.005 0.039 0.067 0.004 0.036 0.012 0.037 
  83   (0.059) 0.006 0.057 0.025 0.055 0.047 0.126 0.045 
  91   (0.042) 0.294 0.037 0.037 0.139 0.024 0.010 0.018 
 105   (0.016) 0.129 0.013 0.001 0.001 0.011 0.004 0.011 
  99   (0.016) 0.002 0.015 0.001 0.002 0.011 0.009 0.009 
 101   (0.011) 0.001 0.010 0.001 0.001 0.008 0.003 0.007 

Locus 8 : 8 
9 alleles
0.0% missing data
 141   (0.063) 0.007 0.058 0.090 0.075 0.042 0.096 0.038 
 143   (0.250) 0.363 0.249 0.391 0.238 0.259 0.154 0.265 
 129   (0.563) 0.377 0.576 0.507 0.602 0.608 0.648 0.617 
 149   (0.050) 0.006 0.050 0.003 0.049 0.045 0.059 0.042 
 145   (0.015) 0.002 0.013 0.006 0.002 0.008 0.027 0.006 
 127   (0.019) 0.040 0.016 0.001 0.030 0.011 0.005 0.009 
 131   (0.011) 0.163 0.009 0.001 0.001 0.005 0.003 0.004 
 128   (0.011) 0.040 0.009 0.001 0.001 0.005 0.003 0.004 
 133   (0.018) 0.002 0.019 0.001 0.002 0.018 0.005 0.016 

Locus 9 : 9 
4 alleles
0.0% missing data
 191   (0.359) 0.371 0.359 0.449 0.473 0.340 0.321 0.330 
 195   (0.195) 0.143 0.186 0.352 0.041 0.173 0.287 0.178 
 189   (0.434) 0.485 0.445 0.198 0.484 0.481 0.389 0.488 
 193   (0.011) 0.001 0.010 0.001 0.001 0.006 0.003 0.004 

Locus 10 : 10 
6 alleles
0.0% missing data
 238   (0.568) 0.328 0.566 0.596 0.228 0.579 0.639 0.592 
 252   (0.112) 0.012 0.105 0.190 0.170 0.105 0.058 0.111 
 232   (0.196) 0.176 0.203 0.143 0.301 0.210 0.266 0.204 
 254   (0.064) 0.478 0.059 0.062 0.289 0.039 0.018 0.033 
 250   (0.041) 0.004 0.043 0.008 0.004 0.042 0.012 0.038 
 248   (0.020) 0.002 0.023 0.001 0.008 0.024 0.007 0.022 

Locus 11 : 11 
5 alleles
0.0% missing data
  87   (0.741) 0.804 0.754 0.772 0.609 0.750 0.694 0.743 
  89   (0.202) 0.191 0.194 0.224 0.274 0.197 0.279 0.202 
  91   (0.034) 0.004 0.032 0.002 0.106 0.037 0.021 0.042 
  83   (0.011) 0.001 0.010 0.001 0.010 0.007 0.003 0.006 
  85   (0.011) 0.001 0.011 0.001 0.001 0.009 0.003 0.008 

Locus 12 : 12 
12 alleles
0.0% missing data
 158   (0.186) 0.019 0.188 0.272 0.065 0.174 0.295 0.160 
 161   (0.089) 0.009 0.087 0.182 0.009 0.081 0.109 0.078 
 160   (0.282) 0.487 0.282 0.078 0.633 0.284 0.340 0.288 
 162   (0.264) 0.192 0.267 0.320 0.276 0.287 0.174 0.299 
 147   (0.032) 0.003 0.030 0.126 0.003 0.038 0.009 0.046 
 143   (0.026) 0.279 0.023 0.014 0.003 0.015 0.007 0.013 
 165   (0.011) 0.002 0.010 0.001 0.001 0.006 0.003 0.004 
 170   (0.039) 0.004 0.047 0.003 0.004 0.054 0.022 0.051 
 154   (0.020) 0.002 0.021 0.001 0.002 0.019 0.005 0.017 
 134   (0.011) 0.001 0.010 0.001 0.001 0.007 0.003 0.006 
 159   (0.016) 0.001 0.014 0.001 0.002 0.012 0.026 0.012 
 149   (0.023) 0.003 0.021 0.002 0.002 0.023 0.009 0.026 

Locus 13 : 13 
4 alleles
0.0% missing data
 113   (0.341) 0.458 0.336 0.368 0.475 0.312 0.403 0.304 
 115   (0.494) 0.137 0.504 0.458 0.482 0.541 0.366 0.555 
 108   (0.155) 0.404 0.150 0.173 0.042 0.141 0.229 0.137 
 110   (0.011) 0.001 0.010 0.001 0.001 0.006 0.003 0.004 

Locus 14 : 14 
9 alleles
0.0% missing data
 229   (0.410) 0.076 0.430 0.324 0.407 0.477 0.468 0.485 
 231   (0.194) 0.411 0.187 0.447 0.425 0.157 0.064 0.144 
 227   (0.154) 0.312 0.146 0.134 0.015 0.141 0.349 0.148 
 225   (0.153) 0.062 0.153 0.067 0.144 0.152 0.072 0.154 
 233   (0.045) 0.134 0.044 0.025 0.005 0.046 0.013 0.047 
 223   (0.011) 0.002 0.010 0.001 0.001 0.006 0.003 0.004 
 203   (0.011) 0.001 0.010 0.001 0.001 0.007 0.004 0.007 
 213   (0.011) 0.001 0.011 0.001 0.001 0.008 0.003 0.006 
 221   (0.011) 0.001 0.009 0.001 0.001 0.005 0.024 0.004 

Locus 15 : 15 
5 alleles
0.5% missing data
 143   (0.895) 0.724 0.902 0.912 0.852 0.928 0.968 0.937 
 145   (0.054) 0.271 0.051 0.085 0.006 0.039 0.019 0.035 
 147   (0.028) 0.003 0.026 0.002 0.045 0.020 0.007 0.019 
 133   (0.012) 0.001 0.010 0.001 0.096 0.006 0.003 0.005 
 157   (0.012) 0.001 0.011 0.001 0.001 0.007 0.003 0.006 

Locus 16 : 16 
5 alleles
0.0% missing data
 156   (0.293) 0.462 0.282 0.322 0.377 0.254 0.337 0.252 
 158   (0.498) 0.442 0.507 0.469 0.468 0.531 0.525 0.535 
 160   (0.128) 0.013 0.130 0.142 0.073 0.143 0.113 0.149 
 154   (0.069) 0.081 0.071 0.065 0.081 0.063 0.022 0.054 
 152   (0.011) 0.001 0.010 0.001 0.001 0.009 0.003 0.010 

Locus 17 : 17 
5 alleles
0.0% missing data
  90   (0.677) 0.522 0.678 0.820 0.627 0.681 0.682 0.680 
 102   (0.164) 0.018 0.161 0.162 0.357 0.162 0.226 0.167 
 100   (0.092) 0.453 0.095 0.007 0.009 0.100 0.043 0.101 
  88   (0.056) 0.006 0.055 0.011 0.006 0.048 0.047 0.044 
 104   (0.011) 0.001 0.011 0.001 0.001 0.009 0.003 0.008 

Locus 18 : 18 
7 alleles
0.0% missing data
 140   (0.286) 0.490 0.278 0.431 0.051 0.289 0.259 0.300 
 150   (0.070) 0.009 0.066 0.012 0.403 0.071 0.029 0.078 
 127   (0.295) 0.458 0.293 0.374 0.195 0.263 0.382 0.244 
 138   (0.059) 0.006 0.058 0.059 0.006 0.050 0.185 0.045 
 148   (0.097) 0.011 0.094 0.047 0.225 0.093 0.062 0.100 
 146   (0.100) 0.018 0.099 0.070 0.108 0.097 0.059 0.096 
 142   (0.094) 0.009 0.111 0.006 0.012 0.136 0.025 0.137 

Locus 19 : 19 
6 alleles
0.0% missing data
 190   (0.110) 0.015 0.102 0.253 0.103 0.091 0.136 0.093 
 194   (0.568) 0.672 0.583 0.650 0.597 0.595 0.458 0.590 
 200   (0.114) 0.209 0.107 0.039 0.013 0.114 0.255 0.122 
 188   (0.157) 0.017 0.157 0.054 0.138 0.160 0.137 0.162 
 202   (0.041) 0.085 0.041 0.003 0.148 0.034 0.011 0.029 
 198   (0.011) 0.001 0.010 0.001 0.001 0.006 0.003 0.004 

Locus 20 : 20 
6 alleles
0.0% missing data
 246   (0.136) 0.047 0.129 0.240 0.295 0.112 0.227 0.104 
 250   (0.081) 0.766 0.078 0.039 0.057 0.061 0.020 0.052 
 252   (0.667) 0.143 0.674 0.636 0.568 0.702 0.721 0.720 
 254   (0.073) 0.009 0.075 0.079 0.076 0.082 0.020 0.082 
 244   (0.024) 0.003 0.023 0.005 0.003 0.025 0.007 0.026 
 248   (0.019) 0.031 0.020 0.001 0.002 0.019 0.005 0.016 

Locus 21 : 21 
9 alleles
0.0% missing data
 167   (0.246) 0.073 0.248 0.222 0.252 0.279 0.269 0.295 
 177   (0.190) 0.555 0.196 0.119 0.165 0.190 0.167 0.179 
 171   (0.012) 0.001 0.011 0.012 0.002 0.006 0.004 0.005 
 175   (0.147) 0.159 0.139 0.270 0.070 0.120 0.099 0.119 
 173   (0.276) 0.196 0.279 0.202 0.130 0.304 0.360 0.317 
 165   (0.069) 0.011 0.067 0.168 0.008 0.050 0.084 0.044 
 163   (0.039) 0.004 0.041 0.005 0.355 0.038 0.010 0.032 
 159   (0.011) 0.002 0.010 0.001 0.001 0.006 0.002 0.004 
 161   (0.011) 0.001 0.009 0.001 0.018 0.005 0.004 0.004 

Locus 22 : 22 
10 alleles
0.5% missing data
 146   (0.210) 0.157 0.207 0.284 0.192 0.232 0.131 0.250 
 152   (0.411) 0.272 0.425 0.477 0.419 0.443 0.525 0.439 
 158   (0.114) 0.012 0.111 0.068 0.056 0.111 0.114 0.115 
 166   (0.075) 0.157 0.073 0.095 0.008 0.071 0.043 0.072 
 164   (0.040) 0.005 0.043 0.038 0.004 0.040 0.043 0.035 
 162   (0.048) 0.007 0.046 0.011 0.081 0.030 0.029 0.025 
 150   (0.045) 0.046 0.044 0.023 0.042 0.033 0.032 0.028 
 156   (0.022) 0.003 0.019 0.001 0.194 0.015 0.006 0.015 
 148   (0.022) 0.341 0.023 0.001 0.002 0.020 0.006 0.016 
 142   (0.012) 0.001 0.010 0.001 0.001 0.006 0.072 0.004 

Locus 23 : 23 
6 alleles
0.5% missing data
 154   (0.543) 0.285 0.553 0.647 0.266 0.590 0.406 0.607 
 156   (0.138) 0.019 0.143 0.135 0.014 0.136 0.129 0.125 
 160   (0.101) 0.011 0.096 0.044 0.245 0.086 0.169 0.084 
 144   (0.190) 0.681 0.182 0.173 0.472 0.167 0.288 0.165 
 152   (0.011) 0.001 0.010 0.001 0.001 0.009 0.003 0.010 
 158   (0.017) 0.002 0.016 0.001 0.002 0.012 0.005 0.009 

Locus 24 : 24 
4 alleles
0.5% missing data
  81   (0.347) 0.376 0.354 0.273 0.039 0.395 0.335 0.415 
  83   (0.510) 0.609 0.505 0.608 0.927 0.465 0.501 0.448 
  77   (0.091) 0.009 0.092 0.053 0.029 0.096 0.101 0.096 
  85   (0.052) 0.006 0.049 0.067 0.005 0.044 0.063 0.041 

Locus 25 : 25 
6 alleles
0.5% missing data
 124   (0.512) 0.379 0.511 0.600 0.353 0.541 0.559 0.555 
 132   (0.293) 0.212 0.295 0.276 0.609 0.296 0.362 0.293 
 122   (0.127) 0.016 0.131 0.120 0.032 0.117 0.037 0.110 
 120   (0.015) 0.386 0.013 0.001 0.001 0.010 0.004 0.009 
 126   (0.035) 0.004 0.035 0.002 0.004 0.027 0.011 0.026 
 136   (0.017) 0.002 0.015 0.001 0.002 0.009 0.027 0.007 

Locus 26 : 26 
6 alleles
0.0% missing data
 165   (0.251) 0.369 0.244 0.343 0.061 0.230 0.386 0.226 
 175   (0.249) 0.025 0.252 0.308 0.233 0.248 0.347 0.241 
 183   (0.364) 0.189 0.376 0.311 0.693 0.370 0.207 0.359 
 181   (0.056) 0.006 0.053 0.033 0.005 0.053 0.036 0.057 
 179   (0.068) 0.411 0.066 0.005 0.007 0.089 0.021 0.107 
 185   (0.012) 0.001 0.010 0.001 0.001 0.009 0.003 0.010 

Locus 27 : 27 
4 alleles
0.0% missing data
 138   (0.061) 0.007 0.059 0.012 0.006 0.051 0.114 0.047 
 142   (0.524) 0.487 0.515 0.603 0.724 0.540 0.649 0.563 
 150   (0.160) 0.016 0.163 0.105 0.184 0.155 0.085 0.152 
 148   (0.255) 0.489 0.264 0.281 0.086 0.255 0.151 0.238 

Locus 28 : 28 
5 alleles
0.0% missing data
 260   (0.440) 0.182 0.459 0.335 0.250 0.470 0.534 0.456 
 262   (0.466) 0.809 0.451 0.606 0.574 0.454 0.370 0.473 
 256   (0.061) 0.006 0.058 0.056 0.173 0.054 0.020 0.053 
 258   (0.021) 0.002 0.021 0.001 0.002 0.016 0.006 0.014 
 264   (0.012) 0.001 0.010 0.001 0.001 0.006 0.071 0.004 

Locus 29 : 29 
5 alleles
0.5% missing data
 150   (0.488) 0.190 0.493 0.443 0.249 0.537 0.533 0.562 
 146   (0.235) 0.025 0.243 0.238 0.448 0.221 0.308 0.195 
 140   (0.171) 0.773 0.161 0.236 0.149 0.145 0.129 0.147 
 148   (0.075) 0.008 0.072 0.081 0.151 0.071 0.022 0.074 
 152   (0.031) 0.004 0.031 0.002 0.003 0.026 0.009 0.023 

Locus 30 : 30 
6 alleles
0.0% missing data
 129   (0.502) 0.327 0.501 0.429 0.636 0.510 0.682 0.519 
 127   (0.084) 0.593 0.081 0.138 0.008 0.067 0.023 0.062 
 125   (0.259) 0.062 0.267 0.308 0.263 0.260 0.137 0.248 
 123   (0.101) 0.012 0.096 0.121 0.087 0.117 0.055 0.133 
 131   (0.039) 0.005 0.039 0.003 0.004 0.031 0.100 0.027 
 121   (0.014) 0.001 0.015 0.001 0.001 0.015 0.003 0.012 

Locus 31 : 31 
5 alleles
0.0% missing data
 157   (0.217) 0.242 0.215 0.329 0.062 0.221 0.264 0.226 
 155   (0.571) 0.656 0.586 0.442 0.585 0.571 0.480 0.545 
 159   (0.128) 0.015 0.121 0.223 0.013 0.127 0.164 0.140 
 151   (0.033) 0.050 0.030 0.002 0.334 0.019 0.008 0.015 
 153   (0.050) 0.037 0.048 0.003 0.005 0.062 0.084 0.075 

Locus 32 : 32 
4 alleles
0.0% missing data
 146   (0.348) 0.360 0.346 0.307 0.441 0.323 0.305 0.317 
 150   (0.529) 0.596 0.538 0.514 0.547 0.555 0.655 0.554 
 154   (0.055) 0.037 0.051 0.078 0.005 0.056 0.020 0.061 
 148   (0.067) 0.007 0.065 0.101 0.007 0.066 0.019 0.068 

Locus 33 : 33 
6 alleles
0.0% missing data
 192   (0.188) 0.022 0.188 0.153 0.124 0.183 0.322 0.186 
 196   (0.145) 0.017 0.149 0.104 0.014 0.157 0.134 0.152 
 180   (0.416) 0.759 0.416 0.440 0.729 0.423 0.417 0.428 
 184   (0.199) 0.194 0.196 0.275 0.048 0.187 0.113 0.184 
 190   (0.022) 0.002 0.022 0.026 0.002 0.019 0.005 0.015 
 198   (0.031) 0.005 0.029 0.002 0.082 0.031 0.008 0.034 

Locus 34 : 34 
7 alleles
0.0% missing data
 106   (0.324) 0.296 0.319 0.308 0.682 0.326 0.334 0.337 
 110   (0.203) 0.253 0.207 0.354 0.064 0.216 0.156 0.213 
 112   (0.259) 0.027 0.262 0.259 0.105 0.271 0.413 0.275 
 108   (0.142) 0.142 0.144 0.049 0.071 0.136 0.058 0.134 
  90   (0.040) 0.279 0.036 0.029 0.004 0.022 0.032 0.016 
  96   (0.011) 0.001 0.010 0.001 0.072 0.005 0.003 0.004 
  94   (0.020) 0.002 0.023 0.001 0.002 0.024 0.005 0.020 

Locus 35 : 35 
8 alleles
0.0% missing data
 172   (0.264) 0.028 0.261 0.108 0.376 0.249 0.539 0.251 
 176   (0.105) 0.011 0.116 0.254 0.011 0.118 0.034 0.107 
 170   (0.321) 0.528 0.317 0.518 0.583 0.282 0.200 0.259 
 166   (0.051) 0.006 0.047 0.039 0.005 0.043 0.064 0.045 
 174   (0.116) 0.012 0.119 0.070 0.012 0.147 0.071 0.163 
 168   (0.080) 0.409 0.080 0.006 0.008 0.102 0.023 0.112 
 178   (0.046) 0.005 0.046 0.003 0.005 0.039 0.065 0.037 
 186   (0.016) 0.002 0.014 0.001 0.001 0.020 0.004 0.026 

Locus 36 : 36 
6 alleles
0.0% missing data
  85   (0.215) 0.325 0.214 0.100 0.193 0.239 0.140 0.255 
  89   (0.516) 0.297 0.516 0.608 0.770 0.520 0.561 0.527 
  81   (0.056) 0.007 0.055 0.134 0.006 0.043 0.019 0.038 
  95   (0.061) 0.007 0.060 0.091 0.006 0.048 0.087 0.040 
  83   (0.137) 0.020 0.142 0.065 0.024 0.141 0.191 0.133 
  91   (0.015) 0.344 0.013 0.001 0.001 0.009 0.003 0.007 

Locus 37 : 37 
7 alleles
0.0% missing data
 161   (0.349) 0.080 0.349 0.353 0.402 0.374 0.259 0.393 
 165   (0.223) 0.074 0.225 0.199 0.064 0.231 0.210 0.227 
 173   (0.302) 0.422 0.295 0.439 0.519 0.250 0.402 0.230 
 169   (0.076) 0.040 0.087 0.005 0.010 0.102 0.044 0.103 
 168   (0.012) 0.380 0.010 0.001 0.001 0.006 0.003 0.004 
 167   (0.026) 0.004 0.024 0.002 0.003 0.032 0.033 0.038 
 175   (0.012) 0.001 0.010 0.001 0.001 0.006 0.048 0.004 

Locus 38 : 38 
6 alleles
0.0% missing data
  85   (0.240) 0.155 0.233 0.253 0.272 0.209 0.299 0.201 
  89   (0.362) 0.038 0.385 0.226 0.066 0.442 0.379 0.459 
  91   (0.173) 0.043 0.169 0.287 0.304 0.143 0.227 0.130 
  93   (0.017) 0.002 0.014 0.021 0.002 0.008 0.016 0.006 
  87   (0.118) 0.751 0.113 0.072 0.204 0.112 0.032 0.116 
  81   (0.089) 0.011 0.086 0.141 0.152 0.086 0.046 0.087 

Locus 39 : 39 
3 alleles
0.0% missing data
 167   (0.795) 0.808 0.792 0.955 0.896 0.795 0.872 0.802 
 161   (0.179) 0.189 0.178 0.043 0.101 0.176 0.122 0.174 
 165   (0.026) 0.004 0.030 0.002 0.003 0.029 0.006 0.025 

Locus 40 : 40 
6 alleles
0.5% missing data
 228   (0.380) 0.481 0.381 0.322 0.187 0.370 0.564 0.359 
 240   (0.147) 0.066 0.148 0.034 0.149 0.168 0.110 0.181 
 236   (0.071) 0.152 0.067 0.113 0.614 0.049 0.018 0.040 
 238   (0.362) 0.171 0.369 0.403 0.047 0.389 0.298 0.399 
 224   (0.023) 0.002 0.021 0.127 0.002 0.014 0.006 0.012 
 242   (0.016) 0.128 0.015 0.001 0.002 0.010 0.004 0.008 

Locus 41 : 41 
9 alleles
0.5% missing data
 130   (0.492) 0.091 0.518 0.463 0.391 0.535 0.420 0.517 
 114   (0.091) 0.513 0.088 0.155 0.009 0.093 0.026 0.098 
 132   (0.108) 0.011 0.104 0.187 0.307 0.099 0.058 0.103 
 120   (0.011) 0.001 0.009 0.006 0.001 0.005 0.003 0.004 
 128   (0.064) 0.007 0.060 0.040 0.012 0.054 0.295 0.054 
 118   (0.065) 0.070 0.059 0.011 0.261 0.057 0.039 0.061 
 134   (0.147) 0.306 0.141 0.132 0.016 0.141 0.153 0.149 
 119   (0.011) 0.001 0.010 0.005 0.002 0.006 0.003 0.005 
 122   (0.011) 0.001 0.010 0.001 0.001 0.008 0.003 0.008 

Locus 42 : 42 
8 alleles
0.0% missing data
 104   (0.398) 0.082 0.400 0.290 0.311 0.405 0.536 0.413 
  94   (0.014) 0.002 0.012 0.009 0.002 0.007 0.010 0.006 
 102   (0.235) 0.270 0.233 0.419 0.542 0.263 0.301 0.282 
 100   (0.020) 0.003 0.017 0.007 0.017 0.010 0.025 0.008 
  96   (0.058) 0.163 0.055 0.053 0.006 0.045 0.020 0.042 
  98   (0.140) 0.280 0.142 0.117 0.109 0.131 0.038 0.123 
  92   (0.124) 0.199 0.130 0.105 0.012 0.129 0.067 0.118 
 106   (0.011) 0.001 0.011 0.001 0.001 0.009 0.003 0.008 

Locus 43 : 43 
5 alleles
0.0% missing data
  95   (0.232) 0.052 0.230 0.227 0.422 0.243 0.201 0.251 
 101   (0.340) 0.032 0.341 0.404 0.172 0.320 0.538 0.311 
 103   (0.306) 0.220 0.310 0.311 0.381 0.332 0.220 0.342 
  97   (0.035) 0.355 0.032 0.005 0.016 0.023 0.017 0.022 
  99   (0.087) 0.342 0.087 0.054 0.009 0.081 0.023 0.075 

Locus 44 : 44 
8 alleles
0.0% missing data
 191   (0.287) 0.115 0.282 0.432 0.049 0.288 0.261 0.297 
 181   (0.567) 0.547 0.581 0.533 0.911 0.589 0.623 0.578 
 177   (0.055) 0.006 0.052 0.025 0.007 0.048 0.091 0.049 
 187   (0.011) 0.001 0.010 0.004 0.001 0.006 0.003 0.005 
 179   (0.027) 0.326 0.023 0.002 0.003 0.033 0.007 0.041 
 189   (0.022) 0.002 0.020 0.001 0.026 0.013 0.006 0.010 
 193   (0.016) 0.002 0.016 0.001 0.002 0.012 0.004 0.009 
 183   (0.016) 0.002 0.015 0.001 0.002 0.011 0.006 0.010 

Locus 45 : 45 
6 alleles
1.0% missing data
 205   (0.472) 0.322 0.479 0.439 0.282 0.504 0.606 0.511 
 211   (0.206) 0.161 0.198 0.291 0.167 0.198 0.149 0.205 
 201   (0.045) 0.453 0.042 0.045 0.005 0.045 0.014 0.050 
 207   (0.191) 0.054 0.199 0.092 0.435 0.186 0.201 0.171 
 215   (0.075) 0.008 0.073 0.133 0.110 0.059 0.025 0.054 
 202   (0.011) 0.001 0.010 0.001 0.001 0.008 0.005 0.008 

Locus 46 : 46 
10 alleles
0.0% missing data
 142   (0.282) 0.032 0.279 0.343 0.296 0.294 0.412 0.308 
 166   (0.155) 0.134 0.154 0.085 0.267 0.148 0.256 0.142 
 162   (0.066) 0.357 0.063 0.152 0.007 0.049 0.021 0.045 
 164   (0.063) 0.056 0.060 0.049 0.007 0.054 0.036 0.053 
 158   (0.171) 0.146 0.172 0.237 0.256 0.176 0.114 0.176 
 168   (0.151) 0.122 0.164 0.121 0.128 0.165 0.078 0.151 
 156   (0.036) 0.145 0.033 0.008 0.004 0.035 0.010 0.040 
 160   (0.011) 0.001 0.009 0.001 0.023 0.005 0.003 0.004 
 144   (0.042) 0.004 0.042 0.003 0.009 0.055 0.064 0.066 
 170   (0.024) 0.002 0.024 0.002 0.005 0.020 0.006 0.016 

Locus 47 : 47 
6 alleles
0.0% missing data
 145   (0.230) 0.354 0.218 0.354 0.657 0.220 0.302 0.227 
 153   (0.208) 0.023 0.212 0.164 0.093 0.243 0.107 0.263 
 149   (0.319) 0.474 0.325 0.127 0.218 0.314 0.405 0.305 
 151   (0.212) 0.145 0.214 0.354 0.029 0.197 0.180 0.184 
 143   (0.020) 0.002 0.021 0.001 0.002 0.019 0.005 0.015 
 147   (0.011) 0.001 0.011 0.001 0.001 0.008 0.003 0.006 

Values of parameters used in structure:
DATAFILE=c1.str,	OUTFILE=k7/c1_k7_run7,	NUMINDS=202,	NUMLOCI=47,	MISSING=-9,	LABEL=1,	POPDATA=1,	POPFLAG=0,	PHENOTYPE=0,	EXTRACOLS=0,	MAXPOPS=7,	BURNIN=500000,	NUMREPS=750000,	USEPOPINFO=0,	INFERALPHA=1,	INFERLAMBDA=0,	POPSPECIFICLAMBDA=0,	POPALPHAS=0,	COMPUTEPROB=1,	NOADMIX=0,	ADMBURNIN=500,	UPDATEFREQ=100,	PRINTLIKES=0,	INTERMEDSAVE=0,	PRINTKLD=0,	PRINTNET=1,	PRINTLAMBDA=1,	ANCESTDIST=0,	NUMBOXES=1000,	ANCESTPINT=0.90000,	GENSBACK=2,	MIGRPRIOR=0.01000,	PRINTQHAT=0,	PRINTQSUM=1,	ALPHA=1.0000,	FREQSCORR=1,	FPRIORMEAN=0.0100,	FPRIORSD=0.0500,	ONEFST=0,	LAMBDA=1.0000,	UNIFPRIORALPHA=1,	ALPHAMAX=10.0000,	ALPHAPRIORA=1.0000,	ALPHAPRIORB=2.0000,	ALPHAPROPSD=0.0250,	STARTATPOPINFO=0,	RANDOMIZE=0,	LINKAGE=0,	METROFREQ=10,	REPORTHITRATE=0,	MARKOVPHASE=0,	PHASED=1,	PLOIDY=2,	PHASEINFO=0	LOCPRIOR=0, 	LOCPRIORINIT=1.000000, 	LOCDATA=0, 	LOCISPOP=1, 	LOCPRIORSTEP=0.100000, 	MAXLOCPRIOR=20.000000, 	SEED=309504,	
[STRAT parameters]:    NUMSIMSTATS=1000,	PHENOTYPECOL=-9,	POOLFREQ=10,	LOCUSxONLY=0,	EMERROR=0.00100,	MISSINGPHENO=-9,	