

----------------------------------------------------
STRUCTURE by Pritchard, Stephens and Donnelly (2000)
     and Falush, Stephens and Pritchard (2003)
       Code by Pritchard, Falush and Hubisz
             Version 2.3.4 (Jul 2012)
----------------------------------------------------



Command line arguments:   structure -D 245019 -K 4 -m mainparams -o k4/subw2_k4_run1 
Input File:    subw2.str

Run parameters:
   91 individuals
   47 loci
   4 populations assumed
   500000 Burn-in period
   750000 Reps
RANDOMIZE turned off


--------------------------------------------
Proportion of membership of each pre-defined
 population in each of the 4 clusters

Given    Inferred Clusters              Number of
 Pop       1      2      3      4      Individuals

  1:     0.358  0.413  0.055  0.173       10
  2:     0.262  0.304  0.237  0.197       23
  3:     0.157  0.193  0.495  0.156       11
  4:     0.078  0.096  0.757  0.070       18
  5:     0.305  0.366  0.124  0.205       25
  6:     0.301  0.136  0.022  0.540        4
--------------------------------------------

Allele-freq. divergence among pops (Net nucleotide distance),
computed using point estimates of P.

      1       2       3       4      
 1      -    0.0006  0.0169  0.0027  
 2   0.0006     -    0.0152  0.0057  
 3   0.0169  0.0152     -    0.0215  
 4   0.0027  0.0057  0.0215     -    

Average distances (expected heterozygosity) between individuals in same cluster:
cluster  1  : 0.6455 
cluster  2  : 0.6549 
cluster  3  : 0.5896 
cluster  4  : 0.6281 

--------------------------------------------
Estimated Ln Prob of Data   = -10747.8
Mean value of ln likelihood = -10295.4
Variance of ln likelihood   = 904.8
Mean value of alpha         = 0.0861

Mean value of Fst_1         = 0.0260
Mean value of Fst_2         = 0.0001
Mean value of Fst_3         = 0.0818
Mean value of Fst_4         = 0.0595


Inferred ancestry of individuals:
        Label (%Miss) Pop:  Inferred clusters
  1      180    (0)    1 :  0.436 0.355 0.024 0.186 
  2      203    (0)    1 :  0.269 0.527 0.091 0.113 
  3      177    (0)    1 :  0.392 0.405 0.050 0.153 
  4       51    (0)    1 :  0.414 0.403 0.013 0.171 
  5      173    (2)    1 :  0.318 0.444 0.062 0.176 
  6      198    (0)    1 :  0.409 0.385 0.017 0.189 
  7      174    (2)    1 :  0.476 0.324 0.014 0.186 
  8      102    (0)    1 :  0.240 0.379 0.246 0.135 
  9      349    (0)    1 :  0.328 0.351 0.015 0.306 
 10      410    (0)    1 :  0.302 0.558 0.019 0.121 
 11      737    (0)    2 :  0.428 0.380 0.017 0.175 
 12      469    (0)    2 :  0.208 0.310 0.298 0.185 
 13      752    (2)    2 :  0.273 0.406 0.178 0.142 
 14      494    (0)    2 :  0.372 0.366 0.114 0.147 
 15      467    (0)    2 :  0.031 0.027 0.905 0.037 
 16      722    (4)    2 :  0.016 0.014 0.952 0.017 
 17      753    (4)    2 :  0.249 0.034 0.043 0.675 
 18      716    (0)    2 :  0.031 0.031 0.904 0.033 
 19      723    (0)    2 :  0.027 0.040 0.912 0.021 
 20      477    (0)    2 :  0.250 0.030 0.013 0.707 
 21      712    (4)    2 :  0.388 0.328 0.099 0.185 
 22      749    (2)    2 :  0.353 0.477 0.027 0.143 
 23      725    (0)    2 :  0.259 0.470 0.114 0.157 
 24      750    (4)    2 :  0.372 0.438 0.037 0.153 
 25      748    (0)    2 :  0.332 0.501 0.021 0.145 
 26      721    (0)    2 :  0.259 0.144 0.102 0.495 
 27      472    (0)    2 :  0.287 0.530 0.052 0.130 
 28      491    (0)    2 :  0.281 0.518 0.087 0.114 
 29      498    (0)    2 :  0.321 0.486 0.062 0.131 
 30      733    (0)    2 :  0.232 0.242 0.250 0.276 
 31      741    (2)    2 :  0.358 0.344 0.142 0.155 
 32      735    (4)    2 :  0.284 0.495 0.082 0.140 
 33      736    (2)    2 :  0.405 0.392 0.035 0.168 
 34      484    (0)    3 :  0.321 0.354 0.188 0.137 
 35      444    (4)    3 :  0.020 0.025 0.937 0.018 
 36      449    (0)    3 :  0.020 0.019 0.935 0.026 
 37      159    (0)    3 :  0.277 0.539 0.031 0.153 
 38      162    (0)    3 :  0.058 0.089 0.816 0.037 
 39      427    (0)    3 :  0.044 0.027 0.853 0.075 
 40      428    (0)    3 :  0.105 0.024 0.608 0.263 
 41      436    (0)    3 :  0.024 0.019 0.923 0.034 
 42      155    (0)    3 :  0.310 0.530 0.030 0.130 
 43      486    (0)    3 :  0.303 0.458 0.077 0.161 
 44      445    (2)    3 :  0.244 0.033 0.044 0.679 
 45      434    (0)    4 :  0.014 0.015 0.958 0.013 
 46      496    (0)    4 :  0.052 0.065 0.852 0.031 
 47      466    (0)    4 :  0.062 0.057 0.799 0.082 
 48      456    (0)    4 :  0.213 0.417 0.250 0.120 
 49      497    (0)    4 :  0.039 0.061 0.868 0.032 
 50      470    (0)    4 :  0.018 0.018 0.944 0.019 
 51      879    (0)    4 :  0.016 0.015 0.959 0.010 
 52      458    (0)    4 :  0.179 0.225 0.504 0.092 
 53      448    (2)    4 :  0.018 0.016 0.946 0.020 
 54      483    (0)    4 :  0.021 0.021 0.945 0.013 
 55      495    (0)    4 :  0.042 0.056 0.875 0.027 
 56      440    (0)    4 :  0.111 0.057 0.617 0.215 
 57      178    (0)    4 :  0.131 0.163 0.572 0.135 
 58      465    (0)    4 :  0.033 0.033 0.899 0.035 
 59      422    (0)    4 :  0.016 0.015 0.952 0.017 
 60      459    (0)    4 :  0.029 0.033 0.919 0.019 
 61      457    (0)    4 :  0.160 0.122 0.451 0.267 
 62      426    (0)    4 :  0.250 0.337 0.308 0.105 
 63      169    (2)    5 :  0.114 0.132 0.667 0.087 
 64      112    (0)    5 :  0.358 0.481 0.019 0.141 
 65      360    (0)    5 :  0.281 0.465 0.121 0.133 
 66      357    (0)    5 :  0.300 0.402 0.020 0.278 
 67      418    (0)    5 :  0.252 0.035 0.012 0.700 
 68      367    (0)    5 :  0.338 0.311 0.010 0.340 
 69      380    (0)    5 :  0.379 0.445 0.022 0.154 
 70      358    (0)    5 :  0.286 0.570 0.033 0.111 
 71      370    (0)    5 :  0.430 0.348 0.029 0.192 
 72      365    (0)    5 :  0.260 0.596 0.053 0.091 
 73      168    (0)    5 :  0.265 0.571 0.039 0.126 
 74      366    (0)    5 :  0.340 0.542 0.010 0.108 
 75      372    (0)    5 :  0.053 0.051 0.853 0.043 
 76      170    (0)    5 :  0.446 0.355 0.017 0.183 
 77       94    (4)    5 :  0.324 0.432 0.108 0.135 
 78      369    (0)    5 :  0.370 0.438 0.017 0.175 
 79      120    (0)    5 :  0.420 0.364 0.042 0.174 
 80      364    (0)    5 :  0.362 0.454 0.029 0.154 
 81      371    (0)    5 :  0.295 0.563 0.035 0.107 
 82      388    (0)    5 :  0.402 0.410 0.019 0.168 
 83      171    (2)    5 :  0.334 0.157 0.021 0.488 
 84      356    (0)    5 :  0.377 0.447 0.024 0.151 
 85      419    (0)    5 :  0.249 0.020 0.016 0.715 
 86      127    (2)    5 :  0.343 0.497 0.019 0.141 
 87      339    (0)    5 :  0.050 0.071 0.849 0.031 
 88      414    (0)    6 :  0.263 0.026 0.012 0.699 
 89      416    (0)    6 :  0.257 0.095 0.049 0.599 
 90      415    (2)    6 :  0.411 0.383 0.014 0.192 
 91      409    (0)    6 :  0.271 0.041 0.015 0.672 


Estimated Allele Frequencies in each cluster
First column gives estimated ancestral frequencies


Locus 1 : 1 
4 alleles
0.0% missing data
  89   (0.590) 0.584 0.590 0.581 0.575 
  93   (0.072) 0.065 0.072 0.046 0.050 
  91   (0.321) 0.321 0.321 0.370 0.312 
  99   (0.018) 0.030 0.018 0.003 0.063 

Locus 2 : 2 
6 alleles
1.1% missing data
 136   (0.348) 0.348 0.348 0.093 0.279 
 134   (0.258) 0.233 0.258 0.280 0.210 
 138   (0.223) 0.243 0.223 0.456 0.306 
 140   (0.085) 0.089 0.085 0.032 0.101 
 132   (0.043) 0.050 0.043 0.009 0.072 
 142   (0.043) 0.036 0.043 0.129 0.033 

Locus 3 : 3 
6 alleles
0.0% missing data
 179   (0.204) 0.238 0.203 0.256 0.320 
 187   (0.364) 0.356 0.364 0.181 0.291 
 181   (0.213) 0.187 0.213 0.308 0.153 
 175   (0.084) 0.070 0.084 0.150 0.049 
 191   (0.036) 0.042 0.036 0.007 0.060 
 185   (0.100) 0.108 0.100 0.098 0.127 

Locus 4 : 4 
8 alleles
1.1% missing data
 253   (0.476) 0.544 0.476 0.460 0.657 
 241   (0.133) 0.112 0.133 0.141 0.076 
 247   (0.097) 0.100 0.097 0.037 0.097 
 239   (0.022) 0.017 0.022 0.004 0.012 
 269   (0.206) 0.174 0.206 0.345 0.123 
 249   (0.022) 0.018 0.022 0.005 0.013 
 271   (0.023) 0.018 0.023 0.004 0.011 
 273   (0.022) 0.018 0.022 0.004 0.012 

Locus 5 : 5 
6 alleles
0.0% missing data
 103   (0.841) 0.838 0.841 0.944 0.812 
 105   (0.056) 0.055 0.056 0.013 0.051 
 104   (0.056) 0.073 0.056 0.035 0.115 
 107   (0.016) 0.011 0.016 0.003 0.007 
 102   (0.016) 0.012 0.016 0.003 0.007 
 101   (0.015) 0.011 0.015 0.003 0.008 

Locus 6 : 6 
5 alleles
0.0% missing data
 145   (0.387) 0.366 0.387 0.656 0.325 
 141   (0.295) 0.327 0.295 0.193 0.408 
 135   (0.233) 0.229 0.233 0.133 0.212 
 147   (0.063) 0.059 0.063 0.014 0.042 
 137   (0.022) 0.019 0.022 0.005 0.012 

Locus 7 : 7 
8 alleles
2.2% missing data
  85   (0.066) 0.055 0.066 0.047 0.037 
  89   (0.100) 0.087 0.100 0.128 0.058 
  93   (0.231) 0.214 0.231 0.260 0.169 
  97   (0.183) 0.196 0.183 0.158 0.240 
 103   (0.283) 0.304 0.283 0.334 0.324 
  91   (0.072) 0.067 0.072 0.040 0.054 
  83   (0.050) 0.068 0.050 0.031 0.110 
  99   (0.015) 0.011 0.015 0.003 0.007 

Locus 8 : 8 
8 alleles
0.0% missing data
 129   (0.527) 0.519 0.527 0.663 0.489 
 143   (0.251) 0.264 0.251 0.235 0.283 
 141   (0.051) 0.050 0.051 0.032 0.051 
 133   (0.029) 0.024 0.029 0.008 0.016 
 149   (0.090) 0.104 0.090 0.053 0.134 
 145   (0.015) 0.011 0.014 0.003 0.007 
 131   (0.014) 0.011 0.014 0.003 0.007 
 127   (0.022) 0.018 0.022 0.004 0.011 

Locus 9 : 9 
3 alleles
0.0% missing data
 189   (0.542) 0.525 0.542 0.419 0.464 
 195   (0.121) 0.109 0.121 0.294 0.098 
 191   (0.337) 0.367 0.337 0.287 0.439 

Locus 10 : 10 
6 alleles
1.1% missing data
 232   (0.277) 0.283 0.277 0.174 0.271 
 252   (0.094) 0.098 0.094 0.091 0.111 
 238   (0.555) 0.555 0.556 0.722 0.561 
 248   (0.022) 0.018 0.022 0.004 0.011 
 236   (0.015) 0.011 0.015 0.003 0.007 
 254   (0.037) 0.034 0.037 0.007 0.038 

Locus 11 : 11 
4 alleles
0.0% missing data
  87   (0.688) 0.681 0.688 0.787 0.681 
  89   (0.243) 0.262 0.243 0.173 0.282 
  91   (0.053) 0.046 0.053 0.038 0.029 
  85   (0.015) 0.011 0.015 0.003 0.008 

Locus 12 : 12 
12 alleles
1.1% missing data
 147   (0.038) 0.030 0.038 0.070 0.020 
 162   (0.244) 0.297 0.244 0.212 0.386 
 170   (0.055) 0.056 0.055 0.054 0.062 
 158   (0.257) 0.260 0.257 0.175 0.245 
 161   (0.100) 0.092 0.100 0.100 0.074 
 154   (0.021) 0.018 0.021 0.004 0.011 
 149   (0.048) 0.041 0.048 0.081 0.035 
 160   (0.157) 0.136 0.157 0.256 0.091 
 143   (0.029) 0.034 0.029 0.006 0.052 
 159   (0.019) 0.014 0.019 0.038 0.010 
 164   (0.015) 0.011 0.015 0.003 0.007 
 153   (0.015) 0.011 0.015 0.003 0.008 

Locus 13 : 13 
4 alleles
0.0% missing data
 108   (0.183) 0.167 0.183 0.145 0.106 
 113   (0.308) 0.340 0.308 0.294 0.417 
 115   (0.493) 0.483 0.493 0.558 0.469 
 109   (0.016) 0.011 0.016 0.003 0.008 

Locus 14 : 14 
5 alleles
2.2% missing data
 229   (0.517) 0.502 0.518 0.517 0.448 
 231   (0.156) 0.174 0.156 0.032 0.188 
 225   (0.163) 0.153 0.163 0.123 0.146 
 227   (0.120) 0.102 0.120 0.302 0.090 
 233   (0.044) 0.069 0.044 0.026 0.129 

Locus 15 : 15 
4 alleles
0.0% missing data
 143   (0.812) 0.819 0.812 0.908 0.839 
 145   (0.097) 0.102 0.097 0.029 0.108 
 147   (0.069) 0.061 0.069 0.059 0.042 
 133   (0.023) 0.018 0.023 0.004 0.012 

Locus 16 : 16 
5 alleles
0.0% missing data
 156   (0.265) 0.281 0.265 0.272 0.291 
 158   (0.530) 0.542 0.530 0.605 0.576 
 154   (0.088) 0.079 0.088 0.040 0.060 
 160   (0.103) 0.089 0.103 0.069 0.067 
 152   (0.014) 0.010 0.014 0.014 0.007 

Locus 17 : 17 
4 alleles
0.0% missing data
  90   (0.610) 0.588 0.610 0.777 0.531 
 100   (0.066) 0.073 0.066 0.013 0.079 
 102   (0.229) 0.243 0.229 0.191 0.293 
  88   (0.095) 0.096 0.095 0.020 0.098 

Locus 18 : 18 
7 alleles
0.0% missing data
 127   (0.302) 0.309 0.302 0.303 0.309 
 148   (0.085) 0.083 0.085 0.051 0.084 
 140   (0.304) 0.305 0.304 0.327 0.291 
 138   (0.047) 0.040 0.047 0.046 0.029 
 142   (0.146) 0.136 0.146 0.113 0.115 
 150   (0.053) 0.056 0.053 0.089 0.073 
 146   (0.062) 0.071 0.062 0.070 0.100 

Locus 19 : 19 
7 alleles
0.0% missing data
 188   (0.212) 0.212 0.212 0.151 0.194 
 194   (0.503) 0.531 0.503 0.512 0.591 
 192   (0.015) 0.012 0.015 0.003 0.008 
 190   (0.117) 0.099 0.117 0.218 0.069 
 200   (0.123) 0.122 0.123 0.111 0.124 
 202   (0.015) 0.012 0.015 0.003 0.007 
 196   (0.015) 0.012 0.015 0.003 0.007 

Locus 20 : 20 
6 alleles
1.1% missing data
 246   (0.123) 0.115 0.123 0.069 0.094 
 252   (0.684) 0.705 0.684 0.737 0.727 
 250   (0.068) 0.067 0.068 0.065 0.072 
 254   (0.074) 0.067 0.074 0.117 0.062 
 244   (0.022) 0.017 0.022 0.006 0.011 
 248   (0.029) 0.028 0.029 0.007 0.035 

Locus 21 : 21 
7 alleles
0.0% missing data
 175   (0.134) 0.136 0.134 0.074 0.137 
 177   (0.264) 0.286 0.264 0.229 0.319 
 159   (0.035) 0.030 0.035 0.017 0.024 
 167   (0.165) 0.178 0.165 0.110 0.207 
 173   (0.278) 0.251 0.278 0.537 0.202 
 165   (0.059) 0.062 0.059 0.012 0.070 
 163   (0.065) 0.057 0.065 0.020 0.041 

Locus 22 : 22 
10 alleles
1.1% missing data
 152   (0.393) 0.362 0.393 0.636 0.289 
 162   (0.078) 0.072 0.079 0.037 0.051 
 166   (0.104) 0.113 0.104 0.037 0.128 
 146   (0.228) 0.249 0.228 0.213 0.299 
 156   (0.032) 0.025 0.032 0.032 0.018 
 158   (0.087) 0.097 0.087 0.016 0.106 
 164   (0.022) 0.019 0.022 0.004 0.015 
 150   (0.020) 0.037 0.020 0.004 0.077 
 142   (0.021) 0.015 0.021 0.017 0.010 
 148   (0.014) 0.011 0.014 0.003 0.007 

Locus 23 : 23 
7 alleles
0.0% missing data
 154   (0.534) 0.568 0.534 0.508 0.630 
 158   (0.028) 0.025 0.028 0.005 0.016 
 160   (0.089) 0.074 0.089 0.106 0.049 
 156   (0.149) 0.157 0.149 0.067 0.156 
 144   (0.162) 0.147 0.162 0.305 0.131 
 152   (0.016) 0.012 0.016 0.004 0.008 
 146   (0.022) 0.017 0.022 0.004 0.010 

Locus 24 : 24 
4 alleles
1.1% missing data
  83   (0.471) 0.497 0.471 0.453 0.536 
  81   (0.350) 0.353 0.350 0.351 0.366 
  85   (0.084) 0.071 0.084 0.101 0.046 
  77   (0.095) 0.079 0.095 0.096 0.051 

Locus 25 : 25 
5 alleles
0.0% missing data
 124   (0.577) 0.572 0.577 0.547 0.539 
 122   (0.081) 0.074 0.081 0.184 0.071 
 132   (0.297) 0.319 0.297 0.261 0.368 
 126   (0.022) 0.017 0.022 0.004 0.011 
 136   (0.023) 0.018 0.023 0.004 0.011 

Locus 26 : 26 
6 alleles
0.0% missing data
 175   (0.266) 0.271 0.266 0.365 0.291 
 183   (0.358) 0.376 0.358 0.349 0.393 
 165   (0.210) 0.204 0.210 0.232 0.202 
 181   (0.055) 0.049 0.055 0.010 0.032 
 179   (0.096) 0.087 0.096 0.041 0.073 
 185   (0.016) 0.012 0.016 0.003 0.008 

Locus 27 : 27 
4 alleles
0.0% missing data
 142   (0.614) 0.619 0.614 0.769 0.641 
 148   (0.243) 0.247 0.243 0.155 0.238 
 150   (0.100) 0.097 0.100 0.066 0.097 
 138   (0.044) 0.037 0.044 0.009 0.024 

Locus 28 : 28 
6 alleles
0.0% missing data
 262   (0.522) 0.504 0.522 0.417 0.430 
 260   (0.372) 0.408 0.372 0.502 0.504 
 256   (0.054) 0.049 0.054 0.050 0.037 
 266   (0.015) 0.010 0.015 0.014 0.007 
 264   (0.015) 0.010 0.015 0.013 0.007 
 258   (0.022) 0.018 0.022 0.004 0.015 

Locus 29 : 29 
6 alleles
0.0% missing data
 146   (0.262) 0.244 0.262 0.309 0.190 
 150   (0.469) 0.481 0.469 0.513 0.504 
 152   (0.035) 0.034 0.035 0.007 0.037 
 140   (0.157) 0.175 0.157 0.114 0.215 
 148   (0.062) 0.055 0.062 0.054 0.047 
 151   (0.015) 0.011 0.015 0.003 0.007 

Locus 30 : 30 
6 alleles
0.0% missing data
 125   (0.333) 0.344 0.333 0.082 0.321 
 129   (0.401) 0.407 0.401 0.629 0.442 
 127   (0.100) 0.092 0.100 0.022 0.072 
 131   (0.036) 0.030 0.036 0.015 0.022 
 123   (0.115) 0.116 0.115 0.248 0.135 
 121   (0.015) 0.011 0.015 0.003 0.007 

Locus 31 : 31 
5 alleles
1.1% missing data
 155   (0.516) 0.562 0.516 0.369 0.634 
 159   (0.194) 0.182 0.194 0.256 0.156 
 153   (0.064) 0.058 0.064 0.139 0.057 
 157   (0.196) 0.173 0.196 0.231 0.135 
 151   (0.030) 0.025 0.030 0.006 0.019 

Locus 32 : 32 
5 alleles
0.0% missing data
 146   (0.340) 0.359 0.340 0.311 0.388 
 150   (0.527) 0.528 0.527 0.589 0.517 
 148   (0.051) 0.041 0.051 0.042 0.032 
 154   (0.062) 0.059 0.062 0.017 0.054 
 152   (0.020) 0.014 0.020 0.041 0.010 

Locus 33 : 33 
6 alleles
0.0% missing data
 180   (0.428) 0.446 0.428 0.408 0.466 
 192   (0.217) 0.215 0.217 0.155 0.214 
 184   (0.168) 0.166 0.168 0.199 0.151 
 196   (0.116) 0.101 0.116 0.195 0.079 
 198   (0.048) 0.056 0.048 0.009 0.079 
 190   (0.024) 0.017 0.024 0.034 0.011 

Locus 34 : 34 
6 alleles
0.0% missing data
 110   (0.157) 0.181 0.157 0.066 0.217 
 112   (0.326) 0.321 0.326 0.366 0.325 
 106   (0.286) 0.285 0.286 0.438 0.280 
 108   (0.167) 0.160 0.167 0.107 0.141 
  90   (0.049) 0.042 0.049 0.020 0.030 
  96   (0.015) 0.011 0.015 0.003 0.008 

Locus 35 : 35 
9 alleles
0.0% missing data
 166   (0.061) 0.064 0.061 0.090 0.077 
 170   (0.278) 0.265 0.278 0.246 0.210 
 174   (0.179) 0.159 0.180 0.177 0.116 
 168   (0.065) 0.069 0.065 0.044 0.077 
 172   (0.268) 0.314 0.267 0.333 0.410 
 178   (0.035) 0.027 0.035 0.018 0.019 
 176   (0.080) 0.079 0.080 0.016 0.075 
 186   (0.019) 0.013 0.019 0.073 0.009 
 158   (0.014) 0.010 0.014 0.003 0.007 

Locus 36 : 36 
6 alleles
0.0% missing data
  85   (0.149) 0.145 0.149 0.178 0.137 
  89   (0.558) 0.587 0.558 0.633 0.632 
  81   (0.069) 0.062 0.069 0.015 0.041 
  83   (0.128) 0.130 0.128 0.078 0.135 
  95   (0.080) 0.065 0.080 0.093 0.047 
  91   (0.015) 0.011 0.015 0.003 0.007 

Locus 37 : 37 
10 alleles
0.0% missing data
 165   (0.222) 0.211 0.222 0.291 0.185 
 155   (0.014) 0.011 0.014 0.003 0.007 
 173   (0.232) 0.237 0.232 0.291 0.251 
 161   (0.363) 0.343 0.363 0.245 0.261 
 169   (0.096) 0.130 0.096 0.144 0.210 
 159   (0.015) 0.022 0.015 0.003 0.043 
 167   (0.015) 0.015 0.015 0.003 0.023 
 177   (0.014) 0.010 0.014 0.003 0.007 
 175   (0.014) 0.010 0.014 0.015 0.007 
 168   (0.014) 0.010 0.014 0.003 0.007 

Locus 38 : 38 
5 alleles
0.0% missing data
  89   (0.477) 0.490 0.477 0.546 0.513 
  91   (0.197) 0.202 0.197 0.106 0.206 
  85   (0.166) 0.149 0.166 0.284 0.124 
  87   (0.069) 0.060 0.069 0.032 0.040 
  81   (0.092) 0.100 0.092 0.032 0.117 

Locus 39 : 39 
3 alleles
1.1% missing data
 161   (0.190) 0.184 0.190 0.156 0.166 
 167   (0.768) 0.774 0.768 0.771 0.780 
 165   (0.042) 0.042 0.042 0.072 0.054 

Locus 40 : 40 
6 alleles
1.1% missing data
 238   (0.372) 0.385 0.372 0.282 0.387 
 228   (0.428) 0.449 0.428 0.483 0.481 
 236   (0.068) 0.060 0.068 0.061 0.059 
 224   (0.030) 0.024 0.030 0.007 0.017 
 240   (0.087) 0.071 0.087 0.163 0.048 
 232   (0.015) 0.011 0.015 0.003 0.008 

Locus 41 : 41 
6 alleles
0.0% missing data
 130   (0.474) 0.505 0.474 0.496 0.561 
 134   (0.109) 0.105 0.109 0.025 0.089 
 114   (0.063) 0.054 0.063 0.014 0.035 
 128   (0.152) 0.153 0.152 0.128 0.165 
 132   (0.136) 0.127 0.136 0.271 0.110 
 118   (0.066) 0.055 0.066 0.066 0.040 

Locus 42 : 42 
5 alleles
2.2% missing data
 102   (0.245) 0.264 0.245 0.351 0.307 
 104   (0.467) 0.466 0.467 0.502 0.469 
  98   (0.112) 0.097 0.112 0.075 0.064 
  96   (0.061) 0.056 0.061 0.036 0.050 
  92   (0.115) 0.118 0.115 0.035 0.110 

Locus 43 : 43 
4 alleles
2.2% missing data
 101   (0.344) 0.325 0.344 0.275 0.269 
  95   (0.196) 0.233 0.196 0.192 0.320 
 103   (0.293) 0.275 0.293 0.490 0.284 
  99   (0.167) 0.167 0.167 0.043 0.127 

Locus 44 : 44 
5 alleles
0.0% missing data
 181   (0.566) 0.565 0.566 0.718 0.545 
 191   (0.291) 0.299 0.291 0.179 0.305 
 179   (0.051) 0.063 0.051 0.009 0.095 
 177   (0.077) 0.063 0.077 0.080 0.048 
 193   (0.015) 0.010 0.015 0.015 0.007 

Locus 45 : 45 
5 alleles
3.3% missing data
 205   (0.463) 0.513 0.463 0.446 0.604 
 215   (0.061) 0.052 0.061 0.044 0.033 
 211   (0.208) 0.208 0.208 0.141 0.197 
 201   (0.109) 0.096 0.109 0.103 0.071 
 207   (0.159) 0.131 0.159 0.266 0.095 

Locus 46 : 46 
9 alleles
0.0% missing data
 142   (0.373) 0.404 0.373 0.501 0.463 
 168   (0.123) 0.116 0.123 0.075 0.094 
 158   (0.166) 0.159 0.166 0.074 0.110 
 170   (0.021) 0.018 0.021 0.005 0.012 
 144   (0.056) 0.055 0.056 0.029 0.061 
 162   (0.054) 0.056 0.054 0.034 0.068 
 166   (0.129) 0.130 0.129 0.203 0.150 
 164   (0.047) 0.039 0.047 0.050 0.025 
 156   (0.032) 0.023 0.032 0.030 0.015 

Locus 47 : 47 
6 alleles
5.5% missing data
 145   (0.210) 0.202 0.210 0.185 0.176 
 151   (0.187) 0.179 0.187 0.191 0.164 
 153   (0.175) 0.188 0.175 0.243 0.209 
 149   (0.367) 0.378 0.367 0.369 0.415 
 143   (0.031) 0.026 0.031 0.006 0.019 
 147   (0.030) 0.026 0.030 0.006 0.016 

Values of parameters used in structure:
DATAFILE=subw2.str,	OUTFILE=k4/subw2_k4_run1,	NUMINDS=91,	NUMLOCI=47,	MISSING=-9,	LABEL=1,	POPDATA=1,	POPFLAG=0,	PHENOTYPE=0,	EXTRACOLS=0,	MAXPOPS=4,	BURNIN=500000,	NUMREPS=750000,	USEPOPINFO=0,	INFERALPHA=1,	INFERLAMBDA=0,	POPSPECIFICLAMBDA=0,	POPALPHAS=0,	COMPUTEPROB=1,	NOADMIX=0,	ADMBURNIN=500,	UPDATEFREQ=100,	PRINTLIKES=0,	INTERMEDSAVE=0,	PRINTKLD=0,	PRINTNET=1,	PRINTLAMBDA=1,	ANCESTDIST=0,	NUMBOXES=1000,	ANCESTPINT=0.90000,	GENSBACK=2,	MIGRPRIOR=0.01000,	PRINTQHAT=0,	PRINTQSUM=1,	ALPHA=1.0000,	FREQSCORR=1,	FPRIORMEAN=0.0100,	FPRIORSD=0.0500,	ONEFST=0,	LAMBDA=1.0000,	UNIFPRIORALPHA=1,	ALPHAMAX=10.0000,	ALPHAPRIORA=1.0000,	ALPHAPRIORB=2.0000,	ALPHAPROPSD=0.0250,	STARTATPOPINFO=0,	RANDOMIZE=0,	LINKAGE=0,	METROFREQ=10,	REPORTHITRATE=0,	MARKOVPHASE=0,	PHASED=1,	PLOIDY=2,	PHASEINFO=0	LOCPRIOR=0, 	LOCPRIORINIT=1.000000, 	LOCDATA=0, 	LOCISPOP=1, 	LOCPRIORSTEP=0.100000, 	MAXLOCPRIOR=20.000000, 	SEED=245019,	
[STRAT parameters]:    NUMSIMSTATS=1000,	PHENOTYPECOL=-9,	POOLFREQ=10,	LOCUSxONLY=0,	EMERROR=0.00100,	MISSINGPHENO=-9,	