

----------------------------------------------------
STRUCTURE by Pritchard, Stephens and Donnelly (2000)
     and Falush, Stephens and Pritchard (2003)
       Code by Pritchard, Falush and Hubisz
             Version 2.3.4 (Jul 2012)
----------------------------------------------------



Command line arguments:   structure -D 296697 -K 4 -m mainparams -o k4/subw2_k4_run2 
Input File:    subw2.str

Run parameters:
   91 individuals
   47 loci
   4 populations assumed
   500000 Burn-in period
   750000 Reps
RANDOMIZE turned off


--------------------------------------------
Proportion of membership of each pre-defined
 population in each of the 4 clusters

Given    Inferred Clusters              Number of
 Pop       1      2      3      4      Individuals

  1:     0.425  0.445  0.054  0.076       10
  2:     0.304  0.299  0.236  0.161       23
  3:     0.187  0.162  0.496  0.155       11
  4:     0.091  0.079  0.765  0.065       18
  5:     0.367  0.357  0.123  0.152       25
  6:     0.140  0.159  0.021  0.680        4
--------------------------------------------

Allele-freq. divergence among pops (Net nucleotide distance),
computed using point estimates of P.

      1       2       3       4      
 1      -    0.0001  0.0153  0.0115  
 2   0.0001     -    0.0163  0.0124  
 3   0.0153  0.0163     -    0.0265  
 4   0.0115  0.0124  0.0265     -    

Average distances (expected heterozygosity) between individuals in same cluster:
cluster  1  : 0.6543 
cluster  2  : 0.6512 
cluster  3  : 0.5901 
cluster  4  : 0.6125 

--------------------------------------------
Estimated Ln Prob of Data   = -10690.5
Mean value of ln likelihood = -10298.9
Variance of ln likelihood   = 783.3
Mean value of alpha         = 0.0787

Mean value of Fst_1         = 0.0002
Mean value of Fst_2         = 0.0059
Mean value of Fst_3         = 0.0806
Mean value of Fst_4         = 0.0780


Inferred ancestry of individuals:
        Label (%Miss) Pop:  Inferred clusters
  1      180    (0)    1 :  0.396 0.545 0.022 0.038 
  2      203    (0)    1 :  0.493 0.380 0.089 0.038 
  3      177    (0)    1 :  0.439 0.477 0.048 0.036 
  4       51    (0)    1 :  0.440 0.507 0.012 0.041 
  5      173    (2)    1 :  0.445 0.384 0.059 0.113 
  6      198    (0)    1 :  0.406 0.507 0.016 0.070 
  7      174    (2)    1 :  0.391 0.572 0.013 0.024 
  8      102    (0)    1 :  0.353 0.300 0.246 0.101 
  9      349    (0)    1 :  0.363 0.358 0.013 0.265 
 10      410    (0)    1 :  0.530 0.423 0.018 0.030 
 11      737    (0)    2 :  0.407 0.556 0.016 0.021 
 12      469    (0)    2 :  0.304 0.247 0.295 0.154 
 13      752    (2)    2 :  0.391 0.358 0.180 0.071 
 14      494    (0)    2 :  0.395 0.462 0.111 0.031 
 15      467    (0)    2 :  0.024 0.025 0.911 0.040 
 16      722    (4)    2 :  0.013 0.013 0.957 0.016 
 17      753    (4)    2 :  0.028 0.026 0.038 0.907 
 18      716    (0)    2 :  0.028 0.026 0.913 0.032 
 19      723    (0)    2 :  0.035 0.029 0.918 0.018 
 20      477    (0)    2 :  0.022 0.018 0.011 0.949 
 21      712    (4)    2 :  0.353 0.476 0.097 0.074 
 22      749    (2)    2 :  0.481 0.465 0.025 0.030 
 23      725    (0)    2 :  0.459 0.320 0.108 0.114 
 24      750    (4)    2 :  0.450 0.464 0.036 0.050 
 25      748    (0)    2 :  0.470 0.465 0.020 0.045 
 26      721    (0)    2 :  0.140 0.138 0.100 0.623 
 27      472    (0)    2 :  0.516 0.386 0.045 0.052 
 28      491    (0)    2 :  0.508 0.380 0.083 0.029 
 29      498    (0)    2 :  0.478 0.441 0.061 0.020 
 30      733    (0)    2 :  0.235 0.222 0.251 0.293 
 31      741    (2)    2 :  0.361 0.463 0.138 0.038 
 32      735    (4)    2 :  0.482 0.372 0.075 0.070 
 33      736    (2)    2 :  0.413 0.523 0.034 0.030 
 34      484    (0)    3 :  0.369 0.415 0.183 0.034 
 35      444    (4)    3 :  0.022 0.020 0.942 0.016 
 36      449    (0)    3 :  0.017 0.015 0.939 0.030 
 37      159    (0)    3 :  0.514 0.356 0.029 0.102 
 38      162    (0)    3 :  0.086 0.074 0.820 0.019 
 39      427    (0)    3 :  0.026 0.025 0.858 0.091 
 40      428    (0)    3 :  0.021 0.020 0.613 0.345 
 41      436    (0)    3 :  0.017 0.016 0.928 0.039 
 42      155    (0)    3 :  0.512 0.419 0.028 0.042 
 43      486    (0)    3 :  0.444 0.397 0.079 0.080 
 44      445    (2)    3 :  0.025 0.022 0.041 0.911 
 45      434    (0)    4 :  0.013 0.013 0.962 0.012 
 46      496    (0)    4 :  0.058 0.061 0.870 0.011 
 47      466    (0)    4 :  0.052 0.048 0.806 0.094 
 48      456    (0)    4 :  0.406 0.271 0.242 0.081 
 49      497    (0)    4 :  0.055 0.043 0.878 0.025 
 50      470    (0)    4 :  0.016 0.016 0.951 0.017 
 51      879    (0)    4 :  0.014 0.016 0.963 0.007 
 52      458    (0)    4 :  0.230 0.219 0.506 0.046 
 53      448    (2)    4 :  0.015 0.015 0.951 0.019 
 54      483    (0)    4 :  0.019 0.021 0.952 0.008 
 55      495    (0)    4 :  0.050 0.049 0.886 0.014 
 56      440    (0)    4 :  0.053 0.048 0.626 0.272 
 57      178    (0)    4 :  0.140 0.120 0.595 0.146 
 58      465    (0)    4 :  0.028 0.027 0.910 0.035 
 59      422    (0)    4 :  0.014 0.015 0.956 0.015 
 60      459    (0)    4 :  0.030 0.031 0.926 0.013 
 61      457    (0)    4 :  0.110 0.098 0.477 0.315 
 62      426    (0)    4 :  0.344 0.307 0.311 0.039 
 63      169    (2)    5 :  0.127 0.122 0.683 0.069 
 64      112    (0)    5 :  0.483 0.475 0.018 0.025 
 65      360    (0)    5 :  0.457 0.364 0.114 0.064 
 66      357    (0)    5 :  0.400 0.316 0.020 0.264 
 67      418    (0)    5 :  0.029 0.027 0.011 0.933 
 68      367    (0)    5 :  0.324 0.343 0.010 0.323 
 69      380    (0)    5 :  0.456 0.492 0.021 0.031 
 70      358    (0)    5 :  0.534 0.408 0.031 0.027 
 71      370    (0)    5 :  0.387 0.534 0.028 0.051 
 72      365    (0)    5 :  0.567 0.366 0.046 0.021 
 73      168    (0)    5 :  0.542 0.350 0.036 0.072 
 74      366    (0)    5 :  0.537 0.446 0.009 0.008 
 75      372    (0)    5 :  0.050 0.053 0.863 0.034 
 76      170    (0)    5 :  0.402 0.544 0.015 0.039 
 77       94    (4)    5 :  0.429 0.427 0.108 0.035 
 78      369    (0)    5 :  0.454 0.452 0.016 0.078 
 79      120    (0)    5 :  0.395 0.542 0.040 0.023 
 80      364    (0)    5 :  0.458 0.477 0.027 0.038 
 81      371    (0)    5 :  0.530 0.406 0.033 0.031 
 82      388    (0)    5 :  0.435 0.521 0.018 0.027 
 83      171    (2)    5 :  0.173 0.224 0.020 0.583 
 84      356    (0)    5 :  0.451 0.506 0.023 0.020 
 85      419    (0)    5 :  0.012 0.012 0.015 0.961 
 86      127    (2)    5 :  0.479 0.472 0.019 0.030 
 87      339    (0)    5 :  0.067 0.059 0.858 0.016 
 88      414    (0)    6 :  0.022 0.023 0.010 0.944 
 89      416    (0)    6 :  0.086 0.084 0.047 0.783 
 90      415    (2)    6 :  0.416 0.482 0.013 0.090 
 91      409    (0)    6 :  0.037 0.047 0.014 0.902 


Estimated Allele Frequencies in each cluster
First column gives estimated ancestral frequencies


Locus 1 : 1 
4 alleles
0.0% missing data
  89   (0.591) 0.592 0.590 0.579 0.569 
  93   (0.072) 0.072 0.073 0.047 0.041 
  91   (0.319) 0.319 0.322 0.371 0.309 
  99   (0.018) 0.017 0.015 0.003 0.082 

Locus 2 : 2 
6 alleles
1.1% missing data
 136   (0.354) 0.355 0.382 0.095 0.237 
 134   (0.258) 0.258 0.248 0.279 0.195 
 138   (0.219) 0.218 0.209 0.455 0.343 
 140   (0.085) 0.085 0.084 0.033 0.108 
 132   (0.042) 0.042 0.039 0.009 0.085 
 142   (0.042) 0.041 0.038 0.129 0.032 

Locus 3 : 3 
6 alleles
0.0% missing data
 179   (0.198) 0.198 0.190 0.256 0.368 
 187   (0.369) 0.370 0.391 0.183 0.252 
 181   (0.212) 0.212 0.207 0.307 0.131 
 175   (0.083) 0.082 0.080 0.149 0.038 
 191   (0.037) 0.037 0.034 0.007 0.072 
 185   (0.101) 0.100 0.099 0.098 0.139 

Locus 4 : 4 
8 alleles
1.1% missing data
 253   (0.480) 0.480 0.482 0.460 0.724 
 241   (0.131) 0.131 0.131 0.141 0.055 
 247   (0.097) 0.097 0.101 0.038 0.095 
 239   (0.023) 0.023 0.021 0.004 0.009 
 269   (0.204) 0.204 0.202 0.345 0.091 
 249   (0.022) 0.022 0.020 0.005 0.011 
 271   (0.022) 0.022 0.021 0.004 0.008 
 273   (0.022) 0.021 0.022 0.004 0.007 

Locus 5 : 5 
6 alleles
0.0% missing data
 103   (0.843) 0.844 0.851 0.944 0.797 
 105   (0.056) 0.056 0.057 0.013 0.048 
 104   (0.055) 0.055 0.050 0.035 0.140 
 107   (0.015) 0.015 0.014 0.003 0.005 
 102   (0.015) 0.015 0.014 0.003 0.005 
 101   (0.015) 0.015 0.014 0.003 0.005 

Locus 6 : 6 
5 alleles
0.0% missing data
 145   (0.390) 0.390 0.389 0.655 0.305 
 141   (0.290) 0.290 0.285 0.193 0.455 
 135   (0.234) 0.234 0.237 0.134 0.200 
 147   (0.064) 0.064 0.066 0.014 0.031 
 137   (0.022) 0.022 0.023 0.005 0.008 

Locus 7 : 7 
8 alleles
2.2% missing data
  85   (0.066) 0.066 0.065 0.047 0.027 
  89   (0.103) 0.103 0.105 0.129 0.041 
  93   (0.234) 0.234 0.240 0.259 0.143 
  97   (0.177) 0.177 0.171 0.158 0.264 
 103   (0.280) 0.280 0.286 0.334 0.339 
  91   (0.073) 0.073 0.072 0.040 0.046 
  83   (0.052) 0.051 0.048 0.031 0.135 
  99   (0.015) 0.015 0.013 0.003 0.006 

Locus 8 : 8 
8 alleles
0.0% missing data
 129   (0.529) 0.530 0.534 0.663 0.474 
 143   (0.253) 0.253 0.256 0.235 0.291 
 141   (0.050) 0.050 0.049 0.032 0.052 
 133   (0.028) 0.028 0.028 0.007 0.012 
 149   (0.088) 0.088 0.087 0.054 0.153 
 145   (0.014) 0.014 0.013 0.003 0.005 
 131   (0.015) 0.015 0.014 0.003 0.006 
 127   (0.021) 0.021 0.020 0.004 0.008 

Locus 9 : 9 
3 alleles
0.0% missing data
 189   (0.542) 0.542 0.554 0.420 0.427 
 195   (0.116) 0.115 0.112 0.292 0.091 
 191   (0.342) 0.342 0.334 0.287 0.482 

Locus 10 : 10 
6 alleles
1.1% missing data
 232   (0.281) 0.281 0.288 0.175 0.265 
 252   (0.094) 0.094 0.093 0.090 0.118 
 238   (0.551) 0.551 0.550 0.721 0.563 
 248   (0.022) 0.022 0.022 0.004 0.008 
 236   (0.015) 0.015 0.013 0.003 0.005 
 254   (0.037) 0.037 0.035 0.007 0.040 

Locus 11 : 11 
4 alleles
0.0% missing data
  87   (0.687) 0.688 0.682 0.785 0.680 
  89   (0.245) 0.245 0.250 0.174 0.295 
  91   (0.053) 0.052 0.054 0.038 0.019 
  85   (0.015) 0.015 0.013 0.003 0.006 

Locus 12 : 12 
12 alleles
1.1% missing data
 147   (0.038) 0.037 0.036 0.069 0.014 
 162   (0.242) 0.242 0.245 0.213 0.440 
 170   (0.054) 0.054 0.052 0.054 0.066 
 158   (0.261) 0.262 0.269 0.176 0.234 
 161   (0.101) 0.101 0.103 0.100 0.062 
 154   (0.021) 0.021 0.021 0.004 0.007 
 149   (0.047) 0.047 0.044 0.081 0.030 
 160   (0.159) 0.159 0.160 0.254 0.065 
 143   (0.029) 0.029 0.027 0.006 0.062 
 159   (0.019) 0.019 0.017 0.038 0.008 
 164   (0.014) 0.014 0.013 0.003 0.005 
 153   (0.014) 0.014 0.013 0.003 0.005 

Locus 13 : 13 
4 alleles
0.0% missing data
 108   (0.183) 0.183 0.194 0.146 0.070 
 113   (0.307) 0.307 0.302 0.295 0.459 
 115   (0.495) 0.495 0.490 0.556 0.465 
 109   (0.015) 0.015 0.013 0.003 0.005 

Locus 14 : 14 
5 alleles
2.2% missing data
 229   (0.518) 0.518 0.528 0.518 0.415 
 231   (0.158) 0.158 0.166 0.032 0.197 
 225   (0.160) 0.160 0.157 0.123 0.141 
 227   (0.120) 0.119 0.111 0.300 0.084 
 233   (0.044) 0.044 0.039 0.027 0.163 

Locus 15 : 15 
4 alleles
0.0% missing data
 143   (0.812) 0.812 0.810 0.907 0.853 
 145   (0.097) 0.097 0.098 0.029 0.109 
 147   (0.069) 0.069 0.070 0.060 0.031 
 133   (0.023) 0.023 0.022 0.004 0.008 

Locus 16 : 16 
5 alleles
0.0% missing data
 156   (0.265) 0.265 0.273 0.272 0.295 
 158   (0.529) 0.529 0.524 0.604 0.596 
 154   (0.089) 0.089 0.089 0.040 0.051 
 160   (0.103) 0.103 0.101 0.070 0.052 
 152   (0.015) 0.015 0.012 0.014 0.005 

Locus 17 : 17 
4 alleles
0.0% missing data
  90   (0.611) 0.611 0.618 0.776 0.499 
 100   (0.067) 0.067 0.069 0.013 0.083 
 102   (0.227) 0.227 0.217 0.192 0.319 
  88   (0.095) 0.095 0.095 0.020 0.099 

Locus 18 : 18 
7 alleles
0.0% missing data
 127   (0.301) 0.301 0.308 0.303 0.306 
 148   (0.087) 0.087 0.085 0.051 0.085 
 140   (0.304) 0.305 0.307 0.327 0.286 
 138   (0.047) 0.047 0.046 0.047 0.022 
 142   (0.147) 0.147 0.148 0.112 0.102 
 150   (0.052) 0.052 0.048 0.089 0.082 
 146   (0.062) 0.062 0.057 0.071 0.117 

Locus 19 : 19 
7 alleles
0.0% missing data
 188   (0.214) 0.215 0.220 0.150 0.182 
 194   (0.502) 0.502 0.498 0.512 0.627 
 192   (0.015) 0.015 0.014 0.003 0.005 
 190   (0.115) 0.115 0.116 0.218 0.050 
 200   (0.125) 0.125 0.123 0.112 0.126 
 202   (0.015) 0.015 0.014 0.003 0.005 
 196   (0.015) 0.015 0.014 0.003 0.005 

Locus 20 : 20 
6 alleles
1.1% missing data
 246   (0.124) 0.124 0.126 0.069 0.081 
 252   (0.685) 0.685 0.692 0.737 0.738 
 250   (0.069) 0.068 0.066 0.065 0.075 
 254   (0.073) 0.073 0.070 0.116 0.060 
 244   (0.022) 0.022 0.021 0.006 0.008 
 248   (0.028) 0.028 0.025 0.006 0.038 

Locus 21 : 21 
7 alleles
0.0% missing data
 175   (0.136) 0.136 0.137 0.075 0.136 
 177   (0.268) 0.268 0.271 0.230 0.337 
 159   (0.034) 0.034 0.033 0.017 0.019 
 167   (0.161) 0.161 0.160 0.111 0.225 
 173   (0.278) 0.278 0.277 0.535 0.175 
 165   (0.059) 0.059 0.058 0.012 0.076 
 163   (0.065) 0.065 0.064 0.020 0.032 

Locus 22 : 22 
10 alleles
1.1% missing data
 152   (0.396) 0.397 0.401 0.635 0.247 
 162   (0.080) 0.080 0.083 0.038 0.037 
 166   (0.104) 0.104 0.104 0.038 0.138 
 146   (0.226) 0.226 0.223 0.213 0.327 
 156   (0.032) 0.032 0.029 0.032 0.015 
 158   (0.086) 0.086 0.091 0.016 0.111 
 164   (0.021) 0.021 0.021 0.004 0.011 
 150   (0.020) 0.020 0.017 0.004 0.101 
 142   (0.021) 0.021 0.019 0.017 0.008 
 148   (0.014) 0.014 0.013 0.003 0.005 

Locus 23 : 23 
7 alleles
0.0% missing data
 154   (0.536) 0.536 0.537 0.509 0.664 
 158   (0.028) 0.028 0.029 0.005 0.011 
 160   (0.087) 0.087 0.087 0.106 0.033 
 156   (0.151) 0.151 0.156 0.068 0.156 
 144   (0.161) 0.161 0.157 0.303 0.123 
 152   (0.015) 0.015 0.013 0.004 0.006 
 146   (0.022) 0.022 0.021 0.004 0.007 

Locus 24 : 24 
4 alleles
1.1% missing data
  83   (0.468) 0.468 0.472 0.452 0.560 
  81   (0.352) 0.352 0.349 0.352 0.372 
  85   (0.084) 0.084 0.084 0.101 0.033 
  77   (0.096) 0.096 0.095 0.096 0.035 

Locus 25 : 25 
5 alleles
0.0% missing data
 124   (0.576) 0.577 0.586 0.548 0.520 
 122   (0.079) 0.079 0.075 0.182 0.070 
 132   (0.300) 0.300 0.297 0.262 0.395 
 126   (0.022) 0.022 0.021 0.004 0.008 
 136   (0.022) 0.022 0.021 0.004 0.008 

Locus 26 : 26 
6 alleles
0.0% missing data
 175   (0.264) 0.264 0.262 0.364 0.304 
 183   (0.361) 0.361 0.367 0.349 0.406 
 165   (0.210) 0.210 0.205 0.232 0.200 
 181   (0.056) 0.056 0.058 0.011 0.022 
 179   (0.094) 0.094 0.094 0.041 0.062 
 185   (0.015) 0.015 0.014 0.003 0.005 

Locus 27 : 27 
4 alleles
0.0% missing data
 142   (0.616) 0.616 0.611 0.769 0.655 
 148   (0.241) 0.242 0.246 0.156 0.233 
 150   (0.099) 0.099 0.098 0.067 0.096 
 138   (0.043) 0.043 0.044 0.009 0.016 

Locus 28 : 28 
6 alleles
0.0% missing data
 262   (0.524) 0.524 0.543 0.417 0.383 
 260   (0.370) 0.370 0.357 0.501 0.563 
 256   (0.054) 0.054 0.055 0.051 0.030 
 266   (0.015) 0.015 0.012 0.014 0.005 
 264   (0.015) 0.015 0.012 0.013 0.005 
 258   (0.022) 0.022 0.020 0.004 0.013 

Locus 29 : 29 
6 alleles
0.0% missing data
 146   (0.264) 0.264 0.272 0.309 0.157 
 150   (0.469) 0.469 0.469 0.513 0.518 
 152   (0.035) 0.035 0.032 0.007 0.039 
 140   (0.157) 0.157 0.153 0.114 0.240 
 148   (0.061) 0.061 0.060 0.054 0.042 
 151   (0.015) 0.015 0.014 0.003 0.005 

Locus 30 : 30 
6 alleles
0.0% missing data
 125   (0.338) 0.339 0.354 0.083 0.308 
 129   (0.396) 0.396 0.389 0.628 0.461 
 127   (0.101) 0.101 0.104 0.023 0.060 
 131   (0.036) 0.036 0.034 0.015 0.018 
 123   (0.114) 0.113 0.106 0.247 0.148 
 121   (0.015) 0.015 0.014 0.003 0.005 

Locus 31 : 31 
5 alleles
1.1% missing data
 155   (0.513) 0.513 0.518 0.369 0.676 
 159   (0.196) 0.196 0.198 0.256 0.140 
 153   (0.064) 0.064 0.060 0.138 0.057 
 157   (0.198) 0.198 0.197 0.232 0.111 
 151   (0.029) 0.029 0.028 0.006 0.015 

Locus 32 : 32 
5 alleles
0.0% missing data
 146   (0.342) 0.342 0.341 0.311 0.407 
 150   (0.527) 0.527 0.534 0.588 0.510 
 148   (0.051) 0.051 0.048 0.042 0.025 
 154   (0.061) 0.061 0.062 0.017 0.050 
 152   (0.019) 0.019 0.016 0.041 0.008 

Locus 33 : 33 
6 alleles
0.0% missing data
 180   (0.426) 0.426 0.430 0.409 0.478 
 192   (0.216) 0.217 0.216 0.155 0.211 
 184   (0.171) 0.171 0.175 0.199 0.143 
 196   (0.117) 0.117 0.114 0.194 0.066 
 198   (0.048) 0.048 0.045 0.009 0.093 
 190   (0.022) 0.022 0.019 0.034 0.009 

Locus 34 : 34 
6 alleles
0.0% missing data
 110   (0.159) 0.159 0.159 0.067 0.238 
 112   (0.326) 0.326 0.323 0.366 0.327 
 106   (0.285) 0.285 0.289 0.437 0.275 
 108   (0.167) 0.167 0.167 0.108 0.131 
  90   (0.048) 0.048 0.048 0.020 0.023 
  96   (0.015) 0.015 0.013 0.003 0.006 

Locus 35 : 35 
9 alleles
0.0% missing data
 166   (0.061) 0.061 0.058 0.090 0.086 
 170   (0.284) 0.285 0.294 0.248 0.177 
 174   (0.177) 0.177 0.182 0.176 0.088 
 168   (0.063) 0.063 0.062 0.044 0.083 
 172   (0.265) 0.265 0.260 0.333 0.468 
 178   (0.035) 0.035 0.033 0.018 0.014 
 176   (0.079) 0.080 0.081 0.016 0.073 
 186   (0.019) 0.019 0.016 0.073 0.007 
 158   (0.014) 0.014 0.013 0.003 0.005 

Locus 36 : 36 
6 alleles
0.0% missing data
  85   (0.151) 0.150 0.151 0.178 0.132 
  89   (0.559) 0.559 0.560 0.634 0.658 
  81   (0.071) 0.072 0.073 0.015 0.030 
  83   (0.126) 0.126 0.127 0.079 0.139 
  95   (0.078) 0.078 0.075 0.092 0.037 
  91   (0.015) 0.015 0.013 0.003 0.005 

Locus 37 : 37 
10 alleles
0.0% missing data
 165   (0.224) 0.224 0.224 0.290 0.173 
 155   (0.014) 0.014 0.013 0.003 0.005 
 173   (0.231) 0.231 0.230 0.291 0.257 
 161   (0.366) 0.367 0.384 0.247 0.210 
 169   (0.092) 0.092 0.086 0.144 0.257 
 159   (0.016) 0.016 0.013 0.003 0.055 
 167   (0.015) 0.015 0.012 0.003 0.028 
 177   (0.014) 0.014 0.013 0.003 0.005 
 175   (0.014) 0.014 0.012 0.015 0.005 
 168   (0.015) 0.014 0.013 0.003 0.005 

Locus 38 : 38 
5 alleles
0.0% missing data
  89   (0.474) 0.474 0.474 0.546 0.526 
  91   (0.195) 0.195 0.199 0.106 0.208 
  85   (0.168) 0.168 0.165 0.283 0.113 
  87   (0.069) 0.069 0.071 0.033 0.028 
  81   (0.093) 0.093 0.091 0.032 0.126 

Locus 39 : 39 
3 alleles
1.1% missing data
 161   (0.190) 0.190 0.192 0.157 0.156 
 167   (0.768) 0.768 0.772 0.771 0.782 
 165   (0.042) 0.041 0.037 0.073 0.061 

Locus 40 : 40 
6 alleles
1.1% missing data
 238   (0.373) 0.373 0.381 0.283 0.388 
 228   (0.429) 0.429 0.431 0.483 0.500 
 236   (0.067) 0.067 0.063 0.061 0.058 
 224   (0.029) 0.029 0.028 0.007 0.012 
 240   (0.087) 0.086 0.084 0.163 0.034 
 232   (0.015) 0.015 0.014 0.003 0.007 

Locus 41 : 41 
6 alleles
0.0% missing data
 130   (0.474) 0.474 0.474 0.497 0.595 
 134   (0.109) 0.110 0.113 0.025 0.079 
 114   (0.064) 0.064 0.065 0.014 0.024 
 128   (0.153) 0.153 0.149 0.127 0.173 
 132   (0.134) 0.134 0.135 0.271 0.100 
 118   (0.066) 0.066 0.065 0.066 0.030 

Locus 42 : 42 
5 alleles
2.2% missing data
 102   (0.248) 0.248 0.242 0.350 0.336 
 104   (0.462) 0.462 0.462 0.502 0.470 
  98   (0.113) 0.113 0.115 0.076 0.045 
  96   (0.061) 0.060 0.059 0.037 0.045 
  92   (0.117) 0.117 0.123 0.036 0.105 

Locus 43 : 43 
4 alleles
2.2% missing data
 101   (0.346) 0.347 0.356 0.275 0.236 
  95   (0.197) 0.196 0.190 0.191 0.371 
 103   (0.289) 0.289 0.273 0.489 0.291 
  99   (0.168) 0.168 0.181 0.044 0.102 

Locus 44 : 44 
5 alleles
0.0% missing data
 181   (0.565) 0.565 0.573 0.717 0.533 
 191   (0.293) 0.294 0.296 0.180 0.310 
 179   (0.051) 0.051 0.048 0.009 0.112 
 177   (0.075) 0.075 0.070 0.079 0.039 
 193   (0.015) 0.015 0.013 0.015 0.005 

Locus 45 : 45 
5 alleles
3.3% missing data
 205   (0.465) 0.465 0.463 0.446 0.658 
 215   (0.061) 0.061 0.061 0.043 0.023 
 211   (0.211) 0.211 0.217 0.142 0.191 
 201   (0.106) 0.106 0.108 0.104 0.055 
 207   (0.157) 0.158 0.151 0.264 0.073 

Locus 46 : 46 
9 alleles
0.0% missing data
 142   (0.372) 0.372 0.372 0.500 0.500 
 168   (0.124) 0.124 0.127 0.075 0.082 
 158   (0.167) 0.168 0.180 0.075 0.081 
 170   (0.021) 0.021 0.021 0.005 0.010 
 144   (0.056) 0.056 0.053 0.030 0.065 
 162   (0.053) 0.053 0.050 0.034 0.075 
 166   (0.130) 0.129 0.123 0.202 0.160 
 164   (0.047) 0.046 0.046 0.050 0.017 
 156   (0.031) 0.031 0.028 0.030 0.011 

Locus 47 : 47 
6 alleles
5.5% missing data
 145   (0.212) 0.212 0.216 0.186 0.162 
 151   (0.184) 0.184 0.185 0.191 0.155 
 153   (0.176) 0.176 0.176 0.244 0.222 
 149   (0.367) 0.367 0.362 0.369 0.436 
 143   (0.030) 0.030 0.030 0.006 0.015 
 147   (0.031) 0.031 0.032 0.006 0.010 

Values of parameters used in structure:
DATAFILE=subw2.str,	OUTFILE=k4/subw2_k4_run2,	NUMINDS=91,	NUMLOCI=47,	MISSING=-9,	LABEL=1,	POPDATA=1,	POPFLAG=0,	PHENOTYPE=0,	EXTRACOLS=0,	MAXPOPS=4,	BURNIN=500000,	NUMREPS=750000,	USEPOPINFO=0,	INFERALPHA=1,	INFERLAMBDA=0,	POPSPECIFICLAMBDA=0,	POPALPHAS=0,	COMPUTEPROB=1,	NOADMIX=0,	ADMBURNIN=500,	UPDATEFREQ=100,	PRINTLIKES=0,	INTERMEDSAVE=0,	PRINTKLD=0,	PRINTNET=1,	PRINTLAMBDA=1,	ANCESTDIST=0,	NUMBOXES=1000,	ANCESTPINT=0.90000,	GENSBACK=2,	MIGRPRIOR=0.01000,	PRINTQHAT=0,	PRINTQSUM=1,	ALPHA=1.0000,	FREQSCORR=1,	FPRIORMEAN=0.0100,	FPRIORSD=0.0500,	ONEFST=0,	LAMBDA=1.0000,	UNIFPRIORALPHA=1,	ALPHAMAX=10.0000,	ALPHAPRIORA=1.0000,	ALPHAPRIORB=2.0000,	ALPHAPROPSD=0.0250,	STARTATPOPINFO=0,	RANDOMIZE=0,	LINKAGE=0,	METROFREQ=10,	REPORTHITRATE=0,	MARKOVPHASE=0,	PHASED=1,	PLOIDY=2,	PHASEINFO=0	LOCPRIOR=0, 	LOCPRIORINIT=1.000000, 	LOCDATA=0, 	LOCISPOP=1, 	LOCPRIORSTEP=0.100000, 	MAXLOCPRIOR=20.000000, 	SEED=296697,	
[STRAT parameters]:    NUMSIMSTATS=1000,	PHENOTYPECOL=-9,	POOLFREQ=10,	LOCUSxONLY=0,	EMERROR=0.00100,	MISSINGPHENO=-9,	