

----------------------------------------------------
STRUCTURE by Pritchard, Stephens and Donnelly (2000)
     and Falush, Stephens and Pritchard (2003)
       Code by Pritchard, Falush and Hubisz
             Version 2.3.4 (Jul 2012)
----------------------------------------------------



Command line arguments:   structure -D 967296 -K 3 -m mainparams -o k3/subw2_k3_run10 
Input File:    subw2.str

Run parameters:
   91 individuals
   47 loci
   3 populations assumed
   500000 Burn-in period
   750000 Reps
RANDOMIZE turned off


--------------------------------------------
Proportion of membership of each pre-defined
 population in each of the 3 clusters

Given    Inferred Clusters       Number of
 Pop       1      2      3      Individuals

  1:     0.460  0.083  0.457       10
  2:     0.356  0.283  0.361       23
  3:     0.217  0.553  0.230       11
  4:     0.110  0.776  0.113       18
  5:     0.421  0.146  0.434       25
  6:     0.501  0.053  0.445        4
--------------------------------------------

Allele-freq. divergence among pops (Net nucleotide distance),
computed using point estimates of P.

      1       2       3      
 1      -    0.0172  0.0000  
 2   0.0172     -    0.0167  
 3   0.0000  0.0167     -    

Average distances (expected heterozygosity) between individuals in same cluster:
cluster  1  : 0.6493 
cluster  2  : 0.5880 
cluster  3  : 0.6515 

--------------------------------------------
Estimated Ln Prob of Data   = -11007.9
Mean value of ln likelihood = -10393.5
Variance of ln likelihood   = 1228.8
Mean value of alpha         = 0.1730

Mean value of Fst_1         = 0.0092
Mean value of Fst_2         = 0.0865
Mean value of Fst_3         = 0.0061


Inferred ancestry of individuals:
        Label (%Miss) Pop:  Inferred clusters
  1      180    (0)    1 :  0.490 0.047 0.464 
  2      203    (0)    1 :  0.402 0.141 0.457 
  3      177    (0)    1 :  0.470 0.084 0.446 
  4       51    (0)    1 :  0.493 0.028 0.479 
  5      173    (2)    1 :  0.443 0.098 0.460 
  6      198    (0)    1 :  0.503 0.033 0.463 
  7      174    (2)    1 :  0.517 0.025 0.457 
  8      102    (0)    1 :  0.338 0.305 0.357 
  9      349    (0)    1 :  0.484 0.027 0.489 
 10      410    (0)    1 :  0.459 0.038 0.503 
 11      737    (0)    2 :  0.493 0.035 0.473 
 12      469    (0)    2 :  0.305 0.373 0.322 
 13      752    (2)    2 :  0.335 0.298 0.367 
 14      494    (0)    2 :  0.417 0.186 0.397 
 15      467    (0)    2 :  0.046 0.909 0.046 
 16      722    (4)    2 :  0.023 0.953 0.023 
 17      753    (4)    2 :  0.428 0.178 0.395 
 18      716    (0)    2 :  0.052 0.896 0.052 
 19      723    (0)    2 :  0.049 0.899 0.051 
 20      477    (0)    2 :  0.470 0.047 0.483 
 21      712    (4)    2 :  0.440 0.154 0.406 
 22      749    (2)    2 :  0.465 0.051 0.484 
 23      725    (0)    2 :  0.406 0.166 0.428 
 24      750    (4)    2 :  0.464 0.068 0.468 
 25      748    (0)    2 :  0.459 0.041 0.500 
 26      721    (0)    2 :  0.429 0.167 0.404 
 27      472    (0)    2 :  0.433 0.088 0.479 
 28      491    (0)    2 :  0.399 0.156 0.445 
 29      498    (0)    2 :  0.427 0.110 0.463 
 30      733    (0)    2 :  0.356 0.304 0.340 
 31      741    (2)    2 :  0.397 0.226 0.378 
 32      735    (4)    2 :  0.416 0.143 0.441 
 33      736    (2)    2 :  0.479 0.063 0.458 
 34      484    (0)    3 :  0.350 0.290 0.360 
 35      444    (4)    3 :  0.037 0.926 0.037 
 36      449    (0)    3 :  0.030 0.939 0.031 
 37      159    (0)    3 :  0.445 0.061 0.493 
 38      162    (0)    3 :  0.098 0.799 0.103 
 39      427    (0)    3 :  0.052 0.895 0.053 
 40      428    (0)    3 :  0.069 0.859 0.071 
 41      436    (0)    3 :  0.036 0.928 0.035 
 42      155    (0)    3 :  0.459 0.058 0.483 
 43      486    (0)    3 :  0.409 0.146 0.445 
 44      445    (2)    3 :  0.400 0.182 0.418 
 45      434    (0)    4 :  0.029 0.943 0.028 
 46      496    (0)    4 :  0.076 0.844 0.079 
 47      466    (0)    4 :  0.076 0.847 0.077 
 48      456    (0)    4 :  0.342 0.287 0.371 
 49      497    (0)    4 :  0.081 0.828 0.091 
 50      470    (0)    4 :  0.029 0.941 0.029 
 51      879    (0)    4 :  0.028 0.945 0.027 
 52      458    (0)    4 :  0.231 0.531 0.238 
 53      448    (2)    4 :  0.029 0.943 0.028 
 54      483    (0)    4 :  0.037 0.926 0.037 
 55      495    (0)    4 :  0.075 0.848 0.077 
 56      440    (0)    4 :  0.135 0.736 0.129 
 57      178    (0)    4 :  0.173 0.647 0.180 
 58      465    (0)    4 :  0.056 0.887 0.057 
 59      422    (0)    4 :  0.027 0.947 0.026 
 60      459    (0)    4 :  0.048 0.903 0.050 
 61      457    (0)    4 :  0.198 0.602 0.199 
 62      426    (0)    4 :  0.316 0.367 0.317 
 63      169    (2)    5 :  0.180 0.645 0.175 
 64      112    (0)    5 :  0.475 0.038 0.487 
 65      360    (0)    5 :  0.409 0.168 0.424 
 66      357    (0)    5 :  0.472 0.039 0.489 
 67      418    (0)    5 :  0.486 0.032 0.483 
 68      367    (0)    5 :  0.505 0.021 0.474 
 69      380    (0)    5 :  0.468 0.043 0.489 
 70      358    (0)    5 :  0.433 0.065 0.502 
 71      370    (0)    5 :  0.484 0.054 0.462 
 72      365    (0)    5 :  0.407 0.101 0.491 
 73      168    (0)    5 :  0.438 0.067 0.495 
 74      366    (0)    5 :  0.452 0.022 0.526 
 75      372    (0)    5 :  0.078 0.847 0.076 
 76      170    (0)    5 :  0.506 0.032 0.462 
 77       94    (4)    5 :  0.406 0.166 0.429 
 78      369    (0)    5 :  0.492 0.031 0.477 
 79      120    (0)    5 :  0.464 0.085 0.451 
 80      364    (0)    5 :  0.462 0.057 0.481 
 81      371    (0)    5 :  0.443 0.066 0.491 
 82      388    (0)    5 :  0.475 0.040 0.485 
 83      171    (2)    5 :  0.515 0.040 0.445 
 84      356    (0)    5 :  0.459 0.047 0.494 
 85      419    (0)    5 :  0.468 0.066 0.466 
 86      127    (2)    5 :  0.456 0.040 0.504 
 87      339    (0)    5 :  0.082 0.830 0.088 
 88      414    (0)    6 :  0.519 0.036 0.445 
 89      416    (0)    6 :  0.462 0.098 0.440 
 90      415    (2)    6 :  0.510 0.027 0.463 
 91      409    (0)    6 :  0.515 0.053 0.433 


Estimated Allele Frequencies in each cluster
First column gives estimated ancestral frequencies


Locus 1 : 1 
4 alleles
0.0% missing data
  89   (0.587) 0.586 0.585 0.587 
  93   (0.070) 0.068 0.043 0.068 
  91   (0.315) 0.317 0.367 0.316 
  99   (0.029) 0.028 0.006 0.029 

Locus 2 : 2 
6 alleles
1.1% missing data
 136   (0.346) 0.364 0.088 0.355 
 134   (0.244) 0.232 0.285 0.237 
 138   (0.234) 0.229 0.460 0.232 
 140   (0.089) 0.091 0.032 0.090 
 132   (0.049) 0.050 0.010 0.050 
 142   (0.039) 0.034 0.126 0.036 

Locus 3 : 3 
6 alleles
0.0% missing data
 179   (0.216) 0.220 0.275 0.221 
 187   (0.360) 0.370 0.174 0.364 
 181   (0.199) 0.191 0.301 0.193 
 175   (0.076) 0.070 0.147 0.072 
 191   (0.042) 0.041 0.008 0.042 
 185   (0.108) 0.108 0.094 0.108 

Locus 4 : 4 
8 alleles
1.1% missing data
 253   (0.508) 0.534 0.473 0.526 
 241   (0.125) 0.116 0.135 0.119 
 247   (0.095) 0.101 0.038 0.098 
 239   (0.022) 0.020 0.004 0.021 
 269   (0.184) 0.171 0.339 0.175 
 249   (0.022) 0.020 0.004 0.020 
 271   (0.022) 0.020 0.004 0.021 
 273   (0.021) 0.019 0.004 0.020 

Locus 5 : 5 
6 alleles
0.0% missing data
 103   (0.830) 0.836 0.942 0.833 
 105   (0.055) 0.055 0.012 0.055 
 104   (0.070) 0.070 0.039 0.071 
 107   (0.015) 0.013 0.002 0.014 
 102   (0.015) 0.013 0.002 0.014 
 101   (0.015) 0.013 0.002 0.014 

Locus 6 : 6 
5 alleles
0.0% missing data
 145   (0.365) 0.362 0.636 0.362 
 141   (0.320) 0.318 0.221 0.321 
 135   (0.233) 0.237 0.126 0.235 
 147   (0.061) 0.062 0.012 0.061 
 137   (0.022) 0.021 0.005 0.021 

Locus 7 : 7 
8 alleles
2.2% missing data
  85   (0.063) 0.059 0.045 0.060 
  89   (0.099) 0.093 0.122 0.095 
  93   (0.216) 0.212 0.264 0.213 
  97   (0.189) 0.191 0.165 0.192 
 103   (0.283) 0.296 0.330 0.290 
  91   (0.072) 0.070 0.037 0.071 
  83   (0.063) 0.066 0.034 0.065 
  99   (0.015) 0.013 0.002 0.013 

Locus 8 : 8 
8 alleles
0.0% missing data
 129   (0.511) 0.518 0.657 0.514 
 143   (0.259) 0.263 0.239 0.262 
 141   (0.051) 0.050 0.031 0.050 
 133   (0.029) 0.026 0.007 0.027 
 149   (0.099) 0.098 0.057 0.100 
 145   (0.015) 0.013 0.002 0.013 
 131   (0.015) 0.013 0.003 0.013 
 127   (0.021) 0.020 0.004 0.020 

Locus 9 : 9 
3 alleles
0.0% missing data
 189   (0.533) 0.536 0.409 0.533 
 195   (0.108) 0.101 0.288 0.104 
 191   (0.359) 0.363 0.303 0.363 

Locus 10 : 10 
6 alleles
1.1% missing data
 232   (0.280) 0.290 0.172 0.285 
 252   (0.098) 0.095 0.091 0.096 
 238   (0.549) 0.547 0.725 0.549 
 248   (0.022) 0.020 0.004 0.021 
 236   (0.015) 0.013 0.003 0.014 
 254   (0.036) 0.034 0.006 0.035 

Locus 11 : 11 
4 alleles
0.0% missing data
  87   (0.683) 0.679 0.783 0.681 
  89   (0.250) 0.259 0.180 0.255 
  91   (0.052) 0.049 0.034 0.050 
  85   (0.015) 0.013 0.003 0.014 

Locus 12 : 12 
12 alleles
1.1% missing data
 147   (0.036) 0.032 0.065 0.033 
 162   (0.263) 0.281 0.242 0.275 
 170   (0.055) 0.054 0.053 0.055 
 158   (0.256) 0.267 0.169 0.262 
 161   (0.098) 0.094 0.095 0.095 
 154   (0.021) 0.019 0.003 0.020 
 149   (0.044) 0.040 0.079 0.042 
 160   (0.146) 0.139 0.248 0.141 
 143   (0.033) 0.033 0.007 0.033 
 159   (0.020) 0.016 0.034 0.017 
 164   (0.014) 0.012 0.002 0.013 
 153   (0.014) 0.012 0.002 0.013 

Locus 13 : 13 
4 alleles
0.0% missing data
 108   (0.176) 0.176 0.135 0.174 
 113   (0.333) 0.337 0.299 0.337 
 115   (0.475) 0.475 0.563 0.475 
 109   (0.015) 0.013 0.003 0.014 

Locus 14 : 14 
5 alleles
2.2% missing data
 229   (0.504) 0.508 0.507 0.505 
 231   (0.166) 0.174 0.034 0.171 
 225   (0.160) 0.156 0.120 0.158 
 227   (0.107) 0.097 0.296 0.101 
 233   (0.063) 0.064 0.043 0.065 

Locus 15 : 15 
4 alleles
0.0% missing data
 143   (0.812) 0.813 0.906 0.813 
 145   (0.100) 0.102 0.036 0.102 
 147   (0.066) 0.065 0.054 0.065 
 133   (0.022) 0.020 0.004 0.021 

Locus 16 : 16 
5 alleles
0.0% missing data
 156   (0.268) 0.275 0.274 0.272 
 158   (0.532) 0.531 0.613 0.533 
 154   (0.086) 0.085 0.037 0.085 
 160   (0.099) 0.096 0.064 0.097 
 152   (0.015) 0.012 0.012 0.013 

Locus 17 : 17 
4 alleles
0.0% missing data
  90   (0.592) 0.587 0.768 0.587 
 100   (0.067) 0.072 0.013 0.070 
 102   (0.244) 0.244 0.199 0.246 
  88   (0.097) 0.098 0.019 0.098 

Locus 18 : 18 
7 alleles
0.0% missing data
 127   (0.302) 0.306 0.306 0.305 
 148   (0.087) 0.085 0.052 0.086 
 140   (0.299) 0.307 0.322 0.303 
 138   (0.046) 0.043 0.043 0.044 
 142   (0.142) 0.142 0.111 0.141 
 150   (0.054) 0.049 0.094 0.051 
 146   (0.070) 0.068 0.073 0.069 

Locus 19 : 19 
7 alleles
0.0% missing data
 188   (0.209) 0.214 0.148 0.212 
 194   (0.518) 0.527 0.520 0.524 
 192   (0.015) 0.013 0.003 0.014 
 190   (0.106) 0.099 0.211 0.102 
 200   (0.123) 0.121 0.114 0.122 
 202   (0.015) 0.013 0.002 0.014 
 196   (0.015) 0.013 0.002 0.013 

Locus 20 : 20 
6 alleles
1.1% missing data
 246   (0.121) 0.121 0.066 0.121 
 252   (0.688) 0.699 0.747 0.695 
 250   (0.071) 0.070 0.059 0.070 
 254   (0.069) 0.063 0.115 0.065 
 244   (0.022) 0.020 0.006 0.020 
 248   (0.029) 0.028 0.006 0.028 

Locus 21 : 21 
7 alleles
0.0% missing data
 175   (0.137) 0.136 0.080 0.136 
 177   (0.277) 0.285 0.237 0.282 
 159   (0.035) 0.033 0.015 0.034 
 167   (0.170) 0.177 0.110 0.175 
 173   (0.258) 0.248 0.526 0.251 
 165   (0.061) 0.062 0.014 0.062 
 163   (0.062) 0.059 0.019 0.060 

Locus 22 : 22 
10 alleles
1.1% missing data
 152   (0.365) 0.360 0.628 0.361 
 162   (0.077) 0.078 0.033 0.077 
 166   (0.108) 0.113 0.041 0.111 
 146   (0.238) 0.239 0.226 0.240 
 156   (0.031) 0.028 0.029 0.029 
 158   (0.090) 0.098 0.016 0.095 
 164   (0.021) 0.020 0.004 0.020 
 150   (0.032) 0.035 0.006 0.035 
 142   (0.021) 0.018 0.015 0.019 
 148   (0.015) 0.012 0.002 0.013 

Locus 23 : 23 
7 alleles
0.0% missing data
 154   (0.549) 0.559 0.525 0.556 
 158   (0.028) 0.028 0.005 0.028 
 160   (0.083) 0.077 0.103 0.079 
 156   (0.150) 0.159 0.066 0.155 
 144   (0.152) 0.146 0.295 0.148 
 152   (0.015) 0.013 0.004 0.014 
 146   (0.022) 0.019 0.003 0.020 

Locus 24 : 24 
4 alleles
1.1% missing data
  83   (0.477) 0.491 0.457 0.486 
  81   (0.349) 0.348 0.359 0.349 
  85   (0.081) 0.076 0.095 0.077 
  77   (0.093) 0.085 0.090 0.088 

Locus 25 : 25 
5 alleles
0.0% missing data
 124   (0.569) 0.573 0.546 0.571 
 122   (0.074) 0.071 0.179 0.072 
 132   (0.313) 0.317 0.267 0.316 
 126   (0.022) 0.019 0.004 0.020 
 136   (0.022) 0.019 0.004 0.021 

Locus 26 : 26 
6 alleles
0.0% missing data
 175   (0.268) 0.263 0.367 0.265 
 183   (0.361) 0.373 0.351 0.368 
 165   (0.208) 0.205 0.231 0.207 
 181   (0.055) 0.054 0.010 0.054 
 179   (0.092) 0.091 0.039 0.091 
 185   (0.015) 0.013 0.003 0.014 

Locus 27 : 27 
4 alleles
0.0% missing data
 142   (0.612) 0.613 0.774 0.613 
 148   (0.244) 0.250 0.150 0.247 
 150   (0.101) 0.097 0.067 0.099 
 138   (0.043) 0.040 0.009 0.041 

Locus 28 : 28 
6 alleles
0.0% missing data
 262   (0.508) 0.510 0.408 0.509 
 260   (0.388) 0.394 0.518 0.394 
 256   (0.052) 0.051 0.047 0.051 
 266   (0.015) 0.012 0.012 0.013 
 264   (0.015) 0.012 0.011 0.013 
 258   (0.022) 0.021 0.004 0.021 

Locus 29 : 29 
6 alleles
0.0% missing data
 146   (0.252) 0.247 0.304 0.249 
 150   (0.467) 0.473 0.521 0.471 
 152   (0.035) 0.034 0.007 0.035 
 140   (0.170) 0.176 0.115 0.175 
 148   (0.060) 0.057 0.051 0.058 
 151   (0.015) 0.013 0.002 0.013 

Locus 30 : 30 
6 alleles
0.0% missing data
 125   (0.335) 0.353 0.081 0.345 
 129   (0.399) 0.394 0.634 0.397 
 127   (0.097) 0.097 0.023 0.097 
 131   (0.036) 0.033 0.014 0.034 
 123   (0.118) 0.111 0.245 0.114 
 121   (0.015) 0.013 0.003 0.014 

Locus 31 : 31 
5 alleles
1.1% missing data
 155   (0.537) 0.554 0.386 0.549 
 159   (0.188) 0.184 0.248 0.185 
 153   (0.061) 0.057 0.133 0.059 
 157   (0.185) 0.178 0.227 0.180 
 151   (0.029) 0.027 0.005 0.027 

Locus 32 : 32 
5 alleles
0.0% missing data
 146   (0.349) 0.358 0.316 0.355 
 150   (0.520) 0.521 0.589 0.520 
 148   (0.050) 0.044 0.040 0.047 
 154   (0.061) 0.060 0.018 0.061 
 152   (0.020) 0.016 0.038 0.017 

Locus 33 : 33 
6 alleles
0.0% missing data
 180   (0.429) 0.438 0.421 0.435 
 192   (0.218) 0.218 0.153 0.218 
 184   (0.168) 0.169 0.193 0.168 
 196   (0.109) 0.102 0.191 0.104 
 198   (0.054) 0.055 0.010 0.055 
 190   (0.023) 0.018 0.031 0.020 

Locus 34 : 34 
6 alleles
0.0% missing data
 110   (0.171) 0.181 0.072 0.178 
 112   (0.325) 0.322 0.363 0.324 
 106   (0.279) 0.274 0.439 0.276 
 108   (0.162) 0.165 0.104 0.163 
  90   (0.048) 0.044 0.021 0.046 
  96   (0.015) 0.013 0.003 0.014 

Locus 35 : 35 
9 alleles
0.0% missing data
 166   (0.060) 0.058 0.095 0.059 
 170   (0.270) 0.276 0.238 0.273 
 174   (0.166) 0.161 0.178 0.162 
 168   (0.064) 0.064 0.047 0.064 
 172   (0.291) 0.303 0.343 0.300 
 178   (0.035) 0.031 0.016 0.032 
 176   (0.079) 0.079 0.015 0.079 
 186   (0.020) 0.016 0.066 0.017 
 158   (0.014) 0.012 0.002 0.013 

Locus 36 : 36 
6 alleles
0.0% missing data
  85   (0.145) 0.143 0.180 0.144 
  89   (0.568) 0.581 0.631 0.576 
  81   (0.070) 0.068 0.014 0.068 
  83   (0.128) 0.128 0.082 0.128 
  95   (0.075) 0.068 0.090 0.071 
  91   (0.015) 0.012 0.003 0.013 

Locus 37 : 37 
10 alleles
0.0% missing data
 165   (0.212) 0.210 0.286 0.210 
 155   (0.014) 0.012 0.003 0.013 
 173   (0.229) 0.230 0.294 0.230 
 161   (0.350) 0.355 0.239 0.353 
 169   (0.115) 0.124 0.153 0.121 
 159   (0.021) 0.020 0.004 0.020 
 167   (0.015) 0.013 0.002 0.014 
 177   (0.014) 0.012 0.003 0.013 
 175   (0.015) 0.011 0.013 0.012 
 168   (0.014) 0.012 0.002 0.013 

Locus 38 : 38 
5 alleles
0.0% missing data
  89   (0.477) 0.486 0.544 0.483 
  91   (0.199) 0.203 0.109 0.201 
  85   (0.156) 0.148 0.280 0.151 
  87   (0.068) 0.065 0.030 0.066 
  81   (0.099) 0.099 0.038 0.100 

Locus 39 : 39 
3 alleles
1.1% missing data
 161   (0.186) 0.184 0.158 0.185 
 167   (0.772) 0.778 0.767 0.775 
 165   (0.042) 0.039 0.075 0.040 

Locus 40 : 40 
6 alleles
1.1% missing data
 238   (0.375) 0.383 0.286 0.379 
 228   (0.434) 0.444 0.488 0.441 
 236   (0.066) 0.061 0.059 0.063 
 224   (0.029) 0.026 0.007 0.027 
 240   (0.081) 0.074 0.157 0.076 
 232   (0.015) 0.013 0.003 0.014 

Locus 41 : 41 
6 alleles
0.0% missing data
 130   (0.487) 0.497 0.503 0.494 
 134   (0.107) 0.110 0.024 0.109 
 114   (0.062) 0.060 0.014 0.060 
 128   (0.152) 0.147 0.140 0.149 
 132   (0.128) 0.127 0.258 0.127 
 118   (0.065) 0.059 0.061 0.061 

Locus 42 : 42 
5 alleles
2.2% missing data
 102   (0.258) 0.261 0.351 0.260 
 104   (0.457) 0.459 0.507 0.459 
  98   (0.110) 0.104 0.072 0.106 
  96   (0.059) 0.057 0.036 0.058 
  92   (0.117) 0.119 0.034 0.118 

Locus 43 : 43 
4 alleles
2.2% missing data
 101   (0.338) 0.335 0.264 0.335 
  95   (0.219) 0.225 0.204 0.224 
 103   (0.281) 0.268 0.489 0.274 
  99   (0.161) 0.172 0.043 0.168 

Locus 44 : 44 
5 alleles
0.0% missing data
 181   (0.553) 0.554 0.720 0.553 
 191   (0.297) 0.303 0.182 0.300 
 179   (0.061) 0.062 0.011 0.063 
 177   (0.074) 0.068 0.075 0.070 
 193   (0.015) 0.012 0.013 0.013 

Locus 45 : 45 
5 alleles
3.3% missing data
 205   (0.481) 0.496 0.468 0.492 
 215   (0.058) 0.055 0.042 0.056 
 211   (0.206) 0.210 0.141 0.207 
 201   (0.106) 0.102 0.097 0.103 
 207   (0.149) 0.138 0.252 0.141 

Locus 46 : 46 
9 alleles
0.0% missing data
 142   (0.383) 0.392 0.509 0.389 
 168   (0.120) 0.122 0.069 0.121 
 158   (0.160) 0.168 0.065 0.164 
 170   (0.021) 0.020 0.004 0.021 
 144   (0.056) 0.053 0.036 0.054 
 162   (0.057) 0.056 0.032 0.056 
 166   (0.125) 0.121 0.213 0.123 
 164   (0.047) 0.043 0.044 0.044 
 156   (0.031) 0.026 0.027 0.028 

Locus 47 : 47 
6 alleles
5.5% missing data
 145   (0.204) 0.207 0.178 0.206 
 151   (0.177) 0.174 0.194 0.175 
 153   (0.183) 0.187 0.240 0.185 
 149   (0.375) 0.375 0.377 0.376 
 143   (0.031) 0.028 0.005 0.029 
 147   (0.030) 0.028 0.006 0.029 

Values of parameters used in structure:
DATAFILE=subw2.str,	OUTFILE=k3/subw2_k3_run10,	NUMINDS=91,	NUMLOCI=47,	MISSING=-9,	LABEL=1,	POPDATA=1,	POPFLAG=0,	PHENOTYPE=0,	EXTRACOLS=0,	MAXPOPS=3,	BURNIN=500000,	NUMREPS=750000,	USEPOPINFO=0,	INFERALPHA=1,	INFERLAMBDA=0,	POPSPECIFICLAMBDA=0,	POPALPHAS=0,	COMPUTEPROB=1,	NOADMIX=0,	ADMBURNIN=500,	UPDATEFREQ=100,	PRINTLIKES=0,	INTERMEDSAVE=0,	PRINTKLD=0,	PRINTNET=1,	PRINTLAMBDA=1,	ANCESTDIST=0,	NUMBOXES=1000,	ANCESTPINT=0.90000,	GENSBACK=2,	MIGRPRIOR=0.01000,	PRINTQHAT=0,	PRINTQSUM=1,	ALPHA=1.0000,	FREQSCORR=1,	FPRIORMEAN=0.0100,	FPRIORSD=0.0500,	ONEFST=0,	LAMBDA=1.0000,	UNIFPRIORALPHA=1,	ALPHAMAX=10.0000,	ALPHAPRIORA=1.0000,	ALPHAPRIORB=2.0000,	ALPHAPROPSD=0.0250,	STARTATPOPINFO=0,	RANDOMIZE=0,	LINKAGE=0,	METROFREQ=10,	REPORTHITRATE=0,	MARKOVPHASE=0,	PHASED=1,	PLOIDY=2,	PHASEINFO=0	LOCPRIOR=0, 	LOCPRIORINIT=1.000000, 	LOCDATA=0, 	LOCISPOP=1, 	LOCPRIORSTEP=0.100000, 	MAXLOCPRIOR=20.000000, 	SEED=967296,	
[STRAT parameters]:    NUMSIMSTATS=1000,	PHENOTYPECOL=-9,	POOLFREQ=10,	LOCUSxONLY=0,	EMERROR=0.00100,	MISSINGPHENO=-9,	