

----------------------------------------------------
STRUCTURE by Pritchard, Stephens and Donnelly (2000)
     and Falush, Stephens and Pritchard (2003)
       Code by Pritchard, Falush and Hubisz
             Version 2.3.4 (Jul 2012)
----------------------------------------------------



Command line arguments:   structure -D 586138 -K 4 -m mainparams -o k4/subw2_k4_run7 
Input File:    subw2.str

Run parameters:
   91 individuals
   47 loci
   4 populations assumed
   500000 Burn-in period
   750000 Reps
RANDOMIZE turned off


--------------------------------------------
Proportion of membership of each pre-defined
 population in each of the 4 clusters

Given    Inferred Clusters              Number of
 Pop       1      2      3      4      Individuals

  1:     0.426  0.055  0.443  0.075       10
  2:     0.302  0.237  0.297  0.163       23
  3:     0.184  0.496  0.163  0.157       11
  4:     0.092  0.761  0.080  0.066       18
  5:     0.367  0.125  0.356  0.153       25
  6:     0.139  0.022  0.160  0.679        4
--------------------------------------------

Allele-freq. divergence among pops (Net nucleotide distance),
computed using point estimates of P.

      1       2       3       4      
 1      -    0.0157  0.0001  0.0117  
 2   0.0157     -    0.0166  0.0268  
 3   0.0001  0.0166     -    0.0125  
 4   0.0117  0.0268  0.0125     -    

Average distances (expected heterozygosity) between individuals in same cluster:
cluster  1  : 0.6543 
cluster  2  : 0.5895 
cluster  3  : 0.6514 
cluster  4  : 0.6125 

--------------------------------------------
Estimated Ln Prob of Data   = -10670.7
Mean value of ln likelihood = -10298.7
Variance of ln likelihood   = 743.9
Mean value of alpha         = 0.0827

Mean value of Fst_1         = 0.0004
Mean value of Fst_2         = 0.0822
Mean value of Fst_3         = 0.0057
Mean value of Fst_4         = 0.0780


Inferred ancestry of individuals:
        Label (%Miss) Pop:  Inferred clusters
  1      180    (0)    1 :  0.409 0.024 0.530 0.037 
  2      203    (0)    1 :  0.488 0.092 0.382 0.039 
  3      177    (0)    1 :  0.447 0.048 0.473 0.032 
  4       51    (0)    1 :  0.438 0.013 0.508 0.040 
  5      173    (2)    1 :  0.447 0.063 0.380 0.110 
  6      198    (0)    1 :  0.405 0.017 0.509 0.068 
  7      174    (2)    1 :  0.389 0.013 0.578 0.020 
  8      102    (0)    1 :  0.353 0.250 0.298 0.099 
  9      349    (0)    1 :  0.357 0.014 0.353 0.276 
 10      410    (0)    1 :  0.528 0.018 0.423 0.031 
 11      737    (0)    2 :  0.418 0.016 0.545 0.021 
 12      469    (0)    2 :  0.293 0.300 0.241 0.166 
 13      752    (2)    2 :  0.386 0.179 0.364 0.071 
 14      494    (0)    2 :  0.392 0.117 0.462 0.029 
 15      467    (0)    2 :  0.025 0.909 0.025 0.041 
 16      722    (4)    2 :  0.014 0.954 0.014 0.018 
 17      753    (4)    2 :  0.026 0.040 0.024 0.910 
 18      716    (0)    2 :  0.030 0.906 0.028 0.036 
 19      723    (0)    2 :  0.037 0.913 0.030 0.020 
 20      477    (0)    2 :  0.021 0.012 0.018 0.949 
 21      712    (4)    2 :  0.362 0.099 0.463 0.076 
 22      749    (2)    2 :  0.468 0.025 0.477 0.030 
 23      725    (0)    2 :  0.443 0.116 0.316 0.125 
 24      750    (4)    2 :  0.450 0.038 0.461 0.051 
 25      748    (0)    2 :  0.476 0.021 0.458 0.045 
 26      721    (0)    2 :  0.147 0.107 0.139 0.607 
 27      472    (0)    2 :  0.512 0.049 0.384 0.056 
 28      491    (0)    2 :  0.496 0.089 0.385 0.031 
 29      498    (0)    2 :  0.480 0.061 0.438 0.020 
 30      733    (0)    2 :  0.230 0.243 0.218 0.309 
 31      741    (2)    2 :  0.368 0.143 0.452 0.037 
 32      735    (4)    2 :  0.460 0.081 0.383 0.076 
 33      736    (2)    2 :  0.421 0.036 0.515 0.029 
 34      484    (0)    3 :  0.371 0.192 0.402 0.035 
 35      444    (4)    3 :  0.024 0.939 0.020 0.017 
 36      449    (0)    3 :  0.017 0.937 0.016 0.030 
 37      159    (0)    3 :  0.499 0.030 0.359 0.112 
 38      162    (0)    3 :  0.080 0.822 0.077 0.020 
 39      427    (0)    3 :  0.026 0.855 0.025 0.093 
 40      428    (0)    3 :  0.022 0.608 0.019 0.350 
 41      436    (0)    3 :  0.017 0.927 0.017 0.039 
 42      155    (0)    3 :  0.501 0.029 0.428 0.042 
 43      486    (0)    3 :  0.439 0.075 0.408 0.079 
 44      445    (2)    3 :  0.025 0.041 0.022 0.913 
 45      434    (0)    4 :  0.014 0.960 0.014 0.012 
 46      496    (0)    4 :  0.061 0.863 0.064 0.011 
 47      466    (0)    4 :  0.056 0.798 0.051 0.095 
 48      456    (0)    4 :  0.406 0.247 0.267 0.081 
 49      497    (0)    4 :  0.056 0.868 0.049 0.027 
 50      470    (0)    4 :  0.017 0.947 0.017 0.019 
 51      879    (0)    4 :  0.015 0.961 0.016 0.007 
 52      458    (0)    4 :  0.223 0.520 0.209 0.048 
 53      448    (2)    4 :  0.016 0.948 0.015 0.020 
 54      483    (0)    4 :  0.020 0.949 0.022 0.009 
 55      495    (0)    4 :  0.053 0.881 0.052 0.015 
 56      440    (0)    4 :  0.051 0.620 0.048 0.280 
 57      178    (0)    4 :  0.152 0.575 0.126 0.147 
 58      465    (0)    4 :  0.030 0.904 0.028 0.038 
 59      422    (0)    4 :  0.015 0.953 0.015 0.017 
 60      459    (0)    4 :  0.031 0.924 0.032 0.013 
 61      457    (0)    4 :  0.112 0.475 0.097 0.317 
 62      426    (0)    4 :  0.337 0.312 0.311 0.040 
 63      169    (2)    5 :  0.119 0.683 0.126 0.072 
 64      112    (0)    5 :  0.468 0.019 0.487 0.026 
 65      360    (0)    5 :  0.452 0.123 0.358 0.066 
 66      357    (0)    5 :  0.391 0.020 0.316 0.272 
 67      418    (0)    5 :  0.028 0.012 0.027 0.933 
 68      367    (0)    5 :  0.334 0.010 0.331 0.326 
 69      380    (0)    5 :  0.455 0.021 0.494 0.029 
 70      358    (0)    5 :  0.531 0.032 0.408 0.028 
 71      370    (0)    5 :  0.410 0.029 0.511 0.050 
 72      365    (0)    5 :  0.552 0.050 0.377 0.022 
 73      168    (0)    5 :  0.547 0.040 0.337 0.076 
 74      366    (0)    5 :  0.524 0.010 0.458 0.009 
 75      372    (0)    5 :  0.052 0.857 0.054 0.036 
 76      170    (0)    5 :  0.395 0.016 0.551 0.037 
 77       94    (4)    5 :  0.415 0.113 0.435 0.037 
 78      369    (0)    5 :  0.452 0.016 0.459 0.073 
 79      120    (0)    5 :  0.397 0.043 0.538 0.022 
 80      364    (0)    5 :  0.455 0.028 0.479 0.038 
 81      371    (0)    5 :  0.535 0.035 0.399 0.031 
 82      388    (0)    5 :  0.450 0.018 0.505 0.027 
 83      171    (2)    5 :  0.170 0.020 0.223 0.587 
 84      356    (0)    5 :  0.465 0.023 0.491 0.021 
 85      419    (0)    5 :  0.012 0.016 0.011 0.961 
 86      127    (2)    5 :  0.497 0.019 0.455 0.029 
 87      339    (0)    5 :  0.063 0.860 0.060 0.016 
 88      414    (0)    6 :  0.023 0.010 0.022 0.944 
 89      416    (0)    6 :  0.085 0.048 0.081 0.786 
 90      415    (2)    6 :  0.413 0.013 0.492 0.082 
 91      409    (0)    6 :  0.037 0.015 0.046 0.902 


Estimated Allele Frequencies in each cluster
First column gives estimated ancestral frequencies


Locus 1 : 1 
4 alleles
0.0% missing data
  89   (0.591) 0.591 0.579 0.591 0.571 
  93   (0.072) 0.072 0.047 0.073 0.041 
  91   (0.319) 0.319 0.371 0.322 0.307 
  99   (0.018) 0.018 0.003 0.015 0.081 

Locus 2 : 2 
6 alleles
1.1% missing data
 136   (0.358) 0.359 0.094 0.383 0.237 
 134   (0.254) 0.254 0.279 0.247 0.195 
 138   (0.218) 0.217 0.456 0.208 0.343 
 140   (0.085) 0.085 0.033 0.084 0.108 
 132   (0.043) 0.043 0.009 0.039 0.086 
 142   (0.042) 0.042 0.129 0.038 0.031 

Locus 3 : 3 
6 alleles
0.0% missing data
 179   (0.198) 0.197 0.255 0.190 0.370 
 187   (0.371) 0.372 0.182 0.391 0.251 
 181   (0.212) 0.212 0.308 0.208 0.131 
 175   (0.082) 0.082 0.150 0.080 0.037 
 191   (0.037) 0.036 0.007 0.033 0.072 
 185   (0.100) 0.100 0.098 0.098 0.139 

Locus 4 : 4 
8 alleles
1.1% missing data
 253   (0.480) 0.480 0.459 0.482 0.725 
 241   (0.132) 0.132 0.141 0.132 0.055 
 247   (0.098) 0.099 0.037 0.102 0.095 
 239   (0.022) 0.022 0.004 0.021 0.009 
 269   (0.203) 0.203 0.346 0.201 0.091 
 249   (0.022) 0.022 0.005 0.020 0.011 
 271   (0.022) 0.022 0.004 0.021 0.007 
 273   (0.021) 0.021 0.004 0.021 0.007 

Locus 5 : 5 
6 alleles
0.0% missing data
 103   (0.844) 0.845 0.945 0.852 0.796 
 105   (0.057) 0.057 0.013 0.057 0.049 
 104   (0.054) 0.053 0.035 0.049 0.141 
 107   (0.015) 0.015 0.003 0.014 0.005 
 102   (0.015) 0.015 0.003 0.014 0.005 
 101   (0.015) 0.015 0.003 0.014 0.005 

Locus 6 : 6 
5 alleles
0.0% missing data
 145   (0.385) 0.384 0.658 0.384 0.302 
 141   (0.293) 0.293 0.192 0.287 0.456 
 135   (0.234) 0.235 0.132 0.238 0.202 
 147   (0.065) 0.065 0.014 0.068 0.032 
 137   (0.022) 0.022 0.005 0.023 0.008 

Locus 7 : 7 
8 alleles
2.2% missing data
  85   (0.066) 0.066 0.047 0.065 0.027 
  89   (0.100) 0.100 0.128 0.103 0.040 
  93   (0.234) 0.234 0.260 0.238 0.143 
  97   (0.180) 0.180 0.157 0.174 0.265 
 103   (0.281) 0.282 0.335 0.286 0.338 
  91   (0.073) 0.073 0.040 0.073 0.047 
  83   (0.050) 0.050 0.030 0.047 0.135 
  99   (0.015) 0.015 0.003 0.013 0.006 

Locus 8 : 8 
8 alleles
0.0% missing data
 129   (0.528) 0.528 0.664 0.532 0.473 
 143   (0.256) 0.256 0.235 0.258 0.292 
 141   (0.049) 0.049 0.031 0.048 0.052 
 133   (0.028) 0.027 0.007 0.027 0.011 
 149   (0.088) 0.088 0.053 0.086 0.152 
 145   (0.015) 0.015 0.003 0.014 0.005 
 131   (0.015) 0.015 0.003 0.014 0.006 
 127   (0.022) 0.022 0.004 0.021 0.008 

Locus 9 : 9 
3 alleles
0.0% missing data
 189   (0.542) 0.543 0.420 0.554 0.425 
 195   (0.119) 0.119 0.292 0.115 0.092 
 191   (0.339) 0.338 0.287 0.331 0.482 

Locus 10 : 10 
6 alleles
1.1% missing data
 232   (0.281) 0.281 0.174 0.288 0.266 
 252   (0.093) 0.093 0.090 0.092 0.118 
 238   (0.553) 0.553 0.723 0.551 0.563 
 248   (0.022) 0.022 0.004 0.022 0.008 
 236   (0.015) 0.015 0.003 0.014 0.005 
 254   (0.036) 0.036 0.006 0.034 0.040 

Locus 11 : 11 
4 alleles
0.0% missing data
  87   (0.688) 0.688 0.787 0.685 0.680 
  89   (0.244) 0.245 0.173 0.248 0.295 
  91   (0.052) 0.052 0.038 0.054 0.019 
  85   (0.015) 0.015 0.003 0.013 0.006 

Locus 12 : 12 
12 alleles
1.1% missing data
 147   (0.038) 0.037 0.070 0.036 0.014 
 162   (0.242) 0.242 0.212 0.244 0.440 
 170   (0.055) 0.055 0.054 0.053 0.066 
 158   (0.261) 0.262 0.175 0.269 0.236 
 161   (0.102) 0.102 0.100 0.104 0.063 
 154   (0.021) 0.021 0.004 0.021 0.007 
 149   (0.047) 0.046 0.081 0.044 0.030 
 160   (0.158) 0.158 0.256 0.159 0.065 
 143   (0.029) 0.029 0.006 0.027 0.062 
 159   (0.019) 0.019 0.038 0.016 0.008 
 164   (0.014) 0.014 0.003 0.013 0.005 
 153   (0.014) 0.014 0.003 0.013 0.005 

Locus 13 : 13 
4 alleles
0.0% missing data
 108   (0.185) 0.185 0.146 0.194 0.070 
 113   (0.308) 0.308 0.294 0.303 0.460 
 115   (0.492) 0.492 0.557 0.489 0.465 
 109   (0.015) 0.015 0.003 0.014 0.005 

Locus 14 : 14 
5 alleles
2.2% missing data
 229   (0.523) 0.523 0.518 0.531 0.416 
 231   (0.157) 0.157 0.032 0.165 0.196 
 225   (0.160) 0.160 0.123 0.157 0.140 
 227   (0.118) 0.117 0.301 0.110 0.084 
 233   (0.043) 0.043 0.026 0.038 0.163 

Locus 15 : 15 
4 alleles
0.0% missing data
 143   (0.811) 0.811 0.908 0.810 0.852 
 145   (0.097) 0.097 0.029 0.098 0.110 
 147   (0.069) 0.070 0.059 0.070 0.031 
 133   (0.022) 0.022 0.004 0.022 0.007 

Locus 16 : 16 
5 alleles
0.0% missing data
 156   (0.267) 0.267 0.273 0.273 0.295 
 158   (0.528) 0.528 0.604 0.524 0.597 
 154   (0.088) 0.088 0.040 0.090 0.050 
 160   (0.102) 0.102 0.069 0.102 0.053 
 152   (0.015) 0.015 0.014 0.013 0.005 

Locus 17 : 17 
4 alleles
0.0% missing data
  90   (0.610) 0.611 0.777 0.616 0.499 
 100   (0.067) 0.067 0.013 0.069 0.082 
 102   (0.227) 0.227 0.191 0.218 0.320 
  88   (0.096) 0.096 0.019 0.096 0.098 

Locus 18 : 18 
7 alleles
0.0% missing data
 127   (0.299) 0.300 0.304 0.306 0.306 
 148   (0.086) 0.086 0.051 0.085 0.084 
 140   (0.304) 0.305 0.327 0.308 0.286 
 138   (0.047) 0.047 0.047 0.046 0.022 
 142   (0.148) 0.148 0.112 0.149 0.103 
 150   (0.052) 0.052 0.089 0.048 0.082 
 146   (0.062) 0.062 0.070 0.057 0.117 

Locus 19 : 19 
7 alleles
0.0% missing data
 188   (0.215) 0.215 0.150 0.221 0.183 
 194   (0.503) 0.503 0.512 0.500 0.628 
 192   (0.015) 0.015 0.003 0.014 0.005 
 190   (0.115) 0.115 0.218 0.115 0.050 
 200   (0.124) 0.124 0.111 0.123 0.125 
 202   (0.015) 0.015 0.003 0.014 0.005 
 196   (0.014) 0.014 0.003 0.014 0.005 

Locus 20 : 20 
6 alleles
1.1% missing data
 246   (0.123) 0.124 0.068 0.126 0.080 
 252   (0.683) 0.684 0.738 0.691 0.737 
 250   (0.069) 0.069 0.065 0.066 0.075 
 254   (0.074) 0.073 0.116 0.070 0.060 
 244   (0.022) 0.022 0.006 0.021 0.009 
 248   (0.028) 0.028 0.006 0.025 0.039 

Locus 21 : 21 
7 alleles
0.0% missing data
 175   (0.136) 0.136 0.075 0.136 0.136 
 177   (0.266) 0.267 0.229 0.269 0.338 
 159   (0.035) 0.035 0.017 0.034 0.019 
 167   (0.163) 0.162 0.110 0.161 0.225 
 173   (0.278) 0.278 0.538 0.277 0.175 
 165   (0.058) 0.058 0.012 0.058 0.075 
 163   (0.063) 0.063 0.019 0.064 0.032 

Locus 22 : 22 
10 alleles
1.1% missing data
 152   (0.396) 0.396 0.637 0.400 0.247 
 162   (0.080) 0.080 0.038 0.083 0.037 
 166   (0.104) 0.104 0.037 0.104 0.138 
 146   (0.223) 0.223 0.213 0.222 0.326 
 156   (0.032) 0.031 0.032 0.029 0.015 
 158   (0.088) 0.089 0.017 0.092 0.111 
 164   (0.021) 0.021 0.004 0.021 0.012 
 150   (0.020) 0.019 0.004 0.017 0.101 
 142   (0.022) 0.021 0.017 0.019 0.008 
 148   (0.014) 0.014 0.003 0.013 0.005 

Locus 23 : 23 
7 alleles
0.0% missing data
 154   (0.537) 0.537 0.509 0.537 0.665 
 158   (0.028) 0.029 0.005 0.029 0.011 
 160   (0.088) 0.088 0.106 0.088 0.033 
 156   (0.151) 0.151 0.067 0.156 0.156 
 144   (0.160) 0.160 0.304 0.156 0.123 
 152   (0.015) 0.015 0.004 0.013 0.006 
 146   (0.021) 0.021 0.004 0.021 0.007 

Locus 24 : 24 
4 alleles
1.1% missing data
  83   (0.470) 0.470 0.453 0.472 0.560 
  81   (0.352) 0.352 0.350 0.349 0.374 
  85   (0.084) 0.084 0.101 0.084 0.032 
  77   (0.094) 0.094 0.096 0.094 0.035 

Locus 25 : 25 
5 alleles
0.0% missing data
 124   (0.580) 0.580 0.548 0.587 0.520 
 122   (0.079) 0.078 0.183 0.075 0.070 
 132   (0.297) 0.297 0.262 0.295 0.395 
 126   (0.022) 0.022 0.004 0.021 0.007 
 136   (0.023) 0.022 0.004 0.022 0.008 

Locus 26 : 26 
6 alleles
0.0% missing data
 175   (0.264) 0.264 0.364 0.261 0.303 
 183   (0.359) 0.359 0.349 0.364 0.405 
 165   (0.210) 0.210 0.232 0.206 0.201 
 181   (0.057) 0.058 0.011 0.060 0.023 
 179   (0.094) 0.094 0.041 0.094 0.062 
 185   (0.015) 0.015 0.003 0.014 0.005 

Locus 27 : 27 
4 alleles
0.0% missing data
 142   (0.616) 0.616 0.770 0.611 0.657 
 148   (0.241) 0.241 0.156 0.246 0.232 
 150   (0.099) 0.099 0.066 0.099 0.096 
 138   (0.043) 0.043 0.009 0.045 0.016 

Locus 28 : 28 
6 alleles
0.0% missing data
 262   (0.528) 0.529 0.417 0.545 0.383 
 260   (0.365) 0.365 0.501 0.354 0.563 
 256   (0.055) 0.055 0.050 0.055 0.030 
 266   (0.015) 0.015 0.014 0.013 0.005 
 264   (0.015) 0.015 0.013 0.013 0.005 
 258   (0.022) 0.022 0.004 0.021 0.013 

Locus 29 : 29 
6 alleles
0.0% missing data
 146   (0.264) 0.264 0.310 0.271 0.157 
 150   (0.466) 0.466 0.513 0.468 0.517 
 152   (0.035) 0.035 0.007 0.033 0.039 
 140   (0.157) 0.157 0.114 0.154 0.240 
 148   (0.062) 0.062 0.054 0.060 0.042 
 151   (0.015) 0.015 0.003 0.014 0.005 

Locus 30 : 30 
6 alleles
0.0% missing data
 125   (0.338) 0.339 0.082 0.353 0.308 
 129   (0.397) 0.396 0.630 0.389 0.460 
 127   (0.100) 0.100 0.022 0.103 0.060 
 131   (0.036) 0.036 0.015 0.035 0.018 
 123   (0.114) 0.113 0.248 0.106 0.148 
 121   (0.015) 0.015 0.003 0.014 0.005 

Locus 31 : 31 
5 alleles
1.1% missing data
 155   (0.514) 0.515 0.368 0.518 0.677 
 159   (0.198) 0.198 0.256 0.199 0.140 
 153   (0.063) 0.063 0.138 0.059 0.057 
 157   (0.195) 0.195 0.231 0.195 0.111 
 151   (0.030) 0.030 0.006 0.028 0.015 

Locus 32 : 32 
5 alleles
0.0% missing data
 146   (0.343) 0.343 0.311 0.341 0.408 
 150   (0.526) 0.526 0.588 0.533 0.509 
 148   (0.050) 0.050 0.042 0.048 0.025 
 154   (0.061) 0.061 0.017 0.062 0.050 
 152   (0.020) 0.020 0.041 0.017 0.008 

Locus 33 : 33 
6 alleles
0.0% missing data
 180   (0.426) 0.426 0.408 0.431 0.479 
 192   (0.216) 0.216 0.155 0.215 0.211 
 184   (0.172) 0.172 0.199 0.176 0.143 
 196   (0.116) 0.116 0.195 0.114 0.065 
 198   (0.047) 0.047 0.009 0.045 0.092 
 190   (0.022) 0.022 0.034 0.019 0.008 

Locus 34 : 34 
6 alleles
0.0% missing data
 110   (0.159) 0.159 0.067 0.160 0.239 
 112   (0.325) 0.325 0.366 0.323 0.327 
 106   (0.285) 0.285 0.438 0.287 0.274 
 108   (0.167) 0.167 0.107 0.168 0.132 
  90   (0.048) 0.048 0.020 0.049 0.022 
  96   (0.015) 0.015 0.003 0.014 0.006 

Locus 35 : 35 
9 alleles
0.0% missing data
 166   (0.061) 0.061 0.090 0.058 0.085 
 170   (0.283) 0.284 0.248 0.293 0.176 
 174   (0.179) 0.179 0.176 0.183 0.088 
 168   (0.064) 0.064 0.043 0.063 0.083 
 172   (0.264) 0.264 0.333 0.260 0.468 
 178   (0.036) 0.036 0.018 0.033 0.015 
 176   (0.080) 0.080 0.015 0.082 0.073 
 186   (0.019) 0.019 0.073 0.016 0.006 
 158   (0.014) 0.014 0.003 0.013 0.005 

Locus 36 : 36 
6 alleles
0.0% missing data
  85   (0.151) 0.151 0.178 0.151 0.132 
  89   (0.559) 0.559 0.634 0.560 0.658 
  81   (0.070) 0.071 0.015 0.073 0.030 
  83   (0.127) 0.127 0.078 0.127 0.138 
  95   (0.078) 0.078 0.092 0.075 0.036 
  91   (0.015) 0.015 0.003 0.014 0.005 

Locus 37 : 37 
10 alleles
0.0% missing data
 165   (0.222) 0.222 0.290 0.223 0.173 
 155   (0.015) 0.015 0.003 0.013 0.005 
 173   (0.231) 0.231 0.292 0.230 0.256 
 161   (0.368) 0.369 0.246 0.385 0.211 
 169   (0.093) 0.092 0.144 0.087 0.258 
 159   (0.016) 0.015 0.003 0.013 0.055 
 167   (0.014) 0.014 0.003 0.012 0.028 
 177   (0.014) 0.014 0.003 0.013 0.005 
 175   (0.014) 0.014 0.015 0.012 0.006 
 168   (0.014) 0.014 0.003 0.013 0.005 

Locus 38 : 38 
5 alleles
0.0% missing data
  89   (0.473) 0.473 0.547 0.473 0.526 
  91   (0.196) 0.197 0.105 0.199 0.209 
  85   (0.168) 0.167 0.284 0.165 0.111 
  87   (0.070) 0.070 0.033 0.071 0.028 
  81   (0.094) 0.093 0.032 0.092 0.127 

Locus 39 : 39 
3 alleles
1.1% missing data
 161   (0.189) 0.189 0.157 0.191 0.156 
 167   (0.770) 0.770 0.772 0.773 0.781 
 165   (0.041) 0.040 0.072 0.036 0.062 

Locus 40 : 40 
6 alleles
1.1% missing data
 238   (0.375) 0.375 0.283 0.382 0.389 
 228   (0.428) 0.428 0.483 0.429 0.500 
 236   (0.067) 0.066 0.061 0.063 0.058 
 224   (0.029) 0.029 0.007 0.029 0.012 
 240   (0.087) 0.087 0.163 0.085 0.034 
 232   (0.015) 0.015 0.003 0.013 0.007 

Locus 41 : 41 
6 alleles
0.0% missing data
 130   (0.470) 0.470 0.496 0.470 0.594 
 134   (0.112) 0.112 0.025 0.115 0.079 
 114   (0.064) 0.065 0.014 0.066 0.024 
 128   (0.153) 0.152 0.128 0.149 0.172 
 132   (0.135) 0.135 0.270 0.135 0.101 
 118   (0.066) 0.066 0.066 0.064 0.030 

Locus 42 : 42 
5 alleles
2.2% missing data
 102   (0.247) 0.246 0.350 0.241 0.336 
 104   (0.464) 0.464 0.502 0.463 0.470 
  98   (0.112) 0.113 0.075 0.115 0.045 
  96   (0.061) 0.061 0.036 0.059 0.046 
  92   (0.116) 0.116 0.035 0.121 0.104 

Locus 43 : 43 
4 alleles
2.2% missing data
 101   (0.346) 0.347 0.275 0.354 0.237 
  95   (0.194) 0.193 0.192 0.188 0.370 
 103   (0.289) 0.288 0.490 0.274 0.291 
  99   (0.171) 0.171 0.044 0.184 0.102 

Locus 44 : 44 
5 alleles
0.0% missing data
 181   (0.565) 0.565 0.718 0.571 0.533 
 191   (0.293) 0.293 0.179 0.296 0.310 
 179   (0.051) 0.051 0.009 0.048 0.112 
 177   (0.076) 0.076 0.080 0.071 0.040 
 193   (0.015) 0.015 0.015 0.013 0.005 

Locus 45 : 45 
5 alleles
3.3% missing data
 205   (0.464) 0.464 0.446 0.461 0.657 
 215   (0.061) 0.061 0.043 0.061 0.023 
 211   (0.212) 0.212 0.141 0.218 0.191 
 201   (0.108) 0.108 0.104 0.109 0.056 
 207   (0.155) 0.155 0.265 0.151 0.073 

Locus 46 : 46 
9 alleles
0.0% missing data
 142   (0.371) 0.371 0.500 0.370 0.499 
 168   (0.124) 0.124 0.075 0.127 0.082 
 158   (0.168) 0.169 0.075 0.180 0.081 
 170   (0.021) 0.021 0.005 0.021 0.010 
 144   (0.057) 0.057 0.029 0.054 0.065 
 162   (0.053) 0.053 0.034 0.051 0.075 
 166   (0.127) 0.127 0.203 0.122 0.161 
 164   (0.046) 0.046 0.049 0.046 0.016 
 156   (0.031) 0.031 0.030 0.029 0.011 

Locus 47 : 47 
6 alleles
5.5% missing data
 145   (0.212) 0.212 0.186 0.215 0.163 
 151   (0.184) 0.184 0.191 0.184 0.154 
 153   (0.178) 0.178 0.244 0.178 0.221 
 149   (0.364) 0.364 0.368 0.360 0.436 
 143   (0.031) 0.031 0.006 0.030 0.015 
 147   (0.031) 0.031 0.006 0.032 0.011 

Values of parameters used in structure:
DATAFILE=subw2.str,	OUTFILE=k4/subw2_k4_run7,	NUMINDS=91,	NUMLOCI=47,	MISSING=-9,	LABEL=1,	POPDATA=1,	POPFLAG=0,	PHENOTYPE=0,	EXTRACOLS=0,	MAXPOPS=4,	BURNIN=500000,	NUMREPS=750000,	USEPOPINFO=0,	INFERALPHA=1,	INFERLAMBDA=0,	POPSPECIFICLAMBDA=0,	POPALPHAS=0,	COMPUTEPROB=1,	NOADMIX=0,	ADMBURNIN=500,	UPDATEFREQ=100,	PRINTLIKES=0,	INTERMEDSAVE=0,	PRINTKLD=0,	PRINTNET=1,	PRINTLAMBDA=1,	ANCESTDIST=0,	NUMBOXES=1000,	ANCESTPINT=0.90000,	GENSBACK=2,	MIGRPRIOR=0.01000,	PRINTQHAT=0,	PRINTQSUM=1,	ALPHA=1.0000,	FREQSCORR=1,	FPRIORMEAN=0.0100,	FPRIORSD=0.0500,	ONEFST=0,	LAMBDA=1.0000,	UNIFPRIORALPHA=1,	ALPHAMAX=10.0000,	ALPHAPRIORA=1.0000,	ALPHAPRIORB=2.0000,	ALPHAPROPSD=0.0250,	STARTATPOPINFO=0,	RANDOMIZE=0,	LINKAGE=0,	METROFREQ=10,	REPORTHITRATE=0,	MARKOVPHASE=0,	PHASED=1,	PLOIDY=2,	PHASEINFO=0	LOCPRIOR=0, 	LOCPRIORINIT=1.000000, 	LOCDATA=0, 	LOCISPOP=1, 	LOCPRIORSTEP=0.100000, 	MAXLOCPRIOR=20.000000, 	SEED=586138,	
[STRAT parameters]:    NUMSIMSTATS=1000,	PHENOTYPECOL=-9,	POOLFREQ=10,	LOCUSxONLY=0,	EMERROR=0.00100,	MISSINGPHENO=-9,	