

----------------------------------------------------
STRUCTURE by Pritchard, Stephens and Donnelly (2000)
     and Falush, Stephens and Pritchard (2003)
       Code by Pritchard, Falush and Hubisz
             Version 2.3.4 (Jul 2012)
----------------------------------------------------



Command line arguments:   structure -D 158964 -K 2 -m mainparams -o k2/subw2_k2_run10 
Input File:    subw2.str

Run parameters:
   91 individuals
   47 loci
   2 populations assumed
   500000 Burn-in period
   750000 Reps
RANDOMIZE turned off


--------------------------------------------
Proportion of membership of each pre-defined
 population in each of the 2 clusters

Given    Inferred Clusters       Number of
 Pop       1      2             Individuals

  1:     0.802  0.198              10
  2:     0.569  0.431              23
  3:     0.367  0.633              11
  4:     0.209  0.791              18
  5:     0.746  0.254              25
  6:     0.801  0.199               4
--------------------------------------------

Allele-freq. divergence among pops (Net nucleotide distance),
computed using point estimates of P.

      1       2      
 1      -    0.0209  
 2   0.0209     -    

Average distances (expected heterozygosity) between individuals in same cluster:
cluster  1  : 0.6614 
cluster  2  : 0.5828 

--------------------------------------------
Estimated Ln Prob of Data   = -10652.4
Mean value of ln likelihood = -10436.1
Variance of ln likelihood   = 432.6
Mean value of alpha         = 0.6219

Mean value of Fst_1         = 0.0005
Mean value of Fst_2         = 0.1083


Inferred ancestry of individuals:
        Label (%Miss) Pop:  Inferred clusters
  1      180    (0)    1 :  0.847 0.153 
  2      203    (0)    1 :  0.685 0.315 
  3      177    (0)    1 :  0.778 0.222 
  4       51    (0)    1 :  0.891 0.109 
  5      173    (2)    1 :  0.761 0.239 
  6      198    (0)    1 :  0.885 0.115 
  7      174    (2)    1 :  0.910 0.090 
  8      102    (0)    1 :  0.510 0.490 
  9      349    (0)    1 :  0.892 0.108 
 10      410    (0)    1 :  0.863 0.137 
 11      737    (0)    2 :  0.869 0.131 
 12      469    (0)    2 :  0.451 0.549 
 13      752    (2)    2 :  0.461 0.539 
 14      494    (0)    2 :  0.626 0.374 
 15      467    (0)    2 :  0.103 0.897 
 16      722    (4)    2 :  0.061 0.939 
 17      753    (4)    2 :  0.536 0.464 
 18      716    (0)    2 :  0.119 0.881 
 19      723    (0)    2 :  0.142 0.858 
 20      477    (0)    2 :  0.816 0.184 
 21      712    (4)    2 :  0.615 0.385 
 22      749    (2)    2 :  0.836 0.164 
 23      725    (0)    2 :  0.637 0.363 
 24      750    (4)    2 :  0.780 0.220 
 25      748    (0)    2 :  0.851 0.149 
 26      721    (0)    2 :  0.603 0.397 
 27      472    (0)    2 :  0.738 0.262 
 28      491    (0)    2 :  0.621 0.379 
 29      498    (0)    2 :  0.724 0.276 
 30      733    (0)    2 :  0.511 0.489 
 31      741    (2)    2 :  0.541 0.459 
 32      735    (4)    2 :  0.629 0.371 
 33      736    (2)    2 :  0.808 0.192 
 34      484    (0)    3 :  0.501 0.499 
 35      444    (4)    3 :  0.112 0.888 
 36      449    (0)    3 :  0.082 0.918 
 37      159    (0)    3 :  0.787 0.213 
 38      162    (0)    3 :  0.224 0.776 
 39      427    (0)    3 :  0.111 0.889 
 40      428    (0)    3 :  0.121 0.879 
 41      436    (0)    3 :  0.088 0.912 
 42      155    (0)    3 :  0.812 0.188 
 43      486    (0)    3 :  0.616 0.384 
 44      445    (2)    3 :  0.588 0.412 
 45      434    (0)    4 :  0.079 0.921 
 46      496    (0)    4 :  0.163 0.837 
 47      466    (0)    4 :  0.134 0.866 
 48      456    (0)    4 :  0.560 0.440 
 49      497    (0)    4 :  0.212 0.788 
 50      470    (0)    4 :  0.067 0.933 
 51      879    (0)    4 :  0.072 0.928 
 52      458    (0)    4 :  0.403 0.597 
 53      448    (2)    4 :  0.072 0.928 
 54      483    (0)    4 :  0.096 0.904 
 55      495    (0)    4 :  0.185 0.815 
 56      440    (0)    4 :  0.249 0.751 
 57      178    (0)    4 :  0.288 0.712 
 58      465    (0)    4 :  0.157 0.843 
 59      422    (0)    4 :  0.065 0.935 
 60      459    (0)    4 :  0.117 0.883 
 61      457    (0)    4 :  0.293 0.707 
 62      426    (0)    4 :  0.553 0.447 
 63      169    (2)    5 :  0.290 0.710 
 64      112    (0)    5 :  0.850 0.150 
 65      360    (0)    5 :  0.646 0.354 
 66      357    (0)    5 :  0.852 0.148 
 67      418    (0)    5 :  0.865 0.135 
 68      367    (0)    5 :  0.916 0.084 
 69      380    (0)    5 :  0.841 0.159 
 70      358    (0)    5 :  0.800 0.200 
 71      370    (0)    5 :  0.816 0.184 
 72      365    (0)    5 :  0.748 0.252 
 73      168    (0)    5 :  0.810 0.190 
 74      366    (0)    5 :  0.922 0.078 
 75      372    (0)    5 :  0.164 0.836 
 76      170    (0)    5 :  0.879 0.121 
 77       94    (4)    5 :  0.649 0.351 
 78      369    (0)    5 :  0.887 0.113 
 79      120    (0)    5 :  0.740 0.260 
 80      364    (0)    5 :  0.804 0.196 
 81      371    (0)    5 :  0.789 0.211 
 82      388    (0)    5 :  0.860 0.140 
 83      171    (2)    5 :  0.836 0.164 
 84      356    (0)    5 :  0.855 0.145 
 85      419    (0)    5 :  0.771 0.229 
 86      127    (2)    5 :  0.866 0.134 
 87      339    (0)    5 :  0.202 0.798 
 88      414    (0)    6 :  0.821 0.179 
 89      416    (0)    6 :  0.711 0.289 
 90      415    (2)    6 :  0.904 0.096 
 91      409    (0)    6 :  0.767 0.233 


Estimated Allele Frequencies in each cluster
First column gives estimated ancestral frequencies


Locus 1 : 1 
4 alleles
0.0% missing data
  89   (0.572) 0.573 0.602 
  93   (0.078) 0.078 0.037 
  91   (0.318) 0.318 0.356 
  99   (0.032) 0.031 0.005 

Locus 2 : 2 
6 alleles
1.1% missing data
 136   (0.397) 0.400 0.094 
 134   (0.216) 0.216 0.297 
 138   (0.196) 0.195 0.456 
 140   (0.100) 0.100 0.031 
 132   (0.056) 0.056 0.011 
 142   (0.034) 0.033 0.112 

Locus 3 : 3 
6 alleles
0.0% missing data
 179   (0.206) 0.205 0.282 
 187   (0.390) 0.393 0.182 
 181   (0.178) 0.178 0.297 
 175   (0.067) 0.066 0.140 
 191   (0.046) 0.046 0.009 
 185   (0.113) 0.113 0.090 

Locus 4 : 4 
8 alleles
1.1% missing data
 253   (0.524) 0.525 0.484 
 241   (0.123) 0.122 0.128 
 247   (0.108) 0.109 0.041 
 239   (0.023) 0.023 0.003 
 269   (0.151) 0.150 0.334 
 249   (0.024) 0.024 0.004 
 271   (0.024) 0.024 0.003 
 273   (0.023) 0.023 0.003 

Locus 5 : 5 
6 alleles
0.0% missing data
 103   (0.810) 0.811 0.947 
 105   (0.063) 0.063 0.012 
 104   (0.078) 0.078 0.035 
 107   (0.016) 0.016 0.002 
 102   (0.016) 0.016 0.002 
 101   (0.016) 0.016 0.002 

Locus 6 : 6 
5 alleles
0.0% missing data
 145   (0.339) 0.338 0.609 
 141   (0.310) 0.310 0.253 
 135   (0.256) 0.256 0.122 
 147   (0.071) 0.071 0.013 
 137   (0.024) 0.023 0.004 

Locus 7 : 7 
8 alleles
2.2% missing data
  85   (0.064) 0.063 0.043 
  89   (0.096) 0.095 0.114 
  93   (0.203) 0.203 0.267 
  97   (0.184) 0.185 0.180 
 103   (0.287) 0.288 0.328 
  91   (0.080) 0.080 0.032 
  83   (0.070) 0.070 0.033 
  99   (0.016) 0.016 0.002 

Locus 8 : 8 
8 alleles
0.0% missing data
 129   (0.487) 0.488 0.663 
 143   (0.264) 0.265 0.241 
 141   (0.055) 0.055 0.027 
 133   (0.031) 0.031 0.006 
 149   (0.107) 0.107 0.056 
 145   (0.016) 0.016 0.002 
 131   (0.016) 0.016 0.002 
 127   (0.023) 0.023 0.003 

Locus 9 : 9 
3 alleles
0.0% missing data
 189   (0.554) 0.555 0.409 
 195   (0.094) 0.093 0.266 
 191   (0.353) 0.353 0.325 

Locus 10 : 10 
6 alleles
1.1% missing data
 232   (0.304) 0.305 0.176 
 252   (0.097) 0.096 0.090 
 238   (0.519) 0.519 0.724 
 248   (0.024) 0.024 0.003 
 236   (0.016) 0.016 0.002 
 254   (0.040) 0.040 0.005 

Locus 11 : 11 
4 alleles
0.0% missing data
  87   (0.658) 0.659 0.785 
  89   (0.269) 0.269 0.184 
  91   (0.056) 0.055 0.029 
  85   (0.017) 0.016 0.002 

Locus 12 : 12 
12 alleles
1.1% missing data
 147   (0.036) 0.035 0.057 
 162   (0.264) 0.266 0.261 
 170   (0.055) 0.055 0.053 
 158   (0.269) 0.271 0.178 
 161   (0.100) 0.100 0.089 
 154   (0.022) 0.022 0.003 
 149   (0.040) 0.040 0.074 
 160   (0.125) 0.125 0.247 
 143   (0.036) 0.036 0.009 
 159   (0.022) 0.022 0.025 
 164   (0.015) 0.015 0.002 
 153   (0.015) 0.015 0.002 

Locus 13 : 13 
4 alleles
0.0% missing data
 108   (0.188) 0.188 0.127 
 113   (0.346) 0.346 0.295 
 115   (0.449) 0.449 0.576 
 109   (0.016) 0.016 0.002 

Locus 14 : 14 
5 alleles
2.2% missing data
 229   (0.499) 0.499 0.516 
 231   (0.190) 0.191 0.037 
 225   (0.161) 0.161 0.122 
 227   (0.083) 0.082 0.282 
 233   (0.068) 0.067 0.044 

Locus 15 : 15 
4 alleles
0.0% missing data
 143   (0.794) 0.794 0.910 
 145   (0.111) 0.111 0.038 
 147   (0.071) 0.071 0.049 
 133   (0.025) 0.024 0.003 

Locus 16 : 16 
5 alleles
0.0% missing data
 156   (0.271) 0.272 0.275 
 158   (0.513) 0.513 0.621 
 154   (0.094) 0.094 0.036 
 160   (0.106) 0.106 0.061 
 152   (0.016) 0.016 0.007 

Locus 17 : 17 
4 alleles
0.0% missing data
  90   (0.557) 0.556 0.769 
 100   (0.079) 0.079 0.015 
 102   (0.253) 0.253 0.196 
  88   (0.111) 0.111 0.020 

Locus 18 : 18 
7 alleles
0.0% missing data
 127   (0.296) 0.296 0.313 
 148   (0.091) 0.091 0.052 
 140   (0.294) 0.295 0.329 
 138   (0.052) 0.052 0.033 
 142   (0.144) 0.144 0.117 
 150   (0.052) 0.051 0.085 
 146   (0.071) 0.070 0.071 

Locus 19 : 19 
7 alleles
0.0% missing data
 188   (0.222) 0.222 0.150 
 194   (0.514) 0.516 0.532 
 192   (0.016) 0.016 0.002 
 190   (0.095) 0.094 0.198 
 200   (0.122) 0.122 0.114 
 202   (0.016) 0.016 0.002 
 196   (0.016) 0.015 0.002 

Locus 20 : 20 
6 alleles
1.1% missing data
 246   (0.129) 0.129 0.067 
 252   (0.671) 0.673 0.766 
 250   (0.079) 0.079 0.050 
 254   (0.065) 0.064 0.107 
 244   (0.024) 0.024 0.005 
 248   (0.031) 0.031 0.006 

Locus 21 : 21 
7 alleles
0.0% missing data
 175   (0.147) 0.147 0.078 
 177   (0.285) 0.285 0.242 
 159   (0.039) 0.038 0.011 
 167   (0.181) 0.182 0.119 
 173   (0.214) 0.213 0.515 
 165   (0.068) 0.068 0.016 
 163   (0.067) 0.067 0.019 

Locus 22 : 22 
10 alleles
1.1% missing data
 152   (0.328) 0.328 0.618 
 162   (0.089) 0.089 0.028 
 166   (0.122) 0.123 0.043 
 146   (0.222) 0.222 0.249 
 156   (0.033) 0.032 0.023 
 158   (0.106) 0.107 0.016 
 164   (0.024) 0.023 0.003 
 150   (0.038) 0.038 0.008 
 142   (0.022) 0.022 0.011 
 148   (0.016) 0.015 0.002 

Locus 23 : 23 
7 alleles
0.0% missing data
 154   (0.552) 0.554 0.537 
 158   (0.032) 0.031 0.004 
 160   (0.077) 0.077 0.101 
 156   (0.168) 0.168 0.071 
 144   (0.132) 0.131 0.282 
 152   (0.016) 0.015 0.003 
 146   (0.024) 0.024 0.003 

Locus 24 : 24 
4 alleles
1.1% missing data
  83   (0.477) 0.477 0.472 
  81   (0.348) 0.348 0.359 
  85   (0.082) 0.081 0.086 
  77   (0.094) 0.093 0.082 

Locus 25 : 25 
5 alleles
0.0% missing data
 124   (0.562) 0.563 0.560 
 122   (0.066) 0.065 0.164 
 132   (0.323) 0.324 0.270 
 126   (0.024) 0.024 0.003 
 136   (0.024) 0.024 0.003 

Locus 26 : 26 
6 alleles
0.0% missing data
 175   (0.249) 0.249 0.364 
 183   (0.369) 0.369 0.355 
 165   (0.202) 0.201 0.233 
 181   (0.063) 0.063 0.009 
 179   (0.101) 0.102 0.037 
 185   (0.016) 0.016 0.002 

Locus 27 : 27 
4 alleles
0.0% missing data
 142   (0.581) 0.581 0.776 
 148   (0.268) 0.269 0.147 
 150   (0.103) 0.102 0.068 
 138   (0.048) 0.048 0.008 

Locus 28 : 28 
6 alleles
0.0% missing data
 262   (0.520) 0.522 0.418 
 260   (0.364) 0.364 0.526 
 256   (0.059) 0.059 0.039 
 266   (0.016) 0.016 0.007 
 264   (0.016) 0.016 0.007 
 258   (0.023) 0.023 0.003 

Locus 29 : 29 
6 alleles
0.0% missing data
 146   (0.247) 0.247 0.294 
 150   (0.451) 0.452 0.537 
 152   (0.039) 0.039 0.007 
 140   (0.185) 0.186 0.113 
 148   (0.061) 0.061 0.047 
 151   (0.016) 0.016 0.002 

Locus 30 : 30 
6 alleles
0.0% missing data
 125   (0.384) 0.387 0.089 
 129   (0.354) 0.353 0.632 
 127   (0.107) 0.107 0.029 
 131   (0.038) 0.038 0.013 
 123   (0.100) 0.099 0.234 
 121   (0.016) 0.016 0.003 

Locus 31 : 31 
5 alleles
1.1% missing data
 155   (0.559) 0.561 0.405 
 159   (0.186) 0.185 0.237 
 153   (0.058) 0.057 0.119 
 157   (0.167) 0.166 0.235 
 151   (0.031) 0.031 0.005 

Locus 32 : 32 
5 alleles
0.0% missing data
 146   (0.358) 0.358 0.320 
 150   (0.504) 0.504 0.595 
 148   (0.051) 0.051 0.036 
 154   (0.066) 0.066 0.020 
 152   (0.022) 0.021 0.029 

Locus 33 : 33 
6 alleles
0.0% missing data
 180   (0.420) 0.421 0.439 
 192   (0.222) 0.223 0.159 
 184   (0.175) 0.175 0.181 
 196   (0.096) 0.095 0.186 
 198   (0.062) 0.062 0.010 
 190   (0.025) 0.024 0.024 

Locus 34 : 34 
6 alleles
0.0% missing data
 110   (0.192) 0.193 0.073 
 112   (0.314) 0.314 0.368 
 106   (0.254) 0.253 0.432 
 108   (0.173) 0.174 0.105 
  90   (0.051) 0.050 0.020 
  96   (0.016) 0.016 0.002 

Locus 35 : 35 
9 alleles
0.0% missing data
 166   (0.055) 0.055 0.091 
 170   (0.275) 0.276 0.241 
 174   (0.155) 0.156 0.185 
 168   (0.068) 0.068 0.047 
 172   (0.283) 0.284 0.354 
 178   (0.036) 0.036 0.013 
 176   (0.089) 0.090 0.016 
 186   (0.023) 0.022 0.051 
 158   (0.015) 0.015 0.002 

Locus 36 : 36 
6 alleles
0.0% missing data
  85   (0.131) 0.130 0.188 
  89   (0.569) 0.570 0.630 
  81   (0.076) 0.076 0.015 
  83   (0.135) 0.135 0.084 
  95   (0.074) 0.073 0.082 
  91   (0.016) 0.016 0.002 

Locus 37 : 37 
10 alleles
0.0% missing data
 165   (0.200) 0.200 0.282 
 155   (0.016) 0.016 0.002 
 173   (0.218) 0.218 0.296 
 161   (0.372) 0.374 0.240 
 169   (0.110) 0.109 0.162 
 159   (0.023) 0.022 0.004 
 167   (0.015) 0.015 0.002 
 177   (0.015) 0.015 0.002 
 175   (0.016) 0.015 0.009 
 168   (0.015) 0.015 0.002 

Locus 38 : 38 
5 alleles
0.0% missing data
  89   (0.467) 0.467 0.551 
  91   (0.212) 0.212 0.117 
  85   (0.139) 0.138 0.267 
  87   (0.074) 0.074 0.027 
  81   (0.109) 0.109 0.039 

Locus 39 : 39 
3 alleles
1.1% missing data
 161   (0.190) 0.190 0.157 
 167   (0.769) 0.769 0.776 
 165   (0.042) 0.041 0.066 

Locus 40 : 40 
6 alleles
1.1% missing data
 238   (0.394) 0.395 0.287 
 228   (0.421) 0.422 0.502 
 236   (0.067) 0.067 0.054 
 224   (0.030) 0.030 0.008 
 240   (0.071) 0.070 0.147 
 232   (0.016) 0.016 0.002 

Locus 41 : 41 
6 alleles
0.0% missing data
 130   (0.478) 0.479 0.519 
 134   (0.122) 0.123 0.025 
 114   (0.070) 0.070 0.013 
 128   (0.140) 0.140 0.152 
 132   (0.120) 0.120 0.240 
 118   (0.069) 0.068 0.052 

Locus 42 : 42 
5 alleles
2.2% missing data
 102   (0.250) 0.250 0.342 
 104   (0.441) 0.441 0.520 
  98   (0.113) 0.113 0.069 
  96   (0.065) 0.065 0.033 
  92   (0.131) 0.132 0.036 

Locus 43 : 43 
4 alleles
2.2% missing data
 101   (0.344) 0.344 0.263 
  95   (0.220) 0.220 0.214 
 103   (0.246) 0.245 0.477 
  99   (0.190) 0.191 0.045 

Locus 44 : 44 
5 alleles
0.0% missing data
 181   (0.529) 0.529 0.714 
 191   (0.309) 0.310 0.199 
 179   (0.070) 0.071 0.010 
 177   (0.075) 0.075 0.068 
 193   (0.016) 0.016 0.008 

Locus 45 : 45 
5 alleles
3.3% missing data
 205   (0.484) 0.485 0.482 
 215   (0.061) 0.060 0.037 
 211   (0.214) 0.214 0.151 
 201   (0.106) 0.105 0.094 
 207   (0.136) 0.135 0.236 

Locus 46 : 46 
9 alleles
0.0% missing data
 142   (0.349) 0.350 0.532 
 168   (0.130) 0.130 0.071 
 158   (0.187) 0.189 0.057 
 170   (0.023) 0.023 0.004 
 144   (0.057) 0.056 0.038 
 162   (0.063) 0.063 0.028 
 166   (0.108) 0.107 0.214 
 164   (0.050) 0.049 0.036 
 156   (0.033) 0.033 0.020 

Locus 47 : 47 
6 alleles
5.5% missing data
 145   (0.214) 0.214 0.176 
 151   (0.166) 0.166 0.201 
 153   (0.185) 0.184 0.229 
 149   (0.369) 0.370 0.384 
 143   (0.033) 0.033 0.004 
 147   (0.033) 0.033 0.005 

Values of parameters used in structure:
DATAFILE=subw2.str,	OUTFILE=k2/subw2_k2_run10,	NUMINDS=91,	NUMLOCI=47,	MISSING=-9,	LABEL=1,	POPDATA=1,	POPFLAG=0,	PHENOTYPE=0,	EXTRACOLS=0,	MAXPOPS=2,	BURNIN=500000,	NUMREPS=750000,	USEPOPINFO=0,	INFERALPHA=1,	INFERLAMBDA=0,	POPSPECIFICLAMBDA=0,	POPALPHAS=0,	COMPUTEPROB=1,	NOADMIX=0,	ADMBURNIN=500,	UPDATEFREQ=100,	PRINTLIKES=0,	INTERMEDSAVE=0,	PRINTKLD=0,	PRINTNET=1,	PRINTLAMBDA=1,	ANCESTDIST=0,	NUMBOXES=1000,	ANCESTPINT=0.90000,	GENSBACK=2,	MIGRPRIOR=0.01000,	PRINTQHAT=0,	PRINTQSUM=1,	ALPHA=1.0000,	FREQSCORR=1,	FPRIORMEAN=0.0100,	FPRIORSD=0.0500,	ONEFST=0,	LAMBDA=1.0000,	UNIFPRIORALPHA=1,	ALPHAMAX=10.0000,	ALPHAPRIORA=1.0000,	ALPHAPRIORB=2.0000,	ALPHAPROPSD=0.0250,	STARTATPOPINFO=0,	RANDOMIZE=0,	LINKAGE=0,	METROFREQ=10,	REPORTHITRATE=0,	MARKOVPHASE=0,	PHASED=1,	PLOIDY=2,	PHASEINFO=0	LOCPRIOR=0, 	LOCPRIORINIT=1.000000, 	LOCDATA=0, 	LOCISPOP=1, 	LOCPRIORSTEP=0.100000, 	MAXLOCPRIOR=20.000000, 	SEED=158964,	
[STRAT parameters]:    NUMSIMSTATS=1000,	PHENOTYPECOL=-9,	POOLFREQ=10,	LOCUSxONLY=0,	EMERROR=0.00100,	MISSINGPHENO=-9,	