Pearson correlation: R=-nan	 P-value<0.01
indivID	f_Missing	f_Homozygotes
212	0	0.55102
213	0	0.44898
214	0	0.387755
215	0	0.408163
216	0	0.571429
217	0	0.44898
218	0	0.469388
332	0	0.408163
333	0	0.387755
334	0	0.387755
335	0	0.489796
336	0	0.44898
337	0	0.489796
673	0	0.591837
674	0	0.408163
675	0	0.346939
676	0	0.469388
677	0	0.387755
678	0	0.387755
679	0	0.367347
680	0	0.44898
681	0	0.469388
682	0	0.326531
683	0	0.367347
684	0	0.44898
685	0	0.367347
686	0	0.408163
687	0	0.530612
688	0	0.326531
