

----------------------------------------------------
STRUCTURE by Pritchard, Stephens and Donnelly (2000)
     and Falush, Stephens and Pritchard (2003)
       Code by Pritchard, Falush and Hubisz
             Version 2.3.4 (Jul 2012)
----------------------------------------------------



Command line arguments:   structure -D 558837 -K 6 -m mainparams -o k6/a1_k6_run1 
Input File:    a1.str

Run parameters:
   233 individuals
   47 loci
   6 populations assumed
   500000 Burn-in period
   750000 Reps
RANDOMIZE turned off


--------------------------------------------
Proportion of membership of each pre-defined
 population in each of the 6 clusters

Given    Inferred Clusters                            Number of
 Pop       1      2      3      4      5      6      Individuals

  1:     0.006  0.976  0.005  0.004  0.004  0.005       62
  2:     0.011  0.003  0.011  0.950  0.013  0.011       79
  3:     0.292  0.019  0.271  0.020  0.135  0.264       10
  4:     0.336  0.018  0.273  0.059  0.060  0.253       23
  5:     0.164  0.007  0.355  0.031  0.097  0.345       11
  6:     0.105  0.007  0.166  0.071  0.485  0.166       18
  7:     0.305  0.097  0.236  0.073  0.053  0.236       25
  8:     0.209  0.004  0.232  0.031  0.311  0.213        5
--------------------------------------------

Allele-freq. divergence among pops (Net nucleotide distance),
computed using point estimates of P.

      1       2       3       4       5       6      
 1      -    0.0638  0.0012  0.0265  0.0150  0.0012  
 2   0.0638     -    0.0705  0.1185  0.0994  0.0699  
 3   0.0012  0.0705     -    0.0269  0.0150  0.0000  
 4   0.0265  0.1185  0.0269     -    0.0387  0.0270  
 5   0.0150  0.0994  0.0150  0.0387     -    0.0149  
 6   0.0012  0.0699  0.0000  0.0270  0.0149     -    

Average distances (expected heterozygosity) between individuals in same cluster:
cluster  1  : 0.6486 
cluster  2  : 0.6403 
cluster  3  : 0.6355 
cluster  4  : 0.5607 
cluster  5  : 0.5941 
cluster  6  : 0.6375 

--------------------------------------------
Estimated Ln Prob of Data   = -26203.7
Mean value of ln likelihood = -25461.1
Variance of ln likelihood   = 1485.2
Mean value of alpha         = 0.0332

Mean value of Fst_1         = 0.0128
Mean value of Fst_2         = 0.1607
Mean value of Fst_3         = 0.0352
Mean value of Fst_4         = 0.1282
Mean value of Fst_5         = 0.0967
Mean value of Fst_6         = 0.0339


Inferred ancestry of individuals:
        Label (%Miss) Pop:  Inferred clusters
  1      187    (0)    1 :  0.002 0.990 0.002 0.002 0.002 0.002 
  2      188    (0)    1 :  0.004 0.980 0.004 0.003 0.003 0.005 
  3      189    (0)    1 :  0.003 0.988 0.003 0.002 0.002 0.003 
  4      190    (0)    1 :  0.003 0.986 0.003 0.002 0.003 0.003 
  5      191    (0)    1 :  0.002 0.992 0.002 0.001 0.001 0.002 
  6      247    (0)    1 :  0.002 0.988 0.002 0.002 0.002 0.002 
  7      281    (0)    1 :  0.002 0.991 0.002 0.001 0.001 0.002 
  8      282    (0)    1 :  0.004 0.983 0.003 0.004 0.004 0.003 
  9      283    (0)    1 :  0.002 0.990 0.002 0.002 0.001 0.002 
 10      284    (0)    1 :  0.001 0.994 0.001 0.001 0.001 0.001 
 11      285    (0)    1 :  0.006 0.976 0.005 0.003 0.005 0.005 
 12      286    (0)    1 :  0.003 0.988 0.003 0.002 0.002 0.003 
 13      288    (0)    1 :  0.010 0.954 0.009 0.013 0.006 0.009 
 14      289    (0)    1 :  0.002 0.989 0.003 0.001 0.002 0.003 
 15      292    (0)    1 :  0.006 0.978 0.005 0.003 0.003 0.005 
 16      293    (0)    1 :  0.003 0.984 0.004 0.003 0.002 0.004 
 17      294    (0)    1 :  0.003 0.986 0.003 0.002 0.002 0.003 
 18      297    (0)    1 :  0.003 0.985 0.003 0.003 0.002 0.003 
 19      298    (0)    1 :  0.029 0.908 0.021 0.009 0.011 0.022 
 20      299    (0)    1 :  0.005 0.978 0.005 0.004 0.005 0.005 
 21      300    (0)    1 :  0.003 0.981 0.003 0.006 0.003 0.003 
 22      301    (0)    1 :  0.009 0.946 0.005 0.031 0.004 0.005 
 23      302    (0)    1 :  0.003 0.982 0.004 0.002 0.005 0.004 
 24      303    (0)    1 :  0.005 0.976 0.005 0.006 0.003 0.005 
 25      304    (0)    1 :  0.003 0.988 0.003 0.002 0.002 0.003 
 26      305    (0)    1 :  0.011 0.940 0.008 0.021 0.010 0.009 
 27      306    (0)    1 :  0.005 0.979 0.005 0.002 0.003 0.005 
 28      308    (0)    1 :  0.003 0.986 0.003 0.002 0.004 0.003 
 29      309    (0)    1 :  0.029 0.897 0.022 0.008 0.021 0.023 
 30      310    (0)    1 :  0.003 0.989 0.002 0.002 0.002 0.002 
 31      311    (0)    1 :  0.003 0.988 0.003 0.002 0.002 0.003 
 32      312    (0)    1 :  0.003 0.988 0.003 0.002 0.002 0.003 
 33      313    (0)    1 :  0.005 0.980 0.004 0.002 0.005 0.004 
 34      314    (0)    1 :  0.005 0.982 0.004 0.003 0.002 0.004 
 35      315    (0)    1 :  0.004 0.982 0.004 0.004 0.002 0.004 
 36      316    (0)    1 :  0.001 0.994 0.001 0.001 0.001 0.001 
 37      317    (0)    1 :  0.003 0.984 0.003 0.003 0.002 0.003 
 38      344    (0)    1 :  0.003 0.987 0.003 0.002 0.002 0.003 
 39      352    (0)    1 :  0.006 0.978 0.005 0.002 0.003 0.006 
 40      353    (0)    1 :  0.004 0.982 0.004 0.002 0.004 0.004 
 41      649    (0)    1 :  0.002 0.989 0.002 0.002 0.002 0.002 
 42      650    (0)    1 :  0.003 0.988 0.003 0.001 0.002 0.003 
 43      651    (0)    1 :  0.005 0.974 0.006 0.002 0.007 0.005 
 44      652    (0)    1 :  0.002 0.989 0.002 0.001 0.002 0.002 
 45      653    (0)    1 :  0.006 0.972 0.006 0.005 0.005 0.006 
 46      654    (0)    1 :  0.003 0.985 0.004 0.003 0.002 0.003 
 47      655    (0)    1 :  0.002 0.992 0.002 0.001 0.001 0.002 
 48      656    (0)    1 :  0.008 0.974 0.007 0.002 0.003 0.006 
 49      657    (0)    1 :  0.009 0.964 0.009 0.005 0.005 0.009 
 50      658    (0)    1 :  0.005 0.978 0.005 0.004 0.004 0.004 
 51      659    (0)    1 :  0.013 0.948 0.013 0.005 0.008 0.013 
 52      660    (0)    1 :  0.007 0.970 0.007 0.006 0.004 0.007 
 53      661    (0)    1 :  0.003 0.988 0.003 0.002 0.003 0.003 
 54      662    (0)    1 :  0.004 0.979 0.004 0.006 0.002 0.004 
 55      663    (0)    1 :  0.005 0.978 0.005 0.003 0.003 0.005 
 56      664    (0)    1 :  0.021 0.911 0.018 0.008 0.024 0.017 
 57      665    (0)    1 :  0.004 0.984 0.003 0.004 0.002 0.003 
 58      666    (0)    1 :  0.003 0.986 0.003 0.002 0.002 0.003 
 59      667    (0)    1 :  0.009 0.947 0.009 0.010 0.017 0.008 
 60      668    (0)    1 :  0.007 0.973 0.006 0.004 0.004 0.006 
 61      669    (0)    1 :  0.013 0.944 0.013 0.008 0.010 0.013 
 62      670    (0)    1 :  0.003 0.986 0.002 0.002 0.003 0.003 
 63      014    (0)    2 :  0.009 0.007 0.008 0.965 0.003 0.008 
 64      015    (0)    2 :  0.012 0.005 0.011 0.957 0.004 0.010 
 65      016    (0)    2 :  0.004 0.002 0.005 0.979 0.004 0.005 
 66      017    (0)    2 :  0.011 0.002 0.012 0.959 0.005 0.012 
 67      018    (0)    2 :  0.005 0.002 0.006 0.976 0.003 0.006 
 68      023    (0)    2 :  0.008 0.003 0.010 0.963 0.006 0.010 
 69      025    (0)    2 :  0.007 0.002 0.008 0.961 0.015 0.008 
 70      026    (0)    2 :  0.003 0.001 0.003 0.986 0.003 0.003 
 71      027    (0)    2 :  0.069 0.003 0.042 0.833 0.008 0.045 
 72      028    (0)    2 :  0.003 0.002 0.003 0.985 0.003 0.003 
 73      029    (0)    2 :  0.008 0.002 0.008 0.908 0.067 0.007 
 74      030    (0)    2 :  0.008 0.003 0.008 0.968 0.005 0.007 
 75      031    (0)    2 :  0.006 0.005 0.006 0.972 0.004 0.006 
 76      032    (0)    2 :  0.014 0.001 0.010 0.893 0.071 0.011 
 77      035    (0)    2 :  0.002 0.001 0.003 0.988 0.004 0.003 
 78      037    (0)    2 :  0.004 0.002 0.004 0.982 0.004 0.004 
 79      038    (0)    2 :  0.006 0.002 0.008 0.968 0.007 0.009 
 80      039    (0)    2 :  0.002 0.001 0.002 0.989 0.002 0.002 
 81      040    (0)    2 :  0.017 0.025 0.017 0.917 0.009 0.015 
 82      041    (0)    2 :  0.006 0.003 0.009 0.968 0.005 0.009 
 83      043    (0)    2 :  0.003 0.001 0.003 0.989 0.002 0.003 
 84      045    (0)    2 :  0.006 0.002 0.006 0.970 0.010 0.006 
 85      046    (0)    2 :  0.012 0.004 0.018 0.933 0.013 0.020 
 86      047    (0)    2 :  0.005 0.002 0.006 0.979 0.003 0.006 
 87      050    (0)    2 :  0.002 0.001 0.002 0.990 0.003 0.002 
 88      052    (0)    2 :  0.004 0.001 0.005 0.980 0.005 0.005 
 89      053    (0)    2 :  0.005 0.002 0.004 0.976 0.009 0.005 
 90      054    (0)    2 :  0.014 0.005 0.016 0.936 0.014 0.016 
 91      055    (0)    2 :  0.005 0.004 0.005 0.979 0.003 0.005 
 92      056    (0)    2 :  0.005 0.002 0.007 0.954 0.026 0.006 
 93      057    (0)    2 :  0.025 0.020 0.025 0.891 0.011 0.028 
 94      058    (0)    2 :  0.028 0.003 0.018 0.897 0.036 0.019 
 95      059    (0)    2 :  0.012 0.004 0.016 0.935 0.018 0.016 
 96      060    (0)    2 :  0.004 0.002 0.004 0.983 0.004 0.004 
 97      350    (0)    2 :  0.004 0.002 0.004 0.981 0.005 0.004 
 98      351    (0)    2 :  0.007 0.001 0.010 0.965 0.007 0.009 
 99      354    (0)    2 :  0.004 0.002 0.004 0.984 0.003 0.004 
100      374    (0)    2 :  0.043 0.003 0.040 0.844 0.032 0.039 
101      378    (0)    2 :  0.008 0.002 0.010 0.953 0.018 0.010 
102      381    (0)    2 :  0.005 0.001 0.005 0.981 0.003 0.005 
103      382    (0)    2 :  0.005 0.002 0.005 0.979 0.003 0.005 
104      384    (0)    2 :  0.005 0.010 0.006 0.967 0.005 0.006 
105      555    (0)    2 :  0.012 0.005 0.011 0.958 0.003 0.011 
106      671    (0)    2 :  0.060 0.003 0.057 0.727 0.093 0.060 
107      672    (0)    2 :  0.008 0.006 0.009 0.856 0.112 0.009 
108      705    (0)    2 :  0.003 0.002 0.004 0.976 0.011 0.004 
109      706    (0)    2 :  0.003 0.001 0.003 0.987 0.003 0.003 
110      707    (0)    2 :  0.005 0.002 0.005 0.976 0.006 0.005 
111      708    (0)    2 :  0.049 0.017 0.030 0.863 0.007 0.034 
112      758    (0)    2 :  0.011 0.002 0.015 0.947 0.011 0.014 
113      759    (0)    2 :  0.007 0.002 0.008 0.931 0.043 0.008 
114      760    (0)    2 :  0.005 0.001 0.009 0.964 0.013 0.009 
115      761    (0)    2 :  0.005 0.005 0.005 0.977 0.004 0.005 
116      762    (0)    2 :  0.004 0.002 0.004 0.981 0.004 0.004 
117      763    (0)    2 :  0.005 0.002 0.005 0.978 0.006 0.005 
118      764    (0)    2 :  0.003 0.001 0.003 0.987 0.003 0.003 
119      765    (0)    2 :  0.017 0.003 0.014 0.945 0.006 0.015 
120      766    (0)    2 :  0.002 0.001 0.002 0.991 0.002 0.002 
121      767    (0)    2 :  0.006 0.003 0.007 0.973 0.005 0.007 
122      768    (0)    2 :  0.004 0.003 0.003 0.984 0.003 0.003 
123      769    (0)    2 :  0.013 0.002 0.011 0.957 0.005 0.012 
124      770    (0)    2 :  0.055 0.005 0.090 0.746 0.009 0.095 
125      771    (0)    2 :  0.011 0.002 0.008 0.961 0.010 0.008 
126      772    (0)    2 :  0.052 0.001 0.056 0.754 0.083 0.053 
127      773    (0)    2 :  0.003 0.003 0.003 0.985 0.003 0.003 
128      774    (0)    2 :  0.010 0.003 0.012 0.957 0.006 0.013 
129      775    (0)    2 :  0.004 0.002 0.004 0.980 0.007 0.004 
130      776    (0)    2 :  0.004 0.002 0.004 0.982 0.005 0.003 
131      777    (0)    2 :  0.004 0.003 0.004 0.980 0.004 0.005 
132      778    (0)    2 :  0.003 0.002 0.003 0.981 0.007 0.003 
133      779    (0)    2 :  0.006 0.005 0.006 0.972 0.005 0.006 
134      780    (0)    2 :  0.009 0.003 0.007 0.970 0.004 0.007 
135      781    (0)    2 :  0.010 0.003 0.010 0.949 0.019 0.009 
136      782    (0)    2 :  0.010 0.002 0.011 0.932 0.034 0.011 
137      783    (0)    2 :  0.004 0.001 0.004 0.982 0.005 0.004 
138      784    (0)    2 :  0.017 0.007 0.018 0.930 0.010 0.018 
139      785    (0)    2 :  0.005 0.003 0.004 0.980 0.004 0.004 
140      786    (0)    2 :  0.004 0.002 0.004 0.984 0.003 0.004 
141      787    (0)    2 :  0.036 0.014 0.030 0.886 0.008 0.027 
142      801    (0)    3 :  0.403 0.011 0.261 0.014 0.024 0.287 
143      815    (0)    3 :  0.409 0.012 0.236 0.003 0.016 0.324 
144      816    (0)    3 :  0.048 0.001 0.099 0.103 0.658 0.091 
145      817    (0)    3 :  0.322 0.007 0.353 0.006 0.009 0.303 
146      818    (0)    3 :  0.305 0.003 0.362 0.014 0.023 0.295 
147      819    (0)    3 :  0.143 0.048 0.280 0.005 0.265 0.259 
148      820    (2)    3 :  0.367 0.002 0.321 0.021 0.009 0.280 
149      821    (0)    3 :  0.222 0.005 0.233 0.007 0.332 0.200 
150      822    (0)    3 :  0.219 0.080 0.330 0.005 0.009 0.357 
151      853    (0)    3 :  0.477 0.016 0.235 0.020 0.008 0.243 
152      797    (0)    4 :  0.225 0.003 0.309 0.130 0.067 0.266 
153      798    (0)    4 :  0.225 0.002 0.261 0.016 0.280 0.217 
154      799    (0)    4 :  0.355 0.006 0.354 0.003 0.008 0.274 
155      800    (0)    4 :  0.361 0.005 0.212 0.023 0.178 0.221 
156      823    (0)    4 :  0.531 0.076 0.142 0.015 0.071 0.166 
157      824    (0)    4 :  0.006 0.001 0.479 0.004 0.008 0.501 
158      825    (0)    4 :  0.522 0.007 0.187 0.004 0.074 0.207 
159      826    (0)    4 :  0.441 0.010 0.247 0.028 0.049 0.226 
160      827    (0)    4 :  0.169 0.012 0.278 0.205 0.017 0.319 
161      836    (0)    4 :  0.271 0.001 0.370 0.029 0.014 0.315 
162      837    (0)    4 :  0.450 0.010 0.286 0.009 0.005 0.240 
163      838    (0)    4 :  0.197 0.002 0.354 0.017 0.057 0.373 
164      839    (0)    4 :  0.256 0.002 0.297 0.178 0.031 0.236 
165      840    (0)    4 :  0.360 0.045 0.221 0.002 0.149 0.222 
166      841    (0)    4 :  0.280 0.006 0.272 0.043 0.147 0.251 
167      842    (0)    4 :  0.340 0.012 0.308 0.014 0.046 0.280 
168      843    (0)    4 :  0.445 0.012 0.285 0.012 0.016 0.231 
169      845    (0)    4 :  0.538 0.002 0.177 0.053 0.015 0.216 
170      846    (0)    4 :  0.348 0.004 0.298 0.035 0.081 0.234 
171      847    (2)    4 :  0.548 0.141 0.122 0.004 0.022 0.163 
172      848    (0)    4 :  0.392 0.056 0.302 0.012 0.004 0.235 
173      849    (0)    4 :  0.266 0.003 0.252 0.269 0.012 0.199 
174      855    (0)    4 :  0.197 0.004 0.262 0.260 0.040 0.237 
175      793    (0)    5 :  0.210 0.005 0.373 0.027 0.016 0.369 
176      794    (0)    5 :  0.309 0.006 0.281 0.105 0.013 0.287 
177      828    (0)    5 :  0.047 0.003 0.418 0.004 0.119 0.409 
178      829    (4)    5 :  0.250 0.007 0.310 0.106 0.014 0.313 
179      830    (0)    5 :  0.143 0.004 0.360 0.017 0.130 0.346 
180      831    (2)    5 :  0.025 0.006 0.457 0.008 0.019 0.486 
181      832    (0)    5 :  0.136 0.006 0.126 0.020 0.590 0.122 
182      833    (2)    5 :  0.030 0.004 0.479 0.008 0.008 0.471 
183      835    (0)    5 :  0.405 0.022 0.280 0.029 0.020 0.244 
184      870    (0)    5 :  0.186 0.005 0.369 0.010 0.108 0.323 
185      871    (0)    5 :  0.067 0.009 0.456 0.006 0.036 0.426 
186      451    (0)    6 :  0.231 0.007 0.370 0.046 0.006 0.339 
187      452    (4)    6 :  0.007 0.002 0.008 0.023 0.952 0.008 
188      453    (4)    6 :  0.007 0.002 0.009 0.006 0.966 0.010 
189      454    (2)    6 :  0.125 0.018 0.307 0.017 0.186 0.347 
190      455    (4)    6 :  0.096 0.003 0.307 0.027 0.223 0.344 
191      795    (0)    6 :  0.007 0.001 0.007 0.007 0.969 0.007 
192      796    (0)    6 :  0.217 0.010 0.371 0.010 0.045 0.348 
193      802    (0)    6 :  0.015 0.005 0.014 0.028 0.925 0.014 
194      804    (0)    6 :  0.110 0.002 0.213 0.052 0.394 0.228 
195      805    (0)    6 :  0.144 0.051 0.252 0.246 0.029 0.279 
196      851    (0)    6 :  0.004 0.001 0.005 0.002 0.983 0.005 
197      852    (0)    6 :  0.005 0.001 0.006 0.008 0.973 0.007 
198      854    (0)    6 :  0.376 0.003 0.315 0.005 0.048 0.253 
199      858    (0)    6 :  0.165 0.002 0.315 0.125 0.062 0.332 
200      859    (0)    6 :  0.123 0.003 0.130 0.582 0.041 0.121 
201      860    (0)    6 :  0.241 0.005 0.338 0.060 0.029 0.327 
202      862    (0)    6 :  0.008 0.002 0.008 0.024 0.951 0.007 
203      863    (0)    6 :  0.007 0.002 0.010 0.019 0.952 0.010 
204      450    (0)    7 :  0.465 0.005 0.214 0.043 0.015 0.257 
205      791    (0)    7 :  0.381 0.029 0.279 0.016 0.053 0.243 
206      792    (0)    7 :  0.552 0.147 0.107 0.005 0.006 0.183 
207      803    (0)    7 :  0.363 0.173 0.210 0.004 0.008 0.243 
208      806    (0)    7 :  0.488 0.217 0.111 0.005 0.020 0.158 
209      807    (0)    7 :  0.330 0.007 0.363 0.004 0.008 0.288 
210      808    (0)    7 :  0.079 0.006 0.455 0.011 0.010 0.440 
211      809    (0)    7 :  0.395 0.093 0.142 0.008 0.188 0.174 
212      810    (0)    7 :  0.437 0.109 0.179 0.085 0.009 0.181 
213      811    (0)    7 :  0.424 0.185 0.172 0.007 0.011 0.200 
214      812    (0)    7 :  0.469 0.016 0.237 0.015 0.035 0.228 
215      813    (0)    7 :  0.222 0.132 0.207 0.022 0.202 0.215 
216      814    (0)    7 :  0.115 0.014 0.431 0.025 0.018 0.396 
217      834    (0)    7 :  0.397 0.010 0.320 0.011 0.007 0.255 
218      844    (0)    7 :  0.032 0.002 0.053 0.842 0.021 0.050 
219      850    (0)    7 :  0.034 0.347 0.210 0.003 0.190 0.215 
220      856    (0)    7 :  0.194 0.323 0.130 0.003 0.217 0.132 
221      857    (0)    7 :  0.335 0.306 0.103 0.008 0.127 0.120 
222      861    (0)    7 :  0.070 0.004 0.419 0.043 0.043 0.421 
223      864    (0)    7 :  0.590 0.004 0.188 0.019 0.008 0.192 
224      865    (0)    7 :  0.092 0.005 0.156 0.581 0.014 0.151 
225      866    (0)    7 :  0.375 0.030 0.257 0.004 0.089 0.244 
226      867    (0)    7 :  0.466 0.007 0.251 0.044 0.008 0.226 
227      868    (0)    7 :  0.035 0.031 0.445 0.006 0.008 0.476 
228      869    (0)    7 :  0.289 0.229 0.257 0.019 0.004 0.202 
229      004    (0)    8 :  0.117 0.005 0.230 0.043 0.407 0.198 
230      008    (0)    8 :  0.311 0.004 0.297 0.036 0.064 0.287 
231      013    (0)    8 :  0.291 0.004 0.285 0.063 0.102 0.256 
232      109    (0)    8 :  0.322 0.003 0.341 0.014 0.006 0.314 
233      348    (0)    8 :  0.007 0.003 0.006 0.002 0.977 0.006 


Estimated Allele Frequencies in each cluster
First column gives estimated ancestral frequencies


Locus 1 : 1 
4 alleles
0.0% missing data
  91   (0.347) 0.346 0.607 0.357 0.385 0.174 0.360 
  89   (0.507) 0.507 0.368 0.498 0.537 0.647 0.496 
  93   (0.126) 0.124 0.024 0.126 0.077 0.174 0.127 
  99   (0.020) 0.023 0.001 0.018 0.001 0.005 0.017 

Locus 2 : 2 
6 alleles
0.0% missing data
 136   (0.340) 0.337 0.556 0.347 0.584 0.280 0.344 
 138   (0.249) 0.251 0.210 0.261 0.220 0.236 0.260 
 140   (0.099) 0.097 0.068 0.107 0.044 0.034 0.107 
 142   (0.026) 0.021 0.039 0.017 0.001 0.010 0.018 
 134   (0.258) 0.259 0.125 0.241 0.150 0.433 0.244 
 132   (0.029) 0.035 0.001 0.027 0.001 0.007 0.026 

Locus 3 : 3 
6 alleles
0.0% missing data
 179   (0.282) 0.276 0.107 0.319 0.338 0.334 0.319 
 185   (0.095) 0.096 0.167 0.109 0.004 0.034 0.110 
 187   (0.340) 0.348 0.411 0.333 0.490 0.260 0.328 
 175   (0.056) 0.056 0.209 0.043 0.002 0.099 0.041 
 191   (0.042) 0.031 0.024 0.034 0.005 0.090 0.038 
 181   (0.186) 0.193 0.083 0.163 0.160 0.183 0.164 

Locus 4 : 4 
10 alleles
0.0% missing data
 245   (0.020) 0.017 0.099 0.010 0.001 0.005 0.010 
 271   (0.074) 0.066 0.169 0.072 0.048 0.020 0.076 
 241   (0.184) 0.192 0.454 0.187 0.080 0.069 0.186 
 249   (0.044) 0.039 0.077 0.027 0.073 0.012 0.027 
 253   (0.385) 0.387 0.126 0.398 0.662 0.548 0.397 
 247   (0.081) 0.088 0.044 0.083 0.003 0.043 0.082 
 269   (0.170) 0.174 0.028 0.198 0.131 0.292 0.194 
 273   (0.017) 0.016 0.001 0.011 0.001 0.004 0.013 
 239   (0.012) 0.011 0.001 0.006 0.001 0.004 0.007 
 265   (0.013) 0.011 0.001 0.009 0.001 0.003 0.009 

Locus 5 : 5 
5 alleles
1.3% missing data
 103   (0.880) 0.889 0.757 0.913 0.971 0.965 0.910 
 105   (0.054) 0.053 0.181 0.048 0.002 0.017 0.049 
 104   (0.037) 0.031 0.038 0.020 0.025 0.010 0.021 
 107   (0.014) 0.009 0.023 0.005 0.001 0.003 0.006 
 102   (0.016) 0.017 0.001 0.015 0.001 0.005 0.014 

Locus 6 : 6 
5 alleles
0.0% missing data
 135   (0.323) 0.325 0.680 0.276 0.199 0.177 0.280 
 147   (0.048) 0.041 0.132 0.027 0.058 0.017 0.028 
 137   (0.020) 0.016 0.085 0.010 0.001 0.005 0.010 
 141   (0.296) 0.301 0.089 0.292 0.596 0.226 0.291 
 145   (0.313) 0.316 0.013 0.394 0.146 0.575 0.392 

Locus 7 : 7 
10 alleles
0.4% missing data
  89   (0.098) 0.093 0.260 0.091 0.062 0.039 0.092 
  93   (0.235) 0.236 0.253 0.212 0.364 0.193 0.210 
  97   (0.204) 0.202 0.147 0.186 0.239 0.240 0.188 
 101   (0.026) 0.020 0.099 0.016 0.004 0.007 0.017 
 105   (0.020) 0.014 0.122 0.013 0.001 0.005 0.015 
  91   (0.041) 0.037 0.087 0.022 0.036 0.011 0.023 
  99   (0.023) 0.020 0.017 0.013 0.001 0.015 0.014 
 103   (0.273) 0.298 0.011 0.361 0.275 0.345 0.356 
  85   (0.041) 0.038 0.002 0.046 0.017 0.012 0.049 
  83   (0.040) 0.042 0.002 0.039 0.002 0.134 0.038 

Locus 8 : 8 
8 alleles
0.0% missing data
 129   (0.582) 0.601 0.303 0.628 0.681 0.651 0.624 
 143   (0.234) 0.240 0.364 0.259 0.067 0.167 0.259 
 149   (0.066) 0.055 0.297 0.040 0.132 0.066 0.043 
 127   (0.019) 0.016 0.031 0.011 0.001 0.005 0.011 
 141   (0.052) 0.048 0.002 0.033 0.114 0.070 0.034 
 131   (0.012) 0.009 0.001 0.006 0.004 0.003 0.007 
 133   (0.021) 0.022 0.001 0.018 0.001 0.013 0.017 
 145   (0.012) 0.009 0.000 0.005 0.001 0.026 0.006 

Locus 9 : 9 
4 alleles
0.0% missing data
 191   (0.347) 0.350 0.349 0.332 0.618 0.242 0.330 
 195   (0.181) 0.164 0.364 0.162 0.123 0.291 0.167 
 189   (0.453) 0.471 0.286 0.496 0.254 0.458 0.493 
 193   (0.019) 0.015 0.001 0.009 0.006 0.009 0.010 

Locus 10 : 10 
6 alleles
0.0% missing data
 232   (0.199) 0.207 0.108 0.201 0.370 0.219 0.194 
 238   (0.567) 0.565 0.661 0.585 0.467 0.683 0.584 
 250   (0.044) 0.045 0.146 0.038 0.002 0.014 0.037 
 254   (0.058) 0.057 0.026 0.043 0.012 0.017 0.045 
 252   (0.116) 0.106 0.057 0.114 0.148 0.055 0.122 
 248   (0.018) 0.021 0.001 0.019 0.001 0.011 0.018 

Locus 11 : 11 
4 alleles
0.0% missing data
  89   (0.191) 0.178 0.074 0.197 0.277 0.248 0.201 
  91   (0.060) 0.048 0.287 0.053 0.077 0.027 0.055 
  87   (0.728) 0.757 0.563 0.738 0.645 0.720 0.733 
  85   (0.021) 0.017 0.076 0.012 0.001 0.005 0.012 

Locus 12 : 12 
11 alleles
0.0% missing data
 160   (0.284) 0.280 0.507 0.284 0.202 0.355 0.284 
 161   (0.093) 0.089 0.244 0.082 0.027 0.061 0.080 
 170   (0.065) 0.068 0.081 0.059 0.020 0.042 0.058 
 158   (0.201) 0.206 0.064 0.175 0.448 0.296 0.173 
 143   (0.026) 0.022 0.075 0.016 0.001 0.006 0.018 
 154   (0.029) 0.028 0.016 0.022 0.001 0.007 0.022 
 147   (0.033) 0.026 0.001 0.038 0.117 0.015 0.040 
 162   (0.216) 0.236 0.009 0.283 0.181 0.158 0.282 
 134   (0.012) 0.011 0.000 0.007 0.001 0.003 0.007 
 159   (0.017) 0.012 0.001 0.011 0.001 0.034 0.012 
 149   (0.024) 0.021 0.001 0.023 0.001 0.022 0.025 

Locus 13 : 13 
4 alleles
0.0% missing data
 113   (0.315) 0.317 0.289 0.284 0.283 0.385 0.287 
 115   (0.514) 0.523 0.444 0.570 0.527 0.362 0.567 
 108   (0.159) 0.148 0.266 0.140 0.190 0.250 0.139 
 110   (0.013) 0.011 0.001 0.006 0.001 0.003 0.007 

Locus 14 : 14 
8 alleles
0.0% missing data
 229   (0.456) 0.472 0.417 0.484 0.581 0.452 0.481 
 233   (0.056) 0.048 0.079 0.045 0.087 0.022 0.046 
 231   (0.166) 0.170 0.445 0.155 0.108 0.054 0.151 
 225   (0.150) 0.155 0.051 0.152 0.085 0.075 0.152 
 227   (0.134) 0.125 0.006 0.142 0.138 0.363 0.145 
 203   (0.012) 0.010 0.000 0.010 0.001 0.004 0.011 
 213   (0.013) 0.012 0.001 0.007 0.001 0.003 0.008 
 221   (0.013) 0.009 0.001 0.005 0.001 0.026 0.006 

Locus 15 : 15 
4 alleles
0.4% missing data
 143   (0.903) 0.910 0.774 0.932 0.991 0.970 0.930 
 147   (0.028) 0.024 0.096 0.020 0.001 0.008 0.021 
 145   (0.050) 0.048 0.129 0.038 0.004 0.018 0.038 
 157   (0.019) 0.018 0.001 0.011 0.004 0.005 0.011 

Locus 16 : 16 
5 alleles
0.0% missing data
 154   (0.071) 0.071 0.336 0.055 0.042 0.024 0.053 
 158   (0.501) 0.509 0.342 0.526 0.622 0.563 0.519 
 160   (0.141) 0.139 0.104 0.144 0.146 0.140 0.145 
 156   (0.274) 0.272 0.217 0.266 0.190 0.269 0.273 
 152   (0.012) 0.010 0.000 0.010 0.001 0.004 0.010 

Locus 17 : 17 
5 alleles
0.0% missing data
  88   (0.070) 0.061 0.340 0.046 0.025 0.058 0.049 
  90   (0.648) 0.663 0.412 0.674 0.729 0.644 0.670 
 100   (0.100) 0.103 0.176 0.113 0.005 0.051 0.113 
 102   (0.169) 0.161 0.072 0.158 0.240 0.243 0.160 
 104   (0.013) 0.012 0.000 0.009 0.001 0.003 0.009 

Locus 18 : 18 
7 alleles
0.0% missing data
 127   (0.277) 0.281 0.403 0.249 0.238 0.346 0.247 
 140   (0.273) 0.266 0.256 0.307 0.128 0.284 0.309 
 150   (0.061) 0.057 0.207 0.068 0.003 0.018 0.070 
 148   (0.111) 0.101 0.111 0.102 0.116 0.087 0.104 
 142   (0.138) 0.151 0.017 0.142 0.441 0.040 0.141 
 146   (0.085) 0.089 0.004 0.082 0.062 0.055 0.082 
 138   (0.055) 0.055 0.002 0.049 0.014 0.171 0.047 

Locus 19 : 19 
6 alleles
0.0% missing data
 194   (0.565) 0.586 0.612 0.582 0.523 0.466 0.574 
 202   (0.040) 0.041 0.085 0.032 0.002 0.011 0.032 
 200   (0.108) 0.097 0.242 0.119 0.005 0.233 0.124 
 198   (0.018) 0.015 0.007 0.009 0.001 0.005 0.010 
 190   (0.119) 0.106 0.048 0.093 0.358 0.147 0.096 
 188   (0.149) 0.155 0.006 0.164 0.112 0.138 0.164 

Locus 20 : 20 
6 alleles
0.0% missing data
 244   (0.043) 0.035 0.054 0.031 0.044 0.012 0.033 
 246   (0.110) 0.104 0.173 0.098 0.017 0.186 0.097 
 252   (0.648) 0.667 0.073 0.708 0.796 0.750 0.708 
 254   (0.080) 0.079 0.279 0.077 0.020 0.022 0.076 
 250   (0.102) 0.098 0.421 0.070 0.122 0.026 0.072 
 248   (0.016) 0.017 0.001 0.015 0.001 0.004 0.015 

Locus 21 : 21 
7 alleles
0.0% missing data
 173   (0.303) 0.301 0.220 0.319 0.305 0.361 0.325 
 175   (0.119) 0.110 0.330 0.102 0.035 0.132 0.103 
 167   (0.261) 0.255 0.107 0.306 0.306 0.297 0.306 
 165   (0.071) 0.070 0.130 0.053 0.016 0.034 0.053 
 163   (0.041) 0.046 0.129 0.038 0.002 0.010 0.037 
 159   (0.013) 0.009 0.015 0.005 0.001 0.003 0.006 
 177   (0.193) 0.209 0.069 0.178 0.335 0.164 0.171 

Locus 22 : 22 
11 alleles
0.4% missing data
 150   (0.050) 0.046 0.163 0.033 0.012 0.029 0.033 
 158   (0.110) 0.105 0.401 0.107 0.005 0.121 0.109 
 152   (0.418) 0.438 0.075 0.441 0.539 0.573 0.437 
 142   (0.023) 0.016 0.060 0.009 0.001 0.080 0.010 
 162   (0.038) 0.037 0.164 0.026 0.002 0.023 0.026 
 156   (0.025) 0.020 0.071 0.017 0.001 0.007 0.018 
 164   (0.051) 0.054 0.047 0.044 0.011 0.017 0.042 
 148   (0.024) 0.026 0.008 0.022 0.001 0.006 0.021 
 146   (0.176) 0.179 0.007 0.226 0.269 0.107 0.226 
 154   (0.015) 0.010 0.001 0.006 0.059 0.004 0.007 
 166   (0.070) 0.069 0.003 0.068 0.101 0.033 0.071 

Locus 23 : 23 
6 alleles
0.4% missing data
 154   (0.501) 0.522 0.242 0.583 0.566 0.411 0.581 
 158   (0.034) 0.029 0.094 0.018 0.025 0.009 0.019 
 144   (0.178) 0.170 0.236 0.166 0.139 0.280 0.167 
 156   (0.158) 0.164 0.353 0.138 0.068 0.130 0.137 
 160   (0.110) 0.101 0.074 0.084 0.164 0.165 0.085 
 152   (0.018) 0.013 0.001 0.010 0.039 0.005 0.011 

Locus 24 : 24 
4 alleles
0.4% missing data
  83   (0.479) 0.484 0.630 0.453 0.447 0.482 0.455 
  81   (0.380) 0.386 0.312 0.426 0.225 0.354 0.423 
  85   (0.053) 0.043 0.054 0.034 0.061 0.064 0.035 
  77   (0.088) 0.087 0.003 0.086 0.266 0.100 0.087 

Locus 25 : 25 
6 alleles
0.4% missing data
 124   (0.511) 0.507 0.554 0.561 0.344 0.566 0.559 
 122   (0.130) 0.137 0.393 0.111 0.028 0.043 0.111 
 120   (0.020) 0.016 0.023 0.013 0.001 0.005 0.013 
 126   (0.057) 0.053 0.018 0.039 0.032 0.020 0.040 
 132   (0.263) 0.273 0.011 0.267 0.594 0.336 0.266 
 136   (0.019) 0.015 0.001 0.010 0.001 0.030 0.010 

Locus 26 : 26 
6 alleles
0.0% missing data
 181   (0.060) 0.055 0.162 0.060 0.003 0.034 0.061 
 183   (0.361) 0.380 0.302 0.354 0.444 0.214 0.348 
 179   (0.098) 0.084 0.318 0.113 0.079 0.031 0.118 
 165   (0.245) 0.238 0.087 0.238 0.158 0.380 0.241 
 185   (0.021) 0.016 0.121 0.013 0.001 0.006 0.013 
 175   (0.215) 0.226 0.009 0.223 0.315 0.336 0.218 

Locus 27 : 27 
4 alleles
0.0% missing data
 142   (0.525) 0.505 0.410 0.545 0.681 0.689 0.552 
 148   (0.245) 0.267 0.279 0.242 0.146 0.102 0.236 
 150   (0.150) 0.159 0.182 0.162 0.010 0.098 0.159 
 138   (0.081) 0.068 0.129 0.051 0.163 0.110 0.052 

Locus 28 : 28 
5 alleles
0.0% missing data
 260   (0.447) 0.477 0.232 0.464 0.304 0.507 0.454 
 262   (0.451) 0.429 0.650 0.462 0.650 0.390 0.471 
 256   (0.065) 0.061 0.116 0.051 0.044 0.020 0.051 
 258   (0.023) 0.023 0.001 0.018 0.001 0.008 0.018 
 264   (0.014) 0.010 0.001 0.006 0.001 0.075 0.006 

Locus 29 : 29 
5 alleles
0.4% missing data
 146   (0.238) 0.254 0.364 0.209 0.117 0.320 0.203 
 140   (0.155) 0.139 0.401 0.138 0.126 0.158 0.143 
 150   (0.503) 0.508 0.183 0.561 0.705 0.487 0.559 
 148   (0.076) 0.071 0.051 0.068 0.051 0.026 0.071 
 152   (0.028) 0.029 0.001 0.023 0.002 0.009 0.024 

Locus 30 : 30 
6 alleles
0.0% missing data
 127   (0.063) 0.063 0.392 0.054 0.003 0.017 0.053 
 131   (0.041) 0.036 0.162 0.027 0.002 0.108 0.027 
 129   (0.483) 0.485 0.205 0.493 0.464 0.658 0.497 
 123   (0.115) 0.103 0.063 0.133 0.119 0.076 0.135 
 125   (0.282) 0.297 0.178 0.279 0.412 0.137 0.273 
 121   (0.016) 0.017 0.001 0.014 0.001 0.004 0.013 

Locus 31 : 31 
5 alleles
0.0% missing data
 155   (0.550) 0.584 0.550 0.554 0.610 0.478 0.545 
 157   (0.197) 0.195 0.091 0.206 0.195 0.251 0.206 
 153   (0.084) 0.069 0.196 0.079 0.071 0.090 0.082 
 159   (0.137) 0.122 0.152 0.142 0.121 0.161 0.148 
 151   (0.032) 0.030 0.011 0.019 0.003 0.020 0.020 

Locus 32 : 32 
4 alleles
0.0% missing data
 150   (0.544) 0.554 0.287 0.564 0.762 0.643 0.561 
 154   (0.048) 0.042 0.050 0.058 0.002 0.022 0.059 
 146   (0.330) 0.335 0.563 0.304 0.139 0.311 0.304 
 148   (0.078) 0.068 0.101 0.074 0.097 0.024 0.076 

Locus 33 : 33 
7 alleles
0.0% missing data
 180   (0.421) 0.422 0.333 0.433 0.480 0.467 0.432 
 190   (0.024) 0.022 0.047 0.017 0.001 0.006 0.016 
 184   (0.193) 0.192 0.125 0.185 0.177 0.126 0.189 
 198   (0.053) 0.044 0.291 0.038 0.065 0.016 0.040 
 192   (0.158) 0.168 0.198 0.174 0.007 0.237 0.173 
 196   (0.138) 0.142 0.006 0.148 0.235 0.145 0.144 
 194   (0.014) 0.010 0.001 0.006 0.036 0.003 0.006 

Locus 34 : 34 
6 alleles
0.0% missing data
 108   (0.130) 0.138 0.559 0.125 0.009 0.054 0.122 
 110   (0.209) 0.210 0.146 0.205 0.332 0.153 0.204 
 106   (0.301) 0.293 0.206 0.328 0.188 0.343 0.332 
 112   (0.300) 0.295 0.086 0.296 0.464 0.397 0.298 
  90   (0.038) 0.037 0.002 0.022 0.005 0.047 0.023 
  94   (0.022) 0.028 0.001 0.024 0.001 0.005 0.022 

Locus 35 : 35 
8 alleles
0.0% missing data
 168   (0.085) 0.082 0.376 0.117 0.004 0.027 0.115 
 170   (0.272) 0.282 0.289 0.251 0.222 0.173 0.252 
 172   (0.293) 0.287 0.189 0.262 0.407 0.506 0.262 
 174   (0.114) 0.113 0.041 0.162 0.014 0.083 0.164 
 186   (0.027) 0.020 0.069 0.027 0.001 0.015 0.029 
 176   (0.104) 0.123 0.033 0.107 0.120 0.028 0.100 
 166   (0.047) 0.038 0.002 0.030 0.204 0.077 0.033 
 178   (0.058) 0.053 0.002 0.044 0.030 0.091 0.046 

Locus 36 : 36 
6 alleles
0.0% missing data
  83   (0.146) 0.150 0.317 0.137 0.026 0.149 0.135 
  89   (0.535) 0.535 0.593 0.529 0.694 0.616 0.529 
  85   (0.193) 0.192 0.038 0.241 0.191 0.114 0.244 
  91   (0.017) 0.014 0.026 0.009 0.001 0.004 0.009 
  95   (0.068) 0.063 0.024 0.047 0.087 0.096 0.047 
  81   (0.041) 0.045 0.002 0.037 0.002 0.021 0.037 

Locus 37 : 37 
7 alleles
0.0% missing data
 161   (0.340) 0.336 0.562 0.358 0.455 0.248 0.363 
 173   (0.278) 0.288 0.213 0.254 0.118 0.432 0.250 
 165   (0.224) 0.224 0.213 0.234 0.275 0.175 0.234 
 159   (0.019) 0.014 0.005 0.008 0.038 0.006 0.009 
 169   (0.090) 0.098 0.004 0.098 0.109 0.053 0.096 
 167   (0.036) 0.031 0.002 0.043 0.006 0.035 0.042 
 175   (0.013) 0.009 0.001 0.005 0.001 0.051 0.006 

Locus 38 : 38 
5 alleles
0.0% missing data
  87   (0.130) 0.123 0.370 0.129 0.133 0.038 0.134 
  91   (0.154) 0.157 0.219 0.137 0.032 0.226 0.136 
  85   (0.216) 0.214 0.145 0.201 0.088 0.274 0.202 
  89   (0.430) 0.438 0.263 0.457 0.708 0.416 0.453 
  81   (0.070) 0.068 0.003 0.075 0.039 0.045 0.075 

Locus 39 : 39 
3 alleles
0.0% missing data
 161   (0.175) 0.170 0.510 0.158 0.055 0.134 0.159 
 167   (0.776) 0.780 0.435 0.805 0.935 0.853 0.805 
 165   (0.049) 0.050 0.055 0.037 0.011 0.012 0.035 

Locus 40 : 40 
6 alleles
0.0% missing data
 228   (0.386) 0.381 0.326 0.361 0.562 0.562 0.360 
 240   (0.127) 0.126 0.423 0.148 0.006 0.116 0.150 
 236   (0.061) 0.057 0.130 0.036 0.120 0.016 0.037 
 238   (0.380) 0.397 0.112 0.424 0.238 0.294 0.421 
 224   (0.034) 0.027 0.008 0.022 0.073 0.010 0.024 
 242   (0.013) 0.012 0.001 0.008 0.001 0.003 0.008 

Locus 41 : 41 
7 alleles
0.4% missing data
 130   (0.533) 0.563 0.655 0.537 0.479 0.438 0.529 
 134   (0.137) 0.132 0.254 0.153 0.012 0.162 0.154 
 118   (0.053) 0.045 0.075 0.051 0.003 0.054 0.054 
 132   (0.095) 0.090 0.009 0.083 0.252 0.073 0.085 
 128   (0.070) 0.062 0.003 0.055 0.149 0.233 0.055 
 114   (0.092) 0.091 0.004 0.109 0.092 0.034 0.109 
 122   (0.020) 0.016 0.001 0.012 0.012 0.006 0.013 

Locus 42 : 42 
6 alleles
0.0% missing data
  92   (0.136) 0.140 0.360 0.126 0.098 0.054 0.122 
  96   (0.069) 0.061 0.179 0.045 0.062 0.030 0.047 
  98   (0.144) 0.143 0.287 0.123 0.233 0.040 0.123 
 104   (0.433) 0.443 0.166 0.435 0.205 0.547 0.437 
 102   (0.205) 0.202 0.008 0.262 0.402 0.327 0.262 
 106   (0.013) 0.012 0.001 0.009 0.001 0.003 0.009 

Locus 43 : 43 
5 alleles
0.0% missing data
  95   (0.239) 0.229 0.388 0.251 0.315 0.181 0.250 
  99   (0.098) 0.101 0.295 0.085 0.037 0.025 0.084 
 101   (0.350) 0.349 0.228 0.316 0.400 0.527 0.319 
  97   (0.037) 0.034 0.035 0.029 0.002 0.013 0.031 
 103   (0.276) 0.287 0.053 0.319 0.246 0.255 0.316 

Locus 44 : 44 
7 alleles
0.0% missing data
 177   (0.077) 0.066 0.064 0.053 0.091 0.109 0.055 
 191   (0.276) 0.264 0.628 0.287 0.190 0.232 0.291 
 179   (0.030) 0.022 0.085 0.045 0.001 0.007 0.048 
 181   (0.560) 0.591 0.215 0.577 0.715 0.633 0.568 
 193   (0.024) 0.023 0.006 0.016 0.001 0.007 0.015 
 183   (0.018) 0.017 0.001 0.011 0.001 0.007 0.012 
 189   (0.017) 0.018 0.001 0.011 0.001 0.005 0.011 

Locus 45 : 45 
6 alleles
0.9% missing data
 205   (0.439) 0.448 0.325 0.481 0.463 0.565 0.477 
 211   (0.207) 0.197 0.377 0.214 0.221 0.142 0.218 
 207   (0.203) 0.219 0.110 0.183 0.162 0.239 0.180 
 201   (0.059) 0.050 0.057 0.054 0.050 0.024 0.056 
 215   (0.073) 0.071 0.063 0.055 0.104 0.022 0.054 
 202   (0.020) 0.015 0.069 0.013 0.001 0.007 0.014 

Locus 46 : 46 
10 alleles
0.0% missing data
 158   (0.174) 0.186 0.165 0.180 0.068 0.124 0.179 
 170   (0.038) 0.036 0.067 0.022 0.007 0.010 0.022 
 168   (0.142) 0.155 0.244 0.142 0.210 0.085 0.137 
 156   (0.038) 0.034 0.112 0.035 0.002 0.016 0.037 
 164   (0.039) 0.034 0.135 0.033 0.002 0.024 0.035 
 142   (0.281) 0.278 0.167 0.315 0.194 0.439 0.317 
 144   (0.070) 0.060 0.016 0.065 0.202 0.071 0.066 
 162   (0.056) 0.056 0.059 0.047 0.003 0.026 0.049 
 166   (0.149) 0.152 0.021 0.155 0.313 0.200 0.152 
 160   (0.013) 0.009 0.014 0.006 0.001 0.003 0.006 

Locus 47 : 47 
6 alleles
0.0% missing data
 149   (0.350) 0.360 0.731 0.332 0.111 0.432 0.330 
 145   (0.197) 0.183 0.083 0.212 0.218 0.322 0.216 
 151   (0.212) 0.216 0.124 0.197 0.307 0.150 0.195 
 143   (0.024) 0.023 0.023 0.017 0.001 0.006 0.016 
 153   (0.199) 0.202 0.038 0.232 0.343 0.084 0.233 
 147   (0.019) 0.016 0.001 0.010 0.019 0.005 0.010 

Values of parameters used in structure:
DATAFILE=a1.str,	OUTFILE=k6/a1_k6_run1,	NUMINDS=233,	NUMLOCI=47,	MISSING=-9,	LABEL=1,	POPDATA=1,	POPFLAG=0,	PHENOTYPE=0,	EXTRACOLS=0,	MAXPOPS=6,	BURNIN=500000,	NUMREPS=750000,	USEPOPINFO=0,	INFERALPHA=1,	INFERLAMBDA=0,	POPSPECIFICLAMBDA=0,	POPALPHAS=0,	COMPUTEPROB=1,	NOADMIX=0,	ADMBURNIN=500,	UPDATEFREQ=100,	PRINTLIKES=0,	INTERMEDSAVE=0,	PRINTKLD=0,	PRINTNET=1,	PRINTLAMBDA=1,	ANCESTDIST=0,	NUMBOXES=1000,	ANCESTPINT=0.90000,	GENSBACK=2,	MIGRPRIOR=0.01000,	PRINTQHAT=0,	PRINTQSUM=1,	ALPHA=1.0000,	FREQSCORR=1,	FPRIORMEAN=0.0100,	FPRIORSD=0.0500,	ONEFST=0,	LAMBDA=1.0000,	UNIFPRIORALPHA=1,	ALPHAMAX=10.0000,	ALPHAPRIORA=1.0000,	ALPHAPRIORB=2.0000,	ALPHAPROPSD=0.0250,	STARTATPOPINFO=0,	RANDOMIZE=0,	LINKAGE=0,	METROFREQ=10,	REPORTHITRATE=0,	MARKOVPHASE=0,	PHASED=1,	PLOIDY=2,	PHASEINFO=0	LOCPRIOR=0, 	LOCPRIORINIT=1.000000, 	LOCDATA=0, 	LOCISPOP=1, 	LOCPRIORSTEP=0.100000, 	MAXLOCPRIOR=20.000000, 	SEED=558837,	
[STRAT parameters]:    NUMSIMSTATS=1000,	PHENOTYPECOL=-9,	POOLFREQ=10,	LOCUSxONLY=0,	EMERROR=0.00100,	MISSINGPHENO=-9,	