

----------------------------------------------------
STRUCTURE by Pritchard, Stephens and Donnelly (2000)
     and Falush, Stephens and Pritchard (2003)
       Code by Pritchard, Falush and Hubisz
             Version 2.3.4 (Jul 2012)
----------------------------------------------------



Command line arguments:   structure -D 507964 -K 8 -m mainparams -o k8/a1_k8_run7 
Input File:    a1.str

Run parameters:
   234 individuals
   47 loci
   8 populations assumed
   500000 Burn-in period
   750000 Reps
RANDOMIZE turned off


--------------------------------------------
Proportion of membership of each pre-defined
 population in each of the 8 clusters

Given    Inferred Clusters                                          Number of
 Pop       1      2      3      4      5      6      7      8      Individuals

  1:     0.004  0.005  0.005  0.968  0.005  0.004  0.005  0.005       62
  2:     0.012  0.004  0.011  0.003  0.010  0.938  0.010  0.011       79
  3:     0.104  0.007  0.244  0.018  0.210  0.019  0.189  0.208       10
  4:     0.034  0.104  0.249  0.014  0.175  0.069  0.156  0.199       24
  5:     0.070  0.023  0.124  0.006  0.253  0.026  0.291  0.206       11
  6:     0.458  0.009  0.104  0.006  0.135  0.071  0.103  0.114       18
  7:     0.040  0.018  0.213  0.090  0.180  0.071  0.193  0.196       25
  8:     0.272  0.008  0.242  0.003  0.152  0.028  0.119  0.176        5
--------------------------------------------

Allele-freq. divergence among pops (Net nucleotide distance),
computed using point estimates of P.

      1       2       3       4       5       6       7       8      
 1      -    0.0939  0.0176  0.1039  0.0172  0.0416  0.0179  0.0170  
 2   0.0939     -    0.0735  0.1267  0.0749  0.1089  0.0762  0.0742  
 3   0.0176  0.0735     -    0.0676  0.0010  0.0267  0.0021  0.0006  
 4   0.1039  0.1267  0.0676     -    0.0701  0.1204  0.0703  0.0687  
 5   0.0172  0.0749  0.0010  0.0701     -    0.0274  0.0004  0.0001  
 6   0.0416  0.1089  0.0267  0.1204  0.0274     -    0.0281  0.0269  
 7   0.0179  0.0762  0.0021  0.0703  0.0004  0.0281     -    0.0005  
 8   0.0170  0.0742  0.0006  0.0687  0.0001  0.0269  0.0005     -    

Average distances (expected heterozygosity) between individuals in same cluster:
cluster  1  : 0.5894 
cluster  2  : 0.5150 
cluster  3  : 0.6411 
cluster  4  : 0.6396 
cluster  5  : 0.6375 
cluster  6  : 0.5594 
cluster  7  : 0.6399 
cluster  8  : 0.6412 

--------------------------------------------
Estimated Ln Prob of Data   = -26505.1
Mean value of ln likelihood = -25420.5
Variance of ln likelihood   = 2169.3
Mean value of alpha         = 0.0321

Mean value of Fst_1         = 0.1091
Mean value of Fst_2         = 0.3627
Mean value of Fst_3         = 0.0204
Mean value of Fst_4         = 0.1630
Mean value of Fst_5         = 0.0390
Mean value of Fst_6         = 0.1293
Mean value of Fst_7         = 0.0409
Mean value of Fst_8         = 0.0320


Inferred ancestry of individuals:
        Label (%Miss) Pop:  Inferred clusters
  1      200    (0)    1 :  0.002 0.004 0.002 0.985 0.002 0.002 0.002 0.002 
  2      201    (0)    1 :  0.003 0.004 0.004 0.973 0.004 0.003 0.004 0.004 
  3      202    (0)    1 :  0.002 0.001 0.003 0.984 0.003 0.002 0.003 0.003 
  4      203    (0)    1 :  0.004 0.006 0.003 0.978 0.003 0.002 0.003 0.003 
  5      204    (0)    1 :  0.001 0.001 0.002 0.989 0.002 0.001 0.002 0.002 
  6      260    (0)    1 :  0.003 0.001 0.002 0.985 0.002 0.002 0.002 0.002 
  7      294    (0)    1 :  0.001 0.002 0.002 0.988 0.002 0.001 0.002 0.002 
  8      295    (0)    1 :  0.004 0.001 0.003 0.978 0.003 0.003 0.003 0.003 
  9      296    (0)    1 :  0.001 0.001 0.002 0.987 0.002 0.002 0.002 0.002 
 10      297    (0)    1 :  0.001 0.001 0.001 0.992 0.001 0.001 0.001 0.001 
 11      298    (0)    1 :  0.005 0.002 0.006 0.970 0.005 0.003 0.005 0.005 
 12      299    (0)    1 :  0.002 0.004 0.002 0.983 0.003 0.002 0.003 0.003 
 13      301    (0)    1 :  0.006 0.006 0.010 0.943 0.009 0.012 0.007 0.009 
 14      302    (0)    1 :  0.002 0.002 0.002 0.985 0.002 0.001 0.003 0.003 
 15      305    (0)    1 :  0.003 0.002 0.005 0.971 0.005 0.003 0.005 0.005 
 16      306    (0)    1 :  0.002 0.003 0.004 0.978 0.003 0.003 0.003 0.004 
 17      307    (0)    1 :  0.002 0.003 0.003 0.980 0.003 0.002 0.003 0.003 
 18      310    (0)    1 :  0.002 0.002 0.003 0.981 0.003 0.003 0.003 0.003 
 19      311    (0)    1 :  0.009 0.020 0.023 0.879 0.019 0.009 0.020 0.022 
 20      312    (0)    1 :  0.005 0.006 0.004 0.968 0.004 0.004 0.005 0.004 
 21      313    (0)    1 :  0.003 0.002 0.003 0.977 0.003 0.006 0.003 0.003 
 22      314    (0)    1 :  0.004 0.003 0.007 0.937 0.006 0.030 0.006 0.007 
 23      315    (0)    1 :  0.005 0.005 0.003 0.974 0.003 0.002 0.004 0.003 
 24      316    (0)    1 :  0.003 0.006 0.005 0.968 0.005 0.005 0.004 0.004 
 25      317    (0)    1 :  0.002 0.003 0.002 0.984 0.002 0.002 0.002 0.002 
 26      318    (0)    1 :  0.010 0.002 0.011 0.931 0.008 0.019 0.008 0.010 
 27      319    (0)    1 :  0.003 0.002 0.005 0.972 0.005 0.002 0.005 0.005 
 28      321    (0)    1 :  0.004 0.003 0.003 0.981 0.002 0.002 0.003 0.003 
 29      322    (0)    1 :  0.018 0.004 0.024 0.874 0.024 0.007 0.025 0.024 
 30      323    (0)    1 :  0.002 0.002 0.003 0.985 0.002 0.002 0.002 0.002 
 31      324    (0)    1 :  0.002 0.001 0.003 0.984 0.003 0.002 0.003 0.003 
 32      325    (0)    1 :  0.002 0.003 0.003 0.983 0.003 0.002 0.002 0.003 
 33      326    (0)    1 :  0.005 0.003 0.004 0.974 0.004 0.002 0.004 0.004 
 34      327    (0)    1 :  0.002 0.002 0.005 0.975 0.004 0.003 0.004 0.004 
 35      328    (0)    1 :  0.002 0.010 0.004 0.969 0.004 0.004 0.004 0.004 
 36      329    (0)    1 :  0.001 0.001 0.001 0.991 0.001 0.001 0.001 0.001 
 37      330    (0)    1 :  0.002 0.004 0.003 0.978 0.003 0.003 0.004 0.003 
 38      359    (0)    1 :  0.002 0.002 0.003 0.982 0.003 0.002 0.003 0.003 
 39      367    (0)    1 :  0.003 0.004 0.006 0.970 0.005 0.002 0.005 0.005 
 40      368    (0)    1 :  0.005 0.002 0.004 0.976 0.004 0.002 0.004 0.004 
 41      687    (0)    1 :  0.002 0.002 0.002 0.985 0.002 0.002 0.002 0.002 
 42      688    (0)    1 :  0.002 0.002 0.003 0.984 0.003 0.001 0.003 0.003 
 43      689    (0)    1 :  0.007 0.004 0.006 0.965 0.005 0.002 0.005 0.005 
 44      690    (0)    1 :  0.002 0.005 0.002 0.982 0.002 0.001 0.002 0.002 
 45      691    (0)    1 :  0.005 0.005 0.005 0.962 0.006 0.005 0.006 0.006 
 46      692    (0)    1 :  0.002 0.001 0.003 0.980 0.003 0.002 0.004 0.003 
 47      693    (0)    1 :  0.001 0.001 0.002 0.989 0.002 0.001 0.002 0.002 
 48      694    (0)    1 :  0.002 0.031 0.004 0.951 0.003 0.002 0.003 0.003 
 49      695    (0)    1 :  0.005 0.004 0.008 0.953 0.008 0.005 0.009 0.009 
 50      696    (0)    1 :  0.004 0.016 0.005 0.959 0.004 0.004 0.004 0.004 
 51      697    (0)    1 :  0.007 0.004 0.012 0.935 0.012 0.005 0.011 0.012 
 52      698    (0)    1 :  0.004 0.004 0.006 0.959 0.007 0.005 0.007 0.007 
 53      699    (0)    1 :  0.003 0.001 0.003 0.984 0.003 0.002 0.003 0.003 
 54      700    (0)    1 :  0.002 0.002 0.004 0.974 0.004 0.006 0.004 0.004 
 55      701    (0)    1 :  0.003 0.002 0.005 0.972 0.005 0.003 0.005 0.005 
 56      702    (0)    1 :  0.017 0.074 0.010 0.862 0.010 0.007 0.010 0.009 
 57      703    (0)    1 :  0.002 0.002 0.003 0.979 0.003 0.004 0.003 0.003 
 58      704    (0)    1 :  0.002 0.003 0.003 0.981 0.003 0.002 0.003 0.003 
 59      705    (0)    1 :  0.015 0.021 0.008 0.925 0.007 0.009 0.007 0.007 
 60      706    (0)    1 :  0.004 0.004 0.007 0.963 0.006 0.004 0.006 0.007 
 61      707    (0)    1 :  0.009 0.006 0.011 0.929 0.012 0.008 0.014 0.012 
 62      708    (0)    1 :  0.003 0.002 0.003 0.982 0.003 0.002 0.003 0.003 
 63      014    (0)    2 :  0.003 0.002 0.009 0.007 0.009 0.953 0.008 0.008 
 64      015    (0)    2 :  0.004 0.006 0.011 0.005 0.009 0.946 0.008 0.010 
 65      016    (0)    2 :  0.004 0.003 0.004 0.002 0.004 0.973 0.004 0.004 
 66      017    (0)    2 :  0.004 0.004 0.011 0.002 0.011 0.942 0.014 0.013 
 67      018    (0)    2 :  0.003 0.002 0.006 0.002 0.006 0.969 0.006 0.006 
 68      024    (0)    2 :  0.006 0.003 0.008 0.003 0.009 0.952 0.010 0.009 
 69      026    (0)    2 :  0.014 0.003 0.007 0.002 0.008 0.951 0.007 0.007 
 70      027    (0)    2 :  0.003 0.001 0.003 0.001 0.003 0.981 0.003 0.003 
 71      028    (0)    2 :  0.006 0.002 0.066 0.003 0.040 0.800 0.038 0.045 
 72      029    (0)    2 :  0.003 0.002 0.003 0.002 0.003 0.980 0.004 0.003 
 73      030    (0)    2 :  0.081 0.013 0.007 0.002 0.007 0.878 0.006 0.007 
 74      031    (0)    2 :  0.005 0.004 0.008 0.003 0.008 0.958 0.007 0.007 
 75      032    (0)    2 :  0.004 0.002 0.006 0.005 0.006 0.963 0.008 0.007 
 76      033    (0)    2 :  0.069 0.003 0.012 0.001 0.012 0.880 0.011 0.012 
 77      036    (0)    2 :  0.003 0.002 0.002 0.001 0.003 0.984 0.002 0.002 
 78      038    (0)    2 :  0.004 0.002 0.004 0.002 0.004 0.976 0.004 0.004 
 79      039    (0)    2 :  0.007 0.002 0.006 0.002 0.008 0.960 0.008 0.007 
 80      040    (0)    2 :  0.002 0.003 0.002 0.001 0.002 0.985 0.002 0.002 
 81      041    (0)    2 :  0.008 0.019 0.015 0.025 0.014 0.891 0.014 0.015 
 82      042    (0)    2 :  0.005 0.009 0.006 0.003 0.008 0.953 0.008 0.008 
 83      044    (0)    2 :  0.002 0.002 0.003 0.001 0.003 0.984 0.003 0.003 
 84      046    (0)    2 :  0.011 0.004 0.006 0.002 0.006 0.960 0.006 0.006 
 85      047    (0)    2 :  0.012 0.003 0.012 0.004 0.019 0.912 0.021 0.017 
 86      048    (0)    2 :  0.002 0.003 0.005 0.002 0.006 0.970 0.005 0.006 
 87      051    (0)    2 :  0.003 0.001 0.002 0.001 0.002 0.987 0.002 0.002 
 88      053    (0)    2 :  0.004 0.008 0.005 0.001 0.004 0.969 0.004 0.004 
 89      054    (0)    2 :  0.009 0.002 0.005 0.002 0.005 0.969 0.004 0.004 
 90      055    (0)    2 :  0.012 0.014 0.014 0.005 0.013 0.916 0.013 0.013 
 91      056    (0)    2 :  0.003 0.010 0.005 0.003 0.005 0.965 0.004 0.005 
 92      057    (0)    2 :  0.031 0.004 0.006 0.002 0.007 0.937 0.007 0.007 
 93      058    (0)    2 :  0.010 0.004 0.025 0.019 0.023 0.875 0.022 0.022 
 94      059    (0)    2 :  0.032 0.004 0.030 0.003 0.021 0.869 0.020 0.021 
 95      060    (0)    2 :  0.017 0.005 0.013 0.004 0.015 0.914 0.017 0.015 
 96      061    (0)    2 :  0.004 0.002 0.003 0.001 0.004 0.978 0.003 0.003 
 97      365    (0)    2 :  0.005 0.001 0.004 0.002 0.004 0.976 0.004 0.004 
 98      366    (0)    2 :  0.007 0.004 0.008 0.001 0.009 0.955 0.008 0.008 
 99      369    (0)    2 :  0.003 0.001 0.004 0.002 0.004 0.979 0.004 0.004 
100      390    (0)    2 :  0.027 0.002 0.053 0.003 0.040 0.804 0.033 0.038 
101      394    (0)    2 :  0.018 0.003 0.009 0.002 0.009 0.941 0.009 0.009 
102      397    (0)    2 :  0.003 0.002 0.005 0.001 0.005 0.975 0.005 0.005 
103      398    (0)    2 :  0.003 0.002 0.005 0.002 0.005 0.972 0.005 0.005 
104      400    (0)    2 :  0.005 0.002 0.006 0.011 0.006 0.959 0.006 0.006 
105      579    (0)    2 :  0.003 0.002 0.012 0.005 0.011 0.945 0.011 0.011 
106      709    (0)    2 :  0.069 0.010 0.053 0.002 0.046 0.723 0.047 0.050 
107      710    (0)    2 :  0.113 0.001 0.009 0.006 0.009 0.843 0.009 0.009 
108      744    (0)    2 :  0.011 0.003 0.003 0.001 0.004 0.971 0.004 0.004 
109      745    (0)    2 :  0.003 0.002 0.003 0.001 0.003 0.982 0.003 0.003 
110      746    (0)    2 :  0.006 0.002 0.005 0.002 0.005 0.969 0.005 0.005 
111      747    (0)    2 :  0.006 0.003 0.041 0.016 0.032 0.820 0.040 0.041 
112      800    (0)    2 :  0.011 0.005 0.012 0.001 0.013 0.930 0.014 0.014 
113      801    (0)    2 :  0.050 0.013 0.007 0.002 0.008 0.906 0.007 0.007 
114      802    (0)    2 :  0.012 0.004 0.005 0.001 0.007 0.958 0.007 0.006 
115      803    (0)    2 :  0.004 0.002 0.004 0.005 0.005 0.969 0.005 0.005 
116      804    (0)    2 :  0.004 0.002 0.004 0.001 0.004 0.976 0.004 0.004 
117      805    (0)    2 :  0.006 0.002 0.005 0.001 0.005 0.972 0.005 0.005 
118      806    (0)    2 :  0.003 0.001 0.003 0.001 0.003 0.983 0.003 0.003 
119      807    (0)    2 :  0.006 0.009 0.016 0.003 0.014 0.922 0.015 0.015 
120      808    (0)    2 :  0.002 0.002 0.002 0.001 0.002 0.988 0.002 0.002 
121      809    (0)    2 :  0.005 0.004 0.007 0.003 0.007 0.962 0.007 0.006 
122      810    (0)    2 :  0.003 0.003 0.004 0.003 0.003 0.978 0.003 0.003 
123      811    (0)    2 :  0.004 0.003 0.015 0.002 0.012 0.939 0.011 0.013 
124      812    (0)    2 :  0.006 0.002 0.053 0.004 0.068 0.728 0.069 0.069 
125      813    (0)    2 :  0.010 0.004 0.010 0.002 0.008 0.947 0.008 0.010 
126      814    (0)    2 :  0.073 0.004 0.053 0.001 0.047 0.731 0.043 0.047 
127      815    (0)    2 :  0.003 0.001 0.003 0.003 0.003 0.981 0.003 0.003 
128      816    (0)    2 :  0.005 0.004 0.010 0.003 0.012 0.944 0.011 0.010 
129      817    (0)    2 :  0.007 0.005 0.004 0.001 0.004 0.972 0.004 0.004 
130      818    (0)    2 :  0.005 0.002 0.004 0.002 0.003 0.978 0.003 0.003 
131      819    (0)    2 :  0.004 0.002 0.004 0.003 0.005 0.973 0.005 0.005 
132      820    (0)    2 :  0.007 0.002 0.003 0.001 0.003 0.976 0.004 0.003 
133      821    (0)    2 :  0.005 0.002 0.006 0.005 0.006 0.965 0.006 0.006 
134      822    (0)    2 :  0.004 0.004 0.007 0.003 0.007 0.962 0.006 0.007 
135      823    (0)    2 :  0.016 0.003 0.013 0.003 0.010 0.939 0.008 0.010 
136      824    (0)    2 :  0.033 0.002 0.010 0.002 0.011 0.919 0.012 0.011 
137      825    (0)    2 :  0.005 0.002 0.004 0.001 0.004 0.977 0.004 0.004 
138      826    (0)    2 :  0.007 0.002 0.017 0.007 0.018 0.918 0.014 0.016 
139      827    (0)    2 :  0.004 0.002 0.005 0.003 0.004 0.973 0.004 0.004 
140      828    (0)    2 :  0.003 0.002 0.004 0.002 0.003 0.979 0.003 0.003 
141      829    (0)    2 :  0.007 0.016 0.032 0.013 0.027 0.854 0.023 0.028 
142      849    (0)    3 :  0.019 0.003 0.291 0.011 0.206 0.015 0.236 0.220 
143      863    (0)    3 :  0.014 0.009 0.246 0.012 0.188 0.002 0.267 0.263 
144      864    (0)    3 :  0.596 0.002 0.055 0.001 0.088 0.101 0.084 0.073 
145      865    (0)    3 :  0.009 0.016 0.364 0.007 0.222 0.006 0.164 0.212 
146      866    (0)    3 :  0.013 0.006 0.271 0.002 0.307 0.012 0.156 0.232 
147      867    (0)    3 :  0.171 0.004 0.148 0.037 0.245 0.004 0.204 0.187 
148      868    (2)    3 :  0.008 0.014 0.366 0.002 0.187 0.022 0.167 0.234 
149      869    (0)    3 :  0.199 0.012 0.286 0.005 0.176 0.007 0.112 0.204 
150      870    (0)    3 :  0.007 0.002 0.131 0.086 0.252 0.005 0.297 0.219 
151      902    (0)    3 :  0.006 0.003 0.278 0.015 0.233 0.017 0.208 0.240 
152      845    (0)    4 :  0.036 0.008 0.355 0.003 0.178 0.109 0.091 0.219 
153      846    (0)    4 :  0.136 0.009 0.336 0.002 0.180 0.014 0.093 0.230 
154      847    (0)    4 :  0.001 0.991 0.001 0.001 0.001 0.001 0.001 0.001 
155      848    (0)    4 :  0.111 0.004 0.229 0.004 0.225 0.020 0.193 0.214 
156      871    (0)    4 :  0.044 0.005 0.322 0.065 0.142 0.013 0.166 0.243 
157      872    (0)    4 :  0.007 0.003 0.009 0.001 0.272 0.003 0.472 0.233 
158      873    (0)    4 :  0.039 0.004 0.397 0.006 0.146 0.004 0.150 0.255 
159      874    (0)    4 :  0.027 0.005 0.265 0.008 0.245 0.025 0.191 0.233 
160      875    (0)    4 :  0.008 0.006 0.135 0.009 0.266 0.182 0.197 0.196 
161      884    (0)    4 :  0.009 0.005 0.398 0.001 0.205 0.031 0.110 0.242 
162      885    (0)    4 :  0.004 0.003 0.318 0.008 0.217 0.008 0.177 0.264 
163      886    (0)    4 :  0.038 0.004 0.139 0.002 0.273 0.016 0.298 0.230 
164      887    (0)    4 :  0.014 0.350 0.024 0.002 0.030 0.511 0.037 0.033 
165      888    (0)    4 :  0.069 0.013 0.384 0.029 0.158 0.002 0.119 0.226 
166      889    (0)    4 :  0.074 0.009 0.321 0.005 0.203 0.037 0.129 0.221 
167      890    (0)    4 :  0.020 0.011 0.352 0.010 0.209 0.010 0.132 0.256 
168      891    (0)    4 :  0.016 0.015 0.338 0.010 0.178 0.012 0.199 0.231 
169      893    (0)    4 :  0.011 0.001 0.334 0.002 0.172 0.046 0.196 0.238 
170      894    (0)    4 :  0.097 0.028 0.293 0.004 0.172 0.040 0.157 0.210 
171      895    (0)    4 :  0.002 0.990 0.001 0.001 0.001 0.002 0.001 0.001 
172      896    (2)    4 :  0.015 0.004 0.258 0.121 0.162 0.003 0.188 0.249 
173      897    (0)    4 :  0.004 0.011 0.303 0.044 0.215 0.012 0.181 0.230 
174      898    (0)    4 :  0.009 0.003 0.206 0.003 0.171 0.338 0.113 0.156 
175      904    (0)    4 :  0.028 0.004 0.250 0.003 0.174 0.222 0.148 0.170 
176      841    (0)    5 :  0.010 0.002 0.082 0.004 0.269 0.017 0.399 0.216 
177      842    (0)    5 :  0.011 0.035 0.250 0.007 0.167 0.114 0.212 0.205 
178      876    (0)    5 :  0.061 0.175 0.039 0.003 0.296 0.004 0.252 0.170 
179      877    (4)    5 :  0.009 0.002 0.091 0.005 0.247 0.058 0.375 0.214 
180      878    (0)    5 :  0.082 0.011 0.111 0.004 0.238 0.015 0.339 0.200 
181      879    (2)    5 :  0.020 0.002 0.027 0.006 0.267 0.008 0.443 0.228 
182      880    (0)    5 :  0.468 0.005 0.168 0.006 0.114 0.020 0.070 0.148 
183      881    (2)    5 :  0.007 0.002 0.053 0.004 0.332 0.009 0.368 0.225 
184      883    (0)    5 :  0.015 0.006 0.255 0.015 0.231 0.025 0.208 0.244 
185      919    (0)    5 :  0.069 0.002 0.215 0.005 0.253 0.009 0.250 0.199 
186      920    (0)    5 :  0.023 0.005 0.079 0.008 0.368 0.006 0.292 0.219 
187      470    (0)    6 :  0.004 0.002 0.313 0.006 0.236 0.035 0.167 0.237 
188      471    (4)    6 :  0.944 0.005 0.008 0.002 0.007 0.021 0.006 0.007 
189      472    (4)    6 :  0.946 0.006 0.008 0.002 0.009 0.006 0.012 0.010 
190      473    (2)    6 :  0.115 0.004 0.138 0.016 0.261 0.017 0.239 0.210 
191      474    (4)    6 :  0.169 0.002 0.112 0.003 0.255 0.027 0.238 0.194 
192      843    (0)    6 :  0.956 0.006 0.007 0.001 0.008 0.007 0.008 0.007 
193      844    (0)    6 :  0.017 0.003 0.314 0.009 0.235 0.009 0.165 0.248 
194      850    (0)    6 :  0.907 0.003 0.016 0.005 0.013 0.029 0.013 0.013 
195      852    (0)    6 :  0.265 0.008 0.113 0.002 0.236 0.050 0.150 0.177 
196      853    (0)    6 :  0.016 0.003 0.127 0.041 0.234 0.215 0.189 0.175 
197      900    (0)    6 :  0.978 0.001 0.004 0.001 0.004 0.002 0.005 0.004 
198      901    (0)    6 :  0.964 0.002 0.005 0.001 0.007 0.008 0.006 0.006 
199      903    (0)    6 :  0.036 0.006 0.288 0.003 0.265 0.005 0.177 0.220 
200      907    (0)    6 :  0.020 0.002 0.161 0.001 0.284 0.104 0.191 0.236 
201      908    (0)    6 :  0.025 0.075 0.062 0.002 0.065 0.646 0.060 0.065 
202      909    (0)    6 :  0.019 0.015 0.181 0.005 0.287 0.055 0.220 0.218 
203      911    (0)    6 :  0.932 0.019 0.006 0.002 0.006 0.022 0.006 0.006 
204      912    (0)    6 :  0.934 0.003 0.010 0.001 0.010 0.021 0.010 0.010 
205      469    (0)    7 :  0.015 0.003 0.249 0.005 0.192 0.043 0.266 0.227 
206      839    (0)    7 :  0.045 0.003 0.314 0.025 0.202 0.016 0.177 0.218 
207      840    (0)    7 :  0.005 0.012 0.291 0.147 0.111 0.005 0.190 0.239 
208      851    (0)    7 :  0.006 0.003 0.205 0.169 0.202 0.003 0.201 0.209 
209      854    (0)    7 :  0.011 0.006 0.267 0.187 0.124 0.005 0.176 0.225 
210      855    (0)    7 :  0.012 0.217 0.289 0.006 0.168 0.006 0.124 0.178 
211      856    (0)    7 :  0.008 0.011 0.091 0.006 0.348 0.011 0.304 0.221 
212      857    (0)    7 :  0.120 0.005 0.239 0.073 0.159 0.008 0.162 0.234 
213      858    (0)    7 :  0.007 0.003 0.284 0.081 0.175 0.057 0.175 0.217 
214      859    (0)    7 :  0.009 0.002 0.292 0.185 0.158 0.007 0.153 0.194 
215      860    (0)    7 :  0.021 0.003 0.366 0.013 0.185 0.013 0.169 0.230 
216      861    (0)    7 :  0.190 0.003 0.146 0.130 0.145 0.021 0.201 0.165 
217      862    (0)    7 :  0.020 0.004 0.101 0.014 0.282 0.028 0.354 0.197 
218      882    (0)    7 :  0.006 0.006 0.315 0.009 0.235 0.011 0.169 0.247 
219      892    (0)    7 :  0.017 0.008 0.032 0.002 0.048 0.815 0.040 0.038 
220      899    (0)    7 :  0.170 0.008 0.040 0.342 0.160 0.003 0.154 0.123 
221      905    (0)    7 :  0.116 0.006 0.138 0.265 0.183 0.003 0.145 0.145 
222      906    (0)    7 :  0.096 0.006 0.184 0.284 0.115 0.007 0.139 0.171 
223      910    (0)    7 :  0.029 0.005 0.101 0.004 0.273 0.043 0.331 0.213 
224      913    (0)    7 :  0.007 0.004 0.436 0.004 0.142 0.017 0.172 0.219 
225      914    (0)    7 :  0.010 0.003 0.085 0.004 0.110 0.554 0.123 0.109 
226      915    (0)    7 :  0.053 0.002 0.351 0.025 0.186 0.004 0.151 0.229 
227      916    (0)    7 :  0.007 0.021 0.292 0.007 0.182 0.050 0.180 0.262 
228      917    (0)    7 :  0.006 0.005 0.019 0.028 0.261 0.006 0.447 0.227 
229      918    (0)    7 :  0.005 0.102 0.195 0.232 0.148 0.045 0.123 0.150 
230      004    (0)    8 :  0.279 0.011 0.228 0.004 0.156 0.037 0.118 0.167 
231      008    (0)    8 :  0.043 0.010 0.279 0.004 0.192 0.035 0.207 0.231 
232      013    (0)    8 :  0.070 0.003 0.329 0.003 0.197 0.051 0.130 0.217 
233      113    (0)    8 :  0.004 0.011 0.367 0.003 0.211 0.012 0.136 0.256 
234      363    (0)    8 :  0.963 0.004 0.008 0.003 0.006 0.002 0.006 0.007 


Estimated Allele Frequencies in each cluster
First column gives estimated ancestral frequencies


Locus 1 : 1 
4 alleles
0.0% missing data
  91   (0.344) 0.161 0.474 0.338 0.608 0.352 0.385 0.373 0.353 
  89   (0.512) 0.653 0.472 0.507 0.367 0.504 0.538 0.493 0.502 
  93   (0.123) 0.180 0.049 0.133 0.024 0.126 0.075 0.119 0.127 
  99   (0.021) 0.006 0.005 0.021 0.001 0.018 0.001 0.015 0.018 

Locus 2 : 2 
6 alleles
0.0% missing data
 136   (0.341) 0.276 0.488 0.329 0.557 0.346 0.587 0.346 0.336 
 138   (0.249) 0.230 0.069 0.261 0.211 0.259 0.219 0.264 0.264 
 140   (0.101) 0.030 0.023 0.102 0.067 0.108 0.043 0.099 0.102 
 142   (0.024) 0.008 0.005 0.019 0.039 0.018 0.001 0.017 0.018 
 134   (0.256) 0.448 0.408 0.252 0.124 0.243 0.149 0.252 0.250 
 132   (0.029) 0.007 0.006 0.036 0.001 0.026 0.001 0.023 0.029 

Locus 3 : 3 
6 alleles
0.0% missing data
 179   (0.282) 0.327 0.483 0.275 0.104 0.317 0.338 0.324 0.303 
 185   (0.096) 0.032 0.032 0.091 0.168 0.111 0.004 0.111 0.102 
 187   (0.346) 0.257 0.393 0.368 0.412 0.328 0.488 0.304 0.334 
 175   (0.057) 0.110 0.017 0.053 0.211 0.043 0.002 0.040 0.044 
 191   (0.039) 0.100 0.010 0.027 0.023 0.034 0.005 0.047 0.036 
 181   (0.180) 0.174 0.066 0.186 0.082 0.166 0.163 0.175 0.180 

Locus 4 : 4 
10 alleles
0.0% missing data
 245   (0.020) 0.005 0.004 0.016 0.100 0.011 0.001 0.012 0.013 
 271   (0.071) 0.019 0.017 0.058 0.170 0.071 0.047 0.093 0.072 
 241   (0.187) 0.062 0.047 0.197 0.456 0.193 0.079 0.180 0.191 
 249   (0.043) 0.011 0.010 0.036 0.078 0.029 0.073 0.028 0.032 
 253   (0.388) 0.555 0.138 0.403 0.124 0.408 0.667 0.397 0.404 
 247   (0.082) 0.037 0.027 0.092 0.044 0.082 0.003 0.078 0.084 
 269   (0.169) 0.300 0.747 0.164 0.027 0.180 0.128 0.184 0.174 
 273   (0.017) 0.004 0.004 0.014 0.001 0.011 0.001 0.013 0.013 
 239   (0.012) 0.004 0.002 0.010 0.001 0.007 0.000 0.007 0.008 
 265   (0.012) 0.003 0.004 0.010 0.000 0.008 0.001 0.009 0.009 

Locus 5 : 5 
5 alleles
1.3% missing data
 103   (0.888) 0.968 0.652 0.905 0.756 0.917 0.972 0.905 0.908 
 105   (0.052) 0.016 0.012 0.052 0.182 0.049 0.002 0.057 0.053 
 104   (0.035) 0.010 0.008 0.027 0.038 0.022 0.025 0.024 0.025 
 107   (0.013) 0.003 0.003 0.008 0.023 0.006 0.001 0.007 0.007 
 102   (0.013) 0.003 0.325 0.008 0.000 0.006 0.001 0.007 0.007 

Locus 6 : 6 
5 alleles
0.0% missing data
 135   (0.324) 0.169 0.418 0.306 0.681 0.284 0.196 0.293 0.295 
 147   (0.047) 0.015 0.013 0.040 0.133 0.029 0.057 0.029 0.034 
 137   (0.019) 0.005 0.006 0.014 0.085 0.011 0.001 0.011 0.012 
 141   (0.291) 0.230 0.133 0.298 0.088 0.285 0.604 0.286 0.290 
 145   (0.318) 0.581 0.429 0.343 0.013 0.392 0.142 0.380 0.369 

Locus 7 : 7 
10 alleles
0.4% missing data
  89   (0.096) 0.034 0.050 0.089 0.260 0.091 0.065 0.089 0.089 
  93   (0.240) 0.195 0.368 0.224 0.252 0.222 0.363 0.204 0.219 
  97   (0.203) 0.245 0.061 0.204 0.147 0.191 0.238 0.190 0.196 
 101   (0.024) 0.006 0.006 0.018 0.100 0.018 0.003 0.023 0.020 
 105   (0.019) 0.005 0.004 0.012 0.123 0.014 0.001 0.018 0.015 
  91   (0.040) 0.010 0.009 0.034 0.088 0.025 0.036 0.025 0.028 
  99   (0.023) 0.012 0.013 0.020 0.017 0.015 0.001 0.014 0.017 
 103   (0.283) 0.346 0.471 0.315 0.012 0.343 0.276 0.338 0.326 
  85   (0.037) 0.010 0.008 0.031 0.002 0.047 0.016 0.068 0.047 
  83   (0.035) 0.136 0.008 0.054 0.001 0.035 0.001 0.029 0.042 

Locus 8 : 8 
8 alleles
0.0% missing data
 129   (0.588) 0.658 0.564 0.617 0.300 0.623 0.679 0.626 0.618 
 143   (0.238) 0.160 0.383 0.239 0.365 0.256 0.066 0.255 0.251 
 149   (0.060) 0.070 0.027 0.045 0.300 0.041 0.135 0.042 0.043 
 127   (0.019) 0.005 0.004 0.014 0.031 0.012 0.001 0.012 0.013 
 141   (0.052) 0.067 0.012 0.050 0.002 0.037 0.114 0.036 0.042 
 131   (0.012) 0.003 0.003 0.008 0.001 0.007 0.003 0.008 0.008 
 133   (0.020) 0.009 0.004 0.019 0.001 0.019 0.001 0.015 0.018 
 145   (0.012) 0.029 0.003 0.008 0.000 0.006 0.000 0.006 0.007 

Locus 9 : 9 
4 alleles
0.0% missing data
 191   (0.344) 0.231 0.355 0.363 0.349 0.324 0.621 0.324 0.337 
 195   (0.181) 0.300 0.053 0.169 0.365 0.171 0.121 0.164 0.170 
 189   (0.458) 0.460 0.587 0.454 0.284 0.495 0.252 0.501 0.480 
 193   (0.018) 0.009 0.005 0.013 0.001 0.011 0.005 0.011 0.012 

Locus 10 : 10 
6 alleles
0.0% missing data
 232   (0.205) 0.220 0.423 0.205 0.106 0.198 0.373 0.172 0.194 
 238   (0.567) 0.688 0.520 0.568 0.662 0.588 0.465 0.595 0.581 
 250   (0.043) 0.013 0.012 0.049 0.148 0.036 0.002 0.033 0.038 
 254   (0.056) 0.016 0.013 0.054 0.026 0.046 0.012 0.049 0.048 
 252   (0.113) 0.057 0.028 0.097 0.057 0.116 0.147 0.139 0.118 
 248   (0.017) 0.007 0.004 0.027 0.001 0.017 0.001 0.013 0.020 

Locus 11 : 11 
4 alleles
0.0% missing data
  89   (0.187) 0.261 0.089 0.161 0.073 0.198 0.280 0.223 0.191 
  91   (0.060) 0.023 0.014 0.050 0.289 0.052 0.078 0.062 0.055 
  87   (0.734) 0.711 0.893 0.773 0.560 0.737 0.642 0.703 0.740 
  85   (0.020) 0.005 0.004 0.015 0.077 0.012 0.001 0.012 0.013 

Locus 12 : 12 
11 alleles
0.0% missing data
 160   (0.279) 0.362 0.483 0.281 0.507 0.274 0.202 0.286 0.277 
 161   (0.093) 0.061 0.026 0.083 0.246 0.085 0.027 0.081 0.083 
 170   (0.066) 0.031 0.026 0.075 0.081 0.063 0.020 0.051 0.065 
 158   (0.208) 0.310 0.330 0.197 0.063 0.182 0.448 0.182 0.189 
 143   (0.025) 0.006 0.006 0.019 0.075 0.018 0.001 0.019 0.019 
 154   (0.028) 0.007 0.009 0.027 0.015 0.021 0.001 0.020 0.022 
 147   (0.033) 0.012 0.014 0.026 0.001 0.042 0.117 0.037 0.035 
 162   (0.216) 0.153 0.093 0.250 0.009 0.270 0.182 0.281 0.265 
 134   (0.012) 0.003 0.002 0.010 0.000 0.007 0.001 0.008 0.009 
 159   (0.016) 0.036 0.004 0.011 0.001 0.012 0.001 0.012 0.012 
 149   (0.024) 0.019 0.006 0.020 0.001 0.026 0.001 0.023 0.025 

Locus 13 : 13 
4 alleles
0.0% missing data
 113   (0.311) 0.386 0.124 0.319 0.290 0.288 0.286 0.269 0.297 
 115   (0.522) 0.343 0.459 0.542 0.443 0.572 0.525 0.569 0.556 
 108   (0.155) 0.268 0.415 0.129 0.266 0.133 0.189 0.154 0.139 
 110   (0.012) 0.003 0.003 0.009 0.001 0.007 0.000 0.007 0.008 

Locus 14 : 14 
8 alleles
0.0% missing data
 229   (0.454) 0.440 0.842 0.490 0.416 0.463 0.582 0.444 0.470 
 233   (0.056) 0.020 0.016 0.048 0.080 0.046 0.088 0.043 0.046 
 231   (0.168) 0.051 0.043 0.159 0.447 0.163 0.106 0.172 0.163 
 225   (0.150) 0.073 0.056 0.149 0.051 0.152 0.085 0.159 0.150 
 227   (0.136) 0.381 0.036 0.125 0.006 0.152 0.137 0.157 0.144 
 203   (0.012) 0.003 0.002 0.009 0.000 0.010 0.001 0.011 0.010 
 213   (0.012) 0.003 0.002 0.011 0.001 0.008 0.001 0.008 0.009 
 221   (0.012) 0.028 0.003 0.008 0.000 0.006 0.000 0.006 0.007 

Locus 15 : 15 
4 alleles
0.4% missing data
 143   (0.907) 0.974 0.980 0.915 0.772 0.924 0.992 0.923 0.920 
 147   (0.028) 0.007 0.006 0.021 0.096 0.023 0.001 0.029 0.024 
 145   (0.048) 0.015 0.011 0.047 0.131 0.041 0.004 0.036 0.043 
 157   (0.017) 0.004 0.004 0.017 0.001 0.012 0.003 0.012 0.013 

Locus 16 : 16 
5 alleles
0.0% missing data
 154   (0.072) 0.023 0.022 0.071 0.340 0.056 0.041 0.051 0.061 
 158   (0.498) 0.577 0.183 0.520 0.342 0.521 0.627 0.512 0.510 
 160   (0.144) 0.131 0.440 0.134 0.103 0.144 0.145 0.126 0.138 
 156   (0.273) 0.267 0.352 0.266 0.215 0.269 0.187 0.302 0.281 
 152   (0.012) 0.003 0.002 0.009 0.000 0.010 0.001 0.009 0.010 

Locus 17 : 17 
5 alleles
0.0% missing data
  88   (0.069) 0.055 0.015 0.059 0.343 0.053 0.025 0.052 0.056 
  90   (0.650) 0.651 0.846 0.656 0.408 0.665 0.729 0.664 0.662 
 100   (0.101) 0.042 0.097 0.103 0.177 0.111 0.006 0.119 0.109 
 102   (0.169) 0.249 0.039 0.171 0.072 0.163 0.240 0.157 0.165 
 104   (0.012) 0.003 0.003 0.012 0.000 0.008 0.001 0.008 0.009 

Locus 18 : 18 
7 alleles
0.0% missing data
 127   (0.278) 0.344 0.797 0.269 0.402 0.241 0.235 0.230 0.251 
 140   (0.279) 0.289 0.076 0.260 0.256 0.316 0.126 0.334 0.299 
 150   (0.059) 0.016 0.014 0.050 0.208 0.071 0.003 0.087 0.068 
 148   (0.110) 0.079 0.026 0.109 0.112 0.107 0.115 0.098 0.107 
 142   (0.138) 0.039 0.034 0.160 0.017 0.136 0.443 0.134 0.141 
 146   (0.083) 0.052 0.036 0.087 0.003 0.082 0.065 0.075 0.082 
 138   (0.054) 0.181 0.018 0.064 0.002 0.047 0.013 0.042 0.051 

Locus 19 : 19 
6 alleles
0.0% missing data
 194   (0.572) 0.444 0.599 0.604 0.611 0.580 0.524 0.536 0.576 
 202   (0.041) 0.011 0.010 0.041 0.086 0.032 0.002 0.029 0.034 
 200   (0.106) 0.251 0.027 0.092 0.243 0.118 0.005 0.145 0.117 
 198   (0.017) 0.005 0.008 0.013 0.006 0.010 0.001 0.011 0.012 
 190   (0.117) 0.151 0.028 0.098 0.048 0.104 0.360 0.098 0.100 
 188   (0.147) 0.138 0.329 0.152 0.006 0.157 0.109 0.181 0.161 

Locus 20 : 20 
6 alleles
0.0% missing data
 244   (0.042) 0.012 0.011 0.034 0.054 0.032 0.043 0.034 0.033 
 246   (0.110) 0.203 0.043 0.098 0.174 0.101 0.016 0.098 0.097 
 252   (0.650) 0.735 0.560 0.688 0.069 0.704 0.799 0.716 0.703 
 254   (0.080) 0.021 0.356 0.072 0.279 0.072 0.019 0.065 0.071 
 250   (0.102) 0.025 0.026 0.088 0.423 0.076 0.121 0.075 0.081 
 248   (0.017) 0.004 0.004 0.021 0.001 0.014 0.001 0.012 0.015 

Locus 21 : 21 
7 alleles
0.0% missing data
 173   (0.307) 0.367 0.084 0.311 0.220 0.325 0.303 0.332 0.325 
 175   (0.119) 0.131 0.029 0.111 0.333 0.108 0.034 0.108 0.109 
 167   (0.259) 0.295 0.084 0.269 0.106 0.308 0.307 0.319 0.294 
 165   (0.069) 0.027 0.027 0.070 0.130 0.054 0.016 0.051 0.061 
 163   (0.033) 0.008 0.698 0.025 0.126 0.020 0.001 0.021 0.023 
 159   (0.012) 0.003 0.003 0.008 0.016 0.006 0.001 0.006 0.007 
 177   (0.200) 0.169 0.075 0.206 0.069 0.179 0.338 0.162 0.181 

Locus 22 : 22 
11 alleles
0.4% missing data
 150   (0.050) 0.024 0.011 0.048 0.164 0.036 0.011 0.033 0.040 
 158   (0.110) 0.123 0.371 0.093 0.401 0.104 0.005 0.111 0.102 
 152   (0.426) 0.593 0.124 0.458 0.075 0.445 0.538 0.423 0.441 
 142   (0.022) 0.090 0.004 0.014 0.061 0.010 0.001 0.011 0.012 
 162   (0.036) 0.017 0.009 0.041 0.165 0.026 0.002 0.025 0.032 
 156   (0.024) 0.006 0.005 0.018 0.072 0.017 0.001 0.020 0.019 
 164   (0.052) 0.018 0.013 0.058 0.048 0.044 0.010 0.039 0.048 
 148   (0.019) 0.005 0.395 0.013 0.005 0.010 0.001 0.011 0.012 
 146   (0.175) 0.091 0.048 0.178 0.007 0.227 0.271 0.248 0.212 
 154   (0.014) 0.004 0.003 0.009 0.001 0.007 0.060 0.008 0.008 
 166   (0.072) 0.029 0.017 0.070 0.003 0.072 0.100 0.071 0.073 

Locus 23 : 23 
6 alleles
0.4% missing data
 154   (0.504) 0.378 0.850 0.541 0.238 0.569 0.566 0.561 0.557 
 158   (0.033) 0.009 0.008 0.025 0.095 0.019 0.025 0.020 0.022 
 144   (0.178) 0.295 0.051 0.165 0.237 0.171 0.140 0.176 0.172 
 156   (0.158) 0.138 0.058 0.161 0.355 0.140 0.067 0.143 0.145 
 160   (0.110) 0.175 0.028 0.096 0.074 0.089 0.164 0.088 0.092 
 152   (0.018) 0.005 0.004 0.012 0.001 0.012 0.039 0.011 0.012 

Locus 24 : 24 
4 alleles
0.4% missing data
  83   (0.482) 0.477 0.467 0.478 0.632 0.468 0.444 0.458 0.469 
  81   (0.382) 0.353 0.483 0.406 0.311 0.410 0.221 0.418 0.407 
  85   (0.052) 0.071 0.013 0.038 0.055 0.038 0.061 0.041 0.040 
  77   (0.084) 0.100 0.037 0.078 0.003 0.084 0.274 0.083 0.084 

Locus 25 : 25 
6 alleles
0.4% missing data
 124   (0.516) 0.561 0.878 0.495 0.552 0.555 0.343 0.564 0.532 
 122   (0.127) 0.039 0.041 0.141 0.395 0.109 0.026 0.108 0.123 
 120   (0.019) 0.005 0.004 0.014 0.023 0.014 0.001 0.013 0.014 
 126   (0.056) 0.019 0.013 0.048 0.018 0.042 0.032 0.044 0.045 
 132   (0.263) 0.344 0.060 0.286 0.011 0.269 0.597 0.259 0.273 
 136   (0.018) 0.032 0.004 0.016 0.001 0.010 0.001 0.011 0.013 

Locus 26 : 26 
6 alleles
0.0% missing data
 181   (0.058) 0.028 0.013 0.056 0.163 0.059 0.003 0.070 0.061 
 183   (0.364) 0.188 0.416 0.402 0.299 0.353 0.442 0.332 0.363 
 179   (0.099) 0.029 0.029 0.080 0.320 0.117 0.078 0.125 0.106 
 165   (0.245) 0.388 0.072 0.231 0.086 0.249 0.157 0.255 0.248 
 185   (0.020) 0.005 0.005 0.017 0.123 0.013 0.001 0.013 0.015 
 175   (0.214) 0.362 0.465 0.214 0.009 0.209 0.318 0.205 0.207 

Locus 27 : 27 
4 alleles
0.0% missing data
 142   (0.518) 0.704 0.470 0.508 0.409 0.547 0.679 0.579 0.545 
 148   (0.249) 0.092 0.125 0.270 0.282 0.237 0.147 0.221 0.242 
 150   (0.154) 0.088 0.384 0.159 0.180 0.159 0.010 0.143 0.154 
 138   (0.079) 0.116 0.021 0.062 0.129 0.057 0.164 0.056 0.060 

Locus 28 : 28 
5 alleles
0.0% missing data
 260   (0.450) 0.512 0.560 0.491 0.231 0.452 0.304 0.425 0.455 
 262   (0.452) 0.378 0.419 0.416 0.650 0.473 0.651 0.505 0.464 
 256   (0.063) 0.018 0.014 0.062 0.117 0.052 0.044 0.046 0.054 
 258   (0.022) 0.007 0.005 0.023 0.001 0.017 0.001 0.017 0.019 
 264   (0.013) 0.085 0.002 0.008 0.001 0.006 0.001 0.007 0.007 

Locus 29 : 29 
5 alleles
0.4% missing data
 146   (0.242) 0.335 0.456 0.256 0.364 0.203 0.114 0.196 0.221 
 140   (0.156) 0.157 0.047 0.135 0.402 0.151 0.125 0.146 0.142 
 150   (0.499) 0.475 0.173 0.520 0.182 0.560 0.710 0.569 0.547 
 148   (0.077) 0.025 0.022 0.068 0.051 0.071 0.050 0.072 0.072 
 152   (0.025) 0.007 0.302 0.020 0.001 0.016 0.002 0.018 0.019 

Locus 30 : 30 
6 alleles
0.0% missing data
 127   (0.063) 0.017 0.019 0.061 0.394 0.054 0.003 0.051 0.056 
 131   (0.039) 0.116 0.010 0.038 0.163 0.027 0.002 0.026 0.032 
 129   (0.487) 0.665 0.164 0.497 0.203 0.509 0.464 0.489 0.500 
 123   (0.115) 0.074 0.048 0.098 0.062 0.134 0.119 0.151 0.124 
 125   (0.281) 0.125 0.449 0.296 0.177 0.269 0.412 0.276 0.279 
 121   (0.014) 0.003 0.310 0.010 0.001 0.007 0.001 0.008 0.008 

Locus 31 : 31 
5 alleles
0.0% missing data
 155   (0.552) 0.474 0.578 0.594 0.550 0.538 0.612 0.521 0.549 
 157   (0.200) 0.254 0.361 0.195 0.090 0.206 0.195 0.193 0.200 
 153   (0.083) 0.092 0.021 0.072 0.198 0.082 0.070 0.089 0.082 
 159   (0.134) 0.164 0.031 0.113 0.151 0.152 0.119 0.176 0.145 
 151   (0.031) 0.016 0.009 0.026 0.010 0.023 0.003 0.022 0.025 

Locus 32 : 32 
4 alleles
0.0% missing data
 150   (0.545) 0.648 0.879 0.549 0.283 0.556 0.764 0.551 0.552 
 154   (0.046) 0.018 0.010 0.042 0.050 0.054 0.002 0.071 0.054 
 146   (0.333) 0.311 0.093 0.340 0.565 0.315 0.138 0.293 0.319 
 148   (0.076) 0.023 0.018 0.069 0.101 0.075 0.096 0.086 0.075 

Locus 33 : 33 
7 alleles
0.0% missing data
 180   (0.419) 0.487 0.438 0.422 0.331 0.432 0.479 0.437 0.429 
 190   (0.024) 0.006 0.017 0.021 0.047 0.016 0.001 0.015 0.017 
 184   (0.194) 0.127 0.059 0.179 0.125 0.189 0.178 0.188 0.185 
 198   (0.051) 0.016 0.012 0.041 0.294 0.039 0.065 0.046 0.043 
 192   (0.159) 0.221 0.429 0.181 0.196 0.169 0.007 0.154 0.173 
 196   (0.139) 0.140 0.043 0.147 0.006 0.149 0.234 0.153 0.146 
 194   (0.014) 0.003 0.003 0.009 0.001 0.007 0.036 0.007 0.008 

Locus 34 : 34 
6 alleles
0.0% missing data
 108   (0.130) 0.045 0.035 0.141 0.562 0.129 0.009 0.114 0.127 
 110   (0.207) 0.156 0.083 0.214 0.147 0.198 0.335 0.192 0.202 
 106   (0.306) 0.339 0.473 0.291 0.204 0.332 0.185 0.340 0.318 
 112   (0.293) 0.405 0.136 0.298 0.084 0.296 0.465 0.310 0.304 
  90   (0.037) 0.049 0.010 0.031 0.002 0.026 0.005 0.025 0.028 
  94   (0.027) 0.006 0.263 0.026 0.001 0.020 0.001 0.018 0.021 

Locus 35 : 35 
8 alleles
0.0% missing data
 168   (0.082) 0.024 0.022 0.081 0.379 0.115 0.003 0.125 0.100 
 170   (0.275) 0.171 0.357 0.270 0.287 0.256 0.219 0.262 0.262 
 172   (0.288) 0.516 0.420 0.299 0.187 0.261 0.404 0.256 0.278 
 174   (0.115) 0.074 0.099 0.125 0.040 0.153 0.015 0.157 0.145 
 186   (0.028) 0.013 0.007 0.020 0.069 0.028 0.001 0.032 0.027 
 176   (0.109) 0.029 0.070 0.118 0.033 0.105 0.124 0.087 0.103 
 166   (0.045) 0.085 0.011 0.035 0.002 0.032 0.204 0.034 0.034 
 178   (0.058) 0.089 0.013 0.053 0.002 0.050 0.029 0.048 0.050 

Locus 36 : 36 
6 alleles
0.0% missing data
  83   (0.146) 0.153 0.037 0.156 0.318 0.140 0.024 0.124 0.139 
  89   (0.544) 0.620 0.205 0.539 0.594 0.548 0.697 0.531 0.542 
  85   (0.191) 0.107 0.062 0.198 0.037 0.232 0.191 0.266 0.228 
  91   (0.016) 0.004 0.009 0.012 0.027 0.009 0.001 0.009 0.010 
  95   (0.066) 0.103 0.374 0.053 0.022 0.041 0.086 0.042 0.046 
  81   (0.037) 0.013 0.314 0.043 0.002 0.029 0.002 0.028 0.035 

Locus 37 : 37 
7 alleles
0.0% missing data
 161   (0.348) 0.236 0.765 0.330 0.562 0.353 0.452 0.356 0.349 
 173   (0.274) 0.440 0.106 0.290 0.213 0.260 0.119 0.254 0.269 
 165   (0.222) 0.185 0.092 0.219 0.215 0.227 0.277 0.241 0.225 
 159   (0.018) 0.006 0.005 0.012 0.005 0.009 0.038 0.010 0.011 
 169   (0.090) 0.045 0.021 0.109 0.004 0.100 0.108 0.089 0.101 
 167   (0.036) 0.031 0.008 0.032 0.001 0.045 0.005 0.045 0.038 
 175   (0.012) 0.058 0.002 0.008 0.000 0.006 0.001 0.006 0.007 

Locus 38 : 38 
5 alleles
0.0% missing data
  87   (0.130) 0.035 0.035 0.123 0.372 0.126 0.133 0.146 0.132 
  91   (0.150) 0.236 0.730 0.143 0.216 0.123 0.028 0.117 0.129 
  85   (0.217) 0.290 0.082 0.205 0.145 0.206 0.088 0.209 0.205 
  89   (0.433) 0.397 0.137 0.466 0.263 0.464 0.711 0.457 0.464 
  81   (0.070) 0.041 0.017 0.063 0.003 0.080 0.039 0.070 0.070 

Locus 39 : 39 
3 alleles
0.0% missing data
 161   (0.181) 0.136 0.325 0.166 0.511 0.162 0.053 0.160 0.165 
 167   (0.769) 0.852 0.663 0.789 0.433 0.799 0.937 0.806 0.794 
 165   (0.050) 0.012 0.013 0.046 0.056 0.038 0.010 0.034 0.040 

Locus 40 : 40 
6 alleles
0.0% missing data
 228   (0.385) 0.584 0.123 0.389 0.327 0.360 0.564 0.362 0.370 
 240   (0.131) 0.112 0.381 0.123 0.424 0.151 0.006 0.132 0.135 
 236   (0.059) 0.016 0.016 0.049 0.131 0.039 0.121 0.038 0.044 
 238   (0.379) 0.277 0.470 0.404 0.110 0.417 0.235 0.434 0.417 
 224   (0.033) 0.009 0.008 0.025 0.007 0.024 0.073 0.026 0.025 
 242   (0.012) 0.003 0.002 0.010 0.000 0.008 0.001 0.008 0.009 

Locus 41 : 41 
7 alleles
0.4% missing data
 130   (0.541) 0.425 0.869 0.567 0.653 0.528 0.478 0.518 0.539 
 134   (0.131) 0.160 0.035 0.140 0.256 0.148 0.011 0.173 0.152 
 118   (0.054) 0.054 0.012 0.044 0.075 0.054 0.003 0.053 0.050 
 132   (0.094) 0.070 0.026 0.090 0.009 0.086 0.254 0.080 0.086 
 128   (0.068) 0.256 0.016 0.059 0.003 0.057 0.151 0.059 0.059 
 114   (0.092) 0.030 0.036 0.085 0.004 0.113 0.092 0.104 0.100 
 122   (0.019) 0.005 0.005 0.016 0.001 0.013 0.012 0.013 0.014 

Locus 42 : 42 
6 alleles
0.0% missing data
  92   (0.138) 0.051 0.432 0.128 0.359 0.119 0.097 0.111 0.121 
  96   (0.068) 0.025 0.015 0.057 0.179 0.051 0.062 0.048 0.054 
  98   (0.144) 0.038 0.040 0.135 0.288 0.132 0.234 0.132 0.131 
 104   (0.431) 0.554 0.129 0.449 0.165 0.442 0.204 0.441 0.443 
 102   (0.207) 0.330 0.380 0.218 0.008 0.247 0.403 0.260 0.240 
 106   (0.012) 0.003 0.003 0.013 0.000 0.009 0.001 0.008 0.010 

Locus 43 : 43 
5 alleles
0.0% missing data
  95   (0.235) 0.164 0.100 0.236 0.390 0.247 0.319 0.247 0.244 
  99   (0.101) 0.026 0.300 0.095 0.295 0.083 0.035 0.086 0.088 
 101   (0.348) 0.542 0.090 0.349 0.227 0.332 0.400 0.328 0.339 
  97   (0.037) 0.011 0.008 0.030 0.035 0.032 0.002 0.035 0.032 
 103   (0.280) 0.257 0.501 0.290 0.051 0.306 0.245 0.305 0.298 

Locus 44 : 44 
7 alleles
0.0% missing data
 177   (0.074) 0.114 0.017 0.065 0.064 0.059 0.091 0.054 0.061 
 191   (0.277) 0.226 0.077 0.264 0.634 0.294 0.187 0.315 0.286 
 179   (0.028) 0.007 0.006 0.019 0.086 0.042 0.001 0.061 0.039 
 181   (0.567) 0.638 0.622 0.603 0.211 0.570 0.719 0.534 0.573 
 193   (0.020) 0.006 0.272 0.015 0.003 0.012 0.001 0.012 0.013 
 183   (0.017) 0.006 0.003 0.015 0.001 0.013 0.001 0.012 0.014 
 189   (0.016) 0.004 0.003 0.019 0.001 0.011 0.001 0.011 0.013 

Locus 45 : 45 
6 alleles
0.9% missing data
 205   (0.444) 0.578 0.515 0.459 0.323 0.474 0.461 0.475 0.465 
 211   (0.198) 0.140 0.096 0.182 0.380 0.210 0.226 0.229 0.204 
 207   (0.210) 0.233 0.352 0.224 0.108 0.187 0.160 0.168 0.200 
 201   (0.059) 0.021 0.014 0.049 0.057 0.060 0.049 0.058 0.056 
 215   (0.070) 0.021 0.018 0.071 0.063 0.056 0.103 0.053 0.060 
 202   (0.020) 0.006 0.005 0.014 0.069 0.014 0.001 0.017 0.015 

Locus 46 : 46 
10 alleles
0.0% missing data
 158   (0.177) 0.113 0.043 0.198 0.166 0.184 0.066 0.173 0.189 
 170   (0.037) 0.010 0.009 0.032 0.067 0.024 0.007 0.024 0.028 
 168   (0.143) 0.067 0.570 0.155 0.244 0.129 0.208 0.112 0.136 
 156   (0.037) 0.013 0.008 0.031 0.113 0.039 0.002 0.034 0.036 
 164   (0.039) 0.020 0.008 0.032 0.135 0.038 0.002 0.035 0.035 
 142   (0.282) 0.469 0.084 0.279 0.168 0.314 0.193 0.332 0.299 
 144   (0.069) 0.076 0.017 0.063 0.016 0.067 0.204 0.061 0.064 
 162   (0.056) 0.022 0.012 0.054 0.059 0.050 0.003 0.050 0.052 
 166   (0.146) 0.207 0.247 0.148 0.018 0.149 0.316 0.172 0.154 
 160   (0.013) 0.003 0.003 0.008 0.014 0.006 0.001 0.007 0.008 

Locus 47 : 47 
6 alleles
0.0% missing data
 149   (0.350) 0.434 0.108 0.377 0.735 0.342 0.109 0.312 0.347 
 145   (0.199) 0.334 0.433 0.174 0.080 0.206 0.220 0.226 0.199 
 151   (0.213) 0.151 0.385 0.198 0.123 0.194 0.309 0.207 0.199 
 143   (0.024) 0.006 0.005 0.021 0.023 0.017 0.001 0.015 0.018 
 153   (0.196) 0.070 0.065 0.216 0.038 0.230 0.343 0.229 0.223 
 147   (0.019) 0.005 0.004 0.014 0.001 0.011 0.019 0.011 0.013 

Values of parameters used in structure:
DATAFILE=a1.str,	OUTFILE=k8/a1_k8_run7,	NUMINDS=234,	NUMLOCI=47,	MISSING=-9,	LABEL=1,	POPDATA=1,	POPFLAG=0,	PHENOTYPE=0,	EXTRACOLS=0,	MAXPOPS=8,	BURNIN=500000,	NUMREPS=750000,	USEPOPINFO=0,	INFERALPHA=1,	INFERLAMBDA=0,	POPSPECIFICLAMBDA=0,	POPALPHAS=0,	COMPUTEPROB=1,	NOADMIX=0,	ADMBURNIN=500,	UPDATEFREQ=100,	PRINTLIKES=0,	INTERMEDSAVE=0,	PRINTKLD=0,	PRINTNET=1,	PRINTLAMBDA=1,	ANCESTDIST=0,	NUMBOXES=1000,	ANCESTPINT=0.90000,	GENSBACK=2,	MIGRPRIOR=0.01000,	PRINTQHAT=0,	PRINTQSUM=1,	ALPHA=1.0000,	FREQSCORR=1,	FPRIORMEAN=0.0100,	FPRIORSD=0.0500,	ONEFST=0,	LAMBDA=1.0000,	UNIFPRIORALPHA=1,	ALPHAMAX=10.0000,	ALPHAPRIORA=1.0000,	ALPHAPRIORB=2.0000,	ALPHAPROPSD=0.0250,	STARTATPOPINFO=0,	RANDOMIZE=0,	LINKAGE=0,	METROFREQ=10,	REPORTHITRATE=0,	MARKOVPHASE=0,	PHASED=1,	PLOIDY=2,	PHASEINFO=0	LOCPRIOR=0, 	LOCPRIORINIT=1.000000, 	LOCDATA=0, 	LOCISPOP=1, 	LOCPRIORSTEP=0.100000, 	MAXLOCPRIOR=20.000000, 	SEED=507964,	
[STRAT parameters]:    NUMSIMSTATS=1000,	PHENOTYPECOL=-9,	POOLFREQ=10,	LOCUSxONLY=0,	EMERROR=0.00100,	MISSINGPHENO=-9,	