

----------------------------------------------------
STRUCTURE by Pritchard, Stephens and Donnelly (2000)
     and Falush, Stephens and Pritchard (2003)
       Code by Pritchard, Falush and Hubisz
             Version 2.3.4 (Jul 2012)
----------------------------------------------------



Command line arguments:   structure -D 567461 -K 5 -m mainparams -o k5/a1_k5_run10 
Input File:    a1.str

Run parameters:
   234 individuals
   47 loci
   5 populations assumed
   500000 Burn-in period
   750000 Reps
RANDOMIZE turned off


--------------------------------------------
Proportion of membership of each pre-defined
 population in each of the 5 clusters

Given    Inferred Clusters                     Number of
 Pop       1      2      3      4      5      Individuals

  1:     0.980  0.005  0.004  0.005  0.006       62
  2:     0.004  0.011  0.963  0.012  0.011       79
  3:     0.018  0.308  0.020  0.274  0.380       10
  4:     0.015  0.404  0.070  0.170  0.341       24
  5:     0.010  0.118  0.046  0.643  0.183       11
  6:     0.009  0.105  0.085  0.672  0.129       18
  7:     0.085  0.168  0.080  0.228  0.439       25
  8:     0.004  0.282  0.033  0.555  0.125        5
--------------------------------------------

Allele-freq. divergence among pops (Net nucleotide distance),
computed using point estimates of P.

      1       2       3       4       5      
 1      -    0.0744  0.1174  0.0838  0.0577  
 2   0.0744     -    0.0288  0.0127  0.0055  
 3   0.1174  0.0288     -    0.0311  0.0277  
 4   0.0838  0.0127  0.0311     -    0.0075  
 5   0.0577  0.0055  0.0277  0.0075     -    

Average distances (expected heterozygosity) between individuals in same cluster:
cluster  1  : 0.6408 
cluster  2  : 0.6229 
cluster  3  : 0.5619 
cluster  4  : 0.6151 
cluster  5  : 0.6604 

--------------------------------------------
Estimated Ln Prob of Data   = -26088.5
Mean value of ln likelihood = -25681.5
Variance of ln likelihood   = 814.0
Mean value of alpha         = 0.0339

Mean value of Fst_1         = 0.1555
Mean value of Fst_2         = 0.0480
Mean value of Fst_3         = 0.1308
Mean value of Fst_4         = 0.0491
Mean value of Fst_5         = 0.0001


Inferred ancestry of individuals:
        Label (%Miss) Pop:  Inferred clusters
  1      200    (0)    1 :  0.992 0.002 0.002 0.002 0.002 
  2      201    (0)    1 :  0.983 0.005 0.003 0.004 0.004 
  3      202    (0)    1 :  0.990 0.003 0.002 0.003 0.003 
  4      203    (0)    1 :  0.989 0.003 0.002 0.003 0.003 
  5      204    (0)    1 :  0.993 0.002 0.001 0.001 0.002 
  6      260    (0)    1 :  0.991 0.002 0.002 0.002 0.003 
  7      294    (0)    1 :  0.992 0.002 0.001 0.002 0.003 
  8      295    (0)    1 :  0.986 0.003 0.004 0.003 0.004 
  9      296    (0)    1 :  0.992 0.002 0.002 0.002 0.002 
 10      297    (0)    1 :  0.995 0.001 0.001 0.001 0.001 
 11      298    (0)    1 :  0.981 0.006 0.003 0.005 0.006 
 12      299    (0)    1 :  0.990 0.003 0.002 0.002 0.003 
 13      301    (0)    1 :  0.958 0.012 0.013 0.007 0.010 
 14      302    (0)    1 :  0.991 0.002 0.001 0.002 0.003 
 15      305    (0)    1 :  0.982 0.005 0.003 0.004 0.006 
 16      306    (0)    1 :  0.986 0.004 0.003 0.003 0.004 
 17      307    (0)    1 :  0.988 0.004 0.002 0.003 0.003 
 18      310    (0)    1 :  0.988 0.003 0.003 0.002 0.003 
 19      311    (0)    1 :  0.917 0.018 0.010 0.017 0.038 
 20      312    (0)    1 :  0.982 0.005 0.004 0.005 0.005 
 21      313    (0)    1 :  0.985 0.003 0.006 0.003 0.003 
 22      314    (0)    1 :  0.947 0.005 0.031 0.003 0.014 
 23      315    (0)    1 :  0.985 0.004 0.003 0.004 0.004 
 24      316    (0)    1 :  0.979 0.007 0.006 0.003 0.006 
 25      317    (0)    1 :  0.990 0.003 0.002 0.003 0.003 
 26      318    (0)    1 :  0.948 0.008 0.022 0.008 0.013 
 27      319    (0)    1 :  0.983 0.005 0.002 0.005 0.005 
 28      321    (0)    1 :  0.989 0.002 0.002 0.003 0.003 
 29      322    (0)    1 :  0.909 0.012 0.009 0.022 0.048 
 30      323    (0)    1 :  0.991 0.002 0.002 0.002 0.003 
 31      324    (0)    1 :  0.990 0.002 0.002 0.003 0.003 
 32      325    (0)    1 :  0.990 0.004 0.002 0.002 0.003 
 33      326    (0)    1 :  0.984 0.004 0.002 0.004 0.005 
 34      327    (0)    1 :  0.985 0.004 0.003 0.003 0.005 
 35      328    (0)    1 :  0.984 0.004 0.004 0.003 0.005 
 36      329    (0)    1 :  0.995 0.001 0.001 0.001 0.002 
 37      330    (0)    1 :  0.987 0.003 0.003 0.003 0.004 
 38      359    (0)    1 :  0.989 0.003 0.002 0.003 0.003 
 39      367    (0)    1 :  0.981 0.005 0.002 0.004 0.008 
 40      368    (0)    1 :  0.986 0.004 0.002 0.004 0.004 
 41      687    (0)    1 :  0.991 0.002 0.002 0.002 0.003 
 42      688    (0)    1 :  0.990 0.003 0.002 0.002 0.003 
 43      689    (0)    1 :  0.979 0.006 0.002 0.007 0.006 
 44      690    (0)    1 :  0.991 0.003 0.002 0.002 0.003 
 45      691    (0)    1 :  0.977 0.006 0.005 0.006 0.006 
 46      692    (0)    1 :  0.988 0.002 0.002 0.003 0.004 
 47      693    (0)    1 :  0.993 0.002 0.001 0.002 0.002 
 48      694    (0)    1 :  0.971 0.018 0.002 0.003 0.006 
 49      695    (0)    1 :  0.972 0.007 0.005 0.007 0.009 
 50      696    (0)    1 :  0.980 0.006 0.004 0.004 0.006 
 51      697    (0)    1 :  0.957 0.013 0.006 0.011 0.013 
 52      698    (0)    1 :  0.976 0.006 0.006 0.006 0.008 
 53      699    (0)    1 :  0.990 0.002 0.002 0.003 0.003 
 54      700    (0)    1 :  0.983 0.004 0.006 0.003 0.004 
 55      701    (0)    1 :  0.982 0.004 0.004 0.004 0.006 
 56      702    (0)    1 :  0.919 0.034 0.008 0.018 0.021 
 57      703    (0)    1 :  0.987 0.003 0.004 0.003 0.004 
 58      704    (0)    1 :  0.989 0.003 0.002 0.003 0.004 
 59      705    (0)    1 :  0.956 0.014 0.011 0.011 0.008 
 60      706    (0)    1 :  0.977 0.006 0.004 0.005 0.008 
 61      707    (0)    1 :  0.952 0.010 0.009 0.013 0.016 
 62      708    (0)    1 :  0.990 0.002 0.002 0.003 0.004 
 63      014    (0)    2 :  0.007 0.007 0.973 0.005 0.009 
 64      015    (0)    2 :  0.005 0.020 0.960 0.004 0.011 
 65      016    (0)    2 :  0.002 0.005 0.984 0.005 0.004 
 66      017    (0)    2 :  0.002 0.014 0.969 0.007 0.009 
 67      018    (0)    2 :  0.002 0.004 0.982 0.006 0.005 
 68      024    (0)    2 :  0.003 0.006 0.973 0.009 0.008 
 69      026    (0)    2 :  0.002 0.006 0.974 0.012 0.006 
 70      027    (0)    2 :  0.001 0.003 0.990 0.003 0.003 
 71      028    (0)    2 :  0.003 0.043 0.867 0.014 0.073 
 72      029    (0)    2 :  0.002 0.003 0.989 0.003 0.003 
 73      030    (0)    2 :  0.002 0.013 0.964 0.014 0.008 
 74      031    (0)    2 :  0.003 0.010 0.974 0.006 0.007 
 75      032    (0)    2 :  0.005 0.004 0.979 0.005 0.007 
 76      033    (0)    2 :  0.001 0.008 0.940 0.035 0.016 
 77      036    (0)    2 :  0.001 0.002 0.991 0.003 0.002 
 78      038    (0)    2 :  0.002 0.004 0.987 0.004 0.004 
 79      039    (0)    2 :  0.002 0.004 0.978 0.011 0.005 
 80      040    (0)    2 :  0.001 0.003 0.991 0.002 0.002 
 81      041    (0)    2 :  0.025 0.025 0.925 0.010 0.015 
 82      042    (0)    2 :  0.003 0.007 0.976 0.007 0.006 
 83      044    (0)    2 :  0.001 0.003 0.991 0.003 0.002 
 84      046    (0)    2 :  0.002 0.009 0.977 0.008 0.005 
 85      047    (0)    2 :  0.004 0.009 0.955 0.019 0.012 
 86      048    (0)    2 :  0.002 0.007 0.982 0.004 0.004 
 87      051    (0)    2 :  0.001 0.002 0.992 0.002 0.002 
 88      053    (0)    2 :  0.001 0.007 0.984 0.004 0.004 
 89      054    (0)    2 :  0.002 0.005 0.982 0.007 0.004 
 90      055    (0)    2 :  0.005 0.019 0.947 0.017 0.011 
 91      056    (0)    2 :  0.004 0.007 0.981 0.003 0.004 
 92      057    (0)    2 :  0.002 0.006 0.974 0.014 0.005 
 93      058    (0)    2 :  0.022 0.018 0.908 0.019 0.032 
 94      059    (0)    2 :  0.003 0.014 0.933 0.024 0.026 
 95      060    (0)    2 :  0.004 0.011 0.953 0.021 0.011 
 96      061    (0)    2 :  0.002 0.004 0.987 0.004 0.003 
 97      365    (0)    2 :  0.002 0.003 0.986 0.005 0.005 
 98      366    (0)    2 :  0.001 0.012 0.973 0.009 0.005 
 99      369    (0)    2 :  0.002 0.003 0.988 0.003 0.004 
100      390    (0)    2 :  0.003 0.033 0.886 0.039 0.039 
101      394    (0)    2 :  0.002 0.011 0.966 0.014 0.007 
102      397    (0)    2 :  0.002 0.005 0.985 0.004 0.004 
103      398    (0)    2 :  0.002 0.005 0.984 0.004 0.005 
104      400    (0)    2 :  0.010 0.005 0.974 0.005 0.006 
105      579    (0)    2 :  0.005 0.011 0.969 0.005 0.010 
106      709    (0)    2 :  0.003 0.064 0.762 0.106 0.066 
107      710    (0)    2 :  0.007 0.005 0.935 0.042 0.010 
108      744    (0)    2 :  0.002 0.003 0.985 0.007 0.003 
109      745    (0)    2 :  0.001 0.004 0.989 0.003 0.003 
110      746    (0)    2 :  0.002 0.005 0.981 0.007 0.005 
111      747    (0)    2 :  0.020 0.016 0.878 0.013 0.073 
112      800    (0)    2 :  0.002 0.015 0.960 0.014 0.009 
113      801    (0)    2 :  0.002 0.008 0.961 0.022 0.007 
114      802    (0)    2 :  0.001 0.006 0.974 0.015 0.004 
115      803    (0)    2 :  0.005 0.004 0.981 0.005 0.005 
116      804    (0)    2 :  0.002 0.004 0.986 0.005 0.004 
117      805    (0)    2 :  0.001 0.004 0.985 0.005 0.004 
118      806    (0)    2 :  0.001 0.002 0.990 0.003 0.003 
119      807    (0)    2 :  0.004 0.014 0.955 0.009 0.018 
120      808    (0)    2 :  0.001 0.002 0.993 0.002 0.002 
121      809    (0)    2 :  0.003 0.006 0.979 0.006 0.006 
122      810    (0)    2 :  0.003 0.004 0.987 0.003 0.003 
123      811    (0)    2 :  0.002 0.014 0.967 0.006 0.011 
124      812    (0)    2 :  0.006 0.044 0.825 0.056 0.069 
125      813    (0)    2 :  0.002 0.007 0.970 0.008 0.014 
126      814    (0)    2 :  0.002 0.086 0.827 0.060 0.025 
127      815    (0)    2 :  0.003 0.003 0.988 0.003 0.003 
128      816    (0)    2 :  0.003 0.012 0.967 0.008 0.010 
129      817    (0)    2 :  0.002 0.005 0.986 0.005 0.003 
130      818    (0)    2 :  0.002 0.003 0.987 0.003 0.004 
131      819    (0)    2 :  0.003 0.004 0.984 0.004 0.004 
132      820    (0)    2 :  0.002 0.003 0.987 0.005 0.003 
133      821    (0)    2 :  0.005 0.004 0.978 0.006 0.007 
134      822    (0)    2 :  0.003 0.011 0.975 0.004 0.008 
135      823    (0)    2 :  0.003 0.014 0.966 0.010 0.007 
136      824    (0)    2 :  0.002 0.009 0.953 0.024 0.011 
137      825    (0)    2 :  0.001 0.004 0.987 0.005 0.003 
138      826    (0)    2 :  0.008 0.017 0.938 0.020 0.017 
139      827    (0)    2 :  0.003 0.004 0.985 0.003 0.005 
140      828    (0)    2 :  0.002 0.004 0.988 0.003 0.003 
141      829    (0)    2 :  0.015 0.052 0.893 0.011 0.030 
142      849    (0)    3 :  0.013 0.038 0.015 0.225 0.709 
143      863    (0)    3 :  0.009 0.039 0.003 0.077 0.872 
144      864    (0)    3 :  0.001 0.012 0.100 0.862 0.025 
145      865    (0)    3 :  0.009 0.828 0.007 0.027 0.130 
146      866    (0)    3 :  0.003 0.838 0.019 0.054 0.086 
147      867    (0)    3 :  0.046 0.022 0.004 0.868 0.061 
148      868    (2)    3 :  0.003 0.802 0.020 0.019 0.156 
149      869    (0)    3 :  0.005 0.451 0.008 0.371 0.166 
150      870    (0)    3 :  0.082 0.020 0.005 0.195 0.698 
151      902    (0)    3 :  0.011 0.028 0.017 0.044 0.899 
152      845    (0)    4 :  0.003 0.775 0.128 0.060 0.034 
153      846    (0)    4 :  0.002 0.723 0.026 0.185 0.064 
154      847    (0)    4 :  0.003 0.988 0.002 0.003 0.004 
155      848    (0)    4 :  0.005 0.093 0.025 0.442 0.435 
156      871    (0)    4 :  0.040 0.068 0.016 0.024 0.852 
157      872    (0)    4 :  0.002 0.008 0.006 0.941 0.043 
158      873    (0)    4 :  0.006 0.036 0.005 0.145 0.808 
159      874    (0)    4 :  0.011 0.169 0.038 0.187 0.596 
160      875    (0)    4 :  0.021 0.127 0.285 0.228 0.338 
161      884    (0)    4 :  0.001 0.940 0.029 0.015 0.015 
162      885    (0)    4 :  0.009 0.331 0.011 0.007 0.643 
163      886    (0)    4 :  0.002 0.042 0.020 0.606 0.329 
164      887    (0)    4 :  0.002 0.790 0.179 0.019 0.011 
165      888    (0)    4 :  0.042 0.255 0.002 0.244 0.458 
166      889    (0)    4 :  0.007 0.438 0.056 0.284 0.214 
167      890    (0)    4 :  0.016 0.663 0.015 0.131 0.174 
168      891    (0)    4 :  0.012 0.450 0.015 0.027 0.497 
169      893    (0)    4 :  0.002 0.020 0.054 0.041 0.882 
170      894    (0)    4 :  0.005 0.707 0.044 0.074 0.171 
171      895    (0)    4 :  0.003 0.988 0.002 0.003 0.004 
172      896    (2)    4 :  0.094 0.020 0.004 0.021 0.862 
173      897    (0)    4 :  0.069 0.512 0.017 0.008 0.395 
174      898    (0)    4 :  0.004 0.428 0.357 0.021 0.191 
175      904    (0)    4 :  0.005 0.127 0.344 0.361 0.162 
176      841    (0)    5 :  0.008 0.016 0.035 0.620 0.322 
177      842    (0)    5 :  0.007 0.472 0.149 0.073 0.299 
178      876    (0)    5 :  0.003 0.097 0.004 0.878 0.018 
179      877    (4)    5 :  0.017 0.032 0.192 0.338 0.421 
180      878    (0)    5 :  0.005 0.039 0.014 0.884 0.058 
181      879    (2)    5 :  0.015 0.005 0.007 0.863 0.110 
182      880    (0)    5 :  0.004 0.165 0.025 0.714 0.092 
183      881    (2)    5 :  0.005 0.036 0.012 0.862 0.086 
184      883    (0)    5 :  0.030 0.351 0.046 0.095 0.479 
185      919    (0)    5 :  0.006 0.034 0.010 0.890 0.060 
186      920    (0)    5 :  0.014 0.049 0.008 0.858 0.071 
187      470    (0)    6 :  0.008 0.263 0.070 0.138 0.521 
188      471    (4)    6 :  0.002 0.013 0.036 0.938 0.011 
189      472    (4)    6 :  0.003 0.008 0.006 0.975 0.007 
190      473    (2)    6 :  0.023 0.015 0.018 0.795 0.149 
191      474    (4)    6 :  0.003 0.009 0.021 0.895 0.072 
192      843    (0)    6 :  0.001 0.013 0.015 0.951 0.020 
193      844    (0)    6 :  0.016 0.257 0.013 0.542 0.172 
194      850    (0)    6 :  0.004 0.009 0.039 0.930 0.018 
195      852    (0)    6 :  0.002 0.048 0.039 0.856 0.055 
196      853    (0)    6 :  0.080 0.083 0.352 0.265 0.221 
197      900    (0)    6 :  0.001 0.003 0.003 0.988 0.005 
198      901    (0)    6 :  0.001 0.006 0.012 0.975 0.007 
199      903    (0)    6 :  0.003 0.524 0.006 0.092 0.374 
200      907    (0)    6 :  0.002 0.051 0.170 0.544 0.233 
201      908    (0)    6 :  0.003 0.223 0.601 0.079 0.095 
202      909    (0)    6 :  0.007 0.346 0.071 0.238 0.339 
203      911    (0)    6 :  0.002 0.015 0.036 0.922 0.024 
204      912    (0)    6 :  0.002 0.008 0.016 0.968 0.007 
205      469    (0)    7 :  0.005 0.057 0.048 0.064 0.826 
206      839    (0)    7 :  0.038 0.281 0.021 0.214 0.446 
207      840    (0)    7 :  0.087 0.013 0.005 0.011 0.885 
208      851    (0)    7 :  0.097 0.016 0.003 0.058 0.826 
209      854    (0)    7 :  0.150 0.024 0.005 0.015 0.807 
210      855    (0)    7 :  0.006 0.962 0.005 0.008 0.019 
211      856    (0)    7 :  0.009 0.294 0.015 0.533 0.150 
212      857    (0)    7 :  0.041 0.038 0.008 0.120 0.792 
213      858    (0)    7 :  0.089 0.104 0.075 0.021 0.711 
214      859    (0)    7 :  0.137 0.122 0.008 0.022 0.711 
215      860    (0)    7 :  0.016 0.170 0.019 0.143 0.652 
216      861    (0)    7 :  0.129 0.016 0.019 0.615 0.220 
217      862    (0)    7 :  0.029 0.044 0.025 0.731 0.171 
218      882    (0)    7 :  0.012 0.504 0.015 0.014 0.455 
219      892    (0)    7 :  0.002 0.058 0.888 0.036 0.016 
220      899    (0)    7 :  0.348 0.014 0.003 0.605 0.030 
221      905    (0)    7 :  0.296 0.054 0.003 0.351 0.295 
222      906    (0)    7 :  0.245 0.030 0.007 0.133 0.585 
223      910    (0)    7 :  0.005 0.099 0.064 0.768 0.063 
224      913    (0)    7 :  0.003 0.172 0.021 0.009 0.795 
225      914    (0)    7 :  0.008 0.083 0.666 0.140 0.103 
226      915    (0)    7 :  0.038 0.067 0.005 0.398 0.491 
227      916    (0)    7 :  0.006 0.358 0.049 0.008 0.580 
228      917    (0)    7 :  0.066 0.019 0.012 0.668 0.236 
229      918    (0)    7 :  0.255 0.604 0.016 0.008 0.117 
230      004    (0)    8 :  0.005 0.070 0.022 0.884 0.019 
231      008    (0)    8 :  0.004 0.186 0.044 0.483 0.283 
232      013    (0)    8 :  0.005 0.302 0.081 0.422 0.190 
233      113    (0)    8 :  0.003 0.844 0.016 0.017 0.119 
234      363    (0)    8 :  0.003 0.008 0.003 0.970 0.017 


Estimated Allele Frequencies in each cluster
First column gives estimated ancestral frequencies


Locus 1 : 1 
4 alleles
0.0% missing data
  91   (0.363) 0.607 0.328 0.385 0.279 0.364 
  89   (0.500) 0.368 0.502 0.535 0.573 0.500 
  93   (0.116) 0.025 0.139 0.078 0.142 0.116 
  99   (0.021) 0.001 0.032 0.001 0.005 0.021 

Locus 2 : 2 
6 alleles
0.0% missing data
 136   (0.321) 0.554 0.368 0.578 0.330 0.320 
 138   (0.247) 0.211 0.244 0.220 0.253 0.247 
 140   (0.103) 0.068 0.082 0.046 0.079 0.103 
 142   (0.025) 0.039 0.010 0.001 0.015 0.025 
 134   (0.273) 0.126 0.247 0.154 0.316 0.274 
 132   (0.031) 0.001 0.049 0.001 0.007 0.031 

Locus 3 : 3 
6 alleles
0.0% missing data
 179   (0.273) 0.108 0.314 0.339 0.347 0.273 
 185   (0.106) 0.166 0.070 0.004 0.090 0.106 
 187   (0.332) 0.411 0.364 0.487 0.289 0.332 
 175   (0.057) 0.209 0.067 0.002 0.055 0.057 
 191   (0.040) 0.024 0.014 0.006 0.064 0.040 
 181   (0.191) 0.083 0.171 0.161 0.155 0.191 

Locus 4 : 4 
10 alleles
0.0% missing data
 245   (0.020) 0.099 0.009 0.001 0.004 0.020 
 271   (0.083) 0.169 0.042 0.048 0.053 0.083 
 241   (0.204) 0.453 0.188 0.082 0.122 0.204 
 249   (0.047) 0.078 0.021 0.072 0.014 0.046 
 253   (0.370) 0.127 0.354 0.662 0.484 0.370 
 247   (0.080) 0.044 0.102 0.003 0.067 0.080 
 269   (0.154) 0.028 0.261 0.131 0.244 0.154 
 273   (0.018) 0.001 0.006 0.001 0.005 0.018 
 239   (0.012) 0.001 0.005 0.000 0.003 0.012 
 265   (0.012) 0.001 0.012 0.001 0.003 0.012 

Locus 5 : 5 
5 alleles
1.3% missing data
 103   (0.873) 0.757 0.896 0.971 0.945 0.873 
 105   (0.060) 0.181 0.034 0.003 0.038 0.061 
 104   (0.037) 0.039 0.013 0.025 0.010 0.037 
 107   (0.014) 0.023 0.004 0.001 0.003 0.014 
 102   (0.016) 0.001 0.052 0.001 0.004 0.015 

Locus 6 : 6 
5 alleles
0.0% missing data
 135   (0.355) 0.679 0.289 0.199 0.207 0.355 
 147   (0.048) 0.132 0.036 0.057 0.013 0.048 
 137   (0.021) 0.085 0.010 0.001 0.005 0.021 
 141   (0.282) 0.091 0.346 0.594 0.218 0.282 
 145   (0.294) 0.013 0.320 0.149 0.557 0.294 

Locus 7 : 7 
10 alleles
0.4% missing data
  89   (0.101) 0.259 0.078 0.061 0.074 0.101 
  93   (0.250) 0.253 0.209 0.363 0.187 0.250 
  97   (0.209) 0.147 0.173 0.239 0.201 0.209 
 101   (0.025) 0.100 0.009 0.004 0.009 0.025 
 105   (0.018) 0.123 0.006 0.001 0.008 0.018 
  91   (0.044) 0.086 0.018 0.035 0.010 0.044 
  99   (0.024) 0.017 0.016 0.001 0.010 0.024 
 103   (0.244) 0.011 0.426 0.276 0.374 0.244 
  85   (0.045) 0.002 0.017 0.018 0.043 0.045 
  83   (0.041) 0.002 0.048 0.002 0.083 0.041 

Locus 8 : 8 
8 alleles
0.0% missing data
 129   (0.575) 0.305 0.620 0.683 0.654 0.576 
 143   (0.240) 0.362 0.269 0.066 0.233 0.240 
 149   (0.064) 0.297 0.039 0.131 0.040 0.064 
 127   (0.019) 0.031 0.011 0.001 0.005 0.019 
 141   (0.055) 0.002 0.028 0.113 0.041 0.055 
 131   (0.012) 0.001 0.005 0.004 0.003 0.012 
 133   (0.022) 0.001 0.024 0.001 0.011 0.022 
 145   (0.012) 0.000 0.004 0.000 0.013 0.012 

Locus 9 : 9 
4 alleles
0.0% missing data
 191   (0.360) 0.349 0.345 0.611 0.280 0.360 
 195   (0.175) 0.363 0.122 0.124 0.236 0.175 
 189   (0.446) 0.287 0.525 0.259 0.477 0.446 
 193   (0.019) 0.001 0.007 0.006 0.006 0.019 

Locus 10 : 10 
6 alleles
0.0% missing data
 232   (0.193) 0.109 0.289 0.366 0.178 0.193 
 238   (0.559) 0.660 0.507 0.469 0.685 0.559 
 250   (0.044) 0.147 0.057 0.002 0.020 0.044 
 254   (0.066) 0.026 0.027 0.013 0.022 0.066 
 252   (0.121) 0.058 0.072 0.149 0.090 0.121 
 248   (0.016) 0.001 0.047 0.001 0.006 0.016 

Locus 11 : 11 
4 alleles
0.0% missing data
  89   (0.181) 0.075 0.134 0.276 0.244 0.181 
  91   (0.055) 0.287 0.027 0.076 0.052 0.054 
  87   (0.743) 0.561 0.826 0.647 0.700 0.744 
  85   (0.021) 0.076 0.013 0.001 0.005 0.021 

Locus 12 : 12 
11 alleles
0.0% missing data
 160   (0.287) 0.507 0.277 0.202 0.330 0.287 
 161   (0.090) 0.245 0.063 0.028 0.077 0.090 
 170   (0.060) 0.081 0.104 0.020 0.032 0.060 
 158   (0.206) 0.065 0.209 0.447 0.201 0.206 
 143   (0.030) 0.072 0.010 0.001 0.008 0.030 
 154   (0.028) 0.016 0.034 0.001 0.008 0.028 
 147   (0.032) 0.001 0.013 0.116 0.044 0.032 
 162   (0.217) 0.009 0.272 0.183 0.240 0.217 
 134   (0.012) 0.000 0.004 0.000 0.003 0.012 
 159   (0.014) 0.001 0.004 0.001 0.024 0.014 
 149   (0.024) 0.001 0.009 0.001 0.033 0.024 

Locus 13 : 13 
4 alleles
0.0% missing data
 113   (0.330) 0.288 0.299 0.284 0.295 0.330 
 115   (0.503) 0.444 0.530 0.527 0.527 0.503 
 108   (0.154) 0.267 0.167 0.188 0.175 0.154 
 110   (0.012) 0.001 0.004 0.000 0.003 0.012 

Locus 14 : 14 
8 alleles
0.0% missing data
 229   (0.437) 0.418 0.597 0.577 0.449 0.436 
 233   (0.053) 0.080 0.036 0.086 0.039 0.053 
 231   (0.183) 0.442 0.139 0.108 0.108 0.183 
 225   (0.161) 0.053 0.133 0.086 0.110 0.161 
 227   (0.129) 0.006 0.080 0.141 0.269 0.129 
 203   (0.012) 0.001 0.005 0.001 0.009 0.012 
 213   (0.012) 0.001 0.006 0.000 0.003 0.012 
 221   (0.012) 0.001 0.004 0.000 0.013 0.012 

Locus 15 : 15 
4 alleles
0.4% missing data
 143   (0.899) 0.773 0.937 0.990 0.961 0.899 
 147   (0.030) 0.096 0.011 0.001 0.012 0.030 
 145   (0.052) 0.129 0.042 0.005 0.022 0.052 
 157   (0.018) 0.001 0.010 0.004 0.005 0.018 

Locus 16 : 16 
5 alleles
0.0% missing data
 154   (0.075) 0.337 0.068 0.041 0.029 0.075 
 158   (0.485) 0.343 0.508 0.621 0.550 0.485 
 160   (0.134) 0.104 0.176 0.145 0.146 0.133 
 156   (0.293) 0.216 0.242 0.193 0.267 0.294 
 152   (0.012) 0.001 0.005 0.001 0.009 0.012 

Locus 17 : 17 
5 alleles
0.0% missing data
  88   (0.072) 0.338 0.036 0.025 0.054 0.072 
  90   (0.654) 0.413 0.699 0.731 0.644 0.654 
 100   (0.102) 0.176 0.110 0.005 0.090 0.102 
 102   (0.160) 0.073 0.138 0.238 0.208 0.160 
 104   (0.013) 0.001 0.016 0.001 0.003 0.013 

Locus 18 : 18 
7 alleles
0.0% missing data
 127   (0.280) 0.401 0.347 0.237 0.262 0.280 
 140   (0.271) 0.255 0.200 0.131 0.348 0.271 
 150   (0.063) 0.209 0.033 0.003 0.059 0.063 
 148   (0.108) 0.111 0.071 0.115 0.108 0.108 
 142   (0.137) 0.018 0.193 0.437 0.066 0.137 
 146   (0.089) 0.004 0.096 0.063 0.050 0.089 
 138   (0.051) 0.002 0.059 0.014 0.107 0.051 

Locus 19 : 19 
6 alleles
0.0% missing data
 194   (0.569) 0.612 0.656 0.524 0.496 0.569 
 202   (0.042) 0.085 0.046 0.002 0.012 0.042 
 200   (0.105) 0.241 0.053 0.004 0.206 0.105 
 198   (0.019) 0.007 0.007 0.001 0.005 0.019 
 190   (0.120) 0.048 0.063 0.354 0.120 0.120 
 188   (0.146) 0.006 0.175 0.115 0.161 0.146 

Locus 20 : 20 
6 alleles
0.0% missing data
 244   (0.042) 0.054 0.030 0.044 0.020 0.042 
 246   (0.105) 0.174 0.081 0.018 0.143 0.105 
 252   (0.643) 0.075 0.664 0.796 0.767 0.643 
 254   (0.080) 0.279 0.128 0.020 0.035 0.080 
 250   (0.115) 0.417 0.063 0.122 0.032 0.115 
 248   (0.015) 0.001 0.034 0.001 0.003 0.015 

Locus 21 : 21 
7 alleles
0.0% missing data
 173   (0.307) 0.221 0.278 0.307 0.346 0.307 
 175   (0.118) 0.330 0.063 0.037 0.128 0.118 
 167   (0.244) 0.108 0.240 0.306 0.347 0.244 
 165   (0.082) 0.127 0.062 0.016 0.034 0.082 
 163   (0.041) 0.129 0.115 0.002 0.010 0.041 
 159   (0.013) 0.015 0.004 0.001 0.003 0.013 
 177   (0.194) 0.069 0.238 0.333 0.132 0.194 

Locus 22 : 22 
11 alleles
0.4% missing data
 150   (0.051) 0.163 0.039 0.012 0.021 0.051 
 158   (0.117) 0.400 0.120 0.005 0.114 0.117 
 152   (0.415) 0.077 0.450 0.538 0.488 0.415 
 142   (0.024) 0.061 0.008 0.001 0.039 0.024 
 162   (0.041) 0.163 0.021 0.002 0.024 0.041 
 156   (0.026) 0.070 0.010 0.001 0.014 0.026 
 164   (0.049) 0.048 0.075 0.011 0.017 0.048 
 148   (0.022) 0.007 0.070 0.001 0.005 0.022 
 146   (0.169) 0.007 0.149 0.271 0.224 0.169 
 154   (0.015) 0.001 0.005 0.058 0.003 0.015 
 166   (0.072) 0.003 0.053 0.100 0.052 0.072 

Locus 23 : 23 
6 alleles
0.4% missing data
 154   (0.502) 0.243 0.602 0.565 0.535 0.502 
 158   (0.035) 0.094 0.022 0.024 0.009 0.035 
 144   (0.169) 0.237 0.146 0.140 0.223 0.169 
 156   (0.169) 0.351 0.158 0.068 0.111 0.169 
 160   (0.108) 0.074 0.065 0.164 0.118 0.108 
 152   (0.017) 0.001 0.006 0.038 0.005 0.017 

Locus 24 : 24 
4 alleles
0.4% missing data
  83   (0.494) 0.628 0.473 0.446 0.455 0.494 
  81   (0.378) 0.314 0.410 0.226 0.420 0.378 
  85   (0.049) 0.055 0.023 0.062 0.042 0.049 
  77   (0.079) 0.003 0.094 0.266 0.083 0.079 

Locus 25 : 25 
6 alleles
0.4% missing data
 124   (0.498) 0.556 0.554 0.347 0.595 0.498 
 122   (0.143) 0.391 0.134 0.028 0.062 0.143 
 120   (0.021) 0.023 0.012 0.001 0.007 0.021 
 126   (0.061) 0.018 0.022 0.032 0.032 0.061 
 132   (0.259) 0.011 0.272 0.592 0.288 0.259 
 136   (0.018) 0.001 0.006 0.001 0.017 0.018 

Locus 26 : 26 
6 alleles
0.0% missing data
 181   (0.059) 0.163 0.033 0.003 0.060 0.059 
 183   (0.348) 0.301 0.429 0.441 0.281 0.348 
 179   (0.115) 0.318 0.055 0.079 0.093 0.115 
 165   (0.251) 0.087 0.182 0.161 0.307 0.251 
 185   (0.021) 0.122 0.010 0.001 0.009 0.021 
 175   (0.207) 0.009 0.291 0.315 0.250 0.207 

Locus 27 : 27 
4 alleles
0.0% missing data
 142   (0.509) 0.410 0.459 0.682 0.653 0.509 
 148   (0.257) 0.280 0.298 0.147 0.146 0.257 
 150   (0.153) 0.182 0.201 0.010 0.130 0.154 
 138   (0.080) 0.129 0.042 0.161 0.071 0.080 

Locus 28 : 28 
5 alleles
0.0% missing data
 260   (0.436) 0.233 0.591 0.306 0.437 0.436 
 262   (0.456) 0.649 0.342 0.648 0.486 0.456 
 256   (0.069) 0.117 0.044 0.044 0.032 0.069 
 258   (0.024) 0.001 0.019 0.001 0.008 0.024 
 264   (0.015) 0.001 0.005 0.001 0.036 0.015 

Locus 29 : 29 
5 alleles
0.4% missing data
 146   (0.251) 0.364 0.310 0.117 0.207 0.251 
 140   (0.157) 0.399 0.087 0.126 0.163 0.157 
 150   (0.487) 0.184 0.490 0.703 0.573 0.487 
 148   (0.078) 0.051 0.055 0.052 0.048 0.078 
 152   (0.027) 0.001 0.059 0.002 0.008 0.027 

Locus 30 : 30 
6 alleles
0.0% missing data
 127   (0.068) 0.390 0.058 0.003 0.027 0.068 
 131   (0.040) 0.162 0.038 0.002 0.058 0.040 
 129   (0.483) 0.206 0.462 0.470 0.566 0.483 
 123   (0.110) 0.064 0.067 0.118 0.146 0.110 
 125   (0.285) 0.178 0.324 0.408 0.200 0.285 
 121   (0.015) 0.001 0.052 0.001 0.003 0.015 

Locus 31 : 31 
5 alleles
0.0% missing data
 155   (0.561) 0.549 0.652 0.607 0.482 0.561 
 157   (0.187) 0.091 0.221 0.195 0.235 0.187 
 153   (0.075) 0.197 0.041 0.071 0.100 0.075 
 159   (0.142) 0.151 0.071 0.123 0.169 0.142 
 151   (0.035) 0.011 0.016 0.004 0.015 0.035 

Locus 32 : 32 
4 alleles
0.0% missing data
 150   (0.534) 0.287 0.647 0.758 0.582 0.534 
 154   (0.045) 0.050 0.030 0.002 0.062 0.045 
 146   (0.344) 0.561 0.277 0.144 0.297 0.345 
 148   (0.077) 0.102 0.047 0.096 0.059 0.077 

Locus 33 : 33 
7 alleles
0.0% missing data
 180   (0.416) 0.333 0.418 0.480 0.461 0.416 
 190   (0.024) 0.047 0.030 0.001 0.005 0.024 
 184   (0.199) 0.125 0.176 0.178 0.146 0.199 
 198   (0.055) 0.291 0.028 0.064 0.023 0.055 
 192   (0.159) 0.198 0.201 0.007 0.216 0.159 
 196   (0.134) 0.006 0.143 0.235 0.146 0.134 
 194   (0.013) 0.001 0.004 0.035 0.003 0.013 

Locus 34 : 34 
6 alleles
0.0% missing data
 108   (0.142) 0.557 0.117 0.010 0.095 0.142 
 110   (0.204) 0.147 0.225 0.330 0.165 0.204 
 106   (0.292) 0.206 0.302 0.190 0.368 0.292 
 112   (0.296) 0.088 0.270 0.464 0.340 0.296 
  90   (0.042) 0.002 0.017 0.006 0.027 0.042 
  94   (0.024) 0.001 0.069 0.001 0.005 0.024 

Locus 35 : 35 
8 alleles
0.0% missing data
 168   (0.094) 0.374 0.061 0.004 0.112 0.094 
 170   (0.279) 0.288 0.290 0.222 0.185 0.279 
 172   (0.291) 0.190 0.264 0.406 0.368 0.291 
 174   (0.106) 0.041 0.144 0.015 0.153 0.106 
 186   (0.026) 0.069 0.009 0.001 0.034 0.026 
 176   (0.104) 0.033 0.183 0.120 0.032 0.104 
 166   (0.042) 0.002 0.016 0.202 0.052 0.042 
 178   (0.058) 0.003 0.034 0.030 0.062 0.058 

Locus 36 : 36 
6 alleles
0.0% missing data
  83   (0.152) 0.314 0.145 0.027 0.137 0.152 
  89   (0.529) 0.594 0.516 0.693 0.559 0.529 
  85   (0.187) 0.038 0.180 0.191 0.221 0.188 
  91   (0.016) 0.027 0.010 0.001 0.003 0.015 
  95   (0.071) 0.024 0.081 0.086 0.055 0.071 
  81   (0.044) 0.002 0.068 0.002 0.024 0.044 

Locus 37 : 37 
7 alleles
0.0% missing data
 161   (0.340) 0.563 0.365 0.454 0.320 0.340 
 173   (0.291) 0.212 0.239 0.120 0.334 0.291 
 165   (0.216) 0.213 0.234 0.273 0.204 0.216 
 159   (0.018) 0.005 0.006 0.037 0.004 0.018 
 169   (0.088) 0.004 0.132 0.110 0.057 0.088 
 167   (0.033) 0.001 0.019 0.005 0.055 0.033 
 175   (0.014) 0.001 0.005 0.001 0.025 0.014 

Locus 38 : 38 
5 alleles
0.0% missing data
  87   (0.139) 0.372 0.103 0.132 0.090 0.139 
  91   (0.162) 0.216 0.211 0.033 0.160 0.162 
  85   (0.234) 0.146 0.162 0.091 0.232 0.234 
  89   (0.394) 0.263 0.470 0.705 0.448 0.394 
  81   (0.071) 0.003 0.054 0.039 0.071 0.071 

Locus 39 : 39 
3 alleles
0.0% missing data
 161   (0.179) 0.507 0.178 0.057 0.143 0.179 
 167   (0.769) 0.438 0.770 0.932 0.845 0.769 
 165   (0.052) 0.055 0.052 0.011 0.012 0.052 

Locus 40 : 40 
6 alleles
0.0% missing data
 228   (0.384) 0.327 0.366 0.562 0.431 0.384 
 240   (0.127) 0.424 0.161 0.006 0.146 0.126 
 236   (0.066) 0.128 0.036 0.119 0.016 0.066 
 238   (0.377) 0.113 0.416 0.241 0.389 0.377 
 224   (0.034) 0.008 0.012 0.072 0.016 0.034 
 242   (0.013) 0.001 0.008 0.001 0.003 0.013 

Locus 41 : 41 
7 alleles
0.4% missing data
 130   (0.538) 0.654 0.686 0.479 0.431 0.538 
 134   (0.138) 0.254 0.084 0.012 0.195 0.138 
 118   (0.052) 0.075 0.022 0.003 0.066 0.052 
 132   (0.092) 0.009 0.083 0.250 0.074 0.092 
 128   (0.061) 0.003 0.038 0.151 0.139 0.061 
 114   (0.100) 0.004 0.077 0.093 0.086 0.100 
 122   (0.020) 0.001 0.010 0.012 0.009 0.020 

Locus 42 : 42 
6 alleles
0.0% missing data
  92   (0.142) 0.360 0.190 0.097 0.069 0.142 
  96   (0.075) 0.176 0.034 0.061 0.035 0.075 
  98   (0.152) 0.288 0.144 0.231 0.060 0.152 
 104   (0.450) 0.169 0.368 0.209 0.498 0.451 
 102   (0.168) 0.007 0.246 0.401 0.335 0.168 
 106   (0.013) 0.001 0.018 0.001 0.003 0.013 

Locus 43 : 43 
5 alleles
0.0% missing data
  95   (0.221) 0.389 0.215 0.312 0.249 0.221 
  99   (0.110) 0.293 0.116 0.037 0.044 0.110 
 101   (0.360) 0.230 0.300 0.402 0.392 0.360 
  97   (0.042) 0.034 0.015 0.002 0.021 0.043 
 103   (0.266) 0.054 0.354 0.248 0.295 0.266 

Locus 44 : 44 
7 alleles
0.0% missing data
 177   (0.078) 0.064 0.042 0.092 0.071 0.078 
 191   (0.270) 0.627 0.216 0.191 0.296 0.270 
 179   (0.032) 0.085 0.011 0.001 0.049 0.032 
 181   (0.555) 0.216 0.671 0.713 0.563 0.556 
 193   (0.027) 0.006 0.043 0.001 0.007 0.027 
 183   (0.019) 0.001 0.007 0.001 0.009 0.019 
 189   (0.019) 0.001 0.009 0.001 0.005 0.019 

Locus 45 : 45 
6 alleles
0.9% missing data
 205   (0.424) 0.326 0.488 0.462 0.541 0.424 
 211   (0.214) 0.376 0.156 0.221 0.200 0.214 
 207   (0.209) 0.110 0.277 0.161 0.168 0.209 
 201   (0.059) 0.057 0.030 0.051 0.048 0.058 
 215   (0.075) 0.064 0.042 0.105 0.029 0.075 
 202   (0.020) 0.069 0.007 0.001 0.014 0.020 

Locus 46 : 46 
10 alleles
0.0% missing data
 158   (0.180) 0.167 0.173 0.073 0.145 0.180 
 170   (0.042) 0.065 0.021 0.007 0.010 0.042 
 168   (0.140) 0.243 0.262 0.206 0.074 0.140 
 156   (0.040) 0.113 0.018 0.002 0.033 0.040 
 164   (0.042) 0.132 0.015 0.002 0.040 0.042 
 142   (0.275) 0.169 0.253 0.196 0.408 0.275 
 144   (0.067) 0.016 0.042 0.201 0.071 0.066 
 162   (0.062) 0.058 0.037 0.003 0.038 0.062 
 166   (0.139) 0.022 0.174 0.310 0.177 0.139 
 160   (0.013) 0.014 0.004 0.001 0.003 0.013 

Locus 47 : 47 
6 alleles
0.0% missing data
 149   (0.365) 0.729 0.350 0.114 0.357 0.366 
 145   (0.177) 0.083 0.189 0.218 0.293 0.177 
 151   (0.211) 0.125 0.234 0.305 0.160 0.211 
 143   (0.025) 0.023 0.022 0.001 0.006 0.025 
 153   (0.202) 0.039 0.197 0.344 0.180 0.202 
 147   (0.019) 0.001 0.008 0.019 0.004 0.019 

Values of parameters used in structure:
DATAFILE=a1.str,	OUTFILE=k5/a1_k5_run10,	NUMINDS=234,	NUMLOCI=47,	MISSING=-9,	LABEL=1,	POPDATA=1,	POPFLAG=0,	PHENOTYPE=0,	EXTRACOLS=0,	MAXPOPS=5,	BURNIN=500000,	NUMREPS=750000,	USEPOPINFO=0,	INFERALPHA=1,	INFERLAMBDA=0,	POPSPECIFICLAMBDA=0,	POPALPHAS=0,	COMPUTEPROB=1,	NOADMIX=0,	ADMBURNIN=500,	UPDATEFREQ=100,	PRINTLIKES=0,	INTERMEDSAVE=0,	PRINTKLD=0,	PRINTNET=1,	PRINTLAMBDA=1,	ANCESTDIST=0,	NUMBOXES=1000,	ANCESTPINT=0.90000,	GENSBACK=2,	MIGRPRIOR=0.01000,	PRINTQHAT=0,	PRINTQSUM=1,	ALPHA=1.0000,	FREQSCORR=1,	FPRIORMEAN=0.0100,	FPRIORSD=0.0500,	ONEFST=0,	LAMBDA=1.0000,	UNIFPRIORALPHA=1,	ALPHAMAX=10.0000,	ALPHAPRIORA=1.0000,	ALPHAPRIORB=2.0000,	ALPHAPROPSD=0.0250,	STARTATPOPINFO=0,	RANDOMIZE=0,	LINKAGE=0,	METROFREQ=10,	REPORTHITRATE=0,	MARKOVPHASE=0,	PHASED=1,	PLOIDY=2,	PHASEINFO=0	LOCPRIOR=0, 	LOCPRIORINIT=1.000000, 	LOCDATA=0, 	LOCISPOP=1, 	LOCPRIORSTEP=0.100000, 	MAXLOCPRIOR=20.000000, 	SEED=567461,	
[STRAT parameters]:    NUMSIMSTATS=1000,	PHENOTYPECOL=-9,	POOLFREQ=10,	LOCUSxONLY=0,	EMERROR=0.00100,	MISSINGPHENO=-9,	