

----------------------------------------------------
STRUCTURE by Pritchard, Stephens and Donnelly (2000)
     and Falush, Stephens and Pritchard (2003)
       Code by Pritchard, Falush and Hubisz
             Version 2.3.4 (Jul 2012)
----------------------------------------------------



Command line arguments:   structure -D 641569 -K 3 -m mainparams -o k3/a1_k3_run5 
Input File:    a1.str

Run parameters:
   233 individuals
   47 loci
   3 populations assumed
   500000 Burn-in period
   750000 Reps
RANDOMIZE turned off


--------------------------------------------
Proportion of membership of each pre-defined
 population in each of the 3 clusters

Given    Inferred Clusters       Number of
 Pop       1      2      3      Individuals

  1:     0.006  0.005  0.989       62
  2:     0.017  0.979  0.005       79
  3:     0.942  0.026  0.031       10
  4:     0.881  0.079  0.040       23
  5:     0.937  0.049  0.014       11
  6:     0.898  0.090  0.012       18
  7:     0.750  0.105  0.145       25
  8:     0.966  0.030  0.004        5
--------------------------------------------

Allele-freq. divergence among pops (Net nucleotide distance),
computed using point estimates of P.

      1       2       3      
 1      -    0.0266  0.0733  
 2   0.0266     -    0.1154  
 3   0.0733  0.1154     -    

Average distances (expected heterozygosity) between individuals in same cluster:
cluster  1  : 0.6309 
cluster  2  : 0.5639 
cluster  3  : 0.6423 

--------------------------------------------
Estimated Ln Prob of Data   = -25982.0
Mean value of ln likelihood = -25762.6
Variance of ln likelihood   = 438.7
Mean value of alpha         = 0.0406

Mean value of Fst_1         = 0.0304
Mean value of Fst_2         = 0.1418
Mean value of Fst_3         = 0.1532


Inferred ancestry of individuals:
        Label (%Miss) Pop:  Inferred clusters
  1      187    (0)    1 :  0.002 0.002 0.996 
  2      188    (0)    1 :  0.005 0.004 0.991 
  3      189    (0)    1 :  0.003 0.002 0.995 
  4      190    (0)    1 :  0.004 0.002 0.994 
  5      191    (0)    1 :  0.002 0.002 0.996 
  6      247    (0)    1 :  0.003 0.003 0.995 
  7      281    (0)    1 :  0.002 0.001 0.996 
  8      282    (0)    1 :  0.004 0.004 0.992 
  9      283    (0)    1 :  0.002 0.002 0.995 
 10      284    (0)    1 :  0.001 0.001 0.997 
 11      285    (0)    1 :  0.007 0.004 0.990 
 12      286    (0)    1 :  0.003 0.003 0.995 
 13      288    (0)    1 :  0.011 0.016 0.973 
 14      289    (0)    1 :  0.003 0.002 0.995 
 15      292    (0)    1 :  0.006 0.003 0.991 
 16      293    (0)    1 :  0.004 0.004 0.992 
 17      294    (0)    1 :  0.004 0.002 0.994 
 18      297    (0)    1 :  0.003 0.004 0.993 
 19      298    (0)    1 :  0.022 0.013 0.965 
 20      299    (0)    1 :  0.006 0.005 0.989 
 21      300    (0)    1 :  0.003 0.007 0.990 
 22      301    (0)    1 :  0.005 0.027 0.968 
 23      302    (0)    1 :  0.004 0.003 0.993 
 24      303    (0)    1 :  0.005 0.006 0.988 
 25      304    (0)    1 :  0.003 0.002 0.995 
 26      305    (0)    1 :  0.012 0.026 0.962 
 27      306    (0)    1 :  0.006 0.003 0.992 
 28      308    (0)    1 :  0.003 0.002 0.995 
 29      309    (0)    1 :  0.032 0.012 0.956 
 30      310    (0)    1 :  0.003 0.002 0.995 
 31      311    (0)    1 :  0.003 0.003 0.994 
 32      312    (0)    1 :  0.003 0.002 0.995 
 33      313    (0)    1 :  0.005 0.003 0.992 
 34      314    (0)    1 :  0.005 0.003 0.992 
 35      315    (0)    1 :  0.004 0.005 0.991 
 36      316    (0)    1 :  0.002 0.001 0.997 
 37      317    (0)    1 :  0.004 0.004 0.993 
 38      344    (0)    1 :  0.003 0.003 0.994 
 39      352    (0)    1 :  0.005 0.002 0.993 
 40      353    (0)    1 :  0.005 0.003 0.993 
 41      649    (0)    1 :  0.002 0.003 0.995 
 42      650    (0)    1 :  0.003 0.002 0.995 
 43      651    (0)    1 :  0.008 0.003 0.990 
 44      652    (0)    1 :  0.003 0.002 0.995 
 45      653    (0)    1 :  0.007 0.006 0.988 
 46      654    (0)    1 :  0.003 0.003 0.994 
 47      655    (0)    1 :  0.002 0.002 0.996 
 48      656    (0)    1 :  0.005 0.002 0.992 
 49      657    (0)    1 :  0.010 0.006 0.984 
 50      658    (0)    1 :  0.006 0.005 0.989 
 51      659    (0)    1 :  0.016 0.007 0.977 
 52      660    (0)    1 :  0.006 0.007 0.987 
 53      661    (0)    1 :  0.003 0.002 0.995 
 54      662    (0)    1 :  0.005 0.007 0.988 
 55      663    (0)    1 :  0.005 0.004 0.990 
 56      664    (0)    1 :  0.025 0.010 0.965 
 57      665    (0)    1 :  0.003 0.004 0.993 
 58      666    (0)    1 :  0.003 0.003 0.994 
 59      667    (0)    1 :  0.012 0.013 0.975 
 60      668    (0)    1 :  0.007 0.005 0.988 
 61      669    (0)    1 :  0.016 0.011 0.973 
 62      670    (0)    1 :  0.003 0.002 0.995 
 63      014    (0)    2 :  0.007 0.984 0.008 
 64      015    (0)    2 :  0.010 0.984 0.006 
 65      016    (0)    2 :  0.006 0.992 0.003 
 66      017    (0)    2 :  0.011 0.987 0.002 
 67      018    (0)    2 :  0.007 0.990 0.003 
 68      023    (0)    2 :  0.010 0.986 0.004 
 69      025    (0)    2 :  0.012 0.986 0.003 
 70      026    (0)    2 :  0.004 0.995 0.002 
 71      027    (0)    2 :  0.064 0.932 0.004 
 72      028    (0)    2 :  0.004 0.994 0.002 
 73      029    (0)    2 :  0.014 0.984 0.002 
 74      030    (0)    2 :  0.009 0.987 0.004 
 75      031    (0)    2 :  0.006 0.987 0.006 
 76      032    (0)    2 :  0.031 0.967 0.002 
 77      035    (0)    2 :  0.003 0.995 0.001 
 78      037    (0)    2 :  0.005 0.993 0.002 
 79      038    (0)    2 :  0.008 0.989 0.003 
 80      039    (0)    2 :  0.003 0.995 0.002 
 81      040    (0)    2 :  0.019 0.950 0.030 
 82      041    (0)    2 :  0.009 0.987 0.004 
 83      043    (0)    2 :  0.003 0.996 0.001 
 84      045    (0)    2 :  0.008 0.990 0.002 
 85      046    (0)    2 :  0.018 0.977 0.005 
 86      047    (0)    2 :  0.006 0.992 0.003 
 87      050    (0)    2 :  0.003 0.996 0.002 
 88      052    (0)    2 :  0.006 0.993 0.002 
 89      053    (0)    2 :  0.007 0.991 0.002 
 90      054    (0)    2 :  0.022 0.971 0.007 
 91      055    (0)    2 :  0.005 0.991 0.004 
 92      056    (0)    2 :  0.009 0.988 0.002 
 93      057    (0)    2 :  0.037 0.930 0.033 
 94      058    (0)    2 :  0.034 0.962 0.004 
 95      059    (0)    2 :  0.020 0.975 0.004 
 96      060    (0)    2 :  0.005 0.994 0.002 
 97      350    (0)    2 :  0.005 0.993 0.002 
 98      351    (0)    2 :  0.011 0.987 0.002 
 99      354    (0)    2 :  0.004 0.994 0.002 
100      374    (0)    2 :  0.064 0.933 0.004 
101      378    (0)    2 :  0.015 0.983 0.002 
102      381    (0)    2 :  0.006 0.993 0.002 
103      382    (0)    2 :  0.005 0.992 0.003 
104      384    (0)    2 :  0.006 0.983 0.012 
105      555    (0)    2 :  0.009 0.985 0.006 
106      671    (0)    2 :  0.210 0.785 0.005 
107      672    (0)    2 :  0.019 0.972 0.009 
108      705    (0)    2 :  0.005 0.993 0.002 
109      706    (0)    2 :  0.004 0.995 0.001 
110      707    (0)    2 :  0.007 0.991 0.002 
111      708    (0)    2 :  0.020 0.957 0.023 
112      758    (0)    2 :  0.018 0.980 0.002 
113      759    (0)    2 :  0.015 0.983 0.002 
114      760    (0)    2 :  0.010 0.988 0.001 
115      761    (0)    2 :  0.006 0.988 0.006 
116      762    (0)    2 :  0.005 0.993 0.002 
117      763    (0)    2 :  0.006 0.992 0.002 
118      764    (0)    2 :  0.004 0.995 0.002 
119      765    (0)    2 :  0.013 0.983 0.004 
120      766    (0)    2 :  0.002 0.996 0.001 
121      767    (0)    2 :  0.008 0.989 0.003 
122      768    (0)    2 :  0.004 0.993 0.003 
123      769    (0)    2 :  0.010 0.987 0.003 
124      770    (0)    2 :  0.125 0.867 0.008 
125      771    (0)    2 :  0.010 0.987 0.002 
126      772    (0)    2 :  0.127 0.871 0.002 
127      773    (0)    2 :  0.004 0.993 0.003 
128      774    (0)    2 :  0.013 0.983 0.004 
129      775    (0)    2 :  0.005 0.993 0.002 
130      776    (0)    2 :  0.004 0.993 0.003 
131      777    (0)    2 :  0.005 0.992 0.004 
132      778    (0)    2 :  0.005 0.994 0.002 
133      779    (0)    2 :  0.006 0.987 0.006 
134      780    (0)    2 :  0.007 0.990 0.003 
135      781    (0)    2 :  0.014 0.983 0.003 
136      782    (0)    2 :  0.021 0.976 0.003 
137      783    (0)    2 :  0.005 0.993 0.001 
138      784    (0)    2 :  0.033 0.956 0.011 
139      785    (0)    2 :  0.005 0.991 0.004 
140      786    (0)    2 :  0.004 0.994 0.002 
141      787    (0)    2 :  0.027 0.955 0.019 
142      801    (0)    3 :  0.965 0.019 0.016 
143      815    (0)    3 :  0.982 0.003 0.015 
144      816    (0)    3 :  0.872 0.127 0.002 
145      817    (0)    3 :  0.983 0.007 0.010 
146      818    (0)    3 :  0.978 0.018 0.004 
147      819    (0)    3 :  0.965 0.005 0.031 
148      820    (2)    3 :  0.964 0.033 0.003 
149      821    (0)    3 :  0.987 0.008 0.005 
150      822    (0)    3 :  0.801 0.007 0.191 
151      853    (0)    3 :  0.926 0.035 0.039 
152      797    (0)    4 :  0.814 0.182 0.004 
153      798    (0)    4 :  0.977 0.020 0.002 
154      799    (0)    4 :  0.977 0.004 0.020 
155      800    (0)    4 :  0.975 0.020 0.005 
156      823    (0)    4 :  0.693 0.096 0.211 
157      824    (0)    4 :  0.990 0.008 0.003 
158      825    (0)    4 :  0.983 0.005 0.011 
159      826    (0)    4 :  0.956 0.030 0.014 
160      827    (0)    4 :  0.626 0.337 0.037 
161      836    (0)    4 :  0.956 0.043 0.002 
162      837    (0)    4 :  0.940 0.021 0.039 
163      838    (0)    4 :  0.980 0.018 0.002 
164      839    (0)    4 :  0.790 0.208 0.002 
165      840    (0)    4 :  0.956 0.002 0.042 
166      841    (0)    4 :  0.951 0.042 0.007 
167      842    (0)    4 :  0.968 0.018 0.014 
168      843    (0)    4 :  0.958 0.020 0.022 
169      845    (0)    4 :  0.931 0.067 0.003 
170      846    (0)    4 :  0.949 0.045 0.006 
171      847    (2)    4 :  0.692 0.006 0.302 
172      848    (0)    4 :  0.806 0.032 0.162 
173      849    (0)    4 :  0.656 0.340 0.004 
174      855    (0)    4 :  0.730 0.265 0.005 
175      793    (0)    5 :  0.947 0.042 0.012 
176      794    (0)    5 :  0.862 0.128 0.010 
177      828    (0)    5 :  0.991 0.005 0.003 
178      829    (4)    5 :  0.736 0.236 0.029 
179      830    (0)    5 :  0.978 0.016 0.006 
180      831    (2)    5 :  0.968 0.010 0.022 
181      832    (0)    5 :  0.977 0.020 0.004 
182      833    (2)    5 :  0.985 0.010 0.005 
183      835    (0)    5 :  0.899 0.053 0.048 
184      870    (0)    5 :  0.986 0.009 0.005 
185      871    (0)    5 :  0.977 0.012 0.012 
186      451    (0)    6 :  0.921 0.067 0.012 
187      452    (4)    6 :  0.941 0.057 0.002 
188      453    (4)    6 :  0.986 0.009 0.004 
189      454    (2)    6 :  0.936 0.033 0.030 
190      455    (4)    6 :  0.960 0.035 0.006 
191      795    (0)    6 :  0.973 0.026 0.002 
192      796    (0)    6 :  0.973 0.014 0.014 
193      802    (0)    6 :  0.939 0.057 0.004 
194      804    (0)    6 :  0.953 0.044 0.003 
195      805    (0)    6 :  0.491 0.403 0.106 
196      851    (0)    6 :  0.994 0.004 0.002 
197      852    (0)    6 :  0.978 0.020 0.002 
198      854    (0)    6 :  0.988 0.007 0.005 
199      858    (0)    6 :  0.826 0.172 0.002 
200      859    (0)    6 :  0.436 0.561 0.003 
201      860    (0)    6 :  0.941 0.051 0.007 
202      862    (0)    6 :  0.954 0.044 0.003 
203      863    (0)    6 :  0.974 0.024 0.002 
204      450    (0)    7 :  0.923 0.063 0.014 
205      791    (0)    7 :  0.934 0.021 0.045 
206      792    (0)    7 :  0.639 0.010 0.351 
207      803    (0)    7 :  0.674 0.006 0.319 
208      806    (0)    7 :  0.602 0.014 0.384 
209      807    (0)    7 :  0.970 0.007 0.023 
210      808    (0)    7 :  0.979 0.013 0.008 
211      809    (0)    7 :  0.909 0.012 0.079 
212      810    (0)    7 :  0.321 0.356 0.323 
213      811    (0)    7 :  0.663 0.018 0.320 
214      812    (0)    7 :  0.965 0.017 0.019 
215      813    (0)    7 :  0.854 0.025 0.121 
216      814    (0)    7 :  0.952 0.023 0.025 
217      834    (0)    7 :  0.934 0.031 0.035 
218      844    (0)    7 :  0.072 0.925 0.003 
219      850    (0)    7 :  0.652 0.003 0.345 
220      856    (0)    7 :  0.667 0.004 0.329 
221      857    (0)    7 :  0.609 0.019 0.372 
222      861    (0)    7 :  0.934 0.060 0.006 
223      864    (0)    7 :  0.940 0.050 0.010 
224      865    (0)    7 :  0.382 0.607 0.011 
225      866    (0)    7 :  0.967 0.005 0.028 
226      867    (0)    7 :  0.739 0.216 0.045 
227      868    (0)    7 :  0.922 0.012 0.066 
228      869    (0)    7 :  0.545 0.107 0.348 
229      004    (0)    8 :  0.969 0.027 0.004 
230      008    (0)    8 :  0.955 0.041 0.005 
231      013    (0)    8 :  0.946 0.050 0.004 
232      109    (0)    8 :  0.968 0.027 0.004 
233      348    (0)    8 :  0.992 0.004 0.004 


Estimated Allele Frequencies in each cluster
First column gives estimated ancestral frequencies


Locus 1 : 1 
4 alleles
0.0% missing data
  91   (0.351) 0.312 0.383 0.603 
  89   (0.491) 0.534 0.535 0.370 
  93   (0.131) 0.134 0.080 0.026 
  99   (0.027) 0.020 0.001 0.001 

Locus 2 : 2 
6 alleles
0.0% missing data
 136   (0.348) 0.324 0.575 0.549 
 138   (0.241) 0.251 0.221 0.213 
 140   (0.106) 0.090 0.048 0.070 
 142   (0.036) 0.015 0.001 0.039 
 134   (0.238) 0.289 0.154 0.128 
 132   (0.030) 0.030 0.001 0.002 

Locus 3 : 3 
6 alleles
0.0% missing data
 179   (0.274) 0.311 0.339 0.108 
 185   (0.087) 0.096 0.003 0.169 
 187   (0.335) 0.319 0.486 0.410 
 175   (0.069) 0.058 0.002 0.203 
 191   (0.061) 0.041 0.007 0.024 
 181   (0.176) 0.175 0.163 0.086 

Locus 4 : 4 
10 alleles
0.0% missing data
 245   (0.032) 0.010 0.001 0.096 
 271   (0.091) 0.058 0.048 0.168 
 241   (0.174) 0.161 0.082 0.453 
 249   (0.063) 0.024 0.071 0.076 
 253   (0.347) 0.422 0.658 0.129 
 247   (0.070) 0.085 0.003 0.043 
 269   (0.163) 0.211 0.134 0.030 
 273   (0.022) 0.014 0.001 0.001 
 239   (0.019) 0.007 0.001 0.002 
 265   (0.019) 0.008 0.001 0.001 

Locus 5 : 5 
5 alleles
1.3% missing data
 103   (0.838) 0.919 0.970 0.759 
 105   (0.063) 0.044 0.002 0.180 
 104   (0.054) 0.019 0.026 0.038 
 107   (0.021) 0.004 0.001 0.022 
 102   (0.024) 0.014 0.001 0.001 

Locus 6 : 6 
5 alleles
0.0% missing data
 135   (0.327) 0.264 0.198 0.680 
 147   (0.071) 0.023 0.058 0.131 
 137   (0.027) 0.006 0.001 0.085 
 141   (0.306) 0.275 0.592 0.093 
 145   (0.268) 0.432 0.151 0.012 

Locus 7 : 7 
10 alleles
0.4% missing data
  89   (0.112) 0.077 0.062 0.261 
  93   (0.230) 0.209 0.361 0.254 
  97   (0.203) 0.203 0.236 0.146 
 101   (0.038) 0.010 0.006 0.098 
 105   (0.030) 0.008 0.001 0.119 
  91   (0.055) 0.018 0.036 0.090 
  99   (0.033) 0.013 0.001 0.019 
 103   (0.209) 0.359 0.275 0.009 
  85   (0.049) 0.039 0.019 0.002 
  83   (0.041) 0.064 0.002 0.002 

Locus 8 : 8 
8 alleles
0.0% missing data
 129   (0.532) 0.634 0.681 0.308 
 143   (0.221) 0.242 0.068 0.364 
 149   (0.091) 0.039 0.131 0.291 
 127   (0.030) 0.009 0.001 0.031 
 141   (0.061) 0.045 0.111 0.003 
 131   (0.019) 0.004 0.006 0.001 
 133   (0.026) 0.019 0.001 0.001 
 145   (0.019) 0.008 0.001 0.001 

Locus 9 : 9 
4 alleles
0.0% missing data
 191   (0.352) 0.320 0.605 0.346 
 195   (0.210) 0.184 0.125 0.361 
 189   (0.410) 0.487 0.264 0.291 
 193   (0.029) 0.009 0.007 0.002 

Locus 10 : 10 
6 alleles
0.0% missing data
 232   (0.211) 0.203 0.366 0.110 
 238   (0.523) 0.602 0.467 0.658 
 250   (0.054) 0.037 0.002 0.142 
 254   (0.066) 0.043 0.013 0.029 
 252   (0.120) 0.095 0.151 0.059 
 248   (0.025) 0.019 0.001 0.001 

Locus 11 : 11 
4 alleles
0.0% missing data
  89   (0.206) 0.198 0.276 0.078 
  91   (0.091) 0.041 0.076 0.280 
  87   (0.670) 0.751 0.647 0.567 
  85   (0.032) 0.010 0.001 0.075 

Locus 12 : 12 
11 alleles
0.0% missing data
 160   (0.279) 0.296 0.201 0.504 
 161   (0.103) 0.077 0.029 0.239 
 170   (0.082) 0.060 0.021 0.080 
 158   (0.196) 0.203 0.443 0.067 
 143   (0.028) 0.009 0.001 0.081 
 154   (0.038) 0.021 0.001 0.016 
 147   (0.049) 0.029 0.116 0.002 
 162   (0.157) 0.259 0.184 0.007 
 134   (0.018) 0.008 0.001 0.001 
 159   (0.022) 0.014 0.001 0.001 
 149   (0.028) 0.025 0.001 0.002 

Locus 13 : 13 
4 alleles
0.0% missing data
 113   (0.303) 0.307 0.286 0.295 
 115   (0.485) 0.526 0.525 0.441 
 108   (0.193) 0.159 0.188 0.262 
 110   (0.019) 0.008 0.001 0.002 

Locus 14 : 14 
8 alleles
0.0% missing data
 229   (0.435) 0.478 0.576 0.415 
 233   (0.077) 0.037 0.086 0.079 
 231   (0.167) 0.134 0.107 0.445 
 225   (0.137) 0.139 0.089 0.053 
 227   (0.127) 0.187 0.140 0.006 
 203   (0.019) 0.008 0.001 0.001 
 213   (0.019) 0.008 0.001 0.002 
 221   (0.019) 0.008 0.001 0.001 

Locus 15 : 15 
4 alleles
0.4% missing data
 143   (0.867) 0.935 0.987 0.777 
 147   (0.041) 0.017 0.002 0.094 
 145   (0.063) 0.037 0.005 0.127 
 157   (0.028) 0.011 0.006 0.001 

Locus 16 : 16 
5 alleles
0.0% missing data
 154   (0.092) 0.048 0.044 0.331 
 158   (0.474) 0.529 0.618 0.345 
 160   (0.159) 0.144 0.146 0.103 
 156   (0.256) 0.271 0.191 0.220 
 152   (0.019) 0.008 0.001 0.001 

Locus 17 : 17 
5 alleles
0.0% missing data
  88   (0.090) 0.048 0.026 0.333 
  90   (0.606) 0.669 0.728 0.418 
 100   (0.098) 0.104 0.005 0.174 
 102   (0.186) 0.171 0.241 0.075 
 104   (0.020) 0.008 0.001 0.001 

Locus 18 : 18 
7 alleles
0.0% missing data
 127   (0.276) 0.274 0.239 0.400 
 140   (0.255) 0.289 0.134 0.260 
 150   (0.067) 0.055 0.003 0.206 
 148   (0.126) 0.097 0.114 0.111 
 142   (0.137) 0.128 0.432 0.018 
 146   (0.075) 0.080 0.064 0.003 
 138   (0.064) 0.077 0.014 0.003 

Locus 19 : 19 
6 alleles
0.0% missing data
 194   (0.546) 0.567 0.525 0.604 
 202   (0.052) 0.033 0.002 0.083 
 200   (0.114) 0.134 0.004 0.245 
 198   (0.024) 0.007 0.001 0.012 
 190   (0.141) 0.102 0.350 0.051 
 188   (0.122) 0.158 0.118 0.006 

Locus 20 : 20 
6 alleles
0.0% missing data
 244   (0.064) 0.023 0.044 0.054 
 246   (0.131) 0.114 0.020 0.171 
 252   (0.564) 0.733 0.790 0.074 
 254   (0.104) 0.064 0.021 0.274 
 250   (0.113) 0.051 0.123 0.425 
 248   (0.024) 0.014 0.001 0.001 

Locus 21 : 21 
7 alleles
0.0% missing data
 173   (0.286) 0.321 0.308 0.221 
 175   (0.128) 0.108 0.037 0.325 
 167   (0.248) 0.289 0.307 0.110 
 165   (0.080) 0.055 0.015 0.130 
 163   (0.054) 0.038 0.002 0.127 
 159   (0.020) 0.003 0.001 0.015 
 177   (0.185) 0.186 0.329 0.071 

Locus 22 : 22 
11 alleles
0.4% missing data
 150   (0.068) 0.033 0.013 0.161 
 158   (0.102) 0.109 0.004 0.397 
 152   (0.361) 0.471 0.537 0.078 
 142   (0.043) 0.023 0.002 0.060 
 162   (0.050) 0.028 0.002 0.163 
 156   (0.034) 0.012 0.001 0.072 
 164   (0.068) 0.042 0.013 0.048 
 148   (0.036) 0.020 0.002 0.011 
 146   (0.146) 0.199 0.266 0.006 
 154   (0.023) 0.004 0.057 0.001 
 166   (0.069) 0.058 0.103 0.003 

Locus 23 : 23 
6 alleles
0.4% missing data
 154   (0.447) 0.553 0.563 0.244 
 158   (0.050) 0.015 0.025 0.094 
 144   (0.194) 0.188 0.140 0.234 
 156   (0.158) 0.140 0.070 0.351 
 160   (0.126) 0.099 0.164 0.077 
 152   (0.025) 0.006 0.039 0.001 

Locus 24 : 24 
4 alleles
0.4% missing data
  83   (0.466) 0.465 0.447 0.633 
  81   (0.369) 0.418 0.226 0.309 
  85   (0.074) 0.035 0.062 0.054 
  77   (0.091) 0.083 0.265 0.004 

Locus 25 : 25 
6 alleles
0.4% missing data
 124   (0.518) 0.551 0.349 0.555 
 122   (0.138) 0.106 0.028 0.391 
 120   (0.032) 0.010 0.001 0.023 
 126   (0.071) 0.040 0.032 0.021 
 132   (0.218) 0.279 0.589 0.009 
 136   (0.024) 0.014 0.001 0.001 

Locus 26 : 26 
6 alleles
0.0% missing data
 181   (0.068) 0.055 0.003 0.158 
 183   (0.348) 0.334 0.441 0.307 
 179   (0.133) 0.088 0.079 0.318 
 165   (0.236) 0.267 0.162 0.091 
 185   (0.034) 0.010 0.001 0.118 
 175   (0.181) 0.247 0.315 0.008 

Locus 27 : 27 
4 alleles
0.0% missing data
 142   (0.523) 0.554 0.683 0.411 
 148   (0.237) 0.228 0.148 0.279 
 150   (0.132) 0.159 0.009 0.180 
 138   (0.108) 0.059 0.161 0.129 

Locus 28 : 28 
5 alleles
0.0% missing data
 260   (0.407) 0.489 0.307 0.233 
 262   (0.456) 0.426 0.646 0.650 
 256   (0.085) 0.046 0.044 0.115 
 258   (0.026) 0.020 0.001 0.001 
 264   (0.026) 0.020 0.001 0.001 

Locus 29 : 29 
5 alleles
0.4% missing data
 146   (0.241) 0.240 0.121 0.366 
 140   (0.177) 0.138 0.126 0.395 
 150   (0.462) 0.539 0.699 0.185 
 148   (0.090) 0.059 0.053 0.052 
 152   (0.030) 0.025 0.002 0.001 

Locus 30 : 30 
6 alleles
0.0% missing data
 127   (0.067) 0.045 0.003 0.388 
 131   (0.061) 0.044 0.002 0.157 
 129   (0.442) 0.526 0.470 0.209 
 123   (0.136) 0.114 0.117 0.065 
 125   (0.271) 0.257 0.407 0.181 
 121   (0.023) 0.014 0.001 0.001 

Locus 31 : 31 
5 alleles
0.0% missing data
 155   (0.497) 0.552 0.606 0.551 
 157   (0.198) 0.214 0.195 0.091 
 153   (0.110) 0.075 0.071 0.192 
 159   (0.155) 0.139 0.123 0.152 
 151   (0.040) 0.020 0.004 0.015 

Locus 32 : 32 
4 alleles
0.0% missing data
 150   (0.529) 0.578 0.759 0.290 
 154   (0.059) 0.048 0.002 0.049 
 146   (0.310) 0.312 0.143 0.563 
 148   (0.103) 0.061 0.096 0.099 

Locus 33 : 33 
7 alleles
0.0% missing data
 180   (0.413) 0.434 0.481 0.337 
 190   (0.035) 0.014 0.001 0.048 
 184   (0.190) 0.176 0.179 0.126 
 198   (0.076) 0.028 0.064 0.286 
 192   (0.139) 0.198 0.005 0.197 
 196   (0.124) 0.146 0.234 0.006 
 194   (0.022) 0.004 0.035 0.001 

Locus 34 : 34 
6 alleles
0.0% missing data
 108   (0.126) 0.119 0.009 0.547 
 110   (0.217) 0.188 0.331 0.148 
 106   (0.293) 0.323 0.193 0.208 
 112   (0.292) 0.313 0.460 0.092 
  90   (0.043) 0.033 0.006 0.003 
  94   (0.029) 0.025 0.001 0.001 

Locus 35 : 35 
8 alleles
0.0% missing data
 168   (0.088) 0.091 0.003 0.369 
 170   (0.239) 0.238 0.223 0.292 
 172   (0.287) 0.310 0.407 0.191 
 174   (0.111) 0.141 0.016 0.041 
 186   (0.041) 0.022 0.001 0.067 
 176   (0.116) 0.104 0.120 0.035 
 166   (0.058) 0.038 0.198 0.003 
 178   (0.059) 0.056 0.031 0.003 

Locus 36 : 36 
6 alleles
0.0% missing data
  83   (0.146) 0.138 0.028 0.319 
  89   (0.525) 0.548 0.690 0.589 
  85   (0.185) 0.211 0.192 0.039 
  91   (0.023) 0.005 0.001 0.028 
  95   (0.086) 0.056 0.088 0.025 
  81   (0.035) 0.042 0.001 0.002 

Locus 37 : 37 
7 alleles
0.0% missing data
 161   (0.341) 0.326 0.453 0.558 
 173   (0.254) 0.308 0.120 0.216 
 165   (0.226) 0.217 0.273 0.213 
 159   (0.030) 0.005 0.036 0.007 
 169   (0.084) 0.092 0.110 0.003 
 167   (0.043) 0.039 0.006 0.002 
 175   (0.023) 0.014 0.001 0.001 

Locus 38 : 38 
5 alleles
0.0% missing data
  87   (0.150) 0.104 0.132 0.368 
  91   (0.158) 0.161 0.034 0.219 
  85   (0.202) 0.221 0.091 0.148 
  89   (0.421) 0.446 0.701 0.262 
  81   (0.069) 0.067 0.042 0.003 

Locus 39 : 39 
3 alleles
0.0% missing data
 161   (0.184) 0.148 0.059 0.505 
 167   (0.751) 0.819 0.929 0.437 
 165   (0.066) 0.033 0.013 0.059 

Locus 40 : 40 
6 alleles
0.0% missing data
 228   (0.406) 0.401 0.562 0.324 
 240   (0.123) 0.139 0.005 0.415 
 236   (0.070) 0.023 0.121 0.138 
 238   (0.330) 0.409 0.240 0.113 
 224   (0.052) 0.019 0.071 0.009 
 242   (0.020) 0.008 0.001 0.001 

Locus 41 : 41 
7 alleles
0.4% missing data
 130   (0.496) 0.522 0.483 0.653 
 134   (0.137) 0.151 0.013 0.255 
 118   (0.063) 0.051 0.003 0.074 
 132   (0.100) 0.083 0.247 0.010 
 128   (0.088) 0.091 0.148 0.004 
 114   (0.086) 0.093 0.093 0.004 
 122   (0.030) 0.010 0.013 0.001 

Locus 42 : 42 
6 alleles
0.0% missing data
  92   (0.154) 0.105 0.101 0.359 
  96   (0.087) 0.040 0.061 0.180 
  98   (0.165) 0.107 0.230 0.285 
 104   (0.380) 0.477 0.209 0.167 
 102   (0.195) 0.262 0.398 0.008 
 106   (0.020) 0.008 0.001 0.001 

Locus 43 : 43 
5 alleles
0.0% missing data
  95   (0.260) 0.228 0.311 0.381 
  99   (0.108) 0.071 0.037 0.296 
 101   (0.343) 0.371 0.399 0.227 
  97   (0.044) 0.027 0.002 0.039 
 103   (0.245) 0.302 0.251 0.056 

Locus 44 : 44 
7 alleles
0.0% missing data
 177   (0.096) 0.061 0.093 0.064 
 191   (0.281) 0.267 0.191 0.618 
 179   (0.050) 0.031 0.002 0.085 
 181   (0.496) 0.598 0.712 0.222 
 193   (0.032) 0.015 0.001 0.010 
 183   (0.023) 0.014 0.001 0.001 
 189   (0.023) 0.014 0.001 0.001 

Locus 45 : 45 
6 alleles
0.9% missing data
 205   (0.408) 0.497 0.460 0.324 
 211   (0.210) 0.191 0.220 0.375 
 207   (0.189) 0.206 0.165 0.114 
 201   (0.075) 0.043 0.052 0.058 
 215   (0.087) 0.052 0.103 0.063 
 202   (0.032) 0.010 0.001 0.066 

Locus 46 : 46 
10 alleles
0.0% missing data
 158   (0.155) 0.173 0.075 0.163 
 170   (0.045) 0.017 0.008 0.072 
 168   (0.158) 0.138 0.208 0.239 
 156   (0.047) 0.031 0.002 0.110 
 164   (0.046) 0.028 0.002 0.135 
 142   (0.252) 0.339 0.195 0.166 
 144   (0.083) 0.060 0.199 0.017 
 162   (0.054) 0.048 0.002 0.061 
 166   (0.142) 0.161 0.308 0.024 
 160   (0.019) 0.003 0.001 0.015 

Locus 47 : 47 
6 alleles
0.0% missing data
 149   (0.329) 0.362 0.114 0.725 
 145   (0.212) 0.227 0.217 0.085 
 151   (0.206) 0.189 0.306 0.126 
 143   (0.036) 0.016 0.001 0.023 
 153   (0.192) 0.201 0.340 0.039 
 147   (0.025) 0.006 0.022 0.001 

Values of parameters used in structure:
DATAFILE=a1.str,	OUTFILE=k3/a1_k3_run5,	NUMINDS=233,	NUMLOCI=47,	MISSING=-9,	LABEL=1,	POPDATA=1,	POPFLAG=0,	PHENOTYPE=0,	EXTRACOLS=0,	MAXPOPS=3,	BURNIN=500000,	NUMREPS=750000,	USEPOPINFO=0,	INFERALPHA=1,	INFERLAMBDA=0,	POPSPECIFICLAMBDA=0,	POPALPHAS=0,	COMPUTEPROB=1,	NOADMIX=0,	ADMBURNIN=500,	UPDATEFREQ=100,	PRINTLIKES=0,	INTERMEDSAVE=0,	PRINTKLD=0,	PRINTNET=1,	PRINTLAMBDA=1,	ANCESTDIST=0,	NUMBOXES=1000,	ANCESTPINT=0.90000,	GENSBACK=2,	MIGRPRIOR=0.01000,	PRINTQHAT=0,	PRINTQSUM=1,	ALPHA=1.0000,	FREQSCORR=1,	FPRIORMEAN=0.0100,	FPRIORSD=0.0500,	ONEFST=0,	LAMBDA=1.0000,	UNIFPRIORALPHA=1,	ALPHAMAX=10.0000,	ALPHAPRIORA=1.0000,	ALPHAPRIORB=2.0000,	ALPHAPROPSD=0.0250,	STARTATPOPINFO=0,	RANDOMIZE=0,	LINKAGE=0,	METROFREQ=10,	REPORTHITRATE=0,	MARKOVPHASE=0,	PHASED=1,	PLOIDY=2,	PHASEINFO=0	LOCPRIOR=0, 	LOCPRIORINIT=1.000000, 	LOCDATA=0, 	LOCISPOP=1, 	LOCPRIORSTEP=0.100000, 	MAXLOCPRIOR=20.000000, 	SEED=641569,	
[STRAT parameters]:    NUMSIMSTATS=1000,	PHENOTYPECOL=-9,	POOLFREQ=10,	LOCUSxONLY=0,	EMERROR=0.00100,	MISSINGPHENO=-9,	