locusID	N_alleles	Alleles
BMS1117	3	91 89 93 
TGLA53	2	136 134 
BMC4214	4	187 185 179 181 
BM1225	4	241 253 247 269 
BM47	2	103 104 
BMS1315	4	135 141 137 147 
IL4	5	89 93 97 103 91 
BM2113	3	129 143 149 
BMS1716	3	189 191 195 
BM1706	3	232 238 252 
BMS1675	2	87 89 
BMS1857	5	147 158 161 160 162 
BMS1001	3	115 108 113 
BMS601	5	174 172 178 180 176 
BM720	4	229 231 233 227 
ILSTS102	4	143 147 145 157 
BMS1074	4	160 154 156 158 
BMS1172	4	90 102 100 88 
BMS2258	4	127 150 142 146 
BM757	4	188 190 194 200 
SPS115	3	252 250 254 
BMS527	5	167 177 173 165 175 
BM2830	3	146 166 152 
INRA194	4	154 144 156 160 
BMS941	4	77 85 81 83 
INRA037	4	124 126 122 132 
BM4107	5	165 179 185 175 183 
TGLA122	2	142 138 
HUJ246	2	260 262 
BMS528	5	146 150 152 140 148 
BM4440	4	125 129 131 123 
TGLA44	3	157 159 155 
BMS510	3	92 91 95 
BMS1355	2	150 146 
BM1824	4	180 184 198 194 
BMS812	4	110 106 112 90 
BMS2639	5	166 176 170 186 172 
BMS410	3	89 95 83 
AGLA232	3	161 165 173 
BM17132	5	87 89 85 81 91 
BM711	2	161 167 
INRA133	3	228 236 238 
RM372	2	130 132 
BM4311	3	92 102 98 
BMS1747	3	101 99 95 
BL1036	3	181 177 191 
BM1862	4	205 211 215 201 
BMS1862	4	144 166 142 158 
URB011	4	151 149 153 147 
