

----------------------------------------------------
STRUCTURE by Pritchard, Stephens and Donnelly (2000)
     and Falush, Stephens and Pritchard (2003)
       Code by Pritchard, Falush and Hubisz
             Version 2.3.4 (Jul 2012)
----------------------------------------------------



Command line arguments:   structure -D 125026 -K 6 -m mainparams -o k6/temp1_no_plains_k6_run10 
Input File:    temp1_no_plains.str

Run parameters:
   333 individuals
   47 loci
   6 populations assumed
   500000 Burn-in period
   750000 Reps
RANDOMIZE turned off


--------------------------------------------
Proportion of membership of each pre-defined
 population in each of the 6 clusters

Given    Inferred Clusters                            Number of
 Pop       1      2      3      4      5      6      Individuals

  1:     0.957  0.013  0.011  0.003  0.006  0.010       79
  2:     0.917  0.014  0.011  0.003  0.015  0.038       12
  3:     0.964  0.009  0.009  0.004  0.006  0.009       33
  4:     0.010  0.031  0.027  0.005  0.008  0.918       81
  5:     0.935  0.014  0.016  0.014  0.008  0.014        7
  6:     0.012  0.030  0.023  0.003  0.925  0.006       19
  7:     0.004  0.005  0.005  0.972  0.011  0.004       10
  8:     0.016  0.496  0.419  0.032  0.010  0.028       10
  9:     0.061  0.545  0.295  0.015  0.028  0.058       23
 10:     0.022  0.212  0.651  0.011  0.023  0.080       11
 11:     0.066  0.134  0.775  0.006  0.006  0.013       18
 12:     0.066  0.540  0.299  0.034  0.010  0.051       25
 13:     0.033  0.268  0.671  0.002  0.015  0.010        5
--------------------------------------------

Allele-freq. divergence among pops (Net nucleotide distance),
computed using point estimates of P.

      1       2       3       4       5       6      
 1      -    0.0248  0.0271  0.1329  0.0695  0.0380  
 2   0.0248     -    0.0066  0.0971  0.0496  0.0174  
 3   0.0271  0.0066     -    0.1104  0.0556  0.0204  
 4   0.1329  0.0971  0.1104     -    0.1230  0.1122  
 5   0.0695  0.0496  0.0556  0.1230     -    0.0629  
 6   0.0380  0.0174  0.0204  0.1122  0.0629     -    

Average distances (expected heterozygosity) between individuals in same cluster:
cluster  1  : 0.5668 
cluster  2  : 0.6463 
cluster  3  : 0.6222 
cluster  4  : 0.5511 
cluster  5  : 0.5551 
cluster  6  : 0.6009 

--------------------------------------------
Estimated Ln Prob of Data   = -35727.1
Mean value of ln likelihood = -35209.5
Variance of ln likelihood   = 1035.3
Mean value of alpha         = 0.0323

Mean value of Fst_1         = 0.1085
Mean value of Fst_2         = 0.0107
Mean value of Fst_3         = 0.0344
Mean value of Fst_4         = 0.2900
Mean value of Fst_5         = 0.1914
Mean value of Fst_6         = 0.0866


Inferred ancestry of individuals:
        Label (%Miss) Pop:  Inferred clusters
  1      014    (0)    1 :  0.955 0.015 0.011 0.004 0.010 0.005 
  2      015    (0)    1 :  0.969 0.013 0.004 0.001 0.003 0.009 
  3      016    (0)    1 :  0.975 0.005 0.006 0.002 0.002 0.010 
  4      017    (0)    1 :  0.962 0.014 0.006 0.002 0.005 0.011 
  5      018    (0)    1 :  0.962 0.006 0.006 0.004 0.004 0.018 
  6      023    (0)    1 :  0.957 0.008 0.010 0.004 0.004 0.017 
  7      025    (0)    1 :  0.974 0.006 0.011 0.002 0.005 0.004 
  8      026    (0)    1 :  0.987 0.003 0.003 0.001 0.002 0.003 
  9      027    (0)    1 :  0.820 0.154 0.011 0.003 0.002 0.009 
 10      028    (0)    1 :  0.963 0.007 0.005 0.003 0.003 0.019 
 11      029    (0)    1 :  0.973 0.008 0.008 0.001 0.003 0.006 
 12      030    (0)    1 :  0.960 0.012 0.007 0.002 0.007 0.012 
 13      031    (0)    1 :  0.963 0.007 0.005 0.002 0.003 0.019 
 14      032    (0)    1 :  0.962 0.007 0.007 0.005 0.011 0.009 
 15      035    (0)    1 :  0.988 0.002 0.003 0.001 0.002 0.003 
 16      037    (0)    1 :  0.976 0.005 0.004 0.002 0.004 0.009 
 17      038    (0)    1 :  0.941 0.004 0.009 0.003 0.029 0.013 
 18      039    (0)    1 :  0.988 0.003 0.002 0.002 0.002 0.004 
 19      040    (0)    1 :  0.947 0.018 0.014 0.003 0.002 0.016 
 20      041    (0)    1 :  0.978 0.004 0.005 0.002 0.002 0.009 
 21      043    (0)    1 :  0.989 0.003 0.003 0.001 0.002 0.003 
 22      045    (0)    1 :  0.975 0.006 0.005 0.003 0.003 0.007 
 23      046    (0)    1 :  0.951 0.011 0.019 0.003 0.002 0.014 
 24      047    (0)    1 :  0.977 0.006 0.005 0.001 0.003 0.007 
 25      050    (0)    1 :  0.990 0.002 0.003 0.001 0.002 0.002 
 26      052    (0)    1 :  0.987 0.004 0.003 0.001 0.002 0.003 
 27      053    (0)    1 :  0.988 0.003 0.004 0.001 0.002 0.002 
 28      054    (0)    1 :  0.926 0.015 0.019 0.010 0.003 0.026 
 29      055    (0)    1 :  0.982 0.004 0.003 0.002 0.003 0.005 
 30      056    (0)    1 :  0.975 0.006 0.008 0.002 0.002 0.005 
 31      057    (0)    1 :  0.943 0.023 0.022 0.003 0.006 0.004 
 32      058    (0)    1 :  0.907 0.015 0.018 0.004 0.041 0.015 
 33      059    (0)    1 :  0.929 0.011 0.013 0.003 0.007 0.038 
 34      060    (0)    1 :  0.977 0.006 0.006 0.002 0.003 0.007 
 35      350    (0)    1 :  0.977 0.004 0.005 0.007 0.004 0.004 
 36      351    (0)    1 :  0.972 0.006 0.008 0.001 0.002 0.010 
 37      354    (0)    1 :  0.978 0.005 0.003 0.001 0.005 0.008 
 38      374    (0)    1 :  0.854 0.072 0.050 0.002 0.012 0.010 
 39      378    (0)    1 :  0.955 0.009 0.024 0.001 0.003 0.007 
 40      381    (0)    1 :  0.981 0.005 0.004 0.002 0.002 0.006 
 41      382    (0)    1 :  0.965 0.008 0.005 0.004 0.008 0.009 
 42      384    (0)    1 :  0.982 0.005 0.005 0.001 0.002 0.005 
 43      555    (0)    1 :  0.962 0.012 0.004 0.006 0.010 0.006 
 44      671    (0)    1 :  0.717 0.070 0.141 0.007 0.046 0.018 
 45      672    (0)    1 :  0.948 0.006 0.022 0.003 0.009 0.012 
 46      705    (0)    1 :  0.971 0.003 0.005 0.001 0.016 0.003 
 47      706    (0)    1 :  0.984 0.004 0.003 0.001 0.002 0.005 
 48      707    (0)    1 :  0.980 0.004 0.004 0.003 0.005 0.004 
 49      708    (0)    1 :  0.894 0.047 0.016 0.029 0.004 0.010 
 50      758    (0)    1 :  0.957 0.013 0.012 0.004 0.004 0.011 
 51      759    (0)    1 :  0.961 0.006 0.010 0.002 0.007 0.015 
 52      760    (0)    1 :  0.972 0.005 0.011 0.002 0.002 0.009 
 53      761    (0)    1 :  0.972 0.004 0.004 0.002 0.004 0.014 
 54      762    (0)    1 :  0.971 0.006 0.006 0.002 0.007 0.009 
 55      763    (0)    1 :  0.977 0.005 0.006 0.001 0.005 0.005 
 56      764    (0)    1 :  0.985 0.003 0.003 0.003 0.004 0.003 
 57      765    (0)    1 :  0.964 0.014 0.008 0.002 0.003 0.009 
 58      766    (0)    1 :  0.991 0.002 0.002 0.001 0.002 0.002 
 59      767    (0)    1 :  0.954 0.005 0.005 0.005 0.025 0.006 
 60      768    (0)    1 :  0.985 0.004 0.003 0.002 0.002 0.004 
 61      769    (0)    1 :  0.969 0.012 0.006 0.001 0.002 0.010 
 62      770    (0)    1 :  0.918 0.018 0.027 0.004 0.002 0.031 
 63      771    (0)    1 :  0.964 0.014 0.006 0.003 0.004 0.009 
 64      772    (0)    1 :  0.718 0.134 0.114 0.001 0.004 0.028 
 65      773    (0)    1 :  0.967 0.004 0.004 0.002 0.015 0.008 
 66      774    (0)    1 :  0.921 0.018 0.011 0.003 0.003 0.044 
 67      775    (0)    1 :  0.986 0.003 0.004 0.001 0.004 0.003 
 68      776    (0)    1 :  0.981 0.004 0.004 0.002 0.003 0.006 
 69      777    (0)    1 :  0.985 0.003 0.003 0.002 0.004 0.003 
 70      778    (0)    1 :  0.981 0.003 0.005 0.002 0.007 0.003 
 71      779    (0)    1 :  0.976 0.004 0.004 0.006 0.004 0.006 
 72      780    (0)    1 :  0.979 0.012 0.004 0.001 0.002 0.002 
 73      781    (0)    1 :  0.973 0.007 0.010 0.001 0.004 0.005 
 74      782    (0)    1 :  0.979 0.005 0.005 0.001 0.005 0.004 
 75      783    (0)    1 :  0.982 0.003 0.004 0.002 0.003 0.006 
 76      784    (0)    1 :  0.921 0.019 0.045 0.003 0.008 0.004 
 77      785    (0)    1 :  0.980 0.009 0.003 0.001 0.005 0.002 
 78      786    (0)    1 :  0.986 0.003 0.003 0.001 0.003 0.004 
 79      787    (0)    1 :  0.932 0.015 0.005 0.002 0.005 0.041 
 80      793    (0)   10 :  0.011 0.200 0.575 0.006 0.003 0.205 
 81      794    (0)   10 :  0.078 0.830 0.074 0.006 0.003 0.009 
 82      828    (0)   10 :  0.003 0.019 0.940 0.005 0.003 0.030 
 83      829    (4)   10 :  0.065 0.473 0.368 0.002 0.003 0.090 
 84      830    (0)   10 :  0.012 0.115 0.832 0.004 0.013 0.024 
 85      831    (2)   10 :  0.009 0.034 0.919 0.021 0.010 0.007 
 86      832    (0)   10 :  0.017 0.124 0.817 0.003 0.003 0.035 
 87      833    (2)   10 :  0.011 0.088 0.834 0.007 0.003 0.057 
 88      835    (0)   10 :  0.023 0.308 0.070 0.059 0.205 0.336 
 89      870    (0)   10 :  0.007 0.133 0.770 0.002 0.007 0.081 
 90      871    (0)   10 :  0.008 0.011 0.967 0.002 0.003 0.009 
 91      451    (0)   11 :  0.083 0.592 0.308 0.008 0.003 0.008 
 92      452    (4)   11 :  0.026 0.015 0.946 0.002 0.005 0.007 
 93      453    (4)   11 :  0.006 0.008 0.973 0.002 0.006 0.005 
 94      454    (2)   11 :  0.011 0.022 0.920 0.010 0.009 0.028 
 95      455    (4)   11 :  0.014 0.014 0.944 0.002 0.015 0.012 
 96      795    (0)   11 :  0.016 0.021 0.936 0.001 0.004 0.022 
 97      796    (0)   11 :  0.012 0.143 0.837 0.003 0.003 0.003 
 98      802    (0)   11 :  0.056 0.043 0.891 0.001 0.003 0.005 
 99      804    (0)   11 :  0.037 0.052 0.883 0.002 0.005 0.022 
100      805    (0)   11 :  0.125 0.087 0.758 0.003 0.012 0.016 
101      851    (0)   11 :  0.003 0.006 0.964 0.008 0.005 0.014 
102      852    (0)   11 :  0.013 0.007 0.963 0.002 0.004 0.010 
103      854    (0)   11 :  0.005 0.902 0.069 0.002 0.007 0.014 
104      858    (0)   11 :  0.092 0.039 0.854 0.002 0.006 0.007 
105      859    (0)   11 :  0.571 0.271 0.107 0.002 0.011 0.038 
106      860    (0)   11 :  0.058 0.154 0.723 0.053 0.005 0.007 
107      862    (0)   11 :  0.042 0.025 0.914 0.001 0.008 0.010 
108      863    (0)   11 :  0.018 0.005 0.966 0.001 0.004 0.006 
109      450    (0)   12 :  0.025 0.831 0.111 0.003 0.019 0.010 
110      791    (0)   12 :  0.009 0.793 0.177 0.003 0.006 0.013 
111      792    (0)   12 :  0.006 0.725 0.058 0.180 0.018 0.013 
112      803    (0)   12 :  0.003 0.236 0.250 0.319 0.011 0.182 
113      806    (0)   12 :  0.003 0.904 0.017 0.007 0.006 0.063 
114      807    (0)   12 :  0.004 0.971 0.012 0.001 0.006 0.006 
115      808    (0)   12 :  0.012 0.197 0.763 0.004 0.003 0.021 
116      809    (0)   12 :  0.012 0.215 0.135 0.050 0.011 0.578 
117      810    (0)   12 :  0.014 0.861 0.037 0.046 0.025 0.017 
118      811    (0)   12 :  0.004 0.969 0.012 0.005 0.005 0.005 
119      812    (0)   12 :  0.007 0.781 0.103 0.003 0.015 0.090 
120      813    (0)   12 :  0.012 0.138 0.826 0.003 0.003 0.017 
121      814    (0)   12 :  0.016 0.082 0.878 0.007 0.006 0.010 
122      834    (0)   12 :  0.014 0.960 0.016 0.003 0.002 0.005 
123      844    (0)   12 :  0.703 0.097 0.184 0.003 0.005 0.008 
124      850    (0)   12 :  0.002 0.025 0.943 0.015 0.007 0.010 
125      856    (0)   12 :  0.003 0.421 0.551 0.006 0.013 0.006 
126      857    (0)   12 :  0.003 0.870 0.085 0.014 0.012 0.017 
127      861    (0)   12 :  0.029 0.108 0.819 0.003 0.014 0.026 
128      864    (0)   12 :  0.015 0.949 0.014 0.005 0.014 0.004 
129      865    (0)   12 :  0.697 0.100 0.146 0.017 0.015 0.025 
130      866    (0)   12 :  0.006 0.413 0.467 0.009 0.003 0.103 
131      867    (0)   12 :  0.026 0.884 0.009 0.016 0.019 0.046 
132      868    (0)   12 :  0.015 0.042 0.866 0.064 0.004 0.009 
133      869    (0)   12 :  0.008 0.923 0.007 0.053 0.006 0.004 
134      004    (0)   13 :  0.027 0.028 0.907 0.002 0.026 0.010 
135      008    (0)   13 :  0.068 0.137 0.745 0.002 0.022 0.026 
136      013    (0)   13 :  0.055 0.273 0.645 0.005 0.012 0.010 
137      109    (0)   13 :  0.014 0.891 0.079 0.002 0.012 0.003 
138      348    (0)   13 :  0.003 0.010 0.977 0.001 0.004 0.004 
139      115    (0)    2 :  0.984 0.004 0.005 0.001 0.002 0.005 
140      116    (0)    2 :  0.949 0.009 0.006 0.003 0.004 0.029 
141      117    (0)    2 :  0.934 0.027 0.015 0.002 0.005 0.017 
142      118    (0)    2 :  0.818 0.020 0.019 0.003 0.125 0.015 
143      119    (0)    2 :  0.855 0.019 0.008 0.007 0.006 0.105 
144      389    (0)    2 :  0.988 0.003 0.003 0.001 0.001 0.003 
145      548    (0)    2 :  0.944 0.013 0.007 0.006 0.012 0.018 
146      549    (0)    2 :  0.968 0.006 0.007 0.002 0.002 0.015 
147      550    (0)    2 :  0.706 0.042 0.025 0.004 0.012 0.210 
148      551    (0)    2 :  0.968 0.008 0.005 0.003 0.004 0.013 
149      552    (0)    2 :  0.930 0.015 0.028 0.003 0.003 0.022 
150      553    (0)    2 :  0.966 0.006 0.009 0.003 0.006 0.011 
151      009    (0)    3 :  0.987 0.003 0.003 0.003 0.002 0.003 
152      042    (0)    3 :  0.939 0.016 0.022 0.001 0.009 0.013 
153      044    (0)    3 :  0.932 0.015 0.023 0.003 0.003 0.025 
154      086    (0)    3 :  0.985 0.002 0.004 0.002 0.002 0.005 
155      087    (0)    3 :  0.966 0.012 0.012 0.003 0.003 0.005 
156      093    (0)    3 :  0.987 0.003 0.003 0.002 0.002 0.002 
157      095    (0)    3 :  0.906 0.023 0.012 0.005 0.016 0.039 
158      096    (0)    3 :  0.921 0.015 0.008 0.005 0.043 0.007 
159      097    (0)    3 :  0.985 0.003 0.003 0.002 0.003 0.004 
160      101    (0)    3 :  0.985 0.004 0.003 0.002 0.002 0.005 
161      183    (0)    3 :  0.982 0.004 0.006 0.002 0.004 0.003 
162      200    (0)    3 :  0.974 0.008 0.007 0.007 0.003 0.002 
163      210    (0)    3 :  0.978 0.003 0.008 0.004 0.002 0.004 
164      219    (0)    3 :  0.956 0.007 0.018 0.008 0.005 0.007 
165      230    (0)    3 :  0.984 0.003 0.004 0.002 0.002 0.005 
166      241    (0)    3 :  0.910 0.036 0.027 0.003 0.011 0.013 
167      307    (0)    3 :  0.974 0.003 0.010 0.002 0.003 0.008 
168      318    (0)    3 :  0.962 0.007 0.015 0.002 0.002 0.012 
169      323    (0)    3 :  0.981 0.006 0.005 0.002 0.003 0.003 
170      324    (0)    3 :  0.986 0.003 0.004 0.002 0.002 0.003 
171      325    (0)    3 :  0.982 0.005 0.004 0.002 0.003 0.004 
172      326    (0)    3 :  0.946 0.005 0.007 0.001 0.004 0.037 
173      338    (0)    3 :  0.968 0.016 0.008 0.002 0.003 0.004 
174      343    (0)    3 :  0.968 0.007 0.005 0.012 0.003 0.005 
175      379    (0)    3 :  0.972 0.012 0.009 0.001 0.003 0.003 
176      383    (0)    3 :  0.986 0.002 0.004 0.002 0.002 0.003 
177      385    (0)    3 :  0.974 0.008 0.009 0.001 0.005 0.003 
178      386    (0)    3 :  0.963 0.018 0.009 0.001 0.006 0.003 
179      387    (0)    3 :  0.947 0.004 0.003 0.032 0.011 0.003 
180      554    (0)    3 :  0.983 0.002 0.003 0.001 0.006 0.004 
181      877    (0)    3 :  0.984 0.003 0.003 0.002 0.002 0.005 
182      878    (0)    3 :  0.958 0.006 0.006 0.004 0.002 0.024 
183      880    (0)    3 :  0.919 0.014 0.016 0.001 0.012 0.037 
184      122    (0)    4 :  0.020 0.028 0.508 0.001 0.009 0.433 
185      123    (0)    4 :  0.002 0.014 0.010 0.005 0.003 0.966 
186      124    (0)    4 :  0.009 0.006 0.006 0.009 0.013 0.956 
187      125    (0)    4 :  0.003 0.006 0.004 0.002 0.002 0.984 
188      126    (0)    4 :  0.012 0.014 0.082 0.001 0.002 0.888 
189      128    (0)    4 :  0.003 0.013 0.018 0.003 0.012 0.950 
190      129    (0)    4 :  0.015 0.024 0.025 0.002 0.079 0.855 
191      130    (0)    4 :  0.017 0.006 0.011 0.001 0.004 0.961 
192      131    (0)    4 :  0.004 0.005 0.006 0.003 0.002 0.981 
193      132    (0)    4 :  0.016 0.004 0.004 0.006 0.008 0.961 
194      133    (0)    4 :  0.040 0.057 0.313 0.001 0.092 0.497 
195      134    (0)    4 :  0.005 0.020 0.015 0.013 0.006 0.940 
196      135    (0)    4 :  0.006 0.018 0.028 0.002 0.004 0.942 
197      136    (0)    4 :  0.003 0.011 0.025 0.008 0.007 0.946 
198      139    (0)    4 :  0.007 0.015 0.011 0.003 0.014 0.950 
199      140    (0)    4 :  0.011 0.074 0.009 0.002 0.021 0.883 
200      141    (0)    4 :  0.009 0.017 0.012 0.004 0.004 0.953 
201      142    (0)    4 :  0.015 0.005 0.004 0.002 0.004 0.970 
202      143    (0)    4 :  0.028 0.009 0.006 0.006 0.013 0.938 
203      144    (0)    4 :  0.008 0.014 0.016 0.002 0.007 0.953 
204      145    (0)    4 :  0.005 0.018 0.011 0.034 0.004 0.928 
205      148    (0)    4 :  0.010 0.086 0.067 0.003 0.003 0.831 
206      556    (0)    4 :  0.011 0.009 0.009 0.002 0.006 0.964 
207      557    (0)    4 :  0.005 0.006 0.005 0.015 0.003 0.966 
208      558    (0)    4 :  0.003 0.006 0.007 0.006 0.005 0.973 
209      559    (0)    4 :  0.007 0.008 0.014 0.001 0.008 0.961 
210      560    (0)    4 :  0.011 0.010 0.015 0.002 0.002 0.960 
211      561    (0)    4 :  0.006 0.003 0.003 0.001 0.003 0.985 
212      562    (0)    4 :  0.006 0.018 0.016 0.004 0.005 0.950 
213      563    (0)    4 :  0.004 0.130 0.029 0.007 0.010 0.821 
214      564    (0)    4 :  0.074 0.046 0.075 0.002 0.017 0.786 
215      565    (0)    4 :  0.003 0.004 0.003 0.002 0.003 0.985 
216      566    (0)    4 :  0.009 0.032 0.012 0.002 0.002 0.943 
217      567    (0)    4 :  0.003 0.011 0.007 0.003 0.004 0.972 
218      568    (0)    4 :  0.005 0.011 0.008 0.002 0.013 0.959 
219      569    (0)    4 :  0.004 0.005 0.005 0.008 0.003 0.975 
220      570    (0)    4 :  0.008 0.003 0.003 0.001 0.002 0.982 
221      613    (0)    4 :  0.005 0.003 0.004 0.002 0.004 0.982 
222      614    (0)    4 :  0.003 0.010 0.014 0.002 0.002 0.969 
223      615    (0)    4 :  0.031 0.010 0.017 0.004 0.003 0.934 
224      616    (0)    4 :  0.009 0.009 0.006 0.001 0.037 0.938 
225      617    (0)    4 :  0.018 0.023 0.009 0.004 0.004 0.942 
226      618    (0)    4 :  0.016 0.013 0.034 0.003 0.015 0.920 
227      619    (0)    4 :  0.001 0.856 0.008 0.126 0.003 0.005 
228      620    (0)    4 :  0.007 0.007 0.010 0.004 0.003 0.971 
229      621    (0)    4 :  0.016 0.007 0.011 0.001 0.003 0.962 
230      622    (0)    4 :  0.005 0.004 0.003 0.003 0.004 0.981 
231      623    (0)    4 :  0.004 0.003 0.004 0.002 0.002 0.985 
232      624    (0)    4 :  0.013 0.011 0.014 0.002 0.005 0.954 
233      625    (0)    4 :  0.017 0.013 0.045 0.002 0.003 0.920 
234      626    (0)    4 :  0.005 0.007 0.004 0.003 0.005 0.976 
235      627    (0)    4 :  0.017 0.035 0.021 0.003 0.011 0.913 
236      628    (0)    4 :  0.005 0.006 0.006 0.004 0.004 0.975 
237      629    (0)    4 :  0.004 0.007 0.009 0.002 0.010 0.968 
238      630    (0)    4 :  0.003 0.004 0.004 0.004 0.002 0.983 
239      631    (0)    4 :  0.003 0.004 0.003 0.004 0.022 0.963 
240      632    (0)    4 :  0.025 0.016 0.023 0.005 0.014 0.917 
241      633    (0)    4 :  0.011 0.043 0.078 0.007 0.013 0.848 
242      634    (0)    4 :  0.004 0.010 0.011 0.012 0.006 0.957 
243      635    (0)    4 :  0.003 0.005 0.005 0.003 0.003 0.981 
244      636    (0)    4 :  0.007 0.004 0.004 0.003 0.003 0.979 
245      637    (0)    4 :  0.018 0.276 0.144 0.001 0.011 0.548 
246      638    (0)    4 :  0.012 0.013 0.019 0.002 0.013 0.943 
247      639    (0)    4 :  0.017 0.234 0.028 0.002 0.009 0.709 
248      640    (0)    4 :  0.013 0.005 0.005 0.001 0.004 0.972 
249      689    (0)    4 :  0.006 0.005 0.006 0.001 0.003 0.979 
250      690    (0)    4 :  0.007 0.009 0.007 0.016 0.005 0.955 
251      691    (0)    4 :  0.018 0.006 0.014 0.001 0.002 0.959 
252      692    (0)    4 :  0.003 0.012 0.085 0.007 0.006 0.887 
253      693    (0)    4 :  0.003 0.004 0.005 0.002 0.003 0.982 
254      694    (0)    4 :  0.003 0.003 0.003 0.003 0.006 0.982 
255      695    (0)    4 :  0.006 0.003 0.003 0.001 0.003 0.984 
256      696    (0)    4 :  0.004 0.003 0.003 0.002 0.002 0.985 
257      697    (0)    4 :  0.005 0.004 0.004 0.002 0.006 0.979 
258      698    (0)    4 :  0.004 0.011 0.023 0.003 0.002 0.956 
259      699    (0)    4 :  0.004 0.004 0.003 0.001 0.003 0.984 
260      700    (0)    4 :  0.012 0.007 0.006 0.005 0.005 0.965 
261      701    (2)    4 :  0.007 0.012 0.015 0.003 0.005 0.959 
262      702    (0)    4 :  0.023 0.010 0.014 0.005 0.002 0.947 
263      703    (0)    4 :  0.004 0.005 0.008 0.004 0.002 0.979 
264      704    (0)    4 :  0.006 0.009 0.007 0.001 0.010 0.968 
265      390    (0)    5 :  0.976 0.003 0.003 0.012 0.003 0.003 
266      391    (0)    5 :  0.968 0.007 0.006 0.008 0.004 0.008 
267      392    (0)    5 :  0.738 0.054 0.057 0.063 0.034 0.054 
268      393    (0)    5 :  0.977 0.006 0.007 0.003 0.002 0.005 
269      394    (0)    5 :  0.945 0.021 0.019 0.004 0.004 0.007 
270      647    (0)    5 :  0.960 0.006 0.016 0.003 0.003 0.012 
271      648    (0)    5 :  0.980 0.004 0.006 0.002 0.003 0.006 
272      007    (0)    6 :  0.005 0.007 0.004 0.006 0.971 0.007 
273      012    (0)    6 :  0.008 0.023 0.011 0.005 0.939 0.015 
274      020    (0)    6 :  0.030 0.339 0.032 0.002 0.592 0.005 
275      021    (0)    6 :  0.002 0.002 0.003 0.001 0.990 0.002 
276      022    (0)    6 :  0.005 0.020 0.044 0.019 0.907 0.005 
277      034    (0)    6 :  0.008 0.008 0.004 0.005 0.966 0.010 
278      049    (0)    6 :  0.002 0.002 0.002 0.002 0.989 0.002 
279      062    (0)    6 :  0.001 0.002 0.002 0.001 0.992 0.002 
280      089    (0)    6 :  0.002 0.002 0.002 0.001 0.991 0.002 
281      092    (0)    6 :  0.002 0.001 0.001 0.001 0.993 0.002 
282      100    (0)    6 :  0.006 0.003 0.003 0.002 0.981 0.005 
283      105    (0)    6 :  0.007 0.008 0.004 0.001 0.977 0.003 
284      205    (0)    6 :  0.004 0.012 0.013 0.005 0.959 0.007 
285      206    (0)    6 :  0.118 0.030 0.156 0.002 0.673 0.020 
286      207    (0)    6 :  0.007 0.007 0.007 0.002 0.973 0.005 
287      208    (0)    6 :  0.014 0.017 0.017 0.002 0.943 0.007 
288      209    (0)    6 :  0.004 0.092 0.128 0.002 0.770 0.004 
289      377    (0)    6 :  0.004 0.002 0.004 0.002 0.983 0.005 
290      881    (0)    6 :  0.003 0.002 0.002 0.002 0.989 0.002 
291      003    (0)    7 :  0.002 0.005 0.006 0.966 0.016 0.004 
292      108    (0)    7 :  0.001 0.001 0.001 0.992 0.002 0.002 
293      194    (0)    7 :  0.016 0.007 0.011 0.943 0.018 0.005 
294      232    (0)    7 :  0.002 0.004 0.003 0.985 0.003 0.003 
295      321    (0)    7 :  0.002 0.002 0.002 0.990 0.002 0.002 
296      322    (0)    7 :  0.001 0.002 0.001 0.991 0.003 0.001 
297      329    (0)    7 :  0.001 0.002 0.002 0.992 0.001 0.002 
298      330    (0)    7 :  0.001 0.002 0.003 0.991 0.002 0.002 
299      342    (0)    7 :  0.004 0.018 0.008 0.961 0.002 0.006 
300      347    (0)    7 :  0.005 0.009 0.008 0.912 0.057 0.009 
301      801    (0)    8 :  0.009 0.496 0.369 0.005 0.025 0.096 
302      815    (0)    8 :  0.003 0.600 0.332 0.004 0.034 0.027 
303      816    (0)    8 :  0.062 0.029 0.851 0.001 0.006 0.051 
304      817    (0)    8 :  0.005 0.952 0.022 0.010 0.006 0.006 
305      818    (0)    8 :  0.013 0.735 0.199 0.002 0.003 0.048 
306      819    (0)    8 :  0.004 0.022 0.957 0.007 0.004 0.006 
307      820    (2)    8 :  0.013 0.937 0.028 0.001 0.012 0.009 
308      821    (0)    8 :  0.008 0.354 0.627 0.002 0.003 0.006 
309      822    (0)    8 :  0.006 0.071 0.631 0.280 0.004 0.008 
310      853    (0)    8 :  0.038 0.760 0.169 0.009 0.003 0.020 
311      797    (0)    9 :  0.121 0.621 0.223 0.002 0.017 0.016 
312      798    (0)    9 :  0.014 0.439 0.538 0.001 0.004 0.004 
313      799    (0)    9 :  0.003 0.934 0.008 0.003 0.043 0.009 
314      800    (0)    9 :  0.016 0.403 0.486 0.005 0.003 0.087 
315      823    (0)    9 :  0.010 0.553 0.062 0.011 0.358 0.007 
316      824    (0)    9 :  0.005 0.011 0.968 0.007 0.003 0.005 
317      825    (0)    9 :  0.005 0.230 0.712 0.005 0.023 0.025 
318      826    (0)    9 :  0.045 0.178 0.140 0.028 0.004 0.605 
319      827    (0)    9 :  0.247 0.194 0.540 0.002 0.004 0.013 
320      836    (0)    9 :  0.022 0.867 0.089 0.001 0.004 0.017 
321      837    (0)    9 :  0.010 0.935 0.006 0.028 0.003 0.018 
322      838    (0)    9 :  0.012 0.316 0.411 0.002 0.003 0.256 
323      839    (0)    9 :  0.113 0.704 0.130 0.004 0.016 0.034 
324      840    (0)    9 :  0.002 0.325 0.647 0.002 0.012 0.013 
325      841    (0)    9 :  0.044 0.242 0.691 0.003 0.007 0.013 
326      842    (0)    9 :  0.027 0.581 0.368 0.002 0.006 0.017 
327      843    (0)    9 :  0.008 0.931 0.038 0.002 0.003 0.018 
328      845    (0)    9 :  0.050 0.726 0.210 0.002 0.004 0.009 
329      846    (0)    9 :  0.024 0.887 0.062 0.003 0.008 0.016 
330      847    (2)    9 :  0.005 0.632 0.060 0.186 0.095 0.022 
331      848    (0)    9 :  0.008 0.934 0.006 0.008 0.007 0.038 
332      849    (0)    9 :  0.224 0.621 0.055 0.029 0.005 0.066 
333      855    (0)    9 :  0.380 0.261 0.324 0.008 0.003 0.024 


Estimated Allele Frequencies in each cluster
First column gives estimated ancestral frequencies


Locus 1 : 1 
4 alleles
0.0% missing data
  89   (0.484) 0.572 0.482 0.547 0.103 0.617 0.433 
  91   (0.360) 0.325 0.354 0.301 0.558 0.329 0.525 
  93   (0.134) 0.102 0.138 0.147 0.050 0.052 0.041 
  99   (0.023) 0.001 0.026 0.006 0.289 0.002 0.001 

Locus 2 : 2 
6 alleles
0.0% missing data
 136   (0.381) 0.526 0.377 0.331 0.069 0.531 0.514 
 138   (0.234) 0.269 0.226 0.246 0.883 0.127 0.112 
 134   (0.264) 0.141 0.261 0.308 0.032 0.329 0.292 
 140   (0.070) 0.063 0.074 0.092 0.009 0.008 0.008 
 142   (0.029) 0.001 0.026 0.015 0.004 0.003 0.073 
 132   (0.023) 0.001 0.037 0.008 0.003 0.003 0.001 

Locus 3 : 3 
6 alleles
0.0% missing data
 181   (0.196) 0.117 0.193 0.152 0.164 0.073 0.290 
 187   (0.340) 0.490 0.333 0.301 0.779 0.478 0.177 
 179   (0.271) 0.344 0.257 0.352 0.031 0.031 0.477 
 191   (0.041) 0.044 0.026 0.053 0.005 0.214 0.003 
 185   (0.090) 0.003 0.113 0.087 0.016 0.194 0.022 
 175   (0.062) 0.002 0.078 0.055 0.007 0.011 0.031 

Locus 4 : 4 
12 alleles
0.0% missing data
 253   (0.408) 0.653 0.379 0.477 0.392 0.413 0.610 
 241   (0.177) 0.078 0.204 0.128 0.077 0.125 0.181 
 269   (0.197) 0.116 0.194 0.238 0.333 0.089 0.189 
 249   (0.035) 0.112 0.031 0.013 0.088 0.004 0.002 
 271   (0.052) 0.031 0.052 0.058 0.015 0.005 0.009 
 265   (0.011) 0.000 0.011 0.003 0.001 0.001 0.001 
 247   (0.058) 0.002 0.077 0.063 0.006 0.353 0.004 
 273   (0.014) 0.000 0.016 0.006 0.003 0.002 0.001 
 245   (0.011) 0.000 0.011 0.003 0.001 0.001 0.001 
 235   (0.011) 0.004 0.006 0.003 0.002 0.001 0.001 
 267   (0.011) 0.003 0.006 0.003 0.001 0.001 0.001 
 239   (0.016) 0.000 0.013 0.004 0.082 0.004 0.001 

Locus 5 : 5 
5 alleles
0.9% missing data
 103   (0.885) 0.964 0.889 0.943 0.987 0.895 0.843 
 104   (0.032) 0.030 0.027 0.011 0.003 0.003 0.019 
 105   (0.052) 0.002 0.058 0.037 0.007 0.005 0.135 
 107   (0.011) 0.004 0.006 0.003 0.001 0.001 0.001 
 102   (0.020) 0.001 0.020 0.006 0.002 0.095 0.001 

Locus 6 : 6 
6 alleles
0.0% missing data
 135   (0.294) 0.205 0.318 0.195 0.800 0.493 0.229 
 141   (0.294) 0.555 0.301 0.248 0.031 0.143 0.388 
 145   (0.324) 0.184 0.294 0.527 0.159 0.212 0.331 
 147   (0.057) 0.051 0.050 0.021 0.006 0.145 0.050 
 137   (0.020) 0.001 0.031 0.006 0.003 0.006 0.001 
 143   (0.011) 0.004 0.006 0.003 0.001 0.001 0.001 

Locus 7 : 7 
10 alleles
0.3% missing data
  89   (0.079) 0.046 0.090 0.074 0.008 0.010 0.040 
 103   (0.331) 0.286 0.343 0.393 0.041 0.330 0.580 
  93   (0.219) 0.367 0.229 0.183 0.332 0.175 0.166 
  97   (0.183) 0.211 0.183 0.197 0.180 0.291 0.086 
  85   (0.049) 0.049 0.041 0.036 0.007 0.005 0.064 
  91   (0.051) 0.036 0.041 0.013 0.295 0.133 0.036 
 101   (0.015) 0.003 0.012 0.007 0.004 0.002 0.001 
  83   (0.045) 0.001 0.038 0.081 0.004 0.051 0.025 
  99   (0.014) 0.000 0.015 0.009 0.001 0.001 0.001 
 105   (0.014) 0.000 0.008 0.008 0.128 0.001 0.001 

Locus 8 : 8 
10 alleles
0.0% missing data
 129   (0.557) 0.626 0.592 0.632 0.379 0.593 0.510 
 141   (0.069) 0.145 0.053 0.050 0.007 0.078 0.092 
 149   (0.056) 0.138 0.057 0.039 0.006 0.049 0.004 
 143   (0.234) 0.083 0.236 0.245 0.357 0.238 0.384 
 131   (0.014) 0.002 0.008 0.004 0.168 0.001 0.001 
 127   (0.017) 0.001 0.011 0.005 0.040 0.034 0.001 
 145   (0.015) 0.000 0.009 0.012 0.002 0.002 0.006 
 133   (0.017) 0.001 0.022 0.009 0.002 0.002 0.001 
 121   (0.010) 0.003 0.006 0.003 0.001 0.001 0.001 
 128   (0.010) 0.000 0.006 0.002 0.038 0.001 0.001 

Locus 9 : 9 
4 alleles
0.0% missing data
 189   (0.425) 0.262 0.460 0.465 0.490 0.492 0.202 
 191   (0.371) 0.591 0.363 0.297 0.366 0.464 0.453 
 195   (0.187) 0.143 0.163 0.234 0.143 0.042 0.345 
 193   (0.016) 0.004 0.014 0.005 0.002 0.002 0.001 

Locus 10 : 10 
7 alleles
0.0% missing data
 232   (0.227) 0.412 0.223 0.201 0.174 0.294 0.153 
 238   (0.519) 0.445 0.538 0.625 0.324 0.234 0.591 
 252   (0.118) 0.121 0.106 0.098 0.013 0.164 0.183 
 254   (0.069) 0.018 0.060 0.028 0.482 0.291 0.063 
 250   (0.035) 0.001 0.042 0.031 0.004 0.004 0.008 
 240   (0.011) 0.003 0.006 0.003 0.001 0.001 0.001 
 248   (0.021) 0.001 0.025 0.014 0.002 0.012 0.001 

Locus 11 : 11 
5 alleles
0.0% missing data
  87   (0.732) 0.669 0.778 0.715 0.800 0.611 0.766 
  89   (0.203) 0.226 0.173 0.230 0.194 0.276 0.229 
  91   (0.043) 0.105 0.030 0.048 0.005 0.098 0.003 
  85   (0.011) 0.000 0.011 0.003 0.001 0.001 0.001 
  83   (0.011) 0.000 0.007 0.004 0.001 0.014 0.001 

Locus 12 : 12 
13 alleles
0.0% missing data
 147   (0.045) 0.130 0.027 0.048 0.004 0.004 0.121 
 158   (0.208) 0.458 0.215 0.192 0.021 0.068 0.264 
 162   (0.262) 0.173 0.269 0.254 0.195 0.272 0.313 
 160   (0.258) 0.177 0.265 0.317 0.483 0.632 0.087 
 170   (0.043) 0.012 0.055 0.046 0.004 0.004 0.003 
 161   (0.083) 0.039 0.081 0.074 0.009 0.009 0.191 
 154   (0.016) 0.001 0.024 0.005 0.001 0.002 0.001 
 159   (0.012) 0.000 0.007 0.019 0.001 0.001 0.001 
 149   (0.018) 0.001 0.015 0.029 0.003 0.002 0.001 
 143   (0.021) 0.001 0.015 0.006 0.275 0.002 0.016 
 164   (0.011) 0.008 0.006 0.003 0.001 0.001 0.001 
 165   (0.011) 0.000 0.011 0.003 0.002 0.001 0.001 
 134   (0.011) 0.000 0.010 0.004 0.001 0.001 0.001 

Locus 13 : 13 
4 alleles
0.0% missing data
 113   (0.345) 0.343 0.339 0.325 0.458 0.473 0.372 
 115   (0.479) 0.485 0.499 0.511 0.139 0.478 0.458 
 108   (0.165) 0.173 0.151 0.161 0.403 0.048 0.170 
 110   (0.011) 0.000 0.011 0.003 0.001 0.001 0.001 

Locus 14 : 14 
10 alleles
0.0% missing data
 229   (0.419) 0.500 0.456 0.467 0.080 0.405 0.330 
 225   (0.143) 0.070 0.154 0.131 0.062 0.149 0.066 
 231   (0.181) 0.100 0.180 0.103 0.419 0.418 0.431 
 233   (0.056) 0.103 0.044 0.039 0.128 0.006 0.025 
 227   (0.148) 0.223 0.125 0.235 0.305 0.016 0.144 
 213   (0.011) 0.000 0.011 0.003 0.001 0.001 0.001 
 221   (0.011) 0.000 0.006 0.011 0.001 0.001 0.001 
 255   (0.010) 0.003 0.006 0.003 0.001 0.001 0.001 
 223   (0.011) 0.000 0.011 0.003 0.002 0.001 0.001 
 203   (0.011) 0.000 0.008 0.006 0.001 0.001 0.001 

Locus 15 : 15 
5 alleles
0.3% missing data
 143   (0.895) 0.982 0.913 0.943 0.727 0.858 0.915 
 157   (0.015) 0.002 0.016 0.004 0.002 0.002 0.001 
 145   (0.055) 0.015 0.041 0.036 0.268 0.006 0.082 
 147   (0.024) 0.001 0.024 0.015 0.002 0.045 0.002 
 133   (0.011) 0.000 0.006 0.003 0.001 0.090 0.001 

Locus 16 : 16 
5 alleles
0.0% missing data
 158   (0.495) 0.555 0.513 0.540 0.432 0.467 0.462 
 160   (0.132) 0.152 0.125 0.147 0.014 0.076 0.139 
 156   (0.278) 0.245 0.270 0.266 0.470 0.376 0.334 
 154   (0.085) 0.047 0.086 0.037 0.084 0.081 0.065 
 152   (0.011) 0.000 0.006 0.010 0.001 0.001 0.001 

Locus 17 : 17 
5 alleles
0.0% missing data
  90   (0.686) 0.731 0.684 0.661 0.535 0.634 0.824 
 102   (0.178) 0.238 0.154 0.206 0.020 0.351 0.158 
  88   (0.056) 0.027 0.058 0.049 0.006 0.006 0.012 
 100   (0.070) 0.003 0.093 0.082 0.439 0.007 0.005 
 104   (0.011) 0.000 0.011 0.003 0.001 0.001 0.001 

Locus 18 : 18 
7 alleles
0.0% missing data
 142   (0.106) 0.397 0.154 0.064 0.011 0.014 0.007 
 146   (0.101) 0.101 0.092 0.083 0.021 0.108 0.074 
 127   (0.301) 0.245 0.302 0.258 0.458 0.195 0.378 
 148   (0.099) 0.084 0.084 0.111 0.011 0.230 0.046 
 140   (0.270) 0.136 0.261 0.320 0.484 0.058 0.419 
 138   (0.068) 0.035 0.056 0.094 0.007 0.007 0.062 
 150   (0.055) 0.002 0.052 0.069 0.007 0.388 0.014 

Locus 19 : 19 
6 alleles
0.0% missing data
 188   (0.156) 0.100 0.169 0.154 0.018 0.145 0.059 
 194   (0.586) 0.552 0.602 0.540 0.675 0.599 0.649 
 190   (0.123) 0.344 0.094 0.118 0.018 0.104 0.238 
 200   (0.086) 0.003 0.084 0.169 0.203 0.010 0.050 
 198   (0.011) 0.000 0.011 0.003 0.001 0.001 0.001 
 202   (0.038) 0.001 0.041 0.016 0.084 0.141 0.003 

Locus 20 : 20 
6 alleles
0.0% missing data
 244   (0.032) 0.027 0.025 0.022 0.005 0.004 0.007 
 250   (0.084) 0.106 0.088 0.026 0.752 0.058 0.039 
 252   (0.638) 0.786 0.653 0.753 0.147 0.569 0.632 
 246   (0.138) 0.030 0.127 0.134 0.050 0.291 0.244 
 254   (0.088) 0.051 0.086 0.059 0.012 0.077 0.077 
 248   (0.019) 0.001 0.022 0.005 0.034 0.002 0.001 

Locus 21 : 21 
10 alleles
0.0% missing data
 167   (0.248) 0.326 0.233 0.337 0.074 0.246 0.220 
 177   (0.202) 0.297 0.217 0.145 0.544 0.173 0.121 
 173   (0.286) 0.312 0.303 0.325 0.197 0.140 0.203 
 165   (0.057) 0.008 0.059 0.035 0.010 0.007 0.174 
 175   (0.128) 0.051 0.110 0.137 0.166 0.075 0.263 
 163   (0.035) 0.001 0.048 0.011 0.003 0.335 0.005 
 169   (0.010) 0.004 0.006 0.003 0.001 0.001 0.001 
 171   (0.012) 0.000 0.007 0.003 0.001 0.002 0.012 
 159   (0.011) 0.000 0.011 0.003 0.002 0.001 0.001 
 161   (0.011) 0.000 0.006 0.003 0.001 0.021 0.001 

Locus 22 : 22 
11 alleles
0.3% missing data
 146   (0.206) 0.264 0.194 0.226 0.169 0.190 0.280 
 152   (0.419) 0.544 0.445 0.462 0.274 0.421 0.471 
 154   (0.012) 0.063 0.007 0.003 0.001 0.001 0.001 
 166   (0.079) 0.080 0.071 0.061 0.158 0.009 0.096 
 164   (0.042) 0.006 0.050 0.018 0.005 0.005 0.047 
 150   (0.050) 0.012 0.043 0.026 0.047 0.049 0.024 
 158   (0.100) 0.028 0.105 0.123 0.011 0.061 0.068 
 142   (0.012) 0.000 0.007 0.028 0.001 0.001 0.001 
 156   (0.020) 0.001 0.016 0.012 0.003 0.185 0.001 
 162   (0.039) 0.001 0.037 0.035 0.007 0.076 0.011 
 148   (0.021) 0.001 0.025 0.006 0.323 0.002 0.001 

Locus 23 : 23 
6 alleles
0.3% missing data
 154   (0.526) 0.521 0.544 0.561 0.284 0.270 0.642 
 144   (0.193) 0.165 0.166 0.198 0.678 0.469 0.175 
 156   (0.136) 0.048 0.167 0.114 0.020 0.014 0.133 
 160   (0.108) 0.208 0.092 0.115 0.012 0.243 0.047 
 152   (0.015) 0.043 0.009 0.006 0.001 0.001 0.001 
 158   (0.022) 0.015 0.022 0.006 0.004 0.003 0.001 

Locus 24 : 24 
4 alleles
0.3% missing data
  83   (0.510) 0.468 0.508 0.459 0.606 0.923 0.606 
  85   (0.055) 0.041 0.046 0.044 0.006 0.006 0.066 
  81   (0.334) 0.300 0.351 0.408 0.377 0.040 0.273 
  77   (0.101) 0.190 0.096 0.089 0.011 0.031 0.054 

Locus 25 : 25 
6 alleles
0.3% missing data
 126   (0.040) 0.041 0.042 0.027 0.006 0.005 0.003 
 132   (0.312) 0.507 0.296 0.298 0.217 0.599 0.277 
 122   (0.117) 0.030 0.138 0.082 0.016 0.034 0.119 
 124   (0.503) 0.421 0.507 0.568 0.388 0.360 0.599 
 120   (0.014) 0.000 0.009 0.007 0.371 0.001 0.001 
 136   (0.013) 0.000 0.008 0.018 0.001 0.001 0.001 

Locus 26 : 26 
6 alleles
0.0% missing data
 183   (0.368) 0.466 0.384 0.303 0.188 0.681 0.309 
 175   (0.264) 0.279 0.272 0.251 0.026 0.242 0.312 
 179   (0.070) 0.081 0.062 0.099 0.422 0.007 0.006 
 165   (0.248) 0.172 0.241 0.273 0.359 0.065 0.341 
 181   (0.039) 0.001 0.034 0.064 0.004 0.004 0.031 
 185   (0.011) 0.000 0.007 0.009 0.001 0.001 0.001 

Locus 27 : 27 
4 alleles
0.0% missing data
 142   (0.544) 0.696 0.493 0.637 0.485 0.721 0.597 
 148   (0.257) 0.137 0.294 0.159 0.493 0.095 0.290 
 138   (0.065) 0.158 0.059 0.071 0.009 0.007 0.014 
 150   (0.133) 0.010 0.154 0.132 0.013 0.176 0.100 

Locus 28 : 28 
5 alleles
0.0% missing data
 260   (0.449) 0.355 0.498 0.450 0.182 0.260 0.346 
 262   (0.453) 0.617 0.414 0.472 0.809 0.570 0.595 
 256   (0.067) 0.027 0.060 0.039 0.006 0.167 0.056 
 264   (0.013) 0.000 0.008 0.027 0.001 0.001 0.001 
 258   (0.018) 0.001 0.021 0.012 0.002 0.002 0.001 

Locus 29 : 29 
5 alleles
0.3% missing data
 140   (0.161) 0.097 0.134 0.164 0.762 0.148 0.228 
 150   (0.482) 0.720 0.475 0.565 0.198 0.257 0.452 
 146   (0.249) 0.122 0.279 0.206 0.027 0.437 0.239 
 148   (0.085) 0.061 0.075 0.057 0.009 0.156 0.079 
 152   (0.023) 0.001 0.037 0.008 0.004 0.002 0.002 

Locus 30 : 30 
6 alleles
0.0% missing data
 125   (0.288) 0.427 0.311 0.196 0.068 0.256 0.304 
 129   (0.493) 0.461 0.477 0.576 0.341 0.645 0.445 
 123   (0.106) 0.107 0.082 0.136 0.014 0.088 0.117 
 127   (0.068) 0.002 0.075 0.038 0.572 0.007 0.131 
 131   (0.032) 0.001 0.036 0.051 0.005 0.003 0.002 
 121   (0.014) 0.000 0.018 0.003 0.001 0.001 0.001 

Locus 31 : 31 
5 alleles
0.0% missing data
 153   (0.045) 0.075 0.029 0.102 0.036 0.005 0.003 
 155   (0.585) 0.611 0.640 0.483 0.653 0.593 0.451 
 157   (0.221) 0.190 0.202 0.244 0.240 0.067 0.323 
 159   (0.117) 0.123 0.100 0.158 0.015 0.012 0.221 
 151   (0.032) 0.002 0.029 0.013 0.056 0.323 0.002 

Locus 32 : 32 
4 alleles
0.0% missing data
 146   (0.307) 0.100 0.319 0.316 0.358 0.435 0.305 
 150   (0.569) 0.807 0.574 0.564 0.593 0.553 0.526 
 148   (0.072) 0.089 0.064 0.061 0.008 0.008 0.095 
 154   (0.052) 0.004 0.042 0.058 0.041 0.005 0.075 

Locus 33 : 33 
7 alleles
0.0% missing data
 196   (0.150) 0.178 0.169 0.142 0.018 0.015 0.108 
 198   (0.040) 0.051 0.029 0.035 0.007 0.085 0.003 
 184   (0.201) 0.175 0.215 0.138 0.191 0.052 0.268 
 180   (0.444) 0.568 0.422 0.446 0.765 0.725 0.426 
 194   (0.012) 0.022 0.007 0.003 0.001 0.001 0.001 
 192   (0.130) 0.004 0.136 0.230 0.015 0.119 0.169 
 190   (0.022) 0.001 0.023 0.005 0.002 0.002 0.025 

Locus 34 : 34 
7 alleles
0.0% missing data
 106   (0.307) 0.142 0.295 0.356 0.298 0.670 0.308 
 112   (0.274) 0.503 0.270 0.316 0.028 0.110 0.269 
 110   (0.232) 0.338 0.231 0.182 0.253 0.069 0.345 
  90   (0.043) 0.011 0.034 0.020 0.283 0.005 0.029 
 108   (0.113) 0.006 0.132 0.119 0.135 0.077 0.047 
  96   (0.011) 0.000 0.006 0.003 0.001 0.068 0.001 
  94   (0.019) 0.001 0.032 0.005 0.002 0.002 0.001 

Locus 35 : 35 
8 alleles
0.0% missing data
 170   (0.328) 0.184 0.334 0.200 0.538 0.577 0.513 
 172   (0.277) 0.423 0.256 0.373 0.029 0.381 0.121 
 166   (0.054) 0.244 0.038 0.047 0.007 0.006 0.037 
 176   (0.119) 0.118 0.141 0.047 0.013 0.014 0.250 
 178   (0.045) 0.019 0.045 0.055 0.004 0.005 0.003 
 174   (0.102) 0.010 0.109 0.150 0.011 0.010 0.070 
 168   (0.062) 0.002 0.071 0.100 0.397 0.006 0.004 
 186   (0.014) 0.000 0.008 0.027 0.001 0.001 0.001 

Locus 36 : 36 
6 alleles
0.0% missing data
  85   (0.215) 0.181 0.216 0.217 0.331 0.196 0.112 
  89   (0.522) 0.694 0.500 0.567 0.308 0.763 0.597 
  95   (0.073) 0.088 0.071 0.047 0.009 0.008 0.088 
  83   (0.130) 0.036 0.155 0.131 0.021 0.026 0.077 
  81   (0.045) 0.001 0.046 0.034 0.006 0.005 0.126 
  91   (0.015) 0.000 0.011 0.003 0.327 0.001 0.001 

Locus 37 : 37 
8 alleles
0.0% missing data
 159   (0.012) 0.022 0.007 0.003 0.001 0.001 0.001 
 165   (0.233) 0.248 0.256 0.199 0.078 0.068 0.205 
 161   (0.338) 0.503 0.331 0.350 0.080 0.405 0.359 
 169   (0.084) 0.119 0.099 0.080 0.045 0.012 0.006 
 173   (0.284) 0.100 0.277 0.291 0.409 0.508 0.426 
 167   (0.022) 0.003 0.015 0.053 0.003 0.002 0.001 
 175   (0.012) 0.000 0.007 0.019 0.001 0.001 0.001 
 168   (0.016) 0.005 0.009 0.004 0.382 0.002 0.001 

Locus 38 : 38 
7 alleles
0.0% missing data
  87   (0.129) 0.167 0.116 0.093 0.751 0.203 0.070 
  89   (0.360) 0.635 0.396 0.455 0.039 0.077 0.228 
  81   (0.093) 0.046 0.081 0.076 0.012 0.147 0.137 
  85   (0.220) 0.077 0.226 0.213 0.151 0.270 0.259 
  91   (0.166) 0.048 0.162 0.155 0.044 0.299 0.281 
  93   (0.020) 0.019 0.012 0.005 0.002 0.002 0.024 
  95   (0.012) 0.007 0.007 0.003 0.001 0.001 0.001 

Locus 39 : 39 
4 alleles
0.0% missing data
 167   (0.796) 0.919 0.772 0.833 0.806 0.893 0.952 
 161   (0.162) 0.071 0.176 0.155 0.189 0.103 0.046 
 165   (0.031) 0.006 0.045 0.009 0.004 0.003 0.002 
 155   (0.011) 0.003 0.006 0.003 0.001 0.001 0.001 

Locus 40 : 40 
7 alleles
0.3% missing data
 228   (0.409) 0.582 0.413 0.408 0.481 0.196 0.328 
 236   (0.082) 0.094 0.072 0.021 0.154 0.594 0.108 
 224   (0.034) 0.059 0.023 0.013 0.003 0.004 0.120 
 238   (0.339) 0.258 0.359 0.374 0.177 0.049 0.403 
 240   (0.109) 0.004 0.113 0.178 0.063 0.153 0.039 
 246   (0.011) 0.004 0.006 0.003 0.001 0.001 0.001 
 242   (0.016) 0.000 0.013 0.004 0.120 0.002 0.001 

Locus 41 : 41 
9 alleles
0.3% missing data
 130   (0.506) 0.471 0.582 0.457 0.095 0.404 0.463 
 132   (0.117) 0.219 0.101 0.084 0.012 0.302 0.178 
 128   (0.073) 0.193 0.052 0.122 0.007 0.014 0.058 
 114   (0.104) 0.089 0.094 0.081 0.505 0.011 0.150 
 134   (0.108) 0.007 0.105 0.179 0.307 0.013 0.128 
 122   (0.017) 0.019 0.010 0.010 0.002 0.002 0.001 
 118   (0.053) 0.002 0.043 0.062 0.071 0.251 0.011 
 120   (0.011) 0.000 0.006 0.003 0.001 0.001 0.006 
 119   (0.011) 0.000 0.007 0.003 0.001 0.002 0.005 

Locus 42 : 42 
8 alleles
0.0% missing data
 102   (0.259) 0.427 0.216 0.313 0.268 0.531 0.409 
 104   (0.354) 0.201 0.375 0.485 0.081 0.318 0.297 
  92   (0.130) 0.108 0.156 0.075 0.201 0.013 0.106 
  98   (0.150) 0.186 0.167 0.077 0.279 0.108 0.114 
  96   (0.065) 0.076 0.059 0.036 0.166 0.007 0.051 
 106   (0.011) 0.000 0.011 0.003 0.001 0.001 0.001 
  94   (0.013) 0.000 0.007 0.006 0.001 0.002 0.010 
 100   (0.017) 0.001 0.010 0.005 0.002 0.020 0.012 

Locus 43 : 43 
6 alleles
0.0% missing data
  95   (0.240) 0.377 0.225 0.261 0.053 0.416 0.222 
  99   (0.088) 0.045 0.099 0.043 0.343 0.010 0.055 
 101   (0.326) 0.334 0.341 0.366 0.031 0.171 0.413 
 103   (0.304) 0.239 0.305 0.310 0.223 0.385 0.304 
  97   (0.030) 0.001 0.024 0.018 0.349 0.017 0.005 
 105   (0.011) 0.003 0.006 0.003 0.001 0.001 0.001 

Locus 44 : 44 
8 alleles
0.0% missing data
 181   (0.590) 0.706 0.608 0.567 0.546 0.909 0.537 
 191   (0.264) 0.178 0.266 0.303 0.118 0.050 0.428 
 177   (0.062) 0.114 0.053 0.066 0.006 0.009 0.026 
 179   (0.024) 0.001 0.017 0.037 0.322 0.002 0.002 
 189   (0.020) 0.001 0.018 0.010 0.002 0.025 0.001 
 187   (0.011) 0.000 0.007 0.003 0.001 0.001 0.005 
 193   (0.014) 0.000 0.018 0.004 0.003 0.002 0.001 
 183   (0.014) 0.000 0.015 0.009 0.001 0.001 0.001 

Locus 45 : 45 
6 alleles
0.6% missing data
 205   (0.456) 0.451 0.475 0.532 0.329 0.285 0.450 
 215   (0.076) 0.094 0.068 0.040 0.008 0.112 0.127 
 207   (0.198) 0.158 0.223 0.166 0.056 0.432 0.094 
 211   (0.206) 0.237 0.193 0.201 0.162 0.164 0.284 
 201   (0.053) 0.059 0.034 0.053 0.443 0.006 0.044 
 202   (0.011) 0.000 0.006 0.010 0.001 0.001 0.001 

Locus 46 : 46 
10 alleles
0.0% missing data
 166   (0.172) 0.295 0.165 0.164 0.135 0.269 0.096 
 168   (0.166) 0.186 0.185 0.112 0.128 0.130 0.119 
 144   (0.043) 0.193 0.035 0.075 0.005 0.008 0.003 
 158   (0.183) 0.130 0.186 0.149 0.148 0.249 0.230 
 142   (0.271) 0.187 0.274 0.368 0.032 0.302 0.340 
 170   (0.024) 0.004 0.034 0.007 0.003 0.005 0.002 
 156   (0.030) 0.001 0.021 0.039 0.146 0.003 0.009 
 164   (0.049) 0.002 0.045 0.047 0.056 0.006 0.059 
 162   (0.052) 0.002 0.048 0.038 0.347 0.006 0.142 
 160   (0.010) 0.000 0.006 0.003 0.001 0.022 0.001 

Locus 47 : 47 
6 alleles
0.0% missing data
 149   (0.299) 0.105 0.328 0.354 0.476 0.222 0.130 
 151   (0.218) 0.282 0.227 0.160 0.144 0.031 0.360 
 153   (0.207) 0.380 0.207 0.203 0.024 0.091 0.166 
 145   (0.241) 0.213 0.199 0.274 0.352 0.653 0.341 
 147   (0.018) 0.019 0.015 0.005 0.002 0.002 0.001 
 143   (0.016) 0.001 0.025 0.004 0.002 0.002 0.001 

Values of parameters used in structure:
DATAFILE=temp1_no_plains.str,	OUTFILE=k6/temp1_no_plains_k6_run10,	NUMINDS=333,	NUMLOCI=47,	MISSING=-9,	LABEL=1,	POPDATA=1,	POPFLAG=0,	PHENOTYPE=0,	EXTRACOLS=0,	MAXPOPS=6,	BURNIN=500000,	NUMREPS=750000,	USEPOPINFO=0,	INFERALPHA=1,	INFERLAMBDA=0,	POPSPECIFICLAMBDA=0,	POPALPHAS=0,	COMPUTEPROB=1,	NOADMIX=0,	ADMBURNIN=500,	UPDATEFREQ=100,	PRINTLIKES=0,	INTERMEDSAVE=0,	PRINTKLD=0,	PRINTNET=1,	PRINTLAMBDA=1,	ANCESTDIST=0,	NUMBOXES=1000,	ANCESTPINT=0.90000,	GENSBACK=2,	MIGRPRIOR=0.01000,	PRINTQHAT=0,	PRINTQSUM=1,	ALPHA=1.0000,	FREQSCORR=1,	FPRIORMEAN=0.0100,	FPRIORSD=0.0500,	ONEFST=0,	LAMBDA=1.0000,	UNIFPRIORALPHA=1,	ALPHAMAX=10.0000,	ALPHAPRIORA=1.0000,	ALPHAPRIORB=2.0000,	ALPHAPROPSD=0.0250,	STARTATPOPINFO=0,	RANDOMIZE=0,	LINKAGE=0,	METROFREQ=10,	REPORTHITRATE=0,	MARKOVPHASE=0,	PHASED=1,	PLOIDY=2,	PHASEINFO=0	LOCPRIOR=0, 	LOCPRIORINIT=1.000000, 	LOCDATA=0, 	LOCISPOP=1, 	LOCPRIORSTEP=0.100000, 	MAXLOCPRIOR=20.000000, 	SEED=125026,	
[STRAT parameters]:    NUMSIMSTATS=1000,	PHENOTYPECOL=-9,	POOLFREQ=10,	LOCUSxONLY=0,	EMERROR=0.00100,	MISSINGPHENO=-9,	