

----------------------------------------------------
STRUCTURE by Pritchard, Stephens and Donnelly (2000)
     and Falush, Stephens and Pritchard (2003)
       Code by Pritchard, Falush and Hubisz
             Version 2.3.4 (Jul 2012)
----------------------------------------------------



Command line arguments:   structure -D 322393 -K 10 -m mainparams -o k10/temp1_no_plains_k10_run10 
Input File:    temp1_no_plains.str

Run parameters:
   333 individuals
   47 loci
   10 populations assumed
   500000 Burn-in period
   750000 Reps
RANDOMIZE turned off


--------------------------------------------
Proportion of membership of each pre-defined
 population in each of the 10 clusters

Given    Inferred Clusters                                                        Number of
 Pop       1      2      3      4      5      6      7      8      9     10      Individuals

  1:     0.006  0.051  0.864  0.014  0.013  0.013  0.003  0.011  0.012  0.013       79
  2:     0.017  0.511  0.394  0.009  0.012  0.010  0.002  0.012  0.009  0.025       12
  3:     0.006  0.062  0.877  0.008  0.007  0.009  0.004  0.009  0.009  0.009       33
  4:     0.009  0.014  0.009  0.025  0.020  0.026  0.006  0.825  0.026  0.041       81
  5:     0.007  0.010  0.864  0.016  0.030  0.017  0.012  0.011  0.017  0.017        7
  6:     0.892  0.009  0.010  0.019  0.014  0.018  0.003  0.005  0.017  0.013       19
  7:     0.011  0.003  0.003  0.005  0.005  0.005  0.956  0.004  0.005  0.004       10
  8:     0.011  0.013  0.012  0.223  0.152  0.219  0.030  0.022  0.205  0.114       10
  9:     0.027  0.027  0.036  0.265  0.111  0.252  0.015  0.037  0.191  0.040       23
 10:     0.016  0.012  0.014  0.116  0.420  0.124  0.008  0.039  0.169  0.081       11
 11:     0.006  0.018  0.053  0.090  0.117  0.097  0.005  0.010  0.179  0.425       18
 12:     0.010  0.017  0.046  0.224  0.188  0.225  0.031  0.037  0.200  0.023       25
 13:     0.024  0.008  0.042  0.200  0.071  0.184  0.002  0.011  0.133  0.325        5
--------------------------------------------

Allele-freq. divergence among pops (Net nucleotide distance),
computed using point estimates of P.

      1       2       3       4       5       6       7       8       9      10      
 1      -    0.0961  0.0747  0.0534  0.0629  0.0533  0.1286  0.0672  0.0543  0.0687  
 2   0.0961     -    0.0429  0.0426  0.0519  0.0428  0.1501  0.0570  0.0444  0.0589  
 3   0.0747  0.0429     -    0.0259  0.0306  0.0259  0.1391  0.0440  0.0264  0.0375  
 4   0.0534  0.0426  0.0259     -    0.0059  0.0000  0.1033  0.0190  0.0008  0.0163  
 5   0.0629  0.0519  0.0306  0.0059     -    0.0056  0.1087  0.0209  0.0045  0.0188  
 6   0.0533  0.0428  0.0259  0.0000  0.0056     -    0.1030  0.0187  0.0005  0.0161  
 7   0.1286  0.1501  0.1391  0.1033  0.1087  0.1030     -    0.1158  0.1046  0.1298  
 8   0.0672  0.0570  0.0440  0.0190  0.0209  0.0187  0.1158     -    0.0185  0.0326  
 9   0.0543  0.0444  0.0264  0.0008  0.0045  0.0005  0.1046  0.0185     -    0.0155  
10   0.0687  0.0589  0.0375  0.0163  0.0188  0.0161  0.1298  0.0326  0.0155     -    

Average distances (expected heterozygosity) between individuals in same cluster:
cluster  1  : 0.5489 
cluster  2  : 0.5326 
cluster  3  : 0.5608 
cluster  4  : 0.6389 
cluster  5  : 0.6277 
cluster  6  : 0.6397 
cluster  7  : 0.5466 
cluster  8  : 0.5975 
cluster  9  : 0.6377 
cluster 10  : 0.5895 

--------------------------------------------
Estimated Ln Prob of Data   = -36585.2
Mean value of ln likelihood = -34809.6
Variance of ln likelihood   = 3551.2
Mean value of alpha         = 0.0339

Mean value of Fst_1         = 0.2056
Mean value of Fst_2         = 0.2045
Mean value of Fst_3         = 0.1124
Mean value of Fst_4         = 0.0213
Mean value of Fst_5         = 0.0562
Mean value of Fst_6         = 0.0216
Mean value of Fst_7         = 0.3011
Mean value of Fst_8         = 0.0908
Mean value of Fst_9         = 0.0269
Mean value of Fst_10         = 0.0963


Inferred ancestry of individuals:
        Label (%Miss) Pop:  Inferred clusters
  1      014    (0)    1 :  0.010 0.031 0.828 0.028 0.026 0.030 0.005 0.006 0.029 0.005 
  2      015    (0)    1 :  0.003 0.417 0.506 0.019 0.007 0.017 0.001 0.010 0.015 0.004 
  3      016    (0)    1 :  0.002 0.006 0.941 0.007 0.008 0.007 0.003 0.014 0.006 0.006 
  4      017    (0)    1 :  0.006 0.012 0.904 0.014 0.015 0.014 0.002 0.009 0.012 0.013 
  5      018    (0)    1 :  0.004 0.012 0.917 0.007 0.010 0.007 0.004 0.024 0.008 0.007 
  6      023    (0)    1 :  0.005 0.042 0.845 0.014 0.023 0.015 0.007 0.026 0.016 0.009 
  7      025    (0)    1 :  0.005 0.005 0.940 0.008 0.009 0.007 0.002 0.004 0.009 0.012 
  8      026    (0)    1 :  0.002 0.016 0.957 0.004 0.004 0.004 0.002 0.003 0.004 0.004 
  9      027    (0)    1 :  0.002 0.011 0.738 0.077 0.017 0.081 0.003 0.009 0.056 0.007 
 10      028    (0)    1 :  0.004 0.007 0.926 0.008 0.009 0.008 0.003 0.022 0.010 0.005 
 11      029    (0)    1 :  0.003 0.005 0.894 0.009 0.007 0.008 0.002 0.006 0.006 0.061 
 12      030    (0)    1 :  0.007 0.076 0.822 0.021 0.014 0.018 0.003 0.015 0.016 0.008 
 13      031    (0)    1 :  0.003 0.011 0.916 0.008 0.010 0.008 0.003 0.023 0.007 0.010 
 14      032    (0)    1 :  0.012 0.080 0.846 0.007 0.006 0.008 0.005 0.011 0.008 0.016 
 15      035    (0)    1 :  0.002 0.006 0.971 0.003 0.003 0.003 0.001 0.004 0.003 0.004 
 16      037    (0)    1 :  0.004 0.109 0.834 0.008 0.008 0.008 0.003 0.012 0.007 0.006 
 17      038    (0)    1 :  0.035 0.005 0.906 0.006 0.010 0.006 0.003 0.017 0.007 0.005 
 18      039    (0)    1 :  0.002 0.085 0.890 0.004 0.003 0.003 0.002 0.005 0.003 0.002 
 19      040    (0)    1 :  0.002 0.035 0.796 0.036 0.042 0.035 0.003 0.017 0.024 0.009 
 20      041    (0)    1 :  0.002 0.009 0.950 0.005 0.008 0.005 0.002 0.010 0.006 0.004 
 21      043    (0)    1 :  0.002 0.008 0.969 0.004 0.003 0.004 0.001 0.003 0.004 0.003 
 22      045    (0)    1 :  0.005 0.075 0.853 0.009 0.007 0.010 0.003 0.012 0.009 0.017 
 23      046    (0)    1 :  0.002 0.026 0.826 0.016 0.058 0.016 0.003 0.019 0.019 0.016 
 24      047    (0)    1 :  0.003 0.009 0.943 0.008 0.006 0.008 0.001 0.009 0.009 0.003 
 25      050    (0)    1 :  0.002 0.003 0.979 0.002 0.002 0.002 0.001 0.002 0.002 0.003 
 26      052    (0)    1 :  0.002 0.012 0.961 0.004 0.004 0.004 0.002 0.003 0.004 0.004 
 27      053    (0)    1 :  0.002 0.006 0.968 0.004 0.004 0.004 0.001 0.003 0.004 0.005 
 28      054    (0)    1 :  0.003 0.028 0.852 0.018 0.017 0.017 0.009 0.023 0.018 0.015 
 29      055    (0)    1 :  0.003 0.011 0.954 0.005 0.004 0.006 0.002 0.006 0.006 0.003 
 30      056    (0)    1 :  0.002 0.460 0.446 0.009 0.018 0.009 0.003 0.007 0.010 0.035 
 31      057    (0)    1 :  0.006 0.006 0.889 0.020 0.025 0.021 0.003 0.004 0.021 0.007 
 32      058    (0)    1 :  0.045 0.055 0.777 0.023 0.012 0.022 0.004 0.017 0.021 0.024 
 33      059    (0)    1 :  0.008 0.211 0.612 0.022 0.023 0.022 0.003 0.062 0.020 0.015 
 34      060    (0)    1 :  0.003 0.005 0.953 0.006 0.006 0.007 0.002 0.007 0.006 0.006 
 35      350    (0)    1 :  0.004 0.003 0.959 0.004 0.004 0.004 0.007 0.004 0.004 0.007 
 36      351    (0)    1 :  0.002 0.039 0.900 0.009 0.009 0.010 0.001 0.013 0.010 0.007 
 37      354    (0)    1 :  0.005 0.225 0.733 0.006 0.004 0.006 0.002 0.011 0.005 0.003 
 38      374    (0)    1 :  0.011 0.109 0.512 0.113 0.041 0.101 0.002 0.009 0.084 0.018 
 39      378    (0)    1 :  0.004 0.008 0.898 0.014 0.019 0.014 0.001 0.007 0.014 0.020 
 40      381    (0)    1 :  0.003 0.050 0.910 0.006 0.006 0.006 0.002 0.008 0.006 0.003 
 41      382    (0)    1 :  0.010 0.022 0.904 0.011 0.010 0.011 0.005 0.011 0.010 0.006 
 42      384    (0)    1 :  0.002 0.005 0.959 0.006 0.005 0.006 0.001 0.005 0.006 0.005 
 43      555    (0)    1 :  0.011 0.012 0.915 0.012 0.009 0.013 0.007 0.007 0.011 0.003 
 44      671    (0)    1 :  0.036 0.014 0.597 0.055 0.061 0.049 0.004 0.011 0.045 0.129 
 45      672    (0)    1 :  0.009 0.028 0.852 0.011 0.014 0.012 0.003 0.015 0.014 0.042 
 46      705    (0)    1 :  0.017 0.010 0.946 0.003 0.004 0.003 0.002 0.004 0.003 0.006 
 47      706    (0)    1 :  0.003 0.008 0.960 0.005 0.004 0.005 0.001 0.006 0.004 0.004 
 48      707    (0)    1 :  0.004 0.006 0.959 0.005 0.006 0.005 0.004 0.004 0.004 0.004 
 49      708    (0)    1 :  0.004 0.004 0.831 0.029 0.035 0.030 0.024 0.008 0.029 0.005 
 50      758    (0)    1 :  0.005 0.030 0.859 0.019 0.021 0.019 0.004 0.015 0.017 0.012 
 51      759    (0)    1 :  0.007 0.023 0.887 0.007 0.009 0.008 0.002 0.018 0.007 0.032 
 52      760    (0)    1 :  0.002 0.024 0.918 0.006 0.012 0.007 0.002 0.009 0.008 0.012 
 53      761    (0)    1 :  0.005 0.032 0.909 0.005 0.006 0.006 0.003 0.024 0.005 0.005 
 54      762    (0)    1 :  0.007 0.013 0.934 0.007 0.007 0.007 0.002 0.010 0.007 0.006 
 55      763    (0)    1 :  0.005 0.003 0.956 0.006 0.005 0.006 0.001 0.005 0.006 0.007 
 56      764    (0)    1 :  0.004 0.015 0.957 0.003 0.004 0.003 0.003 0.003 0.003 0.003 
 57      765    (0)    1 :  0.004 0.031 0.880 0.017 0.011 0.019 0.002 0.012 0.017 0.007 
 58      766    (0)    1 :  0.002 0.033 0.950 0.002 0.002 0.002 0.001 0.002 0.002 0.002 
 59      767    (0)    1 :  0.036 0.034 0.883 0.006 0.007 0.006 0.007 0.008 0.007 0.005 
 60      768    (0)    1 :  0.003 0.034 0.936 0.004 0.004 0.004 0.002 0.005 0.004 0.003 
 61      769    (0)    1 :  0.002 0.016 0.900 0.019 0.010 0.020 0.001 0.011 0.015 0.006 
 62      770    (0)    1 :  0.002 0.009 0.842 0.020 0.033 0.024 0.004 0.030 0.031 0.005 
 63      771    (0)    1 :  0.004 0.007 0.926 0.013 0.006 0.013 0.003 0.010 0.011 0.007 
 64      772    (0)    1 :  0.004 0.012 0.422 0.092 0.092 0.085 0.002 0.011 0.066 0.214 
 65      773    (0)    1 :  0.015 0.005 0.950 0.004 0.005 0.004 0.002 0.008 0.004 0.003 
 66      774    (0)    1 :  0.003 0.154 0.677 0.022 0.025 0.021 0.003 0.067 0.019 0.008 
 67      775    (0)    1 :  0.004 0.009 0.961 0.003 0.003 0.003 0.002 0.003 0.003 0.008 
 68      776    (0)    1 :  0.004 0.010 0.942 0.007 0.006 0.007 0.002 0.007 0.006 0.009 
 69      777    (0)    1 :  0.004 0.039 0.933 0.004 0.004 0.004 0.003 0.003 0.004 0.003 
 70      778    (0)    1 :  0.007 0.005 0.962 0.003 0.004 0.004 0.002 0.003 0.003 0.006 
 71      779    (0)    1 :  0.004 0.017 0.937 0.005 0.006 0.005 0.007 0.008 0.006 0.005 
 72      780    (0)    1 :  0.002 0.041 0.910 0.012 0.006 0.012 0.002 0.002 0.009 0.005 
 73      781    (0)    1 :  0.004 0.005 0.942 0.009 0.005 0.010 0.001 0.005 0.010 0.008 
 74      782    (0)    1 :  0.006 0.014 0.945 0.006 0.006 0.006 0.002 0.004 0.005 0.006 
 75      783    (0)    1 :  0.003 0.005 0.963 0.004 0.004 0.004 0.002 0.006 0.004 0.005 
 76      784    (0)    1 :  0.006 0.013 0.882 0.017 0.021 0.019 0.003 0.004 0.025 0.010 
 77      785    (0)    1 :  0.005 0.010 0.956 0.007 0.003 0.007 0.001 0.002 0.006 0.003 
 78      786    (0)    1 :  0.003 0.015 0.958 0.004 0.003 0.004 0.002 0.005 0.004 0.003 
 79      787    (0)    1 :  0.003 0.922 0.032 0.007 0.005 0.007 0.001 0.013 0.006 0.004 
 80      793    (0)   10 :  0.002 0.005 0.008 0.079 0.654 0.084 0.004 0.073 0.081 0.010 
 81      794    (0)   10 :  0.003 0.041 0.045 0.274 0.101 0.277 0.007 0.008 0.233 0.009 
 82      828    (0)   10 :  0.003 0.006 0.003 0.080 0.376 0.114 0.005 0.042 0.346 0.026 
 83      829    (4)   10 :  0.002 0.007 0.025 0.116 0.572 0.121 0.001 0.023 0.121 0.012 
 84      830    (0)   10 :  0.022 0.013 0.011 0.124 0.483 0.126 0.004 0.027 0.127 0.063 
 85      831    (2)   10 :  0.011 0.003 0.010 0.018 0.881 0.014 0.008 0.007 0.026 0.023 
 86      832    (0)   10 :  0.002 0.019 0.010 0.103 0.040 0.096 0.005 0.027 0.074 0.623 
 87      833    (2)   10 :  0.004 0.013 0.008 0.057 0.630 0.068 0.007 0.053 0.154 0.006 
 88      835    (0)   10 :  0.114 0.011 0.019 0.205 0.090 0.199 0.047 0.092 0.172 0.050 
 89      870    (0)   10 :  0.007 0.004 0.007 0.162 0.358 0.160 0.002 0.075 0.169 0.057 
 90      871    (0)   10 :  0.003 0.004 0.007 0.064 0.438 0.107 0.002 0.007 0.357 0.012 
 91      451    (0)   11 :  0.003 0.004 0.064 0.219 0.231 0.237 0.007 0.007 0.223 0.006 
 92      452    (4)   11 :  0.005 0.004 0.021 0.008 0.007 0.008 0.002 0.004 0.008 0.933 
 93      453    (4)   11 :  0.007 0.003 0.005 0.007 0.016 0.009 0.002 0.004 0.008 0.939 
 94      454    (2)   11 :  0.009 0.004 0.012 0.102 0.326 0.108 0.009 0.018 0.393 0.021 
 95      455    (4)   11 :  0.014 0.006 0.018 0.092 0.359 0.104 0.002 0.011 0.368 0.025 
 96      795    (0)   11 :  0.005 0.009 0.006 0.010 0.008 0.011 0.001 0.010 0.015 0.924 
 97      796    (0)   11 :  0.003 0.005 0.012 0.220 0.221 0.234 0.002 0.003 0.281 0.018 
 98      802    (0)   11 :  0.003 0.024 0.031 0.015 0.013 0.016 0.001 0.004 0.017 0.874 
 99      804    (0)   11 :  0.006 0.013 0.036 0.141 0.141 0.163 0.002 0.023 0.387 0.088 
100      805    (0)   11 :  0.010 0.010 0.110 0.120 0.211 0.145 0.002 0.012 0.371 0.009 
101      851    (0)   11 :  0.003 0.003 0.003 0.004 0.006 0.005 0.009 0.008 0.005 0.955 
102      852    (0)   11 :  0.004 0.025 0.007 0.007 0.008 0.008 0.002 0.007 0.013 0.921 
103      854    (0)   11 :  0.007 0.113 0.004 0.320 0.014 0.271 0.002 0.011 0.240 0.018 
104      858    (0)   11 :  0.007 0.028 0.056 0.118 0.241 0.140 0.002 0.006 0.392 0.011 
105      859    (0)   11 :  0.011 0.028 0.489 0.117 0.055 0.121 0.002 0.033 0.112 0.034 
106      860    (0)   11 :  0.005 0.031 0.037 0.112 0.230 0.151 0.045 0.006 0.370 0.013 
107      862    (0)   11 :  0.006 0.006 0.015 0.006 0.005 0.005 0.001 0.005 0.005 0.944 
108      863    (0)   11 :  0.004 0.006 0.023 0.008 0.010 0.008 0.001 0.006 0.010 0.923 
109      450    (0)   12 :  0.017 0.006 0.031 0.224 0.292 0.226 0.004 0.009 0.177 0.014 
110      791    (0)   12 :  0.006 0.004 0.008 0.362 0.051 0.311 0.003 0.011 0.202 0.041 
111      792    (0)   12 :  0.017 0.008 0.005 0.228 0.081 0.295 0.171 0.011 0.182 0.003 
112      803    (0)   12 :  0.010 0.002 0.003 0.129 0.132 0.126 0.303 0.109 0.174 0.013 
113      806    (0)   12 :  0.006 0.003 0.003 0.293 0.015 0.367 0.007 0.046 0.255 0.006 
114      807    (0)   12 :  0.007 0.009 0.004 0.436 0.008 0.342 0.002 0.006 0.178 0.009 
115      808    (0)   12 :  0.002 0.012 0.010 0.109 0.418 0.124 0.003 0.017 0.296 0.008 
116      809    (0)   12 :  0.008 0.010 0.008 0.122 0.046 0.144 0.043 0.365 0.116 0.139 
117      810    (0)   12 :  0.026 0.033 0.010 0.327 0.030 0.303 0.045 0.013 0.205 0.010 
118      811    (0)   12 :  0.006 0.004 0.005 0.348 0.042 0.350 0.005 0.006 0.228 0.006 
119      812    (0)   12 :  0.016 0.003 0.007 0.325 0.046 0.282 0.003 0.097 0.209 0.012 
120      813    (0)   12 :  0.004 0.013 0.011 0.146 0.414 0.173 0.004 0.014 0.151 0.071 
121      814    (0)   12 :  0.007 0.026 0.015 0.070 0.679 0.078 0.005 0.009 0.100 0.010 
122      834    (0)   12 :  0.002 0.008 0.013 0.401 0.014 0.342 0.004 0.005 0.205 0.007 
123      844    (0)   12 :  0.004 0.013 0.466 0.095 0.130 0.099 0.003 0.006 0.131 0.052 
124      850    (0)   12 :  0.006 0.002 0.002 0.080 0.391 0.112 0.013 0.013 0.365 0.015 
125      856    (0)   12 :  0.012 0.003 0.003 0.188 0.093 0.203 0.005 0.005 0.479 0.010 
126      857    (0)   12 :  0.011 0.006 0.002 0.301 0.036 0.329 0.013 0.011 0.277 0.013 
127      861    (0)   12 :  0.016 0.003 0.029 0.106 0.492 0.117 0.004 0.028 0.172 0.033 
128      864    (0)   12 :  0.015 0.159 0.008 0.271 0.026 0.299 0.006 0.004 0.205 0.008 
129      865    (0)   12 :  0.010 0.051 0.481 0.077 0.161 0.079 0.007 0.022 0.103 0.009 
130      866    (0)   12 :  0.003 0.003 0.005 0.263 0.171 0.243 0.008 0.065 0.175 0.064 
131      867    (0)   12 :  0.020 0.031 0.017 0.328 0.010 0.335 0.016 0.033 0.203 0.008 
132      868    (0)   12 :  0.004 0.004 0.008 0.015 0.895 0.014 0.032 0.006 0.016 0.007 
133      869    (0)   12 :  0.006 0.011 0.007 0.351 0.022 0.340 0.064 0.005 0.190 0.004 
134      004    (0)   13 :  0.065 0.005 0.060 0.070 0.074 0.085 0.002 0.008 0.058 0.573 
135      008    (0)   13 :  0.029 0.007 0.083 0.217 0.191 0.205 0.002 0.031 0.203 0.033 
136      013    (0)   13 :  0.010 0.019 0.054 0.319 0.048 0.272 0.005 0.008 0.202 0.063 
137      109    (0)   13 :  0.011 0.004 0.012 0.385 0.037 0.348 0.002 0.003 0.193 0.006 
138      348    (0)   13 :  0.004 0.004 0.003 0.009 0.007 0.009 0.001 0.004 0.010 0.949 
139      115    (0)    2 :  0.002 0.004 0.965 0.005 0.004 0.005 0.001 0.005 0.004 0.006 
140      116    (0)    2 :  0.003 0.490 0.464 0.006 0.005 0.006 0.002 0.012 0.005 0.007 
141      117    (0)    2 :  0.003 0.889 0.042 0.014 0.010 0.013 0.001 0.006 0.012 0.009 
142      118    (0)    2 :  0.160 0.750 0.023 0.009 0.007 0.010 0.002 0.007 0.010 0.022 
143      119    (0)    2 :  0.003 0.969 0.005 0.003 0.003 0.003 0.004 0.005 0.003 0.003 
144      389    (0)    2 :  0.002 0.005 0.972 0.003 0.003 0.003 0.001 0.003 0.003 0.004 
145      548    (0)    2 :  0.004 0.971 0.006 0.003 0.003 0.003 0.002 0.003 0.003 0.003 
146      549    (0)    2 :  0.002 0.058 0.855 0.007 0.008 0.008 0.002 0.016 0.007 0.036 
147      550    (0)    2 :  0.008 0.709 0.092 0.032 0.022 0.035 0.005 0.046 0.029 0.022 
148      551    (0)    2 :  0.002 0.970 0.008 0.003 0.002 0.003 0.003 0.004 0.003 0.002 
149      552    (0)    2 :  0.003 0.270 0.431 0.018 0.061 0.018 0.003 0.018 0.019 0.159 
150      553    (0)    2 :  0.006 0.048 0.866 0.008 0.012 0.008 0.003 0.014 0.008 0.027 
151      009    (0)    3 :  0.002 0.004 0.974 0.003 0.003 0.003 0.002 0.003 0.003 0.003 
152      042    (0)    3 :  0.009 0.008 0.887 0.016 0.014 0.017 0.001 0.014 0.016 0.017 
153      044    (0)    3 :  0.003 0.003 0.904 0.012 0.024 0.012 0.002 0.019 0.012 0.007 
154      086    (0)    3 :  0.002 0.003 0.972 0.002 0.004 0.002 0.002 0.005 0.002 0.005 
155      087    (0)    3 :  0.003 0.004 0.937 0.011 0.007 0.012 0.002 0.005 0.012 0.009 
156      093    (0)    3 :  0.002 0.007 0.969 0.004 0.003 0.004 0.002 0.002 0.004 0.003 
157      095    (0)    3 :  0.015 0.008 0.848 0.020 0.013 0.022 0.006 0.041 0.020 0.008 
158      096    (0)    3 :  0.051 0.004 0.874 0.013 0.010 0.014 0.006 0.009 0.012 0.006 
159      097    (0)    3 :  0.003 0.004 0.968 0.004 0.004 0.004 0.002 0.005 0.004 0.004 
160      101    (0)    3 :  0.002 0.005 0.967 0.004 0.004 0.004 0.002 0.005 0.004 0.002 
161      183    (0)    3 :  0.004 0.003 0.966 0.004 0.005 0.004 0.002 0.003 0.004 0.005 
162      200    (0)    3 :  0.003 0.003 0.949 0.007 0.010 0.008 0.006 0.002 0.008 0.005 
163      210    (0)    3 :  0.002 0.006 0.956 0.004 0.007 0.005 0.004 0.004 0.007 0.005 
164      219    (0)    3 :  0.005 0.002 0.931 0.008 0.010 0.009 0.007 0.006 0.009 0.011 
165      230    (0)    3 :  0.003 0.005 0.966 0.004 0.004 0.004 0.002 0.005 0.004 0.005 
166      241    (0)    3 :  0.014 0.007 0.800 0.035 0.016 0.038 0.003 0.016 0.039 0.031 
167      307    (0)    3 :  0.004 0.008 0.936 0.005 0.008 0.005 0.003 0.010 0.006 0.016 
168      318    (0)    3 :  0.002 0.005 0.912 0.008 0.009 0.008 0.002 0.012 0.010 0.032 
169      323    (0)    3 :  0.003 0.004 0.958 0.007 0.004 0.007 0.002 0.004 0.006 0.004 
170      324    (0)    3 :  0.002 0.007 0.965 0.005 0.003 0.005 0.002 0.004 0.004 0.004 
171      325    (0)    3 :  0.002 0.004 0.964 0.005 0.004 0.005 0.002 0.004 0.005 0.004 
172      326    (0)    3 :  0.004 0.005 0.918 0.005 0.005 0.005 0.001 0.040 0.005 0.011 
173      338    (0)    3 :  0.003 0.016 0.911 0.016 0.007 0.017 0.002 0.004 0.015 0.009 
174      343    (0)    3 :  0.004 0.008 0.936 0.008 0.005 0.008 0.013 0.005 0.007 0.006 
175      379    (0)    3 :  0.003 0.007 0.931 0.013 0.007 0.013 0.001 0.002 0.014 0.010 
176      383    (0)    3 :  0.002 0.006 0.969 0.003 0.004 0.003 0.002 0.004 0.003 0.004 
177      385    (0)    3 :  0.005 0.006 0.942 0.007 0.011 0.008 0.001 0.003 0.008 0.009 
178      386    (0)    3 :  0.005 0.004 0.927 0.014 0.007 0.015 0.001 0.003 0.014 0.009 
179      387    (0)    3 :  0.013 0.012 0.909 0.005 0.007 0.005 0.037 0.003 0.005 0.003 
180      554    (0)    3 :  0.006 0.006 0.966 0.003 0.003 0.003 0.002 0.004 0.003 0.005 
181      877    (0)    3 :  0.002 0.237 0.733 0.004 0.004 0.004 0.002 0.005 0.004 0.004 
182      878    (0)    3 :  0.003 0.728 0.183 0.011 0.011 0.012 0.003 0.027 0.012 0.010 
183      880    (0)    3 :  0.002 0.915 0.015 0.006 0.006 0.006 0.001 0.012 0.006 0.030 
184      122    (0)    4 :  0.010 0.011 0.017 0.046 0.136 0.057 0.001 0.261 0.088 0.374 
185      123    (0)    4 :  0.003 0.003 0.003 0.022 0.008 0.027 0.005 0.890 0.023 0.016 
186      124    (0)    4 :  0.013 0.005 0.010 0.007 0.005 0.007 0.009 0.932 0.007 0.005 
187      125    (0)    4 :  0.002 0.006 0.003 0.005 0.006 0.005 0.002 0.961 0.006 0.004 
188      126    (0)    4 :  0.001 0.003 0.005 0.011 0.007 0.011 0.001 0.135 0.010 0.813 
189      128    (0)    4 :  0.014 0.003 0.003 0.017 0.026 0.018 0.003 0.891 0.016 0.010 
190      129    (0)    4 :  0.077 0.009 0.014 0.024 0.014 0.025 0.002 0.779 0.026 0.031 
191      130    (0)    4 :  0.005 0.010 0.018 0.009 0.010 0.009 0.001 0.902 0.008 0.026 
192      131    (0)    4 :  0.002 0.003 0.004 0.008 0.006 0.008 0.003 0.948 0.008 0.009 
193      132    (0)    4 :  0.010 0.038 0.014 0.005 0.007 0.005 0.006 0.904 0.004 0.005 
194      133    (0)    4 :  0.087 0.032 0.024 0.076 0.123 0.078 0.002 0.276 0.069 0.234 
195      134    (0)    4 :  0.006 0.009 0.006 0.041 0.029 0.041 0.016 0.785 0.052 0.016 
196      135    (0)    4 :  0.005 0.014 0.005 0.027 0.038 0.029 0.002 0.835 0.034 0.011 
197      136    (0)    4 :  0.007 0.006 0.003 0.015 0.018 0.017 0.008 0.894 0.025 0.006 
198      139    (0)    4 :  0.018 0.007 0.009 0.021 0.009 0.020 0.003 0.871 0.019 0.023 
199      140    (0)    4 :  0.018 0.011 0.011 0.062 0.014 0.056 0.002 0.777 0.036 0.014 
200      141    (0)    4 :  0.005 0.009 0.009 0.023 0.012 0.023 0.004 0.884 0.020 0.011 
201      142    (0)    4 :  0.005 0.011 0.015 0.005 0.004 0.005 0.002 0.945 0.005 0.003 
202      143    (0)    4 :  0.016 0.014 0.032 0.011 0.007 0.010 0.007 0.884 0.010 0.010 
203      144    (0)    4 :  0.007 0.007 0.009 0.025 0.019 0.028 0.002 0.848 0.025 0.030 
204      145    (0)    4 :  0.004 0.004 0.005 0.023 0.016 0.025 0.030 0.845 0.023 0.025 
205      148    (0)    4 :  0.003 0.006 0.009 0.062 0.029 0.065 0.002 0.724 0.090 0.009 
206      556    (0)    4 :  0.007 0.023 0.011 0.012 0.007 0.012 0.002 0.897 0.011 0.018 
207      557    (0)    4 :  0.003 0.008 0.005 0.006 0.007 0.006 0.017 0.937 0.006 0.005 
208      558    (0)    4 :  0.005 0.006 0.003 0.008 0.013 0.008 0.008 0.933 0.007 0.010 
209      559    (0)    4 :  0.009 0.006 0.008 0.010 0.009 0.010 0.002 0.923 0.012 0.013 
210      560    (0)    4 :  0.002 0.004 0.011 0.015 0.022 0.015 0.002 0.900 0.023 0.006 
211      561    (0)    4 :  0.003 0.010 0.006 0.003 0.003 0.003 0.001 0.966 0.003 0.003 
212      562    (0)    4 :  0.006 0.025 0.005 0.034 0.132 0.032 0.005 0.705 0.033 0.024 
213      563    (0)    4 :  0.009 0.008 0.003 0.114 0.028 0.108 0.009 0.631 0.072 0.020 
214      564    (0)    4 :  0.016 0.147 0.038 0.064 0.030 0.066 0.002 0.516 0.094 0.029 
215      565    (0)    4 :  0.003 0.004 0.003 0.004 0.004 0.004 0.002 0.970 0.004 0.004 
216      566    (0)    4 :  0.002 0.047 0.009 0.040 0.018 0.034 0.002 0.797 0.023 0.028 
217      567    (0)    4 :  0.004 0.004 0.003 0.010 0.007 0.010 0.003 0.948 0.008 0.004 
218      568    (0)    4 :  0.016 0.016 0.005 0.015 0.008 0.013 0.002 0.906 0.013 0.006 
219      569    (0)    4 :  0.004 0.010 0.003 0.006 0.007 0.006 0.010 0.942 0.007 0.005 
220      570    (0)    4 :  0.002 0.004 0.009 0.004 0.004 0.004 0.001 0.964 0.003 0.005 
221      613    (0)    4 :  0.004 0.004 0.005 0.004 0.004 0.004 0.002 0.963 0.004 0.005 
222      614    (0)    4 :  0.002 0.029 0.003 0.014 0.014 0.014 0.002 0.892 0.018 0.012 
223      615    (0)    4 :  0.003 0.077 0.018 0.013 0.013 0.013 0.004 0.817 0.013 0.029 
224      616    (0)    4 :  0.038 0.009 0.009 0.009 0.006 0.009 0.001 0.904 0.009 0.005 
225      617    (0)    4 :  0.004 0.023 0.017 0.027 0.012 0.027 0.004 0.856 0.020 0.010 
226      618    (0)    4 :  0.016 0.008 0.017 0.017 0.035 0.017 0.003 0.847 0.024 0.014 
227      619    (0)    4 :  0.003 0.002 0.001 0.299 0.018 0.333 0.127 0.006 0.205 0.005 
228      620    (0)    4 :  0.003 0.024 0.007 0.009 0.009 0.009 0.004 0.909 0.012 0.015 
229      621    (0)    4 :  0.003 0.022 0.018 0.010 0.008 0.009 0.002 0.856 0.009 0.064 
230      622    (0)    4 :  0.004 0.009 0.004 0.004 0.005 0.004 0.003 0.960 0.004 0.002 
231      623    (0)    4 :  0.002 0.004 0.004 0.004 0.004 0.003 0.002 0.968 0.003 0.006 
232      624    (0)    4 :  0.006 0.011 0.013 0.019 0.010 0.019 0.002 0.862 0.019 0.038 
233      625    (0)    4 :  0.003 0.021 0.008 0.011 0.010 0.010 0.002 0.203 0.010 0.722 
234      626    (0)    4 :  0.006 0.005 0.005 0.008 0.004 0.008 0.003 0.947 0.007 0.007 
235      627    (0)    4 :  0.011 0.005 0.024 0.039 0.021 0.042 0.003 0.793 0.041 0.020 
236      628    (0)    4 :  0.004 0.004 0.005 0.008 0.007 0.007 0.004 0.949 0.008 0.004 
237      629    (0)    4 :  0.012 0.013 0.004 0.009 0.011 0.009 0.002 0.919 0.009 0.012 
238      630    (0)    4 :  0.002 0.003 0.003 0.004 0.005 0.004 0.004 0.968 0.005 0.003 
239      631    (0)    4 :  0.027 0.003 0.003 0.004 0.004 0.004 0.004 0.941 0.004 0.004 
240      632    (0)    4 :  0.014 0.012 0.023 0.022 0.015 0.023 0.005 0.734 0.024 0.130 
241      633    (0)    4 :  0.012 0.009 0.007 0.055 0.070 0.061 0.007 0.672 0.092 0.014 
242      634    (0)    4 :  0.006 0.033 0.003 0.010 0.007 0.010 0.011 0.900 0.009 0.010 
243      635    (0)    4 :  0.003 0.006 0.003 0.006 0.006 0.006 0.003 0.955 0.005 0.008 
244      636    (0)    4 :  0.003 0.006 0.007 0.004 0.007 0.004 0.003 0.957 0.004 0.005 
245      637    (0)    4 :  0.006 0.075 0.008 0.173 0.115 0.195 0.001 0.091 0.326 0.010 
246      638    (0)    4 :  0.014 0.021 0.011 0.014 0.014 0.013 0.002 0.888 0.015 0.008 
247      639    (0)    4 :  0.010 0.015 0.012 0.190 0.020 0.190 0.003 0.394 0.140 0.028 
248      640    (0)    4 :  0.005 0.034 0.012 0.007 0.006 0.006 0.001 0.916 0.006 0.006 
249      689    (0)    4 :  0.003 0.005 0.006 0.006 0.005 0.006 0.001 0.954 0.006 0.009 
250      690    (0)    4 :  0.005 0.008 0.008 0.012 0.016 0.012 0.017 0.906 0.009 0.008 
251      691    (0)    4 :  0.002 0.003 0.030 0.008 0.015 0.008 0.001 0.894 0.010 0.029 
252      692    (0)    4 :  0.006 0.006 0.003 0.022 0.107 0.019 0.009 0.729 0.039 0.061 
253      693    (0)    4 :  0.003 0.002 0.003 0.005 0.006 0.005 0.002 0.965 0.005 0.005 
254      694    (0)    4 :  0.007 0.003 0.003 0.003 0.003 0.003 0.003 0.968 0.004 0.003 
255      695    (0)    4 :  0.003 0.006 0.007 0.003 0.003 0.003 0.001 0.968 0.003 0.002 
256      696    (0)    4 :  0.002 0.004 0.004 0.004 0.003 0.004 0.002 0.969 0.004 0.004 
257      697    (0)    4 :  0.006 0.008 0.006 0.004 0.004 0.004 0.002 0.954 0.004 0.007 
258      698    (0)    4 :  0.002 0.011 0.004 0.022 0.059 0.021 0.003 0.839 0.019 0.020 
259      699    (0)    4 :  0.003 0.007 0.004 0.005 0.005 0.005 0.001 0.960 0.006 0.004 
260      700    (0)    4 :  0.006 0.005 0.015 0.010 0.007 0.009 0.005 0.922 0.010 0.009 
261      701    (2)    4 :  0.005 0.008 0.007 0.017 0.020 0.017 0.003 0.887 0.015 0.023 
262      702    (0)    4 :  0.002 0.005 0.032 0.010 0.027 0.011 0.005 0.881 0.010 0.017 
263      703    (0)    4 :  0.002 0.004 0.004 0.005 0.006 0.006 0.004 0.950 0.005 0.016 
264      704    (0)    4 :  0.011 0.006 0.006 0.010 0.008 0.011 0.001 0.932 0.010 0.005 
265      390    (0)    5 :  0.003 0.006 0.955 0.004 0.003 0.004 0.014 0.003 0.004 0.004 
266      391    (0)    5 :  0.004 0.009 0.934 0.007 0.005 0.008 0.008 0.008 0.009 0.006 
267      392    (0)    5 :  0.027 0.005 0.542 0.056 0.159 0.058 0.052 0.033 0.054 0.013 
268      393    (0)    5 :  0.002 0.006 0.947 0.007 0.007 0.007 0.003 0.005 0.009 0.007 
269      394    (0)    5 :  0.004 0.017 0.842 0.028 0.013 0.026 0.005 0.007 0.027 0.030 
270      647    (0)    5 :  0.003 0.006 0.894 0.006 0.014 0.007 0.003 0.012 0.007 0.048 
271      648    (0)    5 :  0.003 0.023 0.936 0.005 0.006 0.005 0.002 0.007 0.006 0.008 
272      007    (0)    6 :  0.945 0.003 0.006 0.008 0.005 0.007 0.007 0.009 0.006 0.004 
273      012    (0)    6 :  0.849 0.007 0.007 0.023 0.010 0.021 0.005 0.009 0.021 0.047 
274      020    (0)    6 :  0.571 0.068 0.013 0.132 0.018 0.109 0.002 0.004 0.074 0.008 
275      021    (0)    6 :  0.979 0.002 0.002 0.002 0.002 0.002 0.001 0.002 0.002 0.004 
276      022    (0)    6 :  0.831 0.004 0.005 0.016 0.018 0.018 0.017 0.004 0.018 0.069 
277      034    (0)    6 :  0.923 0.011 0.008 0.010 0.006 0.010 0.006 0.010 0.009 0.008 
278      049    (0)    6 :  0.979 0.003 0.002 0.003 0.002 0.003 0.002 0.002 0.003 0.002 
279      062    (0)    6 :  0.983 0.002 0.001 0.003 0.002 0.002 0.001 0.002 0.002 0.002 
280      089    (0)    6 :  0.984 0.002 0.002 0.002 0.002 0.002 0.001 0.002 0.002 0.002 
281      092    (0)    6 :  0.987 0.001 0.002 0.002 0.001 0.001 0.001 0.002 0.001 0.001 
282      100    (0)    6 :  0.960 0.005 0.009 0.004 0.003 0.004 0.002 0.006 0.004 0.004 
283      105    (0)    6 :  0.941 0.013 0.006 0.009 0.006 0.008 0.001 0.003 0.009 0.003 
284      205    (0)    6 :  0.918 0.005 0.004 0.013 0.014 0.012 0.005 0.006 0.014 0.008 
285      206    (0)    6 :  0.633 0.007 0.090 0.035 0.083 0.035 0.003 0.016 0.048 0.050 
286      207    (0)    6 :  0.949 0.003 0.007 0.007 0.006 0.007 0.002 0.005 0.007 0.006 
287      208    (0)    6 :  0.883 0.012 0.013 0.019 0.014 0.018 0.002 0.006 0.016 0.016 
288      209    (0)    6 :  0.694 0.006 0.003 0.067 0.062 0.068 0.002 0.003 0.083 0.012 
289      377    (0)    6 :  0.966 0.005 0.004 0.003 0.003 0.003 0.002 0.006 0.003 0.006 
290      881    (0)    6 :  0.979 0.002 0.003 0.002 0.002 0.002 0.002 0.002 0.002 0.002 
291      003    (0)    7 :  0.018 0.004 0.002 0.005 0.006 0.005 0.943 0.003 0.006 0.008 
292      108    (0)    7 :  0.002 0.001 0.001 0.002 0.002 0.002 0.986 0.002 0.002 0.001 
293      194    (0)    7 :  0.015 0.006 0.012 0.008 0.009 0.008 0.921 0.005 0.010 0.007 
294      232    (0)    7 :  0.003 0.003 0.002 0.004 0.003 0.004 0.971 0.003 0.004 0.003 
295      321    (0)    7 :  0.002 0.002 0.002 0.002 0.002 0.002 0.981 0.002 0.002 0.002 
296      322    (0)    7 :  0.004 0.002 0.001 0.002 0.001 0.002 0.984 0.002 0.002 0.001 
297      329    (0)    7 :  0.001 0.001 0.001 0.002 0.002 0.002 0.985 0.002 0.002 0.001 
298      330    (0)    7 :  0.003 0.001 0.001 0.002 0.003 0.002 0.983 0.002 0.002 0.002 
299      342    (0)    7 :  0.002 0.003 0.004 0.016 0.015 0.015 0.924 0.006 0.011 0.003 
300      347    (0)    7 :  0.056 0.007 0.004 0.008 0.005 0.008 0.887 0.009 0.007 0.008 
301      801    (0)    8 :  0.025 0.007 0.008 0.242 0.195 0.237 0.005 0.075 0.185 0.023 
302      815    (0)    8 :  0.040 0.004 0.003 0.202 0.212 0.267 0.004 0.027 0.233 0.008 
303      816    (0)    8 :  0.006 0.019 0.038 0.041 0.100 0.045 0.002 0.029 0.054 0.667 
304      817    (0)    8 :  0.006 0.003 0.005 0.406 0.038 0.344 0.012 0.005 0.174 0.007 
305      818    (0)    8 :  0.003 0.015 0.009 0.304 0.026 0.281 0.002 0.037 0.312 0.010 
306      819    (0)    8 :  0.006 0.003 0.005 0.118 0.313 0.124 0.007 0.007 0.224 0.193 
307      820    (2)    8 :  0.012 0.050 0.009 0.369 0.027 0.316 0.001 0.008 0.200 0.006 
308      821    (0)    8 :  0.003 0.022 0.006 0.223 0.043 0.213 0.002 0.005 0.281 0.202 
309      822    (0)    8 :  0.005 0.004 0.006 0.061 0.482 0.065 0.253 0.007 0.107 0.011 
310      853    (0)    8 :  0.003 0.006 0.030 0.264 0.079 0.300 0.010 0.016 0.281 0.011 
311      797    (0)    9 :  0.014 0.005 0.080 0.360 0.011 0.319 0.002 0.015 0.175 0.021 
312      798    (0)    9 :  0.003 0.006 0.011 0.320 0.012 0.300 0.001 0.005 0.276 0.066 
313      799    (0)    9 :  0.043 0.006 0.003 0.394 0.008 0.358 0.003 0.008 0.171 0.007 
314      800    (0)    9 :  0.003 0.010 0.013 0.233 0.102 0.229 0.004 0.080 0.245 0.079 
315      823    (0)    9 :  0.347 0.015 0.007 0.207 0.021 0.215 0.012 0.006 0.143 0.028 
316      824    (0)    9 :  0.003 0.002 0.005 0.007 0.957 0.005 0.004 0.003 0.007 0.008 
317      825    (0)    9 :  0.011 0.003 0.005 0.284 0.094 0.308 0.003 0.015 0.227 0.049 
318      826    (0)    9 :  0.004 0.016 0.026 0.170 0.046 0.165 0.024 0.315 0.181 0.054 
319      827    (0)    9 :  0.004 0.006 0.162 0.091 0.279 0.116 0.002 0.008 0.328 0.005 
320      836    (0)    9 :  0.003 0.008 0.013 0.395 0.018 0.361 0.001 0.010 0.176 0.015 
321      837    (0)    9 :  0.004 0.022 0.009 0.348 0.012 0.344 0.042 0.018 0.195 0.005 
322      838    (0)    9 :  0.003 0.022 0.009 0.144 0.286 0.157 0.002 0.147 0.186 0.044 
323      839    (0)    9 :  0.014 0.008 0.084 0.325 0.065 0.279 0.003 0.022 0.157 0.044 
324      840    (0)    9 :  0.012 0.002 0.002 0.299 0.065 0.309 0.002 0.013 0.201 0.096 
325      841    (0)    9 :  0.007 0.011 0.040 0.208 0.052 0.212 0.003 0.011 0.249 0.208 
326      842    (0)    9 :  0.005 0.042 0.015 0.301 0.068 0.293 0.002 0.013 0.249 0.012 
327      843    (0)    9 :  0.003 0.007 0.007 0.354 0.092 0.324 0.002 0.017 0.179 0.015 
328      845    (0)    9 :  0.004 0.014 0.030 0.291 0.131 0.295 0.002 0.006 0.216 0.011 
329      846    (0)    9 :  0.009 0.201 0.011 0.267 0.023 0.232 0.005 0.012 0.160 0.080 
330      847    (2)    9 :  0.100 0.002 0.005 0.236 0.030 0.230 0.179 0.020 0.187 0.012 
331      848    (0)    9 :  0.007 0.018 0.007 0.367 0.017 0.335 0.010 0.053 0.182 0.004 
332      849    (0)    9 :  0.005 0.112 0.116 0.274 0.018 0.234 0.031 0.043 0.151 0.016 
333      855    (0)    9 :  0.003 0.080 0.176 0.211 0.150 0.188 0.007 0.013 0.142 0.030 


Estimated Allele Frequencies in each cluster
First column gives estimated ancestral frequencies


Locus 1 : 1 
4 alleles
0.0% missing data
  89   (0.488) 0.632 0.427 0.593 0.496 0.477 0.495 0.097 0.426 0.506 0.585 
  91   (0.359) 0.324 0.286 0.326 0.346 0.407 0.346 0.557 0.537 0.339 0.258 
  93   (0.134) 0.042 0.281 0.080 0.139 0.110 0.140 0.046 0.035 0.140 0.152 
  99   (0.019) 0.002 0.006 0.001 0.019 0.007 0.018 0.300 0.001 0.014 0.005 

Locus 2 : 2 
6 alleles
0.0% missing data
 136   (0.389) 0.537 0.740 0.505 0.377 0.372 0.375 0.064 0.513 0.382 0.319 
 138   (0.235) 0.115 0.127 0.287 0.228 0.267 0.231 0.890 0.102 0.228 0.233 
 134   (0.263) 0.336 0.115 0.137 0.261 0.253 0.261 0.031 0.297 0.250 0.419 
 140   (0.067) 0.007 0.012 0.068 0.080 0.083 0.080 0.008 0.007 0.094 0.018 
 142   (0.026) 0.003 0.004 0.001 0.022 0.015 0.022 0.003 0.079 0.024 0.006 
 132   (0.021) 0.002 0.003 0.001 0.032 0.010 0.030 0.003 0.001 0.021 0.005 

Locus 3 : 3 
6 alleles
0.0% missing data
 181   (0.188) 0.069 0.056 0.123 0.183 0.164 0.184 0.161 0.303 0.166 0.172 
 187   (0.334) 0.481 0.402 0.503 0.348 0.261 0.343 0.783 0.175 0.327 0.229 
 179   (0.301) 0.031 0.510 0.319 0.288 0.379 0.293 0.032 0.469 0.322 0.412 
 191   (0.037) 0.216 0.005 0.050 0.023 0.054 0.024 0.004 0.003 0.022 0.078 
 185   (0.084) 0.194 0.014 0.003 0.091 0.110 0.094 0.013 0.019 0.104 0.022 
 175   (0.056) 0.010 0.014 0.002 0.066 0.031 0.062 0.006 0.031 0.058 0.087 

Locus 4 : 4 
12 alleles
0.0% missing data
 253   (0.437) 0.416 0.354 0.687 0.426 0.416 0.431 0.393 0.614 0.454 0.579 
 241   (0.175) 0.119 0.364 0.042 0.189 0.153 0.187 0.074 0.181 0.179 0.077 
 269   (0.198) 0.079 0.253 0.099 0.197 0.211 0.195 0.337 0.188 0.194 0.293 
 249   (0.029) 0.003 0.004 0.129 0.025 0.014 0.025 0.090 0.002 0.022 0.008 
 271   (0.044) 0.004 0.007 0.033 0.042 0.120 0.041 0.010 0.007 0.037 0.012 
 265   (0.009) 0.001 0.002 0.000 0.008 0.005 0.008 0.001 0.001 0.007 0.002 
 247   (0.055) 0.370 0.009 0.002 0.074 0.056 0.071 0.006 0.004 0.071 0.016 
 273   (0.012) 0.001 0.002 0.000 0.011 0.009 0.012 0.002 0.001 0.010 0.003 
 245   (0.009) 0.001 0.003 0.000 0.008 0.003 0.008 0.001 0.001 0.007 0.002 
 235   (0.009) 0.001 0.001 0.004 0.006 0.004 0.006 0.001 0.001 0.005 0.002 
 267   (0.009) 0.001 0.001 0.003 0.006 0.003 0.006 0.001 0.001 0.005 0.003 
 239   (0.013) 0.003 0.002 0.000 0.010 0.005 0.010 0.084 0.001 0.008 0.003 

Locus 5 : 5 
5 alleles
0.9% missing data
 103   (0.898) 0.893 0.986 0.960 0.906 0.912 0.906 0.989 0.833 0.920 0.970 
 104   (0.028) 0.003 0.004 0.034 0.021 0.018 0.021 0.003 0.021 0.019 0.008 
 105   (0.048) 0.005 0.006 0.002 0.050 0.060 0.051 0.006 0.145 0.044 0.015 
 107   (0.009) 0.001 0.001 0.004 0.006 0.004 0.006 0.001 0.001 0.005 0.003 
 102   (0.017) 0.098 0.002 0.001 0.017 0.007 0.016 0.002 0.001 0.012 0.005 

Locus 6 : 6 
6 alleles
0.0% missing data
 135   (0.289) 0.505 0.398 0.180 0.286 0.254 0.282 0.806 0.228 0.256 0.161 
 141   (0.290) 0.137 0.398 0.580 0.298 0.276 0.293 0.030 0.409 0.272 0.227 
 145   (0.330) 0.202 0.075 0.194 0.333 0.429 0.342 0.155 0.317 0.395 0.589 
 147   (0.062) 0.148 0.123 0.042 0.054 0.030 0.055 0.006 0.044 0.054 0.017 
 137   (0.019) 0.007 0.004 0.001 0.023 0.007 0.022 0.003 0.001 0.017 0.004 
 143   (0.009) 0.001 0.002 0.003 0.006 0.004 0.006 0.001 0.001 0.006 0.003 

Locus 7 : 7 
10 alleles
0.3% missing data
  89   (0.080) 0.010 0.057 0.042 0.087 0.088 0.087 0.008 0.040 0.093 0.023 
 103   (0.342) 0.328 0.342 0.278 0.360 0.395 0.360 0.041 0.595 0.366 0.409 
  93   (0.229) 0.171 0.501 0.355 0.226 0.173 0.227 0.336 0.156 0.232 0.171 
  97   (0.184) 0.293 0.074 0.225 0.187 0.172 0.185 0.176 0.076 0.179 0.245 
  85   (0.040) 0.004 0.006 0.055 0.030 0.083 0.032 0.005 0.068 0.029 0.010 
  91   (0.044) 0.139 0.009 0.040 0.033 0.017 0.033 0.302 0.039 0.029 0.011 
 101   (0.012) 0.001 0.002 0.002 0.009 0.020 0.009 0.002 0.001 0.009 0.003 
  83   (0.043) 0.052 0.006 0.002 0.048 0.029 0.048 0.004 0.023 0.043 0.120 
  99   (0.013) 0.001 0.002 0.000 0.012 0.005 0.012 0.001 0.001 0.013 0.006 
 105   (0.013) 0.001 0.002 0.000 0.007 0.017 0.007 0.125 0.001 0.007 0.003 

Locus 8 : 8 
10 alleles
0.0% missing data
 129   (0.565) 0.605 0.381 0.647 0.600 0.635 0.597 0.378 0.504 0.591 0.665 
 141   (0.075) 0.077 0.169 0.143 0.060 0.036 0.060 0.008 0.088 0.056 0.096 
 149   (0.053) 0.046 0.019 0.155 0.049 0.032 0.049 0.006 0.004 0.046 0.058 
 143   (0.234) 0.240 0.416 0.048 0.237 0.266 0.240 0.358 0.394 0.253 0.141 
 131   (0.012) 0.001 0.002 0.002 0.007 0.005 0.007 0.171 0.001 0.007 0.003 
 127   (0.015) 0.027 0.002 0.001 0.011 0.007 0.011 0.037 0.001 0.010 0.004 
 145   (0.013) 0.001 0.003 0.000 0.008 0.005 0.008 0.002 0.006 0.008 0.024 
 133   (0.015) 0.001 0.005 0.001 0.017 0.006 0.017 0.002 0.001 0.019 0.004 
 121   (0.009) 0.001 0.002 0.003 0.006 0.003 0.006 0.001 0.001 0.005 0.003 
 128   (0.009) 0.001 0.001 0.000 0.005 0.003 0.005 0.038 0.001 0.005 0.002 

Locus 9 : 9 
4 alleles
0.0% missing data
 189   (0.426) 0.485 0.467 0.226 0.456 0.504 0.450 0.487 0.193 0.450 0.394 
 191   (0.369) 0.474 0.311 0.637 0.365 0.319 0.364 0.369 0.447 0.332 0.319 
 195   (0.191) 0.040 0.220 0.134 0.169 0.171 0.175 0.143 0.358 0.208 0.283 
 193   (0.014) 0.001 0.002 0.003 0.011 0.005 0.011 0.002 0.001 0.010 0.004 

Locus 10 : 10 
7 alleles
0.0% missing data
 232   (0.217) 0.298 0.579 0.399 0.215 0.142 0.214 0.170 0.137 0.218 0.270 
 238   (0.542) 0.222 0.259 0.462 0.559 0.614 0.559 0.324 0.595 0.576 0.636 
 252   (0.117) 0.168 0.109 0.122 0.097 0.165 0.100 0.012 0.195 0.098 0.059 
 254   (0.066) 0.300 0.045 0.013 0.054 0.045 0.055 0.489 0.065 0.048 0.019 
 250   (0.032) 0.003 0.004 0.001 0.043 0.023 0.041 0.003 0.007 0.035 0.009 
 240   (0.009) 0.001 0.001 0.003 0.006 0.004 0.006 0.001 0.001 0.005 0.003 
 248   (0.017) 0.008 0.002 0.001 0.026 0.008 0.025 0.002 0.001 0.020 0.005 

Locus 11 : 11 
5 alleles
0.0% missing data
  87   (0.729) 0.605 0.822 0.653 0.766 0.658 0.767 0.805 0.775 0.764 0.674 
  89   (0.213) 0.280 0.167 0.226 0.186 0.272 0.185 0.189 0.221 0.191 0.300 
  91   (0.040) 0.104 0.008 0.120 0.032 0.062 0.032 0.004 0.003 0.031 0.021 
  85   (0.009) 0.001 0.001 0.000 0.009 0.003 0.009 0.001 0.001 0.007 0.002 
  83   (0.009) 0.010 0.001 0.000 0.007 0.005 0.007 0.001 0.001 0.007 0.002 

Locus 12 : 12 
13 alleles
0.0% missing data
 147   (0.049) 0.004 0.305 0.110 0.036 0.045 0.039 0.004 0.128 0.059 0.012 
 158   (0.212) 0.061 0.421 0.467 0.207 0.163 0.203 0.021 0.269 0.183 0.301 
 162   (0.254) 0.271 0.059 0.183 0.266 0.331 0.264 0.192 0.330 0.250 0.159 
 160   (0.258) 0.641 0.148 0.178 0.265 0.289 0.267 0.484 0.072 0.267 0.341 
 170   (0.039) 0.004 0.008 0.013 0.056 0.021 0.055 0.003 0.003 0.063 0.015 
 161   (0.095) 0.009 0.046 0.038 0.089 0.088 0.088 0.009 0.180 0.088 0.127 
 154   (0.016) 0.001 0.003 0.001 0.020 0.008 0.019 0.001 0.001 0.015 0.004 
 159   (0.013) 0.001 0.002 0.000 0.009 0.010 0.009 0.001 0.001 0.013 0.024 
 149   (0.017) 0.002 0.002 0.001 0.016 0.021 0.018 0.002 0.001 0.029 0.005 
 143   (0.020) 0.002 0.003 0.001 0.015 0.011 0.015 0.277 0.012 0.015 0.005 
 164   (0.010) 0.001 0.001 0.008 0.006 0.004 0.006 0.001 0.001 0.006 0.003 
 165   (0.009) 0.001 0.001 0.000 0.008 0.003 0.008 0.002 0.001 0.006 0.002 
 134   (0.009) 0.001 0.001 0.000 0.008 0.005 0.008 0.001 0.001 0.007 0.002 

Locus 13 : 13 
4 alleles
0.0% missing data
 113   (0.344) 0.477 0.545 0.320 0.329 0.255 0.336 0.460 0.366 0.352 0.409 
 115   (0.488) 0.481 0.316 0.506 0.521 0.567 0.516 0.136 0.458 0.516 0.354 
 108   (0.158) 0.041 0.137 0.174 0.142 0.175 0.140 0.404 0.176 0.125 0.236 
 110   (0.009) 0.001 0.001 0.000 0.007 0.003 0.008 0.001 0.001 0.007 0.002 

Locus 14 : 14 
10 alleles
0.0% missing data
 229   (0.420) 0.403 0.288 0.523 0.470 0.419 0.467 0.072 0.324 0.464 0.474 
 225   (0.144) 0.145 0.131 0.061 0.148 0.167 0.147 0.057 0.066 0.136 0.071 
 231   (0.180) 0.425 0.090 0.101 0.168 0.178 0.167 0.426 0.453 0.157 0.059 
 233   (0.054) 0.006 0.033 0.113 0.047 0.038 0.047 0.131 0.024 0.052 0.017 
 227   (0.158) 0.016 0.451 0.199 0.133 0.177 0.138 0.309 0.130 0.161 0.347 
 213   (0.009) 0.001 0.001 0.000 0.008 0.003 0.008 0.001 0.001 0.007 0.002 
 221   (0.009) 0.001 0.001 0.000 0.005 0.003 0.005 0.001 0.001 0.005 0.022 
 255   (0.009) 0.001 0.001 0.002 0.006 0.004 0.006 0.001 0.001 0.006 0.004 
 223   (0.009) 0.001 0.001 0.000 0.008 0.003 0.008 0.002 0.001 0.006 0.002 
 203   (0.009) 0.001 0.001 0.000 0.006 0.008 0.007 0.001 0.001 0.007 0.003 

Locus 15 : 15 
5 alleles
0.3% missing data
 143   (0.905) 0.856 0.985 0.982 0.921 0.934 0.918 0.723 0.911 0.915 0.973 
 157   (0.013) 0.001 0.004 0.002 0.012 0.006 0.012 0.001 0.001 0.010 0.003 
 145   (0.051) 0.005 0.007 0.016 0.044 0.028 0.045 0.273 0.086 0.048 0.017 
 147   (0.022) 0.044 0.003 0.001 0.018 0.029 0.018 0.002 0.001 0.021 0.005 
 133   (0.010) 0.093 0.001 0.000 0.006 0.003 0.006 0.001 0.001 0.005 0.002 

Locus 16 : 16 
5 alleles
0.0% missing data
 158   (0.498) 0.471 0.691 0.539 0.515 0.511 0.515 0.433 0.467 0.517 0.518 
 160   (0.133) 0.071 0.138 0.157 0.133 0.110 0.135 0.013 0.144 0.167 0.100 
 156   (0.281) 0.376 0.114 0.259 0.264 0.334 0.265 0.471 0.320 0.242 0.355 
 154   (0.079) 0.081 0.055 0.046 0.081 0.038 0.078 0.082 0.068 0.064 0.025 
 152   (0.009) 0.001 0.001 0.000 0.007 0.007 0.007 0.001 0.001 0.011 0.002 

Locus 17 : 17 
5 alleles
0.0% missing data
  90   (0.693) 0.631 0.878 0.712 0.685 0.695 0.685 0.529 0.822 0.673 0.704 
 102   (0.176) 0.356 0.092 0.257 0.167 0.163 0.167 0.019 0.163 0.177 0.222 
  88   (0.055) 0.006 0.019 0.028 0.054 0.040 0.056 0.005 0.009 0.059 0.042 
 100   (0.067) 0.006 0.009 0.003 0.084 0.099 0.083 0.446 0.005 0.083 0.029 
 104   (0.009) 0.001 0.002 0.000 0.010 0.004 0.009 0.001 0.001 0.007 0.002 

Locus 18 : 18 
7 alleles
0.0% missing data
 142   (0.105) 0.013 0.190 0.428 0.138 0.102 0.130 0.010 0.007 0.106 0.029 
 146   (0.107) 0.107 0.101 0.102 0.101 0.086 0.103 0.019 0.068 0.110 0.059 
 127   (0.299) 0.189 0.157 0.254 0.299 0.206 0.296 0.462 0.373 0.282 0.389 
 148   (0.099) 0.242 0.027 0.089 0.094 0.095 0.099 0.011 0.047 0.111 0.059 
 140   (0.276) 0.048 0.475 0.094 0.259 0.363 0.263 0.485 0.436 0.286 0.246 
 138   (0.064) 0.006 0.043 0.031 0.063 0.034 0.061 0.006 0.059 0.051 0.197 
 150   (0.051) 0.394 0.007 0.002 0.046 0.114 0.048 0.006 0.009 0.054 0.022 

Locus 19 : 19 
6 alleles
0.0% missing data
 188   (0.157) 0.143 0.174 0.089 0.157 0.205 0.159 0.018 0.048 0.152 0.136 
 194   (0.588) 0.596 0.494 0.556 0.620 0.506 0.617 0.674 0.657 0.619 0.475 
 190   (0.127) 0.106 0.313 0.351 0.101 0.095 0.103 0.018 0.259 0.116 0.133 
 200   (0.086) 0.010 0.013 0.003 0.079 0.177 0.079 0.205 0.033 0.080 0.246 
 198   (0.009) 0.001 0.001 0.000 0.008 0.003 0.008 0.001 0.001 0.007 0.002 
 202   (0.033) 0.145 0.005 0.001 0.036 0.015 0.034 0.085 0.002 0.027 0.008 

Locus 20 : 20 
6 alleles
0.0% missing data
 244   (0.029) 0.003 0.005 0.029 0.025 0.026 0.026 0.004 0.006 0.027 0.010 
 250   (0.084) 0.055 0.048 0.113 0.077 0.041 0.076 0.772 0.038 0.066 0.021 
 252   (0.674) 0.571 0.662 0.794 0.690 0.770 0.692 0.142 0.633 0.703 0.712 
 246   (0.121) 0.293 0.272 0.007 0.109 0.091 0.109 0.043 0.241 0.109 0.233 
 254   (0.075) 0.075 0.011 0.056 0.079 0.065 0.079 0.010 0.081 0.082 0.020 
 248   (0.016) 0.002 0.002 0.001 0.020 0.007 0.019 0.028 0.001 0.013 0.004 

Locus 21 : 21 
10 alleles
0.0% missing data
 167   (0.262) 0.253 0.252 0.337 0.264 0.352 0.267 0.072 0.218 0.281 0.271 
 177   (0.203) 0.167 0.563 0.266 0.207 0.130 0.202 0.551 0.110 0.182 0.165 
 173   (0.279) 0.134 0.138 0.334 0.282 0.333 0.285 0.195 0.203 0.296 0.352 
 165   (0.056) 0.006 0.008 0.008 0.057 0.030 0.057 0.010 0.172 0.049 0.093 
 175   (0.134) 0.069 0.030 0.051 0.124 0.129 0.127 0.164 0.279 0.142 0.101 
 163   (0.030) 0.350 0.004 0.001 0.040 0.013 0.037 0.003 0.004 0.026 0.007 
 169   (0.009) 0.001 0.001 0.003 0.006 0.004 0.006 0.001 0.001 0.005 0.003 
 171   (0.010) 0.001 0.001 0.000 0.006 0.004 0.006 0.001 0.012 0.006 0.003 
 159   (0.009) 0.001 0.001 0.000 0.008 0.003 0.008 0.002 0.001 0.006 0.002 
 161   (0.009) 0.017 0.001 0.000 0.006 0.003 0.006 0.001 0.001 0.005 0.004 

Locus 22 : 22 
11 alleles
0.3% missing data
 146   (0.211) 0.190 0.071 0.284 0.204 0.322 0.205 0.164 0.286 0.219 0.138 
 152   (0.419) 0.426 0.563 0.547 0.441 0.386 0.440 0.274 0.481 0.441 0.515 
 154   (0.016) 0.002 0.119 0.056 0.009 0.006 0.010 0.002 0.001 0.009 0.004 
 166   (0.086) 0.009 0.165 0.070 0.079 0.079 0.079 0.156 0.093 0.079 0.040 
 164   (0.042) 0.005 0.008 0.005 0.050 0.027 0.047 0.005 0.035 0.036 0.063 
 150   (0.047) 0.040 0.049 0.007 0.042 0.021 0.042 0.045 0.022 0.039 0.030 
 158   (0.099) 0.058 0.015 0.029 0.098 0.115 0.101 0.011 0.070 0.115 0.108 
 142   (0.009) 0.001 0.001 0.000 0.005 0.003 0.006 0.001 0.001 0.005 0.070 
 156   (0.017) 0.190 0.002 0.001 0.013 0.015 0.013 0.003 0.001 0.013 0.004 
 162   (0.035) 0.078 0.005 0.001 0.037 0.019 0.039 0.006 0.010 0.031 0.025 
 148   (0.018) 0.002 0.002 0.001 0.021 0.007 0.019 0.334 0.001 0.014 0.004 

Locus 23 : 23 
6 alleles
0.3% missing data
 154   (0.538) 0.267 0.359 0.539 0.569 0.593 0.575 0.282 0.648 0.603 0.408 
 144   (0.191) 0.472 0.220 0.159 0.165 0.174 0.166 0.683 0.171 0.161 0.285 
 156   (0.128) 0.013 0.029 0.047 0.147 0.135 0.140 0.018 0.139 0.119 0.133 
 160   (0.110) 0.244 0.382 0.190 0.093 0.082 0.093 0.012 0.040 0.091 0.165 
 152   (0.014) 0.001 0.003 0.049 0.009 0.008 0.009 0.001 0.001 0.011 0.003 
 158   (0.020) 0.003 0.007 0.017 0.018 0.008 0.017 0.003 0.001 0.015 0.006 

Locus 24 : 24 
4 alleles
0.3% missing data
  83   (0.503) 0.929 0.537 0.464 0.491 0.433 0.493 0.612 0.611 0.491 0.493 
  85   (0.058) 0.006 0.037 0.040 0.047 0.044 0.048 0.007 0.067 0.049 0.068 
  81   (0.337) 0.037 0.371 0.291 0.362 0.429 0.361 0.371 0.272 0.363 0.335 
  77   (0.102) 0.028 0.055 0.206 0.100 0.094 0.098 0.010 0.050 0.097 0.103 

Locus 25 : 25 
6 alleles
0.3% missing data
 126   (0.039) 0.004 0.020 0.042 0.037 0.038 0.038 0.006 0.003 0.035 0.011 
 132   (0.311) 0.615 0.331 0.532 0.304 0.262 0.302 0.216 0.273 0.295 0.365 
 122   (0.113) 0.030 0.035 0.029 0.133 0.097 0.132 0.016 0.119 0.116 0.035 
 124   (0.511) 0.348 0.610 0.396 0.508 0.591 0.508 0.383 0.603 0.535 0.561 
 120   (0.012) 0.001 0.002 0.000 0.008 0.006 0.008 0.378 0.001 0.010 0.003 
 136   (0.013) 0.001 0.002 0.000 0.010 0.006 0.011 0.001 0.001 0.009 0.025 

Locus 26 : 26 
6 alleles
0.0% missing data
 183   (0.366) 0.697 0.420 0.479 0.395 0.296 0.391 0.186 0.307 0.378 0.189 
 175   (0.267) 0.232 0.424 0.259 0.265 0.234 0.259 0.026 0.306 0.247 0.378 
 179   (0.068) 0.006 0.018 0.086 0.059 0.145 0.066 0.417 0.005 0.088 0.022 
 165   (0.249) 0.060 0.130 0.174 0.233 0.236 0.236 0.366 0.349 0.242 0.380 
 181   (0.041) 0.004 0.008 0.001 0.040 0.083 0.040 0.004 0.032 0.036 0.028 
 185   (0.009) 0.001 0.001 0.000 0.008 0.006 0.008 0.001 0.001 0.009 0.002 

Locus 27 : 27 
4 alleles
0.0% missing data
 142   (0.556) 0.727 0.712 0.693 0.522 0.650 0.526 0.485 0.603 0.542 0.655 
 148   (0.260) 0.085 0.253 0.120 0.281 0.199 0.274 0.495 0.280 0.247 0.164 
 138   (0.061) 0.007 0.015 0.178 0.054 0.042 0.055 0.008 0.010 0.063 0.107 
 150   (0.123) 0.181 0.020 0.009 0.143 0.110 0.144 0.012 0.107 0.148 0.074 

Locus 28 : 28 
5 alleles
0.0% missing data
 260   (0.444) 0.250 0.526 0.328 0.488 0.385 0.481 0.180 0.333 0.456 0.545 
 262   (0.470) 0.574 0.450 0.644 0.432 0.563 0.438 0.811 0.608 0.465 0.363 
 256   (0.061) 0.173 0.021 0.028 0.057 0.038 0.057 0.006 0.057 0.059 0.019 
 264   (0.010) 0.001 0.001 0.000 0.006 0.003 0.006 0.001 0.001 0.005 0.068 
 258   (0.016) 0.002 0.002 0.001 0.018 0.011 0.018 0.001 0.001 0.015 0.005 

Locus 29 : 29 
5 alleles
0.3% missing data
 140   (0.157) 0.150 0.055 0.100 0.138 0.143 0.142 0.770 0.245 0.170 0.123 
 150   (0.502) 0.246 0.429 0.755 0.506 0.608 0.509 0.192 0.437 0.527 0.544 
 146   (0.234) 0.442 0.345 0.096 0.257 0.159 0.248 0.025 0.239 0.204 0.301 
 148   (0.085) 0.160 0.168 0.047 0.072 0.077 0.074 0.009 0.078 0.078 0.026 
 152   (0.022) 0.002 0.004 0.001 0.027 0.012 0.027 0.004 0.002 0.021 0.006 

Locus 30 : 30 
6 alleles
0.0% missing data
 125   (0.285) 0.256 0.622 0.411 0.294 0.255 0.288 0.062 0.307 0.248 0.137 
 129   (0.507) 0.647 0.343 0.466 0.504 0.493 0.510 0.333 0.427 0.549 0.696 
 123   (0.104) 0.087 0.021 0.119 0.089 0.185 0.092 0.012 0.122 0.111 0.052 
 127   (0.063) 0.006 0.009 0.002 0.063 0.045 0.063 0.586 0.142 0.056 0.017 
 131   (0.030) 0.003 0.004 0.001 0.033 0.018 0.033 0.004 0.002 0.026 0.095 
 121   (0.012) 0.001 0.001 0.000 0.016 0.004 0.014 0.001 0.001 0.010 0.003 

Locus 31 : 31 
5 alleles
0.0% missing data
 153   (0.054) 0.006 0.009 0.084 0.044 0.091 0.048 0.034 0.004 0.063 0.080 
 155   (0.582) 0.588 0.889 0.577 0.621 0.485 0.608 0.658 0.436 0.559 0.469 
 157   (0.211) 0.059 0.042 0.210 0.208 0.202 0.209 0.239 0.336 0.226 0.266 
 159   (0.126) 0.013 0.057 0.128 0.105 0.209 0.111 0.015 0.223 0.128 0.175 
 151   (0.028) 0.334 0.004 0.001 0.022 0.013 0.023 0.055 0.002 0.024 0.010 

Locus 32 : 32 
4 alleles
0.0% missing data
 146   (0.314) 0.442 0.125 0.091 0.328 0.263 0.329 0.365 0.311 0.329 0.285 
 150   (0.571) 0.547 0.855 0.808 0.568 0.547 0.566 0.595 0.504 0.569 0.680 
 148   (0.069) 0.007 0.013 0.097 0.064 0.094 0.064 0.007 0.104 0.060 0.020 
 154   (0.047) 0.005 0.006 0.004 0.040 0.097 0.040 0.033 0.081 0.041 0.015 

Locus 33 : 33 
7 alleles
0.0% missing data
 196   (0.161) 0.016 0.152 0.176 0.174 0.170 0.172 0.019 0.099 0.162 0.140 
 198   (0.042) 0.082 0.119 0.042 0.032 0.058 0.033 0.006 0.003 0.031 0.012 
 184   (0.198) 0.045 0.394 0.152 0.186 0.166 0.188 0.190 0.278 0.190 0.106 
 180   (0.432) 0.735 0.309 0.598 0.421 0.457 0.420 0.767 0.444 0.420 0.429 
 194   (0.011) 0.001 0.002 0.026 0.006 0.004 0.006 0.001 0.001 0.006 0.002 
 192   (0.137) 0.119 0.022 0.005 0.161 0.139 0.163 0.015 0.149 0.177 0.307 
 190   (0.019) 0.002 0.003 0.001 0.020 0.007 0.018 0.002 0.027 0.013 0.004 

Locus 34 : 34 
7 alleles
0.0% missing data
 106   (0.303) 0.691 0.074 0.143 0.299 0.357 0.305 0.294 0.311 0.335 0.321 
 112   (0.287) 0.101 0.689 0.481 0.278 0.321 0.278 0.029 0.254 0.264 0.421 
 110   (0.235) 0.064 0.208 0.358 0.234 0.199 0.230 0.250 0.357 0.214 0.179 
  90   (0.039) 0.004 0.007 0.011 0.029 0.015 0.029 0.289 0.029 0.027 0.032 
 108   (0.110) 0.068 0.019 0.006 0.128 0.097 0.129 0.136 0.047 0.140 0.041 
  96   (0.010) 0.070 0.001 0.000 0.005 0.003 0.006 0.001 0.001 0.005 0.002 
  94   (0.017) 0.002 0.002 0.001 0.027 0.007 0.024 0.002 0.001 0.015 0.004 

Locus 35 : 35 
8 alleles
0.0% missing data
 170   (0.320) 0.585 0.259 0.172 0.313 0.268 0.308 0.541 0.524 0.284 0.207 
 172   (0.277) 0.375 0.318 0.438 0.268 0.245 0.272 0.029 0.103 0.271 0.544 
 166   (0.061) 0.006 0.193 0.252 0.044 0.043 0.045 0.007 0.037 0.045 0.066 
 176   (0.122) 0.013 0.180 0.111 0.139 0.064 0.132 0.013 0.257 0.119 0.040 
 178   (0.048) 0.005 0.024 0.016 0.046 0.037 0.047 0.004 0.003 0.054 0.064 
 174   (0.099) 0.010 0.017 0.009 0.113 0.169 0.116 0.010 0.070 0.131 0.061 
 168   (0.057) 0.005 0.007 0.002 0.066 0.140 0.068 0.395 0.004 0.077 0.015 
 186   (0.014) 0.001 0.002 0.000 0.010 0.034 0.011 0.001 0.001 0.020 0.004 

Locus 36 : 36 
6 alleles
0.0% missing data
  85   (0.218) 0.191 0.398 0.151 0.208 0.333 0.211 0.330 0.093 0.212 0.146 
  89   (0.532) 0.774 0.484 0.726 0.523 0.513 0.525 0.303 0.612 0.551 0.556 
  95   (0.070) 0.007 0.081 0.087 0.065 0.032 0.063 0.008 0.094 0.051 0.093 
  83   (0.126) 0.022 0.028 0.035 0.148 0.095 0.146 0.019 0.062 0.137 0.190 
  81   (0.042) 0.004 0.008 0.001 0.046 0.024 0.047 0.005 0.138 0.042 0.013 
  91   (0.012) 0.001 0.001 0.000 0.009 0.004 0.009 0.335 0.001 0.007 0.003 

Locus 37 : 37 
8 alleles
0.0% missing data
 159   (0.011) 0.001 0.002 0.025 0.006 0.004 0.006 0.001 0.001 0.006 0.003 
 165   (0.230) 0.062 0.079 0.267 0.240 0.266 0.237 0.076 0.196 0.216 0.221 
 161   (0.359) 0.399 0.757 0.478 0.347 0.374 0.353 0.075 0.346 0.388 0.256 
 169   (0.084) 0.011 0.062 0.125 0.104 0.076 0.103 0.038 0.006 0.101 0.042 
 173   (0.268) 0.522 0.094 0.097 0.268 0.220 0.264 0.414 0.448 0.245 0.400 
 167   (0.025) 0.003 0.004 0.003 0.021 0.053 0.023 0.004 0.002 0.031 0.029 
 175   (0.010) 0.001 0.001 0.000 0.005 0.003 0.006 0.001 0.001 0.005 0.047 
 168   (0.013) 0.001 0.002 0.005 0.008 0.005 0.008 0.391 0.001 0.007 0.003 

Locus 38 : 38 
7 alleles
0.0% missing data
  87   (0.118) 0.201 0.019 0.189 0.108 0.157 0.108 0.754 0.071 0.097 0.031 
  89   (0.384) 0.067 0.738 0.624 0.426 0.451 0.427 0.040 0.214 0.442 0.357 
  81   (0.093) 0.150 0.102 0.042 0.082 0.077 0.083 0.011 0.141 0.099 0.041 
  85   (0.220) 0.273 0.114 0.067 0.209 0.208 0.209 0.152 0.254 0.202 0.319 
  91   (0.153) 0.306 0.023 0.050 0.155 0.096 0.153 0.040 0.298 0.141 0.227 
  93   (0.022) 0.002 0.003 0.021 0.014 0.008 0.014 0.002 0.021 0.013 0.022 
  95   (0.010) 0.001 0.001 0.008 0.006 0.004 0.006 0.001 0.001 0.006 0.002 

Locus 39 : 39 
4 alleles
0.0% missing data
 167   (0.804) 0.898 0.955 0.918 0.792 0.828 0.791 0.810 0.957 0.794 0.877 
 161   (0.158) 0.098 0.038 0.073 0.165 0.156 0.167 0.185 0.040 0.173 0.114 
 165   (0.028) 0.003 0.006 0.006 0.036 0.012 0.035 0.004 0.002 0.027 0.007 
 155   (0.009) 0.001 0.002 0.003 0.006 0.004 0.006 0.001 0.001 0.006 0.003 

Locus 40 : 40 
7 alleles
0.3% missing data
 228   (0.406) 0.187 0.542 0.587 0.402 0.357 0.397 0.485 0.317 0.372 0.591 
 236   (0.072) 0.612 0.012 0.106 0.060 0.029 0.060 0.155 0.116 0.051 0.018 
 224   (0.032) 0.003 0.022 0.063 0.022 0.019 0.023 0.003 0.133 0.021 0.008 
 238   (0.363) 0.048 0.402 0.237 0.377 0.447 0.377 0.171 0.405 0.362 0.286 
 240   (0.104) 0.147 0.018 0.004 0.122 0.140 0.127 0.060 0.027 0.181 0.092 
 246   (0.009) 0.001 0.002 0.004 0.006 0.004 0.006 0.001 0.001 0.005 0.003 
 242   (0.013) 0.001 0.002 0.000 0.010 0.004 0.010 0.125 0.001 0.008 0.003 

Locus 41 : 41 
9 alleles
0.3% missing data
 130   (0.521) 0.400 0.401 0.475 0.579 0.493 0.571 0.093 0.460 0.534 0.418 
 132   (0.115) 0.305 0.506 0.187 0.096 0.076 0.098 0.011 0.189 0.112 0.053 
 128   (0.072) 0.012 0.041 0.210 0.058 0.064 0.058 0.007 0.035 0.055 0.317 
 114   (0.096) 0.010 0.021 0.097 0.089 0.095 0.091 0.514 0.161 0.105 0.025 
 134   (0.113) 0.012 0.019 0.006 0.113 0.202 0.115 0.307 0.133 0.110 0.146 
 122   (0.015) 0.002 0.002 0.022 0.011 0.008 0.011 0.001 0.001 0.011 0.004 
 118   (0.049) 0.257 0.007 0.002 0.041 0.055 0.044 0.065 0.010 0.062 0.033 
 120   (0.009) 0.001 0.001 0.000 0.005 0.003 0.006 0.001 0.006 0.005 0.002 
 119   (0.009) 0.001 0.001 0.000 0.006 0.004 0.006 0.001 0.004 0.006 0.002 

Locus 42 : 42 
8 alleles
0.0% missing data
 102   (0.268) 0.547 0.553 0.413 0.247 0.303 0.249 0.267 0.427 0.258 0.309 
 104   (0.358) 0.310 0.083 0.209 0.387 0.441 0.387 0.075 0.287 0.395 0.526 
  92   (0.129) 0.013 0.183 0.101 0.140 0.086 0.136 0.205 0.104 0.122 0.071 
  98   (0.148) 0.107 0.160 0.192 0.146 0.119 0.146 0.281 0.115 0.142 0.040 
  96   (0.060) 0.006 0.016 0.084 0.052 0.034 0.054 0.166 0.053 0.059 0.018 
 106   (0.009) 0.001 0.001 0.000 0.010 0.003 0.009 0.001 0.001 0.007 0.002 
  94   (0.012) 0.002 0.002 0.000 0.008 0.007 0.008 0.001 0.008 0.007 0.008 
 100   (0.016) 0.015 0.002 0.001 0.010 0.006 0.010 0.003 0.006 0.010 0.027 

Locus 43 : 43 
6 alleles
0.0% missing data
  95   (0.241) 0.429 0.071 0.421 0.238 0.261 0.241 0.050 0.227 0.245 0.200 
  99   (0.083) 0.009 0.275 0.015 0.085 0.074 0.084 0.349 0.051 0.068 0.022 
 101   (0.334) 0.168 0.359 0.332 0.335 0.295 0.334 0.031 0.405 0.337 0.537 
 103   (0.307) 0.380 0.291 0.228 0.315 0.342 0.315 0.217 0.312 0.324 0.226 
  97   (0.026) 0.013 0.003 0.001 0.020 0.024 0.021 0.353 0.004 0.020 0.012 
 105   (0.009) 0.001 0.002 0.003 0.006 0.004 0.006 0.001 0.001 0.006 0.003 

Locus 44 : 44 
8 alleles
0.0% missing data
 181   (0.588) 0.914 0.647 0.712 0.615 0.498 0.610 0.554 0.530 0.590 0.638 
 191   (0.276) 0.048 0.184 0.176 0.271 0.359 0.274 0.111 0.437 0.292 0.255 
 177   (0.064) 0.008 0.158 0.110 0.053 0.041 0.056 0.006 0.025 0.064 0.089 
 179   (0.020) 0.002 0.003 0.001 0.013 0.079 0.014 0.322 0.001 0.014 0.005 
 189   (0.017) 0.024 0.003 0.001 0.015 0.007 0.016 0.002 0.001 0.013 0.004 
 187   (0.009) 0.001 0.001 0.000 0.006 0.004 0.006 0.001 0.004 0.007 0.002 
 193   (0.013) 0.002 0.002 0.000 0.014 0.005 0.013 0.003 0.001 0.010 0.003 
 183   (0.013) 0.001 0.002 0.000 0.012 0.008 0.012 0.001 0.001 0.011 0.004 

Locus 45 : 45 
6 alleles
0.6% missing data
 205   (0.456) 0.279 0.435 0.453 0.474 0.507 0.471 0.326 0.438 0.475 0.624 
 215   (0.080) 0.116 0.127 0.087 0.074 0.050 0.073 0.008 0.134 0.063 0.026 
 207   (0.192) 0.437 0.293 0.143 0.211 0.112 0.209 0.052 0.090 0.198 0.182 
 211   (0.210) 0.162 0.129 0.251 0.193 0.262 0.197 0.162 0.292 0.200 0.145 
 201   (0.052) 0.005 0.015 0.064 0.041 0.056 0.043 0.451 0.046 0.058 0.019 
 202   (0.009) 0.001 0.001 0.000 0.007 0.013 0.007 0.001 0.001 0.006 0.003 

Locus 46 : 46 
10 alleles
0.0% missing data
 166   (0.166) 0.270 0.283 0.297 0.158 0.190 0.155 0.132 0.078 0.131 0.260 
 168   (0.159) 0.129 0.132 0.191 0.185 0.097 0.181 0.124 0.122 0.170 0.070 
 144   (0.048) 0.008 0.010 0.217 0.044 0.055 0.048 0.005 0.003 0.063 0.059 
 158   (0.186) 0.252 0.176 0.122 0.185 0.161 0.185 0.148 0.242 0.182 0.123 
 142   (0.283) 0.302 0.356 0.164 0.281 0.371 0.280 0.032 0.344 0.276 0.422 
 170   (0.022) 0.005 0.004 0.004 0.025 0.009 0.025 0.002 0.002 0.020 0.006 
 156   (0.026) 0.003 0.004 0.001 0.023 0.032 0.025 0.147 0.007 0.043 0.007 
 164   (0.052) 0.006 0.027 0.002 0.049 0.044 0.051 0.052 0.045 0.070 0.035 
 162   (0.048) 0.005 0.007 0.002 0.045 0.039 0.046 0.357 0.156 0.042 0.016 
 160   (0.009) 0.021 0.002 0.000 0.005 0.003 0.005 0.001 0.001 0.005 0.002 

Locus 47 : 47 
6 alleles
0.0% missing data
 149   (0.284) 0.214 0.045 0.110 0.323 0.250 0.322 0.480 0.125 0.318 0.384 
 151   (0.231) 0.030 0.568 0.247 0.225 0.205 0.223 0.141 0.351 0.202 0.201 
 153   (0.218) 0.088 0.205 0.403 0.218 0.267 0.222 0.024 0.158 0.235 0.110 
 145   (0.234) 0.664 0.150 0.222 0.201 0.266 0.201 0.351 0.364 0.219 0.297 
 147   (0.018) 0.002 0.029 0.018 0.014 0.007 0.013 0.002 0.001 0.012 0.004 
 143   (0.015) 0.001 0.003 0.001 0.019 0.006 0.018 0.002 0.001 0.014 0.004 

Values of parameters used in structure:
DATAFILE=temp1_no_plains.str,	OUTFILE=k10/temp1_no_plains_k10_run10,	NUMINDS=333,	NUMLOCI=47,	MISSING=-9,	LABEL=1,	POPDATA=1,	POPFLAG=0,	PHENOTYPE=0,	EXTRACOLS=0,	MAXPOPS=10,	BURNIN=500000,	NUMREPS=750000,	USEPOPINFO=0,	INFERALPHA=1,	INFERLAMBDA=0,	POPSPECIFICLAMBDA=0,	POPALPHAS=0,	COMPUTEPROB=1,	NOADMIX=0,	ADMBURNIN=500,	UPDATEFREQ=100,	PRINTLIKES=0,	INTERMEDSAVE=0,	PRINTKLD=0,	PRINTNET=1,	PRINTLAMBDA=1,	ANCESTDIST=0,	NUMBOXES=1000,	ANCESTPINT=0.90000,	GENSBACK=2,	MIGRPRIOR=0.01000,	PRINTQHAT=0,	PRINTQSUM=1,	ALPHA=1.0000,	FREQSCORR=1,	FPRIORMEAN=0.0100,	FPRIORSD=0.0500,	ONEFST=0,	LAMBDA=1.0000,	UNIFPRIORALPHA=1,	ALPHAMAX=10.0000,	ALPHAPRIORA=1.0000,	ALPHAPRIORB=2.0000,	ALPHAPROPSD=0.0250,	STARTATPOPINFO=0,	RANDOMIZE=0,	LINKAGE=0,	METROFREQ=10,	REPORTHITRATE=0,	MARKOVPHASE=0,	PHASED=1,	PLOIDY=2,	PHASEINFO=0	LOCPRIOR=0, 	LOCPRIORINIT=1.000000, 	LOCDATA=0, 	LOCISPOP=1, 	LOCPRIORSTEP=0.100000, 	MAXLOCPRIOR=20.000000, 	SEED=322393,	
[STRAT parameters]:    NUMSIMSTATS=1000,	PHENOTYPECOL=-9,	POOLFREQ=10,	LOCUSxONLY=0,	EMERROR=0.00100,	MISSINGPHENO=-9,	