

----------------------------------------------------
STRUCTURE by Pritchard, Stephens and Donnelly (2000)
     and Falush, Stephens and Pritchard (2003)
       Code by Pritchard, Falush and Hubisz
             Version 2.3.4 (Jul 2012)
----------------------------------------------------



Command line arguments:   structure -D 584473 -K 5 -m mainparams -o k5/temp1_no_plains_k5_run3 
Input File:    temp1_no_plains.str

Run parameters:
   333 individuals
   47 loci
   5 populations assumed
   500000 Burn-in period
   750000 Reps
RANDOMIZE turned off


--------------------------------------------
Proportion of membership of each pre-defined
 population in each of the 5 clusters

Given    Inferred Clusters                     Number of
 Pop       1      2      3      4      5      Individuals

  1:     0.014  0.010  0.006  0.003  0.967       79
  2:     0.013  0.041  0.016  0.003  0.927       12
  3:     0.008  0.009  0.006  0.004  0.973       33
  4:     0.033  0.943  0.009  0.006  0.010       81
  5:     0.017  0.014  0.007  0.014  0.947        7
  6:     0.040  0.006  0.936  0.003  0.015       19
  7:     0.005  0.004  0.011  0.977  0.003       10
  8:     0.905  0.031  0.009  0.032  0.023       10
  9:     0.818  0.071  0.032  0.020  0.058       23
 10:     0.846  0.094  0.026  0.013  0.021       11
 11:     0.898  0.017  0.008  0.005  0.072       18
 12:     0.806  0.065  0.014  0.041  0.074       25
 13:     0.935  0.011  0.015  0.002  0.037        5
--------------------------------------------

Allele-freq. divergence among pops (Net nucleotide distance),
computed using point estimates of P.

      1       2       3       4       5      
 1      -    0.0172  0.0506  0.1020  0.0242  
 2   0.0172     -    0.0613  0.1105  0.0370  
 3   0.0506  0.0613     -    0.1203  0.0680  
 4   0.1020  0.1105  0.1203     -    0.1312  
 5   0.0242  0.0370  0.0680  0.1312     -    

Average distances (expected heterozygosity) between individuals in same cluster:
cluster  1  : 0.6364 
cluster  2  : 0.6023 
cluster  3  : 0.5574 
cluster  4  : 0.5534 
cluster  5  : 0.5679 

--------------------------------------------
Estimated Ln Prob of Data   = -35712.9
Mean value of ln likelihood = -35354.4
Variance of ln likelihood   = 717.1
Mean value of alpha         = 0.0325

Mean value of Fst_1         = 0.0140
Mean value of Fst_2         = 0.0841
Mean value of Fst_3         = 0.1856
Mean value of Fst_4         = 0.2849
Mean value of Fst_5         = 0.1052


Inferred ancestry of individuals:
        Label (%Miss) Pop:  Inferred clusters
  1      014    (0)    1 :  0.013 0.005 0.009 0.004 0.969 
  2      015    (0)    1 :  0.007 0.009 0.003 0.001 0.979 
  3      016    (0)    1 :  0.005 0.010 0.002 0.002 0.981 
  4      017    (0)    1 :  0.010 0.011 0.006 0.002 0.972 
  5      018    (0)    1 :  0.006 0.018 0.004 0.004 0.968 
  6      023    (0)    1 :  0.009 0.016 0.004 0.004 0.966 
  7      025    (0)    1 :  0.008 0.004 0.005 0.002 0.982 
  8      026    (0)    1 :  0.003 0.003 0.002 0.001 0.990 
  9      027    (0)    1 :  0.074 0.010 0.002 0.003 0.910 
 10      028    (0)    1 :  0.005 0.021 0.003 0.003 0.968 
 11      029    (0)    1 :  0.008 0.006 0.003 0.001 0.981 
 12      030    (0)    1 :  0.010 0.012 0.007 0.002 0.969 
 13      031    (0)    1 :  0.006 0.020 0.003 0.003 0.969 
 14      032    (0)    1 :  0.006 0.010 0.011 0.005 0.968 
 15      035    (0)    1 :  0.003 0.003 0.002 0.001 0.990 
 16      037    (0)    1 :  0.005 0.009 0.004 0.002 0.981 
 17      038    (0)    1 :  0.006 0.013 0.030 0.003 0.948 
 18      039    (0)    1 :  0.002 0.004 0.002 0.002 0.990 
 19      040    (0)    1 :  0.016 0.017 0.002 0.003 0.962 
 20      041    (0)    1 :  0.005 0.009 0.002 0.002 0.983 
 21      043    (0)    1 :  0.003 0.003 0.002 0.001 0.992 
 22      045    (0)    1 :  0.006 0.007 0.003 0.003 0.981 
 23      046    (0)    1 :  0.014 0.014 0.002 0.003 0.968 
 24      047    (0)    1 :  0.006 0.008 0.003 0.001 0.982 
 25      050    (0)    1 :  0.002 0.002 0.002 0.001 0.993 
 26      052    (0)    1 :  0.003 0.003 0.002 0.001 0.990 
 27      053    (0)    1 :  0.004 0.003 0.002 0.001 0.991 
 28      054    (0)    1 :  0.018 0.026 0.003 0.011 0.941 
 29      055    (0)    1 :  0.004 0.005 0.003 0.002 0.985 
 30      056    (0)    1 :  0.007 0.006 0.002 0.002 0.983 
 31      057    (0)    1 :  0.026 0.005 0.006 0.003 0.959 
 32      058    (0)    1 :  0.017 0.016 0.041 0.003 0.922 
 33      059    (0)    1 :  0.013 0.037 0.007 0.003 0.941 
 34      060    (0)    1 :  0.005 0.007 0.003 0.002 0.983 
 35      350    (0)    1 :  0.004 0.004 0.004 0.007 0.981 
 36      351    (0)    1 :  0.007 0.010 0.002 0.001 0.979 
 37      354    (0)    1 :  0.004 0.008 0.005 0.002 0.982 
 38      374    (0)    1 :  0.071 0.011 0.012 0.002 0.904 
 39      378    (0)    1 :  0.013 0.008 0.004 0.001 0.974 
 40      381    (0)    1 :  0.004 0.006 0.002 0.002 0.986 
 41      382    (0)    1 :  0.006 0.010 0.008 0.005 0.971 
 42      384    (0)    1 :  0.005 0.005 0.002 0.001 0.987 
 43      555    (0)    1 :  0.007 0.006 0.010 0.006 0.971 
 44      671    (0)    1 :  0.148 0.024 0.055 0.008 0.764 
 45      672    (0)    1 :  0.011 0.012 0.010 0.003 0.965 
 46      705    (0)    1 :  0.004 0.004 0.017 0.001 0.975 
 47      706    (0)    1 :  0.004 0.006 0.002 0.001 0.988 
 48      707    (0)    1 :  0.004 0.004 0.005 0.004 0.984 
 49      708    (0)    1 :  0.027 0.011 0.005 0.032 0.926 
 50      758    (0)    1 :  0.012 0.012 0.004 0.004 0.968 
 51      759    (0)    1 :  0.008 0.015 0.007 0.002 0.969 
 52      760    (0)    1 :  0.007 0.009 0.002 0.002 0.981 
 53      761    (0)    1 :  0.004 0.014 0.004 0.002 0.976 
 54      762    (0)    1 :  0.006 0.009 0.007 0.002 0.977 
 55      763    (0)    1 :  0.005 0.006 0.005 0.001 0.983 
 56      764    (0)    1 :  0.003 0.003 0.003 0.003 0.988 
 57      765    (0)    1 :  0.010 0.009 0.004 0.002 0.975 
 58      766    (0)    1 :  0.002 0.002 0.002 0.001 0.993 
 59      767    (0)    1 :  0.005 0.006 0.023 0.005 0.961 
 60      768    (0)    1 :  0.003 0.004 0.003 0.002 0.988 
 61      769    (0)    1 :  0.008 0.010 0.002 0.001 0.978 
 62      770    (0)    1 :  0.022 0.032 0.002 0.004 0.939 
 63      771    (0)    1 :  0.010 0.009 0.004 0.003 0.974 
 64      772    (0)    1 :  0.196 0.032 0.004 0.001 0.766 
 65      773    (0)    1 :  0.004 0.007 0.016 0.002 0.971 
 66      774    (0)    1 :  0.014 0.043 0.003 0.003 0.937 
 67      775    (0)    1 :  0.003 0.003 0.003 0.001 0.989 
 68      776    (0)    1 :  0.004 0.006 0.003 0.002 0.985 
 69      777    (0)    1 :  0.003 0.003 0.004 0.003 0.988 
 70      778    (0)    1 :  0.003 0.003 0.007 0.002 0.985 
 71      779    (0)    1 :  0.004 0.006 0.004 0.006 0.981 
 72      780    (0)    1 :  0.006 0.002 0.002 0.002 0.988 
 73      781    (0)    1 :  0.008 0.005 0.004 0.001 0.981 
 74      782    (0)    1 :  0.005 0.004 0.005 0.002 0.984 
 75      783    (0)    1 :  0.003 0.006 0.003 0.002 0.986 
 76      784    (0)    1 :  0.038 0.005 0.009 0.003 0.945 
 77      785    (0)    1 :  0.007 0.002 0.006 0.001 0.984 
 78      786    (0)    1 :  0.003 0.004 0.003 0.001 0.989 
 79      787    (0)    1 :  0.008 0.045 0.005 0.002 0.941 
 80      793    (0)   10 :  0.758 0.219 0.003 0.008 0.012 
 81      794    (0)   10 :  0.928 0.009 0.003 0.007 0.053 
 82      828    (0)   10 :  0.943 0.046 0.003 0.005 0.004 
 83      829    (4)   10 :  0.823 0.099 0.004 0.002 0.073 
 84      830    (0)   10 :  0.940 0.031 0.014 0.004 0.012 
 85      831    (2)   10 :  0.944 0.008 0.011 0.028 0.010 
 86      832    (0)   10 :  0.945 0.034 0.003 0.003 0.016 
 87      833    (2)   10 :  0.910 0.069 0.003 0.009 0.009 
 88      835    (0)   10 :  0.237 0.433 0.233 0.074 0.023 
 89      870    (0)   10 :  0.906 0.079 0.006 0.002 0.007 
 90      871    (0)   10 :  0.974 0.011 0.003 0.002 0.011 
 91      451    (0)   11 :  0.918 0.008 0.003 0.008 0.063 
 92      452    (4)   11 :  0.939 0.009 0.007 0.002 0.043 
 93      453    (4)   11 :  0.976 0.007 0.008 0.002 0.007 
 94      454    (2)   11 :  0.935 0.029 0.010 0.011 0.016 
 95      455    (4)   11 :  0.944 0.019 0.018 0.002 0.017 
 96      795    (0)   11 :  0.936 0.038 0.004 0.001 0.021 
 97      796    (0)   11 :  0.981 0.003 0.003 0.002 0.011 
 98      802    (0)   11 :  0.916 0.007 0.003 0.001 0.072 
 99      804    (0)   11 :  0.916 0.030 0.006 0.001 0.047 
100      805    (0)   11 :  0.820 0.017 0.017 0.003 0.144 
101      851    (0)   11 :  0.947 0.033 0.008 0.008 0.005 
102      852    (0)   11 :  0.951 0.019 0.005 0.002 0.024 
103      854    (0)   11 :  0.967 0.016 0.009 0.002 0.006 
104      858    (0)   11 :  0.854 0.009 0.006 0.002 0.129 
105      859    (0)   11 :  0.393 0.043 0.012 0.002 0.550 
106      860    (0)   11 :  0.892 0.007 0.005 0.046 0.050 
107      862    (0)   11 :  0.926 0.012 0.009 0.002 0.052 
108      863    (0)   11 :  0.952 0.009 0.005 0.001 0.033 
109      450    (0)   12 :  0.932 0.011 0.023 0.004 0.031 
110      791    (0)   12 :  0.969 0.013 0.006 0.003 0.009 
111      792    (0)   12 :  0.718 0.016 0.021 0.239 0.006 
112      803    (0)   12 :  0.427 0.238 0.011 0.321 0.003 
113      806    (0)   12 :  0.842 0.134 0.010 0.010 0.004 
114      807    (0)   12 :  0.977 0.008 0.009 0.002 0.005 
115      808    (0)   12 :  0.966 0.016 0.002 0.003 0.013 
116      809    (0)   12 :  0.263 0.651 0.012 0.061 0.014 
117      810    (0)   12 :  0.812 0.031 0.043 0.082 0.031 
118      811    (0)   12 :  0.973 0.008 0.008 0.006 0.006 
119      812    (0)   12 :  0.899 0.076 0.015 0.003 0.007 
120      813    (0)   12 :  0.968 0.014 0.003 0.003 0.012 
121      814    (0)   12 :  0.967 0.008 0.006 0.005 0.014 
122      834    (0)   12 :  0.972 0.006 0.002 0.004 0.016 
123      844    (0)   12 :  0.173 0.009 0.005 0.003 0.809 
124      850    (0)   12 :  0.960 0.012 0.007 0.019 0.002 
125      856    (0)   12 :  0.978 0.006 0.009 0.005 0.003 
126      857    (0)   12 :  0.941 0.022 0.013 0.022 0.003 
127      861    (0)   12 :  0.925 0.032 0.013 0.003 0.027 
128      864    (0)   12 :  0.935 0.005 0.025 0.009 0.026 
129      865    (0)   12 :  0.219 0.028 0.017 0.024 0.712 
130      866    (0)   12 :  0.925 0.060 0.003 0.008 0.005 
131      867    (0)   12 :  0.620 0.201 0.072 0.031 0.076 
132      868    (0)   12 :  0.926 0.010 0.005 0.046 0.012 
133      869    (0)   12 :  0.873 0.007 0.007 0.100 0.012 
134      004    (0)   13 :  0.919 0.011 0.026 0.002 0.043 
135      008    (0)   13 :  0.880 0.026 0.023 0.002 0.070 
136      013    (0)   13 :  0.927 0.008 0.011 0.005 0.049 
137      109    (0)   13 :  0.966 0.003 0.013 0.002 0.017 
138      348    (0)   13 :  0.984 0.005 0.005 0.001 0.004 
139      115    (0)    2 :  0.004 0.005 0.002 0.001 0.988 
140      116    (0)    2 :  0.007 0.028 0.004 0.003 0.957 
141      117    (0)    2 :  0.021 0.018 0.005 0.002 0.955 
142      118    (0)    2 :  0.022 0.016 0.129 0.003 0.830 
143      119    (0)    2 :  0.011 0.107 0.006 0.008 0.868 
144      389    (0)    2 :  0.003 0.003 0.001 0.001 0.991 
145      548    (0)    2 :  0.009 0.019 0.012 0.006 0.954 
146      549    (0)    2 :  0.007 0.014 0.002 0.002 0.975 
147      550    (0)    2 :  0.034 0.240 0.012 0.005 0.710 
148      551    (0)    2 :  0.006 0.013 0.004 0.003 0.974 
149      552    (0)    2 :  0.021 0.023 0.003 0.003 0.949 
150      553    (0)    2 :  0.007 0.011 0.006 0.003 0.974 
151      009    (0)    3 :  0.003 0.003 0.002 0.003 0.990 
152      042    (0)    3 :  0.017 0.014 0.010 0.002 0.959 
153      044    (0)    3 :  0.019 0.026 0.003 0.003 0.949 
154      086    (0)    3 :  0.003 0.005 0.002 0.002 0.989 
155      087    (0)    3 :  0.010 0.006 0.003 0.002 0.979 
156      093    (0)    3 :  0.003 0.002 0.002 0.002 0.990 
157      095    (0)    3 :  0.016 0.039 0.016 0.005 0.924 
158      096    (0)    3 :  0.011 0.008 0.045 0.005 0.931 
159      097    (0)    3 :  0.003 0.004 0.003 0.002 0.988 
160      101    (0)    3 :  0.003 0.005 0.002 0.002 0.988 
161      183    (0)    3 :  0.004 0.003 0.004 0.002 0.987 
162      200    (0)    3 :  0.007 0.003 0.003 0.007 0.981 
163      210    (0)    3 :  0.005 0.004 0.002 0.004 0.985 
164      219    (0)    3 :  0.010 0.007 0.005 0.008 0.970 
165      230    (0)    3 :  0.003 0.005 0.003 0.002 0.988 
166      241    (0)    3 :  0.028 0.016 0.012 0.003 0.941 
167      307    (0)    3 :  0.005 0.008 0.003 0.002 0.981 
168      318    (0)    3 :  0.009 0.011 0.002 0.002 0.976 
169      323    (0)    3 :  0.005 0.003 0.003 0.002 0.987 
170      324    (0)    3 :  0.003 0.003 0.002 0.002 0.990 
171      325    (0)    3 :  0.004 0.004 0.003 0.002 0.987 
172      326    (0)    3 :  0.005 0.037 0.004 0.001 0.953 
173      338    (0)    3 :  0.009 0.004 0.003 0.002 0.982 
174      343    (0)    3 :  0.006 0.005 0.004 0.012 0.974 
175      379    (0)    3 :  0.009 0.003 0.003 0.001 0.984 
176      383    (0)    3 :  0.003 0.003 0.002 0.002 0.989 
177      385    (0)    3 :  0.008 0.003 0.005 0.001 0.983 
178      386    (0)    3 :  0.011 0.003 0.007 0.002 0.978 
179      387    (0)    3 :  0.004 0.003 0.010 0.032 0.951 
180      554    (0)    3 :  0.003 0.004 0.006 0.001 0.986 
181      877    (0)    3 :  0.003 0.005 0.002 0.002 0.988 
182      878    (0)    3 :  0.006 0.023 0.002 0.004 0.964 
183      880    (0)    3 :  0.012 0.041 0.012 0.001 0.934 
184      122    (0)    4 :  0.254 0.706 0.012 0.001 0.027 
185      123    (0)    4 :  0.009 0.981 0.003 0.005 0.002 
186      124    (0)    4 :  0.006 0.963 0.013 0.009 0.009 
187      125    (0)    4 :  0.005 0.989 0.002 0.002 0.003 
188      126    (0)    4 :  0.031 0.954 0.002 0.001 0.012 
189      128    (0)    4 :  0.016 0.965 0.013 0.003 0.003 
190      129    (0)    4 :  0.026 0.878 0.079 0.002 0.015 
191      130    (0)    4 :  0.007 0.971 0.005 0.001 0.016 
192      131    (0)    4 :  0.005 0.987 0.002 0.002 0.004 
193      132    (0)    4 :  0.004 0.968 0.008 0.006 0.015 
194      133    (0)    4 :  0.193 0.653 0.103 0.001 0.050 
195      134    (0)    4 :  0.013 0.964 0.005 0.012 0.005 
196      135    (0)    4 :  0.025 0.963 0.004 0.002 0.006 
197      136    (0)    4 :  0.014 0.969 0.006 0.007 0.003 
198      139    (0)    4 :  0.012 0.965 0.013 0.003 0.007 
199      140    (0)    4 :  0.023 0.939 0.025 0.002 0.011 
200      141    (0)    4 :  0.015 0.968 0.004 0.004 0.008 
201      142    (0)    4 :  0.004 0.975 0.004 0.002 0.015 
202      143    (0)    4 :  0.007 0.947 0.014 0.006 0.026 
203      144    (0)    4 :  0.014 0.970 0.006 0.002 0.008 
204      145    (0)    4 :  0.012 0.942 0.004 0.036 0.005 
205      148    (0)    4 :  0.103 0.881 0.003 0.003 0.010 
206      556    (0)    4 :  0.008 0.975 0.005 0.002 0.010 
207      557    (0)    4 :  0.006 0.972 0.003 0.015 0.005 
208      558    (0)    4 :  0.006 0.980 0.005 0.006 0.003 
209      559    (0)    4 :  0.011 0.972 0.008 0.001 0.007 
210      560    (0)    4 :  0.013 0.972 0.002 0.002 0.010 
211      561    (0)    4 :  0.003 0.988 0.003 0.001 0.006 
212      562    (0)    4 :  0.017 0.968 0.005 0.004 0.006 
213      563    (0)    4 :  0.065 0.914 0.010 0.008 0.004 
214      564    (0)    4 :  0.068 0.836 0.017 0.002 0.077 
215      565    (0)    4 :  0.004 0.989 0.003 0.002 0.003 
216      566    (0)    4 :  0.021 0.965 0.002 0.002 0.010 
217      567    (0)    4 :  0.011 0.979 0.004 0.003 0.003 
218      568    (0)    4 :  0.010 0.970 0.013 0.002 0.005 
219      569    (0)    4 :  0.005 0.980 0.003 0.008 0.004 
220      570    (0)    4 :  0.003 0.985 0.002 0.001 0.008 
221      613    (0)    4 :  0.004 0.986 0.004 0.002 0.005 
222      614    (0)    4 :  0.013 0.980 0.002 0.001 0.003 
223      615    (0)    4 :  0.015 0.948 0.003 0.004 0.030 
224      616    (0)    4 :  0.008 0.948 0.034 0.001 0.008 
225      617    (0)    4 :  0.014 0.961 0.004 0.004 0.018 
226      618    (0)    4 :  0.019 0.946 0.016 0.003 0.016 
227      619    (0)    4 :  0.834 0.008 0.003 0.154 0.002 
228      620    (0)    4 :  0.008 0.979 0.003 0.004 0.007 
229      621    (0)    4 :  0.008 0.972 0.003 0.001 0.015 
230      622    (0)    4 :  0.003 0.984 0.004 0.003 0.005 
231      623    (0)    4 :  0.004 0.988 0.002 0.002 0.004 
232      624    (0)    4 :  0.014 0.965 0.006 0.002 0.013 
233      625    (0)    4 :  0.027 0.952 0.003 0.002 0.016 
234      626    (0)    4 :  0.005 0.981 0.006 0.003 0.005 
235      627    (0)    4 :  0.026 0.944 0.011 0.003 0.016 
236      628    (0)    4 :  0.006 0.981 0.004 0.004 0.005 
237      629    (0)    4 :  0.008 0.976 0.010 0.002 0.004 
238      630    (0)    4 :  0.004 0.987 0.002 0.004 0.003 
239      631    (0)    4 :  0.004 0.967 0.022 0.004 0.003 
240      632    (0)    4 :  0.019 0.939 0.014 0.005 0.023 
241      633    (0)    4 :  0.057 0.911 0.013 0.006 0.012 
242      634    (0)    4 :  0.011 0.966 0.007 0.013 0.004 
243      635    (0)    4 :  0.005 0.986 0.003 0.003 0.003 
244      636    (0)    4 :  0.004 0.983 0.003 0.003 0.007 
245      637    (0)    4 :  0.238 0.727 0.013 0.001 0.021 
246      638    (0)    4 :  0.016 0.957 0.013 0.002 0.012 
247      639    (0)    4 :  0.076 0.893 0.010 0.002 0.019 
248      640    (0)    4 :  0.006 0.977 0.004 0.001 0.012 
249      689    (0)    4 :  0.006 0.984 0.003 0.001 0.005 
250      690    (0)    4 :  0.008 0.962 0.005 0.017 0.008 
251      691    (0)    4 :  0.007 0.973 0.002 0.001 0.017 
252      692    (0)    4 :  0.029 0.956 0.005 0.006 0.003 
253      693    (0)    4 :  0.005 0.987 0.003 0.002 0.004 
254      694    (0)    4 :  0.003 0.985 0.006 0.003 0.003 
255      695    (0)    4 :  0.003 0.986 0.003 0.001 0.007 
256      696    (0)    4 :  0.003 0.988 0.002 0.002 0.004 
257      697    (0)    4 :  0.004 0.982 0.006 0.002 0.005 
258      698    (0)    4 :  0.017 0.974 0.002 0.003 0.005 
259      699    (0)    4 :  0.004 0.989 0.003 0.001 0.004 
260      700    (0)    4 :  0.006 0.973 0.005 0.005 0.012 
261      701    (2)    4 :  0.015 0.971 0.004 0.003 0.006 
262      702    (0)    4 :  0.011 0.960 0.002 0.006 0.021 
263      703    (0)    4 :  0.006 0.985 0.002 0.003 0.004 
264      704    (0)    4 :  0.008 0.975 0.010 0.001 0.006 
265      390    (0)    5 :  0.003 0.002 0.003 0.012 0.979 
266      391    (0)    5 :  0.006 0.008 0.004 0.008 0.974 
267      392    (0)    5 :  0.069 0.057 0.034 0.065 0.775 
268      393    (0)    5 :  0.007 0.005 0.002 0.003 0.983 
269      394    (0)    5 :  0.022 0.008 0.004 0.004 0.962 
270      647    (0)    5 :  0.009 0.013 0.003 0.003 0.972 
271      648    (0)    5 :  0.005 0.006 0.003 0.002 0.985 
272      007    (0)    6 :  0.005 0.007 0.977 0.006 0.005 
273      012    (0)    6 :  0.012 0.015 0.961 0.005 0.008 
274      020    (0)    6 :  0.345 0.006 0.606 0.002 0.041 
275      021    (0)    6 :  0.002 0.002 0.992 0.001 0.002 
276      022    (0)    6 :  0.032 0.006 0.936 0.021 0.006 
277      034    (0)    6 :  0.005 0.010 0.973 0.005 0.008 
278      049    (0)    6 :  0.002 0.002 0.991 0.002 0.002 
279      062    (0)    6 :  0.002 0.002 0.994 0.001 0.001 
280      089    (0)    6 :  0.002 0.002 0.993 0.001 0.002 
281      092    (0)    6 :  0.001 0.002 0.994 0.001 0.002 
282      100    (0)    6 :  0.003 0.005 0.985 0.002 0.006 
283      105    (0)    6 :  0.005 0.003 0.983 0.001 0.007 
284      205    (0)    6 :  0.014 0.007 0.970 0.005 0.005 
285      206    (0)    6 :  0.109 0.025 0.714 0.003 0.150 
286      207    (0)    6 :  0.007 0.005 0.980 0.002 0.006 
287      208    (0)    6 :  0.019 0.007 0.957 0.002 0.015 
288      209    (0)    6 :  0.181 0.004 0.808 0.002 0.004 
289      377    (0)    6 :  0.003 0.005 0.987 0.002 0.004 
290      881    (0)    6 :  0.002 0.002 0.991 0.002 0.003 
291      003    (0)    7 :  0.006 0.004 0.016 0.972 0.002 
292      108    (0)    7 :  0.001 0.002 0.002 0.994 0.001 
293      194    (0)    7 :  0.008 0.005 0.018 0.957 0.013 
294      232    (0)    7 :  0.004 0.003 0.003 0.988 0.002 
295      321    (0)    7 :  0.002 0.002 0.002 0.992 0.002 
296      322    (0)    7 :  0.001 0.001 0.003 0.993 0.001 
297      329    (0)    7 :  0.002 0.002 0.001 0.994 0.001 
298      330    (0)    7 :  0.002 0.002 0.002 0.993 0.001 
299      342    (0)    7 :  0.015 0.006 0.002 0.972 0.005 
300      347    (0)    7 :  0.009 0.011 0.056 0.919 0.005 
301      801    (0)    8 :  0.896 0.071 0.020 0.005 0.009 
302      815    (0)    8 :  0.944 0.023 0.026 0.004 0.003 
303      816    (0)    8 :  0.743 0.122 0.007 0.001 0.126 
304      817    (0)    8 :  0.966 0.006 0.006 0.017 0.005 
305      818    (0)    8 :  0.945 0.039 0.003 0.002 0.011 
306      819    (0)    8 :  0.978 0.008 0.004 0.005 0.004 
307      820    (2)    8 :  0.964 0.009 0.011 0.001 0.015 
308      821    (0)    8 :  0.982 0.005 0.003 0.002 0.008 
309      822    (0)    8 :  0.706 0.009 0.004 0.274 0.008 
310      853    (0)    8 :  0.926 0.021 0.003 0.011 0.038 
311      797    (0)    9 :  0.865 0.015 0.017 0.002 0.102 
312      798    (0)    9 :  0.979 0.004 0.003 0.001 0.012 
313      799    (0)    9 :  0.902 0.011 0.080 0.005 0.003 
314      800    (0)    9 :  0.910 0.069 0.003 0.004 0.014 
315      823    (0)    9 :  0.531 0.010 0.432 0.015 0.013 
316      824    (0)    9 :  0.971 0.007 0.004 0.010 0.007 
317      825    (0)    9 :  0.960 0.017 0.015 0.004 0.005 
318      826    (0)    9 :  0.197 0.719 0.005 0.030 0.050 
319      827    (0)    9 :  0.772 0.015 0.005 0.002 0.207 
320      836    (0)    9 :  0.959 0.015 0.004 0.001 0.020 
321      837    (0)    9 :  0.793 0.097 0.004 0.088 0.018 
322      838    (0)    9 :  0.707 0.275 0.003 0.002 0.012 
323      839    (0)    9 :  0.831 0.035 0.020 0.004 0.109 
324      840    (0)    9 :  0.978 0.011 0.008 0.001 0.002 
325      841    (0)    9 :  0.941 0.012 0.007 0.002 0.038 
326      842    (0)    9 :  0.957 0.013 0.006 0.002 0.022 
327      843    (0)    9 :  0.960 0.027 0.004 0.002 0.008 
328      845    (0)    9 :  0.941 0.007 0.004 0.002 0.046 
329      846    (0)    9 :  0.948 0.015 0.008 0.005 0.024 
330      847    (2)    9 :  0.655 0.023 0.097 0.220 0.005 
331      848    (0)    9 :  0.840 0.128 0.009 0.014 0.010 
332      849    (0)    9 :  0.597 0.083 0.006 0.045 0.269 
333      855    (0)    9 :  0.628 0.027 0.003 0.009 0.334 


Estimated Allele Frequencies in each cluster
First column gives estimated ancestral frequencies


Locus 1 : 1 
4 alleles
0.0% missing data
  89   (0.488) 0.513 0.439 0.612 0.107 0.572 
  91   (0.357) 0.328 0.515 0.331 0.549 0.324 
  93   (0.133) 0.143 0.044 0.054 0.050 0.102 
  99   (0.022) 0.016 0.002 0.002 0.294 0.001 

Locus 2 : 2 
6 alleles
0.0% missing data
 136   (0.377) 0.352 0.511 0.524 0.069 0.524 
 138   (0.236) 0.230 0.115 0.136 0.883 0.269 
 134   (0.267) 0.285 0.293 0.327 0.032 0.143 
 140   (0.069) 0.086 0.009 0.008 0.009 0.063 
 142   (0.029) 0.020 0.070 0.003 0.004 0.001 
 132   (0.021) 0.027 0.001 0.003 0.003 0.001 

Locus 3 : 3 
6 alleles
0.0% missing data
 181   (0.190) 0.168 0.288 0.076 0.166 0.118 
 187   (0.341) 0.319 0.177 0.477 0.774 0.488 
 179   (0.284) 0.300 0.479 0.033 0.033 0.345 
 191   (0.050) 0.039 0.003 0.212 0.005 0.044 
 185   (0.081) 0.105 0.022 0.192 0.015 0.003 
 175   (0.054) 0.070 0.031 0.011 0.007 0.002 

Locus 4 : 4 
12 alleles
0.0% missing data
 253   (0.426) 0.423 0.610 0.415 0.390 0.651 
 241   (0.165) 0.171 0.179 0.126 0.082 0.078 
 269   (0.199) 0.213 0.192 0.093 0.327 0.118 
 249   (0.034) 0.021 0.002 0.004 0.092 0.111 
 271   (0.051) 0.056 0.009 0.005 0.015 0.031 
 265   (0.012) 0.008 0.001 0.001 0.001 0.000 
 247   (0.049) 0.075 0.003 0.344 0.005 0.002 
 273   (0.014) 0.012 0.001 0.002 0.003 0.000 
 245   (0.011) 0.007 0.001 0.001 0.001 0.000 
 235   (0.011) 0.004 0.001 0.001 0.002 0.004 
 267   (0.011) 0.004 0.001 0.001 0.001 0.004 
 239   (0.016) 0.008 0.001 0.006 0.081 0.001 

Locus 5 : 5 
5 alleles
0.9% missing data
 103   (0.884) 0.913 0.848 0.893 0.987 0.963 
 104   (0.034) 0.019 0.019 0.004 0.003 0.030 
 105   (0.049) 0.051 0.131 0.005 0.007 0.002 
 107   (0.012) 0.004 0.001 0.001 0.001 0.004 
 102   (0.021) 0.013 0.001 0.096 0.002 0.001 

Locus 6 : 6 
6 alleles
0.0% missing data
 135   (0.271) 0.253 0.227 0.489 0.800 0.205 
 141   (0.282) 0.276 0.381 0.142 0.030 0.552 
 145   (0.359) 0.414 0.337 0.220 0.159 0.187 
 147   (0.056) 0.032 0.052 0.141 0.006 0.051 
 137   (0.020) 0.022 0.001 0.007 0.004 0.001 
 143   (0.012) 0.004 0.001 0.001 0.001 0.004 

Locus 7 : 7 
10 alleles
0.3% missing data
  89   (0.074) 0.085 0.039 0.010 0.008 0.046 
 103   (0.331) 0.369 0.574 0.329 0.041 0.288 
  93   (0.212) 0.204 0.169 0.175 0.339 0.364 
  97   (0.184) 0.188 0.091 0.290 0.179 0.211 
  85   (0.050) 0.038 0.063 0.005 0.007 0.049 
  91   (0.052) 0.024 0.035 0.136 0.294 0.036 
 101   (0.016) 0.009 0.001 0.002 0.004 0.004 
  83   (0.053) 0.062 0.025 0.051 0.005 0.002 
  99   (0.014) 0.013 0.001 0.001 0.001 0.000 
 105   (0.016) 0.008 0.001 0.002 0.120 0.000 

Locus 8 : 8 
10 alleles
0.0% missing data
 129   (0.553) 0.621 0.510 0.591 0.382 0.626 
 141   (0.072) 0.047 0.093 0.077 0.008 0.145 
 149   (0.054) 0.050 0.003 0.049 0.007 0.137 
 143   (0.234) 0.239 0.382 0.240 0.354 0.084 
 131   (0.015) 0.005 0.001 0.002 0.165 0.002 
 127   (0.018) 0.006 0.002 0.035 0.042 0.001 
 145   (0.016) 0.009 0.006 0.002 0.002 0.001 
 133   (0.016) 0.017 0.001 0.002 0.003 0.001 
 121   (0.011) 0.004 0.001 0.001 0.001 0.004 
 128   (0.011) 0.003 0.001 0.001 0.037 0.000 

Locus 9 : 9 
4 alleles
0.0% missing data
 189   (0.409) 0.465 0.205 0.493 0.494 0.266 
 191   (0.369) 0.327 0.452 0.461 0.361 0.587 
 195   (0.205) 0.199 0.341 0.044 0.142 0.144 
 193   (0.018) 0.010 0.001 0.002 0.002 0.004 

Locus 10 : 10 
7 alleles
0.0% missing data
 232   (0.226) 0.209 0.156 0.293 0.177 0.410 
 238   (0.519) 0.587 0.591 0.239 0.332 0.446 
 252   (0.119) 0.098 0.182 0.164 0.013 0.120 
 254   (0.072) 0.043 0.061 0.286 0.472 0.019 
 250   (0.031) 0.039 0.007 0.003 0.004 0.001 
 240   (0.012) 0.004 0.001 0.001 0.001 0.004 
 248   (0.021) 0.021 0.001 0.013 0.002 0.001 

Locus 11 : 11 
5 alleles
0.0% missing data
  87   (0.710) 0.753 0.763 0.612 0.798 0.668 
  89   (0.218) 0.196 0.232 0.275 0.194 0.228 
  91   (0.049) 0.039 0.003 0.097 0.005 0.104 
  85   (0.012) 0.008 0.001 0.001 0.001 0.000 
  83   (0.012) 0.005 0.001 0.015 0.001 0.000 

Locus 12 : 12 
13 alleles
0.0% missing data
 147   (0.054) 0.035 0.119 0.005 0.005 0.130 
 158   (0.200) 0.198 0.266 0.071 0.021 0.456 
 162   (0.259) 0.264 0.309 0.271 0.196 0.173 
 160   (0.263) 0.297 0.090 0.629 0.482 0.177 
 170   (0.040) 0.054 0.003 0.004 0.004 0.012 
 161   (0.079) 0.073 0.191 0.009 0.008 0.040 
 154   (0.017) 0.018 0.001 0.002 0.001 0.001 
 159   (0.014) 0.013 0.001 0.001 0.001 0.000 
 149   (0.018) 0.022 0.001 0.002 0.003 0.001 
 143   (0.021) 0.008 0.016 0.002 0.274 0.001 
 164   (0.012) 0.004 0.001 0.001 0.001 0.008 
 165   (0.011) 0.007 0.001 0.001 0.003 0.000 
 134   (0.012) 0.008 0.001 0.001 0.001 0.000 

Locus 13 : 13 
4 alleles
0.0% missing data
 113   (0.343) 0.324 0.375 0.472 0.460 0.343 
 115   (0.474) 0.512 0.457 0.475 0.140 0.484 
 108   (0.171) 0.156 0.167 0.052 0.399 0.172 
 110   (0.012) 0.007 0.001 0.001 0.001 0.000 

Locus 14 : 14 
10 alleles
0.0% missing data
 229   (0.405) 0.468 0.331 0.405 0.079 0.499 
 225   (0.135) 0.143 0.066 0.154 0.063 0.071 
 231   (0.172) 0.133 0.426 0.409 0.427 0.100 
 233   (0.058) 0.040 0.025 0.006 0.127 0.102 
 227   (0.173) 0.183 0.146 0.019 0.296 0.223 
 213   (0.011) 0.007 0.001 0.001 0.001 0.000 
 221   (0.011) 0.008 0.001 0.001 0.001 0.000 
 255   (0.011) 0.004 0.001 0.002 0.001 0.003 
 223   (0.012) 0.007 0.001 0.001 0.003 0.000 
 203   (0.012) 0.007 0.002 0.001 0.001 0.000 

Locus 15 : 15 
5 alleles
0.3% missing data
 143   (0.889) 0.930 0.915 0.860 0.731 0.981 
 157   (0.017) 0.010 0.001 0.002 0.002 0.003 
 145   (0.057) 0.036 0.081 0.006 0.263 0.015 
 147   (0.025) 0.020 0.002 0.044 0.002 0.001 
 133   (0.012) 0.004 0.001 0.088 0.001 0.000 

Locus 16 : 16 
5 alleles
0.0% missing data
 158   (0.491) 0.531 0.463 0.464 0.430 0.555 
 160   (0.137) 0.136 0.138 0.079 0.014 0.152 
 156   (0.278) 0.265 0.333 0.375 0.465 0.246 
 154   (0.083) 0.060 0.065 0.081 0.090 0.047 
 152   (0.011) 0.007 0.001 0.001 0.001 0.000 

Locus 17 : 17 
5 alleles
0.0% missing data
  90   (0.682) 0.668 0.821 0.636 0.541 0.731 
 102   (0.192) 0.177 0.160 0.350 0.022 0.238 
  88   (0.054) 0.054 0.014 0.006 0.005 0.027 
 100   (0.060) 0.093 0.004 0.006 0.431 0.003 
 104   (0.012) 0.008 0.001 0.001 0.001 0.000 

Locus 18 : 18 
7 alleles
0.0% missing data
 142   (0.091) 0.120 0.006 0.013 0.009 0.392 
 146   (0.101) 0.083 0.077 0.108 0.020 0.102 
 127   (0.293) 0.276 0.375 0.198 0.459 0.246 
 148   (0.107) 0.099 0.046 0.228 0.013 0.084 
 140   (0.277) 0.288 0.417 0.064 0.483 0.138 
 138   (0.075) 0.076 0.062 0.008 0.008 0.036 
 150   (0.056) 0.059 0.018 0.382 0.008 0.002 

Locus 19 : 19 
6 alleles
0.0% missing data
 188   (0.147) 0.162 0.062 0.146 0.018 0.101 
 194   (0.571) 0.566 0.649 0.600 0.671 0.553 
 190   (0.139) 0.105 0.234 0.105 0.020 0.342 
 200   (0.093) 0.129 0.052 0.011 0.204 0.003 
 198   (0.012) 0.007 0.001 0.001 0.001 0.000 
 202   (0.038) 0.030 0.003 0.137 0.086 0.001 

Locus 20 : 20 
6 alleles
0.0% missing data
 244   (0.033) 0.023 0.007 0.004 0.005 0.027 
 250   (0.083) 0.054 0.040 0.060 0.749 0.105 
 252   (0.640) 0.713 0.631 0.570 0.147 0.785 
 246   (0.138) 0.123 0.245 0.287 0.052 0.032 
 254   (0.086) 0.073 0.076 0.077 0.011 0.050 
 248   (0.020) 0.015 0.001 0.002 0.035 0.001 

Locus 21 : 21 
10 alleles
0.0% missing data
 167   (0.264) 0.289 0.223 0.242 0.075 0.326 
 177   (0.189) 0.176 0.125 0.171 0.545 0.296 
 173   (0.278) 0.316 0.203 0.142 0.196 0.313 
 165   (0.054) 0.047 0.170 0.006 0.010 0.009 
 175   (0.134) 0.122 0.259 0.076 0.164 0.052 
 163   (0.034) 0.031 0.006 0.336 0.003 0.001 
 169   (0.011) 0.004 0.001 0.001 0.001 0.004 
 171   (0.012) 0.004 0.012 0.002 0.001 0.000 
 159   (0.011) 0.007 0.001 0.001 0.003 0.000 
 161   (0.011) 0.004 0.001 0.022 0.001 0.000 

Locus 22 : 22 
11 alleles
0.3% missing data
 146   (0.211) 0.208 0.278 0.191 0.170 0.264 
 152   (0.412) 0.457 0.469 0.419 0.273 0.544 
 154   (0.013) 0.004 0.001 0.001 0.001 0.062 
 166   (0.078) 0.062 0.098 0.009 0.155 0.080 
 164   (0.041) 0.036 0.047 0.005 0.005 0.007 
 150   (0.051) 0.033 0.024 0.050 0.048 0.012 
 158   (0.098) 0.116 0.068 0.064 0.011 0.028 
 142   (0.016) 0.017 0.001 0.002 0.001 0.001 
 156   (0.020) 0.013 0.001 0.181 0.004 0.001 
 162   (0.039) 0.037 0.012 0.074 0.007 0.001 
 148   (0.021) 0.016 0.001 0.003 0.324 0.001 

Locus 23 : 23 
6 alleles
0.3% missing data
 154   (0.518) 0.554 0.641 0.272 0.284 0.521 
 144   (0.206) 0.178 0.176 0.468 0.678 0.165 
 156   (0.122) 0.145 0.131 0.013 0.018 0.048 
 160   (0.114) 0.099 0.049 0.242 0.013 0.208 
 152   (0.017) 0.008 0.001 0.002 0.002 0.042 
 158   (0.023) 0.015 0.002 0.003 0.005 0.015 

Locus 24 : 24 
4 alleles
0.3% missing data
  83   (0.510) 0.482 0.601 0.920 0.610 0.468 
  85   (0.055) 0.042 0.067 0.006 0.007 0.042 
  81   (0.334) 0.387 0.276 0.041 0.372 0.300 
  77   (0.100) 0.089 0.056 0.033 0.011 0.190 

Locus 25 : 25 
6 alleles
0.3% missing data
 126   (0.037) 0.036 0.003 0.004 0.006 0.041 
 132   (0.316) 0.290 0.280 0.596 0.221 0.505 
 122   (0.108) 0.113 0.120 0.034 0.019 0.031 
 124   (0.509) 0.541 0.595 0.363 0.392 0.422 
 120   (0.016) 0.007 0.001 0.002 0.361 0.001 
 136   (0.015) 0.013 0.001 0.001 0.001 0.000 

Locus 26 : 26 
6 alleles
0.0% missing data
 183   (0.360) 0.345 0.309 0.677 0.192 0.464 
 175   (0.259) 0.262 0.311 0.242 0.026 0.278 
 179   (0.075) 0.082 0.006 0.008 0.417 0.081 
 165   (0.252) 0.252 0.342 0.067 0.360 0.175 
 181   (0.042) 0.050 0.031 0.004 0.005 0.001 
 185   (0.012) 0.008 0.001 0.001 0.001 0.000 

Locus 27 : 27 
4 alleles
0.0% missing data
 142   (0.577) 0.563 0.596 0.722 0.482 0.696 
 148   (0.235) 0.226 0.288 0.096 0.496 0.137 
 138   (0.066) 0.063 0.017 0.008 0.009 0.157 
 150   (0.122) 0.148 0.099 0.175 0.013 0.010 

Locus 28 : 28 
5 alleles
0.0% missing data
 260   (0.426) 0.482 0.347 0.260 0.182 0.356 
 262   (0.473) 0.436 0.594 0.571 0.809 0.616 
 256   (0.067) 0.047 0.057 0.166 0.006 0.027 
 264   (0.017) 0.018 0.001 0.002 0.002 0.001 
 258   (0.017) 0.018 0.001 0.002 0.002 0.001 

Locus 29 : 29 
5 alleles
0.3% missing data
 140   (0.174) 0.148 0.225 0.146 0.756 0.098 
 150   (0.489) 0.519 0.456 0.260 0.203 0.718 
 146   (0.231) 0.244 0.238 0.436 0.027 0.122 
 148   (0.084) 0.063 0.080 0.155 0.009 0.061 
 152   (0.022) 0.027 0.002 0.003 0.005 0.001 

Locus 30 : 30 
6 alleles
0.0% missing data
 125   (0.272) 0.256 0.301 0.255 0.069 0.425 
 129   (0.503) 0.522 0.451 0.643 0.341 0.464 
 123   (0.121) 0.109 0.116 0.091 0.015 0.108 
 127   (0.062) 0.055 0.129 0.006 0.569 0.002 
 131   (0.028) 0.046 0.002 0.003 0.004 0.001 
 121   (0.015) 0.013 0.001 0.002 0.001 0.000 

Locus 31 : 31 
5 alleles
0.0% missing data
 153   (0.062) 0.068 0.004 0.007 0.041 0.075 
 155   (0.548) 0.562 0.452 0.592 0.650 0.609 
 157   (0.230) 0.221 0.323 0.069 0.232 0.190 
 159   (0.129) 0.129 0.219 0.014 0.016 0.124 
 151   (0.032) 0.020 0.002 0.318 0.061 0.002 

Locus 32 : 32 
4 alleles
0.0% missing data
 146   (0.299) 0.315 0.309 0.430 0.363 0.102 
 150   (0.570) 0.572 0.525 0.557 0.587 0.805 
 148   (0.074) 0.063 0.092 0.008 0.008 0.089 
 154   (0.057) 0.050 0.073 0.006 0.042 0.004 

Locus 33 : 33 
7 alleles
0.0% missing data
 196   (0.138) 0.152 0.113 0.014 0.017 0.179 
 198   (0.043) 0.031 0.003 0.087 0.007 0.051 
 184   (0.191) 0.176 0.264 0.053 0.196 0.175 
 180   (0.457) 0.435 0.423 0.724 0.761 0.567 
 194   (0.013) 0.004 0.001 0.001 0.001 0.022 
 192   (0.135) 0.187 0.171 0.118 0.016 0.005 
 190   (0.023) 0.014 0.025 0.002 0.002 0.001 

Locus 34 : 34 
7 alleles
0.0% missing data
 106   (0.315) 0.323 0.312 0.663 0.297 0.144 
 112   (0.278) 0.296 0.268 0.112 0.029 0.501 
 110   (0.227) 0.203 0.340 0.070 0.252 0.337 
  90   (0.043) 0.024 0.029 0.005 0.286 0.011 
 108   (0.106) 0.129 0.048 0.082 0.134 0.006 
  96   (0.012) 0.004 0.001 0.066 0.001 0.000 
  94   (0.019) 0.022 0.001 0.002 0.002 0.001 

Locus 35 : 35 
8 alleles
0.0% missing data
 170   (0.311) 0.258 0.507 0.571 0.545 0.186 
 172   (0.296) 0.313 0.127 0.387 0.032 0.424 
 166   (0.061) 0.041 0.037 0.006 0.008 0.241 
 176   (0.113) 0.096 0.250 0.013 0.013 0.117 
 178   (0.044) 0.051 0.003 0.004 0.004 0.019 
 174   (0.100) 0.134 0.071 0.010 0.011 0.011 
 168   (0.058) 0.090 0.004 0.006 0.385 0.002 
 186   (0.018) 0.018 0.001 0.002 0.002 0.001 

Locus 36 : 36 
6 alleles
0.0% missing data
  85   (0.214) 0.216 0.116 0.196 0.327 0.182 
  89   (0.540) 0.535 0.595 0.761 0.310 0.692 
  95   (0.070) 0.058 0.087 0.008 0.009 0.088 
  83   (0.119) 0.145 0.079 0.028 0.021 0.037 
  81   (0.043) 0.041 0.122 0.005 0.006 0.001 
  91   (0.014) 0.006 0.001 0.001 0.328 0.000 

Locus 37 : 37 
8 alleles
0.0% missing data
 159   (0.013) 0.004 0.001 0.001 0.001 0.022 
 165   (0.219) 0.227 0.208 0.068 0.082 0.248 
 161   (0.340) 0.337 0.362 0.407 0.087 0.500 
 169   (0.078) 0.093 0.006 0.011 0.046 0.119 
 173   (0.289) 0.288 0.419 0.505 0.406 0.101 
 167   (0.029) 0.034 0.002 0.003 0.005 0.004 
 175   (0.014) 0.013 0.001 0.001 0.001 0.000 
 168   (0.017) 0.005 0.001 0.002 0.372 0.005 

Locus 38 : 38 
7 alleles
0.0% missing data
  87   (0.133) 0.104 0.069 0.201 0.747 0.166 
  89   (0.356) 0.434 0.233 0.082 0.039 0.633 
  81   (0.094) 0.075 0.138 0.146 0.012 0.047 
  85   (0.216) 0.218 0.259 0.269 0.155 0.078 
  91   (0.166) 0.159 0.276 0.299 0.044 0.049 
  93   (0.022) 0.007 0.024 0.002 0.002 0.019 
  95   (0.012) 0.004 0.001 0.001 0.001 0.008 

Locus 39 : 39 
4 alleles
0.0% missing data
 167   (0.805) 0.801 0.948 0.889 0.801 0.917 
 161   (0.152) 0.165 0.049 0.106 0.191 0.072 
 165   (0.030) 0.030 0.002 0.003 0.007 0.007 
 155   (0.012) 0.004 0.001 0.002 0.001 0.004 

Locus 40 : 40 
7 alleles
0.3% missing data
 228   (0.408) 0.412 0.328 0.200 0.471 0.582 
 236   (0.083) 0.041 0.108 0.587 0.160 0.093 
 224   (0.038) 0.017 0.115 0.004 0.004 0.059 
 238   (0.332) 0.371 0.402 0.052 0.176 0.258 
 240   (0.112) 0.148 0.044 0.154 0.063 0.004 
 246   (0.012) 0.004 0.001 0.001 0.001 0.004 
 242   (0.016) 0.007 0.001 0.002 0.125 0.000 

Locus 41 : 41 
9 alleles
0.3% missing data
 130   (0.468) 0.524 0.465 0.407 0.096 0.471 
 132   (0.123) 0.093 0.174 0.297 0.012 0.217 
 128   (0.091) 0.085 0.062 0.019 0.010 0.193 
 114   (0.104) 0.084 0.148 0.012 0.499 0.089 
 134   (0.116) 0.145 0.128 0.015 0.306 0.008 
 122   (0.019) 0.009 0.001 0.002 0.002 0.019 
 118   (0.056) 0.052 0.012 0.247 0.073 0.002 
 120   (0.011) 0.004 0.006 0.001 0.001 0.000 
 119   (0.012) 0.004 0.006 0.002 0.001 0.000 

Locus 42 : 42 
8 alleles
0.0% missing data
 102   (0.289) 0.265 0.402 0.527 0.265 0.427 
 104   (0.346) 0.431 0.305 0.320 0.080 0.204 
  92   (0.117) 0.116 0.105 0.013 0.211 0.108 
  98   (0.142) 0.123 0.114 0.109 0.275 0.185 
  96   (0.065) 0.046 0.051 0.007 0.164 0.075 
 106   (0.011) 0.008 0.001 0.001 0.001 0.000 
  94   (0.013) 0.005 0.011 0.002 0.001 0.000 
 100   (0.017) 0.006 0.012 0.021 0.002 0.001 

Locus 43 : 43 
6 alleles
0.0% missing data
  95   (0.251) 0.243 0.223 0.411 0.059 0.376 
  99   (0.083) 0.071 0.056 0.010 0.349 0.045 
 101   (0.321) 0.357 0.411 0.170 0.030 0.334 
 103   (0.302) 0.306 0.304 0.389 0.219 0.240 
  97   (0.031) 0.020 0.005 0.018 0.342 0.001 
 105   (0.012) 0.004 0.001 0.001 0.001 0.004 

Locus 44 : 44 
8 alleles
0.0% missing data
 181   (0.583) 0.588 0.538 0.906 0.549 0.705 
 191   (0.263) 0.284 0.426 0.051 0.120 0.179 
 177   (0.065) 0.058 0.026 0.010 0.006 0.114 
 179   (0.028) 0.026 0.002 0.003 0.317 0.001 
 189   (0.021) 0.014 0.001 0.025 0.002 0.001 
 187   (0.012) 0.004 0.005 0.001 0.001 0.000 
 193   (0.015) 0.012 0.001 0.003 0.003 0.000 
 183   (0.014) 0.013 0.001 0.001 0.001 0.000 

Locus 45 : 45 
6 alleles
0.6% missing data
 205   (0.452) 0.508 0.450 0.285 0.334 0.452 
 215   (0.079) 0.054 0.125 0.109 0.008 0.093 
 207   (0.186) 0.195 0.097 0.433 0.060 0.158 
 211   (0.210) 0.194 0.283 0.165 0.162 0.236 
 201   (0.062) 0.041 0.044 0.006 0.434 0.060 
 202   (0.012) 0.008 0.001 0.001 0.001 0.000 

Locus 46 : 46 
10 alleles
0.0% missing data
 166   (0.171) 0.162 0.100 0.266 0.136 0.294 
 168   (0.157) 0.151 0.119 0.130 0.127 0.185 
 144   (0.050) 0.056 0.003 0.010 0.005 0.191 
 158   (0.178) 0.167 0.226 0.248 0.147 0.131 
 142   (0.276) 0.325 0.339 0.299 0.033 0.189 
 170   (0.025) 0.023 0.002 0.009 0.003 0.004 
 156   (0.034) 0.029 0.010 0.004 0.144 0.001 
 164   (0.047) 0.042 0.062 0.006 0.057 0.002 
 162   (0.051) 0.043 0.138 0.006 0.346 0.002 
 160   (0.011) 0.003 0.001 0.022 0.001 0.000 

Locus 47 : 47 
6 alleles
0.0% missing data
 149   (0.288) 0.347 0.132 0.224 0.478 0.107 
 151   (0.204) 0.188 0.359 0.032 0.146 0.281 
 153   (0.203) 0.204 0.168 0.091 0.024 0.378 
 145   (0.269) 0.235 0.339 0.650 0.348 0.214 
 147   (0.019) 0.009 0.001 0.002 0.003 0.019 
 143   (0.017) 0.017 0.001 0.002 0.002 0.001 

Values of parameters used in structure:
DATAFILE=temp1_no_plains.str,	OUTFILE=k5/temp1_no_plains_k5_run3,	NUMINDS=333,	NUMLOCI=47,	MISSING=-9,	LABEL=1,	POPDATA=1,	POPFLAG=0,	PHENOTYPE=0,	EXTRACOLS=0,	MAXPOPS=5,	BURNIN=500000,	NUMREPS=750000,	USEPOPINFO=0,	INFERALPHA=1,	INFERLAMBDA=0,	POPSPECIFICLAMBDA=0,	POPALPHAS=0,	COMPUTEPROB=1,	NOADMIX=0,	ADMBURNIN=500,	UPDATEFREQ=100,	PRINTLIKES=0,	INTERMEDSAVE=0,	PRINTKLD=0,	PRINTNET=1,	PRINTLAMBDA=1,	ANCESTDIST=0,	NUMBOXES=1000,	ANCESTPINT=0.90000,	GENSBACK=2,	MIGRPRIOR=0.01000,	PRINTQHAT=0,	PRINTQSUM=1,	ALPHA=1.0000,	FREQSCORR=1,	FPRIORMEAN=0.0100,	FPRIORSD=0.0500,	ONEFST=0,	LAMBDA=1.0000,	UNIFPRIORALPHA=1,	ALPHAMAX=10.0000,	ALPHAPRIORA=1.0000,	ALPHAPRIORB=2.0000,	ALPHAPROPSD=0.0250,	STARTATPOPINFO=0,	RANDOMIZE=0,	LINKAGE=0,	METROFREQ=10,	REPORTHITRATE=0,	MARKOVPHASE=0,	PHASED=1,	PLOIDY=2,	PHASEINFO=0	LOCPRIOR=0, 	LOCPRIORINIT=1.000000, 	LOCDATA=0, 	LOCISPOP=1, 	LOCPRIORSTEP=0.100000, 	MAXLOCPRIOR=20.000000, 	SEED=584473,	
[STRAT parameters]:    NUMSIMSTATS=1000,	PHENOTYPECOL=-9,	POOLFREQ=10,	LOCUSxONLY=0,	EMERROR=0.00100,	MISSINGPHENO=-9,	