

----------------------------------------------------
STRUCTURE by Pritchard, Stephens and Donnelly (2000)
     and Falush, Stephens and Pritchard (2003)
       Code by Pritchard, Falush and Hubisz
             Version 2.3.4 (Jul 2012)
----------------------------------------------------



Command line arguments:   structure -D 912540 -K 4 -m mainparams -o k4/temp1_no_plains_k4_run9 
Input File:    temp1_no_plains.str

Run parameters:
   333 individuals
   47 loci
   4 populations assumed
   500000 Burn-in period
   750000 Reps
RANDOMIZE turned off


--------------------------------------------
Proportion of membership of each pre-defined
 population in each of the 4 clusters

Given    Inferred Clusters              Number of
 Pop       1      2      3      4      Individuals

  1:     0.003  0.012  0.974  0.011       79
  2:     0.004  0.016  0.938  0.042       12
  3:     0.004  0.008  0.979  0.010       33
  4:     0.006  0.031  0.011  0.952       81
  5:     0.014  0.022  0.949  0.015        7
  6:     0.005  0.982  0.006  0.007       19
  7:     0.986  0.006  0.004  0.004       10
  8:     0.034  0.865  0.041  0.061       10
  9:     0.024  0.769  0.088  0.119       23
 10:     0.017  0.773  0.041  0.169       11
 11:     0.007  0.858  0.105  0.030       18
 12:     0.042  0.789  0.086  0.083       25
 13:     0.003  0.951  0.035  0.012        5
--------------------------------------------

Allele-freq. divergence among pops (Net nucleotide distance),
computed using point estimates of P.

      1       2       3       4      
 1      -    0.0953  0.1286  0.1085  
 2   0.0953     -    0.0253  0.0179  
 3   0.1286  0.0253     -    0.0362  
 4   0.1085  0.0179  0.0362     -    

Average distances (expected heterozygosity) between individuals in same cluster:
cluster  1  : 0.5566 
cluster  2  : 0.6372 
cluster  3  : 0.5684 
cluster  4  : 0.6033 

--------------------------------------------
Estimated Ln Prob of Data   = -36097.4
Mean value of ln likelihood = -35797.4
Variance of ln likelihood   = 600.1
Mean value of alpha         = 0.0348

Mean value of Fst_1         = 0.2751
Mean value of Fst_2         = 0.0166
Mean value of Fst_3         = 0.1084
Mean value of Fst_4         = 0.0850


Inferred ancestry of individuals:
        Label (%Miss) Pop:  Inferred clusters
  1      014    (0)    1 :  0.004 0.013 0.977 0.006 
  2      015    (0)    1 :  0.001 0.007 0.982 0.010 
  3      016    (0)    1 :  0.002 0.005 0.983 0.010 
  4      017    (0)    1 :  0.002 0.010 0.978 0.011 
  5      018    (0)    1 :  0.004 0.006 0.969 0.021 
  6      023    (0)    1 :  0.005 0.008 0.970 0.017 
  7      025    (0)    1 :  0.002 0.007 0.986 0.004 
  8      026    (0)    1 :  0.002 0.003 0.992 0.003 
  9      027    (0)    1 :  0.004 0.036 0.948 0.013 
 10      028    (0)    1 :  0.003 0.005 0.971 0.021 
 11      029    (0)    1 :  0.002 0.007 0.985 0.006 
 12      030    (0)    1 :  0.002 0.010 0.975 0.013 
 13      031    (0)    1 :  0.003 0.006 0.971 0.021 
 14      032    (0)    1 :  0.006 0.008 0.975 0.011 
 15      035    (0)    1 :  0.001 0.003 0.992 0.004 
 16      037    (0)    1 :  0.002 0.005 0.984 0.009 
 17      038    (0)    1 :  0.003 0.010 0.972 0.015 
 18      039    (0)    1 :  0.002 0.002 0.991 0.004 
 19      040    (0)    1 :  0.003 0.010 0.969 0.018 
 20      041    (0)    1 :  0.002 0.004 0.985 0.008 
 21      043    (0)    1 :  0.001 0.003 0.993 0.003 
 22      045    (0)    1 :  0.003 0.005 0.985 0.007 
 23      046    (0)    1 :  0.003 0.009 0.973 0.015 
 24      047    (0)    1 :  0.001 0.006 0.984 0.009 
 25      050    (0)    1 :  0.001 0.002 0.994 0.002 
 26      052    (0)    1 :  0.002 0.003 0.992 0.003 
 27      053    (0)    1 :  0.001 0.003 0.993 0.003 
 28      054    (0)    1 :  0.013 0.015 0.944 0.028 
 29      055    (0)    1 :  0.002 0.004 0.988 0.006 
 30      056    (0)    1 :  0.003 0.005 0.986 0.006 
 31      057    (0)    1 :  0.003 0.022 0.969 0.006 
 32      058    (0)    1 :  0.004 0.029 0.949 0.018 
 33      059    (0)    1 :  0.003 0.011 0.947 0.039 
 34      060    (0)    1 :  0.002 0.006 0.985 0.008 
 35      350    (0)    1 :  0.007 0.004 0.984 0.004 
 36      351    (0)    1 :  0.001 0.005 0.983 0.010 
 37      354    (0)    1 :  0.002 0.004 0.986 0.008 
 38      374    (0)    1 :  0.002 0.062 0.925 0.011 
 39      378    (0)    1 :  0.001 0.011 0.980 0.008 
 40      381    (0)    1 :  0.002 0.004 0.987 0.007 
 41      382    (0)    1 :  0.005 0.006 0.979 0.010 
 42      384    (0)    1 :  0.002 0.004 0.989 0.005 
 43      555    (0)    1 :  0.007 0.008 0.978 0.006 
 44      671    (0)    1 :  0.007 0.242 0.730 0.021 
 45      672    (0)    1 :  0.003 0.011 0.972 0.014 
 46      705    (0)    1 :  0.002 0.005 0.990 0.004 
 47      706    (0)    1 :  0.001 0.003 0.990 0.006 
 48      707    (0)    1 :  0.004 0.005 0.987 0.004 
 49      708    (0)    1 :  0.033 0.018 0.935 0.013 
 50      758    (0)    1 :  0.004 0.009 0.975 0.012 
 51      759    (0)    1 :  0.002 0.009 0.974 0.016 
 52      760    (0)    1 :  0.002 0.005 0.983 0.010 
 53      761    (0)    1 :  0.003 0.004 0.978 0.016 
 54      762    (0)    1 :  0.002 0.007 0.981 0.010 
 55      763    (0)    1 :  0.001 0.006 0.987 0.006 
 56      764    (0)    1 :  0.003 0.003 0.991 0.003 
 57      765    (0)    1 :  0.002 0.009 0.979 0.010 
 58      766    (0)    1 :  0.001 0.002 0.995 0.002 
 59      767    (0)    1 :  0.005 0.008 0.981 0.006 
 60      768    (0)    1 :  0.002 0.003 0.990 0.004 
 61      769    (0)    1 :  0.001 0.006 0.982 0.011 
 62      770    (0)    1 :  0.004 0.013 0.948 0.035 
 63      771    (0)    1 :  0.003 0.010 0.977 0.010 
 64      772    (0)    1 :  0.002 0.057 0.899 0.041 
 65      773    (0)    1 :  0.002 0.006 0.984 0.008 
 66      774    (0)    1 :  0.003 0.010 0.939 0.047 
 67      775    (0)    1 :  0.002 0.004 0.992 0.003 
 68      776    (0)    1 :  0.002 0.004 0.988 0.006 
 69      777    (0)    1 :  0.003 0.004 0.991 0.003 
 70      778    (0)    1 :  0.002 0.004 0.991 0.003 
 71      779    (0)    1 :  0.006 0.004 0.983 0.006 
 72      780    (0)    1 :  0.002 0.005 0.991 0.003 
 73      781    (0)    1 :  0.001 0.008 0.984 0.006 
 74      782    (0)    1 :  0.002 0.006 0.988 0.005 
 75      783    (0)    1 :  0.002 0.003 0.988 0.006 
 76      784    (0)    1 :  0.004 0.042 0.949 0.006 
 77      785    (0)    1 :  0.001 0.008 0.988 0.002 
 78      786    (0)    1 :  0.001 0.003 0.991 0.004 
 79      787    (0)    1 :  0.002 0.008 0.948 0.043 
 80      793    (0)   10 :  0.027 0.290 0.016 0.667 
 81      794    (0)   10 :  0.009 0.884 0.091 0.015 
 82      828    (0)   10 :  0.010 0.868 0.005 0.116 
 83      829    (4)   10 :  0.002 0.490 0.204 0.304 
 84      830    (0)   10 :  0.004 0.927 0.015 0.054 
 85      831    (2)   10 :  0.033 0.939 0.015 0.013 
 86      832    (0)   10 :  0.004 0.849 0.033 0.114 
 87      833    (2)   10 :  0.022 0.727 0.018 0.232 
 88      835    (0)   10 :  0.076 0.692 0.019 0.214 
 89      870    (0)   10 :  0.002 0.878 0.008 0.112 
 90      871    (0)   10 :  0.002 0.956 0.024 0.019 
 91      451    (0)   11 :  0.012 0.770 0.193 0.026 
 92      452    (4)   11 :  0.002 0.925 0.062 0.011 
 93      453    (4)   11 :  0.002 0.981 0.008 0.009 
 94      454    (2)   11 :  0.012 0.914 0.021 0.052 
 95      455    (4)   11 :  0.002 0.951 0.023 0.024 
 96      795    (0)   11 :  0.001 0.853 0.047 0.099 
 97      796    (0)   11 :  0.003 0.973 0.020 0.004 
 98      802    (0)   11 :  0.001 0.832 0.156 0.011 
 99      804    (0)   11 :  0.002 0.853 0.087 0.059 
100      805    (0)   11 :  0.003 0.751 0.224 0.022 
101      851    (0)   11 :  0.010 0.915 0.006 0.070 
102      852    (0)   11 :  0.002 0.930 0.037 0.031 
103      854    (0)   11 :  0.002 0.973 0.007 0.018 
104      858    (0)   11 :  0.003 0.746 0.237 0.015 
105      859    (0)   11 :  0.002 0.406 0.543 0.049 
106      860    (0)   11 :  0.062 0.847 0.081 0.009 
107      862    (0)   11 :  0.002 0.899 0.082 0.017 
108      863    (0)   11 :  0.001 0.925 0.057 0.017 
109      450    (0)   12 :  0.003 0.938 0.046 0.013 
110      791    (0)   12 :  0.003 0.958 0.015 0.023 
111      792    (0)   12 :  0.227 0.740 0.008 0.026 
112      803    (0)   12 :  0.314 0.441 0.003 0.242 
113      806    (0)   12 :  0.008 0.851 0.004 0.137 
114      807    (0)   12 :  0.002 0.977 0.007 0.014 
115      808    (0)   12 :  0.005 0.915 0.031 0.049 
116      809    (0)   12 :  0.069 0.176 0.015 0.740 
117      810    (0)   12 :  0.073 0.885 0.021 0.021 
118      811    (0)   12 :  0.006 0.978 0.006 0.009 
119      812    (0)   12 :  0.003 0.906 0.008 0.083 
120      813    (0)   12 :  0.005 0.932 0.023 0.040 
121      814    (0)   12 :  0.006 0.959 0.022 0.013 
122      834    (0)   12 :  0.005 0.924 0.057 0.013 
123      844    (0)   12 :  0.004 0.044 0.940 0.012 
124      850    (0)   12 :  0.022 0.963 0.003 0.013 
125      856    (0)   12 :  0.004 0.983 0.003 0.009 
126      857    (0)   12 :  0.023 0.948 0.003 0.026 
127      861    (0)   12 :  0.004 0.884 0.044 0.068 
128      864    (0)   12 :  0.006 0.960 0.029 0.005 
129      865    (0)   12 :  0.027 0.191 0.749 0.033 
130      866    (0)   12 :  0.028 0.653 0.009 0.310 
131      867    (0)   12 :  0.032 0.756 0.068 0.144 
132      868    (0)   12 :  0.063 0.902 0.017 0.018 
133      869    (0)   12 :  0.116 0.855 0.019 0.010 
134      004    (0)   13 :  0.002 0.952 0.036 0.011 
135      008    (0)   13 :  0.002 0.912 0.060 0.026 
136      013    (0)   13 :  0.006 0.927 0.057 0.011 
137      109    (0)   13 :  0.002 0.978 0.017 0.004 
138      348    (0)   13 :  0.002 0.987 0.005 0.006 
139      115    (0)    2 :  0.001 0.004 0.990 0.005 
140      116    (0)    2 :  0.003 0.007 0.958 0.032 
141      117    (0)    2 :  0.003 0.015 0.963 0.020 
142      118    (0)    2 :  0.004 0.070 0.905 0.021 
143      119    (0)    2 :  0.008 0.012 0.885 0.095 
144      389    (0)    2 :  0.001 0.003 0.993 0.003 
145      548    (0)    2 :  0.007 0.011 0.961 0.021 
146      549    (0)    2 :  0.002 0.005 0.978 0.015 
147      550    (0)    2 :  0.005 0.039 0.711 0.244 
148      551    (0)    2 :  0.003 0.006 0.977 0.014 
149      552    (0)    2 :  0.003 0.012 0.959 0.025 
150      553    (0)    2 :  0.003 0.007 0.978 0.012 
151      009    (0)    3 :  0.003 0.003 0.991 0.003 
152      042    (0)    3 :  0.002 0.017 0.966 0.015 
153      044    (0)    3 :  0.003 0.015 0.954 0.027 
154      086    (0)    3 :  0.002 0.003 0.990 0.005 
155      087    (0)    3 :  0.003 0.009 0.983 0.006 
156      093    (0)    3 :  0.002 0.003 0.992 0.002 
157      095    (0)    3 :  0.005 0.020 0.933 0.042 
158      096    (0)    3 :  0.006 0.018 0.968 0.008 
159      097    (0)    3 :  0.002 0.004 0.990 0.005 
160      101    (0)    3 :  0.002 0.003 0.989 0.005 
161      183    (0)    3 :  0.002 0.005 0.990 0.003 
162      200    (0)    3 :  0.007 0.006 0.984 0.003 
163      210    (0)    3 :  0.004 0.004 0.987 0.004 
164      219    (0)    3 :  0.009 0.010 0.974 0.007 
165      230    (0)    3 :  0.002 0.003 0.990 0.005 
166      241    (0)    3 :  0.004 0.025 0.955 0.016 
167      307    (0)    3 :  0.002 0.005 0.984 0.009 
168      318    (0)    3 :  0.002 0.007 0.979 0.012 
169      323    (0)    3 :  0.002 0.005 0.990 0.004 
170      324    (0)    3 :  0.002 0.003 0.991 0.003 
171      325    (0)    3 :  0.002 0.004 0.990 0.004 
172      326    (0)    3 :  0.001 0.005 0.958 0.035 
173      338    (0)    3 :  0.002 0.008 0.986 0.004 
174      343    (0)    3 :  0.013 0.006 0.977 0.005 
175      379    (0)    3 :  0.001 0.007 0.989 0.003 
176      383    (0)    3 :  0.002 0.003 0.991 0.004 
177      385    (0)    3 :  0.001 0.008 0.987 0.003 
178      386    (0)    3 :  0.002 0.012 0.982 0.004 
179      387    (0)    3 :  0.033 0.005 0.959 0.003 
180      554    (0)    3 :  0.002 0.004 0.991 0.004 
181      877    (0)    3 :  0.002 0.003 0.990 0.005 
182      878    (0)    3 :  0.004 0.005 0.967 0.024 
183      880    (0)    3 :  0.001 0.014 0.946 0.039 
184      122    (0)    4 :  0.001 0.135 0.031 0.832 
185      123    (0)    4 :  0.006 0.008 0.003 0.984 
186      124    (0)    4 :  0.009 0.008 0.011 0.972 
187      125    (0)    4 :  0.002 0.004 0.003 0.991 
188      126    (0)    4 :  0.002 0.012 0.014 0.972 
189      128    (0)    4 :  0.003 0.019 0.003 0.974 
190      129    (0)    4 :  0.002 0.060 0.018 0.920 
191      130    (0)    4 :  0.001 0.007 0.017 0.975 
192      131    (0)    4 :  0.003 0.005 0.004 0.989 
193      132    (0)    4 :  0.006 0.005 0.016 0.973 
194      133    (0)    4 :  0.002 0.376 0.049 0.574 
195      134    (0)    4 :  0.012 0.011 0.006 0.971 
196      135    (0)    4 :  0.002 0.015 0.006 0.977 
197      136    (0)    4 :  0.007 0.013 0.003 0.977 
198      139    (0)    4 :  0.003 0.015 0.008 0.974 
199      140    (0)    4 :  0.003 0.038 0.012 0.948 
200      141    (0)    4 :  0.005 0.012 0.009 0.975 
201      142    (0)    4 :  0.002 0.004 0.016 0.977 
202      143    (0)    4 :  0.007 0.011 0.028 0.954 
203      144    (0)    4 :  0.002 0.012 0.008 0.977 
204      145    (0)    4 :  0.037 0.013 0.005 0.944 
205      148    (0)    4 :  0.003 0.032 0.010 0.955 
206      556    (0)    4 :  0.002 0.008 0.011 0.979 
207      557    (0)    4 :  0.018 0.005 0.005 0.972 
208      558    (0)    4 :  0.007 0.007 0.003 0.983 
209      559    (0)    4 :  0.002 0.013 0.007 0.978 
210      560    (0)    4 :  0.002 0.008 0.011 0.980 
211      561    (0)    4 :  0.001 0.003 0.006 0.990 
212      562    (0)    4 :  0.004 0.014 0.006 0.976 
213      563    (0)    4 :  0.008 0.049 0.004 0.939 
214      564    (0)    4 :  0.002 0.069 0.078 0.850 
215      565    (0)    4 :  0.002 0.004 0.003 0.992 
216      566    (0)    4 :  0.002 0.009 0.010 0.979 
217      567    (0)    4 :  0.003 0.011 0.003 0.982 
218      568    (0)    4 :  0.003 0.012 0.005 0.981 
219      569    (0)    4 :  0.010 0.005 0.004 0.982 
220      570    (0)    4 :  0.001 0.003 0.009 0.987 
221      613    (0)    4 :  0.002 0.004 0.005 0.989 
222      614    (0)    4 :  0.002 0.008 0.004 0.987 
223      615    (0)    4 :  0.004 0.010 0.032 0.954 
224      616    (0)    4 :  0.002 0.014 0.009 0.975 
225      617    (0)    4 :  0.004 0.010 0.019 0.967 
226      618    (0)    4 :  0.003 0.018 0.017 0.962 
227      619    (0)    4 :  0.140 0.845 0.002 0.013 
228      620    (0)    4 :  0.004 0.006 0.007 0.983 
229      621    (0)    4 :  0.001 0.007 0.016 0.976 
230      622    (0)    4 :  0.003 0.004 0.005 0.988 
231      623    (0)    4 :  0.002 0.003 0.005 0.990 
232      624    (0)    4 :  0.003 0.014 0.013 0.971 
233      625    (0)    4 :  0.002 0.013 0.017 0.968 
234      626    (0)    4 :  0.003 0.006 0.006 0.985 
235      627    (0)    4 :  0.003 0.029 0.016 0.951 
236      628    (0)    4 :  0.004 0.006 0.005 0.985 
237      629    (0)    4 :  0.002 0.009 0.005 0.984 
238      630    (0)    4 :  0.004 0.004 0.003 0.989 
239      631    (0)    4 :  0.004 0.006 0.003 0.986 
240      632    (0)    4 :  0.005 0.024 0.026 0.945 
241      633    (0)    4 :  0.006 0.055 0.014 0.924 
242      634    (0)    4 :  0.014 0.011 0.004 0.970 
243      635    (0)    4 :  0.004 0.005 0.003 0.988 
244      636    (0)    4 :  0.004 0.004 0.008 0.985 
245      637    (0)    4 :  0.002 0.153 0.022 0.823 
246      638    (0)    4 :  0.002 0.021 0.012 0.965 
247      639    (0)    4 :  0.003 0.078 0.019 0.900 
248      640    (0)    4 :  0.001 0.006 0.013 0.980 
249      689    (0)    4 :  0.001 0.005 0.006 0.987 
250      690    (0)    4 :  0.018 0.009 0.008 0.965 
251      691    (0)    4 :  0.002 0.004 0.014 0.980 
252      692    (0)    4 :  0.006 0.014 0.003 0.977 
253      693    (0)    4 :  0.002 0.005 0.004 0.990 
254      694    (0)    4 :  0.003 0.004 0.003 0.990 
255      695    (0)    4 :  0.001 0.003 0.007 0.989 
256      696    (0)    4 :  0.003 0.003 0.005 0.990 
257      697    (0)    4 :  0.003 0.005 0.005 0.988 
258      698    (0)    4 :  0.003 0.009 0.005 0.983 
259      699    (0)    4 :  0.001 0.004 0.005 0.991 
260      700    (0)    4 :  0.005 0.006 0.013 0.976 
261      701    (2)    4 :  0.003 0.011 0.007 0.980 
262      702    (0)    4 :  0.007 0.008 0.023 0.962 
263      703    (0)    4 :  0.004 0.004 0.004 0.988 
264      704    (0)    4 :  0.002 0.010 0.006 0.982 
265      390    (0)    5 :  0.013 0.004 0.981 0.003 
266      391    (0)    5 :  0.009 0.006 0.976 0.009 
267      392    (0)    5 :  0.062 0.111 0.764 0.064 
268      393    (0)    5 :  0.003 0.005 0.987 0.005 
269      394    (0)    5 :  0.004 0.016 0.972 0.008 
270      647    (0)    5 :  0.003 0.008 0.976 0.013 
271      648    (0)    5 :  0.002 0.005 0.987 0.006 
272      007    (0)    6 :  0.024 0.963 0.005 0.008 
273      012    (0)    6 :  0.005 0.980 0.007 0.008 
274      020    (0)    6 :  0.004 0.984 0.008 0.005 
275      021    (0)    6 :  0.002 0.991 0.004 0.004 
276      022    (0)    6 :  0.007 0.987 0.004 0.003 
277      034    (0)    6 :  0.006 0.950 0.015 0.029 
278      049    (0)    6 :  0.005 0.985 0.004 0.005 
279      062    (0)    6 :  0.001 0.992 0.003 0.003 
280      089    (0)    6 :  0.003 0.987 0.004 0.007 
281      092    (0)    6 :  0.003 0.988 0.004 0.006 
282      100    (0)    6 :  0.003 0.966 0.014 0.017 
283      105    (0)    6 :  0.002 0.985 0.008 0.005 
284      205    (0)    6 :  0.003 0.992 0.002 0.002 
285      206    (0)    6 :  0.003 0.975 0.014 0.008 
286      207    (0)    6 :  0.003 0.990 0.003 0.004 
287      208    (0)    6 :  0.003 0.988 0.006 0.003 
288      209    (0)    6 :  0.002 0.993 0.003 0.002 
289      377    (0)    6 :  0.004 0.981 0.007 0.008 
290      881    (0)    6 :  0.005 0.985 0.004 0.005 
291      003    (0)    7 :  0.987 0.007 0.002 0.004 
292      108    (0)    7 :  0.995 0.002 0.001 0.002 
293      194    (0)    7 :  0.970 0.011 0.014 0.006 
294      232    (0)    7 :  0.991 0.003 0.002 0.003 
295      321    (0)    7 :  0.994 0.002 0.002 0.002 
296      322    (0)    7 :  0.995 0.002 0.001 0.002 
297      329    (0)    7 :  0.995 0.002 0.001 0.002 
298      330    (0)    7 :  0.995 0.002 0.001 0.002 
299      342    (0)    7 :  0.978 0.011 0.005 0.006 
300      347    (0)    7 :  0.962 0.018 0.007 0.014 
301      801    (0)    8 :  0.004 0.872 0.011 0.113 
302      815    (0)    8 :  0.004 0.950 0.003 0.042 
303      816    (0)    8 :  0.002 0.544 0.224 0.230 
304      817    (0)    8 :  0.016 0.971 0.007 0.007 
305      818    (0)    8 :  0.002 0.850 0.025 0.123 
306      819    (0)    8 :  0.005 0.977 0.005 0.013 
307      820    (2)    8 :  0.001 0.968 0.021 0.011 
308      821    (0)    8 :  0.002 0.979 0.010 0.008 
309      822    (0)    8 :  0.281 0.694 0.011 0.014 
310      853    (0)    8 :  0.018 0.842 0.091 0.050 
311      797    (0)    9 :  0.002 0.856 0.127 0.016 
312      798    (0)    9 :  0.002 0.975 0.019 0.005 
313      799    (0)    9 :  0.005 0.982 0.003 0.010 
314      800    (0)    9 :  0.005 0.774 0.025 0.196 
315      823    (0)    9 :  0.012 0.974 0.008 0.007 
316      824    (0)    9 :  0.016 0.962 0.009 0.012 
317      825    (0)    9 :  0.003 0.966 0.007 0.024 
318      826    (0)    9 :  0.035 0.073 0.057 0.835 
319      827    (0)    9 :  0.003 0.633 0.337 0.028 
320      836    (0)    9 :  0.001 0.934 0.037 0.027 
321      837    (0)    9 :  0.151 0.503 0.035 0.312 
322      838    (0)    9 :  0.003 0.287 0.021 0.689 
323      839    (0)    9 :  0.005 0.733 0.212 0.050 
324      840    (0)    9 :  0.002 0.980 0.002 0.017 
325      841    (0)    9 :  0.003 0.923 0.057 0.017 
326      842    (0)    9 :  0.002 0.938 0.035 0.025 
327      843    (0)    9 :  0.002 0.950 0.011 0.036 
328      845    (0)    9 :  0.002 0.902 0.086 0.010 
329      846    (0)    9 :  0.007 0.939 0.033 0.021 
330      847    (2)    9 :  0.201 0.771 0.005 0.023 
331      848    (0)    9 :  0.015 0.793 0.011 0.181 
332      849    (0)    9 :  0.062 0.456 0.370 0.112 
333      855    (0)    9 :  0.017 0.379 0.520 0.083 


Estimated Allele Frequencies in each cluster
First column gives estimated ancestral frequencies


Locus 1 : 1 
4 alleles
0.0% missing data
  89   (0.492) 0.109 0.534 0.571 0.445 
  91   (0.359) 0.541 0.326 0.325 0.508 
  93   (0.127) 0.052 0.129 0.102 0.045 
  99   (0.022) 0.298 0.012 0.001 0.002 

Locus 2 : 2 
6 alleles
0.0% missing data
 136   (0.390) 0.077 0.379 0.522 0.513 
 138   (0.227) 0.875 0.212 0.268 0.112 
 134   (0.262) 0.032 0.293 0.144 0.296 
 140   (0.069) 0.009 0.074 0.064 0.009 
 142   (0.030) 0.004 0.018 0.001 0.068 
 132   (0.022) 0.003 0.024 0.001 0.001 

Locus 3 : 3 
6 alleles
0.0% missing data
 181   (0.179) 0.166 0.143 0.118 0.289 
 187   (0.354) 0.773 0.348 0.487 0.180 
 179   (0.275) 0.034 0.248 0.346 0.472 
 191   (0.060) 0.007 0.073 0.045 0.004 
 185   (0.079) 0.014 0.125 0.002 0.025 
 175   (0.053) 0.007 0.063 0.002 0.030 

Locus 4 : 4 
12 alleles
0.0% missing data
 253   (0.427) 0.384 0.416 0.651 0.607 
 241   (0.155) 0.083 0.156 0.080 0.184 
 269   (0.195) 0.321 0.196 0.118 0.189 
 249   (0.034) 0.103 0.015 0.110 0.003 
 271   (0.053) 0.017 0.049 0.031 0.009 
 265   (0.012) 0.001 0.007 0.000 0.001 
 247   (0.053) 0.006 0.130 0.002 0.003 
 273   (0.015) 0.004 0.011 0.000 0.001 
 245   (0.012) 0.001 0.007 0.000 0.001 
 235   (0.012) 0.002 0.003 0.004 0.001 
 267   (0.012) 0.001 0.003 0.004 0.001 
 239   (0.018) 0.077 0.008 0.001 0.001 

Locus 5 : 5 
5 alleles
0.9% missing data
 103   (0.882) 0.986 0.913 0.964 0.846 
 104   (0.035) 0.004 0.016 0.030 0.018 
 105   (0.047) 0.007 0.039 0.001 0.133 
 107   (0.013) 0.001 0.003 0.004 0.001 
 102   (0.023) 0.002 0.030 0.001 0.001 

Locus 6 : 6 
6 alleles
0.0% missing data
 135   (0.293) 0.797 0.297 0.207 0.234 
 141   (0.263) 0.030 0.241 0.550 0.377 
 145   (0.343) 0.160 0.386 0.188 0.334 
 147   (0.069) 0.007 0.053 0.051 0.052 
 137   (0.020) 0.004 0.020 0.001 0.001 
 143   (0.013) 0.001 0.003 0.004 0.001 

Locus 7 : 7 
10 alleles
0.3% missing data
  89   (0.074) 0.009 0.072 0.046 0.041 
 103   (0.323) 0.042 0.368 0.288 0.562 
  93   (0.202) 0.343 0.188 0.364 0.175 
  97   (0.189) 0.184 0.211 0.210 0.092 
  85   (0.050) 0.008 0.029 0.049 0.065 
  91   (0.068) 0.285 0.047 0.036 0.036 
 101   (0.016) 0.004 0.006 0.004 0.002 
  83   (0.047) 0.005 0.061 0.001 0.026 
  99   (0.014) 0.002 0.011 0.000 0.001 
 105   (0.016) 0.120 0.006 0.000 0.001 

Locus 8 : 8 
10 alleles
0.0% missing data
 129   (0.549) 0.386 0.618 0.627 0.515 
 141   (0.073) 0.008 0.049 0.144 0.091 
 149   (0.049) 0.006 0.048 0.137 0.003 
 143   (0.234) 0.350 0.241 0.084 0.378 
 131   (0.016) 0.160 0.004 0.002 0.001 
 127   (0.020) 0.045 0.011 0.001 0.002 
 145   (0.017) 0.002 0.008 0.001 0.007 
 133   (0.018) 0.004 0.015 0.001 0.001 
 121   (0.012) 0.001 0.003 0.004 0.001 
 128   (0.012) 0.036 0.003 0.000 0.001 

Locus 9 : 9 
4 alleles
0.0% missing data
 189   (0.402) 0.500 0.472 0.270 0.213 
 191   (0.382) 0.359 0.350 0.582 0.451 
 195   (0.197) 0.139 0.169 0.144 0.335 
 193   (0.019) 0.002 0.008 0.004 0.001 

Locus 10 : 10 
7 alleles
0.0% missing data
 232   (0.231) 0.189 0.225 0.407 0.155 
 238   (0.484) 0.331 0.516 0.447 0.594 
 252   (0.122) 0.014 0.109 0.120 0.181 
 254   (0.100) 0.458 0.093 0.021 0.061 
 250   (0.032) 0.004 0.035 0.001 0.007 
 240   (0.012) 0.001 0.003 0.004 0.001 
 248   (0.019) 0.002 0.020 0.001 0.001 

Locus 11 : 11 
5 alleles
0.0% missing data
  87   (0.701) 0.797 0.732 0.668 0.758 
  89   (0.224) 0.196 0.204 0.228 0.237 
  91   (0.050) 0.005 0.050 0.103 0.003 
  85   (0.013) 0.001 0.007 0.000 0.001 
  83   (0.013) 0.001 0.007 0.000 0.001 

Locus 12 : 12 
13 alleles
0.0% missing data
 147   (0.055) 0.005 0.027 0.129 0.116 
 158   (0.182) 0.020 0.164 0.453 0.266 
 162   (0.249) 0.201 0.257 0.175 0.314 
 160   (0.284) 0.480 0.371 0.180 0.093 
 170   (0.041) 0.004 0.048 0.012 0.003 
 161   (0.080) 0.009 0.062 0.039 0.187 
 154   (0.017) 0.002 0.016 0.001 0.001 
 159   (0.015) 0.001 0.011 0.000 0.001 
 149   (0.019) 0.003 0.020 0.001 0.001 
 143   (0.022) 0.269 0.007 0.001 0.016 
 164   (0.013) 0.001 0.003 0.007 0.001 
 165   (0.012) 0.003 0.007 0.000 0.001 
 134   (0.012) 0.001 0.007 0.000 0.001 

Locus 13 : 13 
4 alleles
0.0% missing data
 113   (0.358) 0.458 0.354 0.345 0.371 
 115   (0.462) 0.142 0.501 0.485 0.463 
 108   (0.167) 0.399 0.138 0.170 0.165 
 110   (0.013) 0.001 0.007 0.000 0.001 

Locus 14 : 14 
10 alleles
0.0% missing data
 229   (0.382) 0.079 0.455 0.500 0.331 
 225   (0.131) 0.069 0.148 0.071 0.066 
 231   (0.201) 0.418 0.187 0.101 0.421 
 233   (0.059) 0.128 0.032 0.102 0.025 
 227   (0.167) 0.298 0.150 0.222 0.150 
 213   (0.012) 0.001 0.007 0.000 0.001 
 221   (0.012) 0.001 0.007 0.000 0.001 
 255   (0.012) 0.001 0.003 0.004 0.001 
 223   (0.012) 0.003 0.006 0.000 0.001 
 203   (0.012) 0.001 0.004 0.000 0.004 

Locus 15 : 15 
5 alleles
0.3% missing data
 143   (0.880) 0.736 0.916 0.980 0.916 
 157   (0.018) 0.002 0.009 0.004 0.001 
 145   (0.059) 0.258 0.030 0.015 0.080 
 147   (0.022) 0.002 0.024 0.001 0.002 
 133   (0.020) 0.002 0.020 0.001 0.001 

Locus 16 : 16 
5 alleles
0.0% missing data
 158   (0.482) 0.431 0.515 0.557 0.467 
 160   (0.131) 0.014 0.126 0.151 0.136 
 156   (0.291) 0.456 0.289 0.245 0.332 
 154   (0.084) 0.097 0.063 0.047 0.064 
 152   (0.012) 0.001 0.007 0.001 0.001 

Locus 17 : 17 
5 alleles
0.0% missing data
  90   (0.667) 0.543 0.654 0.731 0.818 
 102   (0.204) 0.023 0.212 0.238 0.161 
  88   (0.055) 0.006 0.047 0.028 0.014 
 100   (0.061) 0.428 0.081 0.003 0.007 
 104   (0.013) 0.001 0.007 0.000 0.001 

Locus 18 : 18 
7 alleles
0.0% missing data
 142   (0.088) 0.010 0.102 0.390 0.006 
 146   (0.100) 0.020 0.086 0.102 0.076 
 127   (0.285) 0.458 0.257 0.246 0.372 
 148   (0.114) 0.013 0.124 0.086 0.045 
 140   (0.265) 0.481 0.244 0.137 0.417 
 138   (0.076) 0.008 0.065 0.036 0.060 
 150   (0.073) 0.010 0.121 0.002 0.023 

Locus 19 : 19 
6 alleles
0.0% missing data
 188   (0.140) 0.017 0.158 0.102 0.065 
 194   (0.575) 0.670 0.572 0.554 0.645 
 190   (0.139) 0.020 0.103 0.338 0.229 
 200   (0.092) 0.207 0.110 0.003 0.057 
 198   (0.013) 0.001 0.007 0.000 0.001 
 202   (0.042) 0.085 0.051 0.001 0.003 

Locus 20 : 20 
6 alleles
0.0% missing data
 244   (0.035) 0.005 0.020 0.027 0.007 
 250   (0.085) 0.740 0.056 0.104 0.037 
 252   (0.622) 0.150 0.685 0.784 0.635 
 246   (0.152) 0.057 0.153 0.034 0.245 
 254   (0.084) 0.012 0.074 0.050 0.075 
 248   (0.022) 0.036 0.013 0.001 0.001 

Locus 21 : 21 
10 alleles
0.0% missing data
 167   (0.257) 0.075 0.277 0.325 0.229 
 177   (0.189) 0.544 0.176 0.296 0.120 
 173   (0.266) 0.197 0.284 0.313 0.207 
 165   (0.056) 0.011 0.041 0.009 0.166 
 175   (0.132) 0.160 0.113 0.051 0.256 
 163   (0.050) 0.005 0.091 0.002 0.008 
 169   (0.012) 0.001 0.003 0.004 0.001 
 171   (0.013) 0.001 0.003 0.000 0.011 
 159   (0.012) 0.003 0.006 0.000 0.001 
 161   (0.012) 0.001 0.007 0.000 0.001 

Locus 22 : 22 
11 alleles
0.3% missing data
 146   (0.205) 0.173 0.195 0.264 0.284 
 152   (0.409) 0.278 0.453 0.543 0.465 
 154   (0.014) 0.001 0.004 0.061 0.001 
 166   (0.080) 0.155 0.051 0.080 0.096 
 164   (0.044) 0.005 0.032 0.007 0.045 
 150   (0.052) 0.048 0.036 0.012 0.024 
 158   (0.092) 0.011 0.108 0.029 0.069 
 142   (0.017) 0.002 0.016 0.001 0.001 
 156   (0.027) 0.003 0.046 0.001 0.002 
 162   (0.037) 0.006 0.045 0.001 0.012 
 148   (0.023) 0.318 0.014 0.001 0.001 

Locus 23 : 23 
6 alleles
0.3% missing data
 154   (0.482) 0.287 0.493 0.521 0.639 
 144   (0.236) 0.673 0.239 0.165 0.176 
 156   (0.120) 0.019 0.124 0.048 0.132 
 160   (0.122) 0.015 0.125 0.209 0.051 
 152   (0.017) 0.002 0.005 0.042 0.001 
 158   (0.024) 0.005 0.013 0.015 0.002 

Locus 24 : 24 
4 alleles
0.3% missing data
  83   (0.542) 0.607 0.572 0.467 0.600 
  85   (0.053) 0.008 0.030 0.042 0.069 
  81   (0.318) 0.376 0.327 0.299 0.275 
  77   (0.088) 0.010 0.070 0.193 0.056 

Locus 25 : 25 
6 alleles
0.3% missing data
 126   (0.038) 0.006 0.032 0.041 0.003 
 132   (0.344) 0.224 0.349 0.506 0.282 
 122   (0.100) 0.019 0.096 0.030 0.123 
 124   (0.487) 0.394 0.507 0.423 0.590 
 120   (0.016) 0.354 0.006 0.001 0.001 
 136   (0.015) 0.002 0.011 0.000 0.001 

Locus 26 : 26 
6 alleles
0.0% missing data
 183   (0.390) 0.197 0.417 0.463 0.309 
 175   (0.249) 0.026 0.258 0.279 0.305 
 179   (0.074) 0.416 0.068 0.082 0.006 
 165   (0.231) 0.355 0.205 0.175 0.348 
 181   (0.043) 0.005 0.044 0.001 0.031 
 185   (0.012) 0.001 0.007 0.000 0.001 

Locus 27 : 27 
4 alleles
0.0% missing data
 142   (0.588) 0.484 0.591 0.698 0.595 
 148   (0.227) 0.493 0.205 0.136 0.281 
 138   (0.067) 0.010 0.051 0.156 0.020 
 150   (0.117) 0.013 0.154 0.010 0.104 

Locus 28 : 28 
5 alleles
0.0% missing data
 260   (0.402) 0.184 0.440 0.356 0.352 
 262   (0.487) 0.805 0.459 0.615 0.590 
 256   (0.076) 0.008 0.070 0.028 0.057 
 264   (0.017) 0.002 0.016 0.001 0.001 
 258   (0.017) 0.002 0.016 0.001 0.001 

Locus 29 : 29 
5 alleles
0.3% missing data
 140   (0.176) 0.748 0.147 0.097 0.222 
 150   (0.464) 0.206 0.460 0.717 0.460 
 146   (0.247) 0.030 0.290 0.122 0.236 
 148   (0.091) 0.011 0.079 0.062 0.080 
 152   (0.023) 0.005 0.024 0.001 0.002 

Locus 30 : 30 
6 alleles
0.0% missing data
 125   (0.269) 0.076 0.251 0.422 0.301 
 129   (0.508) 0.343 0.545 0.468 0.453 
 123   (0.117) 0.016 0.105 0.106 0.117 
 127   (0.063) 0.559 0.046 0.002 0.126 
 131   (0.028) 0.004 0.041 0.001 0.002 
 121   (0.015) 0.002 0.011 0.000 0.001 

Locus 31 : 31 
5 alleles
0.0% missing data
 153   (0.062) 0.043 0.060 0.075 0.004 
 155   (0.546) 0.658 0.573 0.607 0.451 
 157   (0.217) 0.232 0.187 0.190 0.319 
 159   (0.122) 0.017 0.099 0.125 0.223 
 151   (0.053) 0.050 0.081 0.002 0.003 

Locus 32 : 32 
4 alleles
0.0% missing data
 146   (0.304) 0.364 0.339 0.105 0.310 
 150   (0.563) 0.583 0.566 0.802 0.527 
 148   (0.074) 0.009 0.052 0.089 0.092 
 154   (0.059) 0.044 0.044 0.004 0.071 

Locus 33 : 33 
7 alleles
0.0% missing data
 196   (0.132) 0.018 0.120 0.181 0.118 
 198   (0.043) 0.006 0.041 0.051 0.003 
 184   (0.183) 0.197 0.151 0.173 0.262 
 180   (0.484) 0.759 0.492 0.567 0.422 
 194   (0.014) 0.001 0.003 0.022 0.001 
 192   (0.121) 0.015 0.180 0.004 0.169 
 190   (0.024) 0.002 0.012 0.001 0.025 

Locus 34 : 34 
7 alleles
0.0% missing data
 106   (0.344) 0.300 0.395 0.147 0.314 
 112   (0.255) 0.028 0.249 0.501 0.275 
 110   (0.218) 0.253 0.175 0.335 0.333 
  90   (0.045) 0.280 0.020 0.011 0.029 
 108   (0.101) 0.135 0.126 0.006 0.047 
  96   (0.017) 0.002 0.016 0.001 0.001 
  94   (0.019) 0.002 0.020 0.001 0.001 

Locus 35 : 35 
8 alleles
0.0% missing data
 170   (0.335) 0.535 0.314 0.188 0.507 
 172   (0.283) 0.031 0.327 0.423 0.128 
 166   (0.059) 0.008 0.033 0.239 0.036 
 176   (0.108) 0.014 0.078 0.118 0.243 
 178   (0.043) 0.004 0.045 0.019 0.003 
 174   (0.096) 0.012 0.112 0.011 0.075 
 168   (0.057) 0.394 0.076 0.002 0.006 
 186   (0.018) 0.002 0.016 0.001 0.001 

Locus 36 : 36 
6 alleles
0.0% missing data
  85   (0.204) 0.331 0.205 0.182 0.126 
  89   (0.553) 0.310 0.580 0.691 0.591 
  95   (0.071) 0.009 0.048 0.088 0.084 
  83   (0.114) 0.022 0.126 0.038 0.080 
  81   (0.044) 0.006 0.036 0.001 0.118 
  91   (0.015) 0.322 0.005 0.000 0.001 

Locus 37 : 37 
8 alleles
0.0% missing data
 159   (0.014) 0.001 0.003 0.022 0.001 
 165   (0.203) 0.083 0.193 0.247 0.209 
 161   (0.340) 0.091 0.352 0.496 0.358 
 169   (0.076) 0.047 0.075 0.122 0.008 
 173   (0.303) 0.408 0.331 0.102 0.419 
 167   (0.030) 0.005 0.030 0.004 0.003 
 175   (0.015) 0.002 0.011 0.000 0.001 
 168   (0.018) 0.363 0.004 0.005 0.001 

Locus 38 : 38 
7 alleles
0.0% missing data
  87   (0.143) 0.734 0.125 0.164 0.068 
  89   (0.330) 0.038 0.365 0.632 0.240 
  81   (0.098) 0.013 0.087 0.047 0.136 
  85   (0.214) 0.159 0.225 0.080 0.261 
  91   (0.178) 0.052 0.189 0.050 0.270 
  93   (0.023) 0.002 0.006 0.018 0.023 
  95   (0.013) 0.001 0.003 0.007 0.001 

Locus 39 : 39 
4 alleles
0.0% missing data
 167   (0.808) 0.798 0.812 0.917 0.948 
 161   (0.147) 0.188 0.160 0.072 0.047 
 165   (0.033) 0.012 0.025 0.008 0.004 
 155   (0.013) 0.001 0.003 0.004 0.001 

Locus 40 : 40 
7 alleles
0.3% missing data
 228   (0.375) 0.470 0.370 0.580 0.323 
 236   (0.155) 0.153 0.152 0.095 0.110 
 224   (0.036) 0.004 0.012 0.058 0.114 
 238   (0.305) 0.180 0.304 0.260 0.407 
 240   (0.102) 0.061 0.154 0.003 0.044 
 246   (0.012) 0.001 0.003 0.004 0.001 
 242   (0.015) 0.131 0.005 0.000 0.001 

Locus 41 : 41 
9 alleles
0.3% missing data
 130   (0.442) 0.094 0.499 0.474 0.467 
 132   (0.143) 0.014 0.133 0.217 0.170 
 128   (0.090) 0.010 0.077 0.190 0.059 
 114   (0.102) 0.488 0.065 0.090 0.147 
 134   (0.112) 0.306 0.123 0.007 0.131 
 122   (0.019) 0.002 0.008 0.019 0.001 
 118   (0.067) 0.083 0.089 0.003 0.014 
 120   (0.012) 0.001 0.003 0.000 0.006 
 119   (0.012) 0.001 0.003 0.000 0.006 

Locus 42 : 42 
8 alleles
0.0% missing data
 102   (0.309) 0.270 0.312 0.427 0.400 
 104   (0.324) 0.085 0.411 0.205 0.312 
  92   (0.118) 0.208 0.100 0.108 0.102 
  98   (0.137) 0.271 0.118 0.184 0.114 
  96   (0.066) 0.161 0.038 0.075 0.050 
 106   (0.012) 0.001 0.007 0.000 0.001 
  94   (0.015) 0.002 0.005 0.000 0.010 
 100   (0.019) 0.002 0.008 0.001 0.012 

Locus 43 : 43 
6 alleles
0.0% missing data
  95   (0.267) 0.064 0.279 0.374 0.222 
  99   (0.084) 0.353 0.060 0.045 0.056 
 101   (0.297) 0.029 0.312 0.335 0.417 
 103   (0.309) 0.224 0.326 0.242 0.299 
  97   (0.031) 0.328 0.021 0.001 0.005 
 105   (0.012) 0.001 0.003 0.004 0.001 

Locus 44 : 44 
8 alleles
0.0% missing data
 181   (0.602) 0.551 0.655 0.704 0.535 
 191   (0.246) 0.121 0.233 0.179 0.428 
 177   (0.064) 0.006 0.049 0.114 0.026 
 179   (0.028) 0.314 0.022 0.001 0.002 
 189   (0.017) 0.002 0.016 0.001 0.001 
 187   (0.012) 0.001 0.003 0.000 0.006 
 193   (0.015) 0.003 0.011 0.000 0.001 
 183   (0.015) 0.001 0.011 0.001 0.001 

Locus 45 : 45 
6 alleles
0.6% missing data
 205   (0.436) 0.335 0.471 0.451 0.449 
 215   (0.081) 0.009 0.060 0.094 0.124 
 207   (0.205) 0.064 0.248 0.159 0.099 
 211   (0.205) 0.161 0.183 0.236 0.283 
 201   (0.061) 0.429 0.030 0.060 0.045 
 202   (0.012) 0.001 0.007 0.000 0.001 

Locus 46 : 46 
10 alleles
0.0% missing data
 166   (0.176) 0.140 0.177 0.293 0.104 
 168   (0.154) 0.129 0.149 0.184 0.117 
 144   (0.049) 0.005 0.050 0.189 0.003 
 158   (0.183) 0.149 0.181 0.134 0.222 
 142   (0.264) 0.033 0.317 0.190 0.344 
 170   (0.026) 0.003 0.021 0.004 0.002 
 156   (0.036) 0.142 0.025 0.001 0.011 
 164   (0.049) 0.057 0.037 0.002 0.061 
 162   (0.051) 0.340 0.035 0.002 0.135 
 160   (0.012) 0.001 0.007 0.000 0.001 

Locus 47 : 47 
6 alleles
0.0% missing data
 149   (0.270) 0.479 0.327 0.108 0.139 
 151   (0.195) 0.145 0.152 0.279 0.357 
 153   (0.185) 0.022 0.177 0.379 0.166 
 145   (0.312) 0.348 0.320 0.215 0.336 
 147   (0.020) 0.003 0.008 0.019 0.001 
 143   (0.017) 0.002 0.016 0.001 0.001 

Values of parameters used in structure:
DATAFILE=temp1_no_plains.str,	OUTFILE=k4/temp1_no_plains_k4_run9,	NUMINDS=333,	NUMLOCI=47,	MISSING=-9,	LABEL=1,	POPDATA=1,	POPFLAG=0,	PHENOTYPE=0,	EXTRACOLS=0,	MAXPOPS=4,	BURNIN=500000,	NUMREPS=750000,	USEPOPINFO=0,	INFERALPHA=1,	INFERLAMBDA=0,	POPSPECIFICLAMBDA=0,	POPALPHAS=0,	COMPUTEPROB=1,	NOADMIX=0,	ADMBURNIN=500,	UPDATEFREQ=100,	PRINTLIKES=0,	INTERMEDSAVE=0,	PRINTKLD=0,	PRINTNET=1,	PRINTLAMBDA=1,	ANCESTDIST=0,	NUMBOXES=1000,	ANCESTPINT=0.90000,	GENSBACK=2,	MIGRPRIOR=0.01000,	PRINTQHAT=0,	PRINTQSUM=1,	ALPHA=1.0000,	FREQSCORR=1,	FPRIORMEAN=0.0100,	FPRIORSD=0.0500,	ONEFST=0,	LAMBDA=1.0000,	UNIFPRIORALPHA=1,	ALPHAMAX=10.0000,	ALPHAPRIORA=1.0000,	ALPHAPRIORB=2.0000,	ALPHAPROPSD=0.0250,	STARTATPOPINFO=0,	RANDOMIZE=0,	LINKAGE=0,	METROFREQ=10,	REPORTHITRATE=0,	MARKOVPHASE=0,	PHASED=1,	PLOIDY=2,	PHASEINFO=0	LOCPRIOR=0, 	LOCPRIORINIT=1.000000, 	LOCDATA=0, 	LOCISPOP=1, 	LOCPRIORSTEP=0.100000, 	MAXLOCPRIOR=20.000000, 	SEED=912540,	
[STRAT parameters]:    NUMSIMSTATS=1000,	PHENOTYPECOL=-9,	POOLFREQ=10,	LOCUSxONLY=0,	EMERROR=0.00100,	MISSINGPHENO=-9,	