

----------------------------------------------------
STRUCTURE by Pritchard, Stephens and Donnelly (2000)
     and Falush, Stephens and Pritchard (2003)
       Code by Pritchard, Falush and Hubisz
             Version 2.3.4 (Jul 2012)
----------------------------------------------------



Command line arguments:   structure -D 883992 -K 4 -m mainparams -o k4/temp1_no_plains_k4_run8 
Input File:    temp1_no_plains.str

Run parameters:
   333 individuals
   47 loci
   4 populations assumed
   500000 Burn-in period
   750000 Reps
RANDOMIZE turned off


--------------------------------------------
Proportion of membership of each pre-defined
 population in each of the 4 clusters

Given    Inferred Clusters              Number of
 Pop       1      2      3      4      Individuals

  1:     0.011  0.005  0.969  0.014       79
  2:     0.043  0.009  0.934  0.014       12
  3:     0.010  0.006  0.975  0.008       33
  4:     0.947  0.007  0.011  0.034       81
  5:     0.016  0.017  0.948  0.019        7
  6:     0.011  0.880  0.023  0.085       19
  7:     0.004  0.987  0.002  0.007       10
  8:     0.034  0.031  0.024  0.910       10
  9:     0.075  0.056  0.063  0.806       23
 10:     0.106  0.046  0.022  0.826       11
 11:     0.020  0.008  0.075  0.897       18
 12:     0.067  0.071  0.076  0.786       25
 13:     0.012  0.006  0.040  0.942        5
--------------------------------------------

Allele-freq. divergence among pops (Net nucleotide distance),
computed using point estimates of P.

      1       2       3       4      
 1      -    0.0523  0.0368  0.0173  
 2   0.0523     -    0.0647  0.0426  
 3   0.0368  0.0647     -    0.0243  
 4   0.0173  0.0426  0.0243     -    

Average distances (expected heterozygosity) between individuals in same cluster:
cluster  1  : 0.6025 
cluster  2  : 0.6123 
cluster  3  : 0.5680 
cluster  4  : 0.6370 

--------------------------------------------
Estimated Ln Prob of Data   = -36143.0
Mean value of ln likelihood = -35827.5
Variance of ln likelihood   = 631.1
Mean value of alpha         = 0.0358

Mean value of Fst_1         = 0.0846
Mean value of Fst_2         = 0.1220
Mean value of Fst_3         = 0.1062
Mean value of Fst_4         = 0.0140


Inferred ancestry of individuals:
        Label (%Miss) Pop:  Inferred clusters
  1      014    (0)    1 :  0.006 0.009 0.971 0.014 
  2      015    (0)    1 :  0.010 0.002 0.980 0.008 
  3      016    (0)    1 :  0.011 0.003 0.981 0.006 
  4      017    (0)    1 :  0.012 0.004 0.974 0.010 
  5      018    (0)    1 :  0.020 0.005 0.969 0.006 
  6      023    (0)    1 :  0.019 0.006 0.966 0.010 
  7      025    (0)    1 :  0.004 0.004 0.984 0.008 
  8      026    (0)    1 :  0.003 0.002 0.991 0.003 
  9      027    (0)    1 :  0.011 0.003 0.909 0.077 
 10      028    (0)    1 :  0.023 0.004 0.967 0.006 
 11      029    (0)    1 :  0.006 0.003 0.982 0.009 
 12      030    (0)    1 :  0.014 0.004 0.972 0.010 
 13      031    (0)    1 :  0.021 0.003 0.968 0.007 
 14      032    (0)    1 :  0.010 0.013 0.971 0.006 
 15      035    (0)    1 :  0.004 0.002 0.991 0.003 
 16      037    (0)    1 :  0.010 0.003 0.982 0.005 
 17      038    (0)    1 :  0.015 0.015 0.964 0.007 
 18      039    (0)    1 :  0.004 0.002 0.991 0.003 
 19      040    (0)    1 :  0.019 0.003 0.960 0.018 
 20      041    (0)    1 :  0.009 0.002 0.983 0.005 
 21      043    (0)    1 :  0.003 0.001 0.993 0.003 
 22      045    (0)    1 :  0.008 0.003 0.983 0.006 
 23      046    (0)    1 :  0.016 0.003 0.964 0.017 
 24      047    (0)    1 :  0.008 0.002 0.983 0.006 
 25      050    (0)    1 :  0.002 0.001 0.994 0.002 
 26      052    (0)    1 :  0.003 0.002 0.991 0.004 
 27      053    (0)    1 :  0.003 0.002 0.992 0.004 
 28      054    (0)    1 :  0.031 0.008 0.940 0.021 
 29      055    (0)    1 :  0.006 0.003 0.987 0.004 
 30      056    (0)    1 :  0.006 0.003 0.984 0.007 
 31      057    (0)    1 :  0.005 0.006 0.960 0.028 
 32      058    (0)    1 :  0.018 0.013 0.950 0.019 
 33      059    (0)    1 :  0.038 0.005 0.944 0.013 
 34      060    (0)    1 :  0.008 0.003 0.984 0.006 
 35      350    (0)    1 :  0.004 0.006 0.986 0.004 
 36      351    (0)    1 :  0.011 0.002 0.978 0.009 
 37      354    (0)    1 :  0.008 0.003 0.984 0.004 
 38      374    (0)    1 :  0.011 0.007 0.906 0.075 
 39      378    (0)    1 :  0.009 0.002 0.975 0.015 
 40      381    (0)    1 :  0.007 0.002 0.986 0.005 
 41      382    (0)    1 :  0.011 0.010 0.973 0.006 
 42      384    (0)    1 :  0.005 0.002 0.988 0.005 
 43      555    (0)    1 :  0.006 0.016 0.971 0.007 
 44      671    (0)    1 :  0.023 0.058 0.767 0.152 
 45      672    (0)    1 :  0.014 0.006 0.970 0.011 
 46      705    (0)    1 :  0.004 0.005 0.987 0.004 
 47      706    (0)    1 :  0.006 0.002 0.988 0.004 
 48      707    (0)    1 :  0.004 0.005 0.986 0.005 
 49      708    (0)    1 :  0.012 0.039 0.918 0.031 
 50      758    (0)    1 :  0.012 0.005 0.970 0.013 
 51      759    (0)    1 :  0.016 0.004 0.971 0.009 
 52      760    (0)    1 :  0.010 0.002 0.981 0.008 
 53      761    (0)    1 :  0.015 0.004 0.977 0.004 
 54      762    (0)    1 :  0.009 0.004 0.980 0.006 
 55      763    (0)    1 :  0.006 0.003 0.985 0.006 
 56      764    (0)    1 :  0.003 0.004 0.990 0.003 
 57      765    (0)    1 :  0.011 0.003 0.975 0.012 
 58      766    (0)    1 :  0.002 0.001 0.994 0.002 
 59      767    (0)    1 :  0.007 0.012 0.976 0.005 
 60      768    (0)    1 :  0.004 0.003 0.990 0.003 
 61      769    (0)    1 :  0.011 0.002 0.977 0.009 
 62      770    (0)    1 :  0.036 0.004 0.938 0.023 
 63      771    (0)    1 :  0.010 0.005 0.974 0.011 
 64      772    (0)    1 :  0.036 0.003 0.778 0.183 
 65      773    (0)    1 :  0.008 0.008 0.980 0.004 
 66      774    (0)    1 :  0.047 0.004 0.933 0.016 
 67      775    (0)    1 :  0.003 0.003 0.991 0.004 
 68      776    (0)    1 :  0.006 0.003 0.986 0.005 
 69      777    (0)    1 :  0.003 0.004 0.990 0.003 
 70      778    (0)    1 :  0.004 0.004 0.989 0.004 
 71      779    (0)    1 :  0.006 0.006 0.984 0.004 
 72      780    (0)    1 :  0.002 0.002 0.989 0.007 
 73      781    (0)    1 :  0.006 0.003 0.983 0.009 
 74      782    (0)    1 :  0.005 0.003 0.987 0.006 
 75      783    (0)    1 :  0.007 0.003 0.987 0.004 
 76      784    (0)    1 :  0.006 0.007 0.944 0.043 
 77      785    (0)    1 :  0.002 0.004 0.987 0.007 
 78      786    (0)    1 :  0.004 0.002 0.990 0.004 
 79      787    (0)    1 :  0.046 0.004 0.942 0.008 
 80      793    (0)   10 :  0.247 0.008 0.013 0.732 
 81      794    (0)   10 :  0.009 0.006 0.055 0.929 
 82      828    (0)   10 :  0.044 0.005 0.004 0.947 
 83      829    (4)   10 :  0.124 0.003 0.082 0.790 
 84      830    (0)   10 :  0.037 0.011 0.015 0.937 
 85      831    (2)   10 :  0.009 0.037 0.012 0.942 
 86      832    (0)   10 :  0.041 0.003 0.019 0.937 
 87      833    (2)   10 :  0.067 0.006 0.009 0.918 
 88      835    (0)   10 :  0.475 0.420 0.018 0.086 
 89      870    (0)   10 :  0.099 0.004 0.008 0.889 
 90      871    (0)   10 :  0.011 0.003 0.011 0.974 
 91      451    (0)   11 :  0.009 0.006 0.063 0.923 
 92      452    (4)   11 :  0.010 0.004 0.046 0.940 
 93      453    (4)   11 :  0.008 0.006 0.008 0.979 
 94      454    (2)   11 :  0.033 0.019 0.016 0.933 
 95      455    (4)   11 :  0.021 0.008 0.018 0.953 
 96      795    (0)   11 :  0.042 0.003 0.024 0.931 
 97      796    (0)   11 :  0.003 0.003 0.012 0.982 
 98      802    (0)   11 :  0.008 0.002 0.080 0.910 
 99      804    (0)   11 :  0.035 0.004 0.053 0.909 
100      805    (0)   11 :  0.019 0.009 0.141 0.831 
101      851    (0)   11 :  0.037 0.014 0.005 0.944 
102      852    (0)   11 :  0.021 0.004 0.029 0.947 
103      854    (0)   11 :  0.018 0.005 0.006 0.970 
104      858    (0)   11 :  0.011 0.005 0.136 0.848 
105      859    (0)   11 :  0.048 0.006 0.563 0.382 
106      860    (0)   11 :  0.007 0.043 0.057 0.893 
107      862    (0)   11 :  0.014 0.004 0.056 0.926 
108      863    (0)   11 :  0.011 0.003 0.040 0.947 
109      450    (0)   12 :  0.012 0.013 0.032 0.944 
110      791    (0)   12 :  0.016 0.006 0.010 0.968 
111      792    (0)   12 :  0.023 0.335 0.006 0.636 
112      803    (0)   12 :  0.176 0.456 0.003 0.365 
113      806    (0)   12 :  0.138 0.021 0.004 0.838 
114      807    (0)   12 :  0.009 0.005 0.005 0.980 
115      808    (0)   12 :  0.019 0.003 0.014 0.965 
116      809    (0)   12 :  0.665 0.076 0.014 0.245 
117      810    (0)   12 :  0.029 0.273 0.028 0.670 
118      811    (0)   12 :  0.009 0.014 0.006 0.971 
119      812    (0)   12 :  0.091 0.010 0.008 0.891 
120      813    (0)   12 :  0.016 0.004 0.013 0.967 
121      814    (0)   12 :  0.010 0.008 0.016 0.966 
122      834    (0)   12 :  0.007 0.003 0.018 0.972 
123      844    (0)   12 :  0.010 0.005 0.807 0.177 
124      850    (0)   12 :  0.014 0.020 0.002 0.964 
125      856    (0)   12 :  0.006 0.012 0.003 0.980 
126      857    (0)   12 :  0.026 0.047 0.003 0.924 
127      861    (0)   12 :  0.039 0.017 0.031 0.913 
128      864    (0)   12 :  0.005 0.026 0.030 0.938 
129      865    (0)   12 :  0.031 0.053 0.711 0.205 
130      866    (0)   12 :  0.060 0.005 0.005 0.930 
131      867    (0)   12 :  0.245 0.222 0.099 0.435 
132      868    (0)   12 :  0.011 0.031 0.012 0.946 
133      869    (0)   12 :  0.008 0.118 0.015 0.859 
134      004    (0)   13 :  0.011 0.008 0.049 0.932 
135      008    (0)   13 :  0.028 0.005 0.075 0.892 
136      013    (0)   13 :  0.009 0.011 0.052 0.928 
137      109    (0)   13 :  0.004 0.005 0.019 0.972 
138      348    (0)   13 :  0.006 0.003 0.005 0.987 
139      115    (0)    2 :  0.005 0.002 0.989 0.004 
140      116    (0)    2 :  0.034 0.005 0.954 0.008 
141      117    (0)    2 :  0.020 0.004 0.955 0.021 
142      118    (0)    2 :  0.020 0.041 0.912 0.027 
143      119    (0)    2 :  0.106 0.008 0.873 0.013 
144      389    (0)    2 :  0.003 0.002 0.992 0.004 
145      548    (0)    2 :  0.021 0.014 0.956 0.010 
146      549    (0)    2 :  0.015 0.002 0.976 0.007 
147      550    (0)    2 :  0.240 0.013 0.711 0.036 
148      551    (0)    2 :  0.015 0.004 0.974 0.006 
149      552    (0)    2 :  0.026 0.003 0.947 0.023 
150      553    (0)    2 :  0.012 0.005 0.976 0.007 
151      009    (0)    3 :  0.003 0.002 0.991 0.003 
152      042    (0)    3 :  0.015 0.004 0.960 0.021 
153      044    (0)    3 :  0.029 0.004 0.947 0.020 
154      086    (0)    3 :  0.005 0.002 0.990 0.003 
155      087    (0)    3 :  0.006 0.004 0.979 0.011 
156      093    (0)    3 :  0.002 0.003 0.992 0.003 
157      095    (0)    3 :  0.043 0.012 0.927 0.018 
158      096    (0)    3 :  0.008 0.020 0.958 0.013 
159      097    (0)    3 :  0.005 0.003 0.989 0.004 
160      101    (0)    3 :  0.005 0.002 0.989 0.004 
161      183    (0)    3 :  0.003 0.004 0.989 0.005 
162      200    (0)    3 :  0.003 0.005 0.985 0.008 
163      210    (0)    3 :  0.004 0.004 0.987 0.006 
164      219    (0)    3 :  0.007 0.009 0.973 0.011 
165      230    (0)    3 :  0.005 0.002 0.989 0.004 
166      241    (0)    3 :  0.016 0.009 0.945 0.031 
167      307    (0)    3 :  0.009 0.003 0.983 0.006 
168      318    (0)    3 :  0.012 0.002 0.976 0.010 
169      323    (0)    3 :  0.004 0.003 0.987 0.006 
170      324    (0)    3 :  0.004 0.002 0.990 0.004 
171      325    (0)    3 :  0.004 0.003 0.989 0.005 
172      326    (0)    3 :  0.041 0.002 0.950 0.006 
173      338    (0)    3 :  0.004 0.003 0.983 0.010 
174      343    (0)    3 :  0.005 0.016 0.972 0.006 
175      379    (0)    3 :  0.003 0.002 0.985 0.010 
176      383    (0)    3 :  0.004 0.002 0.990 0.003 
177      385    (0)    3 :  0.003 0.002 0.985 0.009 
178      386    (0)    3 :  0.004 0.004 0.981 0.012 
179      387    (0)    3 :  0.003 0.054 0.939 0.004 
180      554    (0)    3 :  0.004 0.003 0.989 0.003 
181      877    (0)    3 :  0.005 0.003 0.989 0.003 
182      878    (0)    3 :  0.026 0.003 0.964 0.007 
183      880    (0)    3 :  0.042 0.004 0.939 0.014 
184      122    (0)    4 :  0.724 0.005 0.030 0.240 
185      123    (0)    4 :  0.984 0.005 0.003 0.009 
186      124    (0)    4 :  0.958 0.025 0.011 0.006 
187      125    (0)    4 :  0.989 0.002 0.004 0.005 
188      126    (0)    4 :  0.953 0.002 0.014 0.031 
189      128    (0)    4 :  0.971 0.008 0.004 0.018 
190      129    (0)    4 :  0.928 0.018 0.018 0.035 
191      130    (0)    4 :  0.972 0.003 0.018 0.008 
192      131    (0)    4 :  0.988 0.003 0.004 0.006 
193      132    (0)    4 :  0.970 0.011 0.016 0.004 
194      133    (0)    4 :  0.717 0.010 0.064 0.209 
195      134    (0)    4 :  0.963 0.017 0.006 0.014 
196      135    (0)    4 :  0.964 0.004 0.006 0.027 
197      136    (0)    4 :  0.971 0.012 0.004 0.014 
198      139    (0)    4 :  0.971 0.010 0.008 0.012 
199      140    (0)    4 :  0.943 0.019 0.012 0.026 
200      141    (0)    4 :  0.969 0.006 0.010 0.015 
201      142    (0)    4 :  0.977 0.003 0.016 0.004 
202      143    (0)    4 :  0.947 0.016 0.029 0.008 
203      144    (0)    4 :  0.972 0.005 0.008 0.015 
204      145    (0)    4 :  0.952 0.026 0.005 0.017 
205      148    (0)    4 :  0.885 0.004 0.011 0.100 
206      556    (0)    4 :  0.977 0.004 0.011 0.009 
207      557    (0)    4 :  0.980 0.007 0.005 0.007 
208      558    (0)    4 :  0.982 0.007 0.003 0.007 
209      559    (0)    4 :  0.976 0.004 0.008 0.012 
210      560    (0)    4 :  0.973 0.003 0.011 0.014 
211      561    (0)    4 :  0.989 0.002 0.006 0.003 
212      562    (0)    4 :  0.971 0.006 0.006 0.016 
213      563    (0)    4 :  0.906 0.023 0.004 0.068 
214      564    (0)    4 :  0.840 0.007 0.083 0.071 
215      565    (0)    4 :  0.990 0.003 0.003 0.004 
216      566    (0)    4 :  0.966 0.002 0.011 0.021 
217      567    (0)    4 :  0.981 0.004 0.003 0.012 
218      568    (0)    4 :  0.975 0.009 0.005 0.011 
219      569    (0)    4 :  0.985 0.006 0.004 0.005 
220      570    (0)    4 :  0.985 0.002 0.009 0.004 
221      613    (0)    4 :  0.987 0.004 0.005 0.004 
222      614    (0)    4 :  0.980 0.002 0.004 0.014 
223      615    (0)    4 :  0.948 0.005 0.033 0.014 
224      616    (0)    4 :  0.975 0.006 0.010 0.008 
225      617    (0)    4 :  0.960 0.005 0.019 0.016 
226      618    (0)    4 :  0.952 0.011 0.017 0.020 
227      619    (0)    4 :  0.009 0.041 0.002 0.949 
228      620    (0)    4 :  0.980 0.004 0.008 0.009 
229      621    (0)    4 :  0.973 0.002 0.015 0.009 
230      622    (0)    4 :  0.986 0.005 0.006 0.004 
231      623    (0)    4 :  0.989 0.002 0.005 0.004 
232      624    (0)    4 :  0.967 0.005 0.014 0.014 
233      625    (0)    4 :  0.954 0.003 0.018 0.026 
234      626    (0)    4 :  0.984 0.005 0.005 0.006 
235      627    (0)    4 :  0.951 0.008 0.017 0.024 
236      628    (0)    4 :  0.983 0.006 0.005 0.006 
237      629    (0)    4 :  0.981 0.006 0.005 0.008 
238      630    (0)    4 :  0.989 0.003 0.004 0.005 
239      631    (0)    4 :  0.980 0.013 0.003 0.004 
240      632    (0)    4 :  0.943 0.011 0.026 0.021 
241      633    (0)    4 :  0.900 0.022 0.013 0.065 
242      634    (0)    4 :  0.973 0.012 0.004 0.011 
243      635    (0)    4 :  0.987 0.003 0.003 0.006 
244      636    (0)    4 :  0.984 0.004 0.008 0.004 
245      637    (0)    4 :  0.762 0.005 0.023 0.210 
246      638    (0)    4 :  0.963 0.005 0.013 0.018 
247      639    (0)    4 :  0.910 0.007 0.020 0.063 
248      640    (0)    4 :  0.978 0.003 0.014 0.006 
249      689    (0)    4 :  0.986 0.002 0.006 0.006 
250      690    (0)    4 :  0.971 0.012 0.008 0.009 
251      691    (0)    4 :  0.973 0.002 0.017 0.008 
252      692    (0)    4 :  0.951 0.010 0.003 0.035 
253      693    (0)    4 :  0.988 0.003 0.004 0.005 
254      694    (0)    4 :  0.988 0.006 0.003 0.003 
255      695    (0)    4 :  0.987 0.002 0.007 0.003 
256      696    (0)    4 :  0.990 0.002 0.004 0.004 
257      697    (0)    4 :  0.985 0.005 0.006 0.004 
258      698    (0)    4 :  0.971 0.003 0.005 0.021 
259      699    (0)    4 :  0.990 0.002 0.005 0.004 
260      700    (0)    4 :  0.974 0.008 0.013 0.006 
261      701    (2)    4 :  0.974 0.005 0.007 0.015 
262      702    (0)    4 :  0.962 0.003 0.023 0.012 
263      703    (0)    4 :  0.987 0.003 0.004 0.006 
264      704    (0)    4 :  0.980 0.004 0.006 0.009 
265      390    (0)    5 :  0.003 0.008 0.986 0.003 
266      391    (0)    5 :  0.009 0.009 0.976 0.006 
267      392    (0)    5 :  0.066 0.086 0.767 0.081 
268      393    (0)    5 :  0.005 0.003 0.985 0.007 
269      394    (0)    5 :  0.008 0.005 0.964 0.024 
270      647    (0)    5 :  0.014 0.003 0.973 0.010 
271      648    (0)    5 :  0.006 0.003 0.986 0.004 
272      007    (0)    6 :  0.013 0.969 0.009 0.009 
273      012    (0)    6 :  0.023 0.928 0.024 0.025 
274      020    (0)    6 :  0.007 0.378 0.027 0.588 
275      021    (0)    6 :  0.005 0.983 0.005 0.007 
276      022    (0)    6 :  0.006 0.947 0.014 0.033 
277      034    (0)    6 :  0.036 0.925 0.030 0.009 
278      049    (0)    6 :  0.007 0.982 0.005 0.006 
279      062    (0)    6 :  0.005 0.976 0.004 0.015 
280      089    (0)    6 :  0.006 0.984 0.005 0.004 
281      092    (0)    6 :  0.005 0.988 0.003 0.003 
282      100    (0)    6 :  0.010 0.966 0.018 0.005 
283      105    (0)    6 :  0.013 0.909 0.052 0.026 
284      205    (0)    6 :  0.006 0.970 0.004 0.020 
285      206    (0)    6 :  0.032 0.514 0.151 0.303 
286      207    (0)    6 :  0.014 0.928 0.015 0.043 
287      208    (0)    6 :  0.012 0.865 0.055 0.068 
288      209    (0)    6 :  0.004 0.540 0.005 0.451 
289      377    (0)    6 :  0.007 0.982 0.008 0.004 
290      881    (0)    6 :  0.006 0.983 0.007 0.004 
291      003    (0)    7 :  0.003 0.992 0.002 0.003 
292      108    (0)    7 :  0.002 0.995 0.001 0.002 
293      194    (0)    7 :  0.004 0.989 0.004 0.004 
294      232    (0)    7 :  0.002 0.992 0.002 0.003 
295      321    (0)    7 :  0.002 0.993 0.002 0.003 
296      322    (0)    7 :  0.004 0.991 0.003 0.003 
297      329    (0)    7 :  0.003 0.992 0.002 0.003 
298      330    (0)    7 :  0.002 0.995 0.001 0.002 
299      342    (0)    7 :  0.015 0.935 0.005 0.045 
300      347    (0)    7 :  0.002 0.993 0.002 0.003 
301      801    (0)    8 :  0.078 0.015 0.010 0.896 
302      815    (0)    8 :  0.024 0.024 0.003 0.948 
303      816    (0)    8 :  0.129 0.004 0.135 0.732 
304      817    (0)    8 :  0.006 0.015 0.006 0.973 
305      818    (0)    8 :  0.047 0.003 0.013 0.937 
306      819    (0)    8 :  0.008 0.007 0.004 0.980 
307      820    (2)    8 :  0.011 0.003 0.017 0.969 
308      821    (0)    8 :  0.006 0.003 0.009 0.982 
309      822    (0)    8 :  0.010 0.232 0.006 0.752 
310      853    (0)    8 :  0.023 0.008 0.042 0.927 
311      797    (0)    9 :  0.017 0.005 0.112 0.867 
312      798    (0)    9 :  0.005 0.003 0.013 0.980 
313      799    (0)    9 :  0.012 0.080 0.004 0.904 
314      800    (0)    9 :  0.079 0.004 0.015 0.902 
315      823    (0)    9 :  0.017 0.433 0.033 0.518 
316      824    (0)    9 :  0.008 0.007 0.007 0.978 
317      825    (0)    9 :  0.018 0.010 0.006 0.966 
318      826    (0)    9 :  0.745 0.021 0.051 0.183 
319      827    (0)    9 :  0.017 0.005 0.210 0.768 
320      836    (0)    9 :  0.017 0.002 0.022 0.958 
321      837    (0)    9 :  0.065 0.063 0.021 0.851 
322      838    (0)    9 :  0.286 0.003 0.013 0.697 
323      839    (0)    9 :  0.056 0.040 0.176 0.728 
324      840    (0)    9 :  0.011 0.004 0.002 0.982 
325      841    (0)    9 :  0.012 0.005 0.045 0.937 
326      842    (0)    9 :  0.015 0.004 0.025 0.956 
327      843    (0)    9 :  0.032 0.003 0.009 0.956 
328      845    (0)    9 :  0.008 0.004 0.045 0.943 
329      846    (0)    9 :  0.017 0.010 0.026 0.947 
330      847    (2)    9 :  0.032 0.516 0.008 0.444 
331      848    (0)    9 :  0.144 0.024 0.011 0.820 
332      849    (0)    9 :  0.081 0.046 0.254 0.619 
333      855    (0)    9 :  0.029 0.005 0.341 0.625 


Estimated Allele Frequencies in each cluster
First column gives estimated ancestral frequencies


Locus 1 : 1 
4 alleles
0.0% missing data
  89   (0.494) 0.440 0.444 0.573 0.509 
  91   (0.353) 0.515 0.404 0.324 0.329 
  93   (0.128) 0.044 0.045 0.103 0.144 
  99   (0.025) 0.002 0.107 0.001 0.018 

Locus 2 : 2 
6 alleles
0.0% missing data
 136   (0.377) 0.512 0.346 0.523 0.352 
 138   (0.234) 0.115 0.430 0.269 0.229 
 134   (0.271) 0.293 0.208 0.144 0.287 
 140   (0.068) 0.008 0.009 0.062 0.085 
 142   (0.028) 0.070 0.003 0.001 0.020 
 132   (0.022) 0.002 0.004 0.001 0.027 

Locus 3 : 3 
6 alleles
0.0% missing data
 181   (0.184) 0.287 0.116 0.119 0.162 
 187   (0.343) 0.179 0.572 0.489 0.324 
 179   (0.283) 0.478 0.034 0.344 0.297 
 191   (0.053) 0.003 0.135 0.044 0.041 
 185   (0.083) 0.022 0.136 0.003 0.105 
 175   (0.054) 0.031 0.007 0.002 0.071 

Locus 4 : 4 
12 alleles
0.0% missing data
 253   (0.426) 0.611 0.395 0.651 0.422 
 241   (0.160) 0.178 0.110 0.079 0.169 
 269   (0.198) 0.191 0.179 0.118 0.214 
 249   (0.037) 0.002 0.034 0.110 0.022 
 271   (0.052) 0.009 0.010 0.031 0.056 
 265   (0.011) 0.001 0.001 0.000 0.008 
 247   (0.053) 0.003 0.223 0.002 0.077 
 273   (0.014) 0.001 0.003 0.000 0.012 
 245   (0.011) 0.001 0.001 0.000 0.008 
 235   (0.012) 0.001 0.001 0.004 0.004 
 267   (0.012) 0.001 0.001 0.004 0.004 
 239   (0.013) 0.001 0.041 0.000 0.005 

Locus 5 : 5 
5 alleles
0.9% missing data
 103   (0.884) 0.849 0.925 0.964 0.914 
 104   (0.034) 0.019 0.004 0.030 0.019 
 105   (0.049) 0.130 0.006 0.002 0.050 
 107   (0.012) 0.001 0.001 0.004 0.004 
 102   (0.021) 0.001 0.064 0.001 0.013 

Locus 6 : 6 
6 alleles
0.0% missing data
 135   (0.269) 0.229 0.615 0.207 0.253 
 141   (0.284) 0.379 0.092 0.551 0.276 
 145   (0.356) 0.336 0.198 0.187 0.412 
 147   (0.059) 0.053 0.089 0.051 0.033 
 137   (0.019) 0.001 0.005 0.001 0.022 
 143   (0.012) 0.001 0.001 0.004 0.004 

Locus 7 : 7 
10 alleles
0.3% missing data
  89   (0.074) 0.039 0.010 0.046 0.084 
 103   (0.342) 0.574 0.212 0.288 0.374 
  93   (0.207) 0.169 0.238 0.364 0.202 
  97   (0.177) 0.091 0.257 0.211 0.184 
  85   (0.050) 0.063 0.007 0.049 0.037 
  91   (0.050) 0.036 0.190 0.037 0.025 
 101   (0.016) 0.001 0.003 0.004 0.009 
  83   (0.054) 0.025 0.034 0.002 0.062 
  99   (0.014) 0.001 0.002 0.000 0.013 
 105   (0.017) 0.001 0.046 0.001 0.009 

Locus 8 : 8 
10 alleles
0.0% missing data
 129   (0.557) 0.510 0.510 0.625 0.624 
 141   (0.073) 0.093 0.048 0.145 0.047 
 149   (0.054) 0.003 0.033 0.137 0.049 
 143   (0.230) 0.382 0.282 0.085 0.237 
 131   (0.016) 0.001 0.063 0.002 0.005 
 127   (0.013) 0.001 0.042 0.000 0.004 
 145   (0.017) 0.007 0.002 0.001 0.009 
 133   (0.017) 0.001 0.002 0.001 0.017 
 121   (0.011) 0.001 0.001 0.004 0.004 
 128   (0.011) 0.001 0.015 0.000 0.004 

Locus 9 : 9 
4 alleles
0.0% missing data
 189   (0.410) 0.207 0.495 0.267 0.466 
 191   (0.367) 0.452 0.418 0.586 0.327 
 195   (0.205) 0.339 0.085 0.143 0.198 
 193   (0.018) 0.001 0.002 0.004 0.010 

Locus 10 : 10 
7 alleles
0.0% missing data
 232   (0.221) 0.156 0.253 0.410 0.205 
 238   (0.519) 0.590 0.283 0.444 0.582 
 252   (0.124) 0.182 0.110 0.120 0.100 
 254   (0.072) 0.063 0.344 0.021 0.048 
 250   (0.032) 0.007 0.004 0.001 0.039 
 240   (0.012) 0.001 0.001 0.004 0.004 
 248   (0.019) 0.001 0.004 0.001 0.022 

Locus 11 : 11 
5 alleles
0.0% missing data
  87   (0.713) 0.762 0.684 0.668 0.754 
  89   (0.213) 0.233 0.246 0.228 0.192 
  91   (0.051) 0.003 0.063 0.104 0.039 
  85   (0.012) 0.001 0.001 0.000 0.008 
  83   (0.012) 0.001 0.006 0.000 0.006 

Locus 12 : 12 
13 alleles
0.0% missing data
 147   (0.055) 0.118 0.006 0.129 0.035 
 158   (0.199) 0.265 0.051 0.455 0.195 
 162   (0.256) 0.308 0.244 0.173 0.263 
 160   (0.261) 0.093 0.570 0.180 0.300 
 170   (0.040) 0.003 0.004 0.012 0.054 
 161   (0.078) 0.192 0.010 0.040 0.070 
 154   (0.017) 0.001 0.002 0.001 0.018 
 159   (0.014) 0.001 0.001 0.000 0.013 
 149   (0.019) 0.001 0.003 0.001 0.022 
 143   (0.026) 0.016 0.105 0.001 0.012 
 164   (0.012) 0.001 0.001 0.008 0.004 
 165   (0.012) 0.001 0.001 0.000 0.008 
 134   (0.012) 0.001 0.001 0.000 0.008 

Locus 13 : 13 
4 alleles
0.0% missing data
 113   (0.338) 0.375 0.470 0.344 0.322 
 115   (0.476) 0.457 0.343 0.484 0.513 
 108   (0.174) 0.168 0.186 0.172 0.158 
 110   (0.012) 0.001 0.001 0.000 0.007 

Locus 14 : 14 
10 alleles
0.0% missing data
 229   (0.407) 0.331 0.280 0.500 0.466 
 225   (0.133) 0.066 0.105 0.071 0.147 
 231   (0.162) 0.427 0.432 0.100 0.127 
 233   (0.060) 0.025 0.053 0.102 0.041 
 227   (0.181) 0.147 0.124 0.223 0.186 
 213   (0.011) 0.001 0.001 0.000 0.008 
 221   (0.011) 0.001 0.001 0.000 0.008 
 255   (0.011) 0.001 0.001 0.003 0.004 
 223   (0.011) 0.001 0.001 0.000 0.008 
 203   (0.011) 0.002 0.001 0.000 0.007 

Locus 15 : 15 
5 alleles
0.3% missing data
 143   (0.885) 0.915 0.810 0.980 0.927 
 157   (0.017) 0.001 0.002 0.003 0.010 
 145   (0.061) 0.081 0.106 0.015 0.037 
 147   (0.025) 0.002 0.024 0.001 0.022 
 133   (0.013) 0.001 0.058 0.000 0.004 

Locus 16 : 16 
5 alleles
0.0% missing data
 158   (0.494) 0.462 0.448 0.555 0.532 
 160   (0.140) 0.139 0.049 0.151 0.137 
 156   (0.277) 0.334 0.414 0.246 0.265 
 154   (0.078) 0.064 0.087 0.047 0.058 
 152   (0.012) 0.001 0.001 0.000 0.008 

Locus 17 : 17 
5 alleles
0.0% missing data
  90   (0.667) 0.819 0.605 0.731 0.661 
 102   (0.201) 0.162 0.219 0.239 0.182 
  88   (0.054) 0.014 0.006 0.027 0.054 
 100   (0.066) 0.005 0.168 0.003 0.096 
 104   (0.012) 0.001 0.001 0.000 0.008 

Locus 18 : 18 
7 alleles
0.0% missing data
 142   (0.089) 0.006 0.010 0.391 0.120 
 146   (0.099) 0.077 0.082 0.102 0.079 
 127   (0.286) 0.375 0.292 0.246 0.274 
 148   (0.111) 0.046 0.143 0.085 0.100 
 140   (0.282) 0.417 0.215 0.138 0.292 
 138   (0.074) 0.061 0.008 0.036 0.076 
 150   (0.058) 0.018 0.249 0.002 0.059 

Locus 19 : 19 
6 alleles
0.0% missing data
 188   (0.151) 0.063 0.099 0.101 0.162 
 194   (0.569) 0.649 0.612 0.553 0.570 
 190   (0.138) 0.232 0.081 0.341 0.102 
 200   (0.098) 0.052 0.087 0.003 0.130 
 198   (0.012) 0.001 0.001 0.000 0.007 
 202   (0.032) 0.002 0.121 0.001 0.029 

Locus 20 : 20 
6 alleles
0.0% missing data
 244   (0.033) 0.007 0.004 0.027 0.023 
 250   (0.079) 0.039 0.345 0.105 0.051 
 252   (0.644) 0.632 0.396 0.785 0.713 
 246   (0.137) 0.245 0.191 0.033 0.125 
 254   (0.087) 0.076 0.050 0.050 0.073 
 248   (0.020) 0.001 0.014 0.001 0.015 

Locus 21 : 21 
10 alleles
0.0% missing data
 167   (0.265) 0.223 0.179 0.326 0.287 
 177   (0.188) 0.125 0.315 0.296 0.176 
 173   (0.277) 0.203 0.160 0.312 0.317 
 165   (0.056) 0.169 0.010 0.008 0.047 
 175   (0.131) 0.259 0.104 0.051 0.122 
 163   (0.038) 0.007 0.214 0.001 0.033 
 169   (0.011) 0.001 0.001 0.004 0.004 
 171   (0.012) 0.012 0.001 0.000 0.004 
 159   (0.011) 0.001 0.001 0.000 0.008 
 161   (0.011) 0.001 0.014 0.000 0.004 

Locus 22 : 22 
11 alleles
0.3% missing data
 146   (0.210) 0.279 0.170 0.264 0.210 
 152   (0.413) 0.468 0.366 0.544 0.456 
 154   (0.013) 0.001 0.001 0.062 0.004 
 166   (0.081) 0.098 0.065 0.080 0.063 
 164   (0.042) 0.047 0.006 0.007 0.035 
 150   (0.047) 0.024 0.050 0.012 0.032 
 158   (0.099) 0.068 0.032 0.029 0.119 
 142   (0.016) 0.001 0.002 0.001 0.017 
 156   (0.019) 0.001 0.126 0.001 0.011 
 162   (0.039) 0.012 0.055 0.001 0.036 
 148   (0.022) 0.001 0.128 0.001 0.016 

Locus 23 : 23 
6 alleles
0.3% missing data
 154   (0.514) 0.638 0.269 0.521 0.553 
 144   (0.203) 0.176 0.556 0.165 0.179 
 156   (0.123) 0.131 0.018 0.048 0.145 
 160   (0.120) 0.052 0.148 0.209 0.102 
 152   (0.017) 0.001 0.002 0.042 0.007 
 158   (0.023) 0.002 0.006 0.015 0.014 

Locus 24 : 24 
4 alleles
0.3% missing data
  83   (0.502) 0.601 0.798 0.470 0.482 
  85   (0.055) 0.066 0.006 0.041 0.041 
  81   (0.346) 0.276 0.172 0.299 0.390 
  77   (0.097) 0.056 0.023 0.190 0.087 

Locus 25 : 25 
6 alleles
0.3% missing data
 126   (0.038) 0.003 0.007 0.041 0.036 
 132   (0.315) 0.281 0.461 0.506 0.290 
 122   (0.108) 0.119 0.035 0.030 0.111 
 124   (0.506) 0.594 0.362 0.422 0.541 
 120   (0.018) 0.001 0.134 0.001 0.009 
 136   (0.015) 0.001 0.002 0.000 0.013 

Locus 26 : 26 
6 alleles
0.0% missing data
 183   (0.351) 0.311 0.504 0.464 0.340 
 175   (0.261) 0.310 0.151 0.279 0.263 
 179   (0.086) 0.007 0.150 0.081 0.092 
 165   (0.248) 0.341 0.189 0.174 0.248 
 181   (0.042) 0.031 0.005 0.001 0.050 
 185   (0.012) 0.001 0.001 0.000 0.008 

Locus 27 : 27 
4 alleles
0.0% missing data
 142   (0.571) 0.595 0.631 0.696 0.561 
 148   (0.236) 0.289 0.246 0.137 0.227 
 138   (0.066) 0.017 0.010 0.157 0.061 
 150   (0.127) 0.099 0.113 0.010 0.150 

Locus 28 : 28 
5 alleles
0.0% missing data
 260   (0.424) 0.346 0.224 0.356 0.481 
 262   (0.473) 0.594 0.670 0.616 0.435 
 256   (0.070) 0.058 0.103 0.027 0.049 
 264   (0.017) 0.001 0.002 0.001 0.018 
 258   (0.017) 0.001 0.002 0.001 0.018 

Locus 29 : 29 
5 alleles
0.3% missing data
 140   (0.174) 0.225 0.371 0.098 0.151 
 150   (0.476) 0.455 0.242 0.717 0.509 
 146   (0.242) 0.238 0.284 0.123 0.250 
 148   (0.086) 0.080 0.099 0.062 0.063 
 152   (0.022) 0.002 0.004 0.001 0.026 

Locus 30 : 30 
6 alleles
0.0% missing data
 125   (0.270) 0.300 0.188 0.424 0.253 
 129   (0.496) 0.452 0.538 0.465 0.518 
 123   (0.123) 0.116 0.056 0.107 0.112 
 127   (0.069) 0.129 0.214 0.002 0.059 
 131   (0.028) 0.002 0.003 0.001 0.046 
 121   (0.015) 0.001 0.002 0.000 0.013 

Locus 31 : 31 
5 alleles
0.0% missing data
 153   (0.063) 0.004 0.021 0.075 0.069 
 155   (0.551) 0.453 0.602 0.610 0.566 
 157   (0.229) 0.322 0.131 0.190 0.219 
 159   (0.129) 0.219 0.016 0.123 0.128 
 151   (0.027) 0.002 0.230 0.002 0.018 

Locus 32 : 32 
4 alleles
0.0% missing data
 146   (0.297) 0.310 0.417 0.102 0.313 
 150   (0.573) 0.526 0.558 0.805 0.574 
 148   (0.074) 0.092 0.008 0.089 0.063 
 154   (0.056) 0.073 0.017 0.004 0.050 

Locus 33 : 33 
7 alleles
0.0% missing data
 196   (0.137) 0.114 0.016 0.178 0.151 
 198   (0.044) 0.003 0.053 0.052 0.032 
 184   (0.190) 0.264 0.105 0.174 0.177 
 180   (0.455) 0.424 0.739 0.569 0.433 
 194   (0.013) 0.001 0.001 0.022 0.004 
 192   (0.139) 0.170 0.083 0.005 0.189 
 190   (0.023) 0.025 0.002 0.001 0.014 

Locus 34 : 34 
7 alleles
0.0% missing data
 106   (0.314) 0.315 0.526 0.145 0.323 
 112   (0.279) 0.267 0.074 0.501 0.295 
 110   (0.227) 0.339 0.139 0.336 0.203 
  90   (0.046) 0.030 0.116 0.011 0.024 
 108   (0.101) 0.048 0.100 0.006 0.129 
  96   (0.013) 0.001 0.043 0.000 0.004 
  94   (0.019) 0.001 0.002 0.001 0.022 

Locus 35 : 35 
8 alleles
0.0% missing data
 170   (0.301) 0.506 0.576 0.186 0.254 
 172   (0.306) 0.129 0.235 0.425 0.319 
 166   (0.059) 0.037 0.008 0.240 0.040 
 176   (0.109) 0.249 0.014 0.117 0.092 
 178   (0.043) 0.003 0.005 0.019 0.051 
 174   (0.099) 0.070 0.011 0.010 0.132 
 168   (0.065) 0.005 0.150 0.002 0.094 
 186   (0.017) 0.001 0.002 0.001 0.018 

Locus 36 : 36 
6 alleles
0.0% missing data
  85   (0.211) 0.117 0.237 0.182 0.217 
  89   (0.541) 0.596 0.600 0.692 0.533 
  95   (0.070) 0.087 0.009 0.088 0.056 
  83   (0.119) 0.078 0.025 0.037 0.145 
  81   (0.043) 0.121 0.006 0.001 0.041 
  91   (0.017) 0.001 0.123 0.001 0.007 

Locus 37 : 37 
8 alleles
0.0% missing data
 159   (0.013) 0.001 0.001 0.022 0.004 
 165   (0.214) 0.207 0.073 0.248 0.224 
 161   (0.347) 0.362 0.288 0.499 0.340 
 169   (0.076) 0.006 0.022 0.118 0.093 
 173   (0.287) 0.420 0.472 0.103 0.286 
 167   (0.029) 0.002 0.004 0.004 0.034 
 175   (0.015) 0.001 0.002 0.000 0.013 
 168   (0.019) 0.001 0.138 0.006 0.006 

Locus 38 : 38 
7 alleles
0.0% missing data
  87   (0.134) 0.070 0.403 0.166 0.109 
  89   (0.355) 0.232 0.059 0.632 0.432 
  81   (0.097) 0.138 0.098 0.047 0.075 
  85   (0.211) 0.260 0.233 0.079 0.213 
  91   (0.169) 0.276 0.203 0.050 0.160 
  93   (0.022) 0.024 0.002 0.019 0.007 
  95   (0.012) 0.001 0.001 0.007 0.004 

Locus 39 : 39 
4 alleles
0.0% missing data
 167   (0.809) 0.948 0.853 0.917 0.803 
 161   (0.148) 0.049 0.141 0.072 0.163 
 165   (0.031) 0.002 0.005 0.007 0.030 
 155   (0.012) 0.001 0.001 0.004 0.004 

Locus 40 : 40 
7 alleles
0.3% missing data
 228   (0.413) 0.328 0.297 0.582 0.416 
 236   (0.072) 0.108 0.437 0.094 0.034 
 224   (0.038) 0.115 0.004 0.058 0.017 
 238   (0.338) 0.404 0.095 0.258 0.372 
 240   (0.108) 0.044 0.119 0.004 0.148 
 246   (0.012) 0.001 0.001 0.004 0.004 
 242   (0.018) 0.001 0.047 0.001 0.009 

Locus 41 : 41 
9 alleles
0.3% missing data
 130   (0.458) 0.464 0.285 0.471 0.518 
 132   (0.126) 0.173 0.187 0.218 0.093 
 128   (0.088) 0.062 0.014 0.192 0.083 
 114   (0.113) 0.147 0.205 0.089 0.087 
 134   (0.121) 0.128 0.124 0.007 0.149 
 122   (0.018) 0.001 0.002 0.019 0.009 
 118   (0.052) 0.013 0.182 0.002 0.052 
 120   (0.011) 0.006 0.001 0.000 0.004 
 119   (0.012) 0.006 0.002 0.000 0.004 

Locus 42 : 42 
8 alleles
0.0% missing data
 102   (0.286) 0.402 0.418 0.427 0.267 
 104   (0.345) 0.306 0.239 0.204 0.427 
  92   (0.123) 0.105 0.089 0.108 0.118 
  98   (0.136) 0.113 0.173 0.184 0.122 
  96   (0.068) 0.051 0.063 0.075 0.049 
 106   (0.011) 0.001 0.001 0.000 0.008 
  94   (0.013) 0.011 0.001 0.000 0.005 
 100   (0.017) 0.012 0.015 0.001 0.006 

Locus 43 : 43 
6 alleles
0.0% missing data
  95   (0.250) 0.222 0.284 0.376 0.239 
  99   (0.091) 0.057 0.142 0.045 0.076 
 101   (0.321) 0.410 0.106 0.333 0.356 
 103   (0.295) 0.305 0.318 0.241 0.304 
  97   (0.031) 0.006 0.148 0.001 0.021 
 105   (0.012) 0.001 0.001 0.004 0.004 

Locus 44 : 44 
8 alleles
0.0% missing data
 181   (0.582) 0.538 0.778 0.706 0.587 
 191   (0.260) 0.425 0.075 0.178 0.281 
 177   (0.065) 0.026 0.009 0.114 0.058 
 179   (0.032) 0.002 0.113 0.001 0.032 
 189   (0.020) 0.001 0.016 0.001 0.015 
 187   (0.012) 0.005 0.001 0.000 0.004 
 193   (0.015) 0.001 0.006 0.000 0.011 
 183   (0.014) 0.001 0.001 0.000 0.013 

Locus 45 : 45 
6 alleles
0.6% missing data
 205   (0.452) 0.448 0.285 0.450 0.515 
 215   (0.081) 0.126 0.068 0.094 0.055 
 207   (0.185) 0.097 0.318 0.159 0.189 
 211   (0.202) 0.284 0.161 0.236 0.190 
 201   (0.068) 0.045 0.167 0.060 0.044 
 202   (0.012) 0.001 0.001 0.000 0.008 

Locus 46 : 46 
10 alleles
0.0% missing data
 166   (0.166) 0.101 0.211 0.295 0.160 
 168   (0.152) 0.118 0.125 0.185 0.151 
 144   (0.049) 0.003 0.007 0.190 0.056 
 158   (0.172) 0.226 0.214 0.131 0.164 
 142   (0.286) 0.339 0.188 0.190 0.330 
 170   (0.026) 0.003 0.010 0.004 0.021 
 156   (0.036) 0.011 0.059 0.001 0.029 
 164   (0.047) 0.062 0.029 0.002 0.042 
 162   (0.054) 0.138 0.142 0.002 0.042 
 160   (0.011) 0.001 0.014 0.000 0.004 

Locus 47 : 47 
6 alleles
0.0% missing data
 149   (0.287) 0.132 0.327 0.107 0.347 
 151   (0.205) 0.358 0.079 0.280 0.185 
 153   (0.203) 0.167 0.064 0.377 0.203 
 145   (0.269) 0.340 0.524 0.216 0.238 
 147   (0.019) 0.001 0.004 0.019 0.009 
 143   (0.017) 0.001 0.002 0.001 0.018 

Values of parameters used in structure:
DATAFILE=temp1_no_plains.str,	OUTFILE=k4/temp1_no_plains_k4_run8,	NUMINDS=333,	NUMLOCI=47,	MISSING=-9,	LABEL=1,	POPDATA=1,	POPFLAG=0,	PHENOTYPE=0,	EXTRACOLS=0,	MAXPOPS=4,	BURNIN=500000,	NUMREPS=750000,	USEPOPINFO=0,	INFERALPHA=1,	INFERLAMBDA=0,	POPSPECIFICLAMBDA=0,	POPALPHAS=0,	COMPUTEPROB=1,	NOADMIX=0,	ADMBURNIN=500,	UPDATEFREQ=100,	PRINTLIKES=0,	INTERMEDSAVE=0,	PRINTKLD=0,	PRINTNET=1,	PRINTLAMBDA=1,	ANCESTDIST=0,	NUMBOXES=1000,	ANCESTPINT=0.90000,	GENSBACK=2,	MIGRPRIOR=0.01000,	PRINTQHAT=0,	PRINTQSUM=1,	ALPHA=1.0000,	FREQSCORR=1,	FPRIORMEAN=0.0100,	FPRIORSD=0.0500,	ONEFST=0,	LAMBDA=1.0000,	UNIFPRIORALPHA=1,	ALPHAMAX=10.0000,	ALPHAPRIORA=1.0000,	ALPHAPRIORB=2.0000,	ALPHAPROPSD=0.0250,	STARTATPOPINFO=0,	RANDOMIZE=0,	LINKAGE=0,	METROFREQ=10,	REPORTHITRATE=0,	MARKOVPHASE=0,	PHASED=1,	PLOIDY=2,	PHASEINFO=0	LOCPRIOR=0, 	LOCPRIORINIT=1.000000, 	LOCDATA=0, 	LOCISPOP=1, 	LOCPRIORSTEP=0.100000, 	MAXLOCPRIOR=20.000000, 	SEED=883992,	
[STRAT parameters]:    NUMSIMSTATS=1000,	PHENOTYPECOL=-9,	POOLFREQ=10,	LOCUSxONLY=0,	EMERROR=0.00100,	MISSINGPHENO=-9,	