

----------------------------------------------------
STRUCTURE by Pritchard, Stephens and Donnelly (2000)
     and Falush, Stephens and Pritchard (2003)
       Code by Pritchard, Falush and Hubisz
             Version 2.3.4 (Jul 2012)
----------------------------------------------------



Command line arguments:   structure -D 180806 -K 7 -m mainparams -o k7/temp1_no_plains_k7_run2 
Input File:    temp1_no_plains.str

Run parameters:
   333 individuals
   47 loci
   7 populations assumed
   500000 Burn-in period
   750000 Reps
RANDOMIZE turned off


--------------------------------------------
Proportion of membership of each pre-defined
 population in each of the 7 clusters

Given    Inferred Clusters                                   Number of
 Pop       1      2      3      4      5      6      7      Individuals

  1:     0.011  0.013  0.005  0.938  0.009  0.014  0.010       79
  2:     0.014  0.025  0.008  0.893  0.009  0.016  0.036       12
  3:     0.013  0.010  0.006  0.946  0.008  0.007  0.010       33
  4:     0.035  0.040  0.006  0.010  0.023  0.019  0.867       81
  5:     0.019  0.015  0.014  0.894  0.034  0.011  0.012        7
  6:     0.033  0.030  0.819  0.017  0.041  0.051  0.009       19
  7:     0.006  0.002  0.973  0.002  0.006  0.007  0.004       10
  8:     0.208  0.128  0.022  0.014  0.251  0.352  0.025       10
  9:     0.246  0.050  0.041  0.050  0.135  0.431  0.047       23
 10:     0.154  0.099  0.037  0.020  0.529  0.093  0.068       11
 11:     0.103  0.444  0.006  0.066  0.254  0.116  0.012       18
 12:     0.314  0.025  0.042  0.060  0.267  0.250  0.042       25
 13:     0.140  0.351  0.007  0.046  0.120  0.327  0.011        5
--------------------------------------------

Allele-freq. divergence among pops (Net nucleotide distance),
computed using point estimates of P.

      1       2       3       4       5       6       7      
 1      -    0.0141  0.0397  0.0240  0.0044  0.0028  0.0155  
 2   0.0141     -    0.0625  0.0350  0.0173  0.0178  0.0312  
 3   0.0397  0.0625     -    0.0698  0.0503  0.0485  0.0562  
 4   0.0240  0.0350  0.0698     -    0.0300  0.0257  0.0402  
 5   0.0044  0.0173  0.0503  0.0300     -    0.0084  0.0203  
 6   0.0028  0.0178  0.0485  0.0257  0.0084     -    0.0223  
 7   0.0155  0.0312  0.0562  0.0402  0.0203  0.0223     -    

Average distances (expected heterozygosity) between individuals in same cluster:
cluster  1  : 0.6539 
cluster  2  : 0.5917 
cluster  3  : 0.6077 
cluster  4  : 0.5653 
cluster  5  : 0.6303 
cluster  6  : 0.6278 
cluster  7  : 0.5992 

--------------------------------------------
Estimated Ln Prob of Data   = -36184.6
Mean value of ln likelihood = -35520.0
Variance of ln likelihood   = 1329.1
Mean value of alpha         = 0.0343

Mean value of Fst_1         = 0.0004
Mean value of Fst_2         = 0.0927
Mean value of Fst_3         = 0.1347
Mean value of Fst_4         = 0.1137
Mean value of Fst_5         = 0.0390
Mean value of Fst_6         = 0.0289
Mean value of Fst_7         = 0.0897


Inferred ancestry of individuals:
        Label (%Miss) Pop:  Inferred clusters
  1      014    (0)    1 :  0.020 0.005 0.008 0.929 0.016 0.016 0.006 
  2      015    (0)    1 :  0.009 0.004 0.002 0.954 0.005 0.016 0.009 
  3      016    (0)    1 :  0.005 0.006 0.002 0.963 0.006 0.006 0.011 
  4      017    (0)    1 :  0.011 0.015 0.004 0.933 0.006 0.020 0.012 
  5      018    (0)    1 :  0.007 0.006 0.005 0.950 0.009 0.006 0.018 
  6      023    (0)    1 :  0.010 0.007 0.005 0.939 0.014 0.008 0.018 
  7      025    (0)    1 :  0.006 0.012 0.003 0.959 0.009 0.007 0.004 
  8      026    (0)    1 :  0.003 0.004 0.002 0.981 0.003 0.004 0.003 
  9      027    (0)    1 :  0.070 0.008 0.003 0.803 0.014 0.093 0.009 
 10      028    (0)    1 :  0.009 0.005 0.004 0.949 0.008 0.005 0.021 
 11      029    (0)    1 :  0.007 0.055 0.002 0.916 0.005 0.009 0.006 
 12      030    (0)    1 :  0.009 0.008 0.004 0.943 0.007 0.016 0.013 
 13      031    (0)    1 :  0.008 0.009 0.003 0.948 0.006 0.006 0.020 
 14      032    (0)    1 :  0.008 0.014 0.012 0.946 0.005 0.005 0.010 
 15      035    (0)    1 :  0.003 0.004 0.002 0.982 0.003 0.003 0.004 
 16      037    (0)    1 :  0.005 0.006 0.003 0.966 0.005 0.006 0.009 
 17      038    (0)    1 :  0.007 0.005 0.015 0.943 0.011 0.004 0.015 
 18      039    (0)    1 :  0.003 0.002 0.002 0.984 0.002 0.003 0.004 
 19      040    (0)    1 :  0.017 0.009 0.003 0.915 0.016 0.024 0.016 
 20      041    (0)    1 :  0.005 0.004 0.002 0.968 0.007 0.004 0.009 
 21      043    (0)    1 :  0.003 0.003 0.001 0.984 0.003 0.003 0.003 
 22      045    (0)    1 :  0.006 0.010 0.003 0.959 0.005 0.008 0.008 
 23      046    (0)    1 :  0.013 0.012 0.002 0.915 0.032 0.012 0.014 
 24      047    (0)    1 :  0.006 0.003 0.002 0.965 0.006 0.009 0.008 
 25      050    (0)    1 :  0.002 0.004 0.001 0.986 0.002 0.002 0.002 
 26      052    (0)    1 :  0.004 0.004 0.002 0.980 0.003 0.004 0.003 
 27      053    (0)    1 :  0.004 0.005 0.001 0.980 0.003 0.004 0.003 
 28      054    (0)    1 :  0.014 0.016 0.006 0.905 0.016 0.020 0.023 
 29      055    (0)    1 :  0.004 0.003 0.003 0.975 0.004 0.005 0.006 
 30      056    (0)    1 :  0.007 0.021 0.002 0.951 0.006 0.007 0.006 
 31      057    (0)    1 :  0.019 0.008 0.005 0.913 0.029 0.021 0.004 
 32      058    (0)    1 :  0.020 0.030 0.013 0.894 0.011 0.016 0.017 
 33      059    (0)    1 :  0.014 0.011 0.005 0.909 0.012 0.012 0.037 
 34      060    (0)    1 :  0.006 0.006 0.003 0.966 0.005 0.007 0.008 
 35      350    (0)    1 :  0.005 0.007 0.006 0.970 0.004 0.004 0.004 
 36      351    (0)    1 :  0.006 0.006 0.002 0.957 0.008 0.010 0.011 
 37      354    (0)    1 :  0.005 0.003 0.003 0.972 0.003 0.005 0.009 
 38      374    (0)    1 :  0.055 0.021 0.006 0.766 0.034 0.109 0.010 
 39      378    (0)    1 :  0.009 0.022 0.002 0.928 0.017 0.015 0.008 
 40      381    (0)    1 :  0.004 0.003 0.002 0.973 0.004 0.006 0.007 
 41      382    (0)    1 :  0.007 0.006 0.010 0.953 0.006 0.008 0.010 
 42      384    (0)    1 :  0.005 0.005 0.002 0.973 0.005 0.005 0.005 
 43      555    (0)    1 :  0.010 0.003 0.016 0.947 0.006 0.011 0.006 
 44      671    (0)    1 :  0.063 0.123 0.033 0.662 0.056 0.052 0.011 
 45      672    (0)    1 :  0.009 0.037 0.005 0.917 0.012 0.006 0.013 
 46      705    (0)    1 :  0.003 0.007 0.005 0.974 0.004 0.003 0.004 
 47      706    (0)    1 :  0.004 0.004 0.002 0.976 0.003 0.005 0.006 
 48      707    (0)    1 :  0.005 0.004 0.005 0.974 0.005 0.004 0.004 
 49      708    (0)    1 :  0.075 0.006 0.031 0.838 0.023 0.019 0.009 
 50      758    (0)    1 :  0.011 0.013 0.005 0.932 0.011 0.016 0.012 
 51      759    (0)    1 :  0.007 0.025 0.004 0.936 0.007 0.007 0.015 
 52      760    (0)    1 :  0.006 0.012 0.002 0.955 0.011 0.006 0.008 
 53      761    (0)    1 :  0.004 0.005 0.003 0.964 0.004 0.004 0.016 
 54      762    (0)    1 :  0.006 0.005 0.004 0.962 0.006 0.007 0.009 
 55      763    (0)    1 :  0.006 0.008 0.003 0.967 0.005 0.006 0.005 
 56      764    (0)    1 :  0.003 0.003 0.004 0.981 0.003 0.003 0.003 
 57      765    (0)    1 :  0.016 0.007 0.003 0.940 0.011 0.014 0.009 
 58      766    (0)    1 :  0.002 0.002 0.001 0.988 0.002 0.002 0.002 
 59      767    (0)    1 :  0.005 0.005 0.012 0.960 0.006 0.005 0.007 
 60      768    (0)    1 :  0.004 0.003 0.002 0.979 0.003 0.004 0.004 
 61      769    (0)    1 :  0.011 0.006 0.002 0.949 0.006 0.017 0.010 
 62      770    (0)    1 :  0.023 0.006 0.003 0.883 0.038 0.016 0.030 
 63      771    (0)    1 :  0.017 0.006 0.004 0.949 0.006 0.008 0.010 
 64      772    (0)    1 :  0.039 0.230 0.003 0.476 0.024 0.215 0.014 
 65      773    (0)    1 :  0.005 0.003 0.008 0.969 0.004 0.004 0.008 
 66      774    (0)    1 :  0.014 0.008 0.003 0.893 0.013 0.019 0.050 
 67      775    (0)    1 :  0.003 0.008 0.002 0.977 0.003 0.004 0.003 
 68      776    (0)    1 :  0.006 0.008 0.003 0.969 0.004 0.005 0.006 
 69      777    (0)    1 :  0.003 0.003 0.004 0.981 0.003 0.003 0.003 
 70      778    (0)    1 :  0.003 0.006 0.004 0.976 0.004 0.003 0.003 
 71      779    (0)    1 :  0.005 0.005 0.005 0.971 0.004 0.004 0.006 
 72      780    (0)    1 :  0.008 0.004 0.002 0.965 0.005 0.014 0.002 
 73      781    (0)    1 :  0.007 0.011 0.003 0.956 0.006 0.012 0.005 
 74      782    (0)    1 :  0.004 0.007 0.003 0.971 0.004 0.006 0.004 
 75      783    (0)    1 :  0.004 0.005 0.003 0.976 0.004 0.003 0.006 
 76      784    (0)    1 :  0.018 0.014 0.005 0.904 0.034 0.021 0.004 
 77      785    (0)    1 :  0.007 0.004 0.003 0.975 0.003 0.007 0.002 
 78      786    (0)    1 :  0.003 0.003 0.002 0.981 0.003 0.004 0.004 
 79      787    (0)    1 :  0.012 0.005 0.004 0.909 0.007 0.017 0.046 
 80      793    (0)   10 :  0.190 0.023 0.004 0.012 0.558 0.042 0.170 
 81      794    (0)   10 :  0.468 0.010 0.005 0.061 0.186 0.260 0.009 
 82      828    (0)   10 :  0.031 0.030 0.004 0.003 0.835 0.046 0.050 
 83      829    (4)   10 :  0.413 0.033 0.002 0.057 0.357 0.077 0.060 
 84      830    (0)   10 :  0.197 0.111 0.012 0.017 0.524 0.107 0.033 
 85      831    (2)   10 :  0.032 0.025 0.014 0.011 0.905 0.007 0.006 
 86      832    (0)   10 :  0.050 0.696 0.004 0.014 0.034 0.168 0.035 
 87      833    (2)   10 :  0.024 0.006 0.004 0.008 0.912 0.018 0.027 
 88      835    (0)   10 :  0.129 0.067 0.353 0.020 0.047 0.128 0.257 
 89      870    (0)   10 :  0.146 0.072 0.004 0.008 0.519 0.154 0.097 
 90      871    (0)   10 :  0.015 0.011 0.002 0.007 0.945 0.012 0.008 
 91      451    (0)   11 :  0.152 0.006 0.004 0.058 0.437 0.335 0.007 
 92      452    (4)   11 :  0.007 0.949 0.004 0.020 0.008 0.008 0.005 
 93      453    (4)   11 :  0.007 0.961 0.004 0.005 0.012 0.007 0.004 
 94      454    (2)   11 :  0.195 0.028 0.014 0.015 0.705 0.017 0.026 
 95      455    (4)   11 :  0.134 0.026 0.006 0.019 0.791 0.011 0.013 
 96      795    (0)   11 :  0.013 0.946 0.003 0.007 0.011 0.008 0.012 
 97      796    (0)   11 :  0.128 0.026 0.003 0.013 0.435 0.393 0.003 
 98      802    (0)   11 :  0.015 0.911 0.002 0.039 0.015 0.013 0.005 
 99      804    (0)   11 :  0.222 0.201 0.003 0.056 0.397 0.087 0.033 
100      805    (0)   11 :  0.157 0.011 0.006 0.140 0.593 0.079 0.013 
101      851    (0)   11 :  0.006 0.966 0.007 0.003 0.006 0.004 0.008 
102      852    (0)   11 :  0.008 0.956 0.003 0.009 0.011 0.006 0.007 
103      854    (0)   11 :  0.154 0.021 0.004 0.005 0.024 0.779 0.014 
104      858    (0)   11 :  0.268 0.024 0.004 0.125 0.515 0.058 0.006 
105      859    (0)   11 :  0.141 0.034 0.005 0.564 0.093 0.128 0.034 
106      860    (0)   11 :  0.226 0.015 0.039 0.071 0.495 0.148 0.007 
107      862    (0)   11 :  0.006 0.960 0.003 0.017 0.005 0.005 0.005 
108      863    (0)   11 :  0.007 0.946 0.002 0.020 0.012 0.007 0.006 
109      450    (0)   12 :  0.615 0.014 0.009 0.028 0.142 0.182 0.010 
110      791    (0)   12 :  0.253 0.042 0.006 0.008 0.058 0.620 0.013 
111      792    (0)   12 :  0.704 0.003 0.170 0.005 0.066 0.040 0.011 
112      803    (0)   12 :  0.180 0.012 0.371 0.002 0.307 0.062 0.066 
113      806    (0)   12 :  0.867 0.006 0.008 0.003 0.022 0.051 0.043 
114      807    (0)   12 :  0.056 0.008 0.003 0.004 0.008 0.915 0.006 
115      808    (0)   12 :  0.035 0.008 0.003 0.012 0.850 0.078 0.015 
116      809    (0)   12 :  0.228 0.160 0.044 0.010 0.045 0.057 0.456 
117      810    (0)   12 :  0.480 0.009 0.129 0.014 0.063 0.292 0.012 
118      811    (0)   12 :  0.449 0.006 0.009 0.005 0.039 0.485 0.007 
119      812    (0)   12 :  0.391 0.014 0.011 0.008 0.060 0.397 0.120 
120      813    (0)   12 :  0.232 0.067 0.004 0.013 0.610 0.058 0.016 
121      814    (0)   12 :  0.051 0.010 0.008 0.021 0.858 0.042 0.010 
122      834    (0)   12 :  0.120 0.007 0.003 0.011 0.017 0.836 0.005 
123      844    (0)   12 :  0.046 0.059 0.004 0.607 0.124 0.153 0.007 
124      850    (0)   12 :  0.084 0.016 0.013 0.002 0.854 0.019 0.012 
125      856    (0)   12 :  0.355 0.015 0.013 0.003 0.437 0.172 0.006 
126      857    (0)   12 :  0.803 0.016 0.026 0.003 0.076 0.063 0.012 
127      861    (0)   12 :  0.094 0.036 0.014 0.027 0.751 0.055 0.024 
128      864    (0)   12 :  0.622 0.009 0.013 0.016 0.012 0.325 0.004 
129      865    (0)   12 :  0.069 0.012 0.027 0.643 0.170 0.054 0.025 
130      866    (0)   12 :  0.298 0.070 0.005 0.005 0.182 0.350 0.090 
131      867    (0)   12 :  0.415 0.011 0.066 0.033 0.011 0.407 0.058 
132      868    (0)   12 :  0.053 0.007 0.022 0.008 0.893 0.010 0.007 
133      869    (0)   12 :  0.343 0.004 0.080 0.010 0.024 0.534 0.005 
134      004    (0)   13 :  0.058 0.641 0.011 0.067 0.129 0.084 0.010 
135      008    (0)   13 :  0.332 0.052 0.005 0.079 0.336 0.167 0.028 
136      013    (0)   13 :  0.192 0.087 0.010 0.069 0.082 0.550 0.009 
137      109    (0)   13 :  0.104 0.008 0.005 0.012 0.042 0.827 0.003 
138      348    (0)   13 :  0.011 0.965 0.002 0.003 0.008 0.007 0.004 
139      115    (0)    2 :  0.004 0.007 0.002 0.974 0.004 0.005 0.005 
140      116    (0)    2 :  0.010 0.008 0.004 0.931 0.006 0.009 0.031 
141      117    (0)    2 :  0.016 0.014 0.003 0.892 0.012 0.044 0.019 
142      118    (0)    2 :  0.031 0.054 0.036 0.826 0.013 0.021 0.017 
143      119    (0)    2 :  0.016 0.011 0.008 0.830 0.008 0.023 0.104 
144      389    (0)    2 :  0.003 0.004 0.001 0.982 0.003 0.003 0.003 
145      548    (0)    2 :  0.014 0.006 0.014 0.922 0.010 0.015 0.019 
146      549    (0)    2 :  0.006 0.024 0.002 0.943 0.006 0.006 0.014 
147      550    (0)    2 :  0.039 0.047 0.011 0.686 0.018 0.027 0.171 
148      551    (0)    2 :  0.008 0.005 0.004 0.953 0.004 0.010 0.015 
149      552    (0)    2 :  0.015 0.097 0.003 0.833 0.016 0.019 0.018 
150      553    (0)    2 :  0.006 0.019 0.005 0.946 0.007 0.006 0.011 
151      009    (0)    3 :  0.003 0.003 0.002 0.982 0.003 0.003 0.003 
152      042    (0)    3 :  0.028 0.018 0.004 0.904 0.018 0.014 0.014 
153      044    (0)    3 :  0.017 0.010 0.003 0.905 0.026 0.014 0.025 
154      086    (0)    3 :  0.003 0.005 0.002 0.979 0.004 0.002 0.005 
155      087    (0)    3 :  0.020 0.010 0.003 0.941 0.010 0.010 0.006 
156      093    (0)    3 :  0.003 0.003 0.002 0.983 0.003 0.004 0.002 
157      095    (0)    3 :  0.028 0.009 0.011 0.880 0.016 0.019 0.038 
158      096    (0)    3 :  0.019 0.007 0.020 0.917 0.013 0.015 0.009 
159      097    (0)    3 :  0.004 0.004 0.003 0.978 0.004 0.003 0.005 
160      101    (0)    3 :  0.004 0.002 0.002 0.978 0.004 0.004 0.006 
161      183    (0)    3 :  0.005 0.006 0.004 0.973 0.005 0.004 0.003 
162      200    (0)    3 :  0.015 0.005 0.004 0.957 0.010 0.005 0.002 
163      210    (0)    3 :  0.005 0.005 0.004 0.969 0.009 0.004 0.004 
164      219    (0)    3 :  0.012 0.013 0.009 0.936 0.013 0.009 0.007 
165      230    (0)    3 :  0.004 0.005 0.002 0.977 0.004 0.003 0.005 
166      241    (0)    3 :  0.067 0.026 0.007 0.847 0.021 0.020 0.013 
167      307    (0)    3 :  0.005 0.014 0.003 0.958 0.007 0.004 0.008 
168      318    (0)    3 :  0.010 0.030 0.002 0.928 0.011 0.006 0.011 
169      323    (0)    3 :  0.007 0.005 0.003 0.968 0.005 0.009 0.004 
170      324    (0)    3 :  0.004 0.004 0.002 0.979 0.003 0.005 0.004 
171      325    (0)    3 :  0.009 0.004 0.003 0.970 0.005 0.005 0.004 
172      326    (0)    3 :  0.005 0.012 0.002 0.927 0.006 0.005 0.042 
173      338    (0)    3 :  0.034 0.009 0.002 0.934 0.008 0.009 0.004 
174      343    (0)    3 :  0.009 0.006 0.017 0.950 0.005 0.009 0.005 
175      379    (0)    3 :  0.024 0.012 0.002 0.942 0.009 0.009 0.003 
176      383    (0)    3 :  0.003 0.004 0.002 0.980 0.005 0.003 0.004 
177      385    (0)    3 :  0.012 0.010 0.002 0.955 0.010 0.007 0.003 
178      386    (0)    3 :  0.041 0.010 0.003 0.926 0.008 0.009 0.003 
179      387    (0)    3 :  0.005 0.003 0.060 0.920 0.004 0.004 0.003 
180      554    (0)    3 :  0.003 0.005 0.003 0.979 0.003 0.003 0.004 
181      877    (0)    3 :  0.004 0.004 0.002 0.979 0.003 0.003 0.005 
182      878    (0)    3 :  0.007 0.006 0.003 0.943 0.007 0.006 0.027 
183      880    (0)    3 :  0.018 0.057 0.004 0.860 0.009 0.017 0.035 
184      122    (0)    4 :  0.049 0.385 0.004 0.020 0.199 0.027 0.315 
185      123    (0)    4 :  0.036 0.014 0.005 0.003 0.011 0.013 0.918 
186      124    (0)    4 :  0.006 0.006 0.026 0.010 0.005 0.007 0.941 
187      125    (0)    4 :  0.007 0.004 0.002 0.003 0.005 0.005 0.974 
188      126    (0)    4 :  0.011 0.761 0.001 0.006 0.007 0.009 0.204 
189      128    (0)    4 :  0.019 0.010 0.007 0.003 0.023 0.013 0.924 
190      129    (0)    4 :  0.041 0.041 0.015 0.018 0.024 0.025 0.837 
191      130    (0)    4 :  0.008 0.023 0.002 0.018 0.008 0.007 0.933 
192      131    (0)    4 :  0.008 0.009 0.002 0.004 0.006 0.007 0.964 
193      132    (0)    4 :  0.005 0.005 0.010 0.016 0.004 0.004 0.955 
194      133    (0)    4 :  0.150 0.311 0.008 0.034 0.063 0.054 0.380 
195      134    (0)    4 :  0.042 0.015 0.020 0.006 0.049 0.024 0.845 
196      135    (0)    4 :  0.021 0.011 0.003 0.006 0.047 0.025 0.887 
197      136    (0)    4 :  0.015 0.007 0.012 0.003 0.025 0.009 0.929 
198      139    (0)    4 :  0.019 0.022 0.010 0.008 0.009 0.027 0.904 
199      140    (0)    4 :  0.062 0.013 0.013 0.012 0.010 0.052 0.838 
200      141    (0)    4 :  0.021 0.010 0.006 0.010 0.012 0.015 0.926 
201      142    (0)    4 :  0.004 0.003 0.003 0.016 0.004 0.005 0.964 
202      143    (0)    4 :  0.009 0.010 0.016 0.031 0.005 0.008 0.921 
203      144    (0)    4 :  0.019 0.027 0.005 0.009 0.015 0.021 0.905 
204      145    (0)    4 :  0.051 0.023 0.021 0.005 0.019 0.017 0.863 
205      148    (0)    4 :  0.085 0.009 0.003 0.010 0.054 0.057 0.781 
206      556    (0)    4 :  0.012 0.017 0.003 0.013 0.007 0.012 0.936 
207      557    (0)    4 :  0.006 0.005 0.007 0.005 0.006 0.006 0.964 
208      558    (0)    4 :  0.007 0.009 0.007 0.003 0.010 0.007 0.957 
209      559    (0)    4 :  0.009 0.015 0.004 0.007 0.009 0.010 0.946 
210      560    (0)    4 :  0.010 0.006 0.002 0.011 0.024 0.012 0.934 
211      561    (0)    4 :  0.003 0.003 0.002 0.006 0.003 0.003 0.981 
212      562    (0)    4 :  0.031 0.021 0.006 0.006 0.038 0.024 0.874 
213      563    (0)    4 :  0.132 0.023 0.016 0.004 0.046 0.050 0.729 
214      564    (0)    4 :  0.059 0.046 0.006 0.081 0.050 0.080 0.678 
215      565    (0)    4 :  0.004 0.004 0.003 0.003 0.003 0.004 0.980 
216      566    (0)    4 :  0.022 0.023 0.002 0.011 0.014 0.069 0.859 
217      567    (0)    4 :  0.008 0.004 0.004 0.003 0.007 0.013 0.960 
218      568    (0)    4 :  0.011 0.007 0.008 0.005 0.010 0.016 0.943 
219      569    (0)    4 :  0.006 0.005 0.006 0.004 0.007 0.006 0.966 
220      570    (0)    4 :  0.004 0.005 0.001 0.009 0.004 0.004 0.974 
221      613    (0)    4 :  0.004 0.005 0.003 0.005 0.005 0.004 0.974 
222      614    (0)    4 :  0.013 0.010 0.002 0.004 0.016 0.012 0.943 
223      615    (0)    4 :  0.018 0.027 0.004 0.031 0.014 0.010 0.896 
224      616    (0)    4 :  0.008 0.007 0.005 0.009 0.007 0.011 0.953 
225      617    (0)    4 :  0.022 0.010 0.004 0.019 0.012 0.023 0.910 
226      618    (0)    4 :  0.021 0.013 0.010 0.016 0.044 0.009 0.887 
227      619    (0)    4 :  0.877 0.004 0.022 0.002 0.019 0.071 0.005 
228      620    (0)    4 :  0.008 0.016 0.004 0.008 0.010 0.009 0.946 
229      621    (0)    4 :  0.009 0.050 0.002 0.019 0.006 0.008 0.905 
230      622    (0)    4 :  0.004 0.002 0.004 0.005 0.004 0.004 0.975 
231      623    (0)    4 :  0.004 0.005 0.002 0.004 0.004 0.003 0.977 
232      624    (0)    4 :  0.013 0.033 0.004 0.014 0.011 0.016 0.909 
233      625    (0)    4 :  0.010 0.667 0.002 0.010 0.008 0.012 0.290 
234      626    (0)    4 :  0.007 0.008 0.005 0.006 0.004 0.008 0.963 
235      627    (0)    4 :  0.033 0.020 0.007 0.020 0.019 0.032 0.868 
236      628    (0)    4 :  0.006 0.004 0.005 0.005 0.007 0.008 0.965 
237      629    (0)    4 :  0.009 0.011 0.006 0.005 0.009 0.007 0.953 
238      630    (0)    4 :  0.004 0.003 0.002 0.003 0.005 0.004 0.978 
239      631    (0)    4 :  0.004 0.004 0.013 0.003 0.004 0.004 0.967 
240      632    (0)    4 :  0.020 0.094 0.010 0.025 0.018 0.019 0.814 
241      633    (0)    4 :  0.075 0.017 0.017 0.009 0.141 0.027 0.714 
242      634    (0)    4 :  0.014 0.010 0.011 0.004 0.008 0.008 0.945 
243      635    (0)    4 :  0.005 0.008 0.003 0.003 0.005 0.006 0.970 
244      636    (0)    4 :  0.004 0.005 0.003 0.007 0.005 0.004 0.972 
245      637    (0)    4 :  0.255 0.014 0.003 0.015 0.314 0.192 0.207 
246      638    (0)    4 :  0.017 0.009 0.005 0.012 0.016 0.013 0.929 
247      639    (0)    4 :  0.188 0.036 0.007 0.016 0.018 0.158 0.578 
248      640    (0)    4 :  0.006 0.006 0.002 0.014 0.006 0.006 0.959 
249      689    (0)    4 :  0.005 0.008 0.002 0.006 0.005 0.006 0.966 
250      690    (0)    4 :  0.010 0.007 0.010 0.008 0.009 0.012 0.944 
251      691    (0)    4 :  0.008 0.023 0.002 0.024 0.013 0.006 0.925 
252      692    (0)    4 :  0.029 0.052 0.012 0.003 0.151 0.011 0.743 
253      693    (0)    4 :  0.005 0.005 0.002 0.003 0.006 0.004 0.975 
254      694    (0)    4 :  0.004 0.003 0.006 0.003 0.003 0.003 0.978 
255      695    (0)    4 :  0.003 0.003 0.002 0.007 0.003 0.003 0.980 
256      696    (0)    4 :  0.004 0.004 0.002 0.004 0.004 0.004 0.979 
257      697    (0)    4 :  0.004 0.006 0.004 0.006 0.004 0.004 0.972 
258      698    (0)    4 :  0.015 0.017 0.003 0.005 0.031 0.020 0.909 
259      699    (0)    4 :  0.005 0.004 0.002 0.005 0.005 0.005 0.976 
260      700    (0)    4 :  0.011 0.009 0.007 0.013 0.007 0.006 0.947 
261      701    (2)    4 :  0.019 0.020 0.005 0.007 0.015 0.015 0.919 
262      702    (0)    4 :  0.011 0.014 0.003 0.030 0.017 0.008 0.917 
263      703    (0)    4 :  0.005 0.014 0.003 0.004 0.005 0.005 0.965 
264      704    (0)    4 :  0.011 0.005 0.003 0.006 0.009 0.009 0.956 
265      390    (0)    5 :  0.004 0.004 0.008 0.975 0.003 0.004 0.003 
266      391    (0)    5 :  0.008 0.006 0.008 0.956 0.006 0.008 0.008 
267      392    (0)    5 :  0.089 0.015 0.068 0.562 0.195 0.026 0.046 
268      393    (0)    5 :  0.006 0.007 0.002 0.964 0.009 0.007 0.005 
269      394    (0)    5 :  0.017 0.026 0.004 0.909 0.012 0.025 0.006 
270      647    (0)    5 :  0.007 0.042 0.003 0.921 0.010 0.005 0.012 
271      648    (0)    5 :  0.004 0.007 0.003 0.970 0.005 0.004 0.006 
272      007    (0)    6 :  0.010 0.007 0.937 0.009 0.008 0.015 0.014 
273      012    (0)    6 :  0.076 0.082 0.784 0.018 0.011 0.019 0.010 
274      020    (0)    6 :  0.074 0.010 0.338 0.014 0.024 0.535 0.006 
275      021    (0)    6 :  0.007 0.025 0.945 0.005 0.006 0.007 0.005 
276      022    (0)    6 :  0.012 0.180 0.766 0.008 0.013 0.017 0.003 
277      034    (0)    6 :  0.014 0.019 0.876 0.036 0.008 0.014 0.034 
278      049    (0)    6 :  0.008 0.005 0.956 0.006 0.006 0.013 0.007 
279      062    (0)    6 :  0.019 0.007 0.941 0.004 0.011 0.013 0.005 
280      089    (0)    6 :  0.004 0.004 0.971 0.005 0.004 0.005 0.007 
281      092    (0)    6 :  0.003 0.004 0.976 0.003 0.004 0.003 0.006 
282      100    (0)    6 :  0.008 0.010 0.930 0.028 0.005 0.007 0.012 
283      105    (0)    6 :  0.048 0.007 0.831 0.040 0.023 0.041 0.009 
284      205    (0)    6 :  0.014 0.016 0.912 0.004 0.028 0.020 0.005 
285      206    (0)    6 :  0.114 0.063 0.400 0.071 0.310 0.024 0.018 
286      207    (0)    6 :  0.027 0.039 0.841 0.012 0.035 0.035 0.011 
287      208    (0)    6 :  0.037 0.066 0.756 0.038 0.031 0.063 0.008 
288      209    (0)    6 :  0.135 0.014 0.475 0.004 0.249 0.120 0.003 
289      377    (0)    6 :  0.004 0.011 0.962 0.009 0.005 0.003 0.007 
290      881    (0)    6 :  0.005 0.006 0.965 0.008 0.005 0.005 0.007 
291      003    (0)    7 :  0.003 0.003 0.983 0.002 0.004 0.003 0.002 
292      108    (0)    7 :  0.002 0.001 0.990 0.001 0.002 0.001 0.002 
293      194    (0)    7 :  0.004 0.003 0.976 0.004 0.006 0.003 0.004 
294      232    (0)    7 :  0.004 0.003 0.983 0.002 0.003 0.003 0.002 
295      321    (0)    7 :  0.003 0.002 0.986 0.002 0.003 0.002 0.002 
296      322    (0)    7 :  0.003 0.002 0.983 0.003 0.003 0.003 0.004 
297      329    (0)    7 :  0.005 0.002 0.983 0.002 0.003 0.002 0.003 
298      330    (0)    7 :  0.002 0.002 0.989 0.001 0.003 0.002 0.002 
299      342    (0)    7 :  0.036 0.004 0.869 0.004 0.030 0.045 0.012 
300      347    (0)    7 :  0.003 0.003 0.985 0.002 0.003 0.003 0.002 
301      801    (0)    8 :  0.369 0.026 0.016 0.009 0.251 0.233 0.095 
302      815    (0)    8 :  0.489 0.008 0.027 0.003 0.373 0.078 0.023 
303      816    (0)    8 :  0.042 0.744 0.003 0.047 0.095 0.034 0.034 
304      817    (0)    8 :  0.058 0.007 0.010 0.005 0.027 0.888 0.006 
305      818    (0)    8 :  0.073 0.013 0.003 0.011 0.058 0.796 0.046 
306      819    (0)    8 :  0.094 0.172 0.009 0.005 0.650 0.063 0.008 
307      820    (2)    8 :  0.135 0.007 0.003 0.012 0.035 0.800 0.009 
308      821    (0)    8 :  0.134 0.291 0.003 0.008 0.074 0.485 0.006 
309      822    (0)    8 :  0.070 0.006 0.137 0.004 0.762 0.015 0.007 
310      853    (0)    8 :  0.616 0.011 0.006 0.032 0.185 0.131 0.018 
311      797    (0)    9 :  0.036 0.020 0.004 0.055 0.011 0.860 0.014 
312      798    (0)    9 :  0.052 0.111 0.002 0.012 0.020 0.797 0.005 
313      799    (0)    9 :  0.214 0.007 0.023 0.003 0.007 0.737 0.008 
314      800    (0)    9 :  0.408 0.095 0.004 0.017 0.156 0.224 0.097 
315      823    (0)    9 :  0.367 0.049 0.305 0.015 0.023 0.232 0.008 
316      824    (0)    9 :  0.009 0.010 0.004 0.005 0.963 0.004 0.004 
317      825    (0)    9 :  0.664 0.065 0.008 0.005 0.150 0.093 0.015 
318      826    (0)    9 :  0.271 0.057 0.017 0.041 0.075 0.099 0.440 
319      827    (0)    9 :  0.169 0.007 0.003 0.194 0.546 0.071 0.010 
320      836    (0)    9 :  0.029 0.015 0.002 0.013 0.013 0.919 0.010 
321      837    (0)    9 :  0.370 0.005 0.022 0.011 0.010 0.562 0.020 
322      838    (0)    9 :  0.329 0.062 0.003 0.012 0.334 0.075 0.186 
323      839    (0)    9 :  0.178 0.052 0.014 0.101 0.028 0.602 0.026 
324      840    (0)    9 :  0.214 0.118 0.005 0.002 0.112 0.537 0.013 
325      841    (0)    9 :  0.155 0.275 0.005 0.047 0.093 0.413 0.012 
326      842    (0)    9 :  0.152 0.018 0.003 0.022 0.100 0.691 0.015 
327      843    (0)    9 :  0.264 0.016 0.003 0.008 0.042 0.646 0.022 
328      845    (0)    9 :  0.638 0.012 0.003 0.041 0.098 0.201 0.007 
329      846    (0)    9 :  0.232 0.080 0.009 0.026 0.021 0.612 0.019 
330      847    (2)    9 :  0.371 0.017 0.453 0.006 0.030 0.105 0.018 
331      848    (0)    9 :  0.227 0.004 0.019 0.009 0.012 0.662 0.067 
332      849    (0)    9 :  0.163 0.016 0.021 0.159 0.013 0.572 0.056 
333      855    (0)    9 :  0.147 0.043 0.005 0.352 0.235 0.199 0.020 


Estimated Allele Frequencies in each cluster
First column gives estimated ancestral frequencies


Locus 1 : 1 
4 alleles
0.0% missing data
  89   (0.488) 0.487 0.592 0.439 0.573 0.502 0.489 0.431 
  91   (0.357) 0.358 0.245 0.406 0.325 0.363 0.343 0.530 
  93   (0.133) 0.133 0.157 0.043 0.102 0.127 0.138 0.038 
  99   (0.022) 0.022 0.006 0.113 0.001 0.008 0.029 0.001 

Locus 2 : 2 
6 alleles
0.0% missing data
 136   (0.379) 0.378 0.319 0.348 0.530 0.377 0.370 0.514 
 138   (0.229) 0.229 0.231 0.432 0.269 0.248 0.231 0.107 
 134   (0.275) 0.276 0.419 0.205 0.137 0.235 0.262 0.294 
 140   (0.068) 0.069 0.019 0.008 0.062 0.112 0.079 0.007 
 142   (0.027) 0.027 0.007 0.003 0.001 0.019 0.015 0.076 
 132   (0.022) 0.022 0.005 0.004 0.001 0.009 0.042 0.001 

Locus 3 : 3 
6 alleles
0.0% missing data
 181   (0.195) 0.195 0.178 0.109 0.117 0.129 0.179 0.295 
 187   (0.325) 0.324 0.234 0.583 0.495 0.296 0.361 0.181 
 179   (0.283) 0.283 0.398 0.032 0.339 0.356 0.277 0.469 
 191   (0.043) 0.042 0.081 0.138 0.044 0.045 0.018 0.003 
 185   (0.096) 0.097 0.026 0.131 0.003 0.136 0.083 0.021 
 175   (0.058) 0.059 0.083 0.007 0.002 0.038 0.082 0.031 

Locus 4 : 4 
12 alleles
0.0% missing data
 253   (0.429) 0.429 0.570 0.393 0.656 0.432 0.401 0.609 
 241   (0.179) 0.180 0.084 0.103 0.078 0.161 0.195 0.183 
 269   (0.187) 0.187 0.292 0.177 0.112 0.203 0.210 0.190 
 249   (0.033) 0.033 0.008 0.035 0.114 0.015 0.024 0.002 
 271   (0.049) 0.049 0.013 0.007 0.030 0.088 0.040 0.008 
 265   (0.010) 0.010 0.002 0.001 0.000 0.005 0.007 0.001 
 247   (0.059) 0.059 0.018 0.238 0.002 0.071 0.096 0.004 
 273   (0.014) 0.014 0.003 0.002 0.000 0.010 0.007 0.001 
 245   (0.010) 0.010 0.002 0.001 0.000 0.003 0.007 0.001 
 235   (0.009) 0.009 0.002 0.001 0.003 0.004 0.004 0.001 
 267   (0.010) 0.009 0.003 0.001 0.003 0.004 0.004 0.001 
 239   (0.012) 0.012 0.003 0.041 0.000 0.004 0.006 0.001 

Locus 5 : 5 
5 alleles
0.9% missing data
 103   (0.888) 0.887 0.968 0.925 0.964 0.933 0.913 0.837 
 104   (0.030) 0.030 0.008 0.003 0.030 0.013 0.016 0.020 
 105   (0.054) 0.055 0.017 0.006 0.002 0.043 0.045 0.141 
 107   (0.010) 0.010 0.003 0.001 0.003 0.004 0.004 0.001 
 102   (0.018) 0.018 0.005 0.065 0.001 0.006 0.022 0.001 

Locus 6 : 6 
6 alleles
0.0% missing data
 135   (0.296) 0.297 0.175 0.631 0.205 0.222 0.291 0.235 
 141   (0.279) 0.278 0.221 0.084 0.561 0.246 0.325 0.399 
 145   (0.333) 0.333 0.579 0.185 0.180 0.487 0.305 0.318 
 147   (0.060) 0.059 0.018 0.094 0.051 0.033 0.050 0.046 
 137   (0.022) 0.023 0.005 0.005 0.001 0.009 0.024 0.001 
 143   (0.010) 0.010 0.003 0.001 0.003 0.004 0.004 0.001 

Locus 7 : 7 
10 alleles
0.3% missing data
  89   (0.079) 0.079 0.022 0.010 0.045 0.099 0.086 0.040 
 103   (0.338) 0.337 0.404 0.200 0.283 0.409 0.388 0.585 
  93   (0.226) 0.226 0.169 0.240 0.370 0.201 0.212 0.164 
  97   (0.180) 0.180 0.250 0.257 0.212 0.162 0.182 0.079 
  85   (0.046) 0.046 0.013 0.006 0.049 0.051 0.023 0.067 
  91   (0.045) 0.045 0.011 0.200 0.037 0.017 0.027 0.038 
 101   (0.014) 0.014 0.004 0.002 0.002 0.010 0.007 0.001 
  83   (0.045) 0.045 0.117 0.034 0.001 0.031 0.058 0.024 
  99   (0.014) 0.014 0.008 0.001 0.000 0.006 0.011 0.001 
 105   (0.014) 0.014 0.003 0.050 0.000 0.015 0.006 0.001 

Locus 8 : 8 
10 alleles
0.0% missing data
 129   (0.570) 0.571 0.660 0.510 0.623 0.622 0.620 0.503 
 141   (0.067) 0.067 0.097 0.044 0.148 0.031 0.042 0.089 
 149   (0.054) 0.055 0.058 0.029 0.141 0.032 0.044 0.004 
 143   (0.236) 0.237 0.147 0.285 0.082 0.285 0.245 0.394 
 131   (0.013) 0.013 0.003 0.068 0.002 0.005 0.006 0.001 
 127   (0.011) 0.011 0.003 0.044 0.000 0.004 0.005 0.001 
 145   (0.013) 0.013 0.024 0.002 0.000 0.005 0.006 0.006 
 133   (0.016) 0.016 0.004 0.002 0.001 0.010 0.025 0.001 
 121   (0.009) 0.009 0.003 0.001 0.003 0.003 0.004 0.001 
 128   (0.009) 0.009 0.002 0.016 0.000 0.003 0.004 0.001 

Locus 9 : 9 
4 alleles
0.0% missing data
 189   (0.424) 0.424 0.400 0.486 0.256 0.472 0.503 0.201 
 191   (0.370) 0.369 0.323 0.426 0.597 0.315 0.356 0.447 
 195   (0.192) 0.191 0.273 0.086 0.143 0.207 0.134 0.351 
 193   (0.015) 0.015 0.004 0.002 0.003 0.006 0.007 0.001 

Locus 10 : 10 
7 alleles
0.0% missing data
 232   (0.204) 0.203 0.268 0.254 0.416 0.165 0.246 0.142 
 238   (0.545) 0.546 0.634 0.269 0.441 0.610 0.527 0.592 
 252   (0.121) 0.121 0.060 0.108 0.121 0.134 0.080 0.190 
 254   (0.071) 0.071 0.021 0.361 0.018 0.049 0.045 0.066 
 250   (0.032) 0.032 0.009 0.003 0.001 0.028 0.057 0.007 
 240   (0.010) 0.009 0.003 0.001 0.003 0.004 0.004 0.001 
 248   (0.016) 0.016 0.005 0.004 0.001 0.010 0.040 0.001 

Locus 11 : 11 
5 alleles
0.0% missing data
  87   (0.739) 0.740 0.684 0.683 0.667 0.710 0.796 0.773 
  89   (0.199) 0.199 0.288 0.246 0.225 0.224 0.155 0.223 
  91   (0.042) 0.042 0.024 0.066 0.107 0.055 0.030 0.003 
  85   (0.010) 0.009 0.002 0.001 0.000 0.003 0.013 0.001 
  83   (0.010) 0.010 0.002 0.004 0.000 0.007 0.006 0.001 

Locus 12 : 12 
13 alleles
0.0% missing data
 147   (0.043) 0.042 0.011 0.004 0.133 0.063 0.019 0.127 
 158   (0.199) 0.199 0.300 0.044 0.460 0.126 0.214 0.269 
 162   (0.259) 0.259 0.169 0.244 0.170 0.297 0.278 0.321 
 160   (0.266) 0.267 0.341 0.583 0.178 0.306 0.261 0.079 
 170   (0.039) 0.039 0.018 0.004 0.012 0.031 0.085 0.003 
 161   (0.089) 0.089 0.112 0.010 0.038 0.088 0.077 0.181 
 154   (0.016) 0.016 0.004 0.002 0.001 0.008 0.024 0.001 
 159   (0.014) 0.014 0.024 0.001 0.000 0.015 0.006 0.001 
 149   (0.019) 0.019 0.008 0.002 0.001 0.033 0.009 0.001 
 143   (0.027) 0.026 0.006 0.102 0.001 0.023 0.012 0.013 
 164   (0.011) 0.011 0.003 0.001 0.007 0.004 0.004 0.001 
 165   (0.009) 0.010 0.002 0.001 0.000 0.003 0.004 0.001 
 134   (0.010) 0.010 0.002 0.001 0.000 0.004 0.006 0.001 

Locus 13 : 13 
4 alleles
0.0% missing data
 113   (0.345) 0.345 0.413 0.471 0.342 0.301 0.323 0.367 
 115   (0.488) 0.488 0.363 0.338 0.486 0.564 0.535 0.458 
 108   (0.157) 0.157 0.222 0.190 0.171 0.131 0.138 0.175 
 110   (0.010) 0.010 0.002 0.001 0.000 0.003 0.004 0.001 

Locus 14 : 14 
10 alleles
0.0% missing data
 229   (0.415) 0.415 0.481 0.262 0.500 0.430 0.530 0.322 
 225   (0.148) 0.148 0.074 0.093 0.068 0.170 0.153 0.067 
 231   (0.174) 0.174 0.059 0.455 0.100 0.142 0.137 0.448 
 233   (0.053) 0.052 0.015 0.055 0.105 0.048 0.043 0.024 
 227   (0.162) 0.162 0.339 0.129 0.224 0.190 0.112 0.135 
 213   (0.009) 0.010 0.002 0.001 0.000 0.003 0.009 0.001 
 221   (0.010) 0.010 0.022 0.001 0.000 0.003 0.004 0.001 
 255   (0.010) 0.010 0.003 0.001 0.002 0.004 0.005 0.001 
 223   (0.010) 0.010 0.002 0.001 0.000 0.003 0.004 0.001 
 203   (0.009) 0.009 0.003 0.001 0.000 0.007 0.004 0.001 

Locus 15 : 15 
5 alleles
0.3% missing data
 143   (0.896) 0.896 0.969 0.798 0.983 0.931 0.929 0.912 
 157   (0.014) 0.014 0.003 0.002 0.002 0.005 0.012 0.001 
 145   (0.056) 0.056 0.020 0.114 0.014 0.036 0.040 0.085 
 147   (0.024) 0.024 0.006 0.023 0.001 0.024 0.015 0.002 
 133   (0.010) 0.010 0.002 0.063 0.000 0.003 0.004 0.001 

Locus 16 : 16 
5 alleles
0.0% missing data
 158   (0.498) 0.498 0.517 0.451 0.556 0.532 0.534 0.467 
 160   (0.133) 0.132 0.111 0.042 0.153 0.145 0.140 0.143 
 156   (0.289) 0.290 0.347 0.421 0.245 0.277 0.232 0.322 
 154   (0.071) 0.071 0.023 0.085 0.046 0.036 0.089 0.067 
 152   (0.010) 0.010 0.002 0.001 0.000 0.010 0.004 0.001 

Locus 17 : 17 
5 alleles
0.0% missing data
  90   (0.669) 0.669 0.687 0.604 0.729 0.675 0.674 0.820 
 102   (0.185) 0.184 0.230 0.212 0.241 0.179 0.167 0.162 
  88   (0.058) 0.058 0.045 0.006 0.027 0.043 0.049 0.011 
 100   (0.079) 0.079 0.036 0.177 0.003 0.100 0.097 0.006 
 104   (0.010) 0.010 0.002 0.001 0.000 0.004 0.012 0.001 

Locus 18 : 18 
7 alleles
0.0% missing data
 142   (0.100) 0.100 0.027 0.011 0.402 0.086 0.178 0.007 
 146   (0.102) 0.102 0.060 0.075 0.102 0.091 0.095 0.070 
 127   (0.292) 0.292 0.383 0.294 0.243 0.198 0.298 0.374 
 148   (0.107) 0.106 0.070 0.143 0.085 0.124 0.082 0.047 
 140   (0.283) 0.284 0.251 0.212 0.134 0.368 0.242 0.434 
 138   (0.060) 0.060 0.185 0.006 0.033 0.032 0.068 0.058 
 150   (0.056) 0.056 0.025 0.259 0.002 0.101 0.037 0.011 

Locus 19 : 19 
6 alleles
0.0% missing data
 188   (0.168) 0.168 0.154 0.088 0.098 0.172 0.154 0.054 
 194   (0.583) 0.583 0.468 0.619 0.549 0.555 0.660 0.655 
 190   (0.118) 0.117 0.133 0.079 0.349 0.104 0.070 0.251 
 200   (0.094) 0.094 0.235 0.085 0.003 0.152 0.066 0.037 
 198   (0.010) 0.010 0.002 0.001 0.000 0.003 0.004 0.001 
 202   (0.028) 0.028 0.008 0.128 0.001 0.014 0.046 0.002 

Locus 20 : 20 
6 alleles
0.0% missing data
 244   (0.029) 0.029 0.009 0.004 0.026 0.030 0.023 0.006 
 250   (0.083) 0.083 0.020 0.356 0.108 0.046 0.058 0.039 
 252   (0.663) 0.663 0.719 0.381 0.788 0.726 0.690 0.632 
 246   (0.132) 0.132 0.229 0.201 0.027 0.110 0.111 0.243 
 254   (0.078) 0.077 0.020 0.048 0.050 0.083 0.090 0.079 
 248   (0.016) 0.015 0.003 0.011 0.000 0.006 0.029 0.001 

Locus 21 : 21 
10 alleles
0.0% missing data
 167   (0.252) 0.251 0.269 0.178 0.328 0.343 0.262 0.221 
 177   (0.191) 0.191 0.164 0.326 0.300 0.122 0.222 0.121 
 173   (0.283) 0.283 0.362 0.153 0.310 0.318 0.289 0.201 
 165   (0.061) 0.061 0.084 0.010 0.008 0.034 0.057 0.167 
 175   (0.139) 0.140 0.100 0.102 0.049 0.153 0.092 0.271 
 163   (0.036) 0.036 0.009 0.218 0.001 0.017 0.061 0.005 
 169   (0.009) 0.009 0.003 0.001 0.003 0.004 0.004 0.001 
 171   (0.011) 0.011 0.003 0.001 0.000 0.004 0.005 0.012 
 159   (0.009) 0.009 0.002 0.001 0.000 0.003 0.004 0.001 
 161   (0.009) 0.009 0.004 0.010 0.000 0.003 0.004 0.001 

Locus 22 : 22 
11 alleles
0.3% missing data
 146   (0.212) 0.212 0.133 0.171 0.264 0.292 0.189 0.283 
 152   (0.414) 0.414 0.516 0.373 0.547 0.407 0.475 0.477 
 154   (0.011) 0.011 0.003 0.001 0.064 0.004 0.004 0.001 
 166   (0.085) 0.085 0.043 0.062 0.080 0.075 0.070 0.095 
 164   (0.038) 0.038 0.055 0.005 0.004 0.017 0.064 0.038 
 150   (0.042) 0.042 0.030 0.046 0.011 0.018 0.041 0.023 
 158   (0.108) 0.109 0.109 0.028 0.027 0.138 0.086 0.069 
 142   (0.010) 0.010 0.066 0.001 0.000 0.003 0.004 0.001 
 156   (0.018) 0.018 0.005 0.129 0.001 0.018 0.008 0.001 
 162   (0.041) 0.041 0.035 0.051 0.001 0.022 0.032 0.011 
 148   (0.020) 0.019 0.005 0.132 0.001 0.007 0.028 0.001 

Locus 23 : 23 
6 alleles
0.3% missing data
 154   (0.532) 0.533 0.403 0.261 0.521 0.626 0.579 0.642 
 144   (0.184) 0.183 0.282 0.572 0.165 0.161 0.144 0.175 
 156   (0.135) 0.136 0.129 0.017 0.044 0.114 0.167 0.135 
 160   (0.114) 0.114 0.177 0.145 0.211 0.083 0.087 0.046 
 152   (0.014) 0.014 0.003 0.001 0.043 0.009 0.006 0.001 
 158   (0.020) 0.020 0.006 0.004 0.015 0.008 0.017 0.001 

Locus 24 : 24 
4 alleles
0.3% missing data
  83   (0.513) 0.514 0.506 0.806 0.470 0.456 0.481 0.610 
  85   (0.055) 0.055 0.063 0.006 0.040 0.039 0.035 0.066 
  81   (0.338) 0.338 0.327 0.170 0.299 0.428 0.381 0.272 
  77   (0.093) 0.093 0.104 0.018 0.190 0.077 0.102 0.051 

Locus 25 : 25 
6 alleles
0.3% missing data
 126   (0.042) 0.042 0.012 0.007 0.041 0.037 0.025 0.003 
 132   (0.304) 0.304 0.369 0.462 0.511 0.254 0.312 0.276 
 122   (0.122) 0.123 0.038 0.031 0.029 0.094 0.140 0.118 
 124   (0.503) 0.502 0.553 0.353 0.418 0.599 0.510 0.600 
 120   (0.015) 0.015 0.003 0.146 0.000 0.010 0.007 0.001 
 136   (0.014) 0.014 0.025 0.001 0.000 0.006 0.006 0.001 

Locus 26 : 26 
6 alleles
0.0% missing data
 183   (0.364) 0.364 0.209 0.512 0.471 0.305 0.431 0.311 
 175   (0.262) 0.262 0.363 0.140 0.276 0.229 0.274 0.308 
 179   (0.077) 0.077 0.023 0.150 0.081 0.170 0.043 0.006 
 165   (0.243) 0.244 0.374 0.191 0.170 0.220 0.207 0.342 
 181   (0.043) 0.043 0.029 0.005 0.001 0.067 0.037 0.032 
 185   (0.010) 0.010 0.002 0.001 0.000 0.008 0.008 0.001 

Locus 27 : 27 
4 alleles
0.0% missing data
 142   (0.541) 0.539 0.658 0.632 0.697 0.612 0.491 0.602 
 148   (0.259) 0.260 0.158 0.246 0.134 0.192 0.303 0.282 
 138   (0.064) 0.064 0.104 0.009 0.160 0.051 0.044 0.011 
 150   (0.136) 0.137 0.079 0.113 0.009 0.145 0.162 0.104 

Locus 28 : 28 
5 alleles
0.0% missing data
 260   (0.435) 0.436 0.538 0.211 0.350 0.390 0.548 0.334 
 262   (0.471) 0.471 0.370 0.680 0.622 0.549 0.365 0.607 
 256   (0.066) 0.066 0.022 0.106 0.027 0.046 0.061 0.057 
 264   (0.011) 0.010 0.065 0.001 0.000 0.003 0.004 0.001 
 258   (0.017) 0.017 0.005 0.002 0.001 0.012 0.021 0.001 

Locus 29 : 29 
5 alleles
0.3% missing data
 140   (0.165) 0.164 0.120 0.394 0.097 0.192 0.108 0.236 
 150   (0.485) 0.485 0.536 0.230 0.723 0.565 0.500 0.438 
 146   (0.242) 0.242 0.311 0.275 0.118 0.145 0.306 0.243 
 148   (0.083) 0.083 0.027 0.098 0.061 0.084 0.060 0.081 
 152   (0.026) 0.026 0.007 0.003 0.001 0.014 0.026 0.002 

Locus 30 : 30 
6 alleles
0.0% missing data
 125   (0.276) 0.276 0.141 0.185 0.432 0.207 0.317 0.312 
 129   (0.498) 0.498 0.694 0.530 0.456 0.530 0.492 0.428 
 123   (0.107) 0.106 0.053 0.050 0.108 0.182 0.074 0.120 
 127   (0.074) 0.075 0.019 0.230 0.002 0.058 0.059 0.137 
 131   (0.033) 0.033 0.091 0.003 0.001 0.019 0.034 0.002 
 121   (0.012) 0.012 0.003 0.001 0.000 0.004 0.023 0.001 

Locus 31 : 31 
5 alleles
0.0% missing data
 153   (0.055) 0.055 0.080 0.020 0.076 0.096 0.031 0.004 
 155   (0.578) 0.579 0.485 0.598 0.611 0.486 0.673 0.447 
 157   (0.214) 0.213 0.257 0.127 0.190 0.226 0.210 0.326 
 159   (0.125) 0.125 0.168 0.014 0.122 0.177 0.070 0.221 
 151   (0.027) 0.028 0.010 0.241 0.001 0.016 0.015 0.002 

Locus 32 : 32 
4 alleles
0.0% missing data
 146   (0.323) 0.324 0.292 0.432 0.097 0.297 0.308 0.311 
 150   (0.561) 0.560 0.672 0.547 0.811 0.545 0.596 0.511 
 148   (0.069) 0.069 0.020 0.007 0.089 0.079 0.058 0.100 
 154   (0.047) 0.047 0.016 0.014 0.003 0.078 0.039 0.079 

Locus 33 : 33 
7 alleles
0.0% missing data
 196   (0.154) 0.154 0.139 0.017 0.176 0.150 0.176 0.103 
 198   (0.040) 0.039 0.012 0.047 0.053 0.049 0.028 0.003 
 184   (0.204) 0.205 0.111 0.102 0.174 0.177 0.174 0.278 
 180   (0.424) 0.424 0.424 0.755 0.570 0.445 0.416 0.441 
 194   (0.011) 0.010 0.002 0.001 0.023 0.003 0.004 0.001 
 192   (0.149) 0.149 0.307 0.076 0.005 0.168 0.176 0.149 
 190   (0.019) 0.019 0.004 0.002 0.001 0.006 0.025 0.026 

Locus 34 : 34 
7 alleles
0.0% missing data
 106   (0.313) 0.313 0.342 0.537 0.139 0.368 0.281 0.312 
 112   (0.277) 0.277 0.410 0.065 0.505 0.279 0.277 0.259 
 110   (0.224) 0.224 0.164 0.134 0.339 0.198 0.242 0.351 
  90   (0.044) 0.044 0.033 0.118 0.011 0.017 0.020 0.029 
 108   (0.116) 0.117 0.046 0.098 0.005 0.130 0.136 0.048 
  96   (0.010) 0.010 0.002 0.047 0.000 0.003 0.004 0.001 
  94   (0.016) 0.016 0.004 0.002 0.000 0.006 0.041 0.001 

Locus 35 : 35 
8 alleles
0.0% missing data
 170   (0.317) 0.317 0.199 0.595 0.183 0.234 0.321 0.518 
 172   (0.293) 0.293 0.560 0.211 0.424 0.257 0.262 0.109 
 166   (0.053) 0.053 0.061 0.006 0.246 0.042 0.024 0.038 
 176   (0.105) 0.105 0.035 0.013 0.118 0.056 0.161 0.256 
 178   (0.049) 0.049 0.061 0.005 0.018 0.042 0.041 0.003 
 174   (0.105) 0.105 0.063 0.011 0.009 0.179 0.119 0.070 
 168   (0.064) 0.064 0.017 0.157 0.002 0.153 0.067 0.005 
 186   (0.014) 0.013 0.003 0.001 0.000 0.037 0.005 0.001 

Locus 36 : 36 
6 alleles
0.0% missing data
  85   (0.217) 0.217 0.147 0.242 0.179 0.281 0.208 0.102 
  89   (0.526) 0.525 0.565 0.593 0.698 0.538 0.518 0.610 
  95   (0.066) 0.066 0.087 0.007 0.088 0.027 0.058 0.092 
  83   (0.131) 0.131 0.184 0.022 0.034 0.119 0.159 0.063 
  81   (0.046) 0.046 0.015 0.005 0.001 0.029 0.048 0.132 
  91   (0.014) 0.014 0.003 0.131 0.000 0.005 0.009 0.001 

Locus 37 : 37 
8 alleles
0.0% missing data
 159   (0.011) 0.011 0.003 0.001 0.023 0.004 0.004 0.001 
 165   (0.228) 0.229 0.211 0.068 0.246 0.230 0.245 0.197 
 161   (0.353) 0.353 0.267 0.273 0.506 0.416 0.329 0.353 
 169   (0.080) 0.080 0.044 0.019 0.118 0.070 0.134 0.006 
 173   (0.277) 0.278 0.396 0.484 0.099 0.213 0.262 0.440 
 167   (0.024) 0.024 0.031 0.003 0.002 0.059 0.016 0.002 
 175   (0.010) 0.010 0.044 0.001 0.000 0.003 0.004 0.001 
 168   (0.016) 0.015 0.004 0.151 0.005 0.005 0.006 0.001 

Locus 38 : 38 
7 alleles
0.0% missing data
  87   (0.125) 0.125 0.033 0.418 0.169 0.139 0.100 0.073 
  89   (0.362) 0.362 0.370 0.050 0.640 0.429 0.464 0.223 
  81   (0.095) 0.095 0.047 0.095 0.046 0.097 0.080 0.140 
  85   (0.221) 0.221 0.306 0.231 0.073 0.207 0.182 0.255 
  91   (0.165) 0.165 0.223 0.203 0.046 0.115 0.161 0.288 
  93   (0.022) 0.022 0.019 0.002 0.019 0.008 0.009 0.021 
  95   (0.011) 0.010 0.003 0.001 0.007 0.004 0.005 0.001 

Locus 39 : 39 
4 alleles
0.0% missing data
 167   (0.798) 0.797 0.874 0.864 0.923 0.806 0.782 0.955 
 161   (0.165) 0.165 0.117 0.131 0.068 0.179 0.165 0.042 
 165   (0.028) 0.028 0.006 0.003 0.006 0.011 0.049 0.002 
 155   (0.010) 0.010 0.003 0.001 0.003 0.004 0.004 0.001 

Locus 40 : 40 
7 alleles
0.3% missing data
 228   (0.400) 0.400 0.575 0.292 0.583 0.340 0.412 0.319 
 236   (0.068) 0.068 0.018 0.451 0.096 0.026 0.049 0.114 
 224   (0.032) 0.031 0.008 0.003 0.060 0.016 0.016 0.127 
 238   (0.367) 0.368 0.297 0.090 0.254 0.396 0.376 0.407 
 240   (0.108) 0.107 0.096 0.114 0.003 0.213 0.132 0.031 
 246   (0.010) 0.010 0.003 0.001 0.003 0.004 0.004 0.001 
 242   (0.015) 0.015 0.003 0.048 0.000 0.005 0.011 0.001 

Locus 41 : 41 
9 alleles
0.3% missing data
 130   (0.496) 0.498 0.428 0.265 0.467 0.449 0.643 0.463 
 132   (0.118) 0.118 0.061 0.195 0.223 0.091 0.085 0.188 
 128   (0.066) 0.066 0.290 0.010 0.192 0.054 0.044 0.039 
 114   (0.105) 0.105 0.028 0.212 0.089 0.125 0.082 0.155 
 134   (0.128) 0.128 0.149 0.122 0.006 0.186 0.102 0.131 
 122   (0.016) 0.016 0.004 0.002 0.019 0.009 0.008 0.001 
 118   (0.051) 0.051 0.034 0.191 0.002 0.080 0.028 0.012 
 120   (0.009) 0.009 0.002 0.001 0.000 0.003 0.004 0.006 
 119   (0.009) 0.009 0.002 0.001 0.000 0.003 0.005 0.004 

Locus 42 : 42 
8 alleles
0.0% missing data
 102   (0.249) 0.247 0.310 0.435 0.430 0.299 0.242 0.421 
 104   (0.373) 0.373 0.528 0.224 0.196 0.436 0.388 0.290 
  92   (0.132) 0.133 0.069 0.083 0.108 0.095 0.157 0.105 
  98   (0.142) 0.142 0.037 0.183 0.188 0.108 0.143 0.117 
  96   (0.067) 0.067 0.021 0.063 0.077 0.048 0.045 0.052 
 106   (0.010) 0.009 0.002 0.001 0.000 0.004 0.013 0.001 
  94   (0.012) 0.012 0.008 0.001 0.000 0.005 0.005 0.009 
 100   (0.016) 0.016 0.025 0.010 0.001 0.006 0.007 0.006 

Locus 43 : 43 
6 alleles
0.0% missing data
  95   (0.244) 0.244 0.209 0.287 0.381 0.278 0.219 0.224 
  99   (0.092) 0.092 0.024 0.145 0.044 0.067 0.095 0.056 
 101   (0.329) 0.330 0.528 0.102 0.333 0.272 0.345 0.404 
 103   (0.295) 0.295 0.226 0.314 0.237 0.349 0.322 0.310 
  97   (0.030) 0.030 0.010 0.151 0.001 0.030 0.015 0.005 
 105   (0.010) 0.010 0.003 0.001 0.003 0.004 0.004 0.001 

Locus 44 : 44 
8 alleles
0.0% missing data
 181   (0.579) 0.578 0.641 0.784 0.706 0.516 0.659 0.533 
 191   (0.278) 0.278 0.250 0.070 0.176 0.345 0.244 0.432 
 177   (0.062) 0.062 0.088 0.008 0.115 0.047 0.044 0.026 
 179   (0.025) 0.025 0.006 0.117 0.001 0.067 0.010 0.002 
 189   (0.019) 0.019 0.005 0.015 0.001 0.008 0.012 0.001 
 187   (0.010) 0.010 0.002 0.001 0.000 0.004 0.005 0.004 
 193   (0.014) 0.014 0.003 0.004 0.000 0.005 0.016 0.001 
 183   (0.014) 0.014 0.004 0.001 0.000 0.008 0.010 0.001 

Locus 45 : 45 
6 alleles
0.6% missing data
 205   (0.454) 0.454 0.601 0.284 0.447 0.517 0.502 0.437 
 215   (0.077) 0.077 0.027 0.070 0.095 0.043 0.059 0.134 
 207   (0.191) 0.191 0.199 0.309 0.160 0.119 0.238 0.093 
 211   (0.209) 0.210 0.149 0.158 0.238 0.246 0.161 0.291 
 201   (0.059) 0.059 0.020 0.178 0.060 0.065 0.035 0.045 
 202   (0.009) 0.009 0.004 0.001 0.000 0.010 0.005 0.001 

Locus 46 : 46 
10 alleles
0.0% missing data
 166   (0.161) 0.160 0.256 0.216 0.299 0.133 0.163 0.083 
 168   (0.151) 0.151 0.072 0.124 0.186 0.110 0.219 0.121 
 144   (0.049) 0.049 0.057 0.006 0.194 0.080 0.033 0.003 
 158   (0.175) 0.175 0.125 0.218 0.128 0.146 0.194 0.239 
 142   (0.290) 0.290 0.422 0.180 0.184 0.357 0.271 0.344 
 170   (0.026) 0.026 0.007 0.005 0.004 0.009 0.025 0.002 
 156   (0.031) 0.031 0.008 0.063 0.001 0.050 0.015 0.009 
 164   (0.054) 0.055 0.034 0.027 0.002 0.069 0.034 0.050 
 162   (0.053) 0.053 0.017 0.150 0.002 0.043 0.041 0.150 
 160   (0.009) 0.009 0.002 0.012 0.000 0.004 0.005 0.001 

Locus 47 : 47 
6 alleles
0.0% missing data
 149   (0.298) 0.299 0.385 0.323 0.102 0.292 0.350 0.127 
 151   (0.221) 0.221 0.196 0.075 0.281 0.167 0.226 0.355 
 153   (0.217) 0.217 0.112 0.060 0.382 0.263 0.198 0.160 
 145   (0.231) 0.230 0.300 0.537 0.215 0.266 0.191 0.355 
 147   (0.016) 0.016 0.004 0.002 0.019 0.006 0.010 0.001 
 143   (0.017) 0.017 0.004 0.002 0.000 0.006 0.026 0.001 

Values of parameters used in structure:
DATAFILE=temp1_no_plains.str,	OUTFILE=k7/temp1_no_plains_k7_run2,	NUMINDS=333,	NUMLOCI=47,	MISSING=-9,	LABEL=1,	POPDATA=1,	POPFLAG=0,	PHENOTYPE=0,	EXTRACOLS=0,	MAXPOPS=7,	BURNIN=500000,	NUMREPS=750000,	USEPOPINFO=0,	INFERALPHA=1,	INFERLAMBDA=0,	POPSPECIFICLAMBDA=0,	POPALPHAS=0,	COMPUTEPROB=1,	NOADMIX=0,	ADMBURNIN=500,	UPDATEFREQ=100,	PRINTLIKES=0,	INTERMEDSAVE=0,	PRINTKLD=0,	PRINTNET=1,	PRINTLAMBDA=1,	ANCESTDIST=0,	NUMBOXES=1000,	ANCESTPINT=0.90000,	GENSBACK=2,	MIGRPRIOR=0.01000,	PRINTQHAT=0,	PRINTQSUM=1,	ALPHA=1.0000,	FREQSCORR=1,	FPRIORMEAN=0.0100,	FPRIORSD=0.0500,	ONEFST=0,	LAMBDA=1.0000,	UNIFPRIORALPHA=1,	ALPHAMAX=10.0000,	ALPHAPRIORA=1.0000,	ALPHAPRIORB=2.0000,	ALPHAPROPSD=0.0250,	STARTATPOPINFO=0,	RANDOMIZE=0,	LINKAGE=0,	METROFREQ=10,	REPORTHITRATE=0,	MARKOVPHASE=0,	PHASED=1,	PLOIDY=2,	PHASEINFO=0	LOCPRIOR=0, 	LOCPRIORINIT=1.000000, 	LOCDATA=0, 	LOCISPOP=1, 	LOCPRIORSTEP=0.100000, 	MAXLOCPRIOR=20.000000, 	SEED=180806,	
[STRAT parameters]:    NUMSIMSTATS=1000,	PHENOTYPECOL=-9,	POOLFREQ=10,	LOCUSxONLY=0,	EMERROR=0.00100,	MISSINGPHENO=-9,	