

----------------------------------------------------
STRUCTURE by Pritchard, Stephens and Donnelly (2000)
     and Falush, Stephens and Pritchard (2003)
       Code by Pritchard, Falush and Hubisz
             Version 2.3.4 (Jul 2012)
----------------------------------------------------



Command line arguments:   structure -D 467174 -K 11 -m mainparams -o k11/temp1_no_plains_k11_run4 
Input File:    temp1_no_plains.str

Run parameters:
   333 individuals
   47 loci
   11 populations assumed
   500000 Burn-in period
   750000 Reps
RANDOMIZE turned off


--------------------------------------------
Proportion of membership of each pre-defined
 population in each of the 11 clusters

Given    Inferred Clusters                                                               Number of
 Pop       1      2      3      4      5      6      7      8      9     10     11      Individuals

  1:     0.402  0.003  0.463  0.006  0.014  0.013  0.014  0.050  0.013  0.011  0.011       79
  2:     0.157  0.002  0.267  0.016  0.012  0.017  0.009  0.491  0.012  0.009  0.008       12
  3:     0.746  0.003  0.134  0.005  0.007  0.010  0.008  0.063  0.008  0.009  0.007       33
  4:     0.008  0.006  0.015  0.008  0.125  0.023  0.024  0.013  0.115  0.645  0.017       81
  5:     0.429  0.013  0.435  0.007  0.024  0.013  0.016  0.011  0.024  0.009  0.020        7
  6:     0.008  0.003  0.013  0.887  0.014  0.014  0.019  0.008  0.014  0.005  0.016       19
  7:     0.004  0.953  0.004  0.010  0.005  0.004  0.005  0.003  0.005  0.003  0.005       10
  8:     0.011  0.029  0.091  0.011  0.143  0.094  0.242  0.013  0.134  0.021  0.211       10
  9:     0.026  0.016  0.119  0.028  0.165  0.039  0.270  0.024  0.155  0.028  0.130       23
 10:     0.011  0.009  0.048  0.018  0.122  0.065  0.128  0.011  0.132  0.040  0.414       11
 11:     0.031  0.005  0.065  0.006  0.055  0.426  0.113  0.018  0.045  0.011  0.225       18
 12:     0.034  0.032  0.102  0.010  0.137  0.021  0.260  0.016  0.138  0.031  0.220       25
 13:     0.048  0.002  0.100  0.020  0.135  0.296  0.173  0.007  0.110  0.012  0.098        5
--------------------------------------------

Allele-freq. divergence among pops (Net nucleotide distance),
computed using point estimates of P.

      1       2       3       4       5       6       7       8       9      10      11      
 1      -    0.1393  0.0115  0.0771  0.0314  0.0422  0.0280  0.0514  0.0311  0.0507  0.0329  
 2   0.1393     -    0.1222  0.1295  0.1085  0.1310  0.1036  0.1521  0.1076  0.1181  0.1092  
 3   0.0115  0.1222     -    0.0622  0.0138  0.0250  0.0105  0.0375  0.0132  0.0300  0.0160  
 4   0.0771  0.1295  0.0622     -    0.0558  0.0680  0.0541  0.0978  0.0559  0.0705  0.0621  
 5   0.0314  0.1085  0.0138  0.0558     -    0.0205  0.0040  0.0480  0.0001  0.0148  0.0090  
 6   0.0422  0.1310  0.0250  0.0680  0.0205     -    0.0173  0.0617  0.0198  0.0368  0.0193  
 7   0.0280  0.1036  0.0105  0.0541  0.0040  0.0173     -    0.0437  0.0033  0.0198  0.0051  
 8   0.0514  0.1521  0.0375  0.0978  0.0480  0.0617  0.0437     -    0.0476  0.0594  0.0540  
 9   0.0311  0.1076  0.0132  0.0559  0.0001  0.0198  0.0033  0.0476     -    0.0148  0.0076  
10   0.0507  0.1181  0.0300  0.0705  0.0148  0.0368  0.0198  0.0594  0.0148     -    0.0224  
11   0.0329  0.1092  0.0160  0.0621  0.0090  0.0193  0.0051  0.0540  0.0076  0.0224     -    

Average distances (expected heterozygosity) between individuals in same cluster:
cluster  1  : 0.5587 
cluster  2  : 0.5457 
cluster  3  : 0.5996 
cluster  4  : 0.5484 
cluster  5  : 0.6250 
cluster  6  : 0.5872 
cluster  7  : 0.6398 
cluster  8  : 0.5299 
cluster  9  : 0.6271 
cluster 10  : 0.5952 
cluster 11  : 0.6280 

--------------------------------------------
Estimated Ln Prob of Data   = -39791.6
Mean value of ln likelihood = -34570.7
Variance of ln likelihood   = 10441.8
Mean value of alpha         = 0.0349

Mean value of Fst_1         = 0.1267
Mean value of Fst_2         = 0.3031
Mean value of Fst_3         = 0.0853
Mean value of Fst_4         = 0.2055
Mean value of Fst_5         = 0.0583
Mean value of Fst_6         = 0.1048
Mean value of Fst_7         = 0.0224
Mean value of Fst_8         = 0.2079
Mean value of Fst_9         = 0.0588
Mean value of Fst_10         = 0.0974
Mean value of Fst_11         = 0.0488


Inferred ancestry of individuals:
        Label (%Miss) Pop:  Inferred clusters
  1      014    (0)    1 :  0.306 0.004 0.574 0.010 0.014 0.005 0.020 0.024 0.019 0.006 0.018 
  2      015    (0)    1 :  0.302 0.001 0.144 0.003 0.019 0.004 0.024 0.467 0.018 0.008 0.008 
  3      016    (0)    1 :  0.354 0.003 0.590 0.002 0.007 0.006 0.007 0.006 0.007 0.014 0.006 
  4      017    (0)    1 :  0.391 0.002 0.504 0.006 0.022 0.008 0.018 0.012 0.018 0.012 0.009 
  5      018    (0)    1 :  0.343 0.004 0.584 0.004 0.008 0.004 0.006 0.010 0.007 0.020 0.009 
  6      023    (0)    1 :  0.309 0.006 0.579 0.004 0.010 0.007 0.011 0.024 0.011 0.024 0.016 
  7      025    (0)    1 :  0.359 0.002 0.584 0.005 0.006 0.015 0.007 0.005 0.006 0.004 0.008 
  8      026    (0)    1 :  0.362 0.002 0.602 0.002 0.004 0.003 0.004 0.011 0.004 0.003 0.003 
  9      027    (0)    1 :  0.304 0.003 0.447 0.002 0.062 0.006 0.092 0.012 0.051 0.008 0.014 
 10      028    (0)    1 :  0.338 0.003 0.590 0.004 0.006 0.004 0.008 0.007 0.007 0.027 0.007 
 11      029    (0)    1 :  0.376 0.002 0.470 0.003 0.009 0.105 0.010 0.005 0.008 0.006 0.007 
 12      030    (0)    1 :  0.300 0.002 0.586 0.007 0.013 0.007 0.012 0.038 0.014 0.012 0.008 
 13      031    (0)    1 :  0.341 0.003 0.577 0.003 0.009 0.005 0.008 0.009 0.009 0.030 0.007 
 14      032    (0)    1 :  0.343 0.006 0.394 0.014 0.015 0.025 0.010 0.163 0.016 0.007 0.006 
 15      035    (0)    1 :  0.370 0.001 0.598 0.002 0.003 0.004 0.003 0.007 0.003 0.004 0.003 
 16      037    (0)    1 :  0.306 0.003 0.568 0.004 0.008 0.007 0.007 0.073 0.008 0.010 0.006 
 17      038    (0)    1 :  0.348 0.003 0.561 0.028 0.007 0.006 0.006 0.005 0.007 0.015 0.012 
 18      039    (0)    1 :  0.355 0.002 0.517 0.002 0.005 0.002 0.004 0.102 0.005 0.004 0.003 
 19      040    (0)    1 :  0.310 0.003 0.493 0.003 0.033 0.012 0.034 0.027 0.039 0.021 0.026 
 20      041    (0)    1 :  0.578 0.002 0.343 0.002 0.008 0.005 0.007 0.016 0.009 0.013 0.017 
 21      043    (0)    1 :  0.367 0.001 0.605 0.002 0.003 0.003 0.003 0.007 0.003 0.003 0.003 
 22      045    (0)    1 :  0.320 0.003 0.562 0.005 0.008 0.014 0.009 0.053 0.008 0.011 0.007 
 23      046    (0)    1 :  0.304 0.003 0.562 0.002 0.012 0.012 0.014 0.022 0.020 0.014 0.034 
 24      047    (0)    1 :  0.367 0.001 0.576 0.004 0.008 0.003 0.008 0.009 0.008 0.010 0.007 
 25      050    (0)    1 :  0.374 0.001 0.606 0.002 0.002 0.003 0.002 0.003 0.002 0.002 0.002 
 26      052    (0)    1 :  0.928 0.002 0.021 0.003 0.005 0.006 0.005 0.017 0.005 0.004 0.004 
 27      053    (0)    1 :  0.765 0.001 0.192 0.002 0.005 0.007 0.006 0.009 0.004 0.004 0.004 
 28      054    (0)    1 :  0.369 0.008 0.471 0.003 0.032 0.012 0.018 0.024 0.030 0.015 0.017 
 29      055    (0)    1 :  0.521 0.003 0.421 0.004 0.007 0.004 0.007 0.014 0.007 0.007 0.005 
 30      056    (0)    1 :  0.162 0.003 0.352 0.002 0.009 0.042 0.009 0.397 0.010 0.006 0.009 
 31      057    (0)    1 :  0.474 0.003 0.398 0.006 0.021 0.010 0.026 0.007 0.016 0.005 0.035 
 32      058    (0)    1 :  0.290 0.004 0.507 0.044 0.024 0.029 0.020 0.037 0.023 0.012 0.011 
 33      059    (0)    1 :  0.243 0.003 0.340 0.007 0.042 0.015 0.023 0.238 0.036 0.036 0.017 
 34      060    (0)    1 :  0.355 0.002 0.600 0.003 0.005 0.006 0.006 0.005 0.006 0.008 0.005 
 35      350    (0)    1 :  0.362 0.006 0.603 0.003 0.003 0.006 0.004 0.002 0.004 0.003 0.004 
 36      351    (0)    1 :  0.550 0.002 0.318 0.002 0.011 0.008 0.012 0.053 0.010 0.021 0.013 
 37      354    (0)    1 :  0.268 0.002 0.476 0.005 0.006 0.003 0.006 0.217 0.006 0.008 0.004 
 38      374    (0)    1 :  0.200 0.002 0.397 0.013 0.061 0.025 0.100 0.090 0.056 0.010 0.047 
 39      378    (0)    1 :  0.366 0.001 0.508 0.004 0.014 0.031 0.016 0.010 0.016 0.008 0.025 
 40      381    (0)    1 :  0.351 0.002 0.563 0.003 0.010 0.004 0.006 0.040 0.009 0.007 0.005 
 41      382    (0)    1 :  0.330 0.005 0.596 0.008 0.012 0.004 0.008 0.014 0.010 0.007 0.006 
 42      384    (0)    1 :  0.364 0.002 0.601 0.002 0.005 0.004 0.005 0.004 0.005 0.004 0.004 
 43      555    (0)    1 :  0.400 0.008 0.493 0.014 0.015 0.004 0.019 0.018 0.012 0.008 0.009 
 44      671    (0)    1 :  0.238 0.005 0.430 0.037 0.053 0.071 0.044 0.011 0.058 0.010 0.043 
 45      672    (0)    1 :  0.311 0.003 0.550 0.008 0.008 0.055 0.010 0.023 0.007 0.013 0.010 
 46      705    (0)    1 :  0.360 0.002 0.590 0.014 0.003 0.007 0.003 0.009 0.003 0.004 0.004 
 47      706    (0)    1 :  0.399 0.001 0.545 0.003 0.010 0.004 0.008 0.011 0.008 0.008 0.004 
 48      707    (0)    1 :  0.365 0.004 0.591 0.004 0.007 0.005 0.005 0.006 0.007 0.003 0.005 
 49      708    (0)    1 :  0.761 0.020 0.076 0.004 0.025 0.005 0.037 0.005 0.029 0.013 0.023 
 50      758    (0)    1 :  0.339 0.004 0.515 0.005 0.019 0.015 0.024 0.032 0.018 0.014 0.015 
 51      759    (0)    1 :  0.374 0.002 0.485 0.007 0.008 0.046 0.009 0.026 0.008 0.024 0.009 
 52      760    (0)    1 :  0.422 0.002 0.477 0.002 0.006 0.019 0.007 0.032 0.008 0.012 0.013 
 53      761    (0)    1 :  0.531 0.003 0.356 0.005 0.010 0.005 0.006 0.039 0.009 0.030 0.006 
 54      762    (0)    1 :  0.347 0.002 0.598 0.007 0.005 0.005 0.006 0.010 0.006 0.009 0.006 
 55      763    (0)    1 :  0.357 0.001 0.602 0.004 0.006 0.006 0.005 0.003 0.006 0.005 0.005 
 56      764    (0)    1 :  0.366 0.003 0.596 0.004 0.003 0.003 0.003 0.012 0.003 0.003 0.003 
 57      765    (0)    1 :  0.553 0.002 0.263 0.004 0.025 0.008 0.035 0.053 0.021 0.018 0.018 
 58      766    (0)    1 :  0.404 0.001 0.533 0.003 0.003 0.003 0.003 0.044 0.003 0.002 0.002 
 59      767    (0)    1 :  0.379 0.007 0.504 0.037 0.007 0.005 0.007 0.032 0.006 0.010 0.007 
 60      768    (0)    1 :  0.411 0.002 0.524 0.003 0.005 0.003 0.005 0.032 0.005 0.006 0.004 
 61      769    (0)    1 :  0.512 0.001 0.319 0.002 0.041 0.008 0.043 0.020 0.029 0.013 0.009 
 62      770    (0)    1 :  0.791 0.003 0.035 0.002 0.025 0.007 0.024 0.012 0.024 0.042 0.035 
 63      771    (0)    1 :  0.386 0.003 0.525 0.005 0.017 0.007 0.015 0.008 0.018 0.010 0.006 
 64      772    (0)    1 :  0.191 0.002 0.322 0.004 0.092 0.133 0.098 0.011 0.094 0.011 0.044 
 65      773    (0)    1 :  0.351 0.002 0.600 0.012 0.007 0.003 0.004 0.005 0.006 0.006 0.004 
 66      774    (0)    1 :  0.237 0.003 0.521 0.003 0.017 0.007 0.016 0.107 0.018 0.054 0.016 
 67      775    (0)    1 :  0.409 0.002 0.547 0.004 0.004 0.009 0.004 0.010 0.004 0.003 0.004 
 68      776    (0)    1 :  0.347 0.002 0.608 0.003 0.004 0.008 0.005 0.007 0.005 0.006 0.004 
 69      777    (0)    1 :  0.883 0.003 0.024 0.005 0.004 0.003 0.005 0.057 0.004 0.005 0.006 
 70      778    (0)    1 :  0.362 0.002 0.605 0.006 0.003 0.006 0.003 0.004 0.003 0.003 0.004 
 71      779    (0)    1 :  0.452 0.008 0.472 0.005 0.006 0.005 0.006 0.025 0.006 0.010 0.006 
 72      780    (0)    1 :  0.347 0.002 0.569 0.002 0.007 0.005 0.013 0.039 0.008 0.003 0.006 
 73      781    (0)    1 :  0.366 0.001 0.577 0.004 0.009 0.010 0.009 0.005 0.009 0.005 0.006 
 74      782    (0)    1 :  0.586 0.002 0.329 0.009 0.010 0.014 0.009 0.020 0.010 0.005 0.006 
 75      783    (0)    1 :  0.866 0.002 0.079 0.003 0.006 0.006 0.005 0.007 0.007 0.015 0.004 
 76      784    (0)    1 :  0.695 0.003 0.202 0.007 0.013 0.008 0.018 0.013 0.013 0.004 0.025 
 77      785    (0)    1 :  0.650 0.001 0.298 0.005 0.005 0.004 0.007 0.018 0.005 0.002 0.003 
 78      786    (0)    1 :  0.369 0.001 0.590 0.003 0.005 0.003 0.004 0.012 0.005 0.004 0.003 
 79      787    (0)    1 :  0.048 0.001 0.012 0.003 0.010 0.003 0.006 0.892 0.009 0.010 0.005 
 80      793    (0)   10 :  0.006 0.006 0.049 0.003 0.088 0.014 0.095 0.005 0.132 0.198 0.405 
 81      794    (0)   10 :  0.039 0.007 0.116 0.003 0.180 0.011 0.311 0.041 0.158 0.009 0.125 
 82      828    (0)   10 :  0.003 0.005 0.015 0.003 0.041 0.025 0.132 0.006 0.024 0.042 0.704 
 83      829    (4)   10 :  0.019 0.001 0.077 0.003 0.182 0.014 0.211 0.007 0.194 0.034 0.256 
 84      830    (0)   10 :  0.009 0.004 0.066 0.020 0.153 0.064 0.141 0.013 0.148 0.023 0.358 
 85      831    (2)   10 :  0.009 0.010 0.012 0.010 0.011 0.021 0.020 0.003 0.095 0.008 0.801 
 86      832    (0)   10 :  0.010 0.005 0.063 0.003 0.121 0.491 0.118 0.020 0.107 0.021 0.041 
 87      833    (2)   10 :  0.007 0.006 0.025 0.003 0.027 0.005 0.064 0.014 0.065 0.040 0.744 
 88      835    (0)   10 :  0.008 0.045 0.027 0.139 0.330 0.019 0.064 0.005 0.313 0.014 0.034 
 89      870    (0)   10 :  0.006 0.002 0.070 0.006 0.178 0.045 0.135 0.004 0.202 0.049 0.303 
 90      871    (0)   10 :  0.009 0.002 0.011 0.003 0.031 0.010 0.123 0.004 0.013 0.008 0.787 
 91      451    (0)   11 :  0.060 0.008 0.144 0.003 0.147 0.005 0.222 0.004 0.118 0.007 0.281 
 92      452    (4)   11 :  0.015 0.002 0.014 0.005 0.005 0.928 0.008 0.003 0.006 0.004 0.008 
 93      453    (4)   11 :  0.004 0.002 0.007 0.006 0.007 0.936 0.008 0.003 0.009 0.005 0.013 
 94      454    (2)   11 :  0.009 0.008 0.027 0.010 0.046 0.029 0.143 0.005 0.033 0.019 0.672 
 95      455    (4)   11 :  0.012 0.002 0.026 0.014 0.032 0.040 0.129 0.006 0.027 0.011 0.702 
 96      795    (0)   11 :  0.005 0.001 0.008 0.005 0.009 0.920 0.010 0.009 0.009 0.012 0.011 
 97      796    (0)   11 :  0.011 0.003 0.112 0.003 0.152 0.021 0.218 0.005 0.128 0.003 0.345 
 98      802    (0)   11 :  0.019 0.001 0.036 0.003 0.014 0.856 0.017 0.022 0.015 0.004 0.015 
 99      804    (0)   11 :  0.026 0.002 0.065 0.006 0.129 0.149 0.204 0.013 0.095 0.018 0.293 
100      805    (0)   11 :  0.057 0.002 0.126 0.011 0.064 0.012 0.165 0.009 0.040 0.017 0.499 
101      851    (0)   11 :  0.003 0.009 0.003 0.003 0.007 0.949 0.004 0.003 0.007 0.005 0.006 
102      852    (0)   11 :  0.005 0.002 0.008 0.004 0.006 0.919 0.011 0.022 0.005 0.007 0.013 
103      854    (0)   11 :  0.004 0.002 0.101 0.008 0.146 0.018 0.394 0.110 0.166 0.010 0.041 
104      858    (0)   11 :  0.042 0.002 0.062 0.007 0.083 0.016 0.177 0.033 0.040 0.006 0.534 
105      859    (0)   11 :  0.206 0.002 0.347 0.011 0.066 0.024 0.133 0.023 0.061 0.047 0.080 
106      860    (0)   11 :  0.035 0.048 0.054 0.005 0.065 0.016 0.170 0.035 0.038 0.007 0.526 
107      862    (0)   11 :  0.011 0.001 0.014 0.007 0.007 0.929 0.006 0.006 0.007 0.005 0.006 
108      863    (0)   11 :  0.036 0.001 0.010 0.003 0.008 0.903 0.008 0.006 0.008 0.006 0.012 
109      450    (0)   12 :  0.022 0.004 0.088 0.019 0.212 0.016 0.301 0.006 0.181 0.011 0.141 
110      791    (0)   12 :  0.007 0.003 0.139 0.007 0.151 0.032 0.405 0.004 0.186 0.010 0.058 
111      792    (0)   12 :  0.005 0.180 0.103 0.018 0.166 0.004 0.322 0.008 0.120 0.013 0.060 
112      803    (0)   12 :  0.003 0.310 0.037 0.011 0.161 0.009 0.092 0.002 0.158 0.036 0.184 
113      806    (0)   12 :  0.004 0.007 0.134 0.006 0.198 0.006 0.401 0.003 0.180 0.046 0.015 
114      807    (0)   12 :  0.004 0.002 0.137 0.007 0.168 0.008 0.432 0.008 0.214 0.005 0.015 
115      808    (0)   12 :  0.013 0.003 0.027 0.003 0.049 0.007 0.140 0.013 0.043 0.019 0.684 
116      809    (0)   12 :  0.010 0.041 0.069 0.010 0.151 0.097 0.150 0.010 0.129 0.289 0.046 
117      810    (0)   12 :  0.009 0.048 0.129 0.027 0.173 0.009 0.359 0.037 0.153 0.009 0.047 
118      811    (0)   12 :  0.004 0.006 0.159 0.005 0.191 0.005 0.411 0.004 0.177 0.006 0.032 
119      812    (0)   12 :  0.005 0.004 0.116 0.017 0.204 0.015 0.300 0.003 0.197 0.072 0.067 
120      813    (0)   12 :  0.010 0.003 0.065 0.004 0.100 0.075 0.153 0.013 0.122 0.024 0.431 
121      814    (0)   12 :  0.013 0.006 0.037 0.007 0.038 0.012 0.069 0.026 0.092 0.011 0.690 
122      834    (0)   12 :  0.012 0.004 0.140 0.002 0.167 0.006 0.434 0.008 0.193 0.005 0.030 
123      844    (0)   12 :  0.253 0.003 0.292 0.004 0.062 0.044 0.108 0.011 0.068 0.008 0.146 
124      850    (0)   12 :  0.003 0.013 0.012 0.006 0.037 0.021 0.132 0.002 0.019 0.016 0.740 
125      856    (0)   12 :  0.003 0.005 0.057 0.014 0.134 0.018 0.317 0.003 0.110 0.007 0.333 
126      857    (0)   12 :  0.002 0.015 0.111 0.013 0.174 0.016 0.391 0.006 0.180 0.008 0.081 
127      861    (0)   12 :  0.017 0.004 0.074 0.016 0.085 0.024 0.098 0.003 0.105 0.025 0.549 
128      864    (0)   12 :  0.008 0.007 0.123 0.017 0.189 0.008 0.355 0.143 0.130 0.004 0.017 
129      865    (0)   12 :  0.404 0.007 0.086 0.010 0.084 0.009 0.077 0.043 0.088 0.018 0.174 
130      866    (0)   12 :  0.008 0.009 0.132 0.003 0.212 0.056 0.219 0.003 0.156 0.092 0.111 
131      867    (0)   12 :  0.014 0.015 0.132 0.024 0.171 0.007 0.390 0.032 0.183 0.021 0.011 
132      868    (0)   12 :  0.008 0.038 0.008 0.004 0.010 0.007 0.013 0.004 0.099 0.005 0.803 
133      869    (0)   12 :  0.006 0.069 0.131 0.007 0.141 0.004 0.420 0.011 0.178 0.005 0.027 
134      004    (0)   13 :  0.064 0.002 0.085 0.050 0.101 0.394 0.087 0.005 0.086 0.008 0.118 
135      008    (0)   13 :  0.119 0.002 0.102 0.026 0.132 0.051 0.181 0.007 0.114 0.035 0.231 
136      013    (0)   13 :  0.037 0.005 0.153 0.010 0.194 0.078 0.270 0.017 0.145 0.009 0.082 
137      109    (0)   13 :  0.017 0.002 0.153 0.011 0.240 0.005 0.317 0.004 0.197 0.002 0.051 
138      348    (0)   13 :  0.003 0.001 0.005 0.004 0.006 0.951 0.008 0.004 0.006 0.004 0.007 
139      115    (0)    2 :  0.402 0.001 0.561 0.002 0.006 0.006 0.005 0.004 0.005 0.005 0.004 
140      116    (0)    2 :  0.172 0.002 0.351 0.003 0.006 0.006 0.005 0.431 0.006 0.012 0.004 
141      117    (0)    2 :  0.027 0.001 0.027 0.003 0.010 0.009 0.014 0.882 0.011 0.006 0.009 
142      118    (0)    2 :  0.012 0.002 0.032 0.152 0.010 0.028 0.009 0.733 0.010 0.006 0.007 
143      119    (0)    2 :  0.004 0.004 0.004 0.003 0.004 0.003 0.003 0.965 0.003 0.005 0.003 
144      389    (0)    2 :  0.387 0.002 0.584 0.002 0.003 0.004 0.003 0.006 0.003 0.003 0.004 
145      548    (0)    2 :  0.006 0.002 0.006 0.004 0.003 0.003 0.003 0.964 0.003 0.003 0.003 
146      549    (0)    2 :  0.325 0.002 0.566 0.003 0.010 0.024 0.007 0.032 0.009 0.016 0.007 
147      550    (0)    2 :  0.053 0.005 0.055 0.008 0.038 0.018 0.029 0.708 0.041 0.025 0.021 
148      551    (0)    2 :  0.006 0.003 0.008 0.002 0.004 0.002 0.003 0.963 0.003 0.004 0.002 
149      552    (0)    2 :  0.165 0.003 0.435 0.003 0.044 0.082 0.018 0.172 0.042 0.013 0.023 
150      553    (0)    2 :  0.327 0.003 0.571 0.006 0.011 0.019 0.007 0.029 0.009 0.011 0.008 
151      009    (0)    3 :  0.854 0.003 0.113 0.002 0.003 0.003 0.003 0.008 0.003 0.004 0.003 
152      042    (0)    3 :  0.592 0.001 0.280 0.010 0.014 0.026 0.018 0.009 0.013 0.017 0.021 
153      044    (0)    3 :  0.866 0.002 0.033 0.003 0.014 0.008 0.012 0.005 0.015 0.021 0.021 
154      086    (0)    3 :  0.422 0.002 0.546 0.002 0.004 0.006 0.003 0.003 0.004 0.005 0.004 
155      087    (0)    3 :  0.954 0.002 0.007 0.002 0.005 0.006 0.007 0.003 0.005 0.004 0.005 
156      093    (0)    3 :  0.864 0.002 0.097 0.003 0.004 0.003 0.004 0.013 0.003 0.002 0.004 
157      095    (0)    3 :  0.696 0.005 0.113 0.011 0.025 0.007 0.025 0.015 0.026 0.064 0.014 
158      096    (0)    3 :  0.883 0.006 0.014 0.038 0.008 0.006 0.012 0.005 0.009 0.010 0.008 
159      097    (0)    3 :  0.877 0.002 0.076 0.003 0.006 0.006 0.005 0.007 0.006 0.008 0.005 
160      101    (0)    3 :  0.952 0.002 0.012 0.002 0.005 0.002 0.004 0.008 0.004 0.005 0.004 
161      183    (0)    3 :  0.967 0.002 0.006 0.003 0.003 0.005 0.003 0.003 0.003 0.003 0.003 
162      200    (0)    3 :  0.962 0.005 0.005 0.002 0.003 0.003 0.005 0.002 0.004 0.002 0.005 
163      210    (0)    3 :  0.949 0.003 0.012 0.002 0.004 0.006 0.004 0.006 0.004 0.003 0.007 
164      219    (0)    3 :  0.949 0.005 0.006 0.003 0.006 0.007 0.006 0.003 0.005 0.004 0.006 
165      230    (0)    3 :  0.948 0.002 0.013 0.003 0.005 0.006 0.004 0.006 0.005 0.005 0.004 
166      241    (0)    3 :  0.836 0.003 0.022 0.010 0.016 0.033 0.025 0.007 0.018 0.013 0.016 
167      307    (0)    3 :  0.456 0.003 0.473 0.003 0.007 0.015 0.006 0.008 0.007 0.011 0.010 
168      318    (0)    3 :  0.786 0.002 0.095 0.003 0.009 0.051 0.009 0.006 0.010 0.018 0.012 
169      323    (0)    3 :  0.953 0.002 0.011 0.003 0.005 0.004 0.006 0.004 0.005 0.003 0.004 
170      324    (0)    3 :  0.579 0.002 0.379 0.002 0.006 0.005 0.006 0.008 0.005 0.004 0.004 
171      325    (0)    3 :  0.624 0.002 0.337 0.003 0.005 0.004 0.006 0.004 0.005 0.004 0.005 
172      326    (0)    3 :  0.735 0.001 0.155 0.004 0.020 0.017 0.006 0.006 0.019 0.032 0.006 
173      338    (0)    3 :  0.933 0.002 0.010 0.003 0.008 0.006 0.010 0.012 0.008 0.003 0.005 
174      343    (0)    3 :  0.952 0.008 0.006 0.003 0.004 0.005 0.005 0.006 0.005 0.004 0.003 
175      379    (0)    3 :  0.926 0.001 0.026 0.003 0.005 0.008 0.009 0.008 0.006 0.002 0.006 
176      383    (0)    3 :  0.538 0.002 0.422 0.002 0.004 0.005 0.004 0.009 0.004 0.004 0.007 
177      385    (0)    3 :  0.951 0.001 0.007 0.004 0.004 0.006 0.006 0.006 0.005 0.003 0.007 
178      386    (0)    3 :  0.948 0.001 0.008 0.005 0.005 0.006 0.009 0.004 0.006 0.003 0.005 
179      387    (0)    3 :  0.903 0.027 0.009 0.015 0.006 0.003 0.006 0.015 0.007 0.003 0.005 
180      554    (0)    3 :  0.386 0.002 0.576 0.006 0.004 0.006 0.003 0.006 0.004 0.004 0.003 
181      877    (0)    3 :  0.281 0.002 0.427 0.003 0.004 0.004 0.004 0.262 0.004 0.005 0.004 
182      878    (0)    3 :  0.084 0.004 0.124 0.003 0.011 0.012 0.011 0.704 0.011 0.024 0.013 
183      880    (0)    3 :  0.008 0.001 0.018 0.003 0.008 0.030 0.007 0.900 0.007 0.013 0.005 
184      122    (0)    4 :  0.012 0.001 0.017 0.008 0.312 0.165 0.030 0.009 0.297 0.045 0.104 
185      123    (0)    4 :  0.003 0.006 0.009 0.003 0.192 0.009 0.021 0.003 0.174 0.571 0.010 
186      124    (0)    4 :  0.012 0.012 0.011 0.019 0.136 0.007 0.009 0.005 0.120 0.662 0.006 
187      125    (0)    4 :  0.003 0.002 0.004 0.002 0.005 0.004 0.005 0.005 0.005 0.961 0.004 
188      126    (0)    4 :  0.005 0.001 0.006 0.001 0.380 0.246 0.005 0.003 0.337 0.012 0.005 
189      128    (0)    4 :  0.004 0.003 0.014 0.017 0.105 0.013 0.027 0.003 0.092 0.689 0.033 
190      129    (0)    4 :  0.018 0.002 0.016 0.072 0.022 0.031 0.026 0.009 0.024 0.762 0.019 
191      130    (0)    4 :  0.012 0.002 0.020 0.005 0.330 0.022 0.011 0.011 0.305 0.273 0.010 
192      131    (0)    4 :  0.004 0.002 0.005 0.002 0.414 0.005 0.006 0.005 0.374 0.178 0.005 
193      132    (0)    4 :  0.010 0.006 0.010 0.008 0.396 0.005 0.004 0.025 0.361 0.170 0.005 
194      133    (0)    4 :  0.015 0.001 0.025 0.047 0.312 0.187 0.030 0.024 0.287 0.044 0.028 
195      134    (0)    4 :  0.004 0.017 0.007 0.004 0.454 0.007 0.011 0.006 0.418 0.060 0.012 
196      135    (0)    4 :  0.004 0.002 0.016 0.005 0.045 0.013 0.039 0.014 0.040 0.758 0.064 
197      136    (0)    4 :  0.002 0.008 0.008 0.007 0.014 0.007 0.018 0.006 0.013 0.882 0.034 
198      139    (0)    4 :  0.008 0.003 0.008 0.010 0.426 0.011 0.012 0.005 0.393 0.117 0.007 
199      140    (0)    4 :  0.011 0.002 0.033 0.018 0.082 0.015 0.072 0.011 0.073 0.671 0.011 
200      141    (0)    4 :  0.012 0.005 0.024 0.005 0.166 0.013 0.040 0.011 0.152 0.549 0.023 
201      142    (0)    4 :  0.025 0.002 0.012 0.005 0.037 0.004 0.008 0.014 0.040 0.847 0.005 
202      143    (0)    4 :  0.035 0.009 0.027 0.018 0.043 0.013 0.015 0.015 0.033 0.786 0.006 
203      144    (0)    4 :  0.005 0.003 0.008 0.005 0.438 0.011 0.012 0.004 0.388 0.117 0.009 
204      145    (0)    4 :  0.003 0.037 0.010 0.004 0.331 0.007 0.018 0.004 0.288 0.287 0.011 
205      148    (0)    4 :  0.007 0.002 0.022 0.003 0.027 0.009 0.044 0.005 0.025 0.825 0.031 
206      556    (0)    4 :  0.009 0.002 0.015 0.005 0.270 0.013 0.015 0.021 0.241 0.399 0.008 
207      557    (0)    4 :  0.006 0.026 0.007 0.003 0.017 0.006 0.008 0.010 0.017 0.895 0.007 
208      558    (0)    4 :  0.003 0.010 0.006 0.006 0.194 0.010 0.011 0.006 0.166 0.574 0.013 
209      559    (0)    4 :  0.006 0.002 0.010 0.013 0.029 0.023 0.013 0.006 0.024 0.863 0.012 
210      560    (0)    4 :  0.009 0.002 0.012 0.003 0.011 0.006 0.014 0.004 0.012 0.908 0.020 
211      561    (0)    4 :  0.006 0.001 0.005 0.004 0.006 0.003 0.003 0.010 0.007 0.951 0.003 
212      562    (0)    4 :  0.005 0.005 0.013 0.006 0.275 0.016 0.028 0.029 0.264 0.311 0.048 
213      563    (0)    4 :  0.003 0.010 0.060 0.008 0.101 0.022 0.164 0.008 0.107 0.476 0.041 
214      564    (0)    4 :  0.025 0.002 0.034 0.013 0.256 0.020 0.054 0.137 0.228 0.189 0.041 
215      565    (0)    4 :  0.003 0.002 0.004 0.004 0.011 0.004 0.004 0.004 0.009 0.953 0.003 
216      566    (0)    4 :  0.008 0.002 0.027 0.002 0.120 0.021 0.059 0.047 0.118 0.576 0.018 
217      567    (0)    4 :  0.003 0.003 0.006 0.004 0.008 0.004 0.009 0.004 0.007 0.947 0.006 
218      568    (0)    4 :  0.004 0.002 0.011 0.018 0.036 0.006 0.016 0.016 0.037 0.841 0.011 
219      569    (0)    4 :  0.004 0.014 0.005 0.004 0.051 0.006 0.009 0.013 0.048 0.836 0.009 
220      570    (0)    4 :  0.010 0.001 0.006 0.002 0.008 0.004 0.004 0.004 0.008 0.948 0.004 
221      613    (0)    4 :  0.005 0.002 0.005 0.004 0.006 0.005 0.004 0.005 0.006 0.953 0.005 
222      614    (0)    4 :  0.003 0.002 0.008 0.002 0.016 0.012 0.018 0.022 0.016 0.879 0.022 
223      615    (0)    4 :  0.021 0.005 0.012 0.003 0.010 0.032 0.013 0.055 0.010 0.825 0.013 
224      616    (0)    4 :  0.007 0.001 0.010 0.040 0.023 0.007 0.010 0.009 0.023 0.863 0.007 
225      617    (0)    4 :  0.019 0.004 0.027 0.004 0.078 0.010 0.043 0.027 0.076 0.698 0.015 
226      618    (0)    4 :  0.013 0.003 0.016 0.017 0.013 0.018 0.017 0.008 0.013 0.845 0.038 
227      619    (0)    4 :  0.001 0.154 0.115 0.003 0.126 0.006 0.414 0.002 0.147 0.009 0.023 
228      620    (0)    4 :  0.006 0.004 0.007 0.003 0.009 0.013 0.008 0.021 0.008 0.913 0.008 
229      621    (0)    4 :  0.014 0.001 0.015 0.003 0.045 0.070 0.011 0.019 0.030 0.784 0.006 
230      622    (0)    4 :  0.004 0.003 0.005 0.005 0.008 0.002 0.005 0.009 0.008 0.947 0.005 
231      623    (0)    4 :  0.005 0.002 0.004 0.002 0.004 0.005 0.004 0.004 0.004 0.961 0.004 
232      624    (0)    4 :  0.013 0.004 0.020 0.006 0.306 0.032 0.029 0.015 0.288 0.269 0.019 
233      625    (0)    4 :  0.007 0.002 0.012 0.003 0.324 0.252 0.011 0.022 0.289 0.071 0.008 
234      626    (0)    4 :  0.007 0.003 0.007 0.008 0.376 0.007 0.013 0.005 0.336 0.232 0.005 
235      627    (0)    4 :  0.014 0.004 0.039 0.012 0.133 0.019 0.045 0.005 0.122 0.589 0.019 
236      628    (0)    4 :  0.004 0.005 0.007 0.004 0.107 0.004 0.008 0.004 0.091 0.757 0.008 
237      629    (0)    4 :  0.004 0.002 0.008 0.013 0.075 0.012 0.011 0.014 0.069 0.780 0.012 
238      630    (0)    4 :  0.003 0.003 0.003 0.002 0.003 0.003 0.003 0.003 0.003 0.971 0.004 
239      631    (0)    4 :  0.004 0.005 0.005 0.035 0.270 0.004 0.006 0.003 0.246 0.417 0.005 
240      632    (0)    4 :  0.018 0.005 0.026 0.016 0.051 0.084 0.027 0.011 0.042 0.701 0.018 
241      633    (0)    4 :  0.009 0.009 0.028 0.013 0.082 0.013 0.069 0.010 0.085 0.598 0.084 
242      634    (0)    4 :  0.003 0.012 0.006 0.006 0.010 0.010 0.009 0.027 0.010 0.899 0.007 
243      635    (0)    4 :  0.003 0.003 0.005 0.003 0.021 0.012 0.007 0.007 0.019 0.914 0.006 
244      636    (0)    4 :  0.006 0.003 0.006 0.003 0.005 0.004 0.004 0.006 0.005 0.954 0.005 
245      637    (0)    4 :  0.007 0.001 0.012 0.004 0.446 0.006 0.034 0.034 0.408 0.011 0.036 
246      638    (0)    4 :  0.020 0.002 0.009 0.015 0.017 0.010 0.015 0.021 0.012 0.864 0.015 
247      639    (0)    4 :  0.006 0.002 0.034 0.009 0.417 0.020 0.064 0.011 0.392 0.033 0.011 
248      640    (0)    4 :  0.010 0.001 0.015 0.006 0.247 0.007 0.011 0.055 0.220 0.417 0.010 
249      689    (0)    4 :  0.008 0.001 0.006 0.003 0.011 0.010 0.006 0.005 0.011 0.933 0.006 
250      690    (0)    4 :  0.008 0.020 0.010 0.006 0.048 0.008 0.014 0.008 0.041 0.825 0.012 
251      691    (0)    4 :  0.018 0.002 0.029 0.002 0.013 0.023 0.008 0.003 0.012 0.877 0.013 
252      692    (0)    4 :  0.003 0.008 0.010 0.006 0.024 0.042 0.025 0.006 0.035 0.721 0.118 
253      693    (0)    4 :  0.003 0.002 0.005 0.003 0.009 0.006 0.006 0.002 0.008 0.949 0.006 
254      694    (0)    4 :  0.003 0.003 0.003 0.008 0.007 0.003 0.004 0.003 0.006 0.957 0.003 
255      695    (0)    4 :  0.007 0.001 0.007 0.003 0.067 0.003 0.004 0.008 0.064 0.832 0.004 
256      696    (0)    4 :  0.004 0.003 0.005 0.002 0.009 0.003 0.004 0.004 0.009 0.953 0.004 
257      697    (0)    4 :  0.006 0.002 0.008 0.008 0.015 0.008 0.005 0.013 0.014 0.917 0.004 
258      698    (0)    4 :  0.004 0.003 0.011 0.002 0.021 0.015 0.021 0.009 0.025 0.853 0.037 
259      699    (0)    4 :  0.005 0.001 0.004 0.003 0.017 0.004 0.005 0.007 0.016 0.933 0.005 
260      700    (0)    4 :  0.009 0.003 0.005 0.004 0.476 0.005 0.005 0.004 0.432 0.053 0.005 
261      701    (2)    4 :  0.007 0.004 0.018 0.006 0.100 0.032 0.032 0.008 0.095 0.677 0.021 
262      702    (0)    4 :  0.019 0.005 0.052 0.002 0.011 0.016 0.010 0.005 0.014 0.851 0.016 
263      703    (0)    4 :  0.005 0.003 0.004 0.002 0.016 0.019 0.006 0.004 0.015 0.920 0.005 
264      704    (0)    4 :  0.005 0.001 0.009 0.013 0.014 0.005 0.011 0.006 0.014 0.909 0.010 
265      390    (0)    5 :  0.376 0.020 0.569 0.003 0.006 0.005 0.004 0.006 0.005 0.002 0.003 
266      391    (0)    5 :  0.867 0.009 0.038 0.004 0.021 0.007 0.009 0.011 0.023 0.005 0.005 
267      392    (0)    5 :  0.365 0.046 0.167 0.028 0.102 0.010 0.057 0.005 0.096 0.026 0.096 
268      393    (0)    5 :  0.381 0.004 0.558 0.002 0.008 0.007 0.009 0.007 0.008 0.004 0.012 
269      394    (0)    5 :  0.315 0.004 0.580 0.004 0.016 0.015 0.018 0.013 0.018 0.006 0.011 
270      647    (0)    5 :  0.336 0.003 0.571 0.003 0.008 0.038 0.007 0.005 0.008 0.011 0.010 
271      648    (0)    5 :  0.363 0.002 0.566 0.004 0.007 0.009 0.005 0.026 0.007 0.006 0.006 
272      007    (0)    6 :  0.005 0.007 0.007 0.934 0.011 0.004 0.007 0.003 0.010 0.007 0.005 
273      012    (0)    6 :  0.008 0.005 0.014 0.843 0.029 0.029 0.025 0.007 0.025 0.007 0.009 
274      020    (0)    6 :  0.010 0.002 0.055 0.569 0.069 0.009 0.130 0.062 0.068 0.005 0.021 
275      021    (0)    6 :  0.002 0.001 0.002 0.976 0.003 0.004 0.002 0.002 0.003 0.002 0.002 
276      022    (0)    6 :  0.005 0.018 0.010 0.826 0.015 0.068 0.018 0.004 0.014 0.004 0.018 
277      034    (0)    6 :  0.008 0.005 0.008 0.892 0.027 0.006 0.008 0.010 0.025 0.007 0.005 
278      049    (0)    6 :  0.002 0.002 0.003 0.976 0.002 0.002 0.003 0.003 0.002 0.003 0.002 
279      062    (0)    6 :  0.002 0.001 0.002 0.981 0.002 0.002 0.002 0.002 0.002 0.002 0.002 
280      089    (0)    6 :  0.002 0.001 0.002 0.981 0.002 0.002 0.002 0.002 0.002 0.002 0.002 
281      092    (0)    6 :  0.002 0.001 0.002 0.984 0.002 0.002 0.002 0.001 0.002 0.002 0.002 
282      100    (0)    6 :  0.008 0.002 0.006 0.951 0.006 0.005 0.004 0.006 0.005 0.005 0.003 
283      105    (0)    6 :  0.011 0.001 0.006 0.934 0.007 0.003 0.009 0.013 0.006 0.004 0.007 
284      205    (0)    6 :  0.005 0.005 0.006 0.917 0.009 0.009 0.012 0.005 0.009 0.007 0.016 
285      206    (0)    6 :  0.046 0.003 0.064 0.635 0.020 0.065 0.033 0.006 0.023 0.017 0.088 
286      207    (0)    6 :  0.005 0.002 0.008 0.943 0.007 0.006 0.007 0.003 0.007 0.004 0.007 
287      208    (0)    6 :  0.013 0.003 0.014 0.872 0.016 0.017 0.019 0.013 0.016 0.005 0.013 
288      209    (0)    6 :  0.003 0.002 0.026 0.693 0.040 0.019 0.073 0.006 0.030 0.003 0.104 
289      377    (0)    6 :  0.003 0.002 0.003 0.962 0.003 0.006 0.003 0.005 0.003 0.006 0.003 
290      881    (0)    6 :  0.003 0.002 0.003 0.975 0.002 0.003 0.002 0.002 0.002 0.003 0.002 
291      003    (0)    7 :  0.002 0.938 0.003 0.018 0.007 0.007 0.005 0.004 0.006 0.003 0.007 
292      108    (0)    7 :  0.001 0.984 0.001 0.002 0.002 0.001 0.002 0.001 0.002 0.002 0.002 
293      194    (0)    7 :  0.014 0.913 0.008 0.014 0.008 0.006 0.008 0.006 0.008 0.005 0.010 
294      232    (0)    7 :  0.002 0.968 0.003 0.003 0.003 0.003 0.004 0.003 0.003 0.003 0.003 
295      321    (0)    7 :  0.002 0.978 0.002 0.002 0.002 0.002 0.002 0.002 0.002 0.002 0.002 
296      322    (0)    7 :  0.002 0.982 0.002 0.004 0.002 0.001 0.002 0.002 0.002 0.002 0.001 
297      329    (0)    7 :  0.002 0.983 0.002 0.001 0.002 0.002 0.002 0.001 0.002 0.002 0.002 
298      330    (0)    7 :  0.001 0.980 0.002 0.003 0.002 0.002 0.002 0.001 0.002 0.002 0.003 
299      342    (0)    7 :  0.004 0.920 0.009 0.002 0.011 0.003 0.017 0.003 0.012 0.006 0.012 
300      347    (0)    7 :  0.006 0.882 0.005 0.054 0.008 0.008 0.008 0.007 0.008 0.008 0.006 
301      801    (0)    8 :  0.005 0.005 0.107 0.024 0.197 0.022 0.251 0.006 0.152 0.076 0.154 
302      815    (0)    8 :  0.004 0.004 0.093 0.042 0.108 0.010 0.261 0.004 0.114 0.033 0.326 
303      816    (0)    8 :  0.026 0.002 0.055 0.006 0.084 0.545 0.051 0.017 0.085 0.020 0.110 
304      817    (0)    8 :  0.005 0.012 0.142 0.006 0.172 0.007 0.395 0.003 0.220 0.005 0.034 
305      818    (0)    8 :  0.007 0.002 0.100 0.003 0.197 0.015 0.356 0.016 0.176 0.033 0.096 
306      819    (0)    8 :  0.005 0.007 0.048 0.006 0.066 0.132 0.128 0.003 0.059 0.007 0.540 
307      820    (2)    8 :  0.006 0.001 0.135 0.011 0.214 0.007 0.339 0.050 0.182 0.009 0.046 
308      821    (0)    8 :  0.010 0.002 0.085 0.003 0.155 0.190 0.280 0.025 0.138 0.004 0.108 
309      822    (0)    8 :  0.006 0.247 0.018 0.004 0.024 0.009 0.056 0.004 0.063 0.007 0.562 
310      853    (0)    8 :  0.036 0.010 0.126 0.003 0.209 0.008 0.306 0.006 0.148 0.012 0.135 
311      797    (0)    9 :  0.092 0.002 0.161 0.013 0.212 0.034 0.266 0.005 0.175 0.017 0.022 
312      798    (0)    9 :  0.012 0.001 0.125 0.003 0.221 0.124 0.301 0.006 0.161 0.004 0.041 
313      799    (0)    9 :  0.003 0.003 0.123 0.046 0.160 0.007 0.425 0.006 0.206 0.009 0.011 
314      800    (0)    9 :  0.008 0.005 0.096 0.003 0.156 0.102 0.266 0.008 0.138 0.092 0.126 
315      823    (0)    9 :  0.007 0.012 0.096 0.354 0.113 0.033 0.243 0.015 0.102 0.006 0.020 
316      824    (0)    9 :  0.006 0.004 0.005 0.004 0.005 0.008 0.005 0.003 0.101 0.004 0.856 
317      825    (0)    9 :  0.007 0.004 0.135 0.013 0.257 0.069 0.255 0.003 0.142 0.011 0.104 
318      826    (0)    9 :  0.015 0.033 0.079 0.004 0.214 0.038 0.143 0.018 0.221 0.155 0.080 
319      827    (0)    9 :  0.111 0.002 0.079 0.004 0.055 0.006 0.137 0.006 0.030 0.007 0.564 
320      836    (0)    9 :  0.008 0.001 0.167 0.003 0.257 0.010 0.311 0.008 0.197 0.009 0.029 
321      837    (0)    9 :  0.010 0.044 0.146 0.003 0.157 0.005 0.419 0.022 0.165 0.016 0.013 
322      838    (0)    9 :  0.007 0.002 0.062 0.003 0.112 0.048 0.198 0.024 0.140 0.123 0.281 
323      839    (0)    9 :  0.034 0.004 0.175 0.015 0.155 0.036 0.334 0.006 0.182 0.015 0.044 
324      840    (0)    9 :  0.002 0.002 0.148 0.012 0.241 0.068 0.242 0.002 0.163 0.012 0.108 
325      841    (0)    9 :  0.058 0.003 0.093 0.007 0.172 0.133 0.240 0.010 0.134 0.009 0.140 
326      842    (0)    9 :  0.024 0.002 0.125 0.005 0.196 0.019 0.324 0.042 0.176 0.013 0.075 
327      843    (0)    9 :  0.006 0.002 0.134 0.003 0.177 0.013 0.379 0.006 0.212 0.015 0.053 
328      845    (0)    9 :  0.036 0.002 0.114 0.004 0.225 0.011 0.293 0.014 0.174 0.006 0.121 
329      846    (0)    9 :  0.007 0.005 0.091 0.009 0.145 0.065 0.307 0.175 0.151 0.012 0.033 
330      847    (2)    9 :  0.005 0.193 0.077 0.115 0.147 0.012 0.252 0.002 0.140 0.020 0.037 
331      848    (0)    9 :  0.005 0.010 0.136 0.007 0.163 0.004 0.410 0.017 0.196 0.037 0.016 
332      849    (0)    9 :  0.047 0.032 0.202 0.005 0.135 0.014 0.278 0.080 0.148 0.034 0.024 
333      855    (0)    9 :  0.101 0.007 0.172 0.003 0.125 0.027 0.179 0.071 0.110 0.011 0.195 


Estimated Allele Frequencies in each cluster
First column gives estimated ancestral frequencies


Locus 1 : 1 
4 alleles
0.0% missing data
  89   (0.490) 0.642 0.096 0.526 0.632 0.497 0.624 0.489 0.420 0.496 0.409 0.498 
  91   (0.362) 0.228 0.559 0.388 0.325 0.376 0.204 0.354 0.279 0.379 0.569 0.376 
  93   (0.130) 0.129 0.045 0.078 0.041 0.117 0.167 0.138 0.297 0.113 0.021 0.119 
  99   (0.018) 0.001 0.300 0.007 0.002 0.010 0.005 0.019 0.005 0.011 0.001 0.006 

Locus 2 : 2 
6 alleles
0.0% missing data
 136   (0.395) 0.427 0.064 0.486 0.538 0.379 0.293 0.382 0.753 0.381 0.559 0.372 
 138   (0.234) 0.385 0.892 0.218 0.116 0.211 0.228 0.226 0.127 0.217 0.086 0.256 
 134   (0.259) 0.082 0.030 0.219 0.334 0.320 0.447 0.257 0.102 0.314 0.256 0.232 
 140   (0.065) 0.103 0.008 0.056 0.007 0.046 0.020 0.082 0.011 0.047 0.008 0.110 
 142   (0.028) 0.002 0.004 0.009 0.003 0.024 0.007 0.025 0.005 0.023 0.090 0.021 
 132   (0.019) 0.001 0.003 0.012 0.002 0.019 0.005 0.028 0.002 0.018 0.002 0.009 

Locus 3 : 3 
6 alleles
0.0% missing data
 181   (0.192) 0.087 0.162 0.168 0.068 0.200 0.173 0.185 0.058 0.199 0.331 0.126 
 187   (0.334) 0.489 0.782 0.452 0.479 0.234 0.250 0.336 0.404 0.234 0.198 0.296 
 179   (0.313) 0.302 0.033 0.310 0.032 0.461 0.370 0.293 0.509 0.448 0.416 0.367 
 191   (0.035) 0.113 0.004 0.010 0.215 0.013 0.087 0.022 0.005 0.018 0.003 0.044 
 185   (0.074) 0.005 0.014 0.036 0.196 0.053 0.021 0.097 0.012 0.059 0.020 0.129 
 175   (0.052) 0.003 0.006 0.024 0.009 0.039 0.099 0.068 0.012 0.041 0.032 0.038 

Locus 4 : 4 
12 alleles
0.0% missing data
 253   (0.452) 0.614 0.391 0.623 0.414 0.572 0.564 0.428 0.337 0.552 0.576 0.422 
 241   (0.166) 0.035 0.076 0.105 0.119 0.149 0.064 0.188 0.376 0.149 0.201 0.163 
 269   (0.197) 0.106 0.338 0.131 0.078 0.161 0.319 0.199 0.258 0.170 0.203 0.214 
 249   (0.032) 0.203 0.090 0.049 0.003 0.018 0.009 0.026 0.005 0.016 0.003 0.014 
 271   (0.042) 0.017 0.010 0.043 0.004 0.028 0.012 0.040 0.006 0.041 0.008 0.094 
 265   (0.009) 0.001 0.001 0.003 0.001 0.005 0.002 0.008 0.002 0.005 0.001 0.005 
 247   (0.048) 0.003 0.005 0.028 0.372 0.043 0.016 0.070 0.008 0.044 0.004 0.065 
 273   (0.012) 0.001 0.002 0.005 0.001 0.007 0.003 0.012 0.002 0.007 0.001 0.009 
 245   (0.009) 0.001 0.001 0.003 0.001 0.005 0.002 0.008 0.003 0.005 0.001 0.003 
 235   (0.009) 0.009 0.001 0.002 0.001 0.003 0.002 0.005 0.001 0.003 0.001 0.003 
 267   (0.009) 0.009 0.001 0.002 0.001 0.003 0.002 0.005 0.001 0.003 0.001 0.003 
 239   (0.013) 0.001 0.084 0.004 0.004 0.006 0.004 0.010 0.002 0.006 0.001 0.004 

Locus 5 : 5 
5 alleles
0.9% missing data
 103   (0.899) 0.924 0.989 0.955 0.892 0.927 0.968 0.904 0.986 0.923 0.800 0.938 
 104   (0.029) 0.066 0.003 0.013 0.003 0.017 0.009 0.022 0.004 0.016 0.024 0.015 
 105   (0.047) 0.003 0.006 0.023 0.005 0.044 0.016 0.052 0.006 0.047 0.174 0.038 
 107   (0.009) 0.005 0.001 0.004 0.001 0.003 0.003 0.005 0.001 0.003 0.001 0.003 
 102   (0.016) 0.001 0.001 0.006 0.100 0.009 0.005 0.016 0.002 0.010 0.001 0.006 

Locus 6 : 6 
6 alleles
0.0% missing data
 135   (0.282) 0.195 0.808 0.215 0.506 0.240 0.164 0.288 0.411 0.249 0.238 0.215 
 141   (0.301) 0.526 0.031 0.502 0.135 0.305 0.230 0.297 0.383 0.304 0.421 0.262 
 145   (0.328) 0.222 0.152 0.231 0.203 0.364 0.580 0.336 0.080 0.358 0.304 0.487 
 147   (0.063) 0.047 0.006 0.040 0.149 0.076 0.020 0.049 0.121 0.072 0.035 0.025 
 137   (0.017) 0.001 0.002 0.009 0.006 0.012 0.004 0.024 0.004 0.013 0.001 0.007 
 143   (0.009) 0.009 0.001 0.002 0.001 0.003 0.003 0.005 0.001 0.003 0.001 0.003 

Locus 7 : 7 
10 alleles
0.3% missing data
  89   (0.077) 0.024 0.008 0.068 0.009 0.059 0.024 0.090 0.062 0.063 0.043 0.099 
 103   (0.352) 0.303 0.041 0.298 0.325 0.473 0.377 0.359 0.338 0.467 0.577 0.405 
  93   (0.233) 0.394 0.334 0.285 0.171 0.203 0.188 0.234 0.509 0.198 0.147 0.198 
  97   (0.179) 0.136 0.173 0.251 0.295 0.161 0.242 0.180 0.065 0.162 0.076 0.172 
  85   (0.040) 0.115 0.005 0.017 0.004 0.024 0.011 0.033 0.006 0.031 0.088 0.050 
  91   (0.042) 0.018 0.307 0.048 0.140 0.023 0.011 0.032 0.008 0.023 0.044 0.016 
 101   (0.012) 0.006 0.002 0.004 0.001 0.007 0.003 0.010 0.002 0.009 0.001 0.010 
  83   (0.041) 0.003 0.004 0.021 0.052 0.038 0.135 0.043 0.006 0.035 0.023 0.030 
  99   (0.012) 0.001 0.001 0.005 0.001 0.007 0.006 0.013 0.002 0.008 0.001 0.006 
 105   (0.012) 0.001 0.125 0.003 0.001 0.004 0.003 0.007 0.001 0.006 0.001 0.013 

Locus 8 : 8 
10 alleles
0.0% missing data
 129   (0.567) 0.633 0.380 0.643 0.608 0.520 0.673 0.604 0.366 0.535 0.538 0.622 
 141   (0.078) 0.178 0.008 0.087 0.072 0.155 0.076 0.058 0.187 0.139 0.028 0.035 
 149   (0.055) 0.133 0.007 0.120 0.046 0.030 0.065 0.053 0.021 0.031 0.005 0.035 
 143   (0.229) 0.039 0.359 0.130 0.239 0.260 0.144 0.233 0.413 0.260 0.417 0.277 
 131   (0.012) 0.004 0.168 0.003 0.001 0.005 0.003 0.007 0.002 0.005 0.001 0.005 
 127   (0.015) 0.001 0.037 0.004 0.029 0.010 0.004 0.009 0.002 0.010 0.001 0.006 
 145   (0.013) 0.001 0.002 0.003 0.001 0.005 0.028 0.007 0.003 0.005 0.007 0.005 
 133   (0.014) 0.001 0.002 0.006 0.001 0.010 0.004 0.019 0.004 0.010 0.001 0.010 
 121   (0.008) 0.009 0.001 0.002 0.001 0.003 0.002 0.005 0.002 0.003 0.001 0.003 
 128   (0.008) 0.001 0.038 0.002 0.001 0.003 0.002 0.005 0.001 0.003 0.001 0.003 

Locus 9 : 9 
4 alleles
0.0% missing data
 189   (0.406) 0.227 0.492 0.316 0.487 0.351 0.426 0.453 0.457 0.376 0.187 0.486 
 191   (0.381) 0.615 0.365 0.540 0.471 0.471 0.274 0.353 0.307 0.451 0.410 0.291 
 195   (0.200) 0.155 0.142 0.137 0.041 0.171 0.296 0.183 0.234 0.165 0.402 0.216 
 193   (0.013) 0.002 0.001 0.007 0.001 0.007 0.004 0.011 0.002 0.007 0.001 0.006 

Locus 10 : 10 
7 alleles
0.0% missing data
 232   (0.224) 0.422 0.168 0.312 0.296 0.221 0.241 0.218 0.591 0.212 0.118 0.173 
 238   (0.529) 0.455 0.325 0.505 0.220 0.531 0.657 0.555 0.241 0.542 0.629 0.606 
 252   (0.128) 0.091 0.013 0.127 0.169 0.154 0.063 0.107 0.115 0.157 0.172 0.147 
 254   (0.066) 0.020 0.489 0.027 0.303 0.051 0.020 0.053 0.046 0.048 0.070 0.036 
 250   (0.029) 0.002 0.003 0.017 0.003 0.025 0.009 0.039 0.004 0.024 0.009 0.027 
 240   (0.009) 0.009 0.001 0.002 0.001 0.003 0.002 0.005 0.001 0.003 0.001 0.003 
 248   (0.015) 0.001 0.001 0.010 0.008 0.015 0.007 0.022 0.002 0.014 0.001 0.009 

Locus 11 : 11 
5 alleles
0.0% missing data
  87   (0.727) 0.703 0.807 0.673 0.606 0.762 0.686 0.766 0.832 0.747 0.771 0.692 
  89   (0.213) 0.194 0.187 0.228 0.280 0.209 0.290 0.186 0.158 0.219 0.225 0.241 
  91   (0.042) 0.102 0.004 0.093 0.103 0.020 0.019 0.032 0.008 0.025 0.003 0.058 
  85   (0.009) 0.001 0.001 0.003 0.001 0.005 0.002 0.009 0.001 0.005 0.001 0.003 
  83   (0.009) 0.001 0.001 0.003 0.010 0.004 0.003 0.007 0.001 0.004 0.001 0.006 

Locus 12 : 12 
13 alleles
0.0% missing data
 147   (0.054) 0.065 0.005 0.098 0.005 0.033 0.015 0.043 0.316 0.030 0.156 0.072 
 158   (0.228) 0.473 0.022 0.363 0.060 0.277 0.319 0.217 0.424 0.271 0.228 0.139 
 162   (0.255) 0.235 0.192 0.196 0.270 0.234 0.168 0.262 0.059 0.248 0.360 0.304 
 160   (0.243) 0.149 0.482 0.230 0.644 0.204 0.354 0.251 0.139 0.209 0.067 0.291 
 170   (0.036) 0.007 0.003 0.032 0.003 0.033 0.020 0.059 0.007 0.032 0.003 0.032 
 161   (0.092) 0.047 0.009 0.048 0.009 0.161 0.074 0.083 0.042 0.153 0.172 0.083 
 154   (0.014) 0.001 0.001 0.008 0.001 0.012 0.003 0.018 0.002 0.012 0.001 0.008 
 159   (0.012) 0.001 0.001 0.003 0.001 0.005 0.028 0.009 0.002 0.005 0.001 0.015 
 149   (0.017) 0.001 0.003 0.006 0.002 0.010 0.007 0.019 0.002 0.009 0.001 0.033 
 143   (0.021) 0.001 0.278 0.006 0.002 0.018 0.006 0.015 0.003 0.018 0.007 0.012 
 164   (0.010) 0.018 0.001 0.003 0.001 0.003 0.003 0.006 0.001 0.004 0.001 0.003 
 165   (0.009) 0.001 0.002 0.003 0.001 0.004 0.002 0.009 0.001 0.005 0.001 0.003 
 134   (0.009) 0.001 0.001 0.003 0.001 0.005 0.002 0.008 0.001 0.005 0.001 0.005 

Locus 13 : 13 
4 alleles
0.0% missing data
 113   (0.346) 0.383 0.459 0.295 0.477 0.361 0.393 0.336 0.553 0.343 0.366 0.283 
 115   (0.484) 0.435 0.134 0.543 0.481 0.500 0.337 0.514 0.319 0.506 0.445 0.576 
 108   (0.162) 0.181 0.406 0.159 0.042 0.134 0.267 0.143 0.127 0.146 0.189 0.137 
 110   (0.009) 0.001 0.001 0.003 0.001 0.005 0.002 0.008 0.001 0.005 0.001 0.003 

Locus 14 : 14 
10 alleles
0.0% missing data
 229   (0.413) 0.446 0.071 0.546 0.403 0.387 0.460 0.460 0.267 0.387 0.349 0.444 
 225   (0.142) 0.058 0.056 0.100 0.147 0.111 0.076 0.149 0.127 0.117 0.064 0.159 
 231   (0.184) 0.115 0.426 0.118 0.424 0.329 0.056 0.168 0.087 0.320 0.403 0.139 
 233   (0.055) 0.094 0.132 0.093 0.006 0.028 0.018 0.048 0.034 0.028 0.031 0.051 
 227   (0.161) 0.278 0.309 0.128 0.017 0.125 0.354 0.141 0.479 0.126 0.149 0.187 
 213   (0.009) 0.001 0.001 0.004 0.001 0.005 0.002 0.009 0.001 0.005 0.001 0.003 
 221   (0.009) 0.001 0.001 0.002 0.001 0.003 0.025 0.005 0.001 0.003 0.001 0.003 
 255   (0.009) 0.007 0.001 0.002 0.001 0.004 0.004 0.005 0.001 0.004 0.001 0.003 
 223   (0.009) 0.001 0.002 0.003 0.001 0.004 0.002 0.009 0.001 0.005 0.001 0.003 
 203   (0.009) 0.001 0.001 0.003 0.001 0.004 0.003 0.007 0.001 0.005 0.001 0.007 

Locus 15 : 15 
5 alleles
0.3% missing data
 143   (0.906) 0.958 0.723 0.967 0.855 0.904 0.973 0.920 0.985 0.909 0.923 0.937 
 157   (0.012) 0.001 0.001 0.006 0.001 0.008 0.003 0.012 0.004 0.007 0.001 0.005 
 145   (0.052) 0.039 0.273 0.017 0.005 0.072 0.017 0.043 0.007 0.067 0.074 0.035 
 147   (0.020) 0.001 0.002 0.007 0.045 0.013 0.005 0.020 0.003 0.014 0.002 0.020 
 133   (0.009) 0.001 0.001 0.002 0.094 0.003 0.002 0.005 0.001 0.003 0.001 0.003 

Locus 16 : 16 
5 alleles
0.0% missing data
 158   (0.489) 0.469 0.434 0.567 0.471 0.432 0.560 0.508 0.682 0.440 0.508 0.516 
 160   (0.140) 0.166 0.014 0.139 0.071 0.127 0.116 0.145 0.138 0.123 0.146 0.155 
 156   (0.284) 0.296 0.471 0.246 0.375 0.387 0.297 0.260 0.108 0.382 0.263 0.279 
 154   (0.078) 0.068 0.080 0.045 0.081 0.051 0.025 0.080 0.071 0.051 0.082 0.039 
 152   (0.009) 0.001 0.001 0.002 0.001 0.004 0.002 0.007 0.001 0.003 0.001 0.011 

Locus 17 : 17 
5 alleles
0.0% missing data
  90   (0.696) 0.694 0.526 0.709 0.632 0.723 0.682 0.683 0.887 0.718 0.839 0.685 
 102   (0.187) 0.287 0.020 0.208 0.356 0.178 0.241 0.170 0.088 0.175 0.148 0.184 
  88   (0.050) 0.014 0.005 0.047 0.005 0.043 0.047 0.054 0.015 0.044 0.007 0.037 
 100   (0.059) 0.005 0.448 0.033 0.006 0.051 0.028 0.084 0.008 0.058 0.005 0.090 
 104   (0.009) 0.001 0.001 0.004 0.001 0.006 0.002 0.009 0.002 0.005 0.001 0.004 

Locus 18 : 18 
7 alleles
0.0% missing data
 142   (0.104) 0.434 0.010 0.305 0.013 0.083 0.029 0.127 0.190 0.088 0.009 0.093 
 146   (0.109) 0.153 0.019 0.077 0.105 0.113 0.061 0.096 0.098 0.108 0.059 0.090 
 127   (0.308) 0.265 0.461 0.265 0.187 0.345 0.371 0.307 0.161 0.336 0.360 0.212 
 148   (0.095) 0.040 0.011 0.118 0.241 0.080 0.066 0.094 0.026 0.076 0.042 0.114 
 140   (0.268) 0.058 0.486 0.180 0.047 0.271 0.258 0.267 0.477 0.279 0.463 0.362 
 138   (0.070) 0.048 0.007 0.039 0.007 0.071 0.197 0.062 0.042 0.067 0.056 0.035 
 150   (0.047) 0.003 0.006 0.018 0.400 0.037 0.017 0.047 0.007 0.046 0.010 0.094 

Locus 19 : 19 
6 alleles
0.0% missing data
 188   (0.154) 0.109 0.017 0.105 0.142 0.139 0.140 0.156 0.184 0.147 0.046 0.163 
 194   (0.587) 0.584 0.670 0.564 0.594 0.656 0.455 0.615 0.488 0.637 0.632 0.556 
 190   (0.139) 0.300 0.019 0.281 0.108 0.113 0.147 0.108 0.309 0.109 0.288 0.109 
 200   (0.081) 0.005 0.207 0.032 0.009 0.068 0.249 0.080 0.013 0.082 0.031 0.154 
 198   (0.009) 0.001 0.001 0.003 0.001 0.005 0.002 0.008 0.001 0.005 0.001 0.003 
 202   (0.030) 0.002 0.085 0.014 0.146 0.019 0.008 0.033 0.004 0.020 0.002 0.015 

Locus 20 : 20 
6 alleles
0.0% missing data
 244   (0.026) 0.012 0.003 0.036 0.003 0.020 0.007 0.022 0.005 0.021 0.004 0.027 
 250   (0.086) 0.126 0.774 0.091 0.055 0.081 0.022 0.076 0.049 0.077 0.023 0.040 
 252   (0.673) 0.751 0.141 0.775 0.570 0.702 0.731 0.690 0.660 0.708 0.616 0.737 
 246   (0.123) 0.013 0.044 0.046 0.295 0.135 0.215 0.115 0.273 0.131 0.259 0.103 
 254   (0.076) 0.096 0.009 0.043 0.076 0.051 0.021 0.080 0.012 0.052 0.096 0.087 
 248   (0.015) 0.001 0.028 0.008 0.001 0.011 0.004 0.017 0.002 0.011 0.001 0.006 

Locus 21 : 21 
10 alleles
0.0% missing data
 167   (0.265) 0.322 0.071 0.315 0.253 0.256 0.292 0.265 0.255 0.265 0.209 0.347 
 177   (0.198) 0.188 0.553 0.282 0.165 0.199 0.164 0.200 0.556 0.196 0.087 0.128 
 173   (0.286) 0.426 0.193 0.266 0.133 0.250 0.371 0.297 0.147 0.258 0.205 0.336 
 165   (0.056) 0.006 0.010 0.031 0.007 0.110 0.041 0.054 0.008 0.100 0.172 0.031 
 175   (0.132) 0.045 0.165 0.082 0.069 0.148 0.115 0.121 0.026 0.142 0.308 0.133 
 163   (0.027) 0.002 0.003 0.015 0.353 0.019 0.007 0.038 0.004 0.023 0.005 0.013 
 169   (0.009) 0.009 0.001 0.002 0.001 0.003 0.002 0.005 0.001 0.003 0.001 0.003 
 171   (0.010) 0.001 0.001 0.002 0.001 0.006 0.003 0.006 0.001 0.006 0.013 0.004 
 159   (0.009) 0.001 0.002 0.003 0.001 0.004 0.002 0.009 0.001 0.005 0.001 0.003 
 161   (0.009) 0.001 0.001 0.002 0.017 0.004 0.003 0.005 0.001 0.004 0.001 0.003 

Locus 22 : 22 
11 alleles
0.3% missing data
 146   (0.213) 0.259 0.165 0.267 0.191 0.239 0.107 0.206 0.063 0.250 0.294 0.293 
 152   (0.434) 0.566 0.274 0.494 0.427 0.474 0.567 0.450 0.562 0.462 0.454 0.411 
 154   (0.018) 0.034 0.002 0.046 0.002 0.007 0.005 0.010 0.129 0.006 0.001 0.006 
 166   (0.088) 0.056 0.157 0.078 0.009 0.084 0.040 0.078 0.170 0.084 0.093 0.078 
 164   (0.038) 0.004 0.004 0.022 0.004 0.064 0.028 0.043 0.008 0.061 0.030 0.019 
 150   (0.045) 0.005 0.044 0.023 0.041 0.028 0.028 0.041 0.046 0.028 0.026 0.021 
 158   (0.089) 0.070 0.010 0.039 0.054 0.058 0.116 0.099 0.013 0.062 0.087 0.128 
 142   (0.009) 0.001 0.001 0.002 0.001 0.003 0.079 0.005 0.001 0.003 0.001 0.003 
 156   (0.016) 0.001 0.003 0.005 0.192 0.008 0.004 0.012 0.002 0.008 0.001 0.014 
 162   (0.033) 0.002 0.006 0.017 0.078 0.026 0.022 0.036 0.004 0.023 0.011 0.020 
 148   (0.017) 0.001 0.334 0.008 0.002 0.010 0.004 0.020 0.002 0.012 0.001 0.006 

Locus 23 : 23 
6 alleles
0.3% missing data
 154   (0.534) 0.583 0.280 0.526 0.264 0.604 0.379 0.568 0.366 0.597 0.650 0.624 
 144   (0.196) 0.149 0.685 0.167 0.476 0.194 0.294 0.169 0.227 0.194 0.145 0.168 
 156   (0.124) 0.036 0.018 0.093 0.013 0.118 0.136 0.144 0.026 0.125 0.154 0.110 
 160   (0.110) 0.171 0.012 0.162 0.243 0.067 0.181 0.092 0.372 0.068 0.047 0.080 
 152   (0.017) 0.054 0.002 0.030 0.002 0.007 0.005 0.011 0.004 0.006 0.001 0.011 
 158   (0.018) 0.007 0.003 0.021 0.003 0.010 0.006 0.017 0.005 0.011 0.002 0.007 

Locus 24 : 24 
4 alleles
0.3% missing data
  83   (0.510) 0.490 0.612 0.461 0.929 0.578 0.480 0.498 0.549 0.560 0.582 0.439 
  85   (0.055) 0.021 0.006 0.050 0.005 0.035 0.077 0.045 0.037 0.036 0.085 0.037 
  81   (0.331) 0.352 0.371 0.289 0.037 0.290 0.335 0.355 0.363 0.304 0.300 0.434 
  77   (0.104) 0.137 0.010 0.199 0.028 0.098 0.108 0.102 0.051 0.099 0.032 0.091 

Locus 25 : 25 
6 alleles
0.3% missing data
 126   (0.040) 0.053 0.006 0.036 0.005 0.028 0.012 0.037 0.021 0.029 0.004 0.033 
 132   (0.313) 0.451 0.215 0.485 0.617 0.306 0.368 0.294 0.325 0.300 0.269 0.261 
 122   (0.108) 0.041 0.015 0.063 0.030 0.120 0.036 0.123 0.033 0.116 0.135 0.079 
 124   (0.514) 0.454 0.383 0.409 0.346 0.535 0.552 0.529 0.618 0.544 0.591 0.613 
 120   (0.012) 0.001 0.379 0.003 0.001 0.004 0.003 0.008 0.002 0.004 0.001 0.009 
 136   (0.013) 0.001 0.001 0.004 0.001 0.007 0.029 0.009 0.002 0.006 0.001 0.006 

Locus 26 : 26 
6 alleles
0.0% missing data
 183   (0.368) 0.563 0.184 0.404 0.696 0.394 0.182 0.383 0.419 0.382 0.293 0.295 
 175   (0.262) 0.179 0.025 0.300 0.233 0.231 0.382 0.260 0.422 0.237 0.341 0.226 
 179   (0.063) 0.085 0.420 0.074 0.006 0.035 0.020 0.064 0.014 0.042 0.006 0.165 
 165   (0.258) 0.169 0.366 0.202 0.060 0.303 0.388 0.249 0.136 0.298 0.323 0.233 
 181   (0.039) 0.003 0.004 0.017 0.004 0.031 0.025 0.037 0.007 0.036 0.036 0.073 
 185   (0.009) 0.001 0.001 0.003 0.001 0.005 0.002 0.008 0.001 0.005 0.001 0.008 

Locus 27 : 27 
4 alleles
0.0% missing data
 142   (0.572) 0.751 0.483 0.602 0.731 0.509 0.707 0.528 0.721 0.523 0.638 0.621 
 148   (0.246) 0.071 0.498 0.204 0.081 0.346 0.109 0.268 0.246 0.334 0.234 0.185 
 138   (0.064) 0.164 0.008 0.134 0.007 0.041 0.110 0.059 0.014 0.041 0.011 0.052 
 150   (0.118) 0.014 0.011 0.060 0.181 0.104 0.074 0.145 0.019 0.102 0.117 0.141 

Locus 28 : 28 
5 alleles
0.0% missing data
 260   (0.435) 0.296 0.180 0.411 0.249 0.427 0.533 0.483 0.521 0.429 0.338 0.387 
 262   (0.481) 0.689 0.812 0.534 0.577 0.467 0.366 0.440 0.457 0.471 0.631 0.558 
 256   (0.059) 0.013 0.006 0.046 0.172 0.092 0.019 0.054 0.020 0.085 0.029 0.040 
 264   (0.009) 0.001 0.001 0.002 0.001 0.003 0.077 0.005 0.001 0.003 0.001 0.003 
 258   (0.015) 0.001 0.001 0.008 0.002 0.011 0.004 0.017 0.002 0.011 0.001 0.011 

Locus 29 : 29 
5 alleles
0.3% missing data
 140   (0.152) 0.060 0.772 0.137 0.149 0.106 0.133 0.142 0.051 0.106 0.285 0.184 
 150   (0.505) 0.766 0.190 0.654 0.243 0.573 0.497 0.503 0.416 0.574 0.398 0.577 
 146   (0.233) 0.106 0.024 0.150 0.444 0.244 0.335 0.250 0.352 0.243 0.234 0.140 
 148   (0.088) 0.067 0.009 0.047 0.161 0.063 0.029 0.077 0.178 0.062 0.081 0.088 
 152   (0.021) 0.002 0.004 0.011 0.002 0.015 0.006 0.028 0.003 0.016 0.002 0.012 

Locus 30 : 30 
6 alleles
0.0% missing data
 125   (0.293) 0.381 0.063 0.385 0.254 0.308 0.140 0.292 0.627 0.306 0.294 0.209 
 129   (0.507) 0.545 0.330 0.440 0.649 0.553 0.677 0.506 0.335 0.539 0.391 0.538 
 123   (0.101) 0.068 0.012 0.129 0.088 0.065 0.057 0.091 0.024 0.077 0.145 0.185 
 127   (0.060) 0.004 0.590 0.027 0.006 0.047 0.018 0.063 0.009 0.048 0.166 0.048 
 131   (0.027) 0.002 0.004 0.014 0.003 0.019 0.105 0.032 0.004 0.020 0.002 0.016 
 121   (0.011) 0.001 0.001 0.006 0.001 0.007 0.003 0.015 0.001 0.009 0.001 0.004 

Locus 31 : 31 
5 alleles
0.0% missing data
 153   (0.053) 0.126 0.032 0.048 0.006 0.028 0.083 0.046 0.009 0.031 0.004 0.103 
 155   (0.572) 0.572 0.658 0.597 0.586 0.582 0.473 0.603 0.887 0.581 0.405 0.469 
 157   (0.221) 0.220 0.238 0.200 0.058 0.256 0.265 0.214 0.045 0.247 0.337 0.231 
 159   (0.129) 0.081 0.015 0.145 0.013 0.120 0.172 0.114 0.056 0.128 0.251 0.182 
 151   (0.026) 0.002 0.057 0.009 0.337 0.013 0.008 0.023 0.003 0.014 0.002 0.014 

Locus 32 : 32 
4 alleles
0.0% missing data
 146   (0.301) 0.069 0.364 0.195 0.444 0.345 0.294 0.318 0.122 0.330 0.289 0.290 
 150   (0.580) 0.803 0.596 0.714 0.544 0.562 0.668 0.576 0.857 0.564 0.503 0.544 
 148   (0.069) 0.120 0.007 0.074 0.007 0.042 0.022 0.064 0.014 0.047 0.131 0.082 
 154   (0.049) 0.009 0.033 0.017 0.005 0.052 0.016 0.043 0.007 0.059 0.077 0.084 

Locus 33 : 33 
7 alleles
0.0% missing data
 196   (0.158) 0.136 0.018 0.197 0.015 0.160 0.136 0.171 0.144 0.167 0.099 0.143 
 198   (0.040) 0.021 0.006 0.047 0.082 0.019 0.012 0.030 0.123 0.024 0.003 0.051 
 184   (0.203) 0.165 0.191 0.157 0.046 0.182 0.121 0.198 0.401 0.183 0.296 0.178 
 180   (0.435) 0.658 0.767 0.498 0.734 0.388 0.470 0.416 0.306 0.391 0.469 0.449 
 194   (0.010) 0.010 0.001 0.025 0.001 0.004 0.002 0.006 0.002 0.004 0.001 0.003 
 192   (0.134) 0.009 0.015 0.067 0.120 0.211 0.253 0.159 0.022 0.197 0.122 0.169 
 190   (0.020) 0.001 0.002 0.008 0.002 0.036 0.005 0.020 0.003 0.035 0.010 0.007 

Locus 34 : 34 
7 alleles
0.0% missing data
 106   (0.294) 0.092 0.293 0.230 0.687 0.333 0.341 0.295 0.065 0.334 0.297 0.355 
 112   (0.297) 0.436 0.029 0.425 0.101 0.246 0.407 0.284 0.703 0.252 0.281 0.293 
 110   (0.250) 0.449 0.247 0.268 0.065 0.269 0.175 0.238 0.203 0.262 0.355 0.206 
  90   (0.037) 0.011 0.293 0.014 0.004 0.057 0.034 0.027 0.009 0.054 0.006 0.014 
 108   (0.099) 0.011 0.136 0.050 0.072 0.080 0.038 0.126 0.017 0.080 0.059 0.123 
  96   (0.009) 0.001 0.001 0.002 0.070 0.003 0.002 0.005 0.001 0.003 0.001 0.003 
  94   (0.015) 0.001 0.001 0.010 0.001 0.012 0.003 0.025 0.002 0.015 0.001 0.006 

Locus 35 : 35 
8 alleles
0.0% missing data
 170   (0.326) 0.156 0.541 0.238 0.588 0.359 0.184 0.316 0.261 0.359 0.544 0.236 
 172   (0.282) 0.506 0.029 0.349 0.373 0.229 0.546 0.269 0.325 0.226 0.101 0.245 
 166   (0.068) 0.234 0.008 0.175 0.007 0.038 0.077 0.048 0.191 0.037 0.040 0.047 
 176   (0.126) 0.078 0.013 0.131 0.013 0.220 0.037 0.132 0.180 0.208 0.225 0.065 
 178   (0.044) 0.009 0.004 0.031 0.004 0.030 0.075 0.047 0.019 0.028 0.004 0.041 
 174   (0.093) 0.013 0.010 0.047 0.009 0.080 0.064 0.111 0.017 0.088 0.080 0.186 
 168   (0.050) 0.003 0.395 0.026 0.005 0.039 0.014 0.066 0.006 0.047 0.004 0.141 
 186   (0.012) 0.001 0.001 0.003 0.001 0.005 0.004 0.011 0.001 0.007 0.001 0.040 

Locus 36 : 36 
6 alleles
0.0% missing data
  85   (0.212) 0.120 0.329 0.191 0.190 0.225 0.122 0.206 0.391 0.240 0.065 0.280 
  89   (0.536) 0.796 0.303 0.608 0.776 0.482 0.590 0.529 0.487 0.482 0.659 0.544 
  95   (0.077) 0.060 0.009 0.088 0.008 0.084 0.107 0.068 0.087 0.081 0.084 0.032 
  83   (0.118) 0.020 0.018 0.089 0.021 0.139 0.163 0.142 0.025 0.135 0.048 0.112 
  81   (0.045) 0.003 0.006 0.020 0.005 0.065 0.015 0.047 0.008 0.057 0.143 0.029 
  91   (0.012) 0.001 0.336 0.003 0.001 0.005 0.003 0.008 0.001 0.005 0.001 0.004 

Locus 37 : 37 
8 alleles
0.0% missing data
 159   (0.010) 0.010 0.001 0.025 0.001 0.004 0.003 0.006 0.002 0.004 0.001 0.003 
 165   (0.234) 0.248 0.077 0.264 0.061 0.227 0.208 0.244 0.077 0.237 0.197 0.238 
 161   (0.360) 0.475 0.075 0.422 0.401 0.347 0.238 0.353 0.762 0.345 0.354 0.414 
 169   (0.083) 0.168 0.038 0.096 0.011 0.065 0.044 0.101 0.065 0.065 0.007 0.077 
 173   (0.268) 0.076 0.421 0.179 0.522 0.337 0.426 0.262 0.087 0.327 0.437 0.199 
 167   (0.023) 0.006 0.003 0.008 0.002 0.013 0.025 0.022 0.004 0.015 0.002 0.061 
 175   (0.009) 0.001 0.001 0.002 0.001 0.003 0.053 0.005 0.001 0.003 0.001 0.003 
 168   (0.014) 0.016 0.384 0.003 0.001 0.005 0.003 0.008 0.002 0.005 0.001 0.004 

Locus 38 : 38 
7 alleles
0.0% missing data
  87   (0.124) 0.224 0.758 0.139 0.203 0.096 0.035 0.108 0.020 0.104 0.068 0.133 
  89   (0.380) 0.532 0.039 0.589 0.067 0.345 0.373 0.425 0.745 0.352 0.227 0.446 
  81   (0.098) 0.053 0.011 0.048 0.149 0.125 0.042 0.087 0.103 0.117 0.126 0.096 
  85   (0.214) 0.043 0.150 0.142 0.273 0.209 0.299 0.211 0.105 0.211 0.267 0.202 
  91   (0.157) 0.081 0.039 0.075 0.305 0.180 0.243 0.154 0.024 0.175 0.308 0.114 
  93   (0.017) 0.048 0.002 0.004 0.002 0.041 0.006 0.010 0.002 0.037 0.003 0.006 
  95   (0.010) 0.018 0.001 0.003 0.001 0.004 0.002 0.006 0.001 0.004 0.001 0.003 

Locus 39 : 39 
4 alleles
0.0% missing data
 167   (0.815) 0.866 0.811 0.896 0.900 0.844 0.868 0.792 0.956 0.840 0.968 0.816 
 161   (0.151) 0.126 0.184 0.081 0.097 0.132 0.122 0.166 0.037 0.136 0.029 0.169 
 165   (0.026) 0.004 0.004 0.019 0.002 0.020 0.006 0.037 0.005 0.020 0.002 0.011 
 155   (0.009) 0.004 0.001 0.003 0.001 0.004 0.003 0.006 0.002 0.004 0.001 0.004 

Locus 40 : 40 
7 alleles
0.3% missing data
 228   (0.407) 0.569 0.487 0.524 0.184 0.355 0.591 0.401 0.547 0.361 0.327 0.343 
 236   (0.081) 0.103 0.155 0.089 0.615 0.077 0.021 0.065 0.016 0.073 0.115 0.030 
 224   (0.041) 0.052 0.004 0.056 0.005 0.043 0.011 0.028 0.018 0.041 0.144 0.019 
 238   (0.357) 0.260 0.171 0.286 0.047 0.402 0.283 0.368 0.401 0.407 0.399 0.394 
 240   (0.092) 0.006 0.057 0.040 0.147 0.114 0.089 0.122 0.015 0.109 0.014 0.207 
 246   (0.009) 0.009 0.001 0.002 0.001 0.003 0.002 0.005 0.001 0.003 0.001 0.003 
 242   (0.013) 0.001 0.125 0.004 0.001 0.005 0.003 0.010 0.002 0.006 0.001 0.004 

Locus 41 : 41 
9 alleles
0.3% missing data
 130   (0.511) 0.530 0.090 0.490 0.398 0.532 0.414 0.573 0.404 0.541 0.457 0.459 
 132   (0.127) 0.167 0.012 0.161 0.306 0.116 0.060 0.106 0.516 0.107 0.194 0.102 
 128   (0.074) 0.134 0.007 0.187 0.012 0.072 0.304 0.055 0.029 0.071 0.035 0.056 
 114   (0.102) 0.111 0.515 0.085 0.011 0.087 0.029 0.097 0.022 0.087 0.177 0.119 
 134   (0.108) 0.008 0.308 0.051 0.012 0.154 0.147 0.104 0.018 0.156 0.109 0.171 
 122   (0.015) 0.045 0.001 0.006 0.002 0.007 0.004 0.010 0.002 0.007 0.001 0.008 
 118   (0.045) 0.004 0.064 0.015 0.258 0.023 0.037 0.043 0.007 0.024 0.013 0.079 
 120   (0.009) 0.001 0.001 0.002 0.001 0.003 0.002 0.005 0.001 0.003 0.008 0.003 
 119   (0.009) 0.001 0.001 0.002 0.001 0.005 0.003 0.006 0.001 0.004 0.005 0.003 

Locus 42 : 42 
8 alleles
0.0% missing data
 102   (0.288) 0.371 0.267 0.368 0.549 0.323 0.329 0.254 0.561 0.319 0.404 0.312 
 104   (0.342) 0.258 0.073 0.257 0.307 0.364 0.537 0.372 0.074 0.369 0.294 0.431 
  92   (0.128) 0.115 0.205 0.106 0.013 0.102 0.058 0.146 0.189 0.104 0.112 0.095 
  98   (0.147) 0.175 0.282 0.183 0.109 0.125 0.040 0.149 0.155 0.126 0.124 0.110 
  96   (0.062) 0.078 0.170 0.076 0.006 0.041 0.021 0.057 0.016 0.040 0.060 0.040 
 106   (0.009) 0.001 0.001 0.004 0.001 0.006 0.002 0.008 0.001 0.006 0.001 0.003 
  94   (0.010) 0.001 0.001 0.003 0.001 0.017 0.006 0.006 0.001 0.015 0.003 0.004 
 100   (0.014) 0.001 0.002 0.003 0.014 0.022 0.009 0.008 0.002 0.020 0.002 0.005 

Locus 43 : 43 
6 alleles
0.0% missing data
  95   (0.248) 0.478 0.049 0.323 0.429 0.249 0.185 0.242 0.072 0.248 0.214 0.273 
  99   (0.076) 0.010 0.355 0.050 0.008 0.049 0.021 0.081 0.267 0.057 0.062 0.060 
 101   (0.335) 0.304 0.030 0.342 0.168 0.335 0.539 0.343 0.378 0.332 0.441 0.282 
 103   (0.307) 0.197 0.213 0.276 0.381 0.347 0.242 0.309 0.278 0.344 0.280 0.359 
  97   (0.025) 0.002 0.352 0.008 0.013 0.017 0.011 0.020 0.003 0.017 0.003 0.023 
 105   (0.009) 0.009 0.001 0.002 0.001 0.003 0.002 0.005 0.002 0.003 0.001 0.003 

Locus 44 : 44 
8 alleles
0.0% missing data
 181   (0.591) 0.730 0.553 0.668 0.914 0.601 0.644 0.607 0.650 0.589 0.514 0.515 
 191   (0.276) 0.143 0.110 0.229 0.047 0.328 0.233 0.279 0.180 0.334 0.444 0.343 
 177   (0.066) 0.123 0.006 0.079 0.009 0.035 0.104 0.056 0.160 0.032 0.030 0.055 
 179   (0.018) 0.001 0.324 0.005 0.002 0.007 0.004 0.012 0.002 0.015 0.001 0.065 
 189   (0.016) 0.001 0.002 0.007 0.024 0.010 0.005 0.014 0.003 0.009 0.001 0.007 
 187   (0.009) 0.001 0.001 0.002 0.001 0.004 0.002 0.006 0.001 0.004 0.006 0.004 
 193   (0.012) 0.001 0.003 0.005 0.002 0.008 0.003 0.014 0.001 0.008 0.001 0.005 
 183   (0.012) 0.001 0.001 0.005 0.001 0.008 0.005 0.012 0.002 0.008 0.001 0.008 

Locus 45 : 45 
6 alleles
0.6% missing data
 205   (0.450) 0.390 0.327 0.492 0.277 0.467 0.593 0.473 0.422 0.472 0.440 0.519 
 215   (0.089) 0.110 0.009 0.073 0.115 0.114 0.031 0.075 0.128 0.106 0.115 0.047 
 207   (0.183) 0.138 0.050 0.169 0.443 0.141 0.206 0.205 0.306 0.142 0.103 0.119 
 211   (0.216) 0.297 0.161 0.209 0.159 0.243 0.148 0.196 0.129 0.246 0.284 0.240 
 201   (0.053) 0.065 0.453 0.054 0.005 0.030 0.020 0.044 0.014 0.030 0.056 0.067 
 202   (0.009) 0.001 0.001 0.003 0.001 0.005 0.003 0.006 0.001 0.005 0.001 0.009 

Locus 46 : 46 
10 alleles
0.0% missing data
 166   (0.174) 0.270 0.131 0.260 0.270 0.165 0.241 0.157 0.278 0.171 0.069 0.136 
 168   (0.160) 0.213 0.127 0.175 0.129 0.134 0.072 0.185 0.137 0.134 0.130 0.118 
 144   (0.049) 0.198 0.005 0.157 0.008 0.028 0.068 0.047 0.010 0.026 0.004 0.075 
 158   (0.193) 0.175 0.148 0.125 0.253 0.205 0.120 0.193 0.179 0.201 0.236 0.160 
 142   (0.281) 0.130 0.032 0.227 0.302 0.277 0.453 0.277 0.358 0.287 0.362 0.349 
 170   (0.021) 0.006 0.002 0.012 0.004 0.014 0.006 0.026 0.004 0.015 0.002 0.008 
 156   (0.025) 0.002 0.151 0.008 0.003 0.014 0.007 0.025 0.004 0.013 0.008 0.055 
 164   (0.040) 0.003 0.046 0.014 0.005 0.112 0.016 0.040 0.021 0.103 0.008 0.056 
 162   (0.049) 0.003 0.357 0.020 0.005 0.048 0.016 0.045 0.007 0.046 0.180 0.040 
 160   (0.009) 0.001 0.001 0.002 0.021 0.003 0.002 0.005 0.002 0.003 0.001 0.003 

Locus 47 : 47 
6 alleles
0.0% missing data
 149   (0.272) 0.102 0.482 0.201 0.214 0.250 0.408 0.316 0.043 0.247 0.116 0.283 
 151   (0.231) 0.140 0.139 0.296 0.030 0.287 0.167 0.223 0.556 0.286 0.350 0.166 
 153   (0.222) 0.550 0.024 0.257 0.087 0.233 0.088 0.216 0.204 0.231 0.142 0.266 
 145   (0.245) 0.199 0.352 0.218 0.666 0.213 0.329 0.211 0.165 0.217 0.389 0.273 
 147   (0.017) 0.008 0.002 0.021 0.002 0.008 0.004 0.013 0.029 0.008 0.001 0.006 
 143   (0.014) 0.001 0.002 0.007 0.001 0.010 0.003 0.021 0.002 0.011 0.001 0.005 

Values of parameters used in structure:
DATAFILE=temp1_no_plains.str,	OUTFILE=k11/temp1_no_plains_k11_run4,	NUMINDS=333,	NUMLOCI=47,	MISSING=-9,	LABEL=1,	POPDATA=1,	POPFLAG=0,	PHENOTYPE=0,	EXTRACOLS=0,	MAXPOPS=11,	BURNIN=500000,	NUMREPS=750000,	USEPOPINFO=0,	INFERALPHA=1,	INFERLAMBDA=0,	POPSPECIFICLAMBDA=0,	POPALPHAS=0,	COMPUTEPROB=1,	NOADMIX=0,	ADMBURNIN=500,	UPDATEFREQ=100,	PRINTLIKES=0,	INTERMEDSAVE=0,	PRINTKLD=0,	PRINTNET=1,	PRINTLAMBDA=1,	ANCESTDIST=0,	NUMBOXES=1000,	ANCESTPINT=0.90000,	GENSBACK=2,	MIGRPRIOR=0.01000,	PRINTQHAT=0,	PRINTQSUM=1,	ALPHA=1.0000,	FREQSCORR=1,	FPRIORMEAN=0.0100,	FPRIORSD=0.0500,	ONEFST=0,	LAMBDA=1.0000,	UNIFPRIORALPHA=1,	ALPHAMAX=10.0000,	ALPHAPRIORA=1.0000,	ALPHAPRIORB=2.0000,	ALPHAPROPSD=0.0250,	STARTATPOPINFO=0,	RANDOMIZE=0,	LINKAGE=0,	METROFREQ=10,	REPORTHITRATE=0,	MARKOVPHASE=0,	PHASED=1,	PLOIDY=2,	PHASEINFO=0	LOCPRIOR=0, 	LOCPRIORINIT=1.000000, 	LOCDATA=0, 	LOCISPOP=1, 	LOCPRIORSTEP=0.100000, 	MAXLOCPRIOR=20.000000, 	SEED=467174,	
[STRAT parameters]:    NUMSIMSTATS=1000,	PHENOTYPECOL=-9,	POOLFREQ=10,	LOCUSxONLY=0,	EMERROR=0.00100,	MISSINGPHENO=-9,	