

----------------------------------------------------
STRUCTURE by Pritchard, Stephens and Donnelly (2000)
     and Falush, Stephens and Pritchard (2003)
       Code by Pritchard, Falush and Hubisz
             Version 2.3.4 (Jul 2012)
----------------------------------------------------



Command line arguments:   structure -D 455927 -K 12 -m mainparams -o k12/temp1_no_plains_k12_run4 
Input File:    temp1_no_plains.str

Run parameters:
   333 individuals
   47 loci
   12 populations assumed
   500000 Burn-in period
   750000 Reps
RANDOMIZE turned off


--------------------------------------------
Proportion of membership of each pre-defined
 population in each of the 12 clusters

Given    Inferred Clusters                                                                      Number of
 Pop       1      2      3      4      5      6      7      8      9     10     11     12      Individuals

  1:     0.179  0.100  0.512  0.007  0.013  0.012  0.125  0.012  0.010  0.003  0.013  0.012       79
  2:     0.256  0.137  0.493  0.013  0.012  0.016  0.019  0.010  0.019  0.003  0.010  0.011       12
  3:     0.242  0.014  0.110  0.005  0.007  0.009  0.580  0.007  0.011  0.003  0.007  0.007       33
  4:     0.009  0.010  0.013  0.009  0.023  0.035  0.007  0.025  0.816  0.006  0.020  0.026       81
  5:     0.177  0.330  0.143  0.007  0.030  0.022  0.188  0.021  0.014  0.009  0.039  0.020        7
  6:     0.009  0.006  0.009  0.882  0.016  0.013  0.006  0.017  0.006  0.004  0.013  0.019       19
  7:     0.003  0.004  0.003  0.011  0.005  0.004  0.004  0.005  0.004  0.948  0.005  0.005       10
  8:     0.010  0.006  0.014  0.013  0.196  0.104  0.010  0.205  0.023  0.031  0.154  0.234       10
  9:     0.015  0.014  0.039  0.029  0.214  0.036  0.017  0.185  0.044  0.019  0.141  0.248       23
 10:     0.008  0.007  0.023  0.018  0.181  0.076  0.009  0.179  0.040  0.009  0.320  0.130       11
 11:     0.027  0.027  0.026  0.006  0.081  0.410  0.015  0.191  0.010  0.005  0.075  0.126       18
 12:     0.009  0.029  0.017  0.011  0.213  0.022  0.020  0.189  0.045  0.033  0.179  0.232       25
 13:     0.047  0.006  0.013  0.019  0.156  0.298  0.028  0.136  0.012  0.002  0.102  0.179        5
--------------------------------------------

Allele-freq. divergence among pops (Net nucleotide distance),
computed using point estimates of P.

      1       2       3       4       5       6       7       8       9      10      11      12      
 1      -    0.0624  0.0284  0.0861  0.0393  0.0494  0.0360  0.0389  0.0563  0.1592  0.0406  0.0399  
 2   0.0624     -    0.0489  0.1066  0.0511  0.0600  0.0545  0.0525  0.0757  0.1512  0.0538  0.0519  
 3   0.0284  0.0489     -    0.0786  0.0245  0.0413  0.0291  0.0260  0.0419  0.1426  0.0279  0.0249  
 4   0.0861  0.1066  0.0786     -    0.0565  0.0703  0.0843  0.0563  0.0687  0.1305  0.0615  0.0555  
 5   0.0393  0.0511  0.0245  0.0565     -    0.0172  0.0350  0.0013  0.0194  0.1058  0.0017  0.0007  
 6   0.0494  0.0600  0.0413  0.0703  0.0172     -    0.0504  0.0170  0.0349  0.1322  0.0189  0.0177  
 7   0.0360  0.0545  0.0291  0.0843  0.0350  0.0504     -    0.0348  0.0597  0.1443  0.0381  0.0351  
 8   0.0389  0.0525  0.0260  0.0563  0.0013  0.0170  0.0348     -    0.0198  0.1085  0.0038  0.0007  
 9   0.0563  0.0757  0.0419  0.0687  0.0194  0.0349  0.0597  0.0198     -    0.1173  0.0205  0.0202  
10   0.1592  0.1512  0.1426  0.1305  0.1058  0.1322  0.1443  0.1085  0.1173     -    0.1091  0.1063  
11   0.0406  0.0538  0.0279  0.0615  0.0017  0.0189  0.0381  0.0038  0.0205  0.1091     -    0.0043  
12   0.0399  0.0519  0.0249  0.0555  0.0007  0.0177  0.0351  0.0007  0.0202  0.1063  0.0043     -    

Average distances (expected heterozygosity) between individuals in same cluster:
cluster  1  : 0.5250 
cluster  2  : 0.5164 
cluster  3  : 0.5654 
cluster  4  : 0.5478 
cluster  5  : 0.6361 
cluster  6  : 0.5868 
cluster  7  : 0.5422 
cluster  8  : 0.6339 
cluster  9  : 0.5970 
cluster 10  : 0.5453 
cluster 11  : 0.6300 
cluster 12  : 0.6361 

--------------------------------------------
Estimated Ln Prob of Data   = -35902.4
Mean value of ln likelihood = -34358.9
Variance of ln likelihood   = 3087.0
Mean value of alpha         = 0.0358

Mean value of Fst_1         = 0.1717
Mean value of Fst_2         = 0.2353
Mean value of Fst_3         = 0.1100
Mean value of Fst_4         = 0.2082
Mean value of Fst_5         = 0.0396
Mean value of Fst_6         = 0.1024
Mean value of Fst_7         = 0.1392
Mean value of Fst_8         = 0.0365
Mean value of Fst_9         = 0.0937
Mean value of Fst_10         = 0.3059
Mean value of Fst_11         = 0.0553
Mean value of Fst_12         = 0.0315


Inferred ancestry of individuals:
        Label (%Miss) Pop:  Inferred clusters
  1      014    (0)    1 :  0.015 0.032 0.858 0.007 0.015 0.004 0.013 0.016 0.004 0.003 0.018 0.015 
  2      015    (0)    1 :  0.010 0.046 0.840 0.003 0.012 0.004 0.047 0.010 0.007 0.002 0.006 0.013 
  3      016    (0)    1 :  0.050 0.024 0.866 0.002 0.007 0.006 0.015 0.006 0.007 0.002 0.007 0.006 
  4      017    (0)    1 :  0.020 0.023 0.736 0.007 0.021 0.011 0.115 0.015 0.010 0.002 0.025 0.015 
  5      018    (0)    1 :  0.067 0.039 0.811 0.004 0.008 0.005 0.027 0.008 0.011 0.003 0.009 0.008 
  6      023    (0)    1 :  0.058 0.012 0.846 0.004 0.011 0.008 0.010 0.011 0.012 0.004 0.015 0.009 
  7      025    (0)    1 :  0.665 0.187 0.030 0.006 0.017 0.021 0.015 0.018 0.005 0.003 0.016 0.016 
  8      026    (0)    1 :  0.741 0.084 0.138 0.003 0.004 0.004 0.010 0.004 0.004 0.002 0.004 0.004 
  9      027    (0)    1 :  0.043 0.020 0.538 0.003 0.089 0.008 0.064 0.066 0.010 0.004 0.046 0.108 
 10      028    (0)    1 :  0.019 0.018 0.898 0.003 0.007 0.004 0.009 0.008 0.015 0.003 0.007 0.007 
 11      029    (0)    1 :  0.021 0.036 0.664 0.004 0.011 0.129 0.098 0.009 0.006 0.002 0.011 0.011 
 12      030    (0)    1 :  0.120 0.009 0.796 0.008 0.011 0.008 0.006 0.010 0.009 0.002 0.010 0.012 
 13      031    (0)    1 :  0.025 0.002 0.920 0.002 0.006 0.005 0.009 0.004 0.012 0.002 0.008 0.004 
 14      032    (0)    1 :  0.030 0.067 0.743 0.015 0.009 0.031 0.055 0.009 0.015 0.007 0.008 0.009 
 15      035    (0)    1 :  0.034 0.101 0.820 0.002 0.003 0.005 0.019 0.003 0.004 0.002 0.004 0.003 
 16      037    (0)    1 :  0.027 0.004 0.930 0.003 0.004 0.005 0.006 0.004 0.006 0.002 0.004 0.004 
 17      038    (0)    1 :  0.800 0.017 0.034 0.047 0.010 0.007 0.018 0.013 0.029 0.004 0.011 0.009 
 18      039    (0)    1 :  0.019 0.006 0.939 0.002 0.003 0.002 0.017 0.002 0.003 0.002 0.003 0.003 
 19      040    (0)    1 :  0.017 0.013 0.837 0.002 0.024 0.013 0.018 0.018 0.012 0.002 0.026 0.018 
 20      041    (0)    1 :  0.025 0.014 0.495 0.002 0.009 0.005 0.401 0.011 0.013 0.002 0.014 0.008 
 21      043    (0)    1 :  0.730 0.033 0.199 0.002 0.005 0.003 0.009 0.005 0.005 0.001 0.004 0.005 
 22      045    (0)    1 :  0.035 0.018 0.896 0.003 0.006 0.007 0.010 0.006 0.006 0.003 0.005 0.006 
 23      046    (0)    1 :  0.039 0.270 0.537 0.002 0.031 0.016 0.008 0.017 0.013 0.002 0.050 0.015 
 24      047    (0)    1 :  0.060 0.002 0.871 0.003 0.007 0.003 0.024 0.009 0.006 0.002 0.007 0.008 
 25      050    (0)    1 :  0.666 0.280 0.025 0.002 0.003 0.003 0.011 0.003 0.002 0.001 0.002 0.003 
 26      052    (0)    1 :  0.012 0.013 0.032 0.003 0.006 0.007 0.901 0.006 0.005 0.002 0.006 0.006 
 27      053    (0)    1 :  0.063 0.004 0.239 0.002 0.007 0.008 0.652 0.006 0.004 0.001 0.007 0.007 
 28      054    (0)    1 :  0.809 0.010 0.042 0.003 0.020 0.010 0.014 0.019 0.021 0.014 0.020 0.019 
 29      055    (0)    1 :  0.128 0.013 0.582 0.004 0.007 0.004 0.226 0.009 0.008 0.003 0.006 0.008 
 30      056    (0)    1 :  0.026 0.011 0.908 0.002 0.007 0.013 0.006 0.006 0.004 0.003 0.008 0.006 
 31      057    (0)    1 :  0.112 0.016 0.438 0.005 0.045 0.010 0.250 0.031 0.004 0.003 0.052 0.035 
 32      058    (0)    1 :  0.443 0.044 0.221 0.069 0.038 0.029 0.030 0.032 0.028 0.005 0.028 0.032 
 33      059    (0)    1 :  0.339 0.010 0.455 0.007 0.027 0.015 0.019 0.021 0.051 0.003 0.032 0.020 
 34      060    (0)    1 :  0.022 0.005 0.935 0.003 0.004 0.005 0.007 0.005 0.004 0.002 0.004 0.004 
 35      350    (0)    1 :  0.002 0.977 0.003 0.002 0.002 0.002 0.003 0.002 0.002 0.002 0.002 0.002 
 36      351    (0)    1 :  0.456 0.028 0.176 0.003 0.017 0.010 0.230 0.020 0.023 0.002 0.015 0.020 
 37      354    (0)    1 :  0.049 0.041 0.866 0.004 0.005 0.003 0.008 0.005 0.008 0.002 0.004 0.005 
 38      374    (0)    1 :  0.030 0.003 0.831 0.007 0.026 0.010 0.013 0.023 0.006 0.002 0.018 0.031 
 39      378    (0)    1 :  0.033 0.011 0.785 0.004 0.020 0.037 0.039 0.019 0.009 0.001 0.026 0.016 
 40      381    (0)    1 :  0.026 0.007 0.913 0.003 0.006 0.004 0.018 0.005 0.006 0.002 0.006 0.005 
 41      382    (0)    1 :  0.018 0.006 0.937 0.005 0.005 0.003 0.003 0.004 0.005 0.004 0.005 0.004 
 42      384    (0)    1 :  0.879 0.020 0.052 0.002 0.006 0.005 0.008 0.006 0.006 0.003 0.006 0.006 
 43      555    (0)    1 :  0.063 0.006 0.780 0.013 0.014 0.004 0.067 0.012 0.006 0.007 0.014 0.015 
 44      671    (0)    1 :  0.014 0.704 0.020 0.051 0.034 0.050 0.008 0.031 0.012 0.004 0.037 0.034 
 45      672    (0)    1 :  0.917 0.004 0.015 0.005 0.007 0.016 0.006 0.008 0.005 0.003 0.007 0.008 
 46      705    (0)    1 :  0.954 0.003 0.011 0.008 0.003 0.004 0.005 0.003 0.002 0.002 0.003 0.003 
 47      706    (0)    1 :  0.058 0.005 0.869 0.003 0.006 0.004 0.028 0.005 0.007 0.001 0.006 0.006 
 48      707    (0)    1 :  0.052 0.148 0.690 0.009 0.008 0.006 0.049 0.007 0.005 0.008 0.010 0.007 
 49      708    (0)    1 :  0.116 0.004 0.057 0.005 0.033 0.006 0.642 0.033 0.015 0.018 0.048 0.022 
 50      758    (0)    1 :  0.026 0.043 0.771 0.005 0.023 0.014 0.034 0.022 0.014 0.005 0.027 0.018 
 51      759    (0)    1 :  0.445 0.009 0.379 0.010 0.012 0.044 0.035 0.010 0.032 0.002 0.012 0.011 
 52      760    (0)    1 :  0.022 0.007 0.879 0.002 0.007 0.012 0.037 0.009 0.007 0.002 0.010 0.006 
 53      761    (0)    1 :  0.076 0.571 0.081 0.005 0.005 0.004 0.220 0.005 0.020 0.002 0.006 0.005 
 54      762    (0)    1 :  0.064 0.495 0.370 0.012 0.007 0.006 0.007 0.008 0.014 0.002 0.007 0.008 
 55      763    (0)    1 :  0.138 0.006 0.795 0.005 0.007 0.009 0.012 0.008 0.006 0.001 0.007 0.007 
 56      764    (0)    1 :  0.152 0.685 0.088 0.005 0.005 0.004 0.038 0.005 0.004 0.003 0.006 0.004 
 57      765    (0)    1 :  0.018 0.024 0.711 0.003 0.019 0.006 0.150 0.023 0.008 0.002 0.016 0.021 
 58      766    (0)    1 :  0.028 0.022 0.868 0.002 0.002 0.003 0.065 0.002 0.002 0.001 0.002 0.003 
 59      767    (0)    1 :  0.112 0.313 0.264 0.050 0.012 0.006 0.189 0.011 0.013 0.006 0.012 0.011 
 60      768    (0)    1 :  0.044 0.034 0.719 0.003 0.006 0.004 0.166 0.005 0.005 0.002 0.005 0.005 
 61      769    (0)    1 :  0.029 0.003 0.803 0.002 0.015 0.005 0.094 0.012 0.008 0.001 0.013 0.015 
 62      770    (0)    1 :  0.069 0.007 0.034 0.003 0.028 0.007 0.700 0.033 0.052 0.003 0.042 0.023 
 63      771    (0)    1 :  0.012 0.047 0.804 0.005 0.010 0.008 0.073 0.010 0.009 0.003 0.008 0.011 
 64      772    (0)    1 :  0.013 0.027 0.456 0.004 0.081 0.170 0.046 0.057 0.011 0.002 0.077 0.057 
 65      773    (0)    1 :  0.084 0.002 0.871 0.012 0.004 0.003 0.005 0.004 0.006 0.002 0.004 0.004 
 66      774    (0)    1 :  0.020 0.011 0.901 0.003 0.009 0.005 0.007 0.008 0.015 0.003 0.010 0.008 
 67      775    (0)    1 :  0.142 0.370 0.242 0.006 0.006 0.015 0.197 0.006 0.004 0.002 0.006 0.005 
 68      776    (0)    1 :  0.020 0.006 0.942 0.003 0.004 0.005 0.005 0.003 0.004 0.002 0.004 0.003 
 69      777    (0)    1 :  0.033 0.011 0.089 0.006 0.008 0.004 0.814 0.008 0.007 0.003 0.010 0.007 
 70      778    (0)    1 :  0.931 0.003 0.040 0.003 0.003 0.003 0.004 0.003 0.002 0.002 0.003 0.003 
 71      779    (0)    1 :  0.007 0.920 0.007 0.002 0.004 0.003 0.038 0.004 0.004 0.002 0.004 0.004 
 72      780    (0)    1 :  0.010 0.627 0.245 0.003 0.015 0.005 0.047 0.016 0.004 0.002 0.009 0.018 
 73      781    (0)    1 :  0.609 0.034 0.162 0.006 0.023 0.014 0.076 0.030 0.006 0.002 0.014 0.025 
 74      782    (0)    1 :  0.058 0.028 0.461 0.011 0.013 0.016 0.370 0.011 0.007 0.002 0.013 0.011 
 75      783    (0)    1 :  0.009 0.024 0.065 0.004 0.007 0.007 0.846 0.006 0.017 0.002 0.008 0.005 
 76      784    (0)    1 :  0.067 0.024 0.083 0.006 0.018 0.009 0.727 0.024 0.004 0.002 0.016 0.020 
 77      785    (0)    1 :  0.028 0.045 0.334 0.005 0.006 0.004 0.554 0.007 0.002 0.001 0.005 0.007 
 78      786    (0)    1 :  0.904 0.016 0.029 0.003 0.005 0.003 0.019 0.005 0.004 0.002 0.005 0.005 
 79      787    (0)    1 :  0.014 0.024 0.845 0.004 0.012 0.005 0.030 0.012 0.032 0.002 0.008 0.013 
 80      793    (0)   10 :  0.003 0.005 0.014 0.002 0.257 0.007 0.003 0.066 0.033 0.004 0.576 0.031 
 81      794    (0)   10 :  0.008 0.005 0.102 0.003 0.217 0.010 0.030 0.204 0.008 0.008 0.127 0.279 
 82      828    (0)   10 :  0.003 0.003 0.010 0.004 0.096 0.033 0.003 0.412 0.048 0.005 0.173 0.210 
 83      829    (4)   10 :  0.005 0.005 0.025 0.002 0.258 0.007 0.009 0.080 0.013 0.001 0.547 0.047 
 84      830    (0)   10 :  0.012 0.004 0.012 0.028 0.208 0.059 0.007 0.114 0.025 0.004 0.449 0.076 
 85      831    (2)   10 :  0.009 0.011 0.010 0.011 0.240 0.021 0.005 0.036 0.006 0.008 0.629 0.014 
 86      832    (0)   10 :  0.009 0.008 0.015 0.003 0.096 0.592 0.008 0.070 0.031 0.006 0.070 0.092 
 87      833    (2)   10 :  0.013 0.004 0.016 0.004 0.158 0.006 0.005 0.212 0.071 0.009 0.379 0.124 
 88      835    (0)   10 :  0.018 0.011 0.024 0.135 0.156 0.045 0.008 0.170 0.109 0.052 0.096 0.177 
 89      870    (0)   10 :  0.006 0.009 0.009 0.007 0.211 0.047 0.005 0.168 0.086 0.002 0.285 0.165 
 90      871    (0)   10 :  0.004 0.011 0.013 0.003 0.090 0.012 0.010 0.440 0.007 0.002 0.192 0.217 
 91      451    (0)   11 :  0.008 0.095 0.012 0.003 0.231 0.005 0.041 0.159 0.007 0.007 0.193 0.240 
 92      452    (4)   11 :  0.013 0.013 0.012 0.005 0.008 0.901 0.016 0.009 0.004 0.002 0.008 0.009 
 93      453    (4)   11 :  0.009 0.004 0.005 0.007 0.012 0.916 0.003 0.010 0.004 0.002 0.019 0.008 
 94      454    (2)   11 :  0.038 0.006 0.013 0.008 0.080 0.021 0.005 0.449 0.014 0.009 0.155 0.202 
 95      455    (4)   11 :  0.030 0.008 0.015 0.013 0.082 0.028 0.006 0.436 0.008 0.002 0.175 0.197 
 96      795    (0)   11 :  0.008 0.003 0.009 0.006 0.011 0.904 0.005 0.019 0.012 0.002 0.009 0.014 
 97      796    (0)   11 :  0.019 0.010 0.007 0.003 0.229 0.019 0.009 0.253 0.003 0.003 0.209 0.237 
 98      802    (0)   11 :  0.094 0.020 0.018 0.003 0.014 0.794 0.006 0.015 0.004 0.001 0.013 0.017 
 99      804    (0)   11 :  0.036 0.011 0.019 0.006 0.092 0.077 0.017 0.414 0.019 0.002 0.102 0.206 
100      805    (0)   11 :  0.046 0.014 0.048 0.010 0.103 0.008 0.013 0.438 0.012 0.002 0.111 0.195 
101      851    (0)   11 :  0.003 0.002 0.003 0.004 0.005 0.948 0.003 0.005 0.008 0.009 0.005 0.004 
102      852    (0)   11 :  0.011 0.005 0.009 0.004 0.007 0.915 0.004 0.019 0.007 0.002 0.007 0.010 
103      854    (0)   11 :  0.003 0.004 0.010 0.008 0.262 0.021 0.004 0.232 0.015 0.002 0.040 0.399 
104      858    (0)   11 :  0.019 0.007 0.063 0.007 0.086 0.011 0.021 0.465 0.005 0.002 0.114 0.201 
105      859    (0)   11 :  0.117 0.138 0.195 0.013 0.111 0.028 0.031 0.117 0.036 0.002 0.073 0.140 
106      860    (0)   11 :  0.008 0.108 0.021 0.004 0.105 0.010 0.020 0.382 0.006 0.044 0.109 0.183 
107      862    (0)   11 :  0.015 0.030 0.009 0.007 0.006 0.903 0.007 0.005 0.006 0.001 0.006 0.006 
108      863    (0)   11 :  0.011 0.007 0.008 0.003 0.009 0.869 0.055 0.011 0.006 0.001 0.010 0.009 
109      450    (0)   12 :  0.011 0.008 0.022 0.019 0.267 0.016 0.016 0.136 0.010 0.004 0.347 0.143 
110      791    (0)   12 :  0.005 0.018 0.008 0.007 0.246 0.038 0.005 0.207 0.011 0.003 0.069 0.384 
111      792    (0)   12 :  0.006 0.004 0.005 0.022 0.194 0.003 0.005 0.157 0.013 0.200 0.181 0.211 
112      803    (0)   12 :  0.002 0.003 0.006 0.012 0.117 0.014 0.002 0.156 0.124 0.306 0.114 0.143 
113      806    (0)   12 :  0.002 0.003 0.003 0.007 0.241 0.007 0.005 0.225 0.085 0.009 0.128 0.283 
114      807    (0)   12 :  0.003 0.005 0.005 0.007 0.299 0.008 0.004 0.208 0.006 0.002 0.029 0.423 
115      808    (0)   12 :  0.009 0.005 0.014 0.003 0.149 0.008 0.012 0.331 0.019 0.004 0.225 0.222 
116      809    (0)   12 :  0.006 0.010 0.009 0.009 0.101 0.130 0.009 0.067 0.449 0.042 0.079 0.088 
117      810    (0)   12 :  0.008 0.005 0.020 0.026 0.273 0.010 0.010 0.169 0.016 0.054 0.116 0.293 
118      811    (0)   12 :  0.005 0.005 0.005 0.005 0.304 0.005 0.003 0.179 0.006 0.006 0.144 0.333 
119      812    (0)   12 :  0.011 0.004 0.009 0.019 0.212 0.014 0.004 0.198 0.138 0.004 0.099 0.288 
120      813    (0)   12 :  0.013 0.006 0.014 0.004 0.229 0.074 0.006 0.140 0.017 0.004 0.349 0.143 
121      814    (0)   12 :  0.009 0.006 0.032 0.007 0.230 0.011 0.011 0.093 0.009 0.006 0.510 0.076 
122      834    (0)   12 :  0.013 0.043 0.005 0.002 0.248 0.007 0.009 0.216 0.005 0.004 0.034 0.415 
123      844    (0)   12 :  0.009 0.519 0.037 0.004 0.080 0.038 0.050 0.091 0.011 0.002 0.073 0.085 
124      850    (0)   12 :  0.003 0.003 0.009 0.007 0.093 0.017 0.004 0.437 0.019 0.017 0.175 0.216 
125      856    (0)   12 :  0.003 0.006 0.004 0.016 0.160 0.011 0.003 0.439 0.005 0.005 0.100 0.249 
126      857    (0)   12 :  0.003 0.005 0.003 0.014 0.275 0.020 0.002 0.230 0.016 0.021 0.085 0.326 
127      861    (0)   12 :  0.019 0.022 0.016 0.017 0.173 0.031 0.009 0.200 0.030 0.005 0.344 0.134 
128      864    (0)   12 :  0.003 0.020 0.024 0.018 0.304 0.008 0.010 0.183 0.004 0.007 0.120 0.298 
129      865    (0)   12 :  0.059 0.009 0.126 0.010 0.098 0.009 0.302 0.115 0.029 0.006 0.143 0.094 
130      866    (0)   12 :  0.003 0.003 0.004 0.003 0.265 0.059 0.007 0.117 0.073 0.007 0.239 0.220 
131      867    (0)   12 :  0.005 0.012 0.032 0.021 0.258 0.007 0.012 0.199 0.030 0.015 0.090 0.316 
132      868    (0)   12 :  0.011 0.006 0.009 0.004 0.242 0.007 0.008 0.027 0.006 0.032 0.641 0.009 
133      869    (0)   12 :  0.008 0.007 0.007 0.008 0.260 0.004 0.004 0.202 0.005 0.067 0.029 0.401 
134      004    (0)   13 :  0.050 0.012 0.010 0.043 0.115 0.455 0.034 0.089 0.008 0.002 0.080 0.102 
135      008    (0)   13 :  0.056 0.003 0.021 0.028 0.189 0.036 0.072 0.180 0.038 0.002 0.201 0.174 
136      013    (0)   13 :  0.119 0.008 0.024 0.010 0.213 0.050 0.012 0.183 0.008 0.005 0.108 0.260 
137      109    (0)   13 :  0.007 0.005 0.007 0.011 0.253 0.006 0.020 0.220 0.003 0.002 0.114 0.352 
138      348    (0)   13 :  0.004 0.002 0.003 0.004 0.009 0.943 0.003 0.009 0.004 0.002 0.008 0.009 
139      115    (0)    2 :  0.804 0.017 0.030 0.002 0.005 0.006 0.116 0.005 0.005 0.001 0.004 0.005 
140      116    (0)    2 :  0.113 0.044 0.776 0.005 0.008 0.007 0.005 0.007 0.019 0.003 0.008 0.007 
141      117    (0)    2 :  0.014 0.072 0.783 0.005 0.024 0.012 0.017 0.021 0.012 0.002 0.016 0.022 
142      118    (0)    2 :  0.076 0.008 0.705 0.104 0.014 0.036 0.007 0.012 0.009 0.003 0.012 0.014 
143      119    (0)    2 :  0.026 0.007 0.848 0.007 0.010 0.008 0.009 0.009 0.046 0.010 0.007 0.012 
144      389    (0)    2 :  0.922 0.007 0.022 0.002 0.004 0.004 0.022 0.004 0.002 0.002 0.005 0.004 
145      548    (0)    2 :  0.018 0.009 0.924 0.007 0.005 0.004 0.006 0.005 0.005 0.004 0.005 0.006 
146      549    (0)    2 :  0.329 0.584 0.025 0.002 0.006 0.011 0.006 0.005 0.020 0.001 0.006 0.005 
147      550    (0)    2 :  0.055 0.015 0.694 0.011 0.032 0.031 0.013 0.027 0.066 0.005 0.020 0.031 
148      551    (0)    2 :  0.024 0.004 0.942 0.003 0.004 0.003 0.003 0.004 0.005 0.002 0.003 0.004 
149      552    (0)    2 :  0.042 0.682 0.125 0.002 0.020 0.043 0.018 0.014 0.014 0.002 0.024 0.014 
150      553    (0)    2 :  0.650 0.190 0.047 0.008 0.011 0.021 0.009 0.011 0.022 0.005 0.015 0.010 
151      009    (0)    3 :  0.136 0.020 0.069 0.002 0.004 0.003 0.746 0.004 0.004 0.004 0.004 0.004 
152      042    (0)    3 :  0.863 0.003 0.013 0.007 0.012 0.012 0.037 0.014 0.014 0.002 0.010 0.014 
153      044    (0)    3 :  0.105 0.009 0.018 0.003 0.016 0.010 0.760 0.015 0.028 0.002 0.023 0.012 
154      086    (0)    3 :  0.900 0.005 0.050 0.002 0.003 0.005 0.017 0.003 0.006 0.002 0.005 0.003 
155      087    (0)    3 :  0.005 0.004 0.004 0.002 0.004 0.004 0.962 0.004 0.003 0.001 0.003 0.004 
156      093    (0)    3 :  0.033 0.009 0.119 0.003 0.005 0.003 0.809 0.005 0.003 0.003 0.004 0.005 
157      095    (0)    3 :  0.248 0.010 0.079 0.010 0.028 0.007 0.448 0.027 0.085 0.005 0.025 0.028 
158      096    (0)    3 :  0.003 0.009 0.014 0.027 0.009 0.005 0.897 0.007 0.009 0.006 0.007 0.008 
159      097    (0)    3 :  0.074 0.008 0.093 0.003 0.007 0.008 0.772 0.007 0.012 0.002 0.007 0.007 
160      101    (0)    3 :  0.020 0.005 0.021 0.002 0.005 0.003 0.921 0.004 0.006 0.003 0.006 0.004 
161      183    (0)    3 :  0.005 0.006 0.004 0.003 0.003 0.004 0.963 0.003 0.003 0.002 0.003 0.003 
162      200    (0)    3 :  0.004 0.011 0.003 0.002 0.003 0.003 0.958 0.003 0.002 0.005 0.003 0.003 
163      210    (0)    3 :  0.058 0.004 0.013 0.002 0.004 0.006 0.890 0.006 0.003 0.003 0.005 0.005 
164      219    (0)    3 :  0.004 0.005 0.003 0.003 0.003 0.004 0.963 0.003 0.003 0.003 0.003 0.003 
165      230    (0)    3 :  0.038 0.011 0.019 0.003 0.005 0.013 0.888 0.005 0.007 0.002 0.005 0.005 
166      241    (0)    3 :  0.030 0.059 0.008 0.008 0.015 0.043 0.781 0.016 0.013 0.003 0.012 0.014 
167      307    (0)    3 :  0.900 0.028 0.007 0.003 0.005 0.013 0.015 0.007 0.008 0.003 0.006 0.005 
168      318    (0)    3 :  0.522 0.034 0.008 0.003 0.011 0.045 0.326 0.011 0.017 0.002 0.012 0.010 
169      323    (0)    3 :  0.024 0.007 0.011 0.002 0.006 0.004 0.923 0.005 0.003 0.002 0.005 0.006 
170      324    (0)    3 :  0.251 0.005 0.609 0.002 0.007 0.005 0.095 0.006 0.005 0.003 0.005 0.007 
171      325    (0)    3 :  0.948 0.004 0.004 0.002 0.003 0.003 0.023 0.003 0.003 0.002 0.003 0.003 
172      326    (0)    3 :  0.639 0.003 0.024 0.004 0.006 0.013 0.249 0.006 0.042 0.001 0.006 0.006 
173      338    (0)    3 :  0.005 0.005 0.011 0.003 0.005 0.004 0.950 0.005 0.004 0.001 0.004 0.004 
174      343    (0)    3 :  0.004 0.004 0.005 0.003 0.003 0.004 0.961 0.003 0.003 0.004 0.003 0.003 
175      379    (0)    3 :  0.131 0.015 0.014 0.003 0.006 0.008 0.797 0.008 0.002 0.001 0.006 0.007 
176      383    (0)    3 :  0.701 0.032 0.150 0.003 0.009 0.007 0.053 0.012 0.011 0.002 0.012 0.008 
177      385    (0)    3 :  0.008 0.004 0.008 0.003 0.005 0.004 0.950 0.005 0.003 0.001 0.005 0.004 
178      386    (0)    3 :  0.003 0.005 0.005 0.004 0.003 0.004 0.961 0.004 0.002 0.001 0.003 0.004 
179      387    (0)    3 :  0.004 0.016 0.010 0.012 0.006 0.003 0.913 0.005 0.004 0.016 0.006 0.005 
180      554    (0)    3 :  0.755 0.065 0.083 0.013 0.004 0.007 0.054 0.004 0.005 0.002 0.004 0.004 
181      877    (0)    3 :  0.393 0.048 0.482 0.003 0.005 0.005 0.037 0.007 0.007 0.003 0.005 0.006 
182      878    (0)    3 :  0.152 0.004 0.763 0.002 0.008 0.008 0.015 0.009 0.021 0.003 0.007 0.008 
183      880    (0)    3 :  0.011 0.012 0.915 0.005 0.006 0.020 0.004 0.006 0.009 0.001 0.005 0.006 
184      122    (0)    4 :  0.008 0.014 0.020 0.012 0.060 0.322 0.013 0.121 0.266 0.001 0.094 0.069 
185      123    (0)    4 :  0.002 0.003 0.003 0.003 0.015 0.015 0.004 0.018 0.900 0.006 0.012 0.018 
186      124    (0)    4 :  0.012 0.006 0.007 0.014 0.007 0.006 0.010 0.007 0.908 0.010 0.006 0.007 
187      125    (0)    4 :  0.003 0.004 0.004 0.002 0.006 0.004 0.003 0.005 0.956 0.002 0.006 0.005 
188      126    (0)    4 :  0.005 0.041 0.004 0.002 0.013 0.657 0.006 0.012 0.239 0.001 0.010 0.011 
189      128    (0)    4 :  0.002 0.004 0.004 0.015 0.020 0.011 0.004 0.017 0.879 0.003 0.025 0.016 
190      129    (0)    4 :  0.011 0.006 0.015 0.077 0.019 0.034 0.016 0.025 0.759 0.002 0.015 0.022 
191      130    (0)    4 :  0.025 0.006 0.029 0.005 0.010 0.022 0.007 0.010 0.865 0.001 0.011 0.009 
192      131    (0)    4 :  0.003 0.002 0.004 0.002 0.007 0.009 0.007 0.008 0.939 0.003 0.006 0.008 
193      132    (0)    4 :  0.012 0.008 0.021 0.010 0.006 0.005 0.012 0.005 0.899 0.007 0.009 0.005 
194      133    (0)    4 :  0.062 0.009 0.020 0.088 0.091 0.184 0.009 0.056 0.289 0.002 0.136 0.054 
195      134    (0)    4 :  0.003 0.003 0.011 0.007 0.029 0.014 0.007 0.052 0.790 0.018 0.027 0.039 
196      135    (0)    4 :  0.019 0.004 0.005 0.005 0.026 0.011 0.004 0.035 0.830 0.002 0.030 0.030 
197      136    (0)    4 :  0.004 0.004 0.005 0.008 0.013 0.006 0.002 0.032 0.881 0.009 0.015 0.021 
198      139    (0)    4 :  0.016 0.005 0.006 0.018 0.018 0.022 0.011 0.019 0.850 0.004 0.011 0.022 
199      140    (0)    4 :  0.005 0.005 0.030 0.019 0.046 0.015 0.012 0.044 0.735 0.003 0.020 0.067 
200      141    (0)    4 :  0.007 0.004 0.015 0.005 0.021 0.011 0.008 0.018 0.868 0.005 0.016 0.023 
201      142    (0)    4 :  0.012 0.004 0.021 0.005 0.005 0.003 0.016 0.005 0.917 0.002 0.005 0.006 
202      143    (0)    4 :  0.014 0.004 0.050 0.015 0.011 0.011 0.023 0.009 0.837 0.007 0.009 0.010 
203      144    (0)    4 :  0.004 0.009 0.014 0.007 0.025 0.024 0.008 0.020 0.840 0.003 0.023 0.023 
204      145    (0)    4 :  0.002 0.021 0.004 0.004 0.016 0.021 0.003 0.016 0.845 0.034 0.017 0.015 
205      148    (0)    4 :  0.005 0.009 0.017 0.003 0.049 0.010 0.008 0.099 0.687 0.003 0.042 0.069 
206      556    (0)    4 :  0.004 0.059 0.014 0.006 0.010 0.013 0.008 0.009 0.855 0.002 0.010 0.011 
207      557    (0)    4 :  0.004 0.003 0.008 0.003 0.007 0.005 0.004 0.006 0.929 0.017 0.007 0.007 
208      558    (0)    4 :  0.003 0.005 0.003 0.005 0.009 0.009 0.003 0.007 0.927 0.008 0.012 0.008 
209      559    (0)    4 :  0.019 0.002 0.008 0.008 0.009 0.016 0.005 0.011 0.899 0.002 0.009 0.011 
210      560    (0)    4 :  0.006 0.012 0.013 0.003 0.015 0.006 0.007 0.028 0.867 0.002 0.022 0.018 
211      561    (0)    4 :  0.013 0.002 0.007 0.003 0.003 0.003 0.004 0.003 0.953 0.001 0.003 0.003 
212      562    (0)    4 :  0.003 0.004 0.010 0.006 0.069 0.023 0.005 0.023 0.705 0.005 0.121 0.026 
213      563    (0)    4 :  0.003 0.002 0.007 0.010 0.079 0.021 0.003 0.058 0.674 0.010 0.038 0.095 
214      564    (0)    4 :  0.029 0.006 0.122 0.015 0.055 0.028 0.022 0.111 0.492 0.002 0.039 0.081 
215      565    (0)    4 :  0.002 0.002 0.006 0.003 0.004 0.004 0.002 0.004 0.964 0.002 0.004 0.004 
216      566    (0)    4 :  0.005 0.005 0.028 0.002 0.038 0.023 0.007 0.025 0.804 0.002 0.017 0.043 
217      567    (0)    4 :  0.003 0.005 0.004 0.004 0.010 0.004 0.003 0.009 0.936 0.003 0.009 0.011 
218      568    (0)    4 :  0.007 0.004 0.009 0.017 0.014 0.007 0.003 0.015 0.895 0.002 0.010 0.016 
219      569    (0)    4 :  0.003 0.005 0.005 0.004 0.006 0.005 0.004 0.007 0.937 0.011 0.007 0.006 
220      570    (0)    4 :  0.004 0.005 0.011 0.002 0.004 0.005 0.010 0.004 0.945 0.001 0.005 0.004 
221      613    (0)    4 :  0.006 0.007 0.004 0.004 0.005 0.005 0.004 0.005 0.947 0.002 0.005 0.004 
222      614    (0)    4 :  0.003 0.003 0.006 0.002 0.012 0.011 0.003 0.016 0.915 0.002 0.012 0.015 
223      615    (0)    4 :  0.016 0.008 0.035 0.003 0.013 0.032 0.021 0.015 0.823 0.005 0.013 0.014 
224      616    (0)    4 :  0.012 0.002 0.012 0.038 0.008 0.006 0.005 0.009 0.889 0.002 0.007 0.009 
225      617    (0)    4 :  0.011 0.009 0.017 0.004 0.028 0.009 0.017 0.019 0.839 0.004 0.017 0.026 
226      618    (0)    4 :  0.032 0.037 0.007 0.016 0.019 0.015 0.007 0.025 0.791 0.003 0.031 0.018 
227      619    (0)    4 :  0.001 0.002 0.002 0.004 0.225 0.006 0.001 0.177 0.009 0.162 0.052 0.359 
228      620    (0)    4 :  0.006 0.017 0.008 0.003 0.011 0.015 0.008 0.013 0.895 0.004 0.010 0.010 
229      621    (0)    4 :  0.010 0.015 0.030 0.003 0.010 0.071 0.008 0.008 0.826 0.002 0.009 0.009 
230      622    (0)    4 :  0.004 0.003 0.008 0.005 0.004 0.002 0.005 0.005 0.953 0.003 0.005 0.004 
231      623    (0)    4 :  0.005 0.004 0.004 0.002 0.004 0.006 0.005 0.004 0.956 0.002 0.004 0.004 
232      624    (0)    4 :  0.018 0.005 0.018 0.006 0.015 0.037 0.008 0.017 0.844 0.003 0.012 0.018 
233      625    (0)    4 :  0.017 0.029 0.010 0.003 0.014 0.576 0.005 0.009 0.312 0.002 0.012 0.012 
234      626    (0)    4 :  0.008 0.003 0.005 0.006 0.007 0.008 0.008 0.007 0.934 0.003 0.005 0.008 
235      627    (0)    4 :  0.038 0.026 0.011 0.011 0.042 0.016 0.006 0.032 0.743 0.003 0.033 0.038 
236      628    (0)    4 :  0.004 0.010 0.006 0.004 0.007 0.004 0.003 0.008 0.935 0.005 0.007 0.007 
237      629    (0)    4 :  0.004 0.005 0.010 0.012 0.010 0.012 0.003 0.009 0.914 0.002 0.011 0.009 
238      630    (0)    4 :  0.003 0.003 0.004 0.002 0.005 0.003 0.004 0.005 0.958 0.004 0.005 0.005 
239      631    (0)    4 :  0.004 0.003 0.003 0.028 0.004 0.004 0.004 0.004 0.932 0.004 0.004 0.004 
240      632    (0)    4 :  0.019 0.097 0.009 0.013 0.017 0.095 0.012 0.021 0.680 0.004 0.014 0.019 
241      633    (0)    4 :  0.005 0.004 0.011 0.013 0.052 0.015 0.009 0.080 0.686 0.008 0.063 0.053 
242      634    (0)    4 :  0.004 0.003 0.006 0.006 0.009 0.011 0.002 0.009 0.919 0.013 0.009 0.009 
243      635    (0)    4 :  0.003 0.003 0.005 0.003 0.006 0.009 0.002 0.005 0.949 0.003 0.006 0.005 
244      636    (0)    4 :  0.010 0.004 0.008 0.003 0.006 0.005 0.005 0.004 0.940 0.003 0.008 0.004 
245      637    (0)    4 :  0.004 0.009 0.021 0.006 0.165 0.007 0.010 0.339 0.098 0.001 0.106 0.234 
246      638    (0)    4 :  0.019 0.004 0.007 0.014 0.013 0.008 0.027 0.013 0.867 0.002 0.013 0.013 
247      639    (0)    4 :  0.006 0.004 0.047 0.010 0.137 0.028 0.006 0.094 0.471 0.003 0.063 0.131 
248      640    (0)    4 :  0.013 0.005 0.029 0.005 0.007 0.006 0.007 0.007 0.907 0.001 0.007 0.006 
249      689    (0)    4 :  0.007 0.005 0.004 0.003 0.006 0.009 0.009 0.006 0.937 0.001 0.006 0.006 
250      690    (0)    4 :  0.004 0.007 0.011 0.006 0.015 0.008 0.009 0.009 0.886 0.017 0.018 0.010 
251      691    (0)    4 :  0.013 0.075 0.010 0.002 0.008 0.017 0.006 0.008 0.841 0.002 0.011 0.007 
252      692    (0)    4 :  0.003 0.002 0.005 0.007 0.033 0.051 0.003 0.033 0.767 0.009 0.065 0.022 
253      693    (0)    4 :  0.003 0.003 0.004 0.003 0.005 0.006 0.003 0.005 0.954 0.002 0.006 0.005 
254      694    (0)    4 :  0.003 0.002 0.003 0.007 0.004 0.003 0.003 0.004 0.961 0.003 0.003 0.004 
255      695    (0)    4 :  0.007 0.002 0.010 0.003 0.004 0.003 0.006 0.004 0.954 0.001 0.004 0.003 
256      696    (0)    4 :  0.007 0.005 0.004 0.002 0.004 0.003 0.003 0.004 0.957 0.003 0.004 0.004 
257      697    (0)    4 :  0.007 0.011 0.008 0.006 0.004 0.007 0.003 0.004 0.938 0.003 0.005 0.004 
258      698    (0)    4 :  0.006 0.004 0.005 0.002 0.028 0.016 0.004 0.017 0.854 0.003 0.042 0.019 
259      699    (0)    4 :  0.005 0.006 0.004 0.003 0.005 0.004 0.005 0.006 0.949 0.001 0.005 0.005 
260      700    (0)    4 :  0.010 0.004 0.009 0.005 0.010 0.009 0.033 0.011 0.886 0.006 0.008 0.009 
261      701    (2)    4 :  0.006 0.003 0.010 0.005 0.018 0.023 0.007 0.013 0.874 0.003 0.022 0.016 
262      702    (0)    4 :  0.009 0.043 0.044 0.002 0.015 0.015 0.005 0.008 0.820 0.005 0.025 0.009 
263      703    (0)    4 :  0.007 0.002 0.003 0.002 0.006 0.019 0.005 0.005 0.935 0.004 0.006 0.005 
264      704    (0)    4 :  0.006 0.003 0.009 0.011 0.011 0.005 0.004 0.011 0.919 0.001 0.010 0.010 
265      390    (0)    5 :  0.076 0.829 0.022 0.004 0.006 0.006 0.031 0.006 0.004 0.007 0.005 0.006 
266      391    (0)    5 :  0.013 0.020 0.038 0.005 0.009 0.007 0.863 0.009 0.011 0.009 0.007 0.009 
267      392    (0)    5 :  0.072 0.029 0.036 0.025 0.141 0.014 0.261 0.072 0.042 0.037 0.193 0.076 
268      393    (0)    5 :  0.368 0.500 0.016 0.002 0.010 0.007 0.050 0.017 0.005 0.003 0.010 0.013 
269      394    (0)    5 :  0.108 0.794 0.010 0.004 0.015 0.012 0.005 0.016 0.005 0.002 0.012 0.017 
270      647    (0)    5 :  0.418 0.052 0.273 0.004 0.024 0.093 0.047 0.016 0.020 0.004 0.035 0.014 
271      648    (0)    5 :  0.186 0.084 0.609 0.005 0.008 0.013 0.060 0.009 0.008 0.002 0.009 0.008 
272      007    (0)    6 :  0.009 0.002 0.007 0.928 0.008 0.004 0.005 0.006 0.010 0.008 0.007 0.008 
273      012    (0)    6 :  0.032 0.005 0.006 0.823 0.018 0.045 0.006 0.018 0.011 0.005 0.015 0.017 
274      020    (0)    6 :  0.007 0.015 0.045 0.580 0.094 0.009 0.006 0.078 0.005 0.002 0.027 0.132 
275      021    (0)    6 :  0.002 0.002 0.002 0.972 0.003 0.005 0.002 0.002 0.003 0.001 0.002 0.003 
276      022    (0)    6 :  0.004 0.005 0.004 0.810 0.018 0.077 0.005 0.016 0.004 0.019 0.021 0.017 
277      034    (0)    6 :  0.007 0.014 0.009 0.904 0.010 0.007 0.009 0.008 0.011 0.006 0.007 0.010 
278      049    (0)    6 :  0.002 0.002 0.003 0.973 0.003 0.002 0.002 0.003 0.003 0.002 0.002 0.003 
279      062    (0)    6 :  0.002 0.002 0.002 0.978 0.003 0.002 0.001 0.002 0.002 0.001 0.003 0.003 
280      089    (0)    6 :  0.002 0.002 0.002 0.979 0.002 0.002 0.003 0.002 0.002 0.001 0.002 0.002 
281      092    (0)    6 :  0.002 0.001 0.002 0.982 0.001 0.002 0.002 0.002 0.002 0.001 0.001 0.002 
282      100    (0)    6 :  0.009 0.004 0.007 0.945 0.004 0.004 0.008 0.004 0.006 0.002 0.003 0.004 
283      105    (0)    6 :  0.004 0.005 0.007 0.927 0.009 0.003 0.015 0.009 0.004 0.001 0.007 0.009 
284      205    (0)    6 :  0.003 0.004 0.005 0.911 0.012 0.008 0.006 0.014 0.007 0.004 0.011 0.014 
285      206    (0)    6 :  0.058 0.028 0.031 0.641 0.037 0.041 0.019 0.040 0.017 0.003 0.054 0.033 
286      207    (0)    6 :  0.007 0.003 0.007 0.937 0.007 0.006 0.004 0.008 0.005 0.002 0.006 0.007 
287      208    (0)    6 :  0.009 0.003 0.019 0.859 0.019 0.017 0.013 0.017 0.006 0.002 0.016 0.019 
288      209    (0)    6 :  0.005 0.005 0.004 0.686 0.060 0.014 0.004 0.092 0.003 0.002 0.052 0.073 
289      377    (0)    6 :  0.003 0.003 0.005 0.960 0.003 0.006 0.003 0.003 0.006 0.003 0.003 0.003 
290      881    (0)    6 :  0.005 0.003 0.002 0.970 0.003 0.003 0.003 0.002 0.003 0.002 0.003 0.002 
291      003    (0)    7 :  0.002 0.003 0.003 0.022 0.006 0.009 0.002 0.007 0.004 0.932 0.005 0.006 
292      108    (0)    7 :  0.001 0.002 0.001 0.002 0.002 0.001 0.001 0.002 0.002 0.983 0.002 0.002 
293      194    (0)    7 :  0.010 0.013 0.006 0.013 0.007 0.005 0.012 0.008 0.004 0.907 0.007 0.007 
294      232    (0)    7 :  0.002 0.003 0.002 0.003 0.004 0.003 0.003 0.004 0.003 0.964 0.003 0.005 
295      321    (0)    7 :  0.002 0.001 0.002 0.002 0.002 0.002 0.003 0.002 0.002 0.977 0.002 0.003 
296      322    (0)    7 :  0.001 0.002 0.002 0.004 0.002 0.001 0.001 0.002 0.002 0.980 0.002 0.002 
297      329    (0)    7 :  0.001 0.002 0.001 0.001 0.002 0.002 0.002 0.002 0.002 0.981 0.002 0.002 
298      330    (0)    7 :  0.001 0.001 0.001 0.003 0.002 0.002 0.001 0.003 0.002 0.978 0.003 0.002 
299      342    (0)    7 :  0.002 0.010 0.004 0.002 0.016 0.003 0.005 0.012 0.006 0.910 0.016 0.016 
300      347    (0)    7 :  0.003 0.003 0.005 0.060 0.008 0.009 0.007 0.008 0.009 0.873 0.006 0.009 
301      801    (0)    8 :  0.005 0.004 0.018 0.026 0.257 0.025 0.003 0.127 0.068 0.005 0.261 0.201 
302      815    (0)    8 :  0.002 0.002 0.005 0.061 0.190 0.011 0.004 0.246 0.036 0.005 0.197 0.241 
303      816    (0)    8 :  0.037 0.009 0.041 0.006 0.065 0.585 0.014 0.062 0.032 0.002 0.100 0.047 
304      817    (0)    8 :  0.004 0.003 0.005 0.006 0.270 0.007 0.005 0.210 0.006 0.013 0.042 0.430 
305      818    (0)    8 :  0.006 0.006 0.016 0.003 0.197 0.011 0.007 0.348 0.034 0.002 0.071 0.297 
306      819    (0)    8 :  0.016 0.004 0.009 0.006 0.147 0.169 0.003 0.247 0.008 0.007 0.209 0.174 
307      820    (2)    8 :  0.007 0.010 0.024 0.014 0.248 0.007 0.004 0.223 0.011 0.001 0.098 0.354 
308      821    (0)    8 :  0.004 0.009 0.005 0.003 0.186 0.202 0.013 0.261 0.005 0.002 0.067 0.242 
309      822    (0)    8 :  0.004 0.008 0.009 0.005 0.155 0.010 0.010 0.122 0.008 0.263 0.316 0.089 
310      853    (0)    8 :  0.010 0.005 0.014 0.003 0.243 0.010 0.035 0.202 0.019 0.010 0.180 0.270 
311      797    (0)    9 :  0.030 0.010 0.017 0.014 0.219 0.027 0.086 0.178 0.015 0.002 0.095 0.307 
312      798    (0)    9 :  0.006 0.004 0.012 0.003 0.217 0.082 0.014 0.277 0.005 0.002 0.087 0.293 
313      799    (0)    9 :  0.003 0.002 0.003 0.044 0.265 0.007 0.003 0.222 0.010 0.003 0.022 0.416 
314      800    (0)    9 :  0.012 0.028 0.025 0.003 0.204 0.078 0.004 0.203 0.087 0.006 0.166 0.184 
315      823    (0)    9 :  0.008 0.005 0.008 0.363 0.170 0.030 0.006 0.133 0.006 0.013 0.088 0.169 
316      824    (0)    9 :  0.003 0.004 0.007 0.003 0.254 0.006 0.005 0.023 0.003 0.003 0.686 0.004 
317      825    (0)    9 :  0.006 0.003 0.003 0.012 0.287 0.045 0.008 0.170 0.018 0.004 0.208 0.237 
318      826    (0)    9 :  0.015 0.086 0.033 0.004 0.089 0.035 0.006 0.134 0.411 0.033 0.042 0.112 
319      827    (0)    9 :  0.025 0.007 0.071 0.004 0.079 0.005 0.046 0.420 0.007 0.002 0.139 0.195 
320      836    (0)    9 :  0.012 0.006 0.018 0.003 0.247 0.013 0.006 0.203 0.010 0.001 0.117 0.362 
321      837    (0)    9 :  0.004 0.004 0.011 0.004 0.263 0.005 0.012 0.186 0.021 0.045 0.080 0.365 
322      838    (0)    9 :  0.007 0.015 0.011 0.003 0.193 0.042 0.006 0.126 0.163 0.002 0.304 0.127 
323      839    (0)    9 :  0.033 0.030 0.067 0.016 0.193 0.035 0.010 0.210 0.021 0.003 0.067 0.314 
324      840    (0)    9 :  0.002 0.002 0.002 0.013 0.254 0.094 0.002 0.183 0.014 0.002 0.160 0.271 
325      841    (0)    9 :  0.021 0.058 0.011 0.007 0.179 0.131 0.045 0.227 0.013 0.003 0.097 0.207 
326      842    (0)    9 :  0.013 0.003 0.017 0.005 0.259 0.013 0.027 0.212 0.014 0.002 0.149 0.285 
327      843    (0)    9 :  0.004 0.005 0.017 0.004 0.275 0.016 0.005 0.195 0.020 0.002 0.112 0.345 
328      845    (0)    9 :  0.006 0.008 0.030 0.004 0.275 0.013 0.034 0.169 0.007 0.002 0.244 0.207 
329      846    (0)    9 :  0.011 0.010 0.052 0.011 0.223 0.079 0.005 0.201 0.018 0.006 0.054 0.330 
330      847    (2)    9 :  0.004 0.005 0.005 0.130 0.174 0.015 0.005 0.145 0.025 0.220 0.092 0.180 
331      848    (0)    9 :  0.006 0.003 0.015 0.007 0.257 0.004 0.004 0.197 0.067 0.011 0.033 0.396 
332      849    (0)    9 :  0.030 0.013 0.326 0.005 0.152 0.013 0.007 0.120 0.043 0.053 0.044 0.194 
333      855    (0)    9 :  0.075 0.015 0.134 0.003 0.198 0.032 0.035 0.134 0.014 0.008 0.158 0.195 


Estimated Allele Frequencies in each cluster
First column gives estimated ancestral frequencies


Locus 1 : 1 
4 alleles
0.0% missing data
  89   (0.500) 0.635 0.371 0.525 0.635 0.488 0.605 0.673 0.518 0.425 0.095 0.477 0.506 
  91   (0.356) 0.330 0.612 0.349 0.322 0.371 0.232 0.153 0.330 0.538 0.556 0.404 0.334 
  93   (0.127) 0.033 0.016 0.125 0.041 0.126 0.158 0.173 0.140 0.035 0.045 0.111 0.143 
  99   (0.017) 0.001 0.002 0.002 0.002 0.015 0.005 0.002 0.013 0.001 0.305 0.008 0.018 

Locus 2 : 2 
6 alleles
0.0% missing data
 136   (0.399) 0.394 0.455 0.702 0.540 0.374 0.312 0.360 0.396 0.516 0.064 0.368 0.385 
 138   (0.246) 0.165 0.368 0.168 0.114 0.246 0.240 0.482 0.225 0.100 0.892 0.265 0.226 
 134   (0.241) 0.332 0.157 0.102 0.334 0.258 0.418 0.041 0.234 0.295 0.028 0.263 0.245 
 140   (0.072) 0.106 0.015 0.024 0.008 0.079 0.020 0.113 0.101 0.007 0.009 0.075 0.090 
 142   (0.023) 0.002 0.003 0.002 0.002 0.017 0.006 0.002 0.024 0.080 0.003 0.014 0.023 
 132   (0.018) 0.002 0.002 0.001 0.002 0.025 0.004 0.002 0.021 0.001 0.003 0.016 0.030 

Locus 3 : 3 
6 alleles
0.0% missing data
 181   (0.190) 0.134 0.131 0.133 0.063 0.191 0.173 0.068 0.160 0.305 0.162 0.194 0.171 
 187   (0.350) 0.678 0.251 0.462 0.480 0.318 0.231 0.473 0.328 0.171 0.784 0.275 0.345 
 179   (0.311) 0.175 0.599 0.392 0.032 0.315 0.405 0.279 0.335 0.473 0.033 0.363 0.296 
 191   (0.034) 0.003 0.004 0.004 0.216 0.029 0.080 0.169 0.018 0.002 0.003 0.047 0.017 
 185   (0.069) 0.006 0.009 0.006 0.200 0.095 0.019 0.007 0.102 0.018 0.012 0.095 0.103 
 175   (0.046) 0.004 0.005 0.004 0.009 0.051 0.092 0.004 0.057 0.031 0.005 0.028 0.068 

Locus 4 : 4 
12 alleles
0.0% missing data
 253   (0.465) 0.793 0.753 0.582 0.411 0.430 0.576 0.570 0.465 0.608 0.390 0.426 0.433 
 241   (0.156) 0.028 0.089 0.140 0.120 0.174 0.070 0.031 0.170 0.187 0.073 0.155 0.186 
 269   (0.191) 0.056 0.124 0.156 0.078 0.191 0.303 0.113 0.198 0.189 0.342 0.193 0.199 
 249   (0.042) 0.108 0.010 0.053 0.004 0.028 0.011 0.241 0.024 0.003 0.089 0.023 0.029 
 271   (0.040) 0.005 0.011 0.060 0.004 0.069 0.012 0.008 0.034 0.006 0.010 0.111 0.036 
 265   (0.009) 0.001 0.001 0.001 0.001 0.007 0.002 0.001 0.006 0.001 0.001 0.005 0.008 
 247   (0.047) 0.004 0.005 0.004 0.374 0.066 0.015 0.004 0.071 0.003 0.005 0.058 0.074 
 273   (0.011) 0.001 0.001 0.001 0.001 0.011 0.003 0.001 0.010 0.001 0.002 0.011 0.011 
 245   (0.009) 0.001 0.001 0.001 0.001 0.008 0.002 0.001 0.006 0.001 0.001 0.005 0.008 
 235   (0.009) 0.001 0.001 0.001 0.001 0.004 0.002 0.014 0.004 0.001 0.001 0.004 0.004 
 267   (0.009) 0.001 0.001 0.001 0.001 0.004 0.002 0.014 0.004 0.001 0.001 0.003 0.004 
 239   (0.013) 0.001 0.001 0.001 0.004 0.008 0.003 0.001 0.007 0.001 0.085 0.006 0.008 

Locus 5 : 5 
5 alleles
0.9% missing data
 103   (0.904) 0.976 0.988 0.975 0.892 0.905 0.972 0.910 0.929 0.833 0.989 0.899 0.918 
 104   (0.030) 0.003 0.004 0.020 0.003 0.022 0.009 0.084 0.018 0.020 0.003 0.023 0.018 
 105   (0.041) 0.004 0.005 0.003 0.004 0.057 0.013 0.004 0.037 0.145 0.006 0.068 0.044 
 107   (0.009) 0.016 0.001 0.001 0.001 0.004 0.002 0.001 0.004 0.001 0.001 0.004 0.004 
 102   (0.016) 0.001 0.002 0.001 0.100 0.012 0.004 0.001 0.012 0.001 0.001 0.007 0.016 

Locus 6 : 6 
6 alleles
0.0% missing data
 135   (0.271) 0.059 0.509 0.199 0.508 0.285 0.152 0.211 0.236 0.229 0.807 0.274 0.271 
 141   (0.315) 0.745 0.404 0.529 0.134 0.297 0.223 0.481 0.283 0.404 0.032 0.293 0.294 
 145   (0.332) 0.185 0.077 0.186 0.203 0.350 0.603 0.236 0.412 0.320 0.152 0.388 0.358 
 147   (0.057) 0.007 0.007 0.084 0.148 0.044 0.016 0.059 0.049 0.045 0.005 0.033 0.048 
 137   (0.016) 0.001 0.002 0.001 0.006 0.019 0.004 0.001 0.017 0.001 0.002 0.008 0.025 
 143   (0.009) 0.003 0.001 0.001 0.001 0.004 0.002 0.011 0.004 0.001 0.001 0.004 0.004 

Locus 7 : 7 
10 alleles
0.3% missing data
  89   (0.073) 0.014 0.103 0.073 0.009 0.081 0.021 0.009 0.092 0.039 0.007 0.080 0.088 
 103   (0.344) 0.374 0.169 0.266 0.331 0.361 0.394 0.304 0.380 0.602 0.041 0.374 0.371 
  93   (0.241) 0.195 0.371 0.404 0.171 0.219 0.172 0.445 0.236 0.154 0.337 0.188 0.237 
  97   (0.187) 0.393 0.102 0.229 0.288 0.184 0.251 0.060 0.178 0.076 0.175 0.175 0.184 
  85   (0.038) 0.004 0.005 0.013 0.004 0.051 0.009 0.165 0.026 0.067 0.005 0.086 0.023 
  91   (0.044) 0.014 0.242 0.009 0.143 0.029 0.011 0.005 0.026 0.038 0.304 0.021 0.030 
 101   (0.012) 0.002 0.001 0.001 0.001 0.013 0.003 0.007 0.008 0.001 0.002 0.021 0.006 
  83   (0.039) 0.003 0.005 0.003 0.052 0.042 0.130 0.004 0.038 0.022 0.004 0.034 0.043 
  99   (0.011) 0.001 0.001 0.001 0.001 0.011 0.006 0.001 0.012 0.001 0.001 0.006 0.013 
 105   (0.012) 0.001 0.001 0.001 0.001 0.010 0.003 0.001 0.006 0.001 0.125 0.015 0.005 

Locus 8 : 8 
10 alleles
0.0% missing data
 129   (0.570) 0.523 0.790 0.601 0.605 0.617 0.666 0.655 0.595 0.497 0.374 0.634 0.604 
 141   (0.080) 0.141 0.026 0.144 0.073 0.055 0.094 0.197 0.052 0.090 0.008 0.046 0.055 
 149   (0.066) 0.278 0.048 0.108 0.042 0.049 0.059 0.087 0.053 0.004 0.008 0.040 0.055 
 143   (0.214) 0.050 0.128 0.141 0.245 0.237 0.141 0.037 0.253 0.399 0.362 0.247 0.239 
 131   (0.012) 0.002 0.001 0.001 0.001 0.006 0.003 0.006 0.006 0.001 0.167 0.006 0.006 
 127   (0.015) 0.001 0.002 0.001 0.028 0.009 0.004 0.002 0.009 0.001 0.038 0.007 0.009 
 145   (0.012) 0.001 0.001 0.001 0.001 0.006 0.026 0.001 0.006 0.006 0.002 0.005 0.006 
 133   (0.014) 0.001 0.002 0.002 0.001 0.014 0.004 0.001 0.018 0.001 0.002 0.008 0.018 
 121   (0.008) 0.001 0.001 0.001 0.001 0.004 0.002 0.013 0.004 0.001 0.001 0.003 0.004 
 128   (0.009) 0.001 0.001 0.001 0.001 0.004 0.002 0.001 0.004 0.001 0.038 0.003 0.004 

Locus 9 : 9 
4 alleles
0.0% missing data
 189   (0.404) 0.217 0.305 0.301 0.488 0.461 0.398 0.226 0.450 0.192 0.494 0.480 0.451 
 191   (0.395) 0.647 0.654 0.532 0.471 0.369 0.305 0.603 0.329 0.443 0.362 0.354 0.361 
 195   (0.188) 0.135 0.038 0.161 0.040 0.161 0.293 0.169 0.212 0.364 0.143 0.159 0.177 
 193   (0.013) 0.001 0.003 0.007 0.001 0.010 0.004 0.002 0.009 0.001 0.001 0.006 0.010 

Locus 10 : 10 
7 alleles
0.0% missing data
 232   (0.239) 0.289 0.669 0.396 0.299 0.196 0.264 0.431 0.228 0.134 0.166 0.149 0.230 
 238   (0.528) 0.547 0.267 0.432 0.216 0.571 0.641 0.457 0.572 0.597 0.330 0.600 0.558 
 252   (0.121) 0.148 0.042 0.156 0.171 0.120 0.061 0.066 0.101 0.194 0.012 0.160 0.094 
 254   (0.059) 0.012 0.015 0.012 0.304 0.054 0.018 0.028 0.041 0.066 0.486 0.052 0.047 
 250   (0.028) 0.003 0.003 0.002 0.003 0.036 0.008 0.003 0.036 0.007 0.003 0.024 0.044 
 240   (0.009) 0.001 0.001 0.001 0.001 0.004 0.002 0.014 0.004 0.001 0.001 0.003 0.004 
 248   (0.015) 0.001 0.002 0.001 0.008 0.019 0.005 0.002 0.020 0.001 0.001 0.012 0.024 

Locus 11 : 11 
5 alleles
0.0% missing data
  87   (0.716) 0.589 0.333 0.742 0.607 0.736 0.685 0.760 0.766 0.777 0.810 0.677 0.775 
  89   (0.214) 0.078 0.617 0.236 0.280 0.207 0.288 0.172 0.186 0.218 0.184 0.255 0.175 
  91   (0.052) 0.331 0.048 0.021 0.102 0.045 0.023 0.066 0.035 0.004 0.005 0.060 0.035 
  85   (0.009) 0.001 0.001 0.001 0.001 0.007 0.002 0.001 0.006 0.001 0.001 0.004 0.009 
  83   (0.009) 0.001 0.001 0.001 0.010 0.006 0.002 0.001 0.006 0.001 0.001 0.005 0.006 

Locus 12 : 12 
13 alleles
0.0% missing data
 147   (0.056) 0.054 0.252 0.184 0.005 0.035 0.015 0.031 0.068 0.132 0.005 0.038 0.046 
 158   (0.224) 0.370 0.155 0.541 0.060 0.206 0.310 0.484 0.184 0.266 0.022 0.189 0.201 
 162   (0.253) 0.217 0.124 0.117 0.272 0.287 0.154 0.265 0.244 0.330 0.188 0.325 0.260 
 160   (0.253) 0.262 0.337 0.118 0.643 0.274 0.350 0.152 0.264 0.066 0.483 0.281 0.268 
 170   (0.037) 0.010 0.005 0.019 0.003 0.047 0.016 0.004 0.065 0.003 0.003 0.028 0.058 
 161   (0.089) 0.070 0.117 0.013 0.009 0.085 0.110 0.038 0.086 0.186 0.008 0.080 0.088 
 154   (0.013) 0.001 0.002 0.001 0.001 0.015 0.003 0.001 0.015 0.001 0.001 0.010 0.019 
 159   (0.013) 0.001 0.002 0.001 0.001 0.007 0.026 0.001 0.013 0.001 0.001 0.008 0.009 
 149   (0.015) 0.001 0.002 0.002 0.001 0.014 0.004 0.001 0.033 0.001 0.003 0.016 0.020 
 143   (0.018) 0.001 0.002 0.001 0.002 0.012 0.005 0.002 0.012 0.013 0.282 0.011 0.012 
 164   (0.011) 0.010 0.002 0.001 0.001 0.005 0.003 0.019 0.005 0.001 0.001 0.004 0.005 
 165   (0.009) 0.001 0.001 0.001 0.001 0.007 0.002 0.001 0.006 0.001 0.002 0.004 0.009 
 134   (0.008) 0.001 0.001 0.001 0.001 0.007 0.002 0.001 0.006 0.001 0.001 0.007 0.006 

Locus 13 : 13 
4 alleles
0.0% missing data
 113   (0.345) 0.281 0.566 0.258 0.479 0.306 0.407 0.456 0.349 0.367 0.461 0.261 0.336 
 115   (0.484) 0.651 0.340 0.520 0.478 0.531 0.342 0.345 0.521 0.457 0.135 0.558 0.522 
 108   (0.162) 0.067 0.093 0.222 0.042 0.156 0.249 0.198 0.124 0.175 0.404 0.176 0.134 
 110   (0.009) 0.001 0.001 0.001 0.001 0.007 0.002 0.001 0.006 0.001 0.001 0.005 0.007 

Locus 14 : 14 
10 alleles
0.0% missing data
 229   (0.433) 0.498 0.631 0.535 0.397 0.451 0.459 0.378 0.478 0.317 0.070 0.419 0.482 
 225   (0.129) 0.022 0.033 0.119 0.148 0.156 0.067 0.054 0.128 0.065 0.055 0.163 0.140 
 231   (0.168) 0.073 0.039 0.105 0.428 0.171 0.056 0.141 0.147 0.461 0.435 0.179 0.157 
 233   (0.064) 0.191 0.262 0.044 0.007 0.043 0.019 0.054 0.055 0.019 0.128 0.038 0.051 
 227   (0.162) 0.212 0.029 0.194 0.016 0.150 0.365 0.359 0.166 0.134 0.306 0.175 0.140 
 213   (0.008) 0.001 0.001 0.001 0.001 0.007 0.002 0.001 0.006 0.001 0.001 0.005 0.008 
 221   (0.009) 0.001 0.001 0.001 0.001 0.004 0.024 0.001 0.004 0.001 0.001 0.003 0.004 
 255   (0.009) 0.001 0.003 0.001 0.001 0.004 0.004 0.010 0.004 0.001 0.001 0.004 0.004 
 223   (0.009) 0.001 0.001 0.001 0.001 0.007 0.002 0.001 0.006 0.001 0.002 0.004 0.009 
 203   (0.009) 0.001 0.001 0.001 0.001 0.007 0.003 0.001 0.006 0.001 0.001 0.010 0.006 

Locus 15 : 15 
5 alleles
0.3% missing data
 143   (0.915) 0.992 0.989 0.991 0.856 0.929 0.977 0.937 0.927 0.910 0.721 0.932 0.932 
 157   (0.012) 0.001 0.002 0.003 0.001 0.011 0.003 0.001 0.009 0.001 0.001 0.007 0.012 
 145   (0.043) 0.004 0.005 0.004 0.004 0.033 0.013 0.059 0.041 0.087 0.275 0.027 0.037 
 147   (0.021) 0.002 0.002 0.002 0.045 0.023 0.005 0.002 0.020 0.001 0.002 0.031 0.015 
 133   (0.009) 0.001 0.001 0.001 0.094 0.004 0.002 0.001 0.004 0.001 0.001 0.003 0.004 

Locus 16 : 16 
5 alleles
0.0% missing data
 158   (0.495) 0.485 0.477 0.690 0.470 0.513 0.529 0.420 0.519 0.465 0.433 0.505 0.518 
 160   (0.139) 0.256 0.056 0.115 0.071 0.119 0.103 0.169 0.177 0.144 0.014 0.104 0.148 
 156   (0.279) 0.213 0.455 0.151 0.378 0.294 0.340 0.336 0.231 0.323 0.473 0.340 0.248 
 154   (0.079) 0.046 0.011 0.043 0.081 0.069 0.026 0.075 0.061 0.068 0.080 0.046 0.079 
 152   (0.009) 0.001 0.001 0.001 0.001 0.005 0.002 0.001 0.011 0.001 0.001 0.005 0.007 

Locus 17 : 17 
5 alleles
0.0% missing data
  90   (0.689) 0.693 0.843 0.743 0.633 0.690 0.703 0.680 0.668 0.826 0.526 0.688 0.683 
 102   (0.193) 0.246 0.106 0.228 0.355 0.162 0.229 0.307 0.186 0.161 0.020 0.162 0.170 
  88   (0.053) 0.056 0.043 0.024 0.006 0.054 0.039 0.007 0.057 0.008 0.005 0.048 0.053 
 100   (0.056) 0.005 0.006 0.005 0.005 0.087 0.027 0.006 0.083 0.004 0.447 0.098 0.085 
 104   (0.009) 0.001 0.001 0.001 0.001 0.007 0.002 0.001 0.007 0.001 0.001 0.005 0.009 

Locus 18 : 18 
7 alleles
0.0% missing data
 142   (0.127) 0.326 0.598 0.328 0.015 0.135 0.034 0.427 0.117 0.009 0.012 0.118 0.141 
 146   (0.111) 0.046 0.089 0.071 0.106 0.097 0.055 0.209 0.111 0.067 0.019 0.085 0.104 
 127   (0.296) 0.303 0.063 0.268 0.188 0.273 0.391 0.245 0.277 0.372 0.460 0.227 0.291 
 148   (0.101) 0.161 0.040 0.099 0.237 0.093 0.059 0.013 0.111 0.046 0.011 0.095 0.100 
 140   (0.255) 0.146 0.143 0.204 0.046 0.280 0.248 0.039 0.282 0.438 0.486 0.330 0.263 
 138   (0.067) 0.014 0.062 0.025 0.007 0.054 0.194 0.062 0.049 0.059 0.006 0.040 0.058 
 150   (0.044) 0.004 0.005 0.004 0.401 0.067 0.019 0.004 0.054 0.009 0.006 0.104 0.042 

Locus 19 : 19 
6 alleles
0.0% missing data
 188   (0.149) 0.046 0.029 0.124 0.143 0.184 0.134 0.126 0.153 0.047 0.017 0.213 0.154 
 194   (0.589) 0.618 0.657 0.478 0.593 0.574 0.461 0.580 0.620 0.660 0.665 0.506 0.627 
 190   (0.149) 0.326 0.301 0.388 0.108 0.101 0.139 0.284 0.120 0.256 0.020 0.101 0.105 
 200   (0.074) 0.007 0.009 0.007 0.009 0.107 0.256 0.007 0.076 0.034 0.208 0.158 0.073 
 198   (0.009) 0.001 0.001 0.001 0.001 0.007 0.002 0.001 0.006 0.001 0.001 0.005 0.007 
 202   (0.030) 0.002 0.003 0.003 0.147 0.027 0.008 0.003 0.025 0.002 0.089 0.017 0.033 

Locus 20 : 20 
6 alleles
0.0% missing data
 244   (0.029) 0.003 0.165 0.018 0.003 0.022 0.008 0.003 0.027 0.005 0.004 0.022 0.023 
 250   (0.082) 0.029 0.010 0.147 0.053 0.068 0.021 0.142 0.059 0.036 0.778 0.051 0.072 
 252   (0.684) 0.900 0.766 0.749 0.566 0.734 0.707 0.719 0.704 0.627 0.138 0.781 0.691 
 246   (0.109) 0.011 0.016 0.072 0.301 0.093 0.239 0.016 0.105 0.250 0.042 0.080 0.109 
 254   (0.080) 0.056 0.040 0.013 0.076 0.069 0.021 0.119 0.091 0.081 0.010 0.057 0.087 
 248   (0.016) 0.001 0.002 0.001 0.001 0.014 0.004 0.001 0.013 0.001 0.028 0.009 0.018 

Locus 21 : 21 
10 alleles
0.0% missing data
 167   (0.274) 0.363 0.214 0.351 0.256 0.291 0.282 0.289 0.293 0.216 0.071 0.342 0.267 
 177   (0.205) 0.195 0.523 0.381 0.168 0.188 0.160 0.156 0.176 0.109 0.552 0.143 0.201 
 173   (0.295) 0.271 0.203 0.233 0.131 0.308 0.371 0.495 0.309 0.200 0.192 0.334 0.300 
 165   (0.048) 0.005 0.008 0.018 0.006 0.047 0.076 0.005 0.042 0.178 0.009 0.035 0.051 
 175   (0.119) 0.161 0.046 0.013 0.065 0.117 0.095 0.037 0.135 0.280 0.168 0.118 0.121 
 163   (0.024) 0.002 0.003 0.002 0.355 0.030 0.006 0.002 0.027 0.004 0.002 0.014 0.038 
 169   (0.008) 0.001 0.001 0.001 0.001 0.004 0.002 0.014 0.004 0.001 0.001 0.003 0.004 
 171   (0.010) 0.001 0.001 0.001 0.001 0.004 0.003 0.001 0.005 0.012 0.001 0.004 0.005 
 159   (0.009) 0.001 0.001 0.001 0.001 0.007 0.002 0.001 0.006 0.001 0.002 0.004 0.009 
 161   (0.009) 0.001 0.001 0.001 0.017 0.004 0.004 0.001 0.004 0.001 0.001 0.004 0.004 

Locus 22 : 22 
11 alleles
0.3% missing data
 146   (0.227) 0.184 0.366 0.270 0.191 0.248 0.121 0.254 0.232 0.284 0.164 0.306 0.213 
 152   (0.431) 0.659 0.378 0.509 0.430 0.430 0.542 0.569 0.445 0.477 0.274 0.395 0.453 
 154   (0.021) 0.019 0.211 0.064 0.002 0.009 0.005 0.022 0.009 0.001 0.002 0.008 0.009 
 166   (0.084) 0.097 0.013 0.115 0.009 0.077 0.038 0.040 0.075 0.095 0.159 0.082 0.073 
 164   (0.037) 0.003 0.006 0.010 0.004 0.040 0.053 0.005 0.034 0.037 0.004 0.030 0.045 
 150   (0.043) 0.019 0.006 0.020 0.039 0.033 0.027 0.004 0.034 0.024 0.044 0.023 0.037 
 158   (0.086) 0.013 0.013 0.008 0.051 0.097 0.108 0.100 0.112 0.069 0.009 0.104 0.099 
 142   (0.009) 0.001 0.001 0.001 0.001 0.004 0.075 0.001 0.004 0.001 0.001 0.003 0.004 
 156   (0.016) 0.001 0.002 0.001 0.193 0.013 0.004 0.001 0.012 0.001 0.003 0.016 0.011 
 162   (0.031) 0.003 0.003 0.002 0.078 0.034 0.022 0.003 0.029 0.009 0.007 0.025 0.037 
 148   (0.016) 0.001 0.002 0.001 0.002 0.015 0.004 0.001 0.014 0.001 0.333 0.007 0.020 

Locus 23 : 23 
6 alleles
0.3% missing data
 154   (0.536) 0.388 0.686 0.484 0.261 0.564 0.390 0.638 0.613 0.648 0.279 0.570 0.587 
 144   (0.198) 0.196 0.211 0.146 0.475 0.172 0.299 0.145 0.161 0.173 0.687 0.183 0.160 
 156   (0.113) 0.013 0.019 0.082 0.011 0.148 0.134 0.032 0.110 0.137 0.016 0.139 0.137 
 160   (0.117) 0.396 0.079 0.195 0.248 0.092 0.167 0.121 0.090 0.040 0.013 0.090 0.090 
 152   (0.020) 0.004 0.003 0.058 0.002 0.010 0.005 0.063 0.014 0.001 0.002 0.009 0.011 
 158   (0.018) 0.002 0.003 0.034 0.003 0.014 0.005 0.002 0.013 0.001 0.004 0.009 0.015 

Locus 24 : 24 
4 alleles
0.3% missing data
  83   (0.493) 0.631 0.369 0.393 0.929 0.479 0.487 0.504 0.482 0.616 0.617 0.451 0.486 
  85   (0.058) 0.032 0.035 0.066 0.005 0.046 0.071 0.008 0.048 0.065 0.007 0.046 0.046 
  81   (0.336) 0.184 0.408 0.279 0.037 0.380 0.339 0.391 0.366 0.273 0.365 0.407 0.370 
  77   (0.113) 0.152 0.188 0.262 0.028 0.095 0.103 0.097 0.104 0.047 0.011 0.096 0.098 

Locus 25 : 25 
6 alleles
0.3% missing data
 126   (0.045) 0.022 0.112 0.015 0.005 0.045 0.013 0.061 0.036 0.003 0.007 0.045 0.040 
 132   (0.329) 0.423 0.400 0.615 0.618 0.291 0.375 0.425 0.297 0.270 0.215 0.279 0.294 
 122   (0.101) 0.013 0.030 0.038 0.030 0.127 0.031 0.042 0.109 0.118 0.015 0.114 0.127 
 124   (0.500) 0.540 0.454 0.331 0.345 0.521 0.551 0.470 0.541 0.607 0.383 0.549 0.523 
 120   (0.012) 0.001 0.002 0.001 0.001 0.006 0.003 0.001 0.009 0.001 0.379 0.006 0.007 
 136   (0.013) 0.001 0.001 0.001 0.001 0.009 0.027 0.001 0.008 0.001 0.001 0.008 0.009 

Locus 26 : 26 
6 alleles
0.0% missing data
 183   (0.369) 0.552 0.154 0.405 0.699 0.372 0.179 0.624 0.383 0.304 0.183 0.326 0.395 
 175   (0.261) 0.208 0.376 0.373 0.231 0.250 0.382 0.141 0.242 0.307 0.025 0.232 0.254 
 179   (0.082) 0.065 0.152 0.068 0.008 0.085 0.023 0.070 0.100 0.006 0.422 0.119 0.080 
 165   (0.244) 0.171 0.313 0.149 0.058 0.231 0.387 0.160 0.234 0.349 0.365 0.239 0.228 
 181   (0.036) 0.003 0.004 0.004 0.003 0.054 0.026 0.003 0.032 0.032 0.004 0.077 0.035 
 185   (0.009) 0.001 0.001 0.001 0.001 0.007 0.002 0.001 0.008 0.001 0.001 0.007 0.007 

Locus 27 : 27 
4 alleles
0.0% missing data
 142   (0.585) 0.694 0.285 0.723 0.733 0.568 0.689 0.804 0.555 0.600 0.482 0.643 0.522 
 148   (0.234) 0.123 0.181 0.208 0.080 0.250 0.142 0.028 0.231 0.285 0.498 0.203 0.269 
 138   (0.076) 0.170 0.520 0.057 0.008 0.055 0.099 0.153 0.066 0.009 0.010 0.047 0.061 
 150   (0.106) 0.013 0.014 0.012 0.179 0.126 0.070 0.016 0.148 0.107 0.010 0.106 0.148 

Locus 28 : 28 
5 alleles
0.0% missing data
 260   (0.430) 0.323 0.440 0.404 0.248 0.456 0.543 0.264 0.453 0.335 0.178 0.397 0.484 
 262   (0.486) 0.636 0.541 0.556 0.573 0.474 0.361 0.728 0.471 0.607 0.815 0.547 0.437 
 256   (0.060) 0.039 0.017 0.037 0.176 0.050 0.019 0.006 0.057 0.057 0.006 0.040 0.057 
 264   (0.010) 0.001 0.001 0.001 0.001 0.004 0.073 0.001 0.004 0.001 0.001 0.004 0.004 
 258   (0.015) 0.001 0.002 0.001 0.002 0.017 0.005 0.001 0.015 0.001 0.001 0.013 0.018 

Locus 29 : 29 
5 alleles
0.3% missing data
 140   (0.148) 0.141 0.028 0.138 0.149 0.123 0.123 0.032 0.168 0.246 0.774 0.125 0.138 
 150   (0.534) 0.759 0.887 0.591 0.240 0.552 0.530 0.790 0.542 0.430 0.191 0.610 0.520 
 146   (0.216) 0.086 0.059 0.183 0.446 0.232 0.316 0.097 0.190 0.243 0.023 0.178 0.240 
 148   (0.083) 0.013 0.023 0.086 0.163 0.070 0.027 0.080 0.079 0.079 0.008 0.072 0.073 
 152   (0.019) 0.002 0.003 0.002 0.002 0.024 0.005 0.002 0.021 0.001 0.004 0.015 0.029 

Locus 30 : 30 
6 alleles
0.0% missing data
 125   (0.287) 0.348 0.107 0.593 0.258 0.302 0.133 0.352 0.239 0.307 0.061 0.289 0.283 
 129   (0.512) 0.510 0.542 0.310 0.647 0.491 0.698 0.618 0.561 0.427 0.325 0.486 0.515 
 123   (0.113) 0.134 0.341 0.090 0.087 0.113 0.050 0.022 0.118 0.119 0.013 0.158 0.095 
 127   (0.052) 0.004 0.006 0.004 0.005 0.055 0.014 0.005 0.048 0.144 0.596 0.042 0.059 
 131   (0.026) 0.002 0.003 0.002 0.002 0.029 0.101 0.003 0.024 0.002 0.004 0.021 0.033 
 121   (0.011) 0.001 0.001 0.001 0.001 0.012 0.002 0.001 0.010 0.001 0.001 0.004 0.015 

Locus 31 : 31 
5 alleles
0.0% missing data
 153   (0.067) 0.063 0.081 0.031 0.007 0.062 0.080 0.153 0.073 0.005 0.032 0.082 0.055 
 155   (0.553) 0.541 0.489 0.700 0.584 0.577 0.464 0.586 0.531 0.439 0.657 0.505 0.597 
 157   (0.226) 0.189 0.227 0.169 0.057 0.202 0.279 0.210 0.244 0.335 0.236 0.198 0.221 
 159   (0.129) 0.206 0.192 0.098 0.013 0.142 0.170 0.049 0.132 0.220 0.015 0.203 0.108 
 151   (0.024) 0.002 0.012 0.002 0.339 0.017 0.007 0.002 0.020 0.002 0.060 0.013 0.019 

Locus 32 : 32 
4 alleles
0.0% missing data
 146   (0.271) 0.074 0.060 0.170 0.446 0.290 0.280 0.041 0.313 0.313 0.368 0.255 0.315 
 150   (0.605) 0.899 0.852 0.741 0.542 0.577 0.679 0.805 0.584 0.501 0.593 0.566 0.581 
 148   (0.081) 0.022 0.082 0.086 0.008 0.079 0.027 0.142 0.064 0.103 0.009 0.096 0.068 
 154   (0.043) 0.005 0.005 0.004 0.004 0.054 0.014 0.011 0.039 0.082 0.030 0.083 0.037 

Locus 33 : 33 
7 alleles
0.0% missing data
 196   (0.160) 0.119 0.090 0.259 0.015 0.173 0.134 0.117 0.161 0.099 0.019 0.166 0.175 
 198   (0.041) 0.078 0.007 0.074 0.082 0.040 0.012 0.007 0.028 0.003 0.006 0.055 0.028 
 184   (0.195) 0.108 0.076 0.248 0.046 0.185 0.113 0.157 0.193 0.281 0.193 0.170 0.194 
 180   (0.459) 0.667 0.807 0.365 0.734 0.438 0.434 0.705 0.424 0.435 0.767 0.462 0.421 
 194   (0.013) 0.016 0.002 0.043 0.001 0.006 0.003 0.001 0.006 0.001 0.001 0.005 0.006 
 192   (0.115) 0.010 0.016 0.011 0.119 0.144 0.300 0.011 0.175 0.155 0.013 0.135 0.158 
 190   (0.017) 0.001 0.002 0.001 0.002 0.014 0.004 0.002 0.012 0.027 0.002 0.007 0.018 

Locus 34 : 34 
7 alleles
0.0% missing data
 106   (0.289) 0.138 0.149 0.202 0.692 0.304 0.322 0.058 0.339 0.310 0.289 0.338 0.300 
 112   (0.308) 0.653 0.419 0.502 0.101 0.306 0.425 0.374 0.267 0.257 0.030 0.336 0.278 
 110   (0.251) 0.194 0.380 0.280 0.064 0.228 0.177 0.537 0.213 0.355 0.245 0.208 0.234 
  90   (0.038) 0.004 0.037 0.007 0.004 0.023 0.035 0.014 0.023 0.030 0.298 0.018 0.024 
 108   (0.092) 0.009 0.012 0.009 0.068 0.115 0.035 0.016 0.138 0.046 0.137 0.091 0.132 
  96   (0.009) 0.001 0.001 0.001 0.070 0.004 0.002 0.001 0.004 0.001 0.001 0.003 0.004 
  94   (0.013) 0.001 0.001 0.001 0.001 0.020 0.003 0.001 0.016 0.001 0.001 0.007 0.027 

Locus 35 : 35 
8 alleles
0.0% missing data
 170   (0.302) 0.101 0.119 0.262 0.591 0.297 0.198 0.162 0.267 0.529 0.541 0.279 0.294 
 172   (0.300) 0.276 0.628 0.348 0.370 0.278 0.548 0.584 0.272 0.098 0.030 0.264 0.271 
 166   (0.081) 0.390 0.191 0.198 0.008 0.051 0.072 0.175 0.052 0.035 0.009 0.054 0.049 
 176   (0.118) 0.206 0.029 0.135 0.012 0.111 0.039 0.053 0.121 0.259 0.012 0.073 0.136 
 178   (0.043) 0.012 0.010 0.035 0.004 0.041 0.065 0.005 0.050 0.003 0.004 0.039 0.043 
 174   (0.090) 0.009 0.014 0.015 0.009 0.121 0.060 0.014 0.136 0.071 0.009 0.148 0.120 
 168   (0.052) 0.004 0.006 0.005 0.005 0.085 0.014 0.005 0.079 0.004 0.394 0.119 0.073 
 186   (0.014) 0.001 0.002 0.001 0.001 0.014 0.004 0.001 0.023 0.001 0.001 0.025 0.013 

Locus 36 : 36 
6 alleles
0.0% missing data
  85   (0.214) 0.056 0.399 0.231 0.191 0.255 0.136 0.107 0.207 0.093 0.328 0.315 0.209 
  89   (0.555) 0.726 0.489 0.639 0.777 0.517 0.574 0.843 0.564 0.609 0.306 0.518 0.526 
  95   (0.073) 0.125 0.020 0.111 0.008 0.057 0.099 0.033 0.050 0.095 0.008 0.041 0.063 
  83   (0.110) 0.089 0.087 0.015 0.019 0.126 0.177 0.012 0.133 0.064 0.017 0.093 0.150 
  81   (0.037) 0.003 0.004 0.003 0.004 0.040 0.012 0.003 0.040 0.139 0.005 0.028 0.045 
  91   (0.012) 0.001 0.001 0.001 0.001 0.006 0.003 0.001 0.006 0.001 0.336 0.004 0.008 

Locus 37 : 37 
8 alleles
0.0% missing data
 159   (0.010) 0.002 0.001 0.050 0.001 0.004 0.003 0.001 0.004 0.001 0.001 0.004 0.005 
 165   (0.234) 0.243 0.058 0.304 0.059 0.253 0.221 0.228 0.216 0.195 0.079 0.268 0.239 
 161   (0.375) 0.670 0.320 0.472 0.402 0.360 0.253 0.467 0.410 0.347 0.077 0.364 0.377 
 169   (0.089) 0.021 0.216 0.083 0.011 0.096 0.043 0.214 0.102 0.006 0.036 0.085 0.101 
 173   (0.245) 0.060 0.397 0.086 0.523 0.249 0.400 0.054 0.226 0.448 0.423 0.229 0.245 
 167   (0.024) 0.003 0.004 0.003 0.002 0.028 0.026 0.010 0.032 0.002 0.004 0.041 0.024 
 175   (0.009) 0.001 0.001 0.001 0.001 0.004 0.050 0.001 0.004 0.001 0.001 0.003 0.004 
 168   (0.014) 0.001 0.002 0.001 0.001 0.006 0.003 0.026 0.006 0.001 0.379 0.005 0.006 

Locus 38 : 38 
7 alleles
0.0% missing data
  87   (0.135) 0.235 0.032 0.129 0.200 0.133 0.036 0.231 0.098 0.069 0.758 0.158 0.111 
  89   (0.411) 0.661 0.629 0.678 0.069 0.449 0.361 0.493 0.470 0.209 0.042 0.467 0.444 
  81   (0.088) 0.018 0.014 0.072 0.150 0.073 0.039 0.057 0.101 0.143 0.011 0.068 0.087 
  85   (0.194) 0.027 0.302 0.085 0.273 0.202 0.306 0.031 0.180 0.255 0.150 0.196 0.194 
  91   (0.143) 0.053 0.020 0.033 0.305 0.129 0.239 0.092 0.137 0.302 0.036 0.098 0.150 
  93   (0.019) 0.002 0.002 0.001 0.002 0.009 0.017 0.072 0.009 0.022 0.002 0.008 0.009 
  95   (0.010) 0.004 0.001 0.001 0.001 0.005 0.002 0.023 0.005 0.001 0.001 0.004 0.005 

Locus 39 : 39 
4 alleles
0.0% missing data
 167   (0.819) 0.965 0.912 0.950 0.900 0.806 0.875 0.826 0.794 0.960 0.811 0.832 0.786 
 161   (0.147) 0.019 0.066 0.043 0.097 0.160 0.117 0.170 0.174 0.038 0.185 0.148 0.172 
 165   (0.025) 0.002 0.020 0.006 0.002 0.030 0.006 0.003 0.028 0.002 0.004 0.016 0.037 
 155   (0.009) 0.013 0.001 0.001 0.001 0.004 0.003 0.001 0.004 0.001 0.001 0.004 0.004 

Locus 40 : 40 
7 alleles
0.3% missing data
 228   (0.422) 0.664 0.774 0.502 0.181 0.394 0.595 0.548 0.365 0.312 0.484 0.365 0.397 
 236   (0.082) 0.030 0.024 0.125 0.616 0.057 0.022 0.117 0.050 0.118 0.156 0.042 0.060 
 224   (0.042) 0.020 0.032 0.085 0.005 0.026 0.011 0.053 0.022 0.133 0.004 0.026 0.024 
 238   (0.345) 0.276 0.157 0.277 0.046 0.407 0.276 0.259 0.353 0.411 0.169 0.457 0.362 
 240   (0.088) 0.008 0.010 0.010 0.149 0.105 0.091 0.008 0.199 0.025 0.060 0.101 0.145 
 246   (0.009) 0.001 0.001 0.001 0.001 0.004 0.002 0.014 0.004 0.001 0.001 0.003 0.004 
 242   (0.012) 0.001 0.001 0.001 0.001 0.008 0.003 0.001 0.007 0.001 0.126 0.005 0.009 

Locus 41 : 41 
9 alleles
0.3% missing data
 130   (0.508) 0.363 0.468 0.443 0.395 0.562 0.416 0.597 0.526 0.463 0.087 0.518 0.570 
 132   (0.131) 0.113 0.166 0.310 0.306 0.094 0.060 0.172 0.122 0.191 0.012 0.081 0.106 
 128   (0.082) 0.416 0.306 0.141 0.013 0.060 0.312 0.032 0.054 0.030 0.008 0.064 0.054 
 114   (0.106) 0.084 0.028 0.081 0.011 0.089 0.028 0.129 0.113 0.162 0.516 0.089 0.099 
 134   (0.095) 0.016 0.023 0.008 0.011 0.139 0.141 0.009 0.100 0.133 0.313 0.189 0.104 
 122   (0.017) 0.002 0.002 0.011 0.002 0.011 0.004 0.055 0.010 0.001 0.002 0.010 0.010 
 118   (0.043) 0.004 0.006 0.004 0.261 0.036 0.034 0.005 0.066 0.009 0.061 0.041 0.048 
 120   (0.009) 0.001 0.001 0.001 0.001 0.004 0.002 0.001 0.004 0.006 0.001 0.004 0.004 
 119   (0.009) 0.001 0.001 0.001 0.001 0.005 0.003 0.001 0.005 0.004 0.001 0.004 0.006 

Locus 42 : 42 
8 alleles
0.0% missing data
 102   (0.284) 0.630 0.143 0.456 0.547 0.256 0.313 0.307 0.266 0.429 0.267 0.294 0.246 
 104   (0.342) 0.109 0.212 0.194 0.309 0.404 0.533 0.296 0.391 0.287 0.071 0.428 0.388 
  92   (0.128) 0.162 0.174 0.059 0.012 0.126 0.065 0.123 0.122 0.105 0.209 0.088 0.144 
  98   (0.149) 0.085 0.071 0.256 0.108 0.145 0.039 0.195 0.144 0.112 0.282 0.131 0.147 
  96   (0.064) 0.011 0.394 0.033 0.006 0.047 0.018 0.076 0.057 0.050 0.166 0.039 0.052 
 106   (0.009) 0.001 0.001 0.001 0.001 0.007 0.002 0.001 0.007 0.001 0.001 0.005 0.008 
  94   (0.011) 0.001 0.001 0.001 0.002 0.007 0.007 0.001 0.006 0.008 0.001 0.008 0.006 
 100   (0.014) 0.002 0.004 0.001 0.015 0.008 0.023 0.001 0.007 0.007 0.003 0.007 0.007 

Locus 43 : 43 
6 alleles
0.0% missing data
  95   (0.267) 0.431 0.233 0.288 0.423 0.251 0.201 0.529 0.259 0.222 0.049 0.256 0.256 
  99   (0.066) 0.009 0.008 0.103 0.007 0.076 0.018 0.006 0.056 0.054 0.356 0.068 0.075 
 101   (0.330) 0.224 0.394 0.410 0.170 0.335 0.550 0.265 0.329 0.409 0.029 0.324 0.330 
 103   (0.305) 0.334 0.360 0.197 0.387 0.314 0.216 0.184 0.335 0.310 0.210 0.325 0.319 
  97   (0.023) 0.002 0.003 0.002 0.012 0.020 0.012 0.002 0.018 0.004 0.355 0.024 0.017 
 105   (0.009) 0.001 0.001 0.001 0.001 0.004 0.002 0.013 0.004 0.001 0.001 0.003 0.004 

Locus 44 : 44 
8 alleles
0.0% missing data
 181   (0.599) 0.465 0.862 0.739 0.915 0.577 0.638 0.787 0.592 0.527 0.549 0.513 0.615 
 191   (0.259) 0.326 0.064 0.186 0.045 0.296 0.251 0.085 0.289 0.441 0.108 0.346 0.271 
 177   (0.074) 0.204 0.066 0.070 0.010 0.052 0.093 0.122 0.069 0.024 0.007 0.045 0.059 
 179   (0.018) 0.001 0.002 0.002 0.002 0.031 0.004 0.002 0.012 0.001 0.329 0.064 0.011 
 189   (0.016) 0.001 0.002 0.001 0.024 0.015 0.004 0.001 0.011 0.001 0.002 0.010 0.014 
 187   (0.009) 0.001 0.001 0.001 0.001 0.005 0.002 0.001 0.006 0.004 0.001 0.005 0.006 
 193   (0.012) 0.001 0.001 0.001 0.002 0.012 0.003 0.001 0.010 0.001 0.003 0.006 0.014 
 183   (0.012) 0.001 0.001 0.001 0.001 0.012 0.004 0.001 0.010 0.001 0.001 0.011 0.011 

Locus 45 : 45 
6 alleles
0.6% missing data
 205   (0.452) 0.546 0.643 0.406 0.277 0.479 0.611 0.362 0.483 0.437 0.326 0.483 0.488 
 215   (0.076) 0.045 0.014 0.111 0.114 0.067 0.026 0.131 0.054 0.135 0.008 0.060 0.064 
 207   (0.190) 0.121 0.222 0.175 0.442 0.187 0.196 0.137 0.195 0.089 0.051 0.140 0.208 
 211   (0.213) 0.176 0.102 0.252 0.161 0.214 0.144 0.328 0.198 0.292 0.162 0.252 0.190 
 201   (0.061) 0.111 0.018 0.055 0.006 0.044 0.020 0.041 0.064 0.045 0.453 0.052 0.045 
 202   (0.009) 0.001 0.001 0.001 0.001 0.008 0.003 0.001 0.006 0.001 0.001 0.013 0.005 

Locus 46 : 46 
10 alleles
0.0% missing data
 166   (0.183) 0.204 0.331 0.337 0.271 0.180 0.259 0.272 0.138 0.073 0.126 0.206 0.152 
 168   (0.164) 0.139 0.224 0.175 0.128 0.154 0.071 0.227 0.172 0.121 0.121 0.104 0.189 
 144   (0.069) 0.200 0.236 0.158 0.010 0.051 0.061 0.198 0.071 0.005 0.007 0.051 0.058 
 158   (0.187) 0.141 0.142 0.085 0.252 0.184 0.118 0.193 0.177 0.242 0.146 0.167 0.184 
 142   (0.262) 0.304 0.049 0.228 0.302 0.304 0.434 0.090 0.267 0.345 0.029 0.358 0.271 
 170   (0.019) 0.002 0.003 0.004 0.004 0.022 0.005 0.008 0.018 0.001 0.002 0.013 0.024 
 156   (0.023) 0.002 0.003 0.003 0.002 0.018 0.006 0.002 0.047 0.007 0.153 0.021 0.027 
 164   (0.043) 0.004 0.005 0.007 0.005 0.042 0.031 0.004 0.070 0.048 0.051 0.037 0.053 
 162   (0.040) 0.004 0.005 0.004 0.004 0.041 0.014 0.004 0.036 0.157 0.365 0.040 0.039 
 160   (0.009) 0.001 0.001 0.001 0.021 0.004 0.002 0.001 0.004 0.001 0.001 0.004 0.004 

Locus 47 : 47 
6 alleles
0.0% missing data
 149   (0.272) 0.103 0.116 0.109 0.214 0.302 0.400 0.110 0.317 0.122 0.484 0.261 0.327 
 151   (0.222) 0.182 0.367 0.445 0.030 0.223 0.188 0.061 0.197 0.357 0.138 0.222 0.211 
 153   (0.234) 0.217 0.238 0.293 0.086 0.240 0.105 0.684 0.241 0.156 0.024 0.256 0.230 
 145   (0.242) 0.435 0.274 0.141 0.668 0.209 0.300 0.142 0.221 0.362 0.350 0.247 0.200 
 147   (0.017) 0.061 0.004 0.011 0.002 0.011 0.004 0.002 0.009 0.001 0.002 0.008 0.011 
 143   (0.013) 0.001 0.001 0.001 0.001 0.015 0.003 0.001 0.013 0.001 0.002 0.006 0.021 

Values of parameters used in structure:
DATAFILE=temp1_no_plains.str,	OUTFILE=k12/temp1_no_plains_k12_run4,	NUMINDS=333,	NUMLOCI=47,	MISSING=-9,	LABEL=1,	POPDATA=1,	POPFLAG=0,	PHENOTYPE=0,	EXTRACOLS=0,	MAXPOPS=12,	BURNIN=500000,	NUMREPS=750000,	USEPOPINFO=0,	INFERALPHA=1,	INFERLAMBDA=0,	POPSPECIFICLAMBDA=0,	POPALPHAS=0,	COMPUTEPROB=1,	NOADMIX=0,	ADMBURNIN=500,	UPDATEFREQ=100,	PRINTLIKES=0,	INTERMEDSAVE=0,	PRINTKLD=0,	PRINTNET=1,	PRINTLAMBDA=1,	ANCESTDIST=0,	NUMBOXES=1000,	ANCESTPINT=0.90000,	GENSBACK=2,	MIGRPRIOR=0.01000,	PRINTQHAT=0,	PRINTQSUM=1,	ALPHA=1.0000,	FREQSCORR=1,	FPRIORMEAN=0.0100,	FPRIORSD=0.0500,	ONEFST=0,	LAMBDA=1.0000,	UNIFPRIORALPHA=1,	ALPHAMAX=10.0000,	ALPHAPRIORA=1.0000,	ALPHAPRIORB=2.0000,	ALPHAPROPSD=0.0250,	STARTATPOPINFO=0,	RANDOMIZE=0,	LINKAGE=0,	METROFREQ=10,	REPORTHITRATE=0,	MARKOVPHASE=0,	PHASED=1,	PLOIDY=2,	PHASEINFO=0	LOCPRIOR=0, 	LOCPRIORINIT=1.000000, 	LOCDATA=0, 	LOCISPOP=1, 	LOCPRIORSTEP=0.100000, 	MAXLOCPRIOR=20.000000, 	SEED=455927,	
[STRAT parameters]:    NUMSIMSTATS=1000,	PHENOTYPECOL=-9,	POOLFREQ=10,	LOCUSxONLY=0,	EMERROR=0.00100,	MISSINGPHENO=-9,	