

----------------------------------------------------
STRUCTURE by Pritchard, Stephens and Donnelly (2000)
     and Falush, Stephens and Pritchard (2003)
       Code by Pritchard, Falush and Hubisz
             Version 2.3.4 (Jul 2012)
----------------------------------------------------



Command line arguments:   structure -D 968216 -K 4 -m mainparams -o k4/temp1_no_plains_k4_run5 
Input File:    temp1_no_plains.str

Run parameters:
   333 individuals
   47 loci
   4 populations assumed
   500000 Burn-in period
   750000 Reps
RANDOMIZE turned off


--------------------------------------------
Proportion of membership of each pre-defined
 population in each of the 4 clusters

Given    Inferred Clusters              Number of
 Pop       1      2      3      4      Individuals

  1:     0.011  0.011  0.971  0.007       79
  2:     0.044  0.011  0.928  0.017       12
  3:     0.010  0.008  0.975  0.007       33
  4:     0.943  0.035  0.013  0.010       81
  5:     0.019  0.028  0.943  0.009        7
  6:     0.007  0.033  0.018  0.942       19
  7:     0.205  0.785  0.002  0.008       10
  8:     0.069  0.866  0.053  0.012       10
  9:     0.096  0.763  0.105  0.036       23
 10:     0.169  0.763  0.046  0.022       11
 11:     0.046  0.796  0.146  0.013       18
 12:     0.076  0.822  0.088  0.015       25
 13:     0.037  0.834  0.100  0.029        5
--------------------------------------------

Allele-freq. divergence among pops (Net nucleotide distance),
computed using point estimates of P.

      1       2       3       4      
 1      -    0.0163  0.0362  0.0594  
 2   0.0163     -    0.0272  0.0474  
 3   0.0362  0.0272     -    0.0674  
 4   0.0594  0.0474  0.0674     -    

Average distances (expected heterozygosity) between individuals in same cluster:
cluster  1  : 0.6073 
cluster  2  : 0.6491 
cluster  3  : 0.5680 
cluster  4  : 0.5590 

--------------------------------------------
Estimated Ln Prob of Data   = -37343.6
Mean value of ln likelihood = -35921.9
Variance of ln likelihood   = 2843.3
Mean value of alpha         = 0.0374

Mean value of Fst_1         = 0.0828
Mean value of Fst_2         = 0.0128
Mean value of Fst_3         = 0.1116
Mean value of Fst_4         = 0.1847


Inferred ancestry of individuals:
        Label (%Miss) Pop:  Inferred clusters
  1      014    (0)    1 :  0.007 0.013 0.970 0.010 
  2      015    (0)    1 :  0.010 0.006 0.980 0.003 
  3      016    (0)    1 :  0.011 0.005 0.981 0.002 
  4      017    (0)    1 :  0.011 0.007 0.976 0.006 
  5      018    (0)    1 :  0.021 0.007 0.968 0.005 
  6      023    (0)    1 :  0.019 0.010 0.967 0.005 
  7      025    (0)    1 :  0.004 0.006 0.984 0.005 
  8      026    (0)    1 :  0.003 0.003 0.991 0.003 
  9      027    (0)    1 :  0.012 0.070 0.915 0.003 
 10      028    (0)    1 :  0.022 0.005 0.969 0.004 
 11      029    (0)    1 :  0.007 0.007 0.983 0.004 
 12      030    (0)    1 :  0.013 0.008 0.970 0.008 
 13      031    (0)    1 :  0.021 0.007 0.969 0.003 
 14      032    (0)    1 :  0.011 0.007 0.969 0.013 
 15      035    (0)    1 :  0.004 0.003 0.991 0.003 
 16      037    (0)    1 :  0.010 0.005 0.981 0.004 
 17      038    (0)    1 :  0.015 0.006 0.947 0.032 
 18      039    (0)    1 :  0.004 0.003 0.991 0.002 
 19      040    (0)    1 :  0.018 0.015 0.964 0.003 
 20      041    (0)    1 :  0.010 0.005 0.983 0.002 
 21      043    (0)    1 :  0.003 0.003 0.992 0.002 
 22      045    (0)    1 :  0.008 0.005 0.983 0.004 
 23      046    (0)    1 :  0.017 0.013 0.968 0.002 
 24      047    (0)    1 :  0.008 0.005 0.984 0.004 
 25      050    (0)    1 :  0.002 0.002 0.993 0.002 
 26      052    (0)    1 :  0.003 0.003 0.991 0.002 
 27      053    (0)    1 :  0.003 0.003 0.992 0.002 
 28      054    (0)    1 :  0.031 0.020 0.945 0.004 
 29      055    (0)    1 :  0.006 0.004 0.986 0.004 
 30      056    (0)    1 :  0.007 0.006 0.985 0.002 
 31      057    (0)    1 :  0.006 0.025 0.962 0.007 
 32      058    (0)    1 :  0.018 0.015 0.926 0.040 
 33      059    (0)    1 :  0.040 0.011 0.942 0.008 
 34      060    (0)    1 :  0.008 0.005 0.984 0.004 
 35      350    (0)    1 :  0.004 0.005 0.986 0.005 
 36      351    (0)    1 :  0.010 0.006 0.982 0.003 
 37      354    (0)    1 :  0.008 0.004 0.982 0.005 
 38      374    (0)    1 :  0.012 0.039 0.935 0.015 
 39      378    (0)    1 :  0.008 0.009 0.980 0.004 
 40      381    (0)    1 :  0.007 0.004 0.986 0.003 
 41      382    (0)    1 :  0.011 0.007 0.973 0.009 
 42      384    (0)    1 :  0.005 0.004 0.988 0.002 
 43      555    (0)    1 :  0.007 0.008 0.974 0.011 
 44      671    (0)    1 :  0.031 0.113 0.792 0.065 
 45      672    (0)    1 :  0.014 0.009 0.967 0.011 
 46      705    (0)    1 :  0.004 0.003 0.974 0.018 
 47      706    (0)    1 :  0.006 0.003 0.988 0.003 
 48      707    (0)    1 :  0.004 0.005 0.986 0.005 
 49      708    (0)    1 :  0.025 0.057 0.913 0.005 
 50      758    (0)    1 :  0.013 0.011 0.971 0.005 
 51      759    (0)    1 :  0.015 0.007 0.971 0.008 
 52      760    (0)    1 :  0.010 0.007 0.981 0.002 
 53      761    (0)    1 :  0.015 0.004 0.976 0.005 
 54      762    (0)    1 :  0.009 0.005 0.978 0.007 
 55      763    (0)    1 :  0.006 0.005 0.984 0.005 
 56      764    (0)    1 :  0.003 0.003 0.989 0.004 
 57      765    (0)    1 :  0.010 0.009 0.977 0.004 
 58      766    (0)    1 :  0.002 0.002 0.994 0.002 
 59      767    (0)    1 :  0.007 0.006 0.961 0.026 
 60      768    (0)    1 :  0.004 0.003 0.989 0.003 
 61      769    (0)    1 :  0.010 0.006 0.981 0.002 
 62      770    (0)    1 :  0.035 0.019 0.943 0.002 
 63      771    (0)    1 :  0.010 0.012 0.973 0.005 
 64      772    (0)    1 :  0.041 0.068 0.886 0.005 
 65      773    (0)    1 :  0.008 0.004 0.971 0.017 
 66      774    (0)    1 :  0.048 0.014 0.935 0.004 
 67      775    (0)    1 :  0.003 0.003 0.990 0.004 
 68      776    (0)    1 :  0.006 0.004 0.986 0.004 
 69      777    (0)    1 :  0.003 0.004 0.989 0.004 
 70      778    (0)    1 :  0.003 0.003 0.985 0.008 
 71      779    (0)    1 :  0.007 0.005 0.984 0.004 
 72      780    (0)    1 :  0.003 0.006 0.989 0.002 
 73      781    (0)    1 :  0.006 0.007 0.983 0.005 
 74      782    (0)    1 :  0.005 0.005 0.984 0.006 
 75      783    (0)    1 :  0.007 0.003 0.986 0.003 
 76      784    (0)    1 :  0.007 0.029 0.953 0.011 
 77      785    (0)    1 :  0.002 0.006 0.985 0.006 
 78      786    (0)    1 :  0.004 0.003 0.989 0.003 
 79      787    (0)    1 :  0.044 0.007 0.943 0.005 
 80      793    (0)   10 :  0.494 0.484 0.018 0.004 
 81      794    (0)   10 :  0.012 0.882 0.102 0.003 
 82      828    (0)   10 :  0.107 0.884 0.005 0.004 
 83      829    (4)   10 :  0.276 0.493 0.222 0.009 
 84      830    (0)   10 :  0.090 0.862 0.027 0.021 
 85      831    (2)   10 :  0.015 0.957 0.016 0.012 
 86      832    (0)   10 :  0.084 0.873 0.039 0.003 
 87      833    (2)   10 :  0.144 0.838 0.014 0.004 
 88      835    (0)   10 :  0.347 0.461 0.021 0.171 
 89      870    (0)   10 :  0.267 0.712 0.013 0.007 
 90      871    (0)   10 :  0.020 0.948 0.027 0.004 
 91      451    (0)   11 :  0.011 0.876 0.109 0.003 
 92      452    (4)   11 :  0.018 0.860 0.111 0.011 
 93      453    (4)   11 :  0.013 0.962 0.013 0.011 
 94      454    (2)   11 :  0.050 0.917 0.021 0.012 
 95      455    (4)   11 :  0.044 0.885 0.037 0.034 
 96      795    (0)   11 :  0.213 0.692 0.086 0.008 
 97      796    (0)   11 :  0.004 0.970 0.023 0.004 
 98      802    (0)   11 :  0.020 0.695 0.280 0.005 
 99      804    (0)   11 :  0.126 0.666 0.195 0.013 
100      805    (0)   11 :  0.025 0.600 0.333 0.042 
101      851    (0)   11 :  0.053 0.930 0.007 0.010 
102      852    (0)   11 :  0.051 0.869 0.072 0.007 
103      854    (0)   11 :  0.027 0.952 0.009 0.013 
104      858    (0)   11 :  0.014 0.661 0.315 0.010 
105      859    (0)   11 :  0.064 0.291 0.628 0.017 
106      860    (0)   11 :  0.012 0.913 0.068 0.006 
107      862    (0)   11 :  0.045 0.779 0.161 0.016 
108      863    (0)   11 :  0.030 0.807 0.155 0.007 
109      450    (0)   12 :  0.021 0.831 0.109 0.038 
110      791    (0)   12 :  0.029 0.945 0.018 0.008 
111      792    (0)   12 :  0.053 0.918 0.007 0.022 
112      803    (0)   12 :  0.205 0.784 0.002 0.009 
113      806    (0)   12 :  0.120 0.866 0.004 0.009 
114      807    (0)   12 :  0.013 0.964 0.008 0.015 
115      808    (0)   12 :  0.034 0.931 0.032 0.003 
116      809    (0)   12 :  0.632 0.341 0.014 0.013 
117      810    (0)   12 :  0.041 0.898 0.025 0.037 
118      811    (0)   12 :  0.010 0.975 0.007 0.008 
119      812    (0)   12 :  0.139 0.829 0.014 0.017 
120      813    (0)   12 :  0.020 0.946 0.029 0.005 
121      814    (0)   12 :  0.014 0.952 0.026 0.007 
122      834    (0)   12 :  0.008 0.957 0.032 0.003 
123      844    (0)   12 :  0.011 0.075 0.908 0.006 
124      850    (0)   12 :  0.014 0.976 0.003 0.008 
125      856    (0)   12 :  0.007 0.982 0.003 0.008 
126      857    (0)   12 :  0.021 0.960 0.004 0.015 
127      861    (0)   12 :  0.089 0.801 0.091 0.019 
128      864    (0)   12 :  0.006 0.934 0.041 0.019 
129      865    (0)   12 :  0.049 0.199 0.731 0.021 
130      866    (0)   12 :  0.136 0.855 0.006 0.003 
131      867    (0)   12 :  0.187 0.695 0.060 0.058 
132      868    (0)   12 :  0.016 0.963 0.015 0.006 
133      869    (0)   12 :  0.016 0.963 0.014 0.007 
134      004    (0)   13 :  0.032 0.794 0.121 0.052 
135      008    (0)   13 :  0.125 0.598 0.232 0.045 
136      013    (0)   13 :  0.013 0.876 0.095 0.016 
137      109    (0)   13 :  0.005 0.927 0.044 0.023 
138      348    (0)   13 :  0.009 0.975 0.008 0.008 
139      115    (0)    2 :  0.005 0.004 0.989 0.002 
140      116    (0)    2 :  0.032 0.007 0.955 0.005 
141      117    (0)    2 :  0.020 0.014 0.960 0.005 
142      118    (0)    2 :  0.017 0.017 0.830 0.136 
143      119    (0)    2 :  0.114 0.015 0.864 0.007 
144      389    (0)    2 :  0.003 0.003 0.992 0.002 
145      548    (0)    2 :  0.023 0.010 0.953 0.014 
146      549    (0)    2 :  0.015 0.006 0.977 0.003 
147      550    (0)    2 :  0.245 0.030 0.711 0.014 
148      551    (0)    2 :  0.015 0.006 0.974 0.004 
149      552    (0)    2 :  0.026 0.016 0.954 0.004 
150      553    (0)    2 :  0.012 0.007 0.975 0.007 
151      009    (0)    3 :  0.003 0.003 0.992 0.002 
152      042    (0)    3 :  0.014 0.014 0.960 0.011 
153      044    (0)    3 :  0.031 0.019 0.946 0.004 
154      086    (0)    3 :  0.006 0.003 0.989 0.002 
155      087    (0)    3 :  0.006 0.011 0.980 0.004 
156      093    (0)    3 :  0.002 0.003 0.991 0.003 
157      095    (0)    3 :  0.042 0.019 0.921 0.017 
158      096    (0)    3 :  0.009 0.012 0.929 0.050 
159      097    (0)    3 :  0.005 0.003 0.989 0.003 
160      101    (0)    3 :  0.006 0.004 0.989 0.002 
161      183    (0)    3 :  0.003 0.004 0.988 0.005 
162      200    (0)    3 :  0.003 0.010 0.984 0.003 
163      210    (0)    3 :  0.004 0.006 0.988 0.002 
164      219    (0)    3 :  0.008 0.012 0.975 0.006 
165      230    (0)    3 :  0.005 0.003 0.988 0.003 
166      241    (0)    3 :  0.017 0.026 0.942 0.015 
167      307    (0)    3 :  0.009 0.005 0.982 0.004 
168      318    (0)    3 :  0.012 0.008 0.977 0.003 
169      323    (0)    3 :  0.004 0.005 0.987 0.004 
170      324    (0)    3 :  0.004 0.004 0.990 0.002 
171      325    (0)    3 :  0.004 0.005 0.988 0.003 
172      326    (0)    3 :  0.034 0.005 0.957 0.004 
173      338    (0)    3 :  0.004 0.009 0.982 0.004 
174      343    (0)    3 :  0.006 0.008 0.981 0.004 
175      379    (0)    3 :  0.003 0.008 0.986 0.004 
176      383    (0)    3 :  0.004 0.003 0.990 0.003 
177      385    (0)    3 :  0.003 0.006 0.984 0.006 
178      386    (0)    3 :  0.004 0.010 0.978 0.008 
179      387    (0)    3 :  0.004 0.008 0.974 0.014 
180      554    (0)    3 :  0.004 0.003 0.986 0.007 
181      877    (0)    3 :  0.005 0.003 0.989 0.003 
182      878    (0)    3 :  0.025 0.007 0.966 0.002 
183      880    (0)    3 :  0.040 0.009 0.937 0.014 
184      122    (0)    4 :  0.757 0.192 0.036 0.015 
185      123    (0)    4 :  0.983 0.011 0.003 0.003 
186      124    (0)    4 :  0.966 0.007 0.011 0.015 
187      125    (0)    4 :  0.989 0.005 0.004 0.002 
188      126    (0)    4 :  0.921 0.062 0.016 0.002 
189      128    (0)    4 :  0.965 0.017 0.004 0.014 
190      129    (0)    4 :  0.876 0.022 0.018 0.084 
191      130    (0)    4 :  0.964 0.007 0.023 0.005 
192      131    (0)    4 :  0.987 0.006 0.004 0.002 
193      132    (0)    4 :  0.969 0.004 0.017 0.009 
194      133    (0)    4 :  0.669 0.151 0.061 0.119 
195      134    (0)    4 :  0.965 0.023 0.006 0.006 
196      135    (0)    4 :  0.962 0.026 0.007 0.005 
197      136    (0)    4 :  0.970 0.019 0.004 0.008 
198      139    (0)    4 :  0.964 0.013 0.009 0.014 
199      140    (0)    4 :  0.936 0.023 0.013 0.027 
200      141    (0)    4 :  0.967 0.019 0.009 0.005 
201      142    (0)    4 :  0.971 0.004 0.020 0.005 
202      143    (0)    4 :  0.945 0.010 0.030 0.015 
203      144    (0)    4 :  0.970 0.014 0.009 0.007 
204      145    (0)    4 :  0.957 0.032 0.006 0.005 
205      148    (0)    4 :  0.911 0.072 0.013 0.004 
206      556    (0)    4 :  0.972 0.009 0.013 0.006 
207      557    (0)    4 :  0.983 0.009 0.005 0.003 
208      558    (0)    4 :  0.983 0.008 0.003 0.006 
209      559    (0)    4 :  0.967 0.015 0.009 0.010 
210      560    (0)    4 :  0.970 0.015 0.012 0.003 
211      561    (0)    4 :  0.986 0.003 0.008 0.004 
212      562    (0)    4 :  0.967 0.021 0.006 0.006 
213      563    (0)    4 :  0.883 0.100 0.004 0.012 
214      564    (0)    4 :  0.823 0.069 0.088 0.019 
215      565    (0)    4 :  0.989 0.004 0.003 0.004 
216      566    (0)    4 :  0.952 0.033 0.012 0.003 
217      567    (0)    4 :  0.979 0.013 0.004 0.004 
218      568    (0)    4 :  0.968 0.011 0.006 0.015 
219      569    (0)    4 :  0.986 0.007 0.004 0.004 
220      570    (0)    4 :  0.981 0.004 0.013 0.003 
221      613    (0)    4 :  0.985 0.005 0.006 0.004 
222      614    (0)    4 :  0.979 0.015 0.004 0.003 
223      615    (0)    4 :  0.945 0.014 0.037 0.004 
224      616    (0)    4 :  0.938 0.007 0.011 0.043 
225      617    (0)    4 :  0.959 0.015 0.022 0.004 
226      618    (0)    4 :  0.950 0.015 0.018 0.017 
227      619    (0)    4 :  0.010 0.985 0.002 0.004 
228      620    (0)    4 :  0.980 0.009 0.008 0.003 
229      621    (0)    4 :  0.963 0.010 0.024 0.003 
230      622    (0)    4 :  0.985 0.004 0.006 0.005 
231      623    (0)    4 :  0.988 0.004 0.005 0.003 
232      624    (0)    4 :  0.962 0.015 0.017 0.007 
233      625    (0)    4 :  0.933 0.043 0.021 0.004 
234      626    (0)    4 :  0.981 0.006 0.006 0.007 
235      627    (0)    4 :  0.947 0.022 0.019 0.012 
236      628    (0)    4 :  0.983 0.007 0.005 0.005 
237      629    (0)    4 :  0.976 0.008 0.005 0.011 
238      630    (0)    4 :  0.989 0.005 0.004 0.002 
239      631    (0)    4 :  0.969 0.004 0.004 0.023 
240      632    (0)    4 :  0.942 0.019 0.025 0.014 
241      633    (0)    4 :  0.901 0.071 0.014 0.014 
242      634    (0)    4 :  0.976 0.013 0.004 0.007 
243      635    (0)    4 :  0.987 0.006 0.004 0.003 
244      636    (0)    4 :  0.984 0.005 0.009 0.003 
245      637    (0)    4 :  0.777 0.181 0.026 0.016 
246      638    (0)    4 :  0.954 0.017 0.014 0.016 
247      639    (0)    4 :  0.878 0.087 0.023 0.012 
248      640    (0)    4 :  0.967 0.007 0.021 0.005 
249      689    (0)    4 :  0.983 0.006 0.007 0.003 
250      690    (0)    4 :  0.974 0.012 0.009 0.005 
251      691    (0)    4 :  0.972 0.007 0.019 0.002 
252      692    (0)    4 :  0.960 0.031 0.003 0.006 
253      693    (0)    4 :  0.987 0.005 0.004 0.003 
254      694    (0)    4 :  0.985 0.004 0.003 0.008 
255      695    (0)    4 :  0.984 0.003 0.010 0.003 
256      696    (0)    4 :  0.989 0.004 0.005 0.002 
257      697    (0)    4 :  0.982 0.004 0.006 0.007 
258      698    (0)    4 :  0.972 0.020 0.005 0.002 
259      699    (0)    4 :  0.988 0.004 0.005 0.003 
260      700    (0)    4 :  0.973 0.007 0.014 0.006 
261      701    (2)    4 :  0.970 0.017 0.008 0.005 
262      702    (0)    4 :  0.959 0.014 0.025 0.002 
263      703    (0)    4 :  0.987 0.007 0.004 0.002 
264      704    (0)    4 :  0.971 0.009 0.007 0.013 
265      390    (0)    5 :  0.003 0.005 0.989 0.003 
266      391    (0)    5 :  0.010 0.008 0.978 0.004 
267      392    (0)    5 :  0.088 0.146 0.724 0.042 
268      393    (0)    5 :  0.005 0.007 0.986 0.002 
269      394    (0)    5 :  0.008 0.020 0.967 0.004 
270      647    (0)    5 :  0.014 0.009 0.975 0.003 
271      648    (0)    5 :  0.006 0.004 0.986 0.004 
272      007    (0)    6 :  0.009 0.006 0.006 0.979 
273      012    (0)    6 :  0.015 0.013 0.009 0.962 
274      020    (0)    6 :  0.008 0.288 0.072 0.632 
275      021    (0)    6 :  0.003 0.002 0.002 0.993 
276      022    (0)    6 :  0.008 0.045 0.007 0.940 
277      034    (0)    6 :  0.011 0.007 0.009 0.973 
278      049    (0)    6 :  0.002 0.002 0.003 0.993 
279      062    (0)    6 :  0.002 0.002 0.002 0.994 
280      089    (0)    6 :  0.002 0.002 0.002 0.993 
281      092    (0)    6 :  0.002 0.002 0.002 0.995 
282      100    (0)    6 :  0.005 0.003 0.006 0.986 
283      105    (0)    6 :  0.004 0.005 0.008 0.984 
284      205    (0)    6 :  0.008 0.014 0.005 0.973 
285      206    (0)    6 :  0.028 0.068 0.174 0.729 
286      207    (0)    6 :  0.006 0.007 0.008 0.979 
287      208    (0)    6 :  0.008 0.015 0.017 0.960 
288      209    (0)    6 :  0.005 0.138 0.005 0.851 
289      377    (0)    6 :  0.005 0.003 0.004 0.988 
290      881    (0)    6 :  0.003 0.002 0.003 0.992 
291      003    (0)    7 :  0.184 0.787 0.003 0.026 
292      108    (0)    7 :  0.210 0.785 0.001 0.004 
293      194    (0)    7 :  0.208 0.785 0.003 0.004 
294      232    (0)    7 :  0.206 0.787 0.002 0.004 
295      321    (0)    7 :  0.205 0.788 0.002 0.006 
296      322    (0)    7 :  0.208 0.784 0.003 0.005 
297      329    (0)    7 :  0.209 0.786 0.002 0.003 
298      330    (0)    7 :  0.208 0.787 0.002 0.003 
299      342    (0)    7 :  0.205 0.790 0.003 0.003 
300      347    (0)    7 :  0.203 0.774 0.003 0.021 
301      801    (0)    8 :  0.123 0.844 0.012 0.021 
302      815    (0)    8 :  0.042 0.917 0.004 0.037 
303      816    (0)    8 :  0.303 0.330 0.356 0.010 
304      817    (0)    8 :  0.008 0.979 0.007 0.006 
305      818    (0)    8 :  0.105 0.861 0.030 0.004 
306      819    (0)    8 :  0.012 0.976 0.007 0.005 
307      820    (2)    8 :  0.022 0.902 0.056 0.020 
308      821    (0)    8 :  0.009 0.970 0.017 0.004 
309      822    (0)    8 :  0.023 0.968 0.005 0.005 
310      853    (0)    8 :  0.038 0.918 0.040 0.004 
311      797    (0)    9 :  0.023 0.632 0.302 0.043 
312      798    (0)    9 :  0.007 0.948 0.039 0.005 
313      799    (0)    9 :  0.016 0.859 0.004 0.121 
314      800    (0)    9 :  0.101 0.870 0.027 0.003 
315      823    (0)    9 :  0.017 0.552 0.015 0.416 
316      824    (0)    9 :  0.012 0.970 0.012 0.005 
317      825    (0)    9 :  0.022 0.952 0.010 0.016 
318      826    (0)    9 :  0.699 0.244 0.052 0.005 
319      827    (0)    9 :  0.032 0.584 0.376 0.008 
320      836    (0)    9 :  0.043 0.868 0.084 0.005 
321      837    (0)    9 :  0.166 0.808 0.021 0.005 
322      838    (0)    9 :  0.442 0.536 0.019 0.004 
323      839    (0)    9 :  0.090 0.562 0.303 0.044 
324      840    (0)    9 :  0.017 0.968 0.003 0.013 
325      841    (0)    9 :  0.024 0.842 0.123 0.011 
326      842    (0)    9 :  0.033 0.893 0.065 0.008 
327      843    (0)    9 :  0.047 0.933 0.016 0.005 
328      845    (0)    9 :  0.010 0.890 0.095 0.006 
329      846    (0)    9 :  0.034 0.882 0.071 0.013 
330      847    (2)    9 :  0.073 0.844 0.004 0.079 
331      848    (0)    9 :  0.155 0.823 0.013 0.009 
332      849    (0)    9 :  0.099 0.528 0.367 0.006 
333      855    (0)    9 :  0.037 0.568 0.392 0.003 


Estimated Allele Frequencies in each cluster
First column gives estimated ancestral frequencies


Locus 1 : 1 
4 alleles
0.0% missing data
  89   (0.475) 0.432 0.472 0.571 0.609 
  91   (0.366) 0.510 0.351 0.325 0.334 
  93   (0.129) 0.047 0.135 0.103 0.054 
  99   (0.030) 0.010 0.042 0.001 0.003 

Locus 2 : 2 
6 alleles
0.0% missing data
 136   (0.350) 0.498 0.311 0.520 0.519 
 138   (0.272) 0.138 0.306 0.268 0.136 
 134   (0.261) 0.286 0.259 0.145 0.332 
 140   (0.067) 0.009 0.078 0.065 0.008 
 142   (0.029) 0.067 0.020 0.001 0.003 
 132   (0.022) 0.002 0.026 0.001 0.003 

Locus 3 : 3 
6 alleles
0.0% missing data
 181   (0.180) 0.286 0.162 0.119 0.074 
 187   (0.360) 0.193 0.364 0.486 0.481 
 179   (0.272) 0.466 0.267 0.347 0.032 
 191   (0.049) 0.003 0.037 0.044 0.210 
 185   (0.083) 0.022 0.103 0.002 0.190 
 175   (0.057) 0.030 0.068 0.002 0.013 

Locus 4 : 4 
12 alleles
0.0% missing data
 253   (0.415) 0.606 0.402 0.653 0.414 
 241   (0.163) 0.174 0.166 0.079 0.126 
 269   (0.206) 0.195 0.226 0.120 0.098 
 249   (0.035) 0.005 0.028 0.108 0.004 
 271   (0.052) 0.009 0.055 0.030 0.006 
 265   (0.012) 0.001 0.008 0.000 0.001 
 247   (0.052) 0.003 0.073 0.002 0.342 
 273   (0.014) 0.001 0.012 0.000 0.002 
 245   (0.012) 0.001 0.008 0.000 0.001 
 235   (0.011) 0.001 0.004 0.004 0.001 
 267   (0.012) 0.001 0.004 0.004 0.002 
 239   (0.017) 0.003 0.015 0.001 0.004 

Locus 5 : 5 
5 alleles
0.9% missing data
 103   (0.888) 0.850 0.923 0.964 0.890 
 104   (0.033) 0.018 0.018 0.030 0.004 
 105   (0.047) 0.130 0.044 0.001 0.005 
 107   (0.012) 0.001 0.004 0.004 0.001 
 102   (0.020) 0.001 0.012 0.001 0.100 

Locus 6 : 6 
6 alleles
0.0% missing data
 135   (0.304) 0.245 0.320 0.204 0.486 
 141   (0.258) 0.370 0.232 0.553 0.145 
 145   (0.350) 0.333 0.393 0.188 0.219 
 147   (0.055) 0.050 0.030 0.050 0.139 
 137   (0.021) 0.001 0.021 0.001 0.009 
 143   (0.012) 0.001 0.004 0.004 0.001 

Locus 7 : 7 
10 alleles
0.3% missing data
  89   (0.075) 0.039 0.080 0.046 0.010 
 103   (0.322) 0.557 0.331 0.291 0.337 
  93   (0.209) 0.174 0.212 0.363 0.176 
  97   (0.179) 0.093 0.190 0.210 0.284 
  85   (0.047) 0.063 0.033 0.048 0.005 
  91   (0.069) 0.042 0.055 0.036 0.131 
 101   (0.015) 0.002 0.008 0.004 0.002 
  83   (0.054) 0.025 0.060 0.002 0.052 
  99   (0.014) 0.001 0.012 0.000 0.001 
 105   (0.018) 0.004 0.019 0.001 0.002 

Locus 8 : 8 
10 alleles
0.0% missing data
 129   (0.544) 0.507 0.594 0.628 0.593 
 141   (0.068) 0.089 0.041 0.143 0.077 
 149   (0.051) 0.003 0.042 0.137 0.049 
 143   (0.240) 0.381 0.255 0.083 0.243 
 131   (0.023) 0.006 0.021 0.003 0.002 
 127   (0.019) 0.003 0.011 0.001 0.030 
 145   (0.015) 0.007 0.008 0.000 0.002 
 133   (0.017) 0.001 0.017 0.001 0.002 
 121   (0.011) 0.001 0.004 0.004 0.001 
 128   (0.011) 0.002 0.007 0.000 0.001 

Locus 9 : 9 
4 alleles
0.0% missing data
 189   (0.419) 0.218 0.473 0.270 0.494 
 191   (0.363) 0.448 0.325 0.581 0.461 
 195   (0.200) 0.333 0.193 0.145 0.043 
 193   (0.018) 0.001 0.010 0.004 0.002 

Locus 10 : 10 
7 alleles
0.0% missing data
 232   (0.215) 0.154 0.201 0.407 0.291 
 238   (0.507) 0.588 0.558 0.448 0.237 
 252   (0.116) 0.176 0.088 0.120 0.165 
 254   (0.097) 0.073 0.091 0.020 0.285 
 250   (0.032) 0.007 0.038 0.001 0.003 
 240   (0.012) 0.001 0.004 0.004 0.001 
 248   (0.022) 0.001 0.020 0.001 0.017 

Locus 11 : 11 
5 alleles
0.0% missing data
  87   (0.718) 0.761 0.761 0.670 0.615 
  89   (0.210) 0.234 0.190 0.227 0.272 
  91   (0.049) 0.003 0.037 0.102 0.096 
  85   (0.012) 0.001 0.008 0.000 0.001 
  83   (0.012) 0.001 0.005 0.000 0.016 

Locus 12 : 12 
13 alleles
0.0% missing data
 147   (0.051) 0.113 0.030 0.129 0.005 
 158   (0.185) 0.262 0.167 0.455 0.070 
 162   (0.247) 0.309 0.250 0.176 0.271 
 160   (0.274) 0.102 0.323 0.177 0.628 
 170   (0.042) 0.003 0.052 0.013 0.004 
 161   (0.080) 0.182 0.070 0.039 0.009 
 154   (0.017) 0.001 0.017 0.001 0.002 
 159   (0.014) 0.001 0.012 0.000 0.002 
 149   (0.020) 0.002 0.021 0.001 0.002 
 143   (0.036) 0.023 0.039 0.001 0.004 
 164   (0.012) 0.001 0.004 0.007 0.001 
 165   (0.012) 0.001 0.008 0.000 0.001 
 134   (0.011) 0.001 0.007 0.000 0.001 

Locus 13 : 13 
4 alleles
0.0% missing data
 113   (0.348) 0.375 0.340 0.343 0.469 
 115   (0.460) 0.449 0.471 0.485 0.477 
 108   (0.181) 0.175 0.182 0.171 0.053 
 110   (0.012) 0.001 0.007 0.000 0.001 

Locus 14 : 14 
10 alleles
0.0% missing data
 229   (0.392) 0.326 0.421 0.503 0.407 
 225   (0.132) 0.066 0.137 0.071 0.158 
 231   (0.189) 0.422 0.168 0.099 0.403 
 233   (0.059) 0.028 0.049 0.100 0.006 
 227   (0.171) 0.154 0.191 0.223 0.019 
 213   (0.011) 0.001 0.008 0.000 0.001 
 221   (0.011) 0.001 0.008 0.000 0.001 
 255   (0.011) 0.001 0.004 0.003 0.002 
 223   (0.011) 0.001 0.008 0.000 0.001 
 203   (0.011) 0.002 0.006 0.000 0.001 

Locus 15 : 15 
5 alleles
0.3% missing data
 143   (0.879) 0.910 0.906 0.980 0.859 
 157   (0.017) 0.001 0.010 0.003 0.002 
 145   (0.067) 0.085 0.061 0.015 0.007 
 147   (0.025) 0.002 0.019 0.001 0.046 
 133   (0.013) 0.001 0.004 0.000 0.086 

Locus 16 : 16 
5 alleles
0.0% missing data
 158   (0.482) 0.466 0.513 0.556 0.467 
 160   (0.135) 0.135 0.122 0.152 0.079 
 156   (0.290) 0.333 0.292 0.244 0.374 
 154   (0.081) 0.064 0.065 0.047 0.079 
 152   (0.011) 0.001 0.007 0.001 0.001 

Locus 17 : 17 
5 alleles
0.0% missing data
  90   (0.675) 0.807 0.659 0.728 0.632 
 102   (0.183) 0.158 0.154 0.240 0.352 
  88   (0.054) 0.015 0.050 0.028 0.006 
 100   (0.076) 0.019 0.129 0.003 0.009 
 104   (0.012) 0.001 0.008 0.000 0.001 

Locus 18 : 18 
7 alleles
0.0% missing data
 142   (0.087) 0.006 0.104 0.391 0.013 
 146   (0.098) 0.073 0.077 0.102 0.108 
 127   (0.293) 0.378 0.289 0.248 0.198 
 148   (0.105) 0.044 0.092 0.084 0.228 
 140   (0.285) 0.418 0.312 0.137 0.068 
 138   (0.075) 0.060 0.070 0.037 0.008 
 150   (0.057) 0.020 0.055 0.002 0.377 

Locus 19 : 19 
6 alleles
0.0% missing data
 188   (0.146) 0.065 0.146 0.103 0.149 
 194   (0.577) 0.646 0.577 0.555 0.601 
 190   (0.132) 0.226 0.094 0.337 0.101 
 200   (0.095) 0.058 0.140 0.003 0.012 
 198   (0.012) 0.001 0.007 0.000 0.001 
 202   (0.037) 0.005 0.036 0.001 0.136 

Locus 20 : 20 
6 alleles
0.0% missing data
 244   (0.031) 0.007 0.020 0.028 0.004 
 250   (0.127) 0.060 0.137 0.104 0.063 
 252   (0.607) 0.621 0.639 0.787 0.570 
 246   (0.132) 0.238 0.118 0.031 0.283 
 254   (0.086) 0.072 0.070 0.050 0.079 
 248   (0.018) 0.002 0.017 0.001 0.002 

Locus 21 : 21 
10 alleles
0.0% missing data
 167   (0.252) 0.224 0.261 0.326 0.242 
 177   (0.208) 0.135 0.217 0.295 0.169 
 173   (0.270) 0.205 0.301 0.315 0.143 
 165   (0.056) 0.161 0.047 0.009 0.006 
 175   (0.134) 0.256 0.127 0.051 0.077 
 163   (0.034) 0.006 0.028 0.001 0.337 
 169   (0.011) 0.001 0.004 0.004 0.001 
 171   (0.013) 0.011 0.004 0.000 0.002 
 159   (0.012) 0.001 0.008 0.000 0.001 
 161   (0.012) 0.001 0.004 0.000 0.021 

Locus 22 : 22 
11 alleles
0.3% missing data
 146   (0.202) 0.279 0.195 0.265 0.191 
 152   (0.407) 0.462 0.438 0.543 0.415 
 154   (0.013) 0.001 0.004 0.061 0.001 
 166   (0.077) 0.097 0.071 0.080 0.009 
 164   (0.043) 0.044 0.035 0.007 0.005 
 150   (0.049) 0.025 0.035 0.012 0.049 
 158   (0.102) 0.067 0.109 0.029 0.071 
 142   (0.017) 0.002 0.016 0.001 0.002 
 156   (0.020) 0.001 0.013 0.001 0.178 
 162   (0.039) 0.012 0.036 0.001 0.074 
 148   (0.030) 0.010 0.046 0.001 0.004 

Locus 23 : 23 
6 alleles
0.3% missing data
 154   (0.500) 0.632 0.523 0.520 0.275 
 144   (0.235) 0.189 0.236 0.164 0.464 
 156   (0.124) 0.129 0.139 0.048 0.014 
 160   (0.103) 0.048 0.082 0.211 0.244 
 152   (0.015) 0.001 0.006 0.042 0.002 
 158   (0.023) 0.002 0.015 0.015 0.003 

Locus 24 : 24 
4 alleles
0.3% missing data
  83   (0.520) 0.599 0.503 0.463 0.921 
  85   (0.053) 0.066 0.037 0.042 0.006 
  81   (0.336) 0.281 0.390 0.301 0.042 
  77   (0.090) 0.055 0.070 0.195 0.031 

Locus 25 : 25 
6 alleles
0.3% missing data
 126   (0.038) 0.004 0.036 0.040 0.004 
 132   (0.301) 0.276 0.273 0.505 0.593 
 122   (0.109) 0.119 0.107 0.031 0.034 
 124   (0.508) 0.589 0.530 0.423 0.364 
 120   (0.029) 0.011 0.042 0.001 0.003 
 136   (0.015) 0.001 0.013 0.000 0.001 

Locus 26 : 26 
6 alleles
0.0% missing data
 183   (0.344) 0.307 0.323 0.461 0.672 
 175   (0.254) 0.299 0.236 0.280 0.245 
 179   (0.093) 0.018 0.123 0.081 0.009 
 165   (0.253) 0.345 0.261 0.175 0.068 
 181   (0.044) 0.030 0.049 0.001 0.004 
 185   (0.012) 0.001 0.008 0.000 0.001 

Locus 27 : 27 
4 alleles
0.0% missing data
 142   (0.558) 0.593 0.542 0.698 0.717 
 148   (0.252) 0.291 0.263 0.136 0.098 
 138   (0.064) 0.017 0.056 0.156 0.007 
 150   (0.126) 0.099 0.140 0.010 0.178 

Locus 28 : 28 
5 alleles
0.0% missing data
 260   (0.410) 0.347 0.445 0.360 0.263 
 262   (0.490) 0.596 0.476 0.612 0.569 
 256   (0.066) 0.055 0.044 0.027 0.165 
 264   (0.017) 0.001 0.017 0.001 0.002 
 258   (0.017) 0.001 0.017 0.000 0.002 

Locus 29 : 29 
5 alleles
0.3% missing data
 140   (0.208) 0.239 0.214 0.099 0.151 
 150   (0.459) 0.454 0.474 0.716 0.255 
 146   (0.229) 0.230 0.228 0.123 0.436 
 148   (0.082) 0.076 0.058 0.061 0.155 
 152   (0.022) 0.002 0.026 0.001 0.003 

Locus 30 : 30 
6 alleles
0.0% missing data
 125   (0.263) 0.293 0.238 0.420 0.251 
 129   (0.489) 0.449 0.498 0.469 0.642 
 123   (0.118) 0.116 0.098 0.107 0.093 
 127   (0.084) 0.138 0.109 0.003 0.008 
 131   (0.030) 0.002 0.045 0.001 0.004 
 121   (0.015) 0.001 0.012 0.000 0.002 

Locus 31 : 31 
5 alleles
0.0% missing data
 153   (0.057) 0.005 0.064 0.076 0.006 
 155   (0.561) 0.456 0.579 0.606 0.595 
 157   (0.227) 0.317 0.221 0.191 0.071 
 159   (0.123) 0.219 0.110 0.125 0.013 
 151   (0.032) 0.003 0.025 0.002 0.314 

Locus 32 : 32 
4 alleles
0.0% missing data
 146   (0.306) 0.313 0.324 0.105 0.425 
 150   (0.568) 0.526 0.568 0.803 0.561 
 148   (0.073) 0.090 0.058 0.088 0.008 
 154   (0.053) 0.072 0.050 0.004 0.005 

Locus 33 : 33 
7 alleles
0.0% missing data
 196   (0.132) 0.115 0.134 0.180 0.014 
 198   (0.042) 0.003 0.030 0.050 0.085 
 184   (0.185) 0.259 0.178 0.174 0.053 
 180   (0.465) 0.431 0.463 0.568 0.721 
 194   (0.013) 0.001 0.004 0.022 0.001 
 192   (0.141) 0.167 0.178 0.005 0.123 
 190   (0.023) 0.024 0.014 0.001 0.002 

Locus 34 : 34 
7 alleles
0.0% missing data
 106   (0.312) 0.314 0.319 0.147 0.663 
 112   (0.268) 0.266 0.259 0.501 0.111 
 110   (0.226) 0.331 0.210 0.333 0.069 
  90   (0.056) 0.036 0.053 0.012 0.006 
 108   (0.107) 0.051 0.134 0.006 0.084 
  96   (0.012) 0.001 0.004 0.000 0.064 
  94   (0.019) 0.001 0.022 0.001 0.002 

Locus 35 : 35 
8 alleles
0.0% missing data
 170   (0.322) 0.506 0.290 0.185 0.566 
 172   (0.278) 0.126 0.272 0.428 0.391 
 166   (0.056) 0.036 0.036 0.237 0.006 
 176   (0.109) 0.239 0.088 0.117 0.013 
 178   (0.044) 0.004 0.048 0.020 0.005 
 174   (0.103) 0.071 0.126 0.011 0.011 
 168   (0.069) 0.017 0.123 0.002 0.007 
 186   (0.018) 0.001 0.017 0.001 0.002 

Locus 36 : 36 
6 alleles
0.0% missing data
  85   (0.216) 0.127 0.225 0.182 0.198 
  89   (0.521) 0.584 0.506 0.691 0.755 
  95   (0.068) 0.085 0.052 0.087 0.008 
  83   (0.123) 0.077 0.138 0.038 0.031 
  81   (0.044) 0.117 0.040 0.001 0.005 
  91   (0.027) 0.010 0.038 0.001 0.003 

Locus 37 : 37 
8 alleles
0.0% missing data
 159   (0.013) 0.001 0.004 0.022 0.001 
 165   (0.209) 0.206 0.212 0.247 0.068 
 161   (0.331) 0.350 0.316 0.494 0.407 
 169   (0.071) 0.008 0.081 0.123 0.011 
 173   (0.294) 0.421 0.302 0.101 0.504 
 167   (0.030) 0.003 0.032 0.005 0.003 
 175   (0.015) 0.001 0.012 0.000 0.001 
 168   (0.036) 0.012 0.040 0.008 0.004 

Locus 38 : 38 
7 alleles
0.0% missing data
  87   (0.171) 0.088 0.178 0.164 0.203 
  89   (0.339) 0.232 0.383 0.634 0.084 
  81   (0.091) 0.133 0.068 0.047 0.146 
  85   (0.207) 0.256 0.212 0.079 0.264 
  91   (0.159) 0.267 0.148 0.049 0.299 
  93   (0.022) 0.023 0.007 0.018 0.002 
  95   (0.012) 0.001 0.004 0.007 0.001 

Locus 39 : 39 
4 alleles
0.0% missing data
 167   (0.802) 0.943 0.793 0.917 0.888 
 161   (0.155) 0.053 0.173 0.072 0.107 
 165   (0.031) 0.003 0.030 0.007 0.003 
 155   (0.012) 0.001 0.004 0.003 0.002 

Locus 40 : 40 
7 alleles
0.3% missing data
 228   (0.408) 0.333 0.415 0.582 0.201 
 236   (0.091) 0.106 0.058 0.091 0.580 
 224   (0.037) 0.111 0.016 0.057 0.004 
 238   (0.322) 0.400 0.344 0.263 0.053 
 240   (0.111) 0.045 0.145 0.004 0.158 
 246   (0.012) 0.001 0.004 0.004 0.002 
 242   (0.019) 0.005 0.019 0.001 0.002 

Locus 41 : 41 
9 alleles
0.3% missing data
 130   (0.454) 0.457 0.477 0.473 0.409 
 132   (0.116) 0.166 0.081 0.215 0.295 
 128   (0.088) 0.058 0.076 0.192 0.018 
 114   (0.126) 0.157 0.130 0.089 0.014 
 134   (0.122) 0.135 0.165 0.008 0.016 
 122   (0.017) 0.001 0.007 0.020 0.002 
 118   (0.054) 0.014 0.055 0.002 0.242 
 120   (0.012) 0.006 0.004 0.000 0.001 
 119   (0.012) 0.005 0.004 0.000 0.002 

Locus 42 : 42 
8 alleles
0.0% missing data
 102   (0.276) 0.397 0.251 0.428 0.529 
 104   (0.348) 0.305 0.402 0.206 0.319 
  92   (0.120) 0.105 0.130 0.107 0.013 
  98   (0.147) 0.118 0.140 0.183 0.108 
  96   (0.067) 0.052 0.059 0.074 0.007 
 106   (0.011) 0.001 0.007 0.000 0.001 
  94   (0.013) 0.010 0.005 0.000 0.002 
 100   (0.018) 0.012 0.006 0.001 0.021 

Locus 43 : 43 
6 alleles
0.0% missing data
  95   (0.240) 0.216 0.223 0.372 0.403 
  99   (0.096) 0.064 0.106 0.044 0.012 
 101   (0.314) 0.402 0.318 0.336 0.171 
 103   (0.291) 0.301 0.293 0.242 0.389 
  97   (0.047) 0.016 0.057 0.001 0.024 
 105   (0.012) 0.001 0.004 0.004 0.001 

Locus 44 : 44 
8 alleles
0.0% missing data
 181   (0.580) 0.535 0.580 0.706 0.907 
 191   (0.258) 0.421 0.268 0.177 0.050 
 177   (0.063) 0.026 0.051 0.115 0.010 
 179   (0.037) 0.010 0.058 0.001 0.004 
 189   (0.021) 0.001 0.014 0.001 0.024 
 187   (0.012) 0.005 0.004 0.000 0.001 
 193   (0.015) 0.001 0.012 0.000 0.003 
 183   (0.015) 0.001 0.012 0.000 0.001 

Locus 45 : 45 
6 alleles
0.6% missing data
 205   (0.446) 0.448 0.488 0.454 0.293 
 215   (0.078) 0.120 0.051 0.092 0.108 
 207   (0.184) 0.095 0.189 0.157 0.424 
 211   (0.200) 0.280 0.184 0.236 0.165 
 201   (0.080) 0.056 0.081 0.061 0.008 
 202   (0.012) 0.001 0.008 0.000 0.001 

Locus 46 : 46 
10 alleles
0.0% missing data
 166   (0.161) 0.106 0.149 0.293 0.265 
 168   (0.155) 0.115 0.152 0.184 0.131 
 144   (0.049) 0.003 0.049 0.190 0.010 
 158   (0.175) 0.220 0.166 0.132 0.245 
 142   (0.280) 0.338 0.295 0.191 0.303 
 170   (0.026) 0.002 0.023 0.004 0.008 
 156   (0.035) 0.014 0.041 0.001 0.004 
 164   (0.045) 0.060 0.046 0.002 0.005 
 162   (0.062) 0.141 0.075 0.002 0.007 
 160   (0.011) 0.001 0.004 0.000 0.022 

Locus 47 : 47 
6 alleles
0.0% missing data
 149   (0.303) 0.147 0.368 0.109 0.228 
 151   (0.192) 0.352 0.177 0.280 0.031 
 153   (0.197) 0.162 0.183 0.378 0.090 
 145   (0.271) 0.337 0.245 0.213 0.647 
 147   (0.019) 0.001 0.010 0.018 0.002 
 143   (0.017) 0.001 0.017 0.001 0.002 

Values of parameters used in structure:
DATAFILE=temp1_no_plains.str,	OUTFILE=k4/temp1_no_plains_k4_run5,	NUMINDS=333,	NUMLOCI=47,	MISSING=-9,	LABEL=1,	POPDATA=1,	POPFLAG=0,	PHENOTYPE=0,	EXTRACOLS=0,	MAXPOPS=4,	BURNIN=500000,	NUMREPS=750000,	USEPOPINFO=0,	INFERALPHA=1,	INFERLAMBDA=0,	POPSPECIFICLAMBDA=0,	POPALPHAS=0,	COMPUTEPROB=1,	NOADMIX=0,	ADMBURNIN=500,	UPDATEFREQ=100,	PRINTLIKES=0,	INTERMEDSAVE=0,	PRINTKLD=0,	PRINTNET=1,	PRINTLAMBDA=1,	ANCESTDIST=0,	NUMBOXES=1000,	ANCESTPINT=0.90000,	GENSBACK=2,	MIGRPRIOR=0.01000,	PRINTQHAT=0,	PRINTQSUM=1,	ALPHA=1.0000,	FREQSCORR=1,	FPRIORMEAN=0.0100,	FPRIORSD=0.0500,	ONEFST=0,	LAMBDA=1.0000,	UNIFPRIORALPHA=1,	ALPHAMAX=10.0000,	ALPHAPRIORA=1.0000,	ALPHAPRIORB=2.0000,	ALPHAPROPSD=0.0250,	STARTATPOPINFO=0,	RANDOMIZE=0,	LINKAGE=0,	METROFREQ=10,	REPORTHITRATE=0,	MARKOVPHASE=0,	PHASED=1,	PLOIDY=2,	PHASEINFO=0	LOCPRIOR=0, 	LOCPRIORINIT=1.000000, 	LOCDATA=0, 	LOCISPOP=1, 	LOCPRIORSTEP=0.100000, 	MAXLOCPRIOR=20.000000, 	SEED=968216,	
[STRAT parameters]:    NUMSIMSTATS=1000,	PHENOTYPECOL=-9,	POOLFREQ=10,	LOCUSxONLY=0,	EMERROR=0.00100,	MISSINGPHENO=-9,	