

----------------------------------------------------
STRUCTURE by Pritchard, Stephens and Donnelly (2000)
     and Falush, Stephens and Pritchard (2003)
       Code by Pritchard, Falush and Hubisz
             Version 2.3.4 (Jul 2012)
----------------------------------------------------



Command line arguments:   structure -D 662026 -K 4 -m mainparams -o k4/subw2_k4_run6 
Input File:    subw2.str

Run parameters:
   93 individuals
   47 loci
   4 populations assumed
   500000 Burn-in period
   750000 Reps
RANDOMIZE turned off


--------------------------------------------
Proportion of membership of each pre-defined
 population in each of the 4 clusters

Given    Inferred Clusters              Number of
 Pop       1      2      3      4      Individuals

  1:     0.081  0.441  0.044  0.434       10
  2:     0.328  0.317  0.038  0.316       24
  3:     0.458  0.166  0.190  0.186       11
  4:     0.640  0.099  0.155  0.107       18
  5:     0.056  0.446  0.020  0.478       25
  6:     0.114  0.450  0.022  0.414        5
--------------------------------------------

Allele-freq. divergence among pops (Net nucleotide distance),
computed using point estimates of P.

      1       2       3       4      
 1      -    0.0144  0.0548  0.0136  
 2   0.0144     -    0.0486  0.0001  
 3   0.0548  0.0486     -    0.0479  
 4   0.0136  0.0001  0.0479     -    

Average distances (expected heterozygosity) between individuals in same cluster:
cluster  1  : 0.5958 
cluster  2  : 0.6451 
cluster  3  : 0.5447 
cluster  4  : 0.6482 

--------------------------------------------
Estimated Ln Prob of Data   = -10966.0
Mean value of ln likelihood = -10429.5
Variance of ln likelihood   = 1072.9
Mean value of alpha         = 0.0601

Mean value of Fst_1         = 0.0668
Mean value of Fst_2         = 0.0152
Mean value of Fst_3         = 0.2472
Mean value of Fst_4         = 0.0104


Inferred ancestry of individuals:
        Label (%Miss) Pop:  Inferred clusters
  1      193    (0)    1 :  0.013 0.452 0.111 0.424 
  2      216    (0)    1 :  0.096 0.383 0.072 0.449 
  3      190    (0)    1 :  0.020 0.518 0.032 0.430 
  4       52    (0)    1 :  0.019 0.496 0.012 0.474 
  5      186    (2)    1 :  0.032 0.463 0.043 0.463 
  6      211    (0)    1 :  0.021 0.490 0.006 0.483 
  7      187    (2)    1 :  0.008 0.567 0.016 0.410 
  8      106    (0)    1 :  0.563 0.188 0.016 0.233 
  9      428    (0)    1 :  0.010 0.432 0.039 0.518 
 10      224    (0)    1 :  0.031 0.423 0.091 0.455 
 11      776    (2)    2 :  0.076 0.482 0.016 0.426 
 12      488    (0)    2 :  0.602 0.171 0.014 0.213 
 13      791    (2)    2 :  0.016 0.443 0.130 0.411 
 14      516    (0)    2 :  0.487 0.239 0.006 0.268 
 15      486    (0)    2 :  0.766 0.042 0.146 0.045 
 16      760    (2)    2 :  0.892 0.047 0.014 0.048 
 17      795    (4)    2 :  0.125 0.461 0.022 0.391 
 18      754    (2)    2 :  0.933 0.026 0.014 0.026 
 19      761    (0)    2 :  0.498 0.247 0.008 0.248 
 20      496    (0)    2 :  0.169 0.371 0.008 0.451 
 21      750    (2)    2 :  0.079 0.433 0.041 0.447 
 22      792    (4)    2 :  0.020 0.521 0.030 0.429 
 23      790    (0)    2 :  0.031 0.420 0.010 0.538 
 24      759    (0)    2 :  0.963 0.011 0.015 0.011 
 25      491    (0)    2 :  0.063 0.462 0.010 0.466 
 26      513    (0)    2 :  0.017 0.467 0.161 0.356 
 27      517    (0)    2 :  0.190 0.389 0.016 0.404 
 28      779    (0)    2 :  0.021 0.421 0.030 0.528 
 29      772    (2)    2 :  0.036 0.522 0.056 0.385 
 30      785    (2)    2 :  0.871 0.015 0.100 0.015 
 31      778    (2)    2 :  0.022 0.508 0.024 0.446 
 32      780    (2)    2 :  0.024 0.428 0.034 0.513 
 33      786    (0)    2 :  0.047 0.457 0.006 0.490 
 34      756    (0)    2 :  0.926 0.033 0.006 0.035 
 35      462    (4)    3 :  0.962 0.011 0.016 0.011 
 36      505    (0)    3 :  0.007 0.013 0.968 0.011 
 37      466    (0)    3 :  0.934 0.025 0.015 0.026 
 38      171    (0)    3 :  0.205 0.347 0.006 0.442 
 39      174    (0)    3 :  0.038 0.399 0.026 0.537 
 40      178    (2)    3 :  0.015 0.537 0.036 0.411 
 41      446    (0)    3 :  0.947 0.015 0.022 0.016 
 42      454    (0)    3 :  0.978 0.007 0.008 0.007 
 43      167    (0)    3 :  0.117 0.388 0.010 0.486 
 44      510    (0)    3 :  0.008 0.013 0.968 0.011 
 45      464    (2)    3 :  0.832 0.074 0.011 0.083 
 46      766    (0)    4 :  0.940 0.023 0.014 0.023 
 47      453    (0)    4 :  0.929 0.019 0.032 0.020 
 48      519    (0)    4 :  0.933 0.029 0.007 0.031 
 49      485    (0)    4 :  0.523 0.082 0.290 0.105 
 50      475    (0)    4 :  0.150 0.387 0.019 0.444 
 51      521    (0)    4 :  0.881 0.051 0.010 0.059 
 52      489    (0)    4 :  0.918 0.018 0.045 0.019 
 53      928    (0)    4 :  0.004 0.003 0.989 0.003 
 54      477    (0)    4 :  0.095 0.427 0.018 0.460 
 55      467    (2)    4 :  0.957 0.015 0.013 0.015 
 56      511    (0)    4 :  0.638 0.158 0.004 0.200 
 57      518    (0)    4 :  0.848 0.020 0.110 0.021 
 58      459    (0)    4 :  0.887 0.046 0.024 0.044 
 59      191    (0)    4 :  0.864 0.058 0.016 0.062 
 60      524    (0)    4 :  0.188 0.410 0.017 0.385 
 61      441    (0)    4 :  0.799 0.010 0.182 0.010 
 62      483    (0)    4 :  0.959 0.016 0.010 0.015 
 63      503    (0)    4 :  0.007 0.006 0.981 0.006 
 64      107    (4)    5 :  0.015 0.549 0.024 0.412 
 65      182    (2)    5 :  0.666 0.174 0.013 0.147 
 66      116    (0)    5 :  0.020 0.455 0.026 0.500 
 67      375    (0)    5 :  0.019 0.411 0.090 0.480 
 68      372    (0)    5 :  0.032 0.494 0.007 0.467 
 69      404    (0)    5 :  0.017 0.419 0.031 0.533 
 70      382    (0)    5 :  0.010 0.419 0.010 0.561 
 71      389    (0)    5 :  0.030 0.409 0.039 0.522 
 72      373    (0)    5 :  0.016 0.431 0.009 0.544 
 73      385    (0)    5 :  0.010 0.509 0.013 0.468 
 74      380    (0)    5 :  0.026 0.473 0.009 0.492 
 75      181    (0)    5 :  0.047 0.421 0.004 0.528 
 76      381    (0)    5 :  0.052 0.390 0.026 0.531 
 77      387    (0)    5 :  0.057 0.411 0.008 0.524 
 78      183    (0)    5 :  0.016 0.545 0.014 0.424 
 79       98    (4)    5 :  0.119 0.414 0.008 0.459 
 80      384    (0)    5 :  0.009 0.541 0.011 0.439 
 81      124    (0)    5 :  0.023 0.410 0.086 0.481 
 82      379    (0)    5 :  0.032 0.519 0.012 0.438 
 83      386    (0)    5 :  0.038 0.478 0.012 0.472 
 84      396    (0)    5 :  0.026 0.469 0.016 0.489 
 85      184    (2)    5 :  0.009 0.569 0.008 0.413 
 86      371    (0)    5 :  0.038 0.414 0.008 0.540 
 87      437    (0)    5 :  0.066 0.402 0.005 0.527 
 88      131    (2)    5 :  0.017 0.422 0.011 0.550 
 89      432    (0)    6 :  0.023 0.544 0.008 0.424 
 90      427    (0)    6 :  0.096 0.381 0.072 0.451 
 91      433    (2)    6 :  0.016 0.514 0.008 0.462 
 92      434    (0)    6 :  0.399 0.269 0.015 0.317 
 93      426    (0)    6 :  0.034 0.543 0.007 0.417 


Estimated Allele Frequencies in each cluster
First column gives estimated ancestral frequencies


Locus 1 : 1 
4 alleles
0.0% missing data
  89   (0.580) 0.572 0.580 0.800 0.580 
  93   (0.069) 0.059 0.059 0.026 0.063 
  91   (0.326) 0.336 0.343 0.169 0.337 
  99   (0.025) 0.033 0.017 0.005 0.020 

Locus 2 : 2 
6 alleles
2.2% missing data
 136   (0.355) 0.108 0.388 0.262 0.380 
 134   (0.200) 0.238 0.186 0.247 0.191 
 138   (0.282) 0.487 0.275 0.443 0.274 
 140   (0.095) 0.061 0.095 0.028 0.095 
 132   (0.037) 0.016 0.032 0.008 0.033 
 142   (0.031) 0.089 0.024 0.012 0.026 

Locus 3 : 3 
6 alleles
0.0% missing data
 179   (0.186) 0.252 0.171 0.387 0.176 
 187   (0.391) 0.225 0.426 0.294 0.416 
 181   (0.202) 0.314 0.200 0.261 0.199 
 175   (0.061) 0.060 0.052 0.018 0.055 
 191   (0.042) 0.011 0.039 0.011 0.039 
 185   (0.119) 0.138 0.113 0.030 0.115 

Locus 4 : 4 
8 alleles
1.1% missing data
 253   (0.479) 0.522 0.515 0.207 0.502 
 241   (0.175) 0.199 0.163 0.241 0.167 
 247   (0.080) 0.070 0.081 0.026 0.081 
 239   (0.022) 0.005 0.018 0.006 0.019 
 269   (0.186) 0.189 0.178 0.508 0.180 
 249   (0.015) 0.005 0.011 0.003 0.012 
 273   (0.022) 0.005 0.017 0.005 0.019 
 271   (0.022) 0.005 0.018 0.005 0.019 

Locus 5 : 5 
6 alleles
0.0% missing data
 103   (0.782) 0.920 0.785 0.944 0.785 
 105   (0.066) 0.030 0.064 0.016 0.065 
 102   (0.023) 0.005 0.018 0.007 0.019 
 104   (0.092) 0.036 0.104 0.025 0.098 
 107   (0.022) 0.006 0.017 0.005 0.019 
 101   (0.016) 0.003 0.011 0.003 0.013 

Locus 6 : 6 
5 alleles
0.0% missing data
 145   (0.411) 0.496 0.413 0.651 0.410 
 141   (0.288) 0.310 0.271 0.272 0.277 
 135   (0.227) 0.176 0.231 0.060 0.231 
 147   (0.058) 0.014 0.072 0.014 0.067 
 137   (0.015) 0.004 0.013 0.003 0.014 

Locus 7 : 7 
9 alleles
3.2% missing data
  85   (0.069) 0.023 0.067 0.198 0.068 
  89   (0.107) 0.158 0.098 0.028 0.103 
  93   (0.235) 0.266 0.215 0.246 0.223 
  97   (0.168) 0.147 0.155 0.387 0.159 
 103   (0.256) 0.320 0.310 0.073 0.291 
  91   (0.057) 0.022 0.061 0.034 0.059 
  83   (0.078) 0.057 0.068 0.026 0.071 
 101   (0.015) 0.003 0.015 0.004 0.015 
  99   (0.015) 0.004 0.011 0.003 0.012 

Locus 8 : 8 
8 alleles
0.0% missing data
 129   (0.554) 0.630 0.594 0.864 0.579 
 143   (0.219) 0.221 0.210 0.070 0.215 
 141   (0.050) 0.038 0.047 0.012 0.048 
 133   (0.028) 0.014 0.024 0.007 0.025 
 145   (0.015) 0.003 0.011 0.004 0.012 
 149   (0.097) 0.086 0.083 0.034 0.088 
 131   (0.015) 0.003 0.012 0.005 0.013 
 127   (0.022) 0.005 0.019 0.005 0.020 

Locus 9 : 9 
3 alleles
0.0% missing data
 189   (0.550) 0.453 0.581 0.151 0.572 
 195   (0.130) 0.301 0.113 0.261 0.117 
 191   (0.320) 0.246 0.306 0.587 0.310 

Locus 10 : 10 
6 alleles
1.1% missing data
 232   (0.260) 0.166 0.293 0.176 0.282 
 252   (0.089) 0.082 0.084 0.217 0.086 
 238   (0.570) 0.732 0.554 0.588 0.560 
 248   (0.022) 0.005 0.020 0.005 0.021 
 254   (0.043) 0.012 0.037 0.009 0.039 
 250   (0.015) 0.003 0.011 0.004 0.013 

Locus 11 : 11 
4 alleles
0.0% missing data
  87   (0.692) 0.830 0.690 0.727 0.690 
  89   (0.230) 0.142 0.246 0.090 0.242 
  91   (0.062) 0.023 0.053 0.180 0.056 
  85   (0.016) 0.005 0.011 0.003 0.013 

Locus 12 : 12 
12 alleles
1.1% missing data
 147   (0.039) 0.045 0.033 0.026 0.035 
 162   (0.239) 0.318 0.239 0.237 0.238 
 170   (0.064) 0.071 0.060 0.032 0.061 
 158   (0.238) 0.241 0.258 0.066 0.252 
 161   (0.125) 0.107 0.113 0.200 0.118 
 154   (0.026) 0.006 0.027 0.006 0.027 
 149   (0.021) 0.005 0.016 0.143 0.017 
 160   (0.167) 0.187 0.180 0.272 0.176 
 143   (0.030) 0.009 0.035 0.007 0.033 
 153   (0.021) 0.005 0.017 0.005 0.018 
 159   (0.014) 0.004 0.012 0.003 0.013 
 164   (0.015) 0.003 0.011 0.003 0.012 

Locus 13 : 13 
4 alleles
0.0% missing data
 108   (0.169) 0.123 0.198 0.054 0.188 
 113   (0.328) 0.389 0.304 0.400 0.312 
 115   (0.488) 0.485 0.485 0.543 0.487 
 109   (0.016) 0.004 0.013 0.003 0.014 

Locus 14 : 14 
5 alleles
2.2% missing data
 229   (0.522) 0.463 0.543 0.531 0.536 
 231   (0.153) 0.037 0.170 0.193 0.165 
 225   (0.153) 0.093 0.152 0.061 0.153 
 227   (0.126) 0.362 0.099 0.204 0.107 
 233   (0.046) 0.046 0.036 0.011 0.039 

Locus 15 : 15 
4 alleles
0.0% missing data
 143   (0.825) 0.886 0.825 0.643 0.826 
 145   (0.092) 0.072 0.096 0.170 0.094 
 147   (0.060) 0.037 0.061 0.182 0.060 
 133   (0.022) 0.005 0.018 0.005 0.020 

Locus 16 : 16 
5 alleles
0.0% missing data
 156   (0.243) 0.250 0.248 0.261 0.247 
 158   (0.552) 0.609 0.545 0.675 0.548 
 154   (0.108) 0.057 0.116 0.041 0.113 
 160   (0.082) 0.073 0.081 0.020 0.081 
 152   (0.015) 0.011 0.010 0.003 0.012 

Locus 17 : 17 
4 alleles
0.0% missing data
  90   (0.629) 0.701 0.637 0.902 0.635 
 100   (0.076) 0.037 0.090 0.019 0.086 
 102   (0.217) 0.239 0.202 0.058 0.206 
  88   (0.077) 0.024 0.071 0.021 0.073 

Locus 18 : 18 
7 alleles
0.0% missing data
 127   (0.338) 0.284 0.358 0.419 0.351 
 148   (0.080) 0.057 0.074 0.034 0.077 
 140   (0.296) 0.228 0.322 0.466 0.313 
 138   (0.042) 0.050 0.033 0.010 0.036 
 142   (0.119) 0.118 0.110 0.041 0.113 
 150   (0.058) 0.186 0.043 0.015 0.048 
 146   (0.067) 0.078 0.059 0.014 0.062 

Locus 19 : 19 
7 alleles
0.0% missing data
 188   (0.194) 0.195 0.189 0.391 0.191 
 194   (0.545) 0.586 0.568 0.199 0.560 
 192   (0.015) 0.003 0.014 0.004 0.014 
 190   (0.105) 0.102 0.094 0.372 0.097 
 202   (0.028) 0.007 0.026 0.007 0.027 
 200   (0.099) 0.105 0.097 0.023 0.098 
 196   (0.015) 0.003 0.011 0.004 0.013 

Locus 20 : 20 
6 alleles
2.2% missing data
 246   (0.081) 0.030 0.088 0.169 0.085 
 252   (0.705) 0.783 0.705 0.757 0.706 
 250   (0.073) 0.060 0.083 0.018 0.079 
 254   (0.072) 0.095 0.057 0.040 0.063 
 244   (0.030) 0.021 0.023 0.007 0.025 
 248   (0.038) 0.011 0.043 0.009 0.041 

Locus 21 : 21 
7 alleles
1.1% missing data
 175   (0.156) 0.062 0.155 0.055 0.157 
 177   (0.256) 0.223 0.277 0.415 0.270 
 159   (0.028) 0.008 0.025 0.012 0.026 
 167   (0.185) 0.126 0.191 0.063 0.188 
 173   (0.275) 0.545 0.248 0.430 0.257 
 165   (0.053) 0.013 0.056 0.012 0.055 
 163   (0.048) 0.023 0.047 0.012 0.047 

Locus 22 : 22 
10 alleles
1.1% missing data
 152   (0.419) 0.508 0.427 0.700 0.425 
 162   (0.066) 0.024 0.074 0.019 0.072 
 166   (0.095) 0.041 0.096 0.162 0.096 
 146   (0.208) 0.322 0.199 0.067 0.202 
 156   (0.031) 0.037 0.024 0.008 0.026 
 158   (0.091) 0.034 0.100 0.024 0.098 
 150   (0.032) 0.021 0.030 0.007 0.031 
 142   (0.015) 0.004 0.012 0.003 0.013 
 164   (0.028) 0.007 0.025 0.006 0.026 
 148   (0.015) 0.003 0.011 0.003 0.012 

Locus 23 : 23 
7 alleles
0.0% missing data
 154   (0.509) 0.550 0.499 0.184 0.505 
 158   (0.032) 0.007 0.035 0.007 0.034 
 160   (0.104) 0.138 0.102 0.199 0.102 
 156   (0.124) 0.042 0.157 0.214 0.145 
 144   (0.194) 0.253 0.178 0.388 0.182 
 152   (0.015) 0.004 0.012 0.003 0.013 
 146   (0.022) 0.005 0.017 0.005 0.018 

Locus 24 : 24 
4 alleles
0.0% missing data
  83   (0.432) 0.400 0.451 0.819 0.444 
  81   (0.356) 0.431 0.345 0.118 0.349 
  85   (0.109) 0.091 0.115 0.032 0.113 
  77   (0.103) 0.077 0.089 0.032 0.095 

Locus 25 : 25 
5 alleles
0.0% missing data
 124   (0.538) 0.604 0.536 0.649 0.537 
 122   (0.082) 0.025 0.084 0.248 0.083 
 132   (0.335) 0.361 0.344 0.094 0.341 
 126   (0.023) 0.006 0.017 0.005 0.019 
 136   (0.022) 0.005 0.019 0.004 0.020 

Locus 26 : 26 
6 alleles
0.0% missing data
 175   (0.286) 0.359 0.251 0.296 0.264 
 183   (0.351) 0.293 0.385 0.592 0.373 
 165   (0.211) 0.252 0.223 0.076 0.218 
 181   (0.059) 0.014 0.061 0.014 0.060 
 179   (0.078) 0.078 0.065 0.018 0.070 
 185   (0.015) 0.003 0.014 0.004 0.014 

Locus 27 : 27 
4 alleles
0.0% missing data
 142   (0.589) 0.743 0.587 0.352 0.588 
 148   (0.240) 0.106 0.263 0.451 0.255 
 150   (0.118) 0.114 0.108 0.033 0.112 
 138   (0.053) 0.037 0.042 0.164 0.046 

Locus 28 : 28 
5 alleles
0.0% missing data
 262   (0.525) 0.459 0.524 0.847 0.527 
 260   (0.382) 0.451 0.396 0.124 0.390 
 256   (0.061) 0.055 0.058 0.020 0.058 
 264   (0.017) 0.032 0.011 0.005 0.013 
 258   (0.015) 0.004 0.011 0.003 0.012 

Locus 29 : 29 
6 alleles
0.0% missing data
 146   (0.246) 0.261 0.247 0.617 0.246 
 150   (0.485) 0.506 0.495 0.316 0.493 
 152   (0.045) 0.039 0.037 0.015 0.039 
 140   (0.156) 0.156 0.163 0.036 0.160 
 148   (0.053) 0.036 0.047 0.012 0.049 
 151   (0.015) 0.003 0.011 0.003 0.012 

Locus 30 : 30 
5 alleles
0.0% missing data
 125   (0.332) 0.100 0.361 0.260 0.353 
 129   (0.403) 0.522 0.394 0.658 0.396 
 127   (0.073) 0.058 0.073 0.017 0.074 
 131   (0.057) 0.054 0.046 0.015 0.049 
 123   (0.135) 0.266 0.126 0.050 0.128 

Locus 31 : 31 
5 alleles
0.0% missing data
 155   (0.527) 0.411 0.555 0.343 0.547 
 159   (0.231) 0.301 0.211 0.253 0.218 
 153   (0.055) 0.054 0.046 0.352 0.048 
 157   (0.162) 0.228 0.160 0.045 0.161 
 151   (0.026) 0.006 0.028 0.008 0.027 

Locus 32 : 32 
5 alleles
0.0% missing data
 146   (0.315) 0.314 0.345 0.429 0.333 
 150   (0.566) 0.612 0.556 0.392 0.561 
 148   (0.035) 0.010 0.029 0.013 0.031 
 154   (0.067) 0.034 0.059 0.162 0.061 
 152   (0.018) 0.029 0.012 0.004 0.013 

Locus 33 : 33 
6 alleles
0.0% missing data
 180   (0.388) 0.404 0.401 0.288 0.398 
 192   (0.182) 0.105 0.170 0.209 0.175 
 184   (0.190) 0.266 0.202 0.057 0.198 
 196   (0.123) 0.162 0.107 0.416 0.112 
 198   (0.093) 0.028 0.102 0.026 0.098 
 190   (0.024) 0.036 0.017 0.005 0.019 

Locus 34 : 34 
5 alleles
0.0% missing data
 110   (0.180) 0.122 0.194 0.050 0.188 
 112   (0.337) 0.379 0.338 0.382 0.337 
 106   (0.282) 0.364 0.258 0.503 0.267 
 108   (0.171) 0.117 0.188 0.058 0.182 
  90   (0.030) 0.018 0.022 0.007 0.025 

Locus 35 : 35 
9 alleles
0.0% missing data
 166   (0.055) 0.086 0.048 0.026 0.050 
 170   (0.261) 0.205 0.271 0.446 0.268 
 174   (0.189) 0.178 0.163 0.078 0.173 
 168   (0.057) 0.046 0.061 0.014 0.059 
 172   (0.304) 0.414 0.334 0.402 0.323 
 178   (0.029) 0.019 0.022 0.007 0.024 
 176   (0.073) 0.020 0.080 0.019 0.078 
 186   (0.017) 0.030 0.011 0.004 0.013 
 158   (0.015) 0.003 0.011 0.003 0.012 

Locus 36 : 36 
6 alleles
0.0% missing data
  85   (0.129) 0.117 0.116 0.386 0.120 
  89   (0.577) 0.623 0.598 0.545 0.590 
  81   (0.059) 0.037 0.053 0.015 0.056 
  83   (0.134) 0.145 0.146 0.032 0.143 
  95   (0.086) 0.074 0.076 0.019 0.080 
  91   (0.015) 0.004 0.011 0.003 0.012 

Locus 37 : 37 
9 alleles
0.0% missing data
 165   (0.198) 0.245 0.207 0.438 0.203 
 155   (0.020) 0.006 0.016 0.010 0.017 
 173   (0.221) 0.270 0.206 0.219 0.211 
 161   (0.363) 0.269 0.386 0.285 0.380 
 169   (0.130) 0.136 0.137 0.034 0.134 
 159   (0.021) 0.018 0.015 0.005 0.017 
 167   (0.015) 0.005 0.011 0.003 0.012 
 175   (0.017) 0.047 0.011 0.004 0.013 
 168   (0.015) 0.003 0.011 0.003 0.012 

Locus 38 : 38 
5 alleles
0.0% missing data
  89   (0.460) 0.519 0.475 0.337 0.470 
  91   (0.214) 0.169 0.215 0.077 0.215 
  85   (0.159) 0.167 0.152 0.543 0.154 
  87   (0.088) 0.053 0.086 0.023 0.087 
  81   (0.079) 0.092 0.071 0.020 0.074 

Locus 39 : 39 
4 alleles
1.1% missing data
 161   (0.208) 0.154 0.219 0.216 0.217 
 167   (0.753) 0.788 0.752 0.774 0.752 
 177   (0.016) 0.003 0.012 0.005 0.013 
 165   (0.024) 0.054 0.016 0.005 0.019 

Locus 40 : 40 
5 alleles
1.1% missing data
 238   (0.344) 0.276 0.358 0.289 0.355 
 228   (0.411) 0.554 0.418 0.483 0.414 
 236   (0.083) 0.033 0.074 0.038 0.077 
 240   (0.141) 0.133 0.129 0.186 0.133 
 224   (0.021) 0.005 0.022 0.004 0.021 

Locus 41 : 41 
6 alleles
0.0% missing data
 130   (0.512) 0.449 0.525 0.515 0.520 
 134   (0.110) 0.049 0.119 0.030 0.116 
 114   (0.060) 0.015 0.057 0.021 0.058 
 128   (0.138) 0.222 0.125 0.194 0.130 
 132   (0.117) 0.187 0.127 0.226 0.123 
 118   (0.063) 0.078 0.048 0.015 0.053 

Locus 42 : 42 
5 alleles
2.2% missing data
 102   (0.282) 0.282 0.294 0.256 0.290 
 104   (0.404) 0.530 0.388 0.309 0.394 
  98   (0.134) 0.088 0.129 0.377 0.131 
  96   (0.071) 0.023 0.088 0.025 0.082 
  92   (0.109) 0.078 0.100 0.033 0.104 

Locus 43 : 43 
4 alleles
1.1% missing data
 101   (0.374) 0.244 0.358 0.685 0.366 
  95   (0.255) 0.236 0.251 0.213 0.252 
 103   (0.229) 0.440 0.207 0.067 0.213 
  99   (0.142) 0.080 0.183 0.035 0.169 

Locus 44 : 44 
5 alleles
0.0% missing data
 181   (0.588) 0.627 0.597 0.889 0.595 
 191   (0.276) 0.260 0.295 0.082 0.289 
 177   (0.087) 0.059 0.073 0.020 0.077 
 193   (0.018) 0.047 0.012 0.004 0.014 
 179   (0.030) 0.007 0.024 0.006 0.026 

Locus 45 : 45 
6 alleles
2.2% missing data
 205   (0.458) 0.524 0.484 0.311 0.474 
 215   (0.060) 0.038 0.055 0.017 0.057 
 211   (0.208) 0.110 0.217 0.410 0.215 
 201   (0.101) 0.127 0.098 0.029 0.099 
 207   (0.157) 0.197 0.131 0.230 0.140 
 202   (0.015) 0.004 0.015 0.004 0.015 

Locus 46 : 46 
9 alleles
2.2% missing data
 142   (0.388) 0.573 0.369 0.557 0.375 
 168   (0.127) 0.045 0.163 0.044 0.151 
 158   (0.169) 0.093 0.181 0.046 0.177 
 170   (0.022) 0.005 0.018 0.006 0.020 
 144   (0.052) 0.026 0.044 0.191 0.046 
 166   (0.114) 0.183 0.111 0.029 0.112 
 162   (0.056) 0.056 0.046 0.017 0.049 
 164   (0.044) 0.010 0.043 0.105 0.043 
 156   (0.029) 0.007 0.024 0.006 0.026 

Locus 47 : 47 
6 alleles
5.4% missing data
 145   (0.231) 0.132 0.230 0.413 0.230 
 151   (0.138) 0.098 0.149 0.199 0.146 
 153   (0.212) 0.315 0.211 0.253 0.211 
 149   (0.364) 0.443 0.364 0.122 0.364 
 143   (0.030) 0.007 0.027 0.007 0.028 
 147   (0.023) 0.005 0.019 0.007 0.021 

Values of parameters used in structure:
DATAFILE=subw2.str,	OUTFILE=k4/subw2_k4_run6,	NUMINDS=93,	NUMLOCI=47,	MISSING=-9,	LABEL=1,	POPDATA=1,	POPFLAG=0,	PHENOTYPE=0,	EXTRACOLS=0,	MAXPOPS=4,	BURNIN=500000,	NUMREPS=750000,	USEPOPINFO=0,	INFERALPHA=1,	INFERLAMBDA=0,	POPSPECIFICLAMBDA=0,	POPALPHAS=0,	COMPUTEPROB=1,	NOADMIX=0,	ADMBURNIN=500,	UPDATEFREQ=100,	PRINTLIKES=0,	INTERMEDSAVE=0,	PRINTKLD=0,	PRINTNET=1,	PRINTLAMBDA=1,	ANCESTDIST=0,	NUMBOXES=1000,	ANCESTPINT=0.90000,	GENSBACK=2,	MIGRPRIOR=0.01000,	PRINTQHAT=0,	PRINTQSUM=1,	ALPHA=1.0000,	FREQSCORR=1,	FPRIORMEAN=0.0100,	FPRIORSD=0.0500,	ONEFST=0,	LAMBDA=1.0000,	UNIFPRIORALPHA=1,	ALPHAMAX=10.0000,	ALPHAPRIORA=1.0000,	ALPHAPRIORB=2.0000,	ALPHAPROPSD=0.0250,	STARTATPOPINFO=0,	RANDOMIZE=0,	LINKAGE=0,	METROFREQ=10,	REPORTHITRATE=0,	MARKOVPHASE=0,	PHASED=1,	PLOIDY=2,	PHASEINFO=0	LOCPRIOR=0, 	LOCPRIORINIT=1.000000, 	LOCDATA=0, 	LOCISPOP=1, 	LOCPRIORSTEP=0.100000, 	MAXLOCPRIOR=20.000000, 	SEED=662026,	
[STRAT parameters]:    NUMSIMSTATS=1000,	PHENOTYPECOL=-9,	POOLFREQ=10,	LOCUSxONLY=0,	EMERROR=0.00100,	MISSINGPHENO=-9,	