

----------------------------------------------------
STRUCTURE by Pritchard, Stephens and Donnelly (2000)
     and Falush, Stephens and Pritchard (2003)
       Code by Pritchard, Falush and Hubisz
             Version 2.3.4 (Jul 2012)
----------------------------------------------------



Command line arguments:   structure -D 598919 -K 2 -m mainparams -o k2/subw2_k2_run6 
Input File:    subw2.str

Run parameters:
   93 individuals
   47 loci
   2 populations assumed
   500000 Burn-in period
   750000 Reps
RANDOMIZE turned off


--------------------------------------------
Proportion of membership of each pre-defined
 population in each of the 2 clusters

Given    Inferred Clusters       Number of
 Pop       1      2             Individuals

  1:     0.704  0.296              10
  2:     0.514  0.486              24
  3:     0.400  0.600              11
  4:     0.284  0.716              18
  5:     0.722  0.278              25
  6:     0.683  0.317               5
--------------------------------------------

Allele-freq. divergence among pops (Net nucleotide distance),
computed using point estimates of P.

      1       2      
 1      -    0.0237  
 2   0.0237     -    

Average distances (expected heterozygosity) between individuals in same cluster:
cluster  1  : 0.6690 
cluster  2  : 0.5736 

--------------------------------------------
Estimated Ln Prob of Data   = -11045.7
Mean value of ln likelihood = -10666.9
Variance of ln likelihood   = 757.5
Mean value of alpha         = 1.3175

Mean value of Fst_1         = 0.0000
Mean value of Fst_2         = 0.1342


Inferred ancestry of individuals:
        Label (%Miss) Pop:  Inferred clusters
  1      193    (0)    1 :  0.773 0.227 
  2      216    (0)    1 :  0.624 0.376 
  3      190    (0)    1 :  0.733 0.267 
  4       52    (0)    1 :  0.785 0.215 
  5      186    (2)    1 :  0.725 0.275 
  6      211    (0)    1 :  0.803 0.197 
  7      187    (2)    1 :  0.820 0.180 
  8      106    (0)    1 :  0.416 0.584 
  9      428    (0)    1 :  0.783 0.217 
 10      224    (0)    1 :  0.580 0.420 
 11      776    (2)    2 :  0.629 0.371 
 12      488    (0)    2 :  0.397 0.603 
 13      791    (2)    2 :  0.708 0.292 
 14      516    (0)    2 :  0.520 0.480 
 15      486    (0)    2 :  0.184 0.816 
 16      760    (2)    2 :  0.259 0.741 
 17      795    (4)    2 :  0.511 0.489 
 18      754    (2)    2 :  0.216 0.784 
 19      761    (0)    2 :  0.509 0.491 
 20      496    (0)    2 :  0.708 0.292 
 21      750    (2)    2 :  0.598 0.402 
 22      792    (4)    2 :  0.677 0.323 
 23      790    (0)    2 :  0.758 0.242 
 24      759    (0)    2 :  0.146 0.854 
 25      491    (0)    2 :  0.666 0.334 
 26      513    (0)    2 :  0.551 0.449 
 27      517    (0)    2 :  0.564 0.436 
 28      779    (0)    2 :  0.734 0.266 
 29      772    (2)    2 :  0.505 0.495 
 30      785    (2)    2 :  0.128 0.872 
 31      778    (2)    2 :  0.728 0.272 
 32      780    (2)    2 :  0.676 0.324 
 33      786    (0)    2 :  0.666 0.334 
 34      756    (0)    2 :  0.296 0.704 
 35      462    (4)    3 :  0.138 0.862 
 36      505    (0)    3 :  0.311 0.689 
 37      466    (0)    3 :  0.221 0.779 
 38      171    (0)    3 :  0.642 0.358 
 39      174    (0)    3 :  0.677 0.323 
 40      178    (2)    3 :  0.676 0.324 
 41      446    (0)    3 :  0.167 0.833 
 42      454    (0)    3 :  0.162 0.838 
 43      167    (0)    3 :  0.662 0.338 
 44      510    (0)    3 :  0.313 0.687 
 45      464    (2)    3 :  0.424 0.576 
 46      766    (0)    4 :  0.251 0.749 
 47      453    (0)    4 :  0.169 0.831 
 48      519    (0)    4 :  0.242 0.758 
 49      485    (0)    4 :  0.272 0.728 
 50      475    (0)    4 :  0.606 0.394 
 51      521    (0)    4 :  0.379 0.621 
 52      489    (0)    4 :  0.138 0.862 
 53      928    (0)    4 :  0.119 0.881 
 54      477    (0)    4 :  0.600 0.400 
 55      467    (2)    4 :  0.161 0.839 
 56      511    (0)    4 :  0.514 0.486 
 57      518    (0)    4 :  0.167 0.833 
 58      459    (0)    4 :  0.286 0.714 
 59      191    (0)    4 :  0.317 0.683 
 60      524    (0)    4 :  0.491 0.509 
 61      441    (0)    4 :  0.096 0.904 
 62      483    (0)    4 :  0.154 0.846 
 63      503    (0)    4 :  0.160 0.840 
 64      107    (4)    5 :  0.681 0.319 
 65      182    (2)    5 :  0.322 0.678 
 66      116    (0)    5 :  0.699 0.301 
 67      375    (0)    5 :  0.668 0.332 
 68      372    (0)    5 :  0.754 0.246 
 69      404    (0)    5 :  0.766 0.234 
 70      382    (0)    5 :  0.860 0.140 
 71      389    (0)    5 :  0.712 0.288 
 72      373    (0)    5 :  0.808 0.192 
 73      385    (0)    5 :  0.834 0.166 
 74      380    (0)    5 :  0.744 0.256 
 75      181    (0)    5 :  0.798 0.202 
 76      381    (0)    5 :  0.685 0.315 
 77      387    (0)    5 :  0.697 0.303 
 78      183    (0)    5 :  0.723 0.277 
 79       98    (4)    5 :  0.637 0.363 
 80      384    (0)    5 :  0.857 0.143 
 81      124    (0)    5 :  0.642 0.358 
 82      379    (0)    5 :  0.713 0.287 
 83      386    (0)    5 :  0.700 0.300 
 84      396    (0)    5 :  0.702 0.298 
 85      184    (2)    5 :  0.783 0.217 
 86      371    (0)    5 :  0.739 0.261 
 87      437    (0)    5 :  0.723 0.277 
 88      131    (2)    5 :  0.799 0.201 
 89      432    (0)    6 :  0.721 0.279 
 90      427    (0)    6 :  0.625 0.375 
 91      433    (2)    6 :  0.826 0.174 
 92      434    (0)    6 :  0.559 0.441 
 93      426    (0)    6 :  0.685 0.315 


Estimated Allele Frequencies in each cluster
First column gives estimated ancestral frequencies


Locus 1 : 1 
4 alleles
0.0% missing data
  89   (0.554) 0.554 0.639 
  93   (0.079) 0.079 0.035 
  91   (0.338) 0.338 0.313 
  99   (0.030) 0.030 0.013 

Locus 2 : 2 
6 alleles
2.2% missing data
 136   (0.444) 0.444 0.114 
 134   (0.158) 0.158 0.261 
 138   (0.216) 0.216 0.508 
 140   (0.107) 0.107 0.048 
 132   (0.040) 0.040 0.008 
 142   (0.035) 0.035 0.061 

Locus 3 : 3 
6 alleles
0.0% missing data
 179   (0.180) 0.179 0.264 
 187   (0.424) 0.424 0.254 
 181   (0.172) 0.172 0.317 
 175   (0.060) 0.060 0.045 
 191   (0.046) 0.046 0.009 
 185   (0.118) 0.118 0.112 

Locus 4 : 4 
8 alleles
1.1% missing data
 253   (0.499) 0.499 0.482 
 241   (0.151) 0.151 0.213 
 247   (0.098) 0.098 0.045 
 239   (0.023) 0.023 0.003 
 269   (0.168) 0.167 0.250 
 249   (0.016) 0.016 0.002 
 273   (0.023) 0.023 0.003 
 271   (0.023) 0.023 0.003 

Locus 5 : 5 
6 alleles
0.0% missing data
 103   (0.743) 0.743 0.940 
 105   (0.080) 0.080 0.021 
 102   (0.025) 0.025 0.003 
 104   (0.113) 0.113 0.031 
 107   (0.023) 0.023 0.003 
 101   (0.016) 0.016 0.002 

Locus 6 : 6 
5 alleles
0.0% missing data
 145   (0.351) 0.351 0.573 
 141   (0.282) 0.282 0.290 
 135   (0.273) 0.273 0.122 
 147   (0.078) 0.078 0.014 
 137   (0.016) 0.016 0.002 

Locus 7 : 7 
9 alleles
3.2% missing data
  85   (0.074) 0.074 0.053 
  89   (0.095) 0.095 0.132 
  93   (0.210) 0.210 0.263 
  97   (0.144) 0.144 0.199 
 103   (0.291) 0.291 0.290 
  91   (0.070) 0.070 0.017 
  83   (0.084) 0.084 0.041 
 101   (0.016) 0.016 0.002 
  99   (0.016) 0.016 0.002 

Locus 8 : 8 
8 alleles
0.0% missing data
 129   (0.513) 0.513 0.738 
 143   (0.240) 0.240 0.171 
 141   (0.060) 0.060 0.019 
 133   (0.031) 0.031 0.007 
 145   (0.016) 0.016 0.002 
 149   (0.102) 0.102 0.060 
 131   (0.016) 0.016 0.002 
 127   (0.023) 0.023 0.003 

Locus 9 : 9 
3 alleles
0.0% missing data
 189   (0.609) 0.609 0.390 
 195   (0.085) 0.085 0.296 
 191   (0.306) 0.306 0.313 

Locus 10 : 10 
6 alleles
1.1% missing data
 232   (0.308) 0.309 0.167 
 252   (0.089) 0.089 0.094 
 238   (0.512) 0.512 0.727 
 248   (0.025) 0.025 0.003 
 254   (0.049) 0.048 0.008 
 250   (0.017) 0.017 0.002 

Locus 11 : 11 
4 alleles
0.0% missing data
  87   (0.646) 0.646 0.836 
  89   (0.268) 0.268 0.128 
  91   (0.069) 0.069 0.034 
  85   (0.017) 0.017 0.002 

Locus 12 : 12 
12 alleles
1.1% missing data
 147   (0.040) 0.040 0.034 
 162   (0.238) 0.238 0.283 
 170   (0.071) 0.071 0.054 
 158   (0.252) 0.252 0.226 
 161   (0.113) 0.113 0.128 
 154   (0.031) 0.031 0.003 
 149   (0.027) 0.026 0.019 
 160   (0.137) 0.137 0.241 
 143   (0.038) 0.038 0.007 
 153   (0.023) 0.023 0.003 
 159   (0.015) 0.015 0.002 
 164   (0.016) 0.016 0.001 

Locus 13 : 13 
4 alleles
0.0% missing data
 108   (0.197) 0.197 0.122 
 113   (0.330) 0.330 0.356 
 115   (0.458) 0.458 0.520 
 109   (0.015) 0.015 0.002 

Locus 14 : 14 
5 alleles
2.2% missing data
 229   (0.503) 0.503 0.521 
 231   (0.188) 0.188 0.052 
 225   (0.178) 0.178 0.070 
 227   (0.078) 0.078 0.334 
 233   (0.053) 0.053 0.023 

Locus 15 : 15 
4 alleles
0.0% missing data
 143   (0.798) 0.798 0.875 
 145   (0.110) 0.110 0.068 
 147   (0.067) 0.067 0.054 
 133   (0.025) 0.025 0.003 

Locus 16 : 16 
5 alleles
0.0% missing data
 156   (0.245) 0.245 0.250 
 158   (0.513) 0.513 0.650 
 154   (0.125) 0.125 0.054 
 160   (0.100) 0.100 0.042 
 152   (0.017) 0.017 0.003 

Locus 17 : 17 
4 alleles
0.0% missing data
  90   (0.573) 0.573 0.787 
 100   (0.101) 0.101 0.025 
 102   (0.237) 0.237 0.171 
  88   (0.089) 0.089 0.017 

Locus 18 : 18 
7 alleles
0.0% missing data
 127   (0.322) 0.322 0.350 
 148   (0.085) 0.085 0.044 
 140   (0.289) 0.289 0.309 
 138   (0.049) 0.049 0.025 
 142   (0.129) 0.129 0.087 
 150   (0.051) 0.051 0.140 
 146   (0.076) 0.076 0.045 

Locus 19 : 19 
7 alleles
0.0% missing data
 188   (0.191) 0.191 0.216 
 194   (0.550) 0.550 0.550 
 192   (0.016) 0.016 0.002 
 190   (0.085) 0.085 0.152 
 202   (0.031) 0.031 0.005 
 200   (0.111) 0.111 0.074 
 196   (0.016) 0.016 0.002 

Locus 20 : 20 
6 alleles
2.2% missing data
 246   (0.105) 0.105 0.037 
 252   (0.641) 0.641 0.844 
 250   (0.101) 0.101 0.032 
 254   (0.075) 0.075 0.068 
 244   (0.031) 0.031 0.010 
 248   (0.048) 0.048 0.009 

Locus 21 : 21 
7 alleles
1.1% missing data
 175   (0.184) 0.184 0.053 
 177   (0.289) 0.289 0.236 
 159   (0.033) 0.033 0.005 
 167   (0.197) 0.197 0.121 
 173   (0.178) 0.178 0.562 
 165   (0.064) 0.064 0.011 
 163   (0.055) 0.055 0.012 

Locus 22 : 22 
10 alleles
1.1% missing data
 152   (0.368) 0.368 0.592 
 162   (0.085) 0.085 0.017 
 166   (0.115) 0.115 0.042 
 146   (0.179) 0.179 0.290 
 156   (0.035) 0.035 0.017 
 158   (0.115) 0.115 0.025 
 150   (0.040) 0.040 0.009 
 142   (0.015) 0.015 0.002 
 164   (0.032) 0.032 0.004 
 148   (0.016) 0.016 0.001 

Locus 23 : 23 
7 alleles
0.0% missing data
 154   (0.517) 0.517 0.478 
 158   (0.041) 0.041 0.005 
 160   (0.094) 0.094 0.140 
 156   (0.155) 0.155 0.087 
 144   (0.154) 0.154 0.286 
 152   (0.016) 0.016 0.002 
 146   (0.024) 0.024 0.002 

Locus 24 : 24 
4 alleles
0.0% missing data
  83   (0.412) 0.412 0.509 
  81   (0.361) 0.361 0.361 
  85   (0.121) 0.121 0.073 
  77   (0.106) 0.106 0.057 

Locus 25 : 25 
5 alleles
0.0% missing data
 124   (0.509) 0.509 0.621 
 122   (0.099) 0.099 0.056 
 132   (0.341) 0.341 0.318 
 126   (0.026) 0.026 0.003 
 136   (0.025) 0.025 0.003 

Locus 26 : 26 
6 alleles
0.0% missing data
 175   (0.246) 0.246 0.347 
 183   (0.375) 0.375 0.351 
 165   (0.205) 0.205 0.239 
 181   (0.073) 0.073 0.010 
 179   (0.084) 0.084 0.051 
 185   (0.017) 0.017 0.002 

Locus 27 : 27 
4 alleles
0.0% missing data
 142   (0.532) 0.532 0.709 
 148   (0.281) 0.281 0.172 
 150   (0.126) 0.126 0.085 
 138   (0.061) 0.061 0.035 

Locus 28 : 28 
5 alleles
0.0% missing data
 262   (0.508) 0.508 0.550 
 260   (0.385) 0.385 0.396 
 256   (0.068) 0.068 0.037 
 264   (0.022) 0.022 0.015 
 258   (0.017) 0.017 0.002 

Locus 29 : 29 
6 alleles
0.0% missing data
 146   (0.233) 0.233 0.329 
 150   (0.456) 0.456 0.512 
 152   (0.052) 0.052 0.020 
 140   (0.183) 0.183 0.115 
 148   (0.060) 0.060 0.022 
 151   (0.016) 0.016 0.002 

Locus 30 : 30 
5 alleles
0.0% missing data
 125   (0.411) 0.411 0.112 
 129   (0.321) 0.321 0.594 
 127   (0.087) 0.087 0.038 
 131   (0.065) 0.065 0.030 
 123   (0.116) 0.116 0.227 

Locus 31 : 31 
5 alleles
0.0% missing data
 155   (0.576) 0.576 0.393 
 159   (0.197) 0.197 0.296 
 153   (0.048) 0.048 0.100 
 157   (0.147) 0.147 0.207 
 151   (0.031) 0.031 0.004 

Locus 32 : 32 
5 alleles
0.0% missing data
 146   (0.333) 0.333 0.342 
 150   (0.526) 0.526 0.605 
 148   (0.042) 0.042 0.006 
 154   (0.076) 0.076 0.037 
 152   (0.023) 0.023 0.009 

Locus 33 : 33 
6 alleles
0.0% missing data
 180   (0.384) 0.384 0.396 
 192   (0.190) 0.190 0.112 
 184   (0.194) 0.194 0.232 
 196   (0.095) 0.095 0.214 
 198   (0.109) 0.109 0.030 
 190   (0.027) 0.027 0.015 

Locus 34 : 34 
5 alleles
0.0% missing data
 110   (0.211) 0.211 0.102 
 112   (0.325) 0.325 0.388 
 106   (0.238) 0.238 0.397 
 108   (0.195) 0.195 0.107 
  90   (0.032) 0.032 0.007 

Locus 35 : 35 
9 alleles
0.0% missing data
 166   (0.056) 0.056 0.063 
 170   (0.257) 0.257 0.263 
 174   (0.184) 0.184 0.154 
 168   (0.068) 0.068 0.030 
 172   (0.274) 0.274 0.454 
 178   (0.032) 0.032 0.006 
 176   (0.092) 0.092 0.016 
 186   (0.022) 0.022 0.011 
 158   (0.015) 0.015 0.002 

Locus 36 : 36 
6 alleles
0.0% missing data
  85   (0.108) 0.108 0.173 
  89   (0.561) 0.561 0.641 
  81   (0.067) 0.067 0.023 
  83   (0.159) 0.159 0.108 
  95   (0.090) 0.090 0.054 
  91   (0.016) 0.016 0.002 

Locus 37 : 37 
9 alleles
0.0% missing data
 165   (0.213) 0.213 0.262 
 155   (0.024) 0.024 0.004 
 173   (0.182) 0.182 0.278 
 161   (0.377) 0.377 0.295 
 169   (0.130) 0.130 0.126 
 159   (0.023) 0.023 0.005 
 167   (0.015) 0.015 0.002 
 175   (0.021) 0.021 0.027 
 168   (0.014) 0.014 0.002 

Locus 38 : 38 
5 alleles
0.0% missing data
  89   (0.445) 0.445 0.512 
  91   (0.230) 0.230 0.144 
  85   (0.134) 0.133 0.247 
  87   (0.104) 0.104 0.037 
  81   (0.087) 0.087 0.060 

Locus 39 : 39 
4 alleles
1.1% missing data
 161   (0.230) 0.230 0.155 
 167   (0.722) 0.723 0.816 
 177   (0.017) 0.017 0.002 
 165   (0.030) 0.030 0.027 

Locus 40 : 40 
5 alleles
1.1% missing data
 238   (0.393) 0.393 0.249 
 228   (0.361) 0.361 0.579 
 236   (0.092) 0.092 0.028 
 240   (0.129) 0.129 0.141 
 224   (0.025) 0.025 0.003 

Locus 41 : 41 
6 alleles
0.0% missing data
 130   (0.501) 0.502 0.498 
 134   (0.133) 0.133 0.038 
 114   (0.071) 0.071 0.012 
 128   (0.116) 0.116 0.212 
 132   (0.107) 0.107 0.195 
 118   (0.071) 0.071 0.044 

Locus 42 : 42 
5 alleles
2.2% missing data
 102   (0.300) 0.300 0.267 
 104   (0.357) 0.357 0.508 
  98   (0.130) 0.130 0.142 
  96   (0.094) 0.094 0.024 
  92   (0.120) 0.120 0.059 

Locus 43 : 43 
4 alleles
1.1% missing data
 101   (0.363) 0.363 0.335 
  95   (0.258) 0.258 0.220 
 103   (0.196) 0.196 0.362 
  99   (0.183) 0.183 0.082 

Locus 44 : 44 
5 alleles
0.0% missing data
 181   (0.547) 0.547 0.714 
 191   (0.304) 0.304 0.221 
 177   (0.094) 0.094 0.036 
 193   (0.023) 0.023 0.025 
 179   (0.033) 0.033 0.004 

Locus 45 : 45 
6 alleles
2.2% missing data
 205   (0.446) 0.446 0.514 
 215   (0.066) 0.066 0.024 
 211   (0.230) 0.230 0.167 
 201   (0.103) 0.103 0.099 
 207   (0.138) 0.138 0.194 
 202   (0.017) 0.017 0.002 

Locus 46 : 46 
9 alleles
2.2% missing data
 142   (0.310) 0.310 0.607 
 168   (0.165) 0.165 0.059 
 158   (0.202) 0.202 0.071 
 170   (0.024) 0.024 0.003 
 144   (0.058) 0.058 0.036 
 166   (0.105) 0.105 0.158 
 162   (0.055) 0.055 0.041 
 164   (0.051) 0.051 0.020 
 156   (0.031) 0.031 0.004 

Locus 47 : 47 
6 alleles
5.4% missing data
 145   (0.247) 0.248 0.176 
 151   (0.156) 0.156 0.106 
 153   (0.181) 0.181 0.318 
 149   (0.357) 0.357 0.392 
 143   (0.033) 0.033 0.004 
 147   (0.025) 0.025 0.003 

Values of parameters used in structure:
DATAFILE=subw2.str,	OUTFILE=k2/subw2_k2_run6,	NUMINDS=93,	NUMLOCI=47,	MISSING=-9,	LABEL=1,	POPDATA=1,	POPFLAG=0,	PHENOTYPE=0,	EXTRACOLS=0,	MAXPOPS=2,	BURNIN=500000,	NUMREPS=750000,	USEPOPINFO=0,	INFERALPHA=1,	INFERLAMBDA=0,	POPSPECIFICLAMBDA=0,	POPALPHAS=0,	COMPUTEPROB=1,	NOADMIX=0,	ADMBURNIN=500,	UPDATEFREQ=100,	PRINTLIKES=0,	INTERMEDSAVE=0,	PRINTKLD=0,	PRINTNET=1,	PRINTLAMBDA=1,	ANCESTDIST=0,	NUMBOXES=1000,	ANCESTPINT=0.90000,	GENSBACK=2,	MIGRPRIOR=0.01000,	PRINTQHAT=0,	PRINTQSUM=1,	ALPHA=1.0000,	FREQSCORR=1,	FPRIORMEAN=0.0100,	FPRIORSD=0.0500,	ONEFST=0,	LAMBDA=1.0000,	UNIFPRIORALPHA=1,	ALPHAMAX=10.0000,	ALPHAPRIORA=1.0000,	ALPHAPRIORB=2.0000,	ALPHAPROPSD=0.0250,	STARTATPOPINFO=0,	RANDOMIZE=0,	LINKAGE=0,	METROFREQ=10,	REPORTHITRATE=0,	MARKOVPHASE=0,	PHASED=1,	PLOIDY=2,	PHASEINFO=0	LOCPRIOR=0, 	LOCPRIORINIT=1.000000, 	LOCDATA=0, 	LOCISPOP=1, 	LOCPRIORSTEP=0.100000, 	MAXLOCPRIOR=20.000000, 	SEED=598919,	
[STRAT parameters]:    NUMSIMSTATS=1000,	PHENOTYPECOL=-9,	POOLFREQ=10,	LOCUSxONLY=0,	EMERROR=0.00100,	MISSINGPHENO=-9,	