

----------------------------------------------------
STRUCTURE by Pritchard, Stephens and Donnelly (2000)
     and Falush, Stephens and Pritchard (2003)
       Code by Pritchard, Falush and Hubisz
             Version 2.3.4 (Jul 2012)
----------------------------------------------------



Command line arguments:   structure -D 748072 -K 12 -m mainparams -o k12/temp2_no_plains_k12_run4 
Input File:    temp2_no_plains.str

Run parameters:
   450 individuals
   47 loci
   12 populations assumed
   500000 Burn-in period
   750000 Reps
RANDOMIZE turned off


--------------------------------------------
Proportion of membership of each pre-defined
 population in each of the 12 clusters

Given    Inferred Clusters                                                                      Number of
 Pop       1      2      3      4      5      6      7      8      9     10     11     12      Individuals

  1:     0.011  0.011  0.012  0.009  0.010  0.869  0.004  0.038  0.010  0.010  0.007  0.008       63
  2:     0.007  0.017  0.016  0.011  0.013  0.874  0.007  0.013  0.014  0.010  0.011  0.007       20
  3:     0.016  0.021  0.037  0.010  0.019  0.721  0.004  0.122  0.020  0.013  0.010  0.007       21
  4:     0.009  0.007  0.012  0.014  0.007  0.366  0.004  0.554  0.007  0.008  0.007  0.005       31
  5:     0.007  0.008  0.006  0.012  0.008  0.909  0.005  0.018  0.008  0.010  0.006  0.004       21
  6:     0.018  0.022  0.798  0.006  0.022  0.011  0.005  0.011  0.020  0.041  0.035  0.012       25
  7:     0.063  0.068  0.024  0.013  0.062  0.469  0.012  0.139  0.059  0.013  0.063  0.016        8
  8:     0.007  0.009  0.009  0.337  0.009  0.562  0.005  0.019  0.009  0.025  0.005  0.005       17
  9:     0.005  0.005  0.006  0.003  0.005  0.005  0.003  0.004  0.005  0.004  0.006  0.949       29
 10:     0.002  0.003  0.003  0.003  0.003  0.002  0.974  0.002  0.003  0.002  0.002  0.002        9
 11:     0.138  0.230  0.062  0.009  0.220  0.011  0.009  0.016  0.232  0.034  0.027  0.014       26
 12:     0.198  0.145  0.028  0.012  0.150  0.013  0.009  0.014  0.142  0.186  0.091  0.012       74
 13:     0.092  0.100  0.022  0.010  0.093  0.019  0.007  0.014  0.095  0.457  0.077  0.013       35
 14:     0.060  0.057  0.028  0.007  0.059  0.028  0.009  0.016  0.054  0.643  0.030  0.009       24
 15:     0.173  0.224  0.039  0.007  0.212  0.023  0.010  0.012  0.215  0.042  0.018  0.027       43
 16:     0.048  0.252  0.013  0.053  0.231  0.014  0.003  0.013  0.333  0.016  0.016  0.009        4
--------------------------------------------

Allele-freq. divergence among pops (Net nucleotide distance),
computed using point estimates of P.

      1       2       3       4       5       6       7       8       9      10      11      12      
 1      -    0.0059  0.0217  0.1074  0.0052  0.0317  0.1046  0.0428  0.0065  0.0221  0.0366  0.0603  
 2   0.0059     -    0.0177  0.1009  0.0001  0.0291  0.0972  0.0367  0.0001  0.0162  0.0302  0.0528  
 3   0.0217  0.0177     -    0.1200  0.0180  0.0427  0.1050  0.0538  0.0185  0.0340  0.0448  0.0596  
 4   0.1074  0.1009  0.1200     -    0.1013  0.1034  0.1993  0.1312  0.1010  0.1243  0.1354  0.1580  
 5   0.0052  0.0001  0.0180  0.1013     -    0.0296  0.0985  0.0375  0.0001  0.0157  0.0299  0.0539  
 6   0.0317  0.0291  0.0427  0.1034  0.0296     -    0.1411  0.0381  0.0298  0.0442  0.0567  0.0785  
 7   0.1046  0.0972  0.1050  0.1993  0.0985  0.1411     -    0.1404  0.0987  0.1257  0.1422  0.1313  
 8   0.0428  0.0367  0.0538  0.1312  0.0375  0.0381  0.1404     -    0.0373  0.0579  0.0610  0.0912  
 9   0.0065  0.0001  0.0185  0.1010  0.0001  0.0298  0.0987  0.0373     -    0.0164  0.0305  0.0537  
10   0.0221  0.0162  0.0340  0.1243  0.0157  0.0442  0.1257  0.0579  0.0164     -    0.0404  0.0700  
11   0.0366  0.0302  0.0448  0.1354  0.0299  0.0567  0.1422  0.0610  0.0305  0.0404     -    0.0830  
12   0.0603  0.0528  0.0596  0.1580  0.0539  0.0785  0.1313  0.0912  0.0537  0.0700  0.0830     -    

Average distances (expected heterozygosity) between individuals in same cluster:
cluster  1  : 0.6192 
cluster  2  : 0.6422 
cluster  3  : 0.5974 
cluster  4  : 0.4340 
cluster  5  : 0.6392 
cluster  6  : 0.5413 
cluster  7  : 0.5350 
cluster  8  : 0.5423 
cluster  9  : 0.6397 
cluster 10  : 0.5744 
cluster 11  : 0.5678 
cluster 12  : 0.5460 

--------------------------------------------
Estimated Ln Prob of Data   = -48429.0
Mean value of ln likelihood = -46397.6
Variance of ln likelihood   = 4062.7
Mean value of alpha         = 0.0349

Mean value of Fst_1         = 0.0404
Mean value of Fst_2         = 0.0130
Mean value of Fst_3         = 0.0861
Mean value of Fst_4         = 0.4056
Mean value of Fst_5         = 0.0211
Mean value of Fst_6         = 0.1310
Mean value of Fst_7         = 0.3062
Mean value of Fst_8         = 0.1676
Mean value of Fst_9         = 0.0186
Mean value of Fst_10         = 0.0764
Mean value of Fst_11         = 0.1646
Mean value of Fst_12         = 0.2087


Inferred ancestry of individuals:
        Label (%Miss) Pop:  Inferred clusters
  1      221    (0)    1 :  0.008 0.007 0.017 0.005 0.007 0.924 0.003 0.008 0.007 0.008 0.003 0.002 
  2      222    (0)    1 :  0.008 0.009 0.007 0.006 0.009 0.419 0.004 0.500 0.009 0.007 0.012 0.009 
  3      223    (0)    1 :  0.023 0.010 0.008 0.007 0.011 0.900 0.003 0.008 0.010 0.008 0.008 0.003 
  4      224    (0)    1 :  0.003 0.003 0.004 0.006 0.003 0.962 0.001 0.006 0.003 0.002 0.004 0.004 
  5      225    (0)    1 :  0.006 0.005 0.004 0.004 0.005 0.952 0.002 0.007 0.006 0.003 0.004 0.004 
  6      226    (0)    1 :  0.009 0.005 0.012 0.004 0.005 0.941 0.006 0.003 0.004 0.003 0.005 0.002 
  7      227    (0)    1 :  0.017 0.011 0.036 0.005 0.011 0.877 0.016 0.003 0.010 0.005 0.005 0.005 
  8      228    (0)    1 :  0.009 0.010 0.007 0.012 0.009 0.907 0.003 0.007 0.010 0.013 0.008 0.005 
  9      234    (0)    1 :  0.004 0.004 0.003 0.005 0.004 0.953 0.003 0.008 0.004 0.005 0.004 0.002 
 10      235    (0)    1 :  0.003 0.003 0.004 0.004 0.003 0.958 0.004 0.010 0.004 0.003 0.002 0.002 
 11      236    (0)    1 :  0.003 0.003 0.005 0.016 0.003 0.958 0.002 0.004 0.003 0.002 0.002 0.002 
 12      237    (0)    1 :  0.005 0.004 0.003 0.002 0.004 0.956 0.002 0.010 0.004 0.004 0.004 0.002 
 13      238    (0)    1 :  0.010 0.009 0.025 0.003 0.009 0.866 0.003 0.041 0.008 0.006 0.007 0.012 
 14      239    (0)    1 :  0.039 0.030 0.078 0.024 0.029 0.714 0.007 0.018 0.026 0.013 0.006 0.016 
 15      240    (0)    1 :  0.003 0.004 0.006 0.007 0.003 0.957 0.002 0.006 0.004 0.003 0.003 0.003 
 16      242    (0)    1 :  0.145 0.087 0.013 0.003 0.074 0.282 0.001 0.301 0.061 0.020 0.010 0.003 
 17      243    (0)    1 :  0.010 0.013 0.019 0.006 0.013 0.868 0.016 0.014 0.014 0.005 0.008 0.015 
 18      244    (0)    1 :  0.011 0.008 0.021 0.002 0.008 0.907 0.012 0.014 0.008 0.002 0.003 0.003 
 19      245    (0)    1 :  0.015 0.018 0.015 0.047 0.018 0.812 0.013 0.004 0.019 0.015 0.015 0.008 
 20      246    (0)    1 :  0.003 0.004 0.003 0.003 0.004 0.952 0.005 0.012 0.004 0.002 0.003 0.003 
 21      248    (0)    1 :  0.010 0.007 0.006 0.009 0.007 0.866 0.003 0.053 0.008 0.004 0.003 0.023 
 22      249    (0)    1 :  0.003 0.002 0.004 0.002 0.002 0.973 0.001 0.003 0.002 0.002 0.004 0.002 
 23      250    (0)    1 :  0.011 0.016 0.010 0.013 0.015 0.872 0.007 0.005 0.016 0.014 0.009 0.010 
 24      251    (0)    1 :  0.006 0.005 0.004 0.006 0.005 0.931 0.005 0.018 0.005 0.011 0.003 0.003 
 25      252    (0)    1 :  0.009 0.009 0.007 0.005 0.010 0.876 0.002 0.004 0.009 0.013 0.017 0.041 
 26      253    (0)    1 :  0.032 0.025 0.009 0.007 0.026 0.839 0.003 0.003 0.024 0.004 0.004 0.023 
 27      254    (0)    1 :  0.006 0.005 0.008 0.004 0.005 0.949 0.002 0.004 0.005 0.004 0.004 0.003 
 28      255    (0)    1 :  0.012 0.019 0.052 0.018 0.017 0.579 0.003 0.260 0.018 0.009 0.006 0.006 
 29      256    (0)    1 :  0.007 0.009 0.004 0.003 0.009 0.876 0.003 0.064 0.010 0.005 0.009 0.002 
 30      257    (0)    1 :  0.010 0.009 0.018 0.003 0.009 0.907 0.003 0.007 0.009 0.010 0.005 0.009 
 31      258    (0)    1 :  0.010 0.009 0.011 0.009 0.010 0.889 0.002 0.030 0.008 0.014 0.005 0.003 
 32      259    (0)    1 :  0.010 0.014 0.006 0.002 0.013 0.908 0.003 0.012 0.016 0.009 0.005 0.003 
 33      260    (0)    1 :  0.005 0.006 0.024 0.023 0.006 0.843 0.006 0.005 0.006 0.004 0.004 0.069 
 34      261    (0)    1 :  0.008 0.017 0.020 0.003 0.018 0.806 0.003 0.006 0.017 0.079 0.013 0.010 
 35      262    (0)    1 :  0.002 0.002 0.002 0.002 0.002 0.972 0.001 0.006 0.002 0.002 0.003 0.002 
 36      263    (0)    1 :  0.005 0.005 0.038 0.005 0.005 0.882 0.005 0.014 0.005 0.004 0.006 0.025 
 37      264    (0)    1 :  0.004 0.005 0.006 0.003 0.005 0.941 0.001 0.010 0.005 0.005 0.012 0.003 
 38      265    (0)    1 :  0.003 0.006 0.018 0.007 0.005 0.882 0.002 0.021 0.006 0.005 0.007 0.037 
 39      266    (0)    1 :  0.003 0.003 0.002 0.005 0.003 0.965 0.001 0.006 0.003 0.003 0.003 0.002 
 40      267    (0)    1 :  0.004 0.003 0.003 0.002 0.003 0.948 0.002 0.024 0.003 0.003 0.003 0.001 
 41      268    (0)    1 :  0.007 0.006 0.006 0.003 0.007 0.893 0.008 0.004 0.006 0.005 0.005 0.049 
 42      269    (0)    1 :  0.003 0.003 0.004 0.019 0.003 0.946 0.002 0.008 0.003 0.004 0.003 0.002 
 43      270    (0)    1 :  0.004 0.003 0.007 0.003 0.003 0.953 0.002 0.004 0.003 0.004 0.012 0.002 
 44      271    (0)    1 :  0.021 0.028 0.016 0.076 0.034 0.738 0.003 0.013 0.029 0.015 0.016 0.011 
 45      272    (0)    1 :  0.011 0.040 0.009 0.013 0.032 0.342 0.007 0.457 0.035 0.026 0.021 0.004 
 46      273    (0)    1 :  0.016 0.016 0.038 0.011 0.015 0.846 0.002 0.016 0.015 0.013 0.011 0.003 
 47      274    (0)    1 :  0.005 0.005 0.009 0.006 0.005 0.940 0.003 0.004 0.005 0.008 0.004 0.006 
 48      275    (2)    1 :  0.005 0.004 0.006 0.003 0.004 0.953 0.002 0.009 0.004 0.004 0.003 0.002 
 49      276    (0)    1 :  0.007 0.006 0.005 0.005 0.006 0.937 0.002 0.006 0.006 0.007 0.007 0.004 
 50      277    (0)    1 :  0.010 0.013 0.009 0.014 0.017 0.865 0.001 0.003 0.016 0.037 0.012 0.002 
 51      278    (0)    1 :  0.012 0.010 0.006 0.005 0.011 0.894 0.008 0.016 0.009 0.021 0.004 0.005 
 52      279    (0)    1 :  0.010 0.014 0.006 0.003 0.014 0.903 0.002 0.018 0.016 0.006 0.006 0.003 
 53      280    (0)    1 :  0.011 0.011 0.017 0.066 0.012 0.831 0.003 0.007 0.011 0.020 0.006 0.005 
 54      287    (0)    1 :  0.009 0.016 0.012 0.004 0.013 0.904 0.004 0.005 0.013 0.008 0.006 0.006 
 55      290    (0)    1 :  0.009 0.014 0.011 0.006 0.012 0.798 0.006 0.105 0.013 0.011 0.012 0.003 
 56      291    (0)    1 :  0.006 0.011 0.007 0.015 0.009 0.894 0.003 0.004 0.011 0.029 0.005 0.006 
 57      295    (0)    1 :  0.003 0.004 0.005 0.003 0.004 0.949 0.001 0.006 0.004 0.015 0.003 0.003 
 58      296    (0)    1 :  0.007 0.004 0.003 0.004 0.004 0.945 0.003 0.009 0.004 0.003 0.009 0.004 
 59      872    (2)    1 :  0.004 0.005 0.005 0.004 0.005 0.847 0.007 0.099 0.005 0.004 0.007 0.007 
 60      873    (4)    1 :  0.012 0.014 0.014 0.010 0.012 0.850 0.004 0.035 0.012 0.003 0.031 0.003 
 61      874    (2)    1 :  0.007 0.004 0.005 0.002 0.005 0.937 0.002 0.013 0.005 0.009 0.008 0.003 
 62      875    (0)    1 :  0.005 0.005 0.006 0.006 0.005 0.925 0.018 0.015 0.005 0.004 0.003 0.002 
 63      876    (6)    1 :  0.018 0.008 0.024 0.005 0.010 0.888 0.001 0.005 0.009 0.012 0.007 0.012 
 64      070    (0)   10 :  0.004 0.005 0.003 0.001 0.004 0.002 0.966 0.004 0.005 0.002 0.002 0.002 
 65      071    (0)   10 :  0.003 0.003 0.004 0.005 0.003 0.002 0.964 0.002 0.003 0.003 0.002 0.006 
 66      072    (0)   10 :  0.002 0.002 0.002 0.003 0.002 0.002 0.981 0.002 0.002 0.002 0.001 0.001 
 67      151    (0)   10 :  0.001 0.001 0.002 0.001 0.001 0.001 0.984 0.001 0.001 0.002 0.002 0.001 
 68      152    (0)   10 :  0.004 0.006 0.004 0.005 0.005 0.003 0.957 0.002 0.005 0.004 0.003 0.002 
 69      153    (2)   10 :  0.001 0.001 0.002 0.001 0.001 0.001 0.984 0.002 0.002 0.001 0.001 0.002 
 70      788    (4)   10 :  0.002 0.003 0.002 0.003 0.003 0.002 0.973 0.002 0.003 0.003 0.002 0.002 
 71      789    (2)   10 :  0.002 0.002 0.002 0.002 0.002 0.002 0.979 0.002 0.002 0.002 0.001 0.003 
 72      790    (0)   10 :  0.002 0.002 0.002 0.003 0.002 0.002 0.979 0.002 0.002 0.001 0.001 0.001 
 73      010    (0)   11 :  0.050 0.244 0.010 0.007 0.307 0.005 0.002 0.007 0.349 0.005 0.011 0.004 
 74      024    (0)   11 :  0.031 0.369 0.010 0.005 0.280 0.005 0.006 0.005 0.252 0.018 0.008 0.010 
 75      051    (0)   11 :  0.046 0.219 0.241 0.004 0.199 0.005 0.014 0.007 0.244 0.005 0.009 0.007 
 76      090    (0)   11 :  0.104 0.257 0.048 0.003 0.256 0.007 0.007 0.008 0.281 0.010 0.014 0.005 
 77      102    (0)   11 :  0.063 0.222 0.020 0.004 0.222 0.032 0.002 0.036 0.253 0.123 0.020 0.003 
 78      111    (0)   11 :  0.113 0.232 0.011 0.066 0.252 0.006 0.002 0.025 0.273 0.012 0.006 0.004 
 79      113    (0)   11 :  0.071 0.260 0.078 0.003 0.202 0.005 0.006 0.031 0.286 0.040 0.013 0.005 
 80      138    (0)   11 :  0.541 0.085 0.019 0.002 0.129 0.009 0.047 0.004 0.078 0.010 0.004 0.073 
 81      150    (0)   11 :  0.287 0.062 0.110 0.002 0.103 0.024 0.016 0.010 0.054 0.302 0.025 0.004 
 82      173    (2)   11 :  0.049 0.257 0.236 0.007 0.162 0.005 0.021 0.006 0.163 0.040 0.038 0.016 
 83      174    (2)   11 :  0.186 0.243 0.017 0.004 0.214 0.007 0.026 0.026 0.264 0.005 0.005 0.004 
 84      175    (0)   11 :  0.040 0.320 0.021 0.002 0.286 0.002 0.007 0.010 0.294 0.007 0.008 0.003 
 85      176    (0)   11 :  0.039 0.329 0.007 0.007 0.238 0.017 0.005 0.018 0.316 0.007 0.005 0.011 
 86      177    (0)   11 :  0.066 0.198 0.344 0.002 0.162 0.003 0.004 0.008 0.189 0.016 0.005 0.002 
 87      180    (0)   11 :  0.088 0.204 0.146 0.005 0.185 0.024 0.004 0.119 0.208 0.005 0.005 0.007 
 88      184    (0)   11 :  0.599 0.081 0.014 0.005 0.121 0.006 0.015 0.004 0.065 0.024 0.061 0.005 
 89      195    (0)   11 :  0.055 0.268 0.016 0.033 0.275 0.005 0.006 0.004 0.304 0.013 0.007 0.014 
 90      198    (0)   11 :  0.300 0.194 0.017 0.032 0.207 0.011 0.003 0.016 0.202 0.007 0.004 0.006 
 91      203    (0)   11 :  0.042 0.225 0.011 0.003 0.371 0.008 0.009 0.010 0.281 0.010 0.025 0.005 
 92      211    (0)   11 :  0.046 0.344 0.008 0.003 0.172 0.031 0.003 0.005 0.277 0.025 0.005 0.080 
 93      220    (0)   11 :  0.132 0.196 0.081 0.007 0.243 0.005 0.002 0.009 0.217 0.071 0.028 0.009 
 94      233    (0)   11 :  0.027 0.291 0.021 0.002 0.231 0.011 0.006 0.004 0.261 0.099 0.015 0.033 
 95      331    (0)   11 :  0.047 0.243 0.033 0.008 0.305 0.005 0.008 0.006 0.323 0.007 0.012 0.005 
 96      349    (0)   11 :  0.041 0.168 0.057 0.005 0.160 0.006 0.009 0.010 0.166 0.010 0.363 0.006 
 97      410    (0)   11 :  0.322 0.230 0.020 0.003 0.211 0.008 0.003 0.011 0.153 0.005 0.006 0.029 
 98      417    (2)   11 :  0.202 0.231 0.007 0.007 0.216 0.028 0.002 0.008 0.281 0.007 0.008 0.005 
 99      421    (0)   12 :  0.010 0.010 0.005 0.082 0.011 0.009 0.002 0.004 0.011 0.845 0.007 0.005 
100      423    (0)   12 :  0.068 0.267 0.011 0.003 0.303 0.005 0.008 0.010 0.282 0.005 0.036 0.003 
101      424    (0)   12 :  0.201 0.114 0.396 0.005 0.114 0.015 0.002 0.034 0.102 0.008 0.008 0.003 
102      433    (0)   12 :  0.326 0.091 0.008 0.003 0.149 0.004 0.002 0.004 0.131 0.259 0.008 0.015 
103      462    (0)   12 :  0.099 0.230 0.094 0.007 0.180 0.007 0.002 0.009 0.221 0.099 0.027 0.023 
104      463    (0)   12 :  0.145 0.237 0.008 0.020 0.208 0.011 0.003 0.006 0.209 0.007 0.143 0.004 
105      467    (0)   12 :  0.009 0.013 0.013 0.004 0.015 0.019 0.008 0.005 0.013 0.868 0.019 0.014 
106      468    (0)   12 :  0.007 0.008 0.008 0.024 0.008 0.015 0.003 0.007 0.008 0.039 0.871 0.002 
107      469    (0)   12 :  0.127 0.140 0.007 0.034 0.156 0.046 0.002 0.009 0.157 0.314 0.005 0.003 
108      472    (0)   12 :  0.081 0.363 0.009 0.016 0.229 0.007 0.004 0.003 0.259 0.013 0.008 0.008 
109      473    (0)   12 :  0.031 0.039 0.008 0.006 0.040 0.003 0.003 0.005 0.047 0.008 0.801 0.008 
110      474    (0)   12 :  0.046 0.009 0.010 0.002 0.040 0.018 0.002 0.004 0.009 0.088 0.751 0.021 
111      475    (0)   12 :  0.060 0.183 0.010 0.003 0.211 0.004 0.004 0.006 0.208 0.276 0.033 0.003 
112      476    (2)   12 :  0.008 0.015 0.007 0.003 0.041 0.005 0.019 0.007 0.015 0.087 0.778 0.016 
113      477    (0)   12 :  0.055 0.288 0.007 0.003 0.240 0.007 0.005 0.005 0.345 0.014 0.014 0.017 
114      478    (0)   12 :  0.032 0.280 0.018 0.003 0.227 0.014 0.002 0.070 0.284 0.063 0.004 0.003 
115      479    (0)   12 :  0.661 0.027 0.009 0.012 0.103 0.017 0.003 0.005 0.021 0.128 0.010 0.003 
116      480    (0)   12 :  0.006 0.007 0.005 0.001 0.006 0.003 0.002 0.004 0.007 0.944 0.012 0.003 
117      481    (0)   12 :  0.304 0.208 0.015 0.004 0.182 0.006 0.045 0.010 0.171 0.032 0.020 0.003 
118      482    (0)   12 :  0.092 0.255 0.015 0.063 0.208 0.004 0.002 0.005 0.252 0.052 0.005 0.046 
119      489    (0)   12 :  0.066 0.285 0.009 0.005 0.257 0.005 0.005 0.006 0.291 0.039 0.018 0.015 
120      490    (0)   12 :  0.802 0.026 0.013 0.005 0.087 0.017 0.003 0.009 0.020 0.010 0.005 0.003 
121      491    (0)   12 :  0.150 0.225 0.098 0.009 0.185 0.005 0.009 0.004 0.164 0.016 0.016 0.121 
122      492    (0)   12 :  0.023 0.037 0.011 0.003 0.064 0.013 0.005 0.030 0.042 0.060 0.700 0.012 
123      493    (0)   12 :  0.037 0.197 0.025 0.006 0.204 0.016 0.011 0.005 0.245 0.194 0.055 0.007 
124      494    (0)   12 :  0.314 0.132 0.019 0.010 0.147 0.005 0.024 0.004 0.136 0.155 0.015 0.041 
125      498    (0)   12 :  0.250 0.254 0.007 0.003 0.168 0.024 0.008 0.015 0.164 0.011 0.093 0.004 
126      499    (0)   12 :  0.049 0.243 0.056 0.003 0.333 0.012 0.003 0.006 0.267 0.013 0.009 0.007 
127      709    (0)   12 :  0.282 0.205 0.012 0.018 0.186 0.009 0.089 0.009 0.156 0.012 0.009 0.012 
128      710    (4)   12 :  0.080 0.226 0.003 0.009 0.284 0.006 0.005 0.004 0.313 0.058 0.009 0.003 
129      711    (2)   12 :  0.069 0.218 0.135 0.024 0.192 0.018 0.007 0.071 0.241 0.014 0.007 0.004 
130      712    (4)   12 :  0.844 0.012 0.010 0.004 0.087 0.008 0.002 0.008 0.010 0.008 0.004 0.003 
131      713    (0)   12 :  0.043 0.257 0.008 0.021 0.339 0.004 0.004 0.005 0.286 0.004 0.019 0.008 
132      714    (2)   12 :  0.013 0.031 0.018 0.006 0.042 0.010 0.015 0.008 0.029 0.676 0.149 0.002 
133      715    (4)   12 :  0.024 0.018 0.024 0.015 0.016 0.040 0.012 0.016 0.017 0.775 0.004 0.038 
134      716    (0)   12 :  0.043 0.023 0.006 0.006 0.055 0.004 0.003 0.004 0.025 0.816 0.013 0.003 
135      717    (2)   12 :  0.038 0.142 0.011 0.008 0.200 0.007 0.003 0.141 0.182 0.246 0.010 0.012 
136      718    (4)   12 :  0.780 0.032 0.016 0.010 0.094 0.012 0.003 0.006 0.023 0.015 0.007 0.002 
137      719    (0)   12 :  0.005 0.004 0.003 0.004 0.004 0.004 0.002 0.002 0.004 0.963 0.003 0.002 
138      720    (2)   12 :  0.012 0.036 0.011 0.013 0.055 0.008 0.002 0.006 0.057 0.775 0.017 0.009 
139      721    (0)   12 :  0.077 0.147 0.026 0.014 0.171 0.005 0.029 0.006 0.183 0.132 0.202 0.007 
140      722    (4)   12 :  0.007 0.005 0.005 0.023 0.006 0.010 0.002 0.006 0.008 0.904 0.023 0.002 
141      723    (0)   12 :  0.015 0.028 0.004 0.002 0.024 0.004 0.008 0.008 0.024 0.872 0.005 0.008 
142      724    (0)   12 :  0.011 0.021 0.007 0.089 0.021 0.014 0.006 0.010 0.016 0.763 0.032 0.010 
143      725    (0)   12 :  0.035 0.352 0.012 0.009 0.220 0.005 0.004 0.008 0.307 0.025 0.012 0.010 
144      726    (0)   12 :  0.052 0.213 0.010 0.010 0.238 0.004 0.006 0.003 0.234 0.061 0.165 0.005 
145      727    (0)   12 :  0.207 0.239 0.013 0.008 0.223 0.005 0.008 0.003 0.225 0.029 0.029 0.013 
146      728    (2)   12 :  0.025 0.285 0.011 0.010 0.246 0.007 0.097 0.013 0.285 0.010 0.005 0.006 
147      729    (6)   12 :  0.132 0.306 0.017 0.004 0.222 0.006 0.005 0.005 0.260 0.034 0.004 0.004 
148      730    (2)   12 :  0.726 0.048 0.011 0.012 0.096 0.010 0.006 0.008 0.042 0.031 0.003 0.005 
149      731    (2)   12 :  0.817 0.029 0.004 0.004 0.099 0.007 0.002 0.004 0.022 0.004 0.005 0.002 
150      732    (0)   12 :  0.043 0.295 0.012 0.006 0.219 0.009 0.002 0.010 0.307 0.072 0.018 0.006 
151      733    (0)   12 :  0.117 0.230 0.014 0.040 0.244 0.012 0.005 0.010 0.248 0.073 0.004 0.003 
152      734    (2)   12 :  0.121 0.240 0.081 0.001 0.214 0.009 0.009 0.007 0.200 0.020 0.005 0.094 
153      735    (4)   12 :  0.118 0.247 0.036 0.008 0.257 0.005 0.003 0.008 0.253 0.026 0.031 0.007 
154      736    (2)   12 :  0.435 0.137 0.019 0.003 0.193 0.004 0.018 0.005 0.150 0.007 0.005 0.023 
155      737    (0)   12 :  0.718 0.054 0.016 0.004 0.094 0.012 0.011 0.035 0.031 0.004 0.017 0.003 
156      738    (2)   12 :  0.474 0.154 0.090 0.003 0.130 0.009 0.003 0.005 0.114 0.008 0.005 0.005 
157      739    (8)   12 :  0.705 0.056 0.013 0.004 0.104 0.008 0.014 0.005 0.049 0.026 0.009 0.007 
158      740    (4)   12 :  0.709 0.056 0.004 0.016 0.108 0.005 0.002 0.005 0.039 0.050 0.003 0.003 
159      741    (2)   12 :  0.174 0.180 0.012 0.023 0.190 0.064 0.002 0.095 0.156 0.061 0.021 0.024 
160      742    (4)   12 :  0.375 0.151 0.085 0.002 0.179 0.012 0.006 0.020 0.147 0.011 0.006 0.005 
161      743    (2)   12 :  0.012 0.009 0.006 0.002 0.012 0.005 0.002 0.005 0.010 0.922 0.004 0.010 
162      744    (0)   12 :  0.059 0.271 0.007 0.003 0.266 0.004 0.026 0.005 0.272 0.076 0.007 0.004 
163      745    (0)   12 :  0.032 0.154 0.008 0.018 0.153 0.049 0.015 0.023 0.165 0.369 0.009 0.005 
164      746    (2)   12 :  0.375 0.172 0.012 0.010 0.212 0.004 0.004 0.039 0.155 0.006 0.005 0.005 
165      747    (2)   12 :  0.545 0.086 0.057 0.006 0.123 0.032 0.006 0.008 0.098 0.008 0.011 0.020 
166      748    (0)   12 :  0.053 0.118 0.062 0.021 0.080 0.116 0.007 0.033 0.072 0.006 0.414 0.017 
167      749    (2)   12 :  0.042 0.280 0.087 0.033 0.269 0.007 0.013 0.008 0.230 0.008 0.003 0.020 
168      750    (4)   12 :  0.135 0.288 0.013 0.006 0.245 0.009 0.005 0.023 0.257 0.011 0.004 0.005 
169      751    (0)   12 :  0.082 0.282 0.074 0.009 0.241 0.012 0.018 0.008 0.242 0.016 0.010 0.007 
170      752    (2)   12 :  0.015 0.007 0.006 0.003 0.009 0.012 0.002 0.004 0.007 0.069 0.865 0.003 
171      753    (4)   12 :  0.055 0.201 0.043 0.015 0.250 0.029 0.010 0.006 0.275 0.027 0.056 0.032 
172      754    (2)   12 :  0.883 0.005 0.004 0.002 0.080 0.003 0.003 0.003 0.005 0.004 0.003 0.003 
173      155    (0)   13 :  0.034 0.366 0.008 0.006 0.234 0.023 0.004 0.007 0.251 0.012 0.014 0.042 
174      156    (2)   13 :  0.032 0.298 0.009 0.006 0.204 0.014 0.102 0.007 0.306 0.013 0.004 0.005 
175      157    (2)   13 :  0.806 0.027 0.008 0.004 0.086 0.004 0.002 0.006 0.023 0.010 0.015 0.010 
176      158    (0)   13 :  0.042 0.376 0.031 0.006 0.228 0.007 0.004 0.009 0.271 0.016 0.004 0.007 
177      159    (0)   13 :  0.215 0.236 0.011 0.120 0.168 0.013 0.012 0.007 0.189 0.012 0.013 0.003 
178      160    (0)   13 :  0.558 0.047 0.038 0.004 0.123 0.016 0.003 0.003 0.047 0.106 0.048 0.007 
179      161    (0)   13 :  0.533 0.123 0.011 0.010 0.156 0.005 0.003 0.003 0.107 0.024 0.015 0.011 
180      162    (0)   13 :  0.032 0.196 0.021 0.002 0.302 0.008 0.007 0.007 0.212 0.187 0.022 0.005 
181      163    (2)   13 :  0.090 0.271 0.058 0.002 0.222 0.004 0.008 0.008 0.319 0.007 0.006 0.003 
182      164    (0)   13 :  0.084 0.264 0.015 0.005 0.237 0.055 0.003 0.011 0.236 0.016 0.056 0.020 
183      165    (2)   13 :  0.063 0.324 0.003 0.004 0.214 0.006 0.004 0.006 0.360 0.005 0.006 0.005 
184      427    (0)   13 :  0.009 0.012 0.014 0.025 0.014 0.007 0.010 0.003 0.012 0.822 0.004 0.068 
185      428    (0)   13 :  0.005 0.011 0.030 0.022 0.018 0.009 0.003 0.005 0.014 0.864 0.014 0.004 
186      429    (0)   13 :  0.004 0.008 0.005 0.004 0.006 0.004 0.003 0.008 0.007 0.942 0.005 0.003 
187      430    (0)   13 :  0.071 0.182 0.097 0.005 0.194 0.026 0.002 0.043 0.186 0.034 0.156 0.004 
188      431    (0)   13 :  0.024 0.020 0.012 0.008 0.041 0.037 0.002 0.024 0.021 0.799 0.007 0.004 
189      435    (0)   13 :  0.004 0.004 0.003 0.002 0.006 0.003 0.002 0.003 0.005 0.955 0.010 0.002 
190      436    (0)   13 :  0.006 0.007 0.004 0.006 0.025 0.008 0.002 0.004 0.007 0.906 0.020 0.004 
191      437    (0)   13 :  0.027 0.039 0.005 0.024 0.073 0.076 0.002 0.006 0.051 0.652 0.041 0.005 
192      438    (0)   13 :  0.027 0.046 0.017 0.016 0.077 0.041 0.007 0.018 0.066 0.623 0.061 0.002 
193      439    (0)   13 :  0.147 0.101 0.018 0.004 0.091 0.012 0.007 0.038 0.086 0.435 0.058 0.004 
194      441    (0)   13 :  0.002 0.003 0.003 0.001 0.003 0.003 0.001 0.006 0.003 0.005 0.965 0.002 
195      442    (0)   13 :  0.007 0.018 0.011 0.003 0.014 0.010 0.005 0.003 0.015 0.730 0.011 0.173 
196      443    (4)   13 :  0.018 0.008 0.014 0.004 0.010 0.013 0.003 0.004 0.008 0.903 0.012 0.002 
197      444    (4)   13 :  0.005 0.007 0.006 0.010 0.007 0.007 0.005 0.003 0.006 0.932 0.003 0.010 
198      445    (2)   13 :  0.029 0.189 0.004 0.012 0.177 0.043 0.007 0.006 0.238 0.279 0.012 0.004 
199      446    (0)   13 :  0.005 0.006 0.006 0.002 0.005 0.003 0.003 0.003 0.005 0.953 0.003 0.006 
200      447    (0)   13 :  0.010 0.010 0.006 0.006 0.011 0.014 0.004 0.003 0.010 0.917 0.004 0.004 
201      449    (0)   13 :  0.003 0.004 0.004 0.003 0.004 0.006 0.002 0.005 0.004 0.956 0.004 0.005 
202      460    (0)   13 :  0.010 0.020 0.007 0.007 0.020 0.016 0.003 0.007 0.024 0.820 0.062 0.005 
203      461    (0)   13 :  0.213 0.097 0.050 0.008 0.107 0.025 0.002 0.015 0.081 0.383 0.011 0.009 
204      484    (0)   13 :  0.072 0.109 0.225 0.004 0.076 0.146 0.009 0.203 0.077 0.053 0.012 0.015 
205      485    (0)   13 :  0.014 0.010 0.003 0.002 0.019 0.004 0.002 0.004 0.011 0.918 0.009 0.004 
206      486    (0)   13 :  0.002 0.002 0.002 0.002 0.002 0.002 0.001 0.003 0.002 0.002 0.980 0.002 
207      487    (0)   13 :  0.028 0.051 0.014 0.006 0.067 0.006 0.003 0.008 0.064 0.719 0.023 0.011 
208      178    (0)   14 :  0.065 0.086 0.012 0.004 0.131 0.004 0.008 0.003 0.129 0.498 0.054 0.006 
209      422    (0)   14 :  0.015 0.007 0.005 0.003 0.008 0.010 0.003 0.005 0.007 0.932 0.004 0.003 
210      425    (0)   14 :  0.020 0.021 0.008 0.004 0.023 0.005 0.001 0.003 0.020 0.875 0.016 0.003 
211      426    (0)   14 :  0.099 0.151 0.288 0.003 0.132 0.004 0.118 0.004 0.109 0.061 0.007 0.023 
212      432    (0)   14 :  0.025 0.154 0.048 0.010 0.119 0.011 0.010 0.014 0.139 0.449 0.010 0.011 
213      434    (0)   14 :  0.006 0.005 0.006 0.004 0.005 0.005 0.003 0.011 0.005 0.942 0.004 0.005 
214      440    (0)   14 :  0.021 0.098 0.038 0.002 0.090 0.004 0.002 0.009 0.117 0.574 0.029 0.015 
215      448    (2)   14 :  0.008 0.007 0.009 0.036 0.007 0.010 0.002 0.019 0.006 0.872 0.005 0.018 
216      456    (0)   14 :  0.024 0.235 0.023 0.004 0.157 0.074 0.003 0.086 0.195 0.183 0.007 0.010 
217      457    (0)   14 :  0.028 0.083 0.021 0.010 0.089 0.021 0.006 0.028 0.088 0.566 0.055 0.005 
218      458    (0)   14 :  0.327 0.138 0.059 0.005 0.137 0.014 0.007 0.005 0.098 0.165 0.027 0.018 
219      459    (0)   14 :  0.018 0.018 0.013 0.002 0.018 0.008 0.003 0.004 0.017 0.887 0.007 0.005 
220      464    (0)   14 :  0.008 0.013 0.005 0.003 0.025 0.004 0.006 0.004 0.015 0.898 0.013 0.008 
221      465    (0)   14 :  0.079 0.017 0.005 0.002 0.045 0.004 0.001 0.008 0.017 0.794 0.026 0.002 
222      466    (0)   14 :  0.028 0.046 0.008 0.020 0.063 0.024 0.002 0.007 0.064 0.722 0.011 0.005 
223      470    (0)   14 :  0.010 0.006 0.008 0.003 0.019 0.003 0.002 0.005 0.006 0.850 0.084 0.005 
224      471    (0)   14 :  0.008 0.021 0.034 0.015 0.016 0.006 0.018 0.024 0.019 0.830 0.007 0.003 
225      483    (0)   14 :  0.040 0.021 0.015 0.002 0.020 0.005 0.003 0.005 0.024 0.847 0.006 0.011 
226      488    (0)   14 :  0.351 0.057 0.015 0.003 0.123 0.022 0.003 0.004 0.049 0.149 0.218 0.007 
227      495    (0)   14 :  0.020 0.010 0.007 0.002 0.012 0.012 0.001 0.021 0.009 0.899 0.005 0.003 
228      496    (0)   14 :  0.120 0.025 0.007 0.006 0.058 0.003 0.003 0.005 0.020 0.675 0.075 0.002 
229      497    (0)   14 :  0.006 0.015 0.003 0.003 0.016 0.007 0.003 0.090 0.014 0.805 0.004 0.035 
230      500    (0)   14 :  0.108 0.116 0.008 0.015 0.099 0.414 0.003 0.025 0.111 0.046 0.052 0.003 
231      879    (0)   14 :  0.014 0.010 0.016 0.002 0.010 0.004 0.003 0.003 0.014 0.905 0.007 0.012 
232      036    (0)   15 :  0.047 0.411 0.005 0.012 0.224 0.007 0.004 0.004 0.261 0.016 0.006 0.002 
233      063    (2)   15 :  0.072 0.261 0.045 0.003 0.225 0.013 0.004 0.033 0.292 0.021 0.016 0.015 
234      094    (4)   15 :  0.510 0.112 0.017 0.011 0.139 0.062 0.006 0.011 0.081 0.028 0.012 0.009 
235      103    (4)   15 :  0.067 0.306 0.003 0.004 0.211 0.005 0.003 0.025 0.358 0.006 0.008 0.005 
236      112    (0)   15 :  0.284 0.214 0.047 0.003 0.213 0.007 0.004 0.007 0.200 0.006 0.010 0.006 
237      114    (2)   15 :  0.161 0.281 0.005 0.008 0.260 0.005 0.002 0.004 0.222 0.032 0.016 0.004 
238      120    (0)   15 :  0.774 0.033 0.015 0.012 0.093 0.014 0.003 0.006 0.026 0.008 0.012 0.004 
239      127    (2)   15 :  0.118 0.240 0.094 0.005 0.178 0.008 0.003 0.005 0.165 0.007 0.170 0.007 
240      147    (0)   15 :  0.045 0.237 0.265 0.005 0.188 0.003 0.059 0.005 0.166 0.014 0.008 0.006 
241      166    (0)   15 :  0.088 0.246 0.084 0.003 0.240 0.004 0.027 0.009 0.248 0.026 0.008 0.018 
242      167    (0)   15 :  0.053 0.208 0.007 0.008 0.304 0.007 0.005 0.070 0.228 0.092 0.016 0.004 
243      168    (0)   15 :  0.053 0.268 0.004 0.015 0.339 0.004 0.003 0.004 0.290 0.011 0.004 0.004 
244      169    (2)   15 :  0.095 0.191 0.058 0.006 0.208 0.010 0.005 0.007 0.178 0.228 0.009 0.005 
245      170    (0)   15 :  0.097 0.275 0.016 0.004 0.250 0.014 0.005 0.005 0.268 0.008 0.024 0.034 
246      171    (2)   15 :  0.045 0.279 0.024 0.003 0.216 0.066 0.011 0.009 0.331 0.006 0.004 0.004 
247      172    (0)   15 :  0.765 0.034 0.015 0.012 0.091 0.015 0.012 0.013 0.025 0.009 0.003 0.005 
248      185    (0)   15 :  0.038 0.238 0.028 0.002 0.292 0.004 0.005 0.009 0.291 0.076 0.011 0.005 
249      199    (2)   15 :  0.039 0.198 0.008 0.007 0.241 0.006 0.006 0.003 0.235 0.006 0.024 0.227 
250      339    (0)   15 :  0.036 0.177 0.014 0.002 0.279 0.006 0.008 0.019 0.175 0.253 0.022 0.008 
251      355    (0)   15 :  0.033 0.243 0.009 0.002 0.309 0.003 0.015 0.005 0.294 0.004 0.004 0.080 
252      356    (0)   15 :  0.727 0.049 0.006 0.006 0.102 0.004 0.004 0.003 0.038 0.006 0.051 0.005 
253      357    (0)   15 :  0.204 0.270 0.023 0.010 0.196 0.007 0.013 0.005 0.212 0.009 0.032 0.019 
254      358    (0)   15 :  0.020 0.345 0.013 0.002 0.278 0.008 0.006 0.045 0.251 0.011 0.016 0.004 
255      359    (0)   15 :  0.250 0.248 0.022 0.001 0.215 0.004 0.002 0.022 0.212 0.008 0.005 0.010 
256      360    (0)   15 :  0.045 0.348 0.024 0.006 0.208 0.015 0.010 0.003 0.294 0.036 0.007 0.005 
257      361    (0)   15 :  0.763 0.025 0.012 0.004 0.091 0.005 0.002 0.007 0.029 0.052 0.007 0.003 
258      362    (0)   15 :  0.067 0.177 0.081 0.002 0.143 0.258 0.005 0.010 0.157 0.089 0.005 0.007 
259      363    (0)   15 :  0.044 0.129 0.472 0.005 0.136 0.006 0.013 0.010 0.105 0.015 0.016 0.048 
260      364    (0)   15 :  0.122 0.192 0.017 0.004 0.138 0.227 0.004 0.008 0.131 0.010 0.084 0.061 
261      365    (0)   15 :  0.050 0.314 0.005 0.002 0.253 0.009 0.012 0.005 0.298 0.033 0.015 0.003 
262      366    (0)   15 :  0.120 0.381 0.016 0.001 0.216 0.004 0.030 0.014 0.206 0.005 0.004 0.003 
263      367    (0)   15 :  0.041 0.243 0.006 0.006 0.275 0.011 0.010 0.018 0.357 0.006 0.025 0.003 
264      368    (0)   15 :  0.030 0.288 0.006 0.008 0.242 0.022 0.018 0.017 0.291 0.005 0.069 0.004 
265      369    (0)   15 :  0.030 0.287 0.009 0.002 0.282 0.003 0.004 0.005 0.366 0.005 0.003 0.004 
266      370    (0)   15 :  0.507 0.133 0.015 0.010 0.155 0.005 0.012 0.030 0.112 0.010 0.005 0.007 
267      371    (0)   15 :  0.025 0.312 0.004 0.006 0.286 0.015 0.003 0.010 0.318 0.010 0.003 0.007 
268      372    (0)   15 :  0.017 0.019 0.057 0.003 0.019 0.013 0.004 0.003 0.021 0.519 0.003 0.322 
269      373    (0)   15 :  0.131 0.247 0.005 0.003 0.250 0.005 0.003 0.008 0.287 0.016 0.003 0.043 
270      380    (0)   15 :  0.134 0.290 0.045 0.039 0.237 0.015 0.006 0.009 0.200 0.009 0.005 0.011 
271      388    (0)   15 :  0.416 0.171 0.025 0.005 0.187 0.009 0.008 0.011 0.138 0.006 0.004 0.021 
272      418    (0)   15 :  0.086 0.239 0.018 0.026 0.239 0.015 0.007 0.004 0.306 0.009 0.012 0.040 
273      419    (0)   15 :  0.076 0.247 0.007 0.010 0.265 0.005 0.006 0.005 0.350 0.018 0.008 0.003 
274      420    (0)   15 :  0.096 0.237 0.015 0.003 0.187 0.044 0.042 0.012 0.219 0.061 0.019 0.064 
275      409    (0)   16 :  0.070 0.232 0.013 0.117 0.192 0.008 0.002 0.006 0.333 0.015 0.009 0.004 
276      414    (0)   16 :  0.036 0.284 0.015 0.016 0.212 0.016 0.002 0.008 0.388 0.007 0.008 0.008 
277      415    (2)   16 :  0.047 0.268 0.011 0.004 0.278 0.006 0.004 0.010 0.313 0.006 0.041 0.013 
278      416    (0)   16 :  0.040 0.225 0.011 0.076 0.242 0.025 0.003 0.028 0.297 0.036 0.006 0.011 
279      571    (0)    2 :  0.005 0.006 0.026 0.004 0.006 0.877 0.004 0.018 0.006 0.019 0.025 0.004 
280      572    (0)    2 :  0.009 0.017 0.042 0.008 0.014 0.813 0.006 0.053 0.019 0.003 0.011 0.004 
281      573    (2)    2 :  0.004 0.007 0.003 0.004 0.006 0.948 0.001 0.006 0.006 0.005 0.007 0.003 
282      574    (0)    2 :  0.007 0.011 0.006 0.016 0.010 0.914 0.003 0.009 0.011 0.006 0.007 0.002 
283      575    (2)    2 :  0.007 0.015 0.068 0.006 0.014 0.829 0.008 0.015 0.017 0.008 0.005 0.008 
284      576    (0)    2 :  0.002 0.003 0.003 0.003 0.003 0.969 0.001 0.005 0.003 0.003 0.002 0.002 
285      577    (0)    2 :  0.005 0.007 0.006 0.008 0.007 0.918 0.002 0.016 0.007 0.007 0.008 0.008 
286      578    (0)    2 :  0.003 0.003 0.004 0.047 0.003 0.913 0.002 0.005 0.003 0.005 0.004 0.007 
287      579    (0)    2 :  0.003 0.004 0.004 0.008 0.004 0.954 0.002 0.003 0.003 0.010 0.002 0.004 
288      580    (0)    2 :  0.003 0.003 0.003 0.002 0.003 0.970 0.002 0.003 0.003 0.004 0.002 0.002 
289      581    (0)    2 :  0.003 0.003 0.002 0.015 0.003 0.951 0.003 0.007 0.003 0.006 0.002 0.002 
290      582    (4)    2 :  0.015 0.024 0.008 0.003 0.023 0.795 0.058 0.015 0.020 0.019 0.003 0.018 
291      583    (0)    2 :  0.036 0.138 0.042 0.004 0.089 0.513 0.010 0.009 0.091 0.021 0.031 0.016 
292      584    (0)    2 :  0.007 0.008 0.007 0.014 0.008 0.886 0.003 0.007 0.008 0.038 0.006 0.007 
293      585    (0)    2 :  0.004 0.004 0.006 0.002 0.004 0.945 0.002 0.012 0.004 0.007 0.009 0.002 
294      586    (2)    2 :  0.003 0.004 0.006 0.004 0.004 0.943 0.002 0.008 0.004 0.007 0.005 0.010 
295      587    (0)    2 :  0.003 0.003 0.003 0.009 0.003 0.963 0.002 0.004 0.003 0.003 0.003 0.002 
296      588    (0)    2 :  0.009 0.024 0.015 0.005 0.022 0.842 0.011 0.009 0.023 0.010 0.019 0.012 
297      589    (0)    2 :  0.014 0.040 0.060 0.022 0.032 0.727 0.005 0.012 0.035 0.024 0.007 0.022 
298      590    (0)    2 :  0.005 0.007 0.003 0.039 0.006 0.809 0.009 0.038 0.006 0.006 0.061 0.011 
299      527    (2)    3 :  0.005 0.008 0.006 0.002 0.007 0.893 0.005 0.026 0.008 0.008 0.022 0.010 
300      528    (4)    3 :  0.027 0.025 0.356 0.018 0.024 0.415 0.003 0.088 0.026 0.005 0.005 0.008 
301      529    (4)    3 :  0.013 0.017 0.109 0.017 0.016 0.754 0.009 0.015 0.017 0.021 0.007 0.004 
302      530    (0)    3 :  0.009 0.007 0.010 0.004 0.007 0.930 0.004 0.008 0.008 0.003 0.005 0.005 
303      531    (2)    3 :  0.008 0.007 0.022 0.011 0.007 0.910 0.006 0.011 0.007 0.005 0.004 0.004 
304      532    (4)    3 :  0.018 0.015 0.095 0.003 0.013 0.787 0.002 0.022 0.012 0.004 0.024 0.002 
305      533    (0)    3 :  0.045 0.071 0.019 0.022 0.063 0.619 0.003 0.044 0.088 0.021 0.004 0.003 
306      534    (2)    3 :  0.005 0.007 0.007 0.012 0.008 0.851 0.002 0.086 0.008 0.005 0.003 0.006 
307      535    (2)    3 :  0.011 0.013 0.027 0.004 0.012 0.889 0.005 0.010 0.013 0.008 0.008 0.002 
308      536    (2)    3 :  0.007 0.006 0.003 0.027 0.006 0.912 0.012 0.010 0.006 0.005 0.004 0.002 
309      537    (2)    3 :  0.005 0.007 0.006 0.008 0.006 0.929 0.002 0.007 0.006 0.008 0.003 0.014 
310      538    (2)    3 :  0.050 0.047 0.006 0.003 0.046 0.717 0.002 0.053 0.044 0.020 0.007 0.004 
311      539    (2)    3 :  0.004 0.005 0.006 0.004 0.004 0.790 0.002 0.167 0.005 0.003 0.008 0.002 
312      540    (2)    3 :  0.018 0.013 0.007 0.012 0.015 0.886 0.001 0.012 0.015 0.013 0.006 0.002 
313      541    (2)    3 :  0.016 0.010 0.046 0.008 0.010 0.787 0.002 0.069 0.009 0.033 0.006 0.003 
314      542    (2)    3 :  0.024 0.022 0.016 0.010 0.022 0.741 0.005 0.083 0.021 0.038 0.008 0.011 
315      543    (0)    3 :  0.023 0.088 0.011 0.021 0.060 0.618 0.002 0.038 0.068 0.050 0.007 0.015 
316      544    (2)    3 :  0.006 0.004 0.003 0.004 0.004 0.942 0.002 0.025 0.004 0.003 0.002 0.002 
317      545    (2)    3 :  0.006 0.008 0.005 0.004 0.008 0.031 0.001 0.905 0.008 0.006 0.014 0.002 
318      546    (4)    3 :  0.008 0.021 0.004 0.005 0.016 0.017 0.002 0.875 0.020 0.005 0.025 0.002 
319      547    (6)    3 :  0.028 0.043 0.011 0.010 0.042 0.714 0.017 0.012 0.038 0.018 0.035 0.034 
320      019    (0)    4 :  0.007 0.008 0.019 0.008 0.007 0.076 0.005 0.825 0.008 0.030 0.003 0.004 
321      064    (0)    4 :  0.002 0.002 0.002 0.002 0.002 0.027 0.001 0.950 0.002 0.003 0.003 0.002 
322      065    (0)    4 :  0.003 0.003 0.003 0.005 0.002 0.947 0.001 0.028 0.003 0.003 0.002 0.001 
323      066    (0)    4 :  0.009 0.012 0.005 0.006 0.011 0.293 0.002 0.623 0.010 0.017 0.010 0.003 
324      067    (0)    4 :  0.006 0.009 0.017 0.008 0.008 0.011 0.007 0.891 0.008 0.020 0.006 0.010 
325      068    (0)    4 :  0.007 0.009 0.016 0.008 0.008 0.837 0.002 0.031 0.009 0.008 0.035 0.030 
326      069    (0)    4 :  0.007 0.006 0.007 0.012 0.005 0.123 0.001 0.806 0.006 0.005 0.019 0.004 
327      107    (0)    4 :  0.003 0.005 0.004 0.003 0.004 0.422 0.001 0.540 0.004 0.007 0.005 0.003 
328      110    (0)    4 :  0.002 0.002 0.007 0.002 0.002 0.003 0.003 0.970 0.002 0.002 0.002 0.002 
329      121    (0)    4 :  0.004 0.004 0.011 0.002 0.004 0.933 0.001 0.025 0.004 0.005 0.003 0.003 
330      137    (0)    4 :  0.005 0.009 0.004 0.005 0.008 0.007 0.011 0.927 0.009 0.007 0.004 0.002 
331      146    (0)    4 :  0.045 0.012 0.006 0.020 0.015 0.256 0.003 0.620 0.012 0.005 0.003 0.004 
332      149    (0)    4 :  0.004 0.004 0.005 0.002 0.005 0.005 0.003 0.957 0.005 0.006 0.002 0.002 
333      154    (0)    4 :  0.004 0.006 0.005 0.158 0.006 0.050 0.002 0.734 0.007 0.006 0.004 0.018 
334      179    (0)    4 :  0.004 0.004 0.004 0.004 0.004 0.380 0.002 0.574 0.004 0.005 0.009 0.004 
335      181    (0)    4 :  0.003 0.005 0.003 0.004 0.004 0.163 0.002 0.804 0.004 0.003 0.002 0.002 
336      182    (0)    4 :  0.012 0.014 0.027 0.007 0.013 0.744 0.003 0.127 0.014 0.006 0.018 0.015 
337      186    (0)    4 :  0.025 0.017 0.098 0.004 0.018 0.142 0.006 0.647 0.015 0.010 0.014 0.004 
338      193    (0)    4 :  0.007 0.008 0.006 0.008 0.008 0.484 0.002 0.452 0.008 0.009 0.004 0.004 
339      320    (0)    4 :  0.009 0.005 0.007 0.009 0.005 0.027 0.003 0.910 0.006 0.005 0.003 0.010 
340      341    (0)    4 :  0.008 0.007 0.004 0.003 0.007 0.890 0.002 0.049 0.006 0.013 0.007 0.004 
341      376    (0)    4 :  0.016 0.012 0.026 0.010 0.013 0.635 0.003 0.247 0.012 0.005 0.017 0.003 
342      395    (0)    4 :  0.007 0.008 0.013 0.062 0.007 0.170 0.006 0.694 0.007 0.017 0.005 0.004 
343      396    (0)    4 :  0.004 0.003 0.002 0.003 0.003 0.932 0.003 0.037 0.003 0.003 0.006 0.002 
344      397    (0)    4 :  0.004 0.005 0.005 0.010 0.005 0.855 0.010 0.086 0.005 0.004 0.003 0.007 
345      398    (0)    4 :  0.007 0.006 0.011 0.058 0.005 0.419 0.004 0.473 0.005 0.004 0.003 0.004 
346      399    (0)    4 :  0.006 0.005 0.012 0.003 0.005 0.942 0.002 0.007 0.005 0.003 0.007 0.004 
347      400    (0)    4 :  0.011 0.007 0.010 0.006 0.007 0.022 0.002 0.914 0.006 0.003 0.009 0.002 
348      401    (0)    4 :  0.009 0.012 0.004 0.006 0.012 0.094 0.003 0.832 0.012 0.005 0.008 0.002 
349      402    (0)    4 :  0.003 0.003 0.006 0.002 0.003 0.003 0.002 0.965 0.003 0.002 0.005 0.003 
350      403    (0)    4 :  0.028 0.010 0.021 0.004 0.011 0.441 0.011 0.437 0.009 0.014 0.009 0.004 
351      073    (0)    5 :  0.004 0.004 0.006 0.002 0.004 0.958 0.002 0.006 0.004 0.006 0.003 0.002 
352      074    (0)    5 :  0.004 0.007 0.002 0.039 0.007 0.915 0.002 0.004 0.008 0.005 0.002 0.005 
353      075    (0)    5 :  0.008 0.005 0.006 0.006 0.005 0.938 0.003 0.010 0.005 0.006 0.004 0.004 
354      076    (0)    5 :  0.006 0.006 0.012 0.004 0.007 0.929 0.005 0.008 0.006 0.006 0.005 0.007 
355      077    (0)    5 :  0.006 0.007 0.005 0.003 0.007 0.921 0.003 0.014 0.007 0.011 0.008 0.008 
356      078    (0)    5 :  0.028 0.030 0.006 0.005 0.024 0.842 0.005 0.012 0.029 0.009 0.005 0.005 
357      079    (0)    5 :  0.008 0.013 0.007 0.003 0.011 0.915 0.001 0.013 0.012 0.006 0.009 0.002 
358      080    (0)    5 :  0.004 0.005 0.012 0.003 0.005 0.930 0.002 0.006 0.005 0.003 0.006 0.017 
359      081    (0)    5 :  0.007 0.011 0.008 0.013 0.010 0.847 0.017 0.044 0.010 0.027 0.004 0.004 
360      082    (0)    5 :  0.003 0.003 0.006 0.003 0.003 0.943 0.002 0.023 0.003 0.003 0.004 0.003 
361      083    (0)    5 :  0.005 0.007 0.005 0.011 0.007 0.918 0.003 0.024 0.007 0.004 0.007 0.002 
362      084    (0)    5 :  0.004 0.005 0.003 0.096 0.005 0.849 0.006 0.013 0.005 0.011 0.003 0.002 
363      085    (0)    5 :  0.019 0.017 0.009 0.009 0.027 0.739 0.018 0.054 0.019 0.053 0.032 0.003 
364      404    (0)    5 :  0.004 0.004 0.005 0.020 0.004 0.934 0.003 0.010 0.004 0.005 0.003 0.003 
365      405    (0)    5 :  0.005 0.005 0.004 0.005 0.005 0.943 0.010 0.006 0.005 0.008 0.002 0.002 
366      406    (0)    5 :  0.007 0.008 0.006 0.008 0.008 0.930 0.008 0.005 0.008 0.003 0.006 0.003 
367      407    (0)    5 :  0.004 0.005 0.003 0.004 0.006 0.865 0.003 0.091 0.005 0.007 0.003 0.003 
368      408    (0)    5 :  0.004 0.005 0.004 0.006 0.005 0.955 0.002 0.004 0.005 0.005 0.003 0.005 
369      411    (2)    5 :  0.003 0.003 0.002 0.005 0.003 0.963 0.002 0.006 0.003 0.004 0.003 0.003 
370      412    (0)    5 :  0.008 0.009 0.012 0.004 0.008 0.901 0.005 0.008 0.008 0.016 0.013 0.007 
371      413    (0)    5 :  0.005 0.005 0.002 0.004 0.005 0.950 0.002 0.014 0.005 0.004 0.002 0.002 
372      591    (0)    6 :  0.007 0.006 0.936 0.008 0.006 0.004 0.007 0.003 0.006 0.009 0.005 0.004 
373      592    (0)    6 :  0.018 0.009 0.834 0.005 0.009 0.011 0.003 0.004 0.008 0.087 0.006 0.006 
374      593    (0)    6 :  0.007 0.007 0.934 0.004 0.007 0.010 0.006 0.006 0.007 0.006 0.005 0.002 
375      594    (0)    6 :  0.026 0.024 0.803 0.007 0.019 0.038 0.005 0.009 0.020 0.032 0.004 0.010 
376      595    (0)    6 :  0.008 0.017 0.880 0.003 0.020 0.010 0.005 0.014 0.020 0.005 0.006 0.011 
377      596    (0)    6 :  0.007 0.006 0.926 0.002 0.006 0.006 0.007 0.005 0.006 0.004 0.006 0.019 
378      597    (0)    6 :  0.010 0.013 0.862 0.003 0.013 0.034 0.002 0.027 0.012 0.013 0.004 0.006 
379      598    (0)    6 :  0.097 0.054 0.631 0.003 0.058 0.007 0.002 0.033 0.044 0.014 0.025 0.031 
380      599    (0)    6 :  0.004 0.008 0.780 0.003 0.007 0.006 0.006 0.003 0.007 0.167 0.005 0.003 
381      600    (0)    6 :  0.006 0.006 0.941 0.001 0.006 0.004 0.004 0.008 0.006 0.004 0.004 0.011 
382      601    (0)    6 :  0.010 0.021 0.844 0.002 0.021 0.021 0.002 0.025 0.018 0.026 0.008 0.002 
383      602    (0)    6 :  0.007 0.014 0.896 0.005 0.014 0.006 0.004 0.015 0.014 0.010 0.010 0.005 
384      603    (0)    6 :  0.012 0.069 0.163 0.012 0.087 0.008 0.008 0.005 0.059 0.541 0.028 0.009 
385      604    (0)    6 :  0.011 0.012 0.909 0.003 0.013 0.009 0.002 0.007 0.013 0.004 0.008 0.008 
386      605    (0)    6 :  0.087 0.025 0.770 0.003 0.033 0.008 0.005 0.007 0.023 0.009 0.005 0.027 
387      606    (0)    6 :  0.014 0.008 0.906 0.004 0.009 0.004 0.021 0.003 0.009 0.010 0.003 0.007 
388      607    (0)    6 :  0.007 0.005 0.782 0.002 0.005 0.009 0.003 0.013 0.005 0.002 0.158 0.009 
389      608    (0)    6 :  0.007 0.006 0.930 0.005 0.005 0.005 0.003 0.004 0.005 0.009 0.017 0.003 
390      609    (0)    6 :  0.008 0.008 0.936 0.004 0.008 0.004 0.004 0.004 0.008 0.004 0.008 0.003 
391      610    (0)    6 :  0.038 0.139 0.456 0.009 0.121 0.021 0.003 0.008 0.124 0.022 0.049 0.010 
392      611    (2)    6 :  0.006 0.010 0.896 0.012 0.008 0.012 0.003 0.009 0.010 0.003 0.024 0.007 
393      612    (0)    6 :  0.008 0.020 0.625 0.003 0.018 0.010 0.002 0.054 0.021 0.007 0.195 0.036 
394      755    (0)    6 :  0.024 0.046 0.471 0.027 0.038 0.016 0.002 0.009 0.042 0.011 0.263 0.050 
395      756    (0)    6 :  0.008 0.006 0.924 0.008 0.006 0.012 0.003 0.003 0.006 0.009 0.012 0.003 
396      757    (0)    6 :  0.013 0.010 0.913 0.004 0.011 0.008 0.002 0.006 0.010 0.009 0.008 0.005 
397      002    (0)    7 :  0.010 0.008 0.006 0.022 0.008 0.511 0.003 0.407 0.007 0.005 0.013 0.002 
398      099    (2)    7 :  0.079 0.281 0.006 0.003 0.275 0.002 0.012 0.004 0.224 0.011 0.004 0.099 
399      641    (2)    7 :  0.060 0.126 0.071 0.012 0.084 0.183 0.017 0.258 0.124 0.011 0.050 0.004 
400      642    (0)    7 :  0.012 0.009 0.019 0.009 0.008 0.903 0.003 0.005 0.008 0.014 0.006 0.003 
401      643    (2)    7 :  0.058 0.015 0.027 0.017 0.018 0.809 0.003 0.009 0.014 0.021 0.007 0.003 
402      644    (0)    7 :  0.019 0.009 0.007 0.007 0.009 0.877 0.004 0.025 0.008 0.017 0.010 0.008 
403      645    (0)    7 :  0.197 0.041 0.041 0.020 0.048 0.416 0.041 0.014 0.038 0.018 0.123 0.003 
404      646    (0)    7 :  0.067 0.056 0.012 0.011 0.043 0.053 0.010 0.393 0.051 0.008 0.289 0.008 
405      006    (0)    8 :  0.009 0.022 0.006 0.632 0.022 0.248 0.003 0.008 0.026 0.007 0.013 0.003 
406      011    (0)    8 :  0.003 0.003 0.003 0.009 0.003 0.963 0.002 0.004 0.003 0.003 0.002 0.003 
407      033    (2)    8 :  0.006 0.006 0.021 0.637 0.007 0.277 0.003 0.022 0.007 0.006 0.006 0.002 
408      048    (0)    8 :  0.009 0.019 0.016 0.048 0.019 0.564 0.008 0.014 0.018 0.270 0.009 0.005 
409      061    (0)    8 :  0.002 0.002 0.001 0.978 0.002 0.002 0.004 0.002 0.002 0.002 0.002 0.001 
410      088    (0)    8 :  0.015 0.013 0.014 0.024 0.014 0.855 0.005 0.018 0.013 0.017 0.005 0.008 
411      091    (0)    8 :  0.003 0.004 0.005 0.951 0.004 0.010 0.002 0.004 0.004 0.003 0.006 0.005 
412      098    (0)    8 :  0.004 0.006 0.020 0.008 0.006 0.890 0.012 0.016 0.006 0.019 0.009 0.003 
413      104    (0)    8 :  0.003 0.003 0.002 0.003 0.003 0.922 0.003 0.049 0.003 0.005 0.003 0.002 
414      196    (0)    8 :  0.006 0.006 0.010 0.585 0.006 0.334 0.005 0.022 0.006 0.012 0.003 0.005 
415      197    (0)    8 :  0.011 0.026 0.012 0.272 0.023 0.569 0.008 0.020 0.026 0.014 0.005 0.014 
416      201    (0)    8 :  0.010 0.006 0.005 0.596 0.006 0.347 0.001 0.015 0.006 0.005 0.002 0.001 
417      202    (0)    8 :  0.011 0.017 0.006 0.035 0.016 0.811 0.023 0.023 0.018 0.024 0.003 0.013 
418      204    (0)    8 :  0.005 0.004 0.003 0.383 0.004 0.544 0.002 0.034 0.004 0.007 0.008 0.002 
419      231    (0)    8 :  0.005 0.005 0.009 0.008 0.005 0.870 0.001 0.062 0.005 0.015 0.011 0.005 
420      328    (0)    8 :  0.005 0.004 0.006 0.251 0.004 0.707 0.005 0.003 0.004 0.005 0.003 0.002 
421      346    (0)    8 :  0.004 0.005 0.008 0.310 0.005 0.636 0.003 0.010 0.005 0.005 0.003 0.007 
422      212    (0)    9 :  0.003 0.003 0.002 0.002 0.003 0.002 0.001 0.003 0.002 0.004 0.003 0.971 
423      213    (0)    9 :  0.006 0.004 0.003 0.008 0.004 0.005 0.003 0.002 0.004 0.006 0.004 0.951 
424      214    (0)    9 :  0.006 0.005 0.005 0.002 0.005 0.004 0.001 0.006 0.005 0.004 0.003 0.954 
425      215    (0)    9 :  0.004 0.004 0.004 0.003 0.004 0.005 0.004 0.005 0.004 0.005 0.003 0.955 
426      216    (0)    9 :  0.003 0.003 0.003 0.004 0.003 0.005 0.002 0.002 0.003 0.004 0.004 0.964 
427      217    (0)    9 :  0.007 0.005 0.004 0.004 0.005 0.005 0.002 0.004 0.005 0.004 0.006 0.949 
428      218    (0)    9 :  0.003 0.003 0.003 0.002 0.003 0.003 0.002 0.002 0.003 0.003 0.003 0.971 
429      332    (0)    9 :  0.012 0.008 0.017 0.003 0.008 0.011 0.005 0.008 0.007 0.010 0.031 0.880 
430      333    (0)    9 :  0.011 0.014 0.029 0.004 0.013 0.011 0.011 0.014 0.013 0.006 0.007 0.868 
431      334    (0)    9 :  0.005 0.004 0.007 0.003 0.005 0.007 0.003 0.002 0.004 0.005 0.008 0.946 
432      335    (0)    9 :  0.003 0.003 0.003 0.002 0.003 0.002 0.002 0.002 0.003 0.004 0.002 0.972 
433      336    (0)    9 :  0.002 0.003 0.004 0.004 0.002 0.003 0.014 0.005 0.002 0.002 0.004 0.953 
434      337    (0)    9 :  0.006 0.005 0.011 0.002 0.005 0.009 0.002 0.009 0.005 0.003 0.003 0.941 
435      673    (0)    9 :  0.001 0.001 0.002 0.001 0.001 0.002 0.001 0.001 0.001 0.002 0.001 0.985 
436      674    (0)    9 :  0.003 0.005 0.005 0.002 0.005 0.004 0.002 0.005 0.005 0.004 0.010 0.950 
437      675    (0)    9 :  0.003 0.004 0.005 0.004 0.004 0.003 0.005 0.002 0.005 0.006 0.004 0.954 
438      676    (0)    9 :  0.007 0.005 0.006 0.001 0.005 0.003 0.001 0.003 0.004 0.007 0.007 0.951 
439      677    (0)    9 :  0.004 0.004 0.004 0.002 0.003 0.006 0.002 0.003 0.004 0.004 0.003 0.961 
440      678    (0)    9 :  0.008 0.012 0.004 0.005 0.010 0.008 0.004 0.012 0.012 0.007 0.003 0.914 
441      679    (0)    9 :  0.008 0.009 0.008 0.001 0.008 0.005 0.002 0.002 0.009 0.004 0.022 0.921 
442      680    (0)    9 :  0.004 0.005 0.012 0.003 0.005 0.004 0.005 0.003 0.005 0.007 0.009 0.936 
443      681    (0)    9 :  0.007 0.006 0.006 0.002 0.005 0.007 0.002 0.004 0.005 0.004 0.005 0.947 
444      682    (0)    9 :  0.002 0.002 0.002 0.003 0.002 0.002 0.004 0.002 0.002 0.002 0.002 0.974 
445      683    (0)    9 :  0.004 0.006 0.007 0.004 0.006 0.005 0.002 0.003 0.006 0.004 0.005 0.949 
446      684    (0)    9 :  0.004 0.006 0.006 0.003 0.005 0.002 0.003 0.003 0.005 0.006 0.004 0.954 
447      685    (0)    9 :  0.005 0.006 0.009 0.003 0.006 0.003 0.003 0.006 0.006 0.003 0.003 0.948 
448      686    (0)    9 :  0.002 0.002 0.003 0.002 0.002 0.002 0.003 0.002 0.002 0.002 0.003 0.975 
449      687    (0)    9 :  0.002 0.002 0.003 0.002 0.002 0.002 0.002 0.002 0.002 0.003 0.002 0.975 
450      688    (0)    9 :  0.004 0.004 0.006 0.003 0.003 0.007 0.002 0.004 0.003 0.007 0.006 0.952 


Estimated Allele Frequencies in each cluster
First column gives estimated ancestral frequencies


Locus 1 : 1 
4 alleles
0.0% missing data
  89   (0.537) 0.519 0.551 0.550 0.695 0.544 0.623 0.067 0.301 0.555 0.567 0.633 0.640 
  91   (0.379) 0.427 0.374 0.432 0.295 0.379 0.316 0.703 0.577 0.368 0.372 0.348 0.312 
  99   (0.017) 0.007 0.015 0.003 0.002 0.015 0.000 0.130 0.002 0.017 0.019 0.004 0.001 
  93   (0.067) 0.047 0.061 0.015 0.008 0.062 0.060 0.100 0.121 0.061 0.042 0.015 0.047 

Locus 2 : 2 
6 alleles
1.1% missing data
 136   (0.351) 0.488 0.359 0.413 0.111 0.358 0.545 0.190 0.717 0.353 0.064 0.160 0.456 
 134   (0.235) 0.208 0.217 0.393 0.210 0.215 0.145 0.027 0.165 0.211 0.257 0.536 0.380 
 138   (0.307) 0.228 0.315 0.160 0.247 0.323 0.259 0.771 0.106 0.323 0.512 0.239 0.157 
 140   (0.063) 0.047 0.064 0.018 0.429 0.061 0.049 0.008 0.008 0.065 0.042 0.024 0.004 
 132   (0.021) 0.009 0.028 0.004 0.002 0.027 0.001 0.002 0.002 0.032 0.003 0.004 0.001 
 142   (0.023) 0.021 0.017 0.013 0.002 0.017 0.001 0.002 0.002 0.016 0.122 0.036 0.001 

Locus 3 : 3 
6 alleles
0.0% missing data
 181   (0.255) 0.188 0.253 0.402 0.076 0.247 0.232 0.181 0.099 0.245 0.365 0.241 0.070 
 187   (0.347) 0.329 0.356 0.173 0.682 0.351 0.513 0.773 0.543 0.358 0.174 0.291 0.261 
 179   (0.248) 0.297 0.244 0.391 0.226 0.250 0.230 0.030 0.343 0.250 0.219 0.316 0.016 
 191   (0.030) 0.014 0.029 0.006 0.004 0.027 0.022 0.003 0.003 0.029 0.006 0.007 0.194 
 175   (0.044) 0.098 0.041 0.009 0.004 0.047 0.001 0.005 0.004 0.039 0.141 0.035 0.003 
 185   (0.076) 0.074 0.078 0.020 0.008 0.079 0.002 0.008 0.008 0.079 0.095 0.111 0.457 

Locus 4 : 4 
12 alleles
0.2% missing data
 253   (0.501) 0.514 0.517 0.609 0.630 0.514 0.751 0.594 0.456 0.531 0.526 0.501 0.465 
 249   (0.025) 0.010 0.024 0.005 0.310 0.019 0.058 0.003 0.019 0.022 0.003 0.005 0.001 
 271   (0.039) 0.035 0.038 0.010 0.005 0.039 0.028 0.005 0.053 0.038 0.007 0.021 0.003 
 241   (0.149) 0.180 0.141 0.143 0.023 0.148 0.024 0.186 0.352 0.133 0.135 0.198 0.150 
 257   (0.006) 0.005 0.004 0.001 0.000 0.004 0.000 0.001 0.003 0.004 0.001 0.001 0.000 
 269   (0.174) 0.161 0.171 0.187 0.020 0.170 0.136 0.201 0.092 0.165 0.274 0.244 0.101 
 245   (0.006) 0.002 0.005 0.001 0.000 0.005 0.000 0.001 0.001 0.005 0.001 0.001 0.000 
 247   (0.067) 0.057 0.075 0.034 0.008 0.079 0.002 0.007 0.007 0.082 0.046 0.022 0.276 
 239   (0.011) 0.018 0.009 0.004 0.001 0.009 0.000 0.001 0.001 0.008 0.001 0.002 0.001 
 273   (0.008) 0.016 0.006 0.001 0.001 0.006 0.000 0.001 0.001 0.005 0.001 0.002 0.000 
 267   (0.007) 0.002 0.004 0.001 0.001 0.003 0.000 0.001 0.014 0.004 0.001 0.002 0.000 
 255   (0.006) 0.002 0.004 0.003 0.001 0.004 0.000 0.001 0.001 0.004 0.004 0.002 0.000 

Locus 5 : 5 
6 alleles
0.7% missing data
 103   (0.855) 0.850 0.829 0.925 0.984 0.843 0.991 0.983 0.960 0.823 0.958 0.949 0.979 
 104   (0.064) 0.065 0.078 0.029 0.007 0.072 0.007 0.008 0.033 0.085 0.027 0.027 0.004 
 105   (0.045) 0.062 0.054 0.036 0.005 0.053 0.001 0.005 0.004 0.058 0.011 0.012 0.003 
 102   (0.016) 0.009 0.019 0.005 0.001 0.016 0.000 0.002 0.001 0.017 0.002 0.003 0.001 
 107   (0.012) 0.009 0.012 0.003 0.001 0.010 0.000 0.001 0.001 0.010 0.001 0.002 0.001 
 101   (0.010) 0.004 0.007 0.003 0.001 0.006 0.000 0.001 0.001 0.006 0.001 0.006 0.013 

Locus 6 : 6 
5 alleles
0.2% missing data
 141   (0.267) 0.217 0.256 0.304 0.834 0.253 0.580 0.030 0.318 0.256 0.213 0.679 0.133 
 145   (0.418) 0.507 0.440 0.448 0.076 0.446 0.189 0.415 0.130 0.443 0.593 0.142 0.263 
 135   (0.227) 0.207 0.221 0.140 0.075 0.222 0.191 0.544 0.361 0.224 0.182 0.133 0.289 
 147   (0.077) 0.057 0.074 0.106 0.014 0.069 0.040 0.009 0.190 0.069 0.010 0.043 0.314 
 137   (0.011) 0.012 0.010 0.002 0.001 0.010 0.000 0.001 0.002 0.009 0.001 0.002 0.001 

Locus 7 : 7 
10 alleles
1.3% missing data
  93   (0.221) 0.254 0.200 0.211 0.615 0.206 0.330 0.790 0.398 0.193 0.285 0.306 0.067 
 103   (0.323) 0.321 0.332 0.527 0.088 0.334 0.401 0.045 0.279 0.337 0.357 0.196 0.513 
  91   (0.065) 0.055 0.067 0.044 0.007 0.063 0.034 0.010 0.007 0.064 0.036 0.036 0.154 
  97   (0.191) 0.123 0.199 0.159 0.027 0.192 0.166 0.130 0.175 0.203 0.148 0.165 0.254 
  85   (0.047) 0.042 0.048 0.016 0.006 0.045 0.046 0.007 0.010 0.048 0.040 0.011 0.003 
  89   (0.078) 0.085 0.070 0.030 0.251 0.071 0.022 0.011 0.125 0.065 0.095 0.270 0.005 
  83   (0.051) 0.112 0.062 0.010 0.005 0.066 0.001 0.006 0.005 0.066 0.036 0.011 0.003 
 105   (0.010) 0.005 0.011 0.002 0.001 0.012 0.000 0.001 0.001 0.012 0.001 0.002 0.001 
 101   (0.006) 0.002 0.006 0.001 0.001 0.005 0.000 0.001 0.001 0.006 0.001 0.001 0.000 
  99   (0.006) 0.002 0.005 0.001 0.001 0.005 0.000 0.001 0.001 0.005 0.001 0.001 0.000 

Locus 8 : 8 
8 alleles
0.0% missing data
 129   (0.558) 0.611 0.574 0.412 0.664 0.576 0.703 0.204 0.488 0.574 0.717 0.576 0.638 
 141   (0.056) 0.026 0.050 0.091 0.009 0.047 0.097 0.006 0.141 0.047 0.017 0.013 0.212 
 149   (0.075) 0.074 0.071 0.018 0.011 0.073 0.143 0.008 0.036 0.072 0.065 0.212 0.014 
 143   (0.260) 0.255 0.257 0.468 0.311 0.260 0.056 0.691 0.331 0.261 0.188 0.170 0.131 
 127   (0.015) 0.006 0.016 0.003 0.001 0.015 0.000 0.049 0.001 0.017 0.002 0.003 0.001 
 131   (0.012) 0.004 0.010 0.002 0.001 0.008 0.000 0.040 0.001 0.008 0.008 0.003 0.002 
 133   (0.017) 0.021 0.017 0.003 0.002 0.017 0.000 0.002 0.002 0.017 0.002 0.022 0.001 
 145   (0.006) 0.005 0.005 0.001 0.000 0.004 0.000 0.001 0.001 0.004 0.001 0.001 0.000 

Locus 9 : 9 
5 alleles
0.0% missing data
 191   (0.394) 0.338 0.391 0.474 0.844 0.380 0.558 0.337 0.592 0.396 0.309 0.384 0.540 
 195   (0.143) 0.131 0.129 0.243 0.033 0.130 0.189 0.354 0.040 0.127 0.317 0.044 0.054 
 189   (0.451) 0.519 0.472 0.280 0.122 0.482 0.250 0.308 0.366 0.470 0.372 0.569 0.405 
 197   (0.006) 0.010 0.004 0.001 0.001 0.004 0.000 0.001 0.001 0.003 0.001 0.001 0.000 
 193   (0.007) 0.002 0.004 0.001 0.001 0.004 0.002 0.001 0.001 0.004 0.001 0.002 0.000 

Locus 10 : 10 
7 alleles
0.2% missing data
 232   (0.256) 0.264 0.271 0.150 0.573 0.261 0.284 0.220 0.369 0.273 0.166 0.079 0.277 
 238   (0.556) 0.543 0.560 0.675 0.136 0.570 0.594 0.371 0.450 0.562 0.757 0.844 0.347 
 252   (0.108) 0.141 0.095 0.124 0.274 0.097 0.106 0.014 0.173 0.093 0.068 0.061 0.034 
 254   (0.044) 0.033 0.039 0.044 0.013 0.037 0.015 0.391 0.005 0.038 0.005 0.009 0.258 
 250   (0.011) 0.005 0.012 0.002 0.001 0.012 0.000 0.002 0.001 0.014 0.001 0.002 0.001 
 236   (0.006) 0.004 0.005 0.002 0.001 0.005 0.000 0.001 0.001 0.004 0.001 0.001 0.001 
 248   (0.019) 0.010 0.018 0.003 0.002 0.018 0.000 0.002 0.002 0.017 0.002 0.003 0.082 

Locus 11 : 11 
4 alleles
0.0% missing data
  87   (0.698) 0.681 0.704 0.648 0.354 0.706 0.646 0.965 0.566 0.708 0.851 0.883 0.537 
  89   (0.240) 0.227 0.243 0.339 0.621 0.239 0.300 0.029 0.357 0.242 0.123 0.077 0.381 
  91   (0.049) 0.075 0.042 0.010 0.022 0.044 0.054 0.005 0.076 0.039 0.024 0.013 0.081 
  85   (0.014) 0.018 0.011 0.002 0.002 0.011 0.000 0.001 0.001 0.011 0.002 0.026 0.001 

Locus 12 : 12 
13 alleles
0.2% missing data
 160   (0.207) 0.198 0.217 0.062 0.035 0.208 0.113 0.589 0.189 0.212 0.261 0.284 0.715 
 162   (0.260) 0.263 0.248 0.479 0.762 0.258 0.211 0.069 0.100 0.256 0.251 0.378 0.231 
 147   (0.052) 0.023 0.045 0.088 0.094 0.044 0.115 0.006 0.349 0.043 0.036 0.014 0.003 
 158   (0.231) 0.252 0.245 0.188 0.078 0.235 0.526 0.028 0.322 0.243 0.196 0.105 0.023 
 161   (0.104) 0.133 0.100 0.150 0.014 0.102 0.025 0.123 0.025 0.096 0.125 0.035 0.019 
 170   (0.048) 0.061 0.051 0.010 0.006 0.059 0.008 0.005 0.005 0.056 0.034 0.016 0.003 
 143   (0.028) 0.033 0.030 0.005 0.003 0.032 0.001 0.173 0.003 0.033 0.003 0.007 0.002 
 154   (0.016) 0.008 0.020 0.005 0.002 0.020 0.000 0.002 0.002 0.021 0.002 0.007 0.001 
 149   (0.021) 0.007 0.017 0.005 0.002 0.016 0.001 0.002 0.002 0.017 0.065 0.146 0.001 
 153   (0.012) 0.010 0.011 0.003 0.001 0.011 0.000 0.001 0.001 0.011 0.001 0.002 0.001 
 150   (0.007) 0.002 0.004 0.001 0.001 0.003 0.000 0.001 0.001 0.003 0.009 0.001 0.000 
 159   (0.009) 0.009 0.006 0.002 0.001 0.006 0.000 0.001 0.001 0.005 0.016 0.004 0.001 
 164   (0.007) 0.002 0.006 0.001 0.001 0.005 0.000 0.001 0.001 0.005 0.001 0.001 0.000 

Locus 13 : 13 
5 alleles
0.0% missing data
 108   (0.199) 0.251 0.204 0.153 0.405 0.203 0.163 0.339 0.152 0.195 0.108 0.054 0.199 
 115   (0.455) 0.482 0.448 0.501 0.528 0.458 0.579 0.095 0.322 0.450 0.529 0.559 0.288 
 113   (0.333) 0.260 0.337 0.344 0.066 0.329 0.257 0.564 0.525 0.345 0.361 0.384 0.513 
 109   (0.006) 0.003 0.006 0.001 0.001 0.005 0.000 0.001 0.001 0.005 0.001 0.001 0.000 
 110   (0.007) 0.003 0.005 0.001 0.001 0.005 0.000 0.001 0.001 0.005 0.001 0.001 0.000 

Locus 14 : 14 
5 alleles
0.9% missing data
 227   (0.146) 0.104 0.144 0.043 0.066 0.143 0.258 0.258 0.325 0.143 0.348 0.076 0.018 
 231   (0.154) 0.132 0.156 0.445 0.026 0.156 0.094 0.267 0.105 0.156 0.024 0.044 0.351 
 229   (0.500) 0.631 0.507 0.294 0.857 0.511 0.462 0.095 0.444 0.509 0.499 0.778 0.417 
 225   (0.138) 0.103 0.139 0.148 0.020 0.137 0.090 0.227 0.026 0.135 0.087 0.084 0.210 
 233   (0.062) 0.029 0.054 0.070 0.031 0.053 0.096 0.152 0.100 0.057 0.043 0.017 0.004 

Locus 15 : 15 
5 alleles
0.2% missing data
 143   (0.844) 0.880 0.836 0.871 0.983 0.844 0.967 0.723 0.976 0.839 0.862 0.933 0.814 
 157   (0.007) 0.002 0.005 0.002 0.001 0.004 0.018 0.001 0.001 0.004 0.001 0.001 0.000 
 145   (0.085) 0.061 0.089 0.116 0.010 0.084 0.013 0.268 0.017 0.089 0.065 0.052 0.006 
 147   (0.048) 0.029 0.057 0.009 0.005 0.056 0.001 0.006 0.005 0.057 0.071 0.011 0.149 
 133   (0.016) 0.027 0.013 0.003 0.002 0.013 0.000 0.002 0.001 0.011 0.002 0.003 0.031 

Locus 16 : 16 
5 alleles
0.2% missing data
 156   (0.230) 0.351 0.212 0.321 0.199 0.220 0.301 0.514 0.090 0.208 0.221 0.080 0.497 
 158   (0.542) 0.496 0.562 0.481 0.327 0.558 0.500 0.257 0.727 0.567 0.649 0.538 0.201 
 160   (0.133) 0.094 0.126 0.137 0.462 0.123 0.152 0.015 0.172 0.124 0.102 0.350 0.112 
 154   (0.086) 0.053 0.093 0.060 0.011 0.093 0.047 0.213 0.010 0.097 0.019 0.027 0.189 
 152   (0.009) 0.007 0.006 0.002 0.001 0.006 0.000 0.001 0.001 0.005 0.010 0.006 0.001 

Locus 17 : 17 
5 alleles
0.0% missing data
 102   (0.207) 0.151 0.202 0.183 0.099 0.199 0.248 0.025 0.170 0.205 0.183 0.391 0.199 
  90   (0.675) 0.756 0.661 0.792 0.607 0.668 0.719 0.578 0.800 0.651 0.794 0.403 0.793 
  88   (0.071) 0.050 0.076 0.014 0.289 0.079 0.032 0.008 0.025 0.081 0.009 0.195 0.005 
 100   (0.041) 0.042 0.057 0.009 0.004 0.050 0.001 0.389 0.004 0.060 0.007 0.010 0.003 
 104   (0.007) 0.002 0.004 0.001 0.001 0.004 0.000 0.001 0.001 0.004 0.007 0.002 0.000 

Locus 18 : 18 
7 alleles
0.0% missing data
 142   (0.127) 0.150 0.124 0.026 0.784 0.130 0.412 0.014 0.379 0.130 0.069 0.085 0.008 
 146   (0.087) 0.106 0.075 0.084 0.042 0.083 0.189 0.010 0.028 0.076 0.060 0.137 0.224 
 140   (0.285) 0.231 0.301 0.496 0.045 0.279 0.091 0.274 0.413 0.299 0.277 0.345 0.178 
 127   (0.301) 0.374 0.315 0.234 0.079 0.320 0.232 0.547 0.106 0.315 0.320 0.198 0.063 
 148   (0.094) 0.042 0.088 0.113 0.033 0.088 0.055 0.010 0.047 0.085 0.066 0.169 0.214 
 138   (0.055) 0.043 0.050 0.034 0.011 0.050 0.019 0.141 0.022 0.046 0.042 0.018 0.004 
 150   (0.051) 0.054 0.048 0.013 0.006 0.050 0.001 0.005 0.005 0.049 0.166 0.047 0.309 

Locus 19 : 19 
7 alleles
0.0% missing data
 188   (0.192) 0.178 0.202 0.071 0.559 0.198 0.097 0.021 0.180 0.206 0.167 0.054 0.170 
 190   (0.118) 0.093 0.096 0.242 0.014 0.089 0.412 0.012 0.323 0.088 0.201 0.258 0.199 
 194   (0.579) 0.618 0.587 0.599 0.417 0.596 0.488 0.956 0.486 0.594 0.542 0.294 0.482 
 200   (0.084) 0.095 0.093 0.078 0.007 0.096 0.002 0.009 0.008 0.092 0.087 0.390 0.005 
 192   (0.007) 0.003 0.005 0.005 0.000 0.005 0.000 0.001 0.001 0.005 0.001 0.001 0.000 
 202   (0.014) 0.007 0.012 0.003 0.001 0.011 0.000 0.001 0.001 0.011 0.002 0.002 0.143 
 196   (0.007) 0.006 0.005 0.001 0.001 0.005 0.000 0.001 0.001 0.004 0.001 0.001 0.000 

Locus 20 : 20 
6 alleles
0.9% missing data
 252   (0.711) 0.813 0.722 0.739 0.805 0.739 0.844 0.383 0.710 0.726 0.758 0.701 0.724 
 250   (0.082) 0.037 0.076 0.070 0.010 0.070 0.100 0.345 0.054 0.073 0.073 0.101 0.144 
 244   (0.020) 0.014 0.016 0.008 0.161 0.014 0.007 0.005 0.002 0.014 0.006 0.007 0.001 
 254   (0.074) 0.068 0.068 0.057 0.010 0.071 0.034 0.106 0.010 0.067 0.106 0.020 0.082 
 246   (0.089) 0.055 0.086 0.122 0.010 0.080 0.005 0.158 0.221 0.085 0.053 0.166 0.047 
 248   (0.024) 0.014 0.032 0.004 0.004 0.026 0.010 0.003 0.003 0.035 0.004 0.005 0.001 

Locus 21 : 21 
7 alleles
0.2% missing data
 173   (0.291) 0.358 0.268 0.320 0.153 0.283 0.374 0.122 0.153 0.267 0.574 0.132 0.214 
 177   (0.277) 0.206 0.296 0.085 0.184 0.288 0.275 0.278 0.630 0.299 0.227 0.489 0.168 
 175   (0.137) 0.130 0.136 0.315 0.017 0.130 0.028 0.478 0.025 0.132 0.072 0.039 0.255 
 167   (0.194) 0.246 0.188 0.145 0.635 0.190 0.316 0.111 0.178 0.184 0.109 0.099 0.122 
 163   (0.035) 0.029 0.035 0.016 0.004 0.033 0.002 0.004 0.004 0.035 0.009 0.009 0.226 
 159   (0.021) 0.009 0.027 0.004 0.002 0.033 0.001 0.002 0.002 0.033 0.003 0.004 0.001 
 165   (0.045) 0.022 0.049 0.114 0.005 0.044 0.004 0.005 0.008 0.051 0.006 0.227 0.014 

Locus 22 : 22 
11 alleles
0.7% missing data
 146   (0.247) 0.240 0.242 0.173 0.835 0.255 0.229 0.075 0.218 0.247 0.283 0.274 0.140 
 154   (0.007) 0.002 0.005 0.001 0.001 0.004 0.068 0.001 0.002 0.004 0.001 0.001 0.000 
 166   (0.094) 0.052 0.107 0.079 0.010 0.099 0.029 0.114 0.259 0.113 0.029 0.031 0.006 
 152   (0.421) 0.510 0.413 0.503 0.126 0.413 0.636 0.502 0.452 0.400 0.621 0.597 0.369 
 150   (0.027) 0.014 0.028 0.005 0.004 0.026 0.007 0.112 0.009 0.032 0.006 0.009 0.002 
 164   (0.031) 0.027 0.027 0.054 0.004 0.025 0.011 0.005 0.042 0.025 0.005 0.007 0.002 
 148   (0.009) 0.003 0.007 0.001 0.001 0.005 0.000 0.172 0.001 0.005 0.001 0.002 0.001 
 158   (0.085) 0.097 0.092 0.130 0.012 0.093 0.017 0.010 0.009 0.095 0.018 0.055 0.109 
 162   (0.050) 0.043 0.054 0.047 0.005 0.058 0.001 0.006 0.005 0.056 0.014 0.020 0.072 
 156   (0.015) 0.005 0.011 0.004 0.001 0.009 0.000 0.002 0.002 0.010 0.013 0.003 0.298 
 142   (0.013) 0.006 0.013 0.002 0.001 0.013 0.000 0.001 0.001 0.014 0.009 0.003 0.001 

Locus 23 : 23 
7 alleles
0.9% missing data
 152   (0.013) 0.004 0.009 0.002 0.001 0.007 0.060 0.001 0.087 0.008 0.002 0.002 0.001 
 156   (0.122) 0.213 0.127 0.125 0.013 0.130 0.036 0.015 0.091 0.127 0.043 0.032 0.033 
 144   (0.172) 0.132 0.165 0.192 0.025 0.159 0.185 0.598 0.157 0.158 0.283 0.056 0.635 
 160   (0.104) 0.058 0.097 0.135 0.012 0.088 0.180 0.013 0.292 0.093 0.102 0.314 0.104 
 154   (0.555) 0.577 0.564 0.533 0.919 0.579 0.535 0.368 0.369 0.576 0.567 0.580 0.225 
 158   (0.026) 0.011 0.029 0.011 0.028 0.029 0.003 0.003 0.003 0.032 0.004 0.014 0.002 
 146   (0.008) 0.005 0.008 0.001 0.001 0.007 0.000 0.001 0.001 0.006 0.001 0.001 0.000 

Locus 24 : 24 
4 alleles
0.4% missing data
  77   (0.083) 0.112 0.071 0.083 0.032 0.071 0.321 0.010 0.025 0.062 0.072 0.100 0.051 
  83   (0.468) 0.389 0.463 0.594 0.233 0.445 0.485 0.689 0.577 0.461 0.429 0.634 0.918 
  81   (0.367) 0.370 0.385 0.277 0.724 0.401 0.172 0.292 0.361 0.397 0.394 0.244 0.025 
  85   (0.081) 0.129 0.081 0.045 0.011 0.084 0.022 0.009 0.037 0.079 0.105 0.022 0.006 

Locus 25 : 25 
6 alleles
0.4% missing data
 132   (0.333) 0.256 0.336 0.447 0.909 0.335 0.524 0.184 0.137 0.339 0.336 0.204 0.455 
 124   (0.521) 0.660 0.515 0.423 0.068 0.527 0.400 0.408 0.824 0.515 0.523 0.703 0.535 
 126   (0.021) 0.009 0.020 0.004 0.003 0.016 0.057 0.002 0.024 0.016 0.003 0.004 0.001 
 122   (0.095) 0.061 0.103 0.106 0.018 0.098 0.018 0.116 0.011 0.105 0.135 0.081 0.006 
 120   (0.015) 0.009 0.013 0.004 0.001 0.012 0.000 0.287 0.001 0.012 0.002 0.003 0.001 
 136   (0.015) 0.006 0.013 0.016 0.001 0.012 0.000 0.002 0.002 0.013 0.002 0.005 0.001 

Locus 26 : 26 
7 alleles
0.2% missing data
 165   (0.243) 0.222 0.242 0.331 0.681 0.233 0.120 0.322 0.155 0.236 0.284 0.195 0.055 
 183   (0.353) 0.324 0.351 0.460 0.201 0.347 0.578 0.294 0.456 0.352 0.301 0.500 0.424 
 179   (0.084) 0.097 0.081 0.019 0.017 0.085 0.057 0.343 0.100 0.078 0.057 0.062 0.005 
 175   (0.258) 0.225 0.259 0.161 0.095 0.266 0.242 0.034 0.282 0.269 0.350 0.231 0.451 
 181   (0.047) 0.125 0.054 0.026 0.004 0.057 0.001 0.006 0.004 0.052 0.006 0.009 0.064 
 185   (0.009) 0.005 0.008 0.001 0.001 0.008 0.000 0.001 0.001 0.008 0.001 0.001 0.001 
 157   (0.007) 0.002 0.006 0.001 0.001 0.004 0.000 0.001 0.001 0.005 0.001 0.001 0.000 

Locus 27 : 27 
4 alleles
0.2% missing data
 142   (0.652) 0.598 0.659 0.679 0.340 0.658 0.705 0.317 0.608 0.664 0.786 0.687 0.742 
 148   (0.199) 0.222 0.199 0.251 0.371 0.199 0.078 0.666 0.182 0.201 0.098 0.052 0.066 
 138   (0.047) 0.023 0.042 0.018 0.278 0.038 0.204 0.006 0.198 0.039 0.017 0.025 0.004 
 150   (0.102) 0.157 0.099 0.052 0.010 0.105 0.013 0.012 0.012 0.097 0.099 0.237 0.189 

Locus 28 : 28 
6 alleles
0.9% missing data
 260   (0.386) 0.269 0.405 0.306 0.289 0.397 0.346 0.140 0.503 0.416 0.527 0.460 0.377 
 262   (0.510) 0.641 0.494 0.650 0.698 0.499 0.646 0.846 0.486 0.483 0.370 0.489 0.548 
 256   (0.071) 0.066 0.074 0.038 0.011 0.078 0.007 0.011 0.008 0.074 0.065 0.044 0.073 
 258   (0.011) 0.004 0.011 0.002 0.001 0.011 0.000 0.001 0.001 0.013 0.001 0.002 0.001 
 266   (0.007) 0.002 0.004 0.001 0.001 0.004 0.000 0.001 0.001 0.004 0.007 0.001 0.000 
 264   (0.015) 0.018 0.012 0.003 0.001 0.012 0.000 0.001 0.001 0.010 0.029 0.003 0.001 

Locus 29 : 29 
7 alleles
0.2% missing data
 146   (0.281) 0.255 0.301 0.346 0.086 0.288 0.174 0.035 0.309 0.298 0.253 0.336 0.334 
 150   (0.445) 0.561 0.441 0.410 0.165 0.459 0.699 0.145 0.430 0.446 0.523 0.315 0.292 
 140   (0.167) 0.137 0.164 0.171 0.691 0.163 0.082 0.808 0.033 0.165 0.166 0.172 0.058 
 148   (0.060) 0.025 0.051 0.047 0.052 0.046 0.038 0.007 0.213 0.049 0.026 0.115 0.313 
 152   (0.031) 0.017 0.032 0.005 0.004 0.035 0.001 0.003 0.003 0.033 0.030 0.041 0.002 
 151   (0.009) 0.003 0.006 0.002 0.002 0.005 0.005 0.001 0.010 0.005 0.001 0.012 0.001 
 142   (0.008) 0.003 0.005 0.018 0.001 0.004 0.001 0.001 0.001 0.004 0.001 0.010 0.001 

Locus 30 : 30 
6 alleles
0.2% missing data
 125   (0.287) 0.314 0.315 0.307 0.622 0.304 0.470 0.138 0.303 0.317 0.075 0.092 0.030 
 129   (0.436) 0.412 0.411 0.420 0.314 0.418 0.476 0.214 0.634 0.409 0.606 0.524 0.783 
 123   (0.146) 0.180 0.142 0.115 0.048 0.147 0.051 0.018 0.051 0.139 0.263 0.084 0.102 
 121   (0.012) 0.007 0.010 0.003 0.001 0.009 0.000 0.041 0.001 0.009 0.001 0.002 0.001 
 127   (0.081) 0.057 0.080 0.147 0.011 0.077 0.002 0.585 0.008 0.078 0.030 0.266 0.081 
 131   (0.038) 0.030 0.042 0.008 0.004 0.045 0.001 0.005 0.004 0.047 0.024 0.032 0.003 

Locus 31 : 31 
6 alleles
0.2% missing data
 159   (0.170) 0.252 0.160 0.291 0.059 0.169 0.141 0.020 0.116 0.154 0.281 0.169 0.011 
 155   (0.552) 0.475 0.574 0.428 0.595 0.563 0.681 0.518 0.843 0.590 0.436 0.389 0.712 
 157   (0.183) 0.218 0.175 0.253 0.299 0.184 0.095 0.115 0.031 0.168 0.182 0.396 0.021 
 153   (0.059) 0.029 0.061 0.013 0.042 0.054 0.080 0.107 0.006 0.061 0.096 0.037 0.004 
 151   (0.030) 0.024 0.025 0.013 0.004 0.025 0.003 0.239 0.003 0.023 0.004 0.007 0.250 
 163   (0.007) 0.002 0.005 0.001 0.002 0.004 0.001 0.001 0.001 0.004 0.001 0.001 0.001 

Locus 32 : 32 
5 alleles
0.0% missing data
 146   (0.316) 0.360 0.339 0.269 0.065 0.330 0.072 0.579 0.055 0.344 0.367 0.218 0.315 
 150   (0.582) 0.594 0.569 0.510 0.925 0.578 0.851 0.409 0.867 0.566 0.575 0.525 0.637 
 148   (0.057) 0.021 0.049 0.112 0.006 0.049 0.076 0.006 0.072 0.045 0.013 0.238 0.046 
 154   (0.033) 0.020 0.035 0.106 0.004 0.033 0.001 0.004 0.005 0.035 0.007 0.012 0.002 
 152   (0.012) 0.005 0.009 0.002 0.001 0.009 0.000 0.001 0.001 0.009 0.039 0.007 0.001 

Locus 33 : 33 
7 alleles
0.0% missing data
 180   (0.468) 0.417 0.472 0.513 0.429 0.472 0.606 0.695 0.373 0.477 0.340 0.488 0.666 
 196   (0.110) 0.098 0.111 0.053 0.109 0.105 0.187 0.012 0.201 0.107 0.169 0.028 0.007 
 184   (0.195) 0.186 0.192 0.276 0.434 0.177 0.148 0.268 0.128 0.184 0.326 0.080 0.073 
 194   (0.011) 0.004 0.007 0.002 0.001 0.005 0.038 0.001 0.034 0.005 0.001 0.002 0.001 
 192   (0.133) 0.201 0.133 0.106 0.016 0.155 0.006 0.015 0.013 0.140 0.122 0.381 0.183 
 190   (0.019) 0.030 0.014 0.028 0.002 0.016 0.000 0.002 0.002 0.012 0.031 0.004 0.001 
 198   (0.065) 0.066 0.070 0.021 0.010 0.070 0.014 0.007 0.249 0.076 0.011 0.017 0.069 

Locus 34 : 34 
6 alleles
0.0% missing data
 110   (0.187) 0.144 0.185 0.220 0.270 0.180 0.364 0.212 0.168 0.185 0.080 0.209 0.073 
 112   (0.356) 0.335 0.363 0.290 0.068 0.370 0.510 0.041 0.726 0.368 0.406 0.363 0.060 
 106   (0.278) 0.368 0.260 0.408 0.584 0.266 0.097 0.225 0.084 0.257 0.415 0.234 0.706 
  90   (0.039) 0.035 0.033 0.008 0.061 0.031 0.020 0.401 0.006 0.030 0.007 0.161 0.002 
 108   (0.130) 0.114 0.152 0.072 0.016 0.146 0.009 0.120 0.015 0.154 0.092 0.031 0.113 
  96   (0.010) 0.004 0.007 0.002 0.001 0.007 0.000 0.001 0.001 0.007 0.001 0.002 0.045 

Locus 35 : 35 
9 alleles
0.0% missing data
 166   (0.059) 0.024 0.049 0.058 0.010 0.045 0.281 0.008 0.181 0.048 0.114 0.069 0.004 
 176   (0.097) 0.115 0.093 0.211 0.021 0.091 0.128 0.012 0.359 0.090 0.012 0.036 0.016 
 172   (0.328) 0.253 0.341 0.144 0.458 0.332 0.454 0.042 0.221 0.350 0.409 0.378 0.584 
 170   (0.270) 0.241 0.260 0.509 0.472 0.256 0.129 0.613 0.157 0.256 0.240 0.151 0.324 
 174   (0.130) 0.279 0.136 0.051 0.013 0.149 0.005 0.015 0.016 0.129 0.138 0.333 0.064 
 178   (0.041) 0.028 0.040 0.008 0.019 0.046 0.002 0.005 0.058 0.043 0.025 0.011 0.003 
 168   (0.050) 0.053 0.056 0.015 0.005 0.057 0.001 0.303 0.005 0.060 0.020 0.017 0.003 
 186   (0.018) 0.007 0.019 0.003 0.001 0.021 0.000 0.002 0.002 0.018 0.042 0.004 0.001 
 158   (0.007) 0.002 0.005 0.001 0.001 0.005 0.000 0.001 0.001 0.005 0.001 0.001 0.000 

Locus 36 : 36 
6 alleles
0.0% missing data
  89   (0.570) 0.573 0.583 0.505 0.230 0.588 0.661 0.374 0.714 0.590 0.661 0.722 0.511 
  95   (0.059) 0.028 0.056 0.080 0.041 0.052 0.080 0.006 0.023 0.054 0.079 0.026 0.005 
  85   (0.168) 0.189 0.148 0.149 0.264 0.148 0.223 0.495 0.219 0.144 0.147 0.190 0.233 
  81   (0.065) 0.118 0.067 0.170 0.008 0.070 0.006 0.008 0.007 0.066 0.019 0.016 0.004 
  83   (0.123) 0.085 0.132 0.094 0.456 0.129 0.029 0.014 0.035 0.131 0.090 0.042 0.247 
  91   (0.016) 0.005 0.014 0.003 0.001 0.013 0.000 0.102 0.002 0.015 0.004 0.003 0.001 

Locus 37 : 37 
10 alleles
0.0% missing data
 161   (0.342) 0.467 0.334 0.391 0.091 0.335 0.567 0.428 0.523 0.327 0.239 0.435 0.376 
 165   (0.229) 0.153 0.251 0.187 0.059 0.237 0.168 0.134 0.274 0.256 0.280 0.090 0.102 
 159   (0.014) 0.005 0.012 0.002 0.001 0.010 0.034 0.001 0.010 0.012 0.003 0.003 0.001 
 173   (0.258) 0.234 0.250 0.388 0.164 0.263 0.130 0.224 0.086 0.249 0.283 0.409 0.511 
 169   (0.102) 0.110 0.100 0.022 0.679 0.100 0.089 0.207 0.101 0.102 0.144 0.049 0.007 
 167   (0.018) 0.015 0.016 0.003 0.002 0.017 0.010 0.002 0.002 0.018 0.003 0.005 0.002 
 168   (0.011) 0.004 0.011 0.002 0.001 0.011 0.000 0.001 0.001 0.011 0.001 0.002 0.001 
 155   (0.014) 0.007 0.016 0.003 0.001 0.019 0.000 0.001 0.001 0.017 0.002 0.003 0.001 
 177   (0.006) 0.004 0.005 0.001 0.001 0.004 0.000 0.001 0.001 0.004 0.001 0.003 0.000 
 175   (0.007) 0.002 0.004 0.001 0.001 0.003 0.000 0.001 0.001 0.003 0.044 0.001 0.000 

Locus 38 : 38 
6 alleles
0.4% missing data
  87   (0.094) 0.072 0.083 0.115 0.012 0.079 0.168 0.553 0.138 0.075 0.032 0.079 0.128 
  89   (0.436) 0.505 0.457 0.224 0.745 0.464 0.587 0.051 0.667 0.466 0.585 0.385 0.095 
  91   (0.163) 0.168 0.164 0.207 0.202 0.162 0.131 0.208 0.027 0.167 0.080 0.118 0.184 
  81   (0.122) 0.075 0.120 0.217 0.012 0.117 0.081 0.014 0.085 0.121 0.068 0.277 0.115 
  85   (0.178) 0.178 0.172 0.235 0.028 0.174 0.031 0.173 0.082 0.168 0.235 0.139 0.478 
  83   (0.007) 0.002 0.004 0.001 0.001 0.003 0.003 0.001 0.001 0.003 0.001 0.002 0.000 

Locus 39 : 39 
4 alleles
0.4% missing data
 167   (0.792) 0.853 0.777 0.944 0.932 0.781 0.910 0.687 0.923 0.775 0.780 0.851 0.857 
 161   (0.176) 0.128 0.192 0.049 0.060 0.189 0.089 0.310 0.073 0.193 0.154 0.135 0.141 
 165   (0.026) 0.017 0.025 0.006 0.007 0.026 0.001 0.003 0.003 0.026 0.065 0.013 0.002 
 177   (0.007) 0.002 0.006 0.001 0.001 0.004 0.000 0.001 0.001 0.006 0.001 0.001 0.001 

Locus 40 : 40 
6 alleles
0.2% missing data
 228   (0.416) 0.395 0.397 0.443 0.726 0.394 0.522 0.545 0.656 0.391 0.521 0.579 0.233 
 238   (0.342) 0.403 0.359 0.272 0.069 0.368 0.324 0.084 0.269 0.367 0.303 0.110 0.117 
 224   (0.022) 0.007 0.016 0.014 0.002 0.013 0.088 0.002 0.045 0.013 0.002 0.151 0.001 
 236   (0.104) 0.058 0.101 0.110 0.190 0.094 0.062 0.355 0.017 0.098 0.044 0.096 0.388 
 232   (0.012) 0.029 0.010 0.002 0.001 0.010 0.000 0.001 0.003 0.009 0.002 0.002 0.001 
 240   (0.104) 0.107 0.117 0.159 0.011 0.120 0.003 0.012 0.010 0.121 0.128 0.061 0.260 

Locus 41 : 41 
7 alleles
0.0% missing data
 128   (0.124) 0.136 0.116 0.077 0.236 0.114 0.138 0.014 0.070 0.113 0.188 0.213 0.034 
 130   (0.526) 0.550 0.539 0.512 0.692 0.537 0.613 0.060 0.588 0.546 0.441 0.539 0.776 
 114   (0.053) 0.035 0.048 0.074 0.030 0.047 0.108 0.499 0.038 0.046 0.006 0.013 0.003 
 132   (0.127) 0.134 0.121 0.153 0.020 0.125 0.132 0.015 0.286 0.117 0.238 0.029 0.050 
 118   (0.058) 0.068 0.054 0.011 0.009 0.058 0.002 0.206 0.006 0.054 0.063 0.086 0.129 
 134   (0.106) 0.075 0.116 0.172 0.012 0.115 0.007 0.206 0.012 0.119 0.064 0.120 0.007 
 136   (0.007) 0.002 0.006 0.001 0.001 0.004 0.000 0.001 0.001 0.005 0.001 0.001 0.000 

Locus 42 : 42 
6 alleles
1.3% missing data
 102   (0.284) 0.204 0.282 0.404 0.080 0.267 0.413 0.571 0.430 0.282 0.340 0.267 0.475 
 104   (0.398) 0.415 0.418 0.330 0.104 0.437 0.203 0.049 0.154 0.430 0.493 0.614 0.414 
  92   (0.112) 0.189 0.108 0.088 0.014 0.114 0.105 0.053 0.276 0.105 0.060 0.039 0.007 
  96   (0.070) 0.077 0.066 0.054 0.700 0.062 0.061 0.099 0.066 0.063 0.020 0.025 0.004 
  98   (0.129) 0.112 0.121 0.121 0.102 0.115 0.218 0.226 0.073 0.116 0.086 0.052 0.099 
 106   (0.007) 0.003 0.005 0.002 0.001 0.004 0.001 0.001 0.001 0.004 0.001 0.003 0.001 

Locus 43 : 43 
6 alleles
1.6% missing data
 101   (0.302) 0.383 0.296 0.455 0.086 0.297 0.466 0.036 0.220 0.289 0.286 0.319 0.184 
 103   (0.317) 0.212 0.322 0.281 0.454 0.334 0.180 0.235 0.372 0.329 0.456 0.202 0.350 
  99   (0.145) 0.193 0.148 0.071 0.075 0.147 0.033 0.416 0.208 0.149 0.073 0.367 0.009 
  95   (0.212) 0.203 0.211 0.189 0.384 0.202 0.320 0.178 0.198 0.210 0.182 0.108 0.455 
  97   (0.016) 0.007 0.017 0.003 0.001 0.015 0.000 0.136 0.002 0.017 0.002 0.003 0.001 
  91   (0.007) 0.002 0.006 0.001 0.001 0.005 0.000 0.001 0.001 0.005 0.001 0.001 0.000 

Locus 44 : 44 
7 alleles
0.2% missing data
 177   (0.078) 0.044 0.082 0.063 0.010 0.084 0.063 0.010 0.158 0.084 0.049 0.016 0.005 
 191   (0.286) 0.267 0.306 0.300 0.057 0.318 0.189 0.281 0.116 0.319 0.152 0.372 0.101 
 181   (0.573) 0.653 0.553 0.621 0.928 0.541 0.747 0.521 0.721 0.536 0.748 0.555 0.860 
 179   (0.039) 0.029 0.042 0.012 0.003 0.043 0.001 0.186 0.004 0.046 0.005 0.053 0.002 
 183   (0.009) 0.004 0.008 0.002 0.001 0.008 0.000 0.001 0.001 0.008 0.001 0.002 0.001 
 193   (0.007) 0.002 0.005 0.001 0.001 0.004 0.000 0.001 0.001 0.004 0.044 0.001 0.000 
 189   (0.007) 0.002 0.004 0.001 0.000 0.003 0.000 0.001 0.001 0.003 0.001 0.001 0.030 

Locus 45 : 45 
6 alleles
0.9% missing data
 205   (0.466) 0.378 0.481 0.535 0.867 0.479 0.503 0.251 0.538 0.496 0.532 0.482 0.406 
 211   (0.231) 0.324 0.227 0.193 0.045 0.240 0.250 0.344 0.115 0.225 0.131 0.282 0.275 
 207   (0.137) 0.107 0.138 0.092 0.065 0.131 0.128 0.017 0.192 0.133 0.234 0.046 0.200 
 201   (0.076) 0.109 0.066 0.080 0.012 0.068 0.069 0.377 0.116 0.060 0.046 0.089 0.005 
 215   (0.082) 0.080 0.077 0.099 0.010 0.074 0.050 0.010 0.039 0.076 0.056 0.099 0.114 
 202   (0.008) 0.003 0.010 0.001 0.001 0.008 0.000 0.001 0.001 0.010 0.001 0.002 0.000 

Locus 46 : 46 
10 alleles
1.1% missing data
 144   (0.065) 0.095 0.057 0.016 0.049 0.058 0.248 0.008 0.084 0.055 0.029 0.051 0.127 
 158   (0.153) 0.132 0.152 0.252 0.034 0.149 0.114 0.020 0.379 0.149 0.055 0.293 0.084 
 168   (0.138) 0.114 0.153 0.133 0.054 0.137 0.220 0.215 0.067 0.149 0.036 0.036 0.107 
 166   (0.139) 0.113 0.124 0.094 0.463 0.124 0.318 0.127 0.125 0.121 0.218 0.036 0.386 
 142   (0.372) 0.309 0.387 0.442 0.385 0.392 0.095 0.048 0.310 0.404 0.599 0.558 0.287 
 170   (0.014) 0.035 0.011 0.005 0.002 0.012 0.002 0.002 0.001 0.010 0.002 0.003 0.001 
 156   (0.026) 0.011 0.027 0.005 0.002 0.029 0.001 0.463 0.016 0.027 0.006 0.005 0.002 
 162   (0.043) 0.068 0.040 0.039 0.005 0.041 0.001 0.112 0.004 0.039 0.033 0.008 0.003 
 164   (0.042) 0.121 0.043 0.013 0.005 0.053 0.001 0.005 0.014 0.042 0.021 0.009 0.003 
 160   (0.007) 0.003 0.005 0.002 0.001 0.005 0.000 0.001 0.001 0.005 0.001 0.001 0.000 

Locus 47 : 47 
7 alleles
8.7% missing data
 149   (0.339) 0.313 0.355 0.089 0.480 0.354 0.216 0.352 0.191 0.361 0.398 0.451 0.338 
 151   (0.184) 0.170 0.173 0.365 0.115 0.174 0.205 0.087 0.564 0.168 0.120 0.333 0.013 
 153   (0.197) 0.162 0.196 0.185 0.102 0.199 0.361 0.031 0.133 0.203 0.381 0.130 0.027 
 147   (0.028) 0.056 0.024 0.005 0.003 0.025 0.033 0.004 0.030 0.021 0.003 0.008 0.002 
 145   (0.232) 0.265 0.237 0.352 0.298 0.232 0.183 0.522 0.079 0.232 0.095 0.071 0.620 
 152   (0.007) 0.003 0.005 0.002 0.001 0.004 0.002 0.001 0.002 0.004 0.001 0.004 0.000 
 143   (0.013) 0.033 0.011 0.003 0.001 0.012 0.000 0.002 0.001 0.010 0.001 0.003 0.001 

Values of parameters used in structure:
DATAFILE=temp2_no_plains.str,	OUTFILE=k12/temp2_no_plains_k12_run4,	NUMINDS=450,	NUMLOCI=47,	MISSING=-9,	LABEL=1,	POPDATA=1,	POPFLAG=0,	PHENOTYPE=0,	EXTRACOLS=0,	MAXPOPS=12,	BURNIN=500000,	NUMREPS=750000,	USEPOPINFO=0,	INFERALPHA=1,	INFERLAMBDA=0,	POPSPECIFICLAMBDA=0,	POPALPHAS=0,	COMPUTEPROB=1,	NOADMIX=0,	ADMBURNIN=500,	UPDATEFREQ=100,	PRINTLIKES=0,	INTERMEDSAVE=0,	PRINTKLD=0,	PRINTNET=1,	PRINTLAMBDA=1,	ANCESTDIST=0,	NUMBOXES=1000,	ANCESTPINT=0.90000,	GENSBACK=2,	MIGRPRIOR=0.01000,	PRINTQHAT=0,	PRINTQSUM=1,	ALPHA=1.0000,	FREQSCORR=1,	FPRIORMEAN=0.0100,	FPRIORSD=0.0500,	ONEFST=0,	LAMBDA=1.0000,	UNIFPRIORALPHA=1,	ALPHAMAX=10.0000,	ALPHAPRIORA=1.0000,	ALPHAPRIORB=2.0000,	ALPHAPROPSD=0.0250,	STARTATPOPINFO=0,	RANDOMIZE=0,	LINKAGE=0,	METROFREQ=10,	REPORTHITRATE=0,	MARKOVPHASE=0,	PHASED=1,	PLOIDY=2,	PHASEINFO=0	LOCPRIOR=0, 	LOCPRIORINIT=1.000000, 	LOCDATA=0, 	LOCISPOP=1, 	LOCPRIORSTEP=0.100000, 	MAXLOCPRIOR=20.000000, 	SEED=748072,	
[STRAT parameters]:    NUMSIMSTATS=1000,	PHENOTYPECOL=-9,	POOLFREQ=10,	LOCUSxONLY=0,	EMERROR=0.00100,	MISSINGPHENO=-9,	