

----------------------------------------------------
STRUCTURE by Pritchard, Stephens and Donnelly (2000)
     and Falush, Stephens and Pritchard (2003)
       Code by Pritchard, Falush and Hubisz
             Version 2.3.4 (Jul 2012)
----------------------------------------------------



Command line arguments:   structure -D 834749 -K 8 -m mainparams -o k8/temp2_no_plains_k8_run1 
Input File:    temp2_no_plains.str

Run parameters:
   450 individuals
   47 loci
   8 populations assumed
   500000 Burn-in period
   750000 Reps
RANDOMIZE turned off


--------------------------------------------
Proportion of membership of each pre-defined
 population in each of the 8 clusters

Given    Inferred Clusters                                          Number of
 Pop       1      2      3      4      5      6      7      8      Individuals

  1:     0.938  0.009  0.010  0.004  0.011  0.010  0.009  0.009       63
  2:     0.922  0.014  0.009  0.007  0.012  0.017  0.007  0.012       20
  3:     0.872  0.026  0.013  0.004  0.019  0.031  0.007  0.028       21
  4:     0.866  0.012  0.007  0.004  0.011  0.083  0.006  0.011       31
  5:     0.958  0.006  0.009  0.004  0.006  0.006  0.005  0.007       21
  6:     0.011  0.021  0.055  0.005  0.018  0.850  0.012  0.028       25
  7:     0.654  0.075  0.013  0.013  0.128  0.032  0.015  0.071        8
  8:     0.923  0.011  0.019  0.007  0.010  0.009  0.005  0.015       17
  9:     0.005  0.005  0.005  0.003  0.005  0.006  0.967  0.005       29
 10:     0.002  0.003  0.002  0.984  0.002  0.002  0.002  0.002        9
 11:     0.012  0.315  0.055  0.008  0.242  0.082  0.014  0.272       26
 12:     0.016  0.213  0.254  0.009  0.258  0.034  0.012  0.205       74
 13:     0.025  0.139  0.513  0.007  0.113  0.038  0.013  0.152       35
 14:     0.037  0.057  0.745  0.009  0.054  0.028  0.009  0.060       24
 15:     0.024  0.327  0.058  0.009  0.277  0.045  0.027  0.232       43
 16:     0.029  0.354  0.027  0.003  0.176  0.013  0.009  0.390        4
--------------------------------------------

Allele-freq. divergence among pops (Net nucleotide distance),
computed using point estimates of P.

      1       2       3       4       5       6       7       8      
 1      -    0.0259  0.0380  0.1343  0.0263  0.0361  0.0737  0.0263  
 2   0.0259     -    0.0140  0.0975  0.0019  0.0153  0.0525  0.0012  
 3   0.0380  0.0140     -    0.1209  0.0169  0.0293  0.0658  0.0133  
 4   0.1343  0.0975  0.1209     -    0.0981  0.1021  0.1292  0.1016  
 5   0.0263  0.0019  0.0169  0.0981     -    0.0165  0.0538  0.0046  
 6   0.0361  0.0153  0.0293  0.1021  0.0165     -    0.0574  0.0161  
 7   0.0737  0.0525  0.0658  0.1292  0.0538  0.0574     -    0.0543  
 8   0.0263  0.0012  0.0133  0.1016  0.0046  0.0161  0.0543     -    

Average distances (expected heterozygosity) between individuals in same cluster:
cluster  1  : 0.5525 
cluster  2  : 0.6403 
cluster  3  : 0.5824 
cluster  4  : 0.5363 
cluster  5  : 0.6345 
cluster  6  : 0.6058 
cluster  7  : 0.5482 
cluster  8  : 0.6356 

--------------------------------------------
Estimated Ln Prob of Data   = -48589.3
Mean value of ln likelihood = -47045.2
Variance of ln likelihood   = 3088.2
Mean value of alpha         = 0.0333

Mean value of Fst_1         = 0.1238
Mean value of Fst_2         = 0.0156
Mean value of Fst_3         = 0.0648
Mean value of Fst_4         = 0.3027
Mean value of Fst_5         = 0.0214
Mean value of Fst_6         = 0.0734
Mean value of Fst_7         = 0.2030
Mean value of Fst_8         = 0.0204


Inferred ancestry of individuals:
        Label (%Miss) Pop:  Inferred clusters
  1      221    (0)    1 :  0.955 0.006 0.008 0.003 0.006 0.014 0.002 0.005 
  2      222    (0)    1 :  0.950 0.007 0.005 0.005 0.007 0.010 0.009 0.007 
  3      223    (0)    1 :  0.950 0.009 0.008 0.003 0.012 0.007 0.003 0.009 
  4      224    (0)    1 :  0.980 0.003 0.002 0.001 0.003 0.004 0.005 0.003 
  5      225    (0)    1 :  0.975 0.004 0.003 0.002 0.005 0.003 0.003 0.004 
  6      226    (0)    1 :  0.962 0.005 0.003 0.004 0.006 0.011 0.002 0.005 
  7      227    (0)    1 :  0.909 0.012 0.006 0.015 0.013 0.028 0.005 0.012 
  8      228    (0)    1 :  0.949 0.009 0.012 0.003 0.008 0.006 0.005 0.009 
  9      234    (0)    1 :  0.978 0.003 0.004 0.002 0.003 0.003 0.002 0.004 
 10      235    (0)    1 :  0.980 0.003 0.003 0.003 0.003 0.003 0.002 0.003 
 11      236    (0)    1 :  0.984 0.002 0.002 0.002 0.002 0.004 0.002 0.002 
 12      237    (0)    1 :  0.978 0.003 0.004 0.002 0.004 0.003 0.002 0.004 
 13      238    (0)    1 :  0.947 0.006 0.006 0.003 0.007 0.016 0.008 0.006 
 14      239    (0)    1 :  0.804 0.030 0.011 0.009 0.036 0.070 0.019 0.020 
 15      240    (0)    1 :  0.979 0.003 0.003 0.002 0.003 0.005 0.002 0.003 
 16      242    (0)    1 :  0.590 0.102 0.022 0.001 0.193 0.014 0.002 0.076 
 17      243    (0)    1 :  0.917 0.010 0.005 0.012 0.007 0.017 0.015 0.016 
 18      244    (0)    1 :  0.945 0.007 0.002 0.010 0.009 0.019 0.003 0.005 
 19      245    (0)    1 :  0.886 0.016 0.020 0.017 0.021 0.012 0.010 0.018 
 20      246    (0)    1 :  0.978 0.003 0.002 0.004 0.003 0.003 0.003 0.004 
 21      248    (0)    1 :  0.940 0.007 0.004 0.003 0.008 0.005 0.026 0.006 
 22      249    (0)    1 :  0.983 0.003 0.002 0.001 0.003 0.004 0.002 0.003 
 23      250    (0)    1 :  0.916 0.016 0.016 0.006 0.011 0.010 0.012 0.014 
 24      251    (0)    1 :  0.971 0.004 0.008 0.004 0.004 0.004 0.002 0.004 
 25      252    (0)    1 :  0.889 0.009 0.016 0.001 0.008 0.007 0.056 0.014 
 26      253    (0)    1 :  0.839 0.032 0.004 0.003 0.042 0.010 0.035 0.034 
 27      254    (0)    1 :  0.965 0.006 0.004 0.002 0.006 0.007 0.004 0.005 
 28      255    (0)    1 :  0.938 0.009 0.005 0.002 0.008 0.026 0.005 0.007 
 29      256    (0)    1 :  0.971 0.006 0.004 0.002 0.005 0.003 0.001 0.007 
 30      257    (0)    1 :  0.938 0.009 0.010 0.003 0.009 0.015 0.009 0.007 
 31      258    (0)    1 :  0.959 0.006 0.009 0.002 0.007 0.009 0.003 0.006 
 32      259    (0)    1 :  0.946 0.012 0.008 0.003 0.013 0.006 0.003 0.009 
 33      260    (0)    1 :  0.893 0.005 0.004 0.006 0.005 0.014 0.069 0.005 
 34      261    (0)    1 :  0.840 0.014 0.085 0.003 0.009 0.018 0.013 0.019 
 35      262    (0)    1 :  0.985 0.002 0.002 0.001 0.002 0.003 0.002 0.002 
 36      263    (0)    1 :  0.928 0.004 0.004 0.004 0.005 0.029 0.021 0.005 
 37      264    (0)    1 :  0.972 0.004 0.005 0.001 0.004 0.005 0.003 0.004 
 38      265    (0)    1 :  0.943 0.005 0.005 0.002 0.003 0.013 0.025 0.005 
 39      266    (0)    1 :  0.983 0.003 0.003 0.001 0.003 0.002 0.002 0.003 
 40      267    (0)    1 :  0.982 0.003 0.003 0.002 0.003 0.003 0.001 0.003 
 41      268    (0)    1 :  0.904 0.006 0.005 0.008 0.006 0.006 0.057 0.007 
 42      269    (0)    1 :  0.981 0.003 0.003 0.001 0.003 0.003 0.002 0.003 
 43      270    (0)    1 :  0.978 0.003 0.004 0.002 0.003 0.006 0.002 0.003 
 44      271    (0)    1 :  0.894 0.021 0.015 0.003 0.017 0.012 0.011 0.027 
 45      272    (0)    1 :  0.903 0.021 0.020 0.005 0.012 0.012 0.005 0.022 
 46      273    (0)    1 :  0.922 0.012 0.010 0.002 0.013 0.028 0.003 0.011 
 47      274    (0)    1 :  0.967 0.004 0.006 0.003 0.004 0.006 0.005 0.004 
 48      275    (2)    1 :  0.975 0.004 0.004 0.002 0.004 0.006 0.002 0.004 
 49      276    (0)    1 :  0.966 0.006 0.008 0.002 0.005 0.004 0.004 0.005 
 50      277    (0)    1 :  0.900 0.012 0.049 0.001 0.008 0.007 0.002 0.020 
 51      278    (0)    1 :  0.934 0.008 0.025 0.008 0.009 0.006 0.005 0.006 
 52      279    (0)    1 :  0.950 0.011 0.006 0.002 0.011 0.006 0.003 0.011 
 53      280    (0)    1 :  0.944 0.008 0.016 0.002 0.008 0.012 0.004 0.007 
 54      287    (0)    1 :  0.930 0.013 0.009 0.004 0.012 0.011 0.006 0.014 
 55      290    (0)    1 :  0.948 0.009 0.009 0.005 0.007 0.009 0.003 0.010 
 56      291    (0)    1 :  0.931 0.009 0.029 0.004 0.007 0.006 0.006 0.008 
 57      295    (0)    1 :  0.967 0.003 0.015 0.001 0.003 0.004 0.003 0.004 
 58      296    (0)    1 :  0.974 0.004 0.003 0.002 0.005 0.004 0.004 0.004 
 59      872    (2)    1 :  0.969 0.004 0.004 0.005 0.003 0.005 0.006 0.004 
 60      873    (4)    1 :  0.938 0.012 0.004 0.004 0.012 0.013 0.003 0.014 
 61      874    (2)    1 :  0.963 0.005 0.012 0.001 0.006 0.005 0.003 0.004 
 62      875    (0)    1 :  0.962 0.004 0.004 0.015 0.004 0.005 0.002 0.004 
 63      876    (6)    1 :  0.912 0.010 0.014 0.001 0.014 0.024 0.014 0.010 
 64      070    (0)   10 :  0.002 0.005 0.002 0.978 0.004 0.003 0.002 0.004 
 65      071    (0)   10 :  0.002 0.003 0.003 0.978 0.003 0.004 0.005 0.003 
 66      072    (0)   10 :  0.002 0.002 0.002 0.989 0.002 0.002 0.001 0.002 
 67      151    (0)   10 :  0.001 0.001 0.002 0.990 0.001 0.002 0.001 0.001 
 68      152    (0)   10 :  0.003 0.005 0.004 0.973 0.005 0.003 0.002 0.005 
 69      153    (2)   10 :  0.001 0.001 0.001 0.990 0.001 0.002 0.001 0.001 
 70      788    (4)   10 :  0.002 0.002 0.003 0.983 0.002 0.002 0.002 0.002 
 71      789    (2)   10 :  0.002 0.002 0.002 0.987 0.002 0.002 0.003 0.002 
 72      790    (0)   10 :  0.002 0.002 0.001 0.988 0.002 0.002 0.001 0.002 
 73      010    (0)   11 :  0.006 0.431 0.006 0.002 0.263 0.012 0.004 0.276 
 74      024    (0)   11 :  0.006 0.551 0.020 0.006 0.174 0.009 0.011 0.224 
 75      051    (0)   11 :  0.005 0.310 0.006 0.015 0.171 0.300 0.007 0.186 
 76      090    (0)   11 :  0.007 0.313 0.010 0.007 0.133 0.040 0.004 0.485 
 77      102    (0)   11 :  0.038 0.260 0.219 0.002 0.094 0.023 0.003 0.361 
 78      111    (0)   11 :  0.009 0.482 0.013 0.002 0.259 0.012 0.003 0.219 
 79      113    (0)   11 :  0.007 0.395 0.058 0.006 0.193 0.144 0.005 0.192 
 80      138    (0)   11 :  0.008 0.243 0.013 0.036 0.500 0.014 0.083 0.103 
 81      150    (0)   11 :  0.028 0.057 0.651 0.014 0.122 0.075 0.005 0.048 
 82      173    (2)   11 :  0.006 0.214 0.064 0.024 0.168 0.320 0.019 0.185 
 83      174    (2)   11 :  0.007 0.288 0.004 0.021 0.565 0.020 0.003 0.091 
 84      175    (0)   11 :  0.003 0.525 0.007 0.006 0.196 0.029 0.003 0.231 
 85      176    (0)   11 :  0.022 0.485 0.009 0.005 0.239 0.009 0.010 0.221 
 86      177    (0)   11 :  0.003 0.198 0.015 0.004 0.195 0.489 0.002 0.094 
 87      180    (0)   11 :  0.050 0.274 0.006 0.004 0.204 0.333 0.006 0.123 
 88      184    (0)   11 :  0.006 0.220 0.044 0.012 0.466 0.014 0.005 0.235 
 89      195    (0)   11 :  0.006 0.301 0.019 0.007 0.157 0.015 0.016 0.480 
 90      198    (0)   11 :  0.015 0.343 0.008 0.003 0.480 0.015 0.006 0.129 
 91      203    (0)   11 :  0.009 0.379 0.013 0.011 0.115 0.018 0.005 0.448 
 92      211    (0)   11 :  0.024 0.482 0.029 0.003 0.180 0.008 0.086 0.189 
 93      220    (0)   11 :  0.005 0.191 0.111 0.002 0.108 0.086 0.008 0.489 
 94      233    (0)   11 :  0.010 0.274 0.066 0.006 0.099 0.031 0.038 0.477 
 95      331    (0)   11 :  0.006 0.323 0.008 0.008 0.104 0.027 0.005 0.518 
 96      349    (0)   11 :  0.006 0.218 0.009 0.005 0.037 0.054 0.005 0.666 
 97      410    (0)   11 :  0.008 0.213 0.005 0.003 0.622 0.015 0.025 0.110 
 98      417    (2)   11 :  0.024 0.227 0.008 0.002 0.443 0.006 0.005 0.286 
 99      421    (0)   12 :  0.012 0.015 0.923 0.002 0.012 0.005 0.005 0.025 
100      423    (0)   12 :  0.007 0.362 0.005 0.008 0.096 0.012 0.002 0.506 
101      424    (0)   12 :  0.021 0.165 0.008 0.002 0.246 0.455 0.003 0.099 
102      433    (0)   12 :  0.005 0.105 0.492 0.002 0.320 0.007 0.016 0.053 
103      462    (0)   12 :  0.008 0.302 0.142 0.002 0.253 0.102 0.023 0.168 
104      463    (0)   12 :  0.013 0.258 0.009 0.003 0.339 0.009 0.004 0.367 
105      467    (0)   12 :  0.012 0.010 0.931 0.006 0.008 0.010 0.012 0.011 
106      468    (0)   12 :  0.020 0.148 0.076 0.003 0.013 0.113 0.002 0.625 
107      469    (0)   12 :  0.072 0.146 0.497 0.002 0.154 0.008 0.002 0.119 
108      472    (0)   12 :  0.007 0.393 0.018 0.004 0.303 0.008 0.008 0.259 
109      473    (0)   12 :  0.003 0.214 0.007 0.002 0.030 0.033 0.006 0.704 
110      474    (0)   12 :  0.010 0.032 0.799 0.001 0.022 0.010 0.011 0.114 
111      475    (0)   12 :  0.004 0.233 0.400 0.004 0.112 0.011 0.003 0.233 
112      476    (2)   12 :  0.005 0.049 0.747 0.012 0.015 0.015 0.026 0.131 
113      477    (0)   12 :  0.008 0.246 0.016 0.004 0.057 0.006 0.017 0.645 
114      478    (0)   12 :  0.024 0.388 0.063 0.002 0.097 0.024 0.003 0.398 
115      479    (0)   12 :  0.030 0.106 0.515 0.004 0.279 0.018 0.004 0.045 
116      480    (0)   12 :  0.003 0.007 0.965 0.002 0.006 0.006 0.002 0.009 
117      481    (0)   12 :  0.007 0.274 0.062 0.042 0.294 0.021 0.003 0.297 
118      482    (0)   12 :  0.006 0.433 0.041 0.002 0.297 0.012 0.038 0.170 
119      489    (0)   12 :  0.005 0.419 0.038 0.005 0.273 0.010 0.015 0.235 
120      490    (0)   12 :  0.017 0.187 0.009 0.003 0.752 0.016 0.003 0.012 
121      491    (0)   12 :  0.005 0.233 0.023 0.009 0.289 0.085 0.131 0.225 
122      492    (0)   12 :  0.028 0.103 0.577 0.004 0.073 0.032 0.016 0.167 
123      493    (0)   12 :  0.011 0.132 0.635 0.012 0.046 0.019 0.007 0.138 
124      494    (0)   12 :  0.005 0.202 0.167 0.019 0.468 0.017 0.035 0.087 
125      498    (0)   12 :  0.022 0.283 0.018 0.007 0.420 0.010 0.004 0.236 
126      499    (0)   12 :  0.009 0.443 0.016 0.004 0.191 0.064 0.007 0.266 
127      709    (0)   12 :  0.012 0.200 0.014 0.094 0.516 0.013 0.011 0.141 
128      710    (4)   12 :  0.006 0.238 0.085 0.006 0.095 0.003 0.003 0.565 
129      711    (2)   12 :  0.039 0.249 0.016 0.008 0.179 0.222 0.004 0.283 
130      712    (4)   12 :  0.009 0.181 0.010 0.002 0.774 0.010 0.003 0.011 
131      713    (0)   12 :  0.006 0.413 0.004 0.004 0.107 0.008 0.009 0.448 
132      714    (2)   12 :  0.008 0.019 0.899 0.011 0.010 0.014 0.002 0.037 
133      715    (4)   12 :  0.037 0.017 0.848 0.010 0.023 0.020 0.033 0.011 
134      716    (0)   12 :  0.004 0.010 0.956 0.002 0.012 0.004 0.003 0.010 
135      717    (2)   12 :  0.013 0.214 0.302 0.003 0.099 0.013 0.009 0.348 
136      718    (4)   12 :  0.018 0.195 0.032 0.002 0.646 0.021 0.002 0.084 
137      719    (0)   12 :  0.004 0.005 0.975 0.002 0.005 0.003 0.002 0.005 
138      720    (2)   12 :  0.008 0.023 0.899 0.002 0.013 0.012 0.010 0.033 
139      721    (0)   12 :  0.005 0.155 0.328 0.033 0.074 0.026 0.006 0.372 
140      722    (4)   12 :  0.010 0.005 0.964 0.002 0.005 0.005 0.002 0.008 
141      723    (0)   12 :  0.004 0.017 0.931 0.008 0.013 0.004 0.008 0.015 
142      724    (0)   12 :  0.038 0.020 0.884 0.004 0.022 0.007 0.008 0.017 
143      725    (0)   12 :  0.006 0.500 0.020 0.003 0.143 0.014 0.011 0.303 
144      726    (0)   12 :  0.004 0.234 0.099 0.006 0.102 0.009 0.005 0.541 
145      727    (0)   12 :  0.005 0.317 0.077 0.008 0.413 0.013 0.013 0.153 
146      728    (2)   12 :  0.010 0.438 0.014 0.093 0.219 0.011 0.006 0.208 
147      729    (6)   12 :  0.006 0.283 0.039 0.005 0.417 0.016 0.004 0.229 
148      730    (2)   12 :  0.012 0.189 0.023 0.006 0.735 0.014 0.004 0.017 
149      731    (2)   12 :  0.010 0.202 0.006 0.002 0.704 0.006 0.002 0.069 
150      732    (0)   12 :  0.011 0.380 0.191 0.003 0.189 0.019 0.006 0.201 
151      733    (0)   12 :  0.017 0.290 0.074 0.004 0.432 0.012 0.003 0.167 
152      734    (2)   12 :  0.008 0.242 0.023 0.009 0.383 0.114 0.100 0.121 
153      735    (4)   12 :  0.006 0.258 0.020 0.003 0.081 0.024 0.007 0.600 
154      736    (2)   12 :  0.004 0.203 0.007 0.014 0.683 0.015 0.017 0.056 
155      737    (0)   12 :  0.016 0.216 0.005 0.011 0.679 0.021 0.003 0.048 
156      738    (2)   12 :  0.009 0.392 0.009 0.003 0.384 0.050 0.005 0.149 
157      739    (8)   12 :  0.009 0.220 0.029 0.009 0.670 0.012 0.006 0.045 
158      740    (4)   12 :  0.007 0.220 0.096 0.002 0.589 0.004 0.003 0.079 
159      741    (2)   12 :  0.121 0.217 0.064 0.002 0.460 0.014 0.017 0.106 
160      742    (4)   12 :  0.012 0.257 0.012 0.006 0.540 0.076 0.005 0.093 
161      743    (2)   12 :  0.005 0.009 0.952 0.002 0.010 0.006 0.009 0.007 
162      744    (0)   12 :  0.004 0.511 0.073 0.023 0.176 0.007 0.004 0.202 
163      745    (0)   12 :  0.059 0.182 0.308 0.014 0.056 0.008 0.005 0.368 
164      746    (2)   12 :  0.006 0.230 0.006 0.004 0.568 0.020 0.005 0.161 
165      747    (2)   12 :  0.030 0.197 0.010 0.006 0.574 0.058 0.021 0.104 
166      748    (0)   12 :  0.108 0.174 0.013 0.005 0.165 0.133 0.015 0.387 
167      749    (2)   12 :  0.010 0.433 0.007 0.012 0.222 0.079 0.021 0.217 
168      750    (4)   12 :  0.012 0.326 0.011 0.005 0.486 0.014 0.005 0.141 
169      751    (0)   12 :  0.013 0.281 0.014 0.019 0.111 0.070 0.008 0.483 
170      752    (2)   12 :  0.019 0.125 0.196 0.002 0.022 0.105 0.002 0.528 
171      753    (4)   12 :  0.020 0.227 0.021 0.007 0.029 0.019 0.025 0.653 
172      754    (2)   12 :  0.003 0.177 0.005 0.003 0.798 0.005 0.003 0.006 
173      155    (0)   13 :  0.024 0.496 0.016 0.004 0.157 0.007 0.041 0.255 
174      156    (2)   13 :  0.015 0.507 0.009 0.095 0.152 0.007 0.005 0.208 
175      157    (2)   13 :  0.004 0.182 0.008 0.002 0.770 0.007 0.007 0.021 
176      158    (0)   13 :  0.010 0.426 0.019 0.004 0.302 0.049 0.007 0.182 
177      159    (0)   13 :  0.028 0.331 0.014 0.009 0.138 0.009 0.003 0.466 
178      160    (0)   13 :  0.012 0.107 0.427 0.003 0.275 0.039 0.009 0.128 
179      161    (0)   13 :  0.005 0.188 0.025 0.003 0.712 0.008 0.009 0.051 
180      162    (0)   13 :  0.007 0.323 0.286 0.007 0.068 0.022 0.005 0.281 
181      163    (2)   13 :  0.004 0.462 0.006 0.009 0.239 0.085 0.003 0.191 
182      164    (0)   13 :  0.037 0.259 0.012 0.002 0.097 0.013 0.018 0.561 
183      165    (2)   13 :  0.007 0.428 0.006 0.005 0.342 0.004 0.005 0.204 
184      427    (0)   13 :  0.007 0.011 0.870 0.010 0.008 0.009 0.070 0.014 
185      428    (0)   13 :  0.010 0.009 0.939 0.003 0.005 0.014 0.004 0.016 
186      429    (0)   13 :  0.005 0.007 0.963 0.003 0.005 0.006 0.003 0.007 
187      430    (0)   13 :  0.041 0.214 0.048 0.002 0.141 0.163 0.004 0.386 
188      431    (0)   13 :  0.035 0.013 0.912 0.002 0.013 0.009 0.003 0.012 
189      435    (0)   13 :  0.003 0.004 0.977 0.002 0.003 0.003 0.002 0.005 
190      436    (0)   13 :  0.006 0.005 0.972 0.002 0.004 0.003 0.003 0.005 
191      437    (0)   13 :  0.049 0.012 0.903 0.002 0.011 0.004 0.005 0.015 
192      438    (0)   13 :  0.044 0.033 0.792 0.006 0.017 0.013 0.002 0.093 
193      439    (0)   13 :  0.014 0.120 0.526 0.006 0.111 0.025 0.004 0.194 
194      441    (0)   13 :  0.007 0.143 0.039 0.001 0.006 0.171 0.003 0.630 
195      442    (0)   13 :  0.009 0.016 0.744 0.006 0.010 0.012 0.179 0.024 
196      443    (4)   13 :  0.010 0.008 0.948 0.003 0.009 0.009 0.002 0.011 
197      444    (4)   13 :  0.007 0.006 0.953 0.005 0.006 0.005 0.011 0.006 
198      445    (2)   13 :  0.043 0.134 0.356 0.007 0.037 0.004 0.004 0.415 
199      446    (0)   13 :  0.003 0.005 0.966 0.003 0.006 0.006 0.006 0.005 
200      447    (0)   13 :  0.011 0.009 0.949 0.004 0.009 0.005 0.004 0.008 
201      449    (0)   13 :  0.006 0.003 0.975 0.002 0.003 0.004 0.005 0.003 
202      460    (0)   13 :  0.015 0.027 0.863 0.002 0.008 0.006 0.005 0.073 
203      461    (0)   13 :  0.039 0.083 0.601 0.002 0.165 0.052 0.008 0.050 
204      484    (0)   13 :  0.333 0.086 0.038 0.007 0.097 0.375 0.013 0.051 
205      485    (0)   13 :  0.004 0.008 0.964 0.001 0.009 0.003 0.004 0.008 
206      486    (0)   13 :  0.005 0.149 0.025 0.002 0.006 0.153 0.003 0.657 
207      487    (0)   13 :  0.006 0.050 0.793 0.003 0.031 0.014 0.010 0.094 
208      178    (0)   14 :  0.004 0.067 0.721 0.011 0.074 0.011 0.005 0.108 
209      422    (0)   14 :  0.009 0.006 0.961 0.002 0.009 0.005 0.003 0.005 
210      425    (0)   14 :  0.004 0.013 0.945 0.001 0.017 0.005 0.003 0.012 
211      426    (0)   14 :  0.004 0.171 0.107 0.123 0.186 0.289 0.025 0.095 
212      432    (0)   14 :  0.016 0.168 0.442 0.011 0.067 0.064 0.011 0.221 
213      434    (0)   14 :  0.006 0.005 0.963 0.003 0.006 0.007 0.005 0.005 
214      440    (0)   14 :  0.004 0.101 0.668 0.002 0.034 0.036 0.016 0.138 
215      448    (2)   14 :  0.019 0.007 0.921 0.002 0.009 0.012 0.023 0.007 
216      456    (0)   14 :  0.200 0.256 0.260 0.003 0.096 0.036 0.010 0.137 
217      457    (0)   14 :  0.025 0.084 0.589 0.005 0.020 0.023 0.004 0.249 
218      458    (0)   14 :  0.013 0.124 0.426 0.008 0.288 0.053 0.020 0.069 
219      459    (0)   14 :  0.007 0.015 0.924 0.003 0.018 0.014 0.005 0.014 
220      464    (0)   14 :  0.003 0.008 0.959 0.004 0.007 0.004 0.006 0.009 
221      465    (0)   14 :  0.003 0.011 0.947 0.001 0.018 0.004 0.002 0.013 
222      466    (0)   14 :  0.023 0.024 0.881 0.002 0.030 0.007 0.005 0.027 
223      470    (0)   14 :  0.003 0.006 0.962 0.002 0.005 0.007 0.004 0.010 
224      471    (0)   14 :  0.008 0.017 0.885 0.020 0.012 0.038 0.003 0.017 
225      483    (0)   14 :  0.006 0.038 0.863 0.003 0.048 0.014 0.011 0.016 
226      488    (0)   14 :  0.015 0.060 0.672 0.003 0.096 0.012 0.006 0.137 
227      495    (0)   14 :  0.011 0.009 0.948 0.001 0.015 0.007 0.003 0.006 
228      496    (0)   14 :  0.003 0.014 0.942 0.002 0.018 0.006 0.002 0.012 
229      497    (0)   14 :  0.011 0.022 0.887 0.003 0.011 0.003 0.035 0.028 
230      500    (0)   14 :  0.496 0.119 0.076 0.003 0.201 0.009 0.003 0.093 
231      879    (0)   14 :  0.004 0.014 0.928 0.003 0.016 0.014 0.013 0.008 
232      036    (0)   15 :  0.008 0.532 0.015 0.004 0.184 0.005 0.002 0.249 
233      063    (2)   15 :  0.017 0.449 0.026 0.003 0.228 0.051 0.013 0.212 
234      094    (4)   15 :  0.084 0.194 0.051 0.005 0.555 0.018 0.009 0.085 
235      103    (4)   15 :  0.006 0.425 0.006 0.003 0.347 0.004 0.005 0.204 
236      112    (0)   15 :  0.006 0.390 0.006 0.004 0.409 0.048 0.006 0.132 
237      114    (2)   15 :  0.005 0.432 0.041 0.002 0.270 0.005 0.004 0.240 
238      120    (0)   15 :  0.023 0.206 0.015 0.002 0.654 0.027 0.004 0.068 
239      127    (2)   15 :  0.009 0.278 0.012 0.003 0.185 0.104 0.007 0.402 
240      147    (0)   15 :  0.003 0.283 0.016 0.059 0.185 0.302 0.007 0.145 
241      166    (0)   15 :  0.005 0.491 0.031 0.024 0.177 0.064 0.016 0.192 
242      167    (0)   15 :  0.011 0.395 0.127 0.006 0.177 0.011 0.005 0.267 
243      168    (0)   15 :  0.005 0.325 0.011 0.003 0.101 0.004 0.005 0.547 
244      169    (2)   15 :  0.010 0.232 0.413 0.005 0.130 0.046 0.006 0.157 
245      170    (0)   15 :  0.015 0.320 0.009 0.005 0.378 0.022 0.035 0.216 
246      171    (2)   15 :  0.071 0.460 0.006 0.013 0.162 0.034 0.005 0.249 
247      172    (0)   15 :  0.018 0.202 0.014 0.011 0.712 0.016 0.004 0.024 
248      185    (0)   15 :  0.005 0.470 0.075 0.004 0.124 0.024 0.005 0.292 
249      199    (2)   15 :  0.006 0.217 0.006 0.006 0.041 0.006 0.252 0.467 
250      339    (0)   15 :  0.007 0.261 0.450 0.009 0.060 0.019 0.007 0.186 
251      355    (0)   15 :  0.003 0.466 0.003 0.014 0.110 0.010 0.085 0.308 
252      356    (0)   15 :  0.003 0.176 0.006 0.003 0.776 0.005 0.005 0.026 
253      357    (0)   15 :  0.008 0.261 0.014 0.013 0.366 0.024 0.019 0.296 
254      358    (0)   15 :  0.012 0.495 0.012 0.006 0.151 0.024 0.004 0.297 
255      359    (0)   15 :  0.005 0.482 0.007 0.002 0.290 0.025 0.008 0.181 
256      360    (0)   15 :  0.011 0.533 0.029 0.009 0.173 0.015 0.004 0.226 
257      361    (0)   15 :  0.006 0.182 0.082 0.002 0.683 0.015 0.003 0.028 
258      362    (0)   15 :  0.247 0.253 0.098 0.005 0.116 0.086 0.007 0.188 
259      363    (0)   15 :  0.006 0.091 0.017 0.014 0.084 0.667 0.060 0.061 
260      364    (0)   15 :  0.218 0.210 0.016 0.004 0.224 0.025 0.055 0.247 
261      365    (0)   15 :  0.010 0.445 0.057 0.011 0.239 0.006 0.003 0.230 
262      366    (0)   15 :  0.005 0.476 0.005 0.030 0.280 0.022 0.003 0.179 
263      367    (0)   15 :  0.012 0.289 0.005 0.008 0.044 0.006 0.003 0.633 
264      368    (0)   15 :  0.031 0.414 0.005 0.015 0.081 0.011 0.004 0.440 
265      369    (0)   15 :  0.003 0.571 0.005 0.004 0.141 0.008 0.004 0.264 
266      370    (0)   15 :  0.006 0.194 0.009 0.012 0.717 0.011 0.006 0.045 
267      371    (0)   15 :  0.016 0.552 0.010 0.003 0.149 0.005 0.006 0.260 
268      372    (0)   15 :  0.010 0.017 0.572 0.004 0.016 0.035 0.333 0.013 
269      373    (0)   15 :  0.005 0.225 0.017 0.003 0.636 0.005 0.033 0.076 
270      380    (0)   15 :  0.023 0.253 0.010 0.006 0.534 0.053 0.011 0.111 
271      388    (0)   15 :  0.009 0.210 0.006 0.007 0.655 0.027 0.018 0.068 
272      418    (0)   15 :  0.016 0.199 0.011 0.007 0.095 0.019 0.037 0.616 
273      419    (0)   15 :  0.006 0.225 0.020 0.006 0.063 0.007 0.003 0.671 
274      420    (0)   15 :  0.045 0.295 0.141 0.047 0.217 0.018 0.063 0.174 
275      409    (0)   16 :  0.015 0.359 0.022 0.002 0.226 0.008 0.004 0.365 
276      414    (0)   16 :  0.022 0.393 0.009 0.002 0.079 0.012 0.007 0.476 
277      415    (2)   16 :  0.007 0.402 0.007 0.004 0.257 0.015 0.014 0.294 
278      416    (0)   16 :  0.072 0.260 0.072 0.003 0.140 0.017 0.011 0.424 
279      571    (0)    2 :  0.932 0.006 0.016 0.003 0.005 0.028 0.003 0.007 
280      572    (0)    2 :  0.902 0.013 0.003 0.006 0.014 0.044 0.004 0.015 
281      573    (2)    2 :  0.971 0.006 0.004 0.001 0.005 0.003 0.003 0.007 
282      574    (0)    2 :  0.965 0.007 0.005 0.002 0.006 0.005 0.002 0.008 
283      575    (2)    2 :  0.883 0.009 0.008 0.009 0.008 0.067 0.006 0.011 
284      576    (0)    2 :  0.983 0.003 0.003 0.001 0.002 0.003 0.002 0.003 
285      577    (0)    2 :  0.967 0.004 0.007 0.002 0.004 0.006 0.006 0.005 
286      578    (0)    2 :  0.975 0.003 0.005 0.002 0.003 0.004 0.006 0.003 
287      579    (0)    2 :  0.972 0.003 0.010 0.002 0.003 0.004 0.003 0.003 
288      580    (0)    2 :  0.981 0.003 0.004 0.002 0.003 0.003 0.002 0.003 
289      581    (0)    2 :  0.982 0.002 0.005 0.002 0.002 0.002 0.002 0.002 
290      582    (4)    2 :  0.847 0.020 0.018 0.056 0.015 0.008 0.022 0.015 
291      583    (0)    2 :  0.538 0.131 0.030 0.010 0.119 0.063 0.019 0.091 
292      584    (0)    2 :  0.942 0.007 0.022 0.003 0.007 0.006 0.007 0.006 
293      585    (0)    2 :  0.973 0.004 0.007 0.002 0.003 0.006 0.002 0.004 
294      586    (2)    2 :  0.965 0.004 0.008 0.002 0.003 0.005 0.009 0.004 
295      587    (0)    2 :  0.982 0.003 0.003 0.002 0.003 0.003 0.002 0.003 
296      588    (0)    2 :  0.899 0.021 0.009 0.013 0.013 0.016 0.011 0.019 
297      589    (0)    2 :  0.815 0.023 0.021 0.005 0.021 0.068 0.023 0.024 
298      590    (0)    2 :  0.964 0.004 0.005 0.007 0.004 0.003 0.008 0.005 
299      527    (2)    3 :  0.955 0.006 0.008 0.005 0.005 0.006 0.008 0.006 
300      528    (4)    3 :  0.657 0.021 0.006 0.004 0.021 0.265 0.008 0.019 
301      529    (4)    3 :  0.880 0.009 0.018 0.007 0.007 0.064 0.004 0.011 
302      530    (0)    3 :  0.959 0.006 0.003 0.004 0.008 0.008 0.005 0.006 
303      531    (2)    3 :  0.957 0.005 0.004 0.004 0.006 0.015 0.004 0.005 
304      532    (4)    3 :  0.851 0.014 0.004 0.002 0.014 0.101 0.002 0.012 
305      533    (0)    3 :  0.809 0.053 0.024 0.003 0.055 0.018 0.003 0.035 
306      534    (2)    3 :  0.971 0.004 0.004 0.002 0.004 0.006 0.004 0.005 
307      535    (2)    3 :  0.927 0.012 0.008 0.005 0.009 0.024 0.003 0.012 
308      536    (2)    3 :  0.969 0.004 0.004 0.008 0.005 0.003 0.002 0.004 
309      537    (2)    3 :  0.961 0.005 0.007 0.002 0.005 0.005 0.012 0.004 
310      538    (2)    3 :  0.839 0.040 0.026 0.002 0.052 0.008 0.005 0.028 
311      539    (2)    3 :  0.970 0.005 0.003 0.002 0.004 0.007 0.002 0.007 
312      540    (2)    3 :  0.940 0.012 0.013 0.001 0.014 0.006 0.002 0.012 
313      541    (2)    3 :  0.927 0.007 0.017 0.002 0.007 0.031 0.003 0.006 
314      542    (2)    3 :  0.894 0.017 0.031 0.004 0.015 0.014 0.010 0.014 
315      543    (0)    3 :  0.743 0.055 0.060 0.002 0.045 0.014 0.016 0.066 
316      544    (2)    3 :  0.982 0.003 0.003 0.002 0.004 0.003 0.002 0.003 
317      545    (2)    3 :  0.804 0.055 0.013 0.002 0.027 0.023 0.002 0.073 
318      546    (4)    3 :  0.513 0.166 0.011 0.003 0.066 0.021 0.002 0.218 
319      547    (6)    3 :  0.812 0.041 0.016 0.014 0.031 0.009 0.041 0.035 
320      019    (0)    4 :  0.917 0.009 0.019 0.004 0.009 0.031 0.004 0.008 
321      064    (0)    4 :  0.975 0.004 0.003 0.002 0.004 0.005 0.004 0.004 
322      065    (0)    4 :  0.986 0.002 0.002 0.001 0.002 0.002 0.001 0.002 
323      066    (0)    4 :  0.933 0.013 0.014 0.003 0.013 0.009 0.003 0.013 
324      067    (0)    4 :  0.669 0.024 0.014 0.005 0.018 0.226 0.015 0.028 
325      068    (0)    4 :  0.933 0.007 0.007 0.002 0.006 0.014 0.022 0.008 
326      069    (0)    4 :  0.959 0.006 0.004 0.001 0.007 0.015 0.003 0.006 
327      107    (0)    4 :  0.959 0.006 0.009 0.002 0.004 0.011 0.003 0.006 
328      110    (0)    4 :  0.128 0.006 0.005 0.004 0.007 0.843 0.002 0.005 
329      121    (0)    4 :  0.973 0.004 0.004 0.001 0.003 0.008 0.003 0.003 
330      137    (0)    4 :  0.835 0.053 0.017 0.024 0.022 0.012 0.003 0.034 
331      146    (0)    4 :  0.902 0.022 0.006 0.004 0.044 0.009 0.002 0.011 
332      149    (0)    4 :  0.762 0.033 0.013 0.005 0.021 0.124 0.005 0.036 
333      154    (0)    4 :  0.927 0.008 0.006 0.002 0.006 0.007 0.037 0.007 
334      179    (0)    4 :  0.971 0.004 0.005 0.002 0.004 0.006 0.004 0.004 
335      181    (0)    4 :  0.964 0.006 0.003 0.003 0.006 0.010 0.002 0.005 
336      182    (0)    4 :  0.934 0.009 0.005 0.002 0.010 0.018 0.013 0.009 
337      186    (0)    4 :  0.591 0.025 0.010 0.006 0.021 0.323 0.003 0.021 
338      193    (0)    4 :  0.964 0.006 0.005 0.002 0.006 0.008 0.003 0.006 
339      320    (0)    4 :  0.917 0.010 0.005 0.003 0.016 0.031 0.007 0.009 
340      341    (0)    4 :  0.955 0.007 0.013 0.002 0.008 0.005 0.004 0.006 
341      376    (0)    4 :  0.942 0.008 0.004 0.003 0.010 0.021 0.003 0.009 
342      395    (0)    4 :  0.935 0.008 0.015 0.006 0.006 0.021 0.003 0.008 
343      396    (0)    4 :  0.983 0.003 0.002 0.003 0.003 0.002 0.002 0.002 
344      397    (0)    4 :  0.968 0.004 0.003 0.007 0.003 0.005 0.006 0.004 
345      398    (0)    4 :  0.963 0.004 0.003 0.004 0.005 0.013 0.003 0.005 
346      399    (0)    4 :  0.967 0.005 0.003 0.002 0.006 0.009 0.004 0.005 
347      400    (0)    4 :  0.648 0.014 0.003 0.002 0.019 0.297 0.002 0.014 
348      401    (0)    4 :  0.936 0.013 0.005 0.002 0.012 0.014 0.003 0.014 
349      402    (0)    4 :  0.424 0.034 0.004 0.007 0.025 0.458 0.007 0.041 
350      403    (0)    4 :  0.921 0.009 0.011 0.010 0.016 0.024 0.003 0.008 
351      073    (0)    5 :  0.972 0.004 0.007 0.002 0.004 0.005 0.002 0.004 
352      074    (0)    5 :  0.970 0.006 0.004 0.002 0.005 0.002 0.005 0.006 
353      075    (0)    5 :  0.967 0.005 0.006 0.003 0.006 0.005 0.005 0.004 
354      076    (0)    5 :  0.957 0.005 0.006 0.005 0.006 0.010 0.006 0.005 
355      077    (0)    5 :  0.956 0.007 0.010 0.003 0.005 0.005 0.008 0.006 
356      078    (0)    5 :  0.907 0.021 0.008 0.005 0.028 0.006 0.006 0.020 
357      079    (0)    5 :  0.945 0.012 0.006 0.001 0.009 0.008 0.003 0.016 
358      080    (0)    5 :  0.950 0.005 0.003 0.002 0.004 0.011 0.019 0.006 
359      081    (0)    5 :  0.941 0.006 0.017 0.013 0.006 0.006 0.003 0.007 
360      082    (0)    5 :  0.979 0.003 0.002 0.002 0.003 0.005 0.003 0.003 
361      083    (0)    5 :  0.971 0.006 0.004 0.002 0.005 0.005 0.002 0.006 
362      084    (0)    5 :  0.972 0.004 0.008 0.004 0.003 0.003 0.002 0.004 
363      085    (0)    5 :  0.881 0.012 0.052 0.014 0.013 0.008 0.003 0.016 
364      404    (0)    5 :  0.977 0.003 0.004 0.002 0.004 0.004 0.002 0.003 
365      405    (0)    5 :  0.967 0.004 0.007 0.008 0.004 0.004 0.002 0.004 
366      406    (0)    5 :  0.957 0.008 0.003 0.007 0.007 0.006 0.004 0.009 
367      407    (0)    5 :  0.975 0.004 0.006 0.003 0.003 0.003 0.003 0.004 
368      408    (0)    5 :  0.972 0.004 0.004 0.001 0.004 0.004 0.006 0.004 
369      411    (2)    5 :  0.981 0.003 0.004 0.002 0.003 0.002 0.003 0.003 
370      412    (0)    5 :  0.933 0.008 0.015 0.005 0.008 0.013 0.008 0.009 
371      413    (0)    5 :  0.978 0.004 0.004 0.002 0.004 0.002 0.002 0.004 
372      591    (0)    6 :  0.004 0.007 0.011 0.007 0.008 0.952 0.004 0.007 
373      592    (0)    6 :  0.010 0.009 0.103 0.003 0.014 0.846 0.007 0.009 
374      593    (0)    6 :  0.009 0.008 0.007 0.006 0.007 0.952 0.002 0.008 
375      594    (0)    6 :  0.046 0.033 0.045 0.005 0.037 0.794 0.013 0.028 
376      595    (0)    6 :  0.009 0.012 0.005 0.004 0.007 0.940 0.009 0.014 
377      596    (0)    6 :  0.007 0.008 0.005 0.008 0.007 0.930 0.029 0.007 
378      597    (0)    6 :  0.025 0.007 0.011 0.002 0.007 0.936 0.005 0.006 
379      598    (0)    6 :  0.006 0.024 0.017 0.002 0.033 0.880 0.019 0.019 
380      599    (0)    6 :  0.006 0.008 0.230 0.007 0.006 0.731 0.003 0.009 
381      600    (0)    6 :  0.004 0.006 0.004 0.005 0.006 0.955 0.015 0.005 
382      601    (0)    6 :  0.020 0.016 0.026 0.002 0.011 0.908 0.002 0.014 
383      602    (0)    6 :  0.008 0.011 0.011 0.004 0.008 0.936 0.006 0.015 
384      603    (0)    6 :  0.008 0.040 0.769 0.009 0.021 0.096 0.010 0.047 
385      604    (0)    6 :  0.008 0.013 0.004 0.002 0.013 0.939 0.008 0.012 
386      605    (0)    6 :  0.008 0.038 0.009 0.005 0.078 0.811 0.029 0.022 
387      606    (0)    6 :  0.005 0.014 0.013 0.030 0.028 0.890 0.008 0.012 
388      607    (0)    6 :  0.009 0.006 0.003 0.002 0.005 0.958 0.007 0.008 
389      608    (0)    6 :  0.005 0.006 0.010 0.002 0.006 0.960 0.003 0.007 
390      609    (0)    6 :  0.004 0.009 0.005 0.003 0.009 0.955 0.003 0.012 
391      610    (0)    6 :  0.021 0.142 0.037 0.003 0.073 0.504 0.010 0.210 
392      611    (2)    6 :  0.013 0.009 0.004 0.003 0.007 0.949 0.006 0.010 
393      612    (0)    6 :  0.009 0.012 0.008 0.002 0.008 0.925 0.026 0.010 
394      755    (0)    6 :  0.018 0.070 0.021 0.002 0.033 0.606 0.052 0.198 
395      756    (0)    6 :  0.013 0.008 0.013 0.004 0.008 0.943 0.003 0.009 
396      757    (0)    6 :  0.007 0.010 0.008 0.002 0.012 0.945 0.006 0.010 
397      002    (0)    7 :  0.964 0.007 0.004 0.003 0.006 0.008 0.001 0.006 
398      099    (2)    7 :  0.002 0.256 0.011 0.013 0.507 0.006 0.091 0.114 
399      641    (2)    7 :  0.452 0.117 0.012 0.018 0.172 0.123 0.004 0.102 
400      642    (0)    7 :  0.943 0.008 0.012 0.003 0.011 0.014 0.003 0.006 
401      643    (2)    7 :  0.891 0.017 0.021 0.003 0.034 0.023 0.003 0.010 
402      644    (0)    7 :  0.949 0.007 0.013 0.003 0.008 0.005 0.008 0.007 
403      645    (0)    7 :  0.635 0.062 0.022 0.047 0.113 0.041 0.003 0.078 
404      646    (0)    7 :  0.393 0.124 0.010 0.012 0.170 0.039 0.009 0.243 
405      006    (0)    8 :  0.891 0.029 0.009 0.004 0.015 0.007 0.003 0.042 
406      011    (0)    8 :  0.980 0.003 0.003 0.003 0.003 0.003 0.003 0.003 
407      033    (2)    8 :  0.946 0.007 0.010 0.006 0.008 0.012 0.003 0.009 
408      048    (0)    8 :  0.742 0.015 0.186 0.008 0.009 0.016 0.005 0.018 
409      061    (0)    8 :  0.750 0.049 0.015 0.026 0.057 0.011 0.003 0.089 
410      088    (0)    8 :  0.934 0.008 0.014 0.005 0.010 0.013 0.008 0.009 
411      091    (0)    8 :  0.949 0.010 0.005 0.002 0.008 0.006 0.003 0.016 
412      098    (0)    8 :  0.945 0.004 0.013 0.008 0.004 0.017 0.003 0.005 
413      104    (0)    8 :  0.983 0.002 0.004 0.002 0.002 0.002 0.002 0.003 
414      196    (0)    8 :  0.934 0.007 0.007 0.015 0.009 0.014 0.005 0.008 
415      197    (0)    8 :  0.889 0.022 0.014 0.008 0.015 0.011 0.014 0.028 
416      201    (0)    8 :  0.970 0.006 0.006 0.002 0.007 0.004 0.001 0.006 
417      202    (0)    8 :  0.903 0.013 0.016 0.025 0.012 0.006 0.016 0.010 
418      204    (0)    8 :  0.971 0.004 0.007 0.004 0.005 0.003 0.002 0.005 
419      231    (0)    8 :  0.966 0.004 0.010 0.001 0.003 0.008 0.004 0.004 
420      328    (0)    8 :  0.969 0.004 0.005 0.005 0.005 0.005 0.002 0.004 
421      346    (0)    8 :  0.967 0.004 0.004 0.003 0.004 0.007 0.006 0.004 
422      212    (0)    9 :  0.002 0.002 0.004 0.001 0.002 0.002 0.983 0.002 
423      213    (0)    9 :  0.004 0.004 0.006 0.003 0.004 0.003 0.972 0.004 
424      214    (0)    9 :  0.004 0.005 0.004 0.001 0.006 0.005 0.972 0.004 
425      215    (0)    9 :  0.005 0.004 0.005 0.003 0.003 0.004 0.972 0.003 
426      216    (0)    9 :  0.004 0.003 0.004 0.002 0.003 0.003 0.978 0.003 
427      217    (0)    9 :  0.005 0.005 0.004 0.002 0.007 0.004 0.970 0.005 
428      218    (0)    9 :  0.003 0.003 0.003 0.002 0.003 0.003 0.982 0.003 
429      332    (0)    9 :  0.012 0.009 0.012 0.006 0.013 0.023 0.916 0.010 
430      333    (0)    9 :  0.012 0.014 0.006 0.010 0.013 0.030 0.900 0.014 
431      334    (0)    9 :  0.006 0.004 0.005 0.003 0.004 0.006 0.967 0.005 
432      335    (0)    9 :  0.002 0.003 0.004 0.002 0.003 0.003 0.982 0.002 
433      336    (0)    9 :  0.003 0.002 0.002 0.014 0.002 0.005 0.969 0.003 
434      337    (0)    9 :  0.010 0.005 0.003 0.002 0.006 0.011 0.959 0.005 
435      673    (0)    9 :  0.002 0.001 0.002 0.001 0.001 0.002 0.990 0.001 
436      674    (0)    9 :  0.004 0.005 0.003 0.002 0.004 0.005 0.972 0.006 
437      675    (0)    9 :  0.003 0.004 0.006 0.004 0.004 0.004 0.969 0.004 
438      676    (0)    9 :  0.003 0.005 0.007 0.001 0.006 0.005 0.969 0.004 
439      677    (0)    9 :  0.005 0.003 0.003 0.003 0.004 0.004 0.975 0.003 
440      678    (0)    9 :  0.010 0.013 0.009 0.004 0.011 0.005 0.938 0.010 
441      679    (0)    9 :  0.004 0.010 0.004 0.002 0.012 0.009 0.945 0.014 
442      680    (0)    9 :  0.004 0.005 0.007 0.005 0.004 0.011 0.959 0.006 
443      681    (0)    9 :  0.005 0.005 0.004 0.002 0.006 0.006 0.967 0.005 
444      682    (0)    9 :  0.002 0.002 0.002 0.003 0.002 0.003 0.985 0.002 
445      683    (0)    9 :  0.005 0.005 0.004 0.002 0.004 0.006 0.969 0.006 
446      684    (0)    9 :  0.002 0.005 0.005 0.003 0.004 0.006 0.971 0.005 
447      685    (0)    9 :  0.003 0.005 0.003 0.003 0.005 0.009 0.967 0.005 
448      686    (0)    9 :  0.002 0.002 0.002 0.003 0.002 0.003 0.984 0.002 
449      687    (0)    9 :  0.002 0.002 0.003 0.002 0.002 0.003 0.984 0.002 
450      688    (0)    9 :  0.006 0.003 0.007 0.002 0.004 0.005 0.971 0.003 


Estimated Allele Frequencies in each cluster
First column gives estimated ancestral frequencies


Locus 1 : 1 
4 alleles
0.0% missing data
  89   (0.537) 0.586 0.553 0.549 0.068 0.539 0.527 0.637 0.560 
  91   (0.378) 0.348 0.376 0.396 0.702 0.398 0.446 0.313 0.352 
  99   (0.018) 0.000 0.012 0.017 0.129 0.007 0.003 0.001 0.022 
  93   (0.067) 0.065 0.059 0.038 0.101 0.055 0.024 0.049 0.067 

Locus 2 : 2 
6 alleles
1.1% missing data
 136   (0.360) 0.547 0.385 0.082 0.193 0.442 0.430 0.454 0.329 
 134   (0.239) 0.154 0.222 0.262 0.028 0.220 0.382 0.379 0.248 
 138   (0.295) 0.238 0.288 0.501 0.767 0.245 0.154 0.160 0.306 
 140   (0.061) 0.060 0.060 0.046 0.008 0.063 0.017 0.004 0.059 
 132   (0.020) 0.000 0.027 0.003 0.002 0.011 0.004 0.001 0.037 
 142   (0.024) 0.001 0.017 0.106 0.002 0.019 0.013 0.001 0.021 

Locus 3 : 3 
6 alleles
0.0% missing data
 181   (0.260) 0.206 0.250 0.329 0.180 0.209 0.378 0.074 0.241 
 187   (0.341) 0.524 0.346 0.206 0.773 0.368 0.208 0.265 0.328 
 179   (0.242) 0.249 0.247 0.238 0.030 0.252 0.375 0.016 0.272 
 191   (0.031) 0.018 0.025 0.006 0.003 0.017 0.006 0.193 0.035 
 175   (0.047) 0.001 0.052 0.132 0.005 0.067 0.009 0.003 0.038 
 185   (0.078) 0.002 0.079 0.089 0.008 0.087 0.024 0.449 0.087 

Locus 4 : 4 
12 alleles
0.2% missing data
 253   (0.494) 0.713 0.509 0.522 0.595 0.506 0.560 0.468 0.530 
 249   (0.021) 0.067 0.022 0.002 0.003 0.012 0.004 0.001 0.021 
 271   (0.036) 0.032 0.035 0.009 0.004 0.036 0.009 0.002 0.038 
 241   (0.155) 0.060 0.152 0.148 0.183 0.163 0.209 0.150 0.142 
 257   (0.007) 0.000 0.004 0.001 0.001 0.005 0.001 0.000 0.004 
 269   (0.177) 0.125 0.173 0.261 0.202 0.164 0.171 0.104 0.174 
 245   (0.007) 0.000 0.006 0.001 0.001 0.003 0.001 0.000 0.004 
 247   (0.069) 0.001 0.076 0.048 0.007 0.075 0.035 0.271 0.068 
 239   (0.011) 0.000 0.009 0.001 0.001 0.016 0.004 0.001 0.007 
 273   (0.008) 0.000 0.006 0.001 0.001 0.014 0.001 0.001 0.004 
 267   (0.007) 0.001 0.005 0.001 0.001 0.003 0.001 0.000 0.005 
 255   (0.007) 0.000 0.003 0.006 0.001 0.003 0.002 0.000 0.003 

Locus 5 : 5 
6 alleles
0.7% missing data
 103   (0.848) 0.989 0.835 0.950 0.982 0.827 0.924 0.977 0.853 
 104   (0.066) 0.009 0.071 0.029 0.008 0.082 0.030 0.004 0.074 
 105   (0.048) 0.001 0.056 0.017 0.005 0.063 0.036 0.003 0.047 
 102   (0.016) 0.000 0.018 0.002 0.003 0.014 0.006 0.001 0.011 
 107   (0.012) 0.000 0.013 0.001 0.001 0.008 0.002 0.001 0.008 
 101   (0.011) 0.000 0.006 0.001 0.001 0.005 0.003 0.014 0.007 

Locus 6 : 6 
5 alleles
0.2% missing data
 141   (0.264) 0.560 0.259 0.252 0.030 0.216 0.301 0.139 0.346 
 145   (0.435) 0.175 0.455 0.551 0.416 0.467 0.405 0.265 0.391 
 135   (0.219) 0.211 0.212 0.184 0.543 0.220 0.142 0.287 0.207 
 147   (0.071) 0.053 0.064 0.012 0.009 0.079 0.151 0.308 0.051 
 137   (0.010) 0.000 0.009 0.001 0.001 0.018 0.002 0.001 0.006 

Locus 7 : 7 
10 alleles
1.3% missing data
  93   (0.218) 0.358 0.205 0.296 0.788 0.225 0.219 0.070 0.207 
 103   (0.316) 0.366 0.314 0.353 0.044 0.327 0.504 0.508 0.299 
  91   (0.070) 0.028 0.066 0.034 0.010 0.064 0.043 0.155 0.064 
  97   (0.190) 0.160 0.199 0.129 0.130 0.145 0.149 0.253 0.223 
  85   (0.048) 0.038 0.050 0.035 0.007 0.046 0.018 0.003 0.034 
  89   (0.078) 0.049 0.075 0.111 0.011 0.088 0.052 0.005 0.085 
  83   (0.055) 0.001 0.070 0.039 0.007 0.092 0.010 0.003 0.060 
 105   (0.010) 0.000 0.010 0.001 0.001 0.006 0.002 0.001 0.017 
 101   (0.007) 0.000 0.006 0.001 0.001 0.005 0.001 0.000 0.004 
  99   (0.007) 0.000 0.005 0.001 0.001 0.003 0.001 0.000 0.007 

Locus 8 : 8 
8 alleles
0.0% missing data
 129   (0.556) 0.678 0.575 0.709 0.206 0.594 0.404 0.636 0.554 
 141   (0.054) 0.100 0.045 0.020 0.006 0.034 0.090 0.209 0.035 
 149   (0.077) 0.124 0.074 0.068 0.008 0.070 0.025 0.017 0.106 
 143   (0.259) 0.097 0.257 0.191 0.688 0.259 0.471 0.134 0.262 
 127   (0.017) 0.000 0.017 0.002 0.048 0.010 0.003 0.001 0.012 
 131   (0.013) 0.000 0.009 0.007 0.041 0.006 0.002 0.002 0.007 
 133   (0.018) 0.000 0.019 0.003 0.002 0.020 0.004 0.001 0.022 
 145   (0.007) 0.000 0.004 0.001 0.001 0.007 0.001 0.000 0.003 

Locus 9 : 9 
5 alleles
0.0% missing data
 191   (0.394) 0.573 0.392 0.299 0.339 0.351 0.486 0.539 0.428 
 195   (0.145) 0.161 0.121 0.272 0.352 0.142 0.212 0.055 0.117 
 189   (0.447) 0.264 0.480 0.427 0.307 0.496 0.299 0.406 0.448 
 197   (0.007) 0.000 0.005 0.001 0.001 0.007 0.001 0.000 0.003 
 193   (0.007) 0.002 0.003 0.001 0.001 0.003 0.001 0.000 0.003 

Locus 10 : 10 
7 alleles
0.2% missing data
 232   (0.255) 0.308 0.269 0.157 0.222 0.290 0.179 0.276 0.232 
 238   (0.558) 0.553 0.562 0.769 0.373 0.526 0.641 0.348 0.609 
 252   (0.102) 0.124 0.094 0.064 0.014 0.121 0.136 0.036 0.094 
 254   (0.047) 0.014 0.041 0.005 0.387 0.033 0.036 0.257 0.036 
 250   (0.012) 0.000 0.012 0.001 0.002 0.012 0.002 0.001 0.008 
 236   (0.007) 0.000 0.005 0.001 0.001 0.005 0.002 0.001 0.004 
 248   (0.020) 0.000 0.019 0.002 0.002 0.014 0.003 0.082 0.016 

Locus 11 : 11 
4 alleles
0.0% missing data
  87   (0.703) 0.618 0.706 0.837 0.965 0.683 0.670 0.538 0.740 
  89   (0.240) 0.322 0.244 0.137 0.029 0.235 0.318 0.381 0.213 
  91   (0.044) 0.059 0.037 0.024 0.005 0.070 0.010 0.080 0.027 
  85   (0.014) 0.000 0.013 0.002 0.001 0.012 0.002 0.001 0.020 

Locus 12 : 12 
13 alleles
0.2% missing data
 160   (0.215) 0.122 0.222 0.261 0.585 0.206 0.089 0.709 0.187 
 162   (0.256) 0.219 0.247 0.273 0.074 0.245 0.445 0.234 0.299 
 147   (0.046) 0.150 0.039 0.037 0.005 0.025 0.108 0.003 0.037 
 158   (0.229) 0.476 0.250 0.182 0.028 0.258 0.184 0.025 0.206 
 161   (0.103) 0.024 0.093 0.119 0.124 0.139 0.135 0.019 0.078 
 170   (0.049) 0.007 0.051 0.038 0.006 0.060 0.009 0.003 0.055 
 143   (0.027) 0.001 0.029 0.003 0.171 0.027 0.005 0.002 0.045 
 154   (0.018) 0.000 0.022 0.002 0.002 0.012 0.006 0.001 0.021 
 149   (0.022) 0.000 0.021 0.056 0.002 0.010 0.012 0.001 0.047 
 153   (0.012) 0.000 0.011 0.001 0.001 0.008 0.003 0.001 0.013 
 150   (0.007) 0.000 0.003 0.008 0.001 0.003 0.001 0.000 0.003 
 159   (0.009) 0.000 0.005 0.019 0.001 0.006 0.002 0.001 0.004 
 164   (0.007) 0.000 0.006 0.001 0.001 0.003 0.001 0.000 0.005 

Locus 13 : 13 
5 alleles
0.0% missing data
 108   (0.200) 0.170 0.205 0.108 0.337 0.251 0.178 0.198 0.156 
 115   (0.448) 0.552 0.453 0.522 0.097 0.445 0.452 0.292 0.496 
 113   (0.338) 0.278 0.332 0.369 0.564 0.295 0.368 0.509 0.339 
 109   (0.007) 0.000 0.005 0.001 0.001 0.004 0.001 0.000 0.004 
 110   (0.007) 0.000 0.005 0.001 0.001 0.005 0.001 0.000 0.004 

Locus 14 : 14 
5 alleles
0.9% missing data
 227   (0.140) 0.260 0.134 0.325 0.257 0.104 0.058 0.020 0.126 
 231   (0.154) 0.088 0.152 0.024 0.265 0.151 0.419 0.346 0.147 
 229   (0.510) 0.481 0.539 0.509 0.101 0.600 0.321 0.421 0.542 
 225   (0.139) 0.076 0.130 0.105 0.227 0.111 0.137 0.209 0.119 
 233   (0.057) 0.095 0.045 0.037 0.150 0.034 0.067 0.004 0.066 

Locus 15 : 15 
5 alleles
0.2% missing data
 143   (0.836) 0.971 0.841 0.875 0.726 0.838 0.879 0.817 0.863 
 157   (0.008) 0.014 0.003 0.001 0.001 0.003 0.001 0.000 0.003 
 145   (0.088) 0.013 0.084 0.061 0.265 0.080 0.107 0.006 0.085 
 147   (0.052) 0.001 0.057 0.062 0.007 0.056 0.010 0.145 0.040 
 133   (0.017) 0.000 0.015 0.002 0.002 0.023 0.003 0.031 0.009 

Locus 16 : 16 
5 alleles
0.2% missing data
 156   (0.230) 0.266 0.215 0.213 0.513 0.311 0.282 0.491 0.187 
 158   (0.538) 0.522 0.560 0.632 0.259 0.511 0.506 0.207 0.564 
 160   (0.133) 0.172 0.128 0.121 0.015 0.098 0.156 0.114 0.160 
 154   (0.091) 0.040 0.094 0.021 0.212 0.077 0.054 0.187 0.085 
 152   (0.008) 0.000 0.004 0.013 0.001 0.004 0.001 0.001 0.005 

Locus 17 : 17 
5 alleles
0.0% missing data
 102   (0.200) 0.229 0.195 0.225 0.025 0.147 0.188 0.200 0.227 
  90   (0.679) 0.725 0.662 0.750 0.581 0.735 0.780 0.792 0.610 
  88   (0.067) 0.044 0.081 0.010 0.008 0.061 0.020 0.005 0.117 
 100   (0.046) 0.001 0.059 0.008 0.386 0.053 0.011 0.003 0.043 
 104   (0.007) 0.000 0.003 0.007 0.001 0.003 0.001 0.000 0.003 

Locus 18 : 18 
7 alleles
0.0% missing data
 142   (0.119) 0.428 0.128 0.081 0.013 0.150 0.028 0.008 0.136 
 146   (0.083) 0.160 0.066 0.094 0.009 0.072 0.080 0.223 0.089 
 140   (0.297) 0.130 0.307 0.263 0.278 0.268 0.502 0.182 0.285 
 127   (0.303) 0.211 0.320 0.300 0.546 0.353 0.227 0.066 0.296 
 148   (0.091) 0.051 0.083 0.079 0.010 0.058 0.116 0.213 0.095 
 138   (0.055) 0.019 0.048 0.040 0.139 0.044 0.032 0.004 0.043 
 150   (0.053) 0.001 0.047 0.144 0.005 0.055 0.014 0.304 0.055 

Locus 19 : 19 
7 alleles
0.0% missing data
 188   (0.188) 0.133 0.205 0.155 0.021 0.198 0.084 0.170 0.176 
 190   (0.122) 0.379 0.098 0.179 0.013 0.094 0.252 0.201 0.120 
 194   (0.568) 0.485 0.576 0.541 0.954 0.580 0.565 0.482 0.568 
 200   (0.093) 0.002 0.102 0.122 0.010 0.102 0.089 0.006 0.123 
 192   (0.007) 0.000 0.004 0.001 0.001 0.004 0.006 0.000 0.004 
 202   (0.014) 0.000 0.010 0.002 0.001 0.015 0.003 0.140 0.007 
 196   (0.007) 0.000 0.004 0.001 0.001 0.008 0.001 0.000 0.003 

Locus 20 : 20 
6 alleles
0.9% missing data
 252   (0.699) 0.834 0.733 0.771 0.386 0.755 0.688 0.723 0.716 
 250   (0.081) 0.091 0.067 0.064 0.340 0.051 0.075 0.144 0.083 
 244   (0.020) 0.014 0.014 0.009 0.005 0.017 0.007 0.001 0.012 
 254   (0.076) 0.029 0.063 0.100 0.106 0.078 0.048 0.081 0.055 
 246   (0.097) 0.023 0.093 0.050 0.159 0.077 0.177 0.049 0.108 
 248   (0.027) 0.009 0.030 0.005 0.003 0.023 0.005 0.002 0.026 

Locus 21 : 21 
7 alleles
0.2% missing data
 173   (0.279) 0.331 0.260 0.541 0.122 0.286 0.302 0.213 0.263 
 177   (0.281) 0.321 0.303 0.241 0.278 0.262 0.144 0.172 0.309 
 175   (0.142) 0.028 0.136 0.076 0.472 0.131 0.274 0.252 0.114 
 167   (0.189) 0.313 0.187 0.121 0.115 0.226 0.139 0.123 0.171 
 163   (0.037) 0.002 0.032 0.010 0.004 0.038 0.015 0.222 0.030 
 159   (0.021) 0.000 0.029 0.003 0.002 0.013 0.004 0.001 0.037 
 165   (0.052) 0.005 0.053 0.007 0.007 0.044 0.122 0.017 0.076 

Locus 22 : 22 
11 alleles
0.7% missing data
 146   (0.235) 0.261 0.238 0.298 0.077 0.232 0.156 0.143 0.272 
 154   (0.008) 0.055 0.003 0.001 0.001 0.003 0.001 0.000 0.003 
 166   (0.096) 0.056 0.109 0.032 0.118 0.069 0.105 0.006 0.101 
 152   (0.425) 0.591 0.422 0.600 0.501 0.490 0.500 0.371 0.378 
 150   (0.028) 0.008 0.025 0.008 0.108 0.016 0.005 0.002 0.032 
 164   (0.030) 0.013 0.026 0.004 0.004 0.026 0.059 0.002 0.022 
 148   (0.010) 0.000 0.006 0.001 0.171 0.005 0.002 0.001 0.005 
 158   (0.089) 0.014 0.096 0.019 0.011 0.097 0.118 0.109 0.102 
 162   (0.051) 0.001 0.053 0.016 0.007 0.047 0.046 0.072 0.061 
 156   (0.016) 0.000 0.010 0.012 0.002 0.007 0.005 0.294 0.009 
 142   (0.014) 0.000 0.011 0.009 0.002 0.008 0.002 0.001 0.016 

Locus 23 : 23 
7 alleles
0.9% missing data
 152   (0.010) 0.063 0.006 0.001 0.001 0.004 0.002 0.001 0.005 
 156   (0.123) 0.042 0.138 0.044 0.015 0.194 0.110 0.035 0.108 
 144   (0.173) 0.173 0.152 0.254 0.592 0.153 0.172 0.625 0.139 
 160   (0.109) 0.184 0.098 0.115 0.013 0.075 0.184 0.106 0.103 
 154   (0.549) 0.533 0.567 0.580 0.374 0.550 0.516 0.232 0.609 
 158   (0.028) 0.005 0.030 0.004 0.003 0.018 0.015 0.002 0.030 
 146   (0.009) 0.000 0.009 0.001 0.002 0.006 0.002 0.001 0.005 

Locus 24 : 24 
4 alleles
0.4% missing data
  77   (0.085) 0.268 0.072 0.083 0.010 0.084 0.077 0.052 0.061 
  83   (0.469) 0.489 0.455 0.425 0.687 0.422 0.585 0.917 0.484 
  81   (0.364) 0.219 0.389 0.396 0.294 0.380 0.285 0.025 0.396 
  85   (0.082) 0.025 0.083 0.096 0.009 0.114 0.054 0.006 0.060 

Locus 25 : 25 
6 alleles
0.4% missing data
 132   (0.326) 0.494 0.316 0.324 0.187 0.287 0.398 0.454 0.332 
 124   (0.529) 0.437 0.547 0.535 0.407 0.592 0.487 0.536 0.553 
 126   (0.019) 0.051 0.018 0.002 0.002 0.011 0.004 0.001 0.012 
 122   (0.096) 0.018 0.094 0.135 0.117 0.090 0.093 0.006 0.078 
 120   (0.016) 0.000 0.012 0.002 0.285 0.012 0.004 0.001 0.012 
 136   (0.015) 0.000 0.013 0.002 0.002 0.008 0.015 0.001 0.013 

Locus 26 : 26 
7 alleles
0.2% missing data
 165   (0.241) 0.145 0.239 0.276 0.325 0.227 0.339 0.058 0.222 
 183   (0.360) 0.547 0.357 0.299 0.297 0.333 0.455 0.426 0.382 
 179   (0.081) 0.062 0.079 0.072 0.337 0.071 0.025 0.005 0.091 
 175   (0.247) 0.245 0.244 0.342 0.032 0.258 0.152 0.445 0.251 
 181   (0.055) 0.001 0.068 0.008 0.007 0.096 0.027 0.064 0.045 
 185   (0.009) 0.000 0.008 0.001 0.001 0.011 0.001 0.001 0.005 
 157   (0.007) 0.000 0.006 0.001 0.001 0.003 0.001 0.000 0.004 

Locus 27 : 27 
4 alleles
0.2% missing data
 142   (0.649) 0.679 0.656 0.758 0.318 0.612 0.640 0.741 0.669 
 148   (0.197) 0.099 0.194 0.100 0.664 0.230 0.269 0.068 0.175 
 138   (0.043) 0.209 0.037 0.023 0.006 0.038 0.029 0.003 0.030 
 150   (0.111) 0.012 0.113 0.120 0.013 0.120 0.061 0.187 0.126 

Locus 28 : 28 
6 alleles
0.9% missing data
 260   (0.383) 0.365 0.396 0.517 0.143 0.301 0.315 0.377 0.431 
 262   (0.507) 0.627 0.499 0.386 0.843 0.608 0.643 0.547 0.472 
 256   (0.075) 0.008 0.076 0.064 0.011 0.068 0.037 0.074 0.069 
 258   (0.012) 0.000 0.012 0.001 0.001 0.006 0.002 0.001 0.015 
 266   (0.007) 0.000 0.003 0.007 0.001 0.003 0.001 0.000 0.003 
 264   (0.017) 0.000 0.014 0.025 0.002 0.015 0.003 0.001 0.009 

Locus 29 : 29 
7 alleles
0.2% missing data
 146   (0.288) 0.188 0.306 0.246 0.036 0.293 0.336 0.334 0.277 
 150   (0.434) 0.636 0.439 0.527 0.145 0.495 0.400 0.295 0.430 
 140   (0.169) 0.107 0.163 0.174 0.807 0.139 0.148 0.061 0.182 
 148   (0.059) 0.061 0.050 0.024 0.007 0.036 0.087 0.307 0.060 
 152   (0.030) 0.001 0.032 0.026 0.003 0.028 0.007 0.002 0.040 
 151   (0.010) 0.006 0.006 0.001 0.001 0.005 0.003 0.001 0.007 
 142   (0.009) 0.001 0.004 0.001 0.001 0.004 0.019 0.001 0.004 

Locus 30 : 30 
6 alleles
0.2% missing data
 125   (0.283) 0.456 0.317 0.081 0.142 0.329 0.287 0.033 0.276 
 129   (0.428) 0.489 0.402 0.594 0.215 0.397 0.450 0.780 0.439 
 123   (0.148) 0.052 0.142 0.243 0.018 0.151 0.110 0.102 0.134 
 121   (0.013) 0.000 0.009 0.002 0.043 0.010 0.003 0.001 0.008 
 127   (0.091) 0.002 0.091 0.045 0.579 0.069 0.141 0.082 0.112 
 131   (0.036) 0.001 0.038 0.036 0.004 0.045 0.008 0.002 0.030 

Locus 31 : 31 
6 alleles
0.2% missing data
 159   (0.167) 0.134 0.162 0.282 0.019 0.202 0.277 0.011 0.142 
 155   (0.547) 0.699 0.566 0.419 0.520 0.523 0.457 0.710 0.582 
 157   (0.188) 0.097 0.185 0.206 0.119 0.206 0.238 0.024 0.198 
 153   (0.060) 0.067 0.058 0.088 0.105 0.041 0.013 0.004 0.050 
 151   (0.031) 0.002 0.025 0.004 0.236 0.024 0.013 0.250 0.024 
 163   (0.007) 0.001 0.004 0.002 0.001 0.003 0.002 0.001 0.004 

Locus 32 : 32 
5 alleles
0.0% missing data
 146   (0.328) 0.070 0.343 0.348 0.576 0.351 0.249 0.313 0.331 
 150   (0.566) 0.860 0.562 0.594 0.412 0.587 0.520 0.636 0.545 
 148   (0.060) 0.069 0.056 0.015 0.007 0.029 0.126 0.048 0.084 
 154   (0.033) 0.001 0.031 0.008 0.004 0.028 0.104 0.002 0.030 
 152   (0.012) 0.000 0.008 0.035 0.001 0.006 0.002 0.001 0.011 

Locus 33 : 33 
7 alleles
0.0% missing data
 180   (0.465) 0.569 0.473 0.356 0.690 0.433 0.487 0.663 0.475 
 196   (0.103) 0.186 0.103 0.159 0.011 0.100 0.070 0.006 0.077 
 184   (0.198) 0.159 0.191 0.280 0.274 0.200 0.248 0.075 0.166 
 194   (0.008) 0.037 0.004 0.001 0.001 0.003 0.001 0.000 0.004 
 192   (0.139) 0.005 0.149 0.153 0.015 0.162 0.114 0.184 0.206 
 190   (0.019) 0.000 0.012 0.038 0.002 0.015 0.028 0.001 0.009 
 198   (0.069) 0.043 0.068 0.014 0.008 0.087 0.052 0.070 0.064 

Locus 34 : 34 
6 alleles
0.0% missing data
 110   (0.180) 0.332 0.176 0.106 0.211 0.145 0.194 0.076 0.204 
 112   (0.350) 0.515 0.360 0.384 0.040 0.355 0.351 0.064 0.371 
 106   (0.281) 0.120 0.264 0.407 0.233 0.331 0.363 0.698 0.245 
  90   (0.042) 0.024 0.038 0.010 0.395 0.036 0.014 0.003 0.047 
 108   (0.136) 0.009 0.155 0.091 0.121 0.128 0.076 0.114 0.124 
  96   (0.011) 0.000 0.006 0.001 0.001 0.004 0.002 0.045 0.009 

Locus 35 : 35 
9 alleles
0.0% missing data
 166   (0.053) 0.255 0.039 0.102 0.007 0.030 0.074 0.004 0.048 
 176   (0.096) 0.154 0.098 0.012 0.011 0.098 0.221 0.017 0.094 
 172   (0.315) 0.427 0.318 0.404 0.040 0.285 0.144 0.579 0.353 
 170   (0.267) 0.151 0.255 0.231 0.615 0.252 0.467 0.324 0.223 
 174   (0.147) 0.005 0.167 0.166 0.017 0.221 0.064 0.068 0.154 
 178   (0.042) 0.005 0.044 0.026 0.006 0.036 0.009 0.003 0.057 
 168   (0.053) 0.001 0.055 0.022 0.301 0.061 0.017 0.004 0.053 
 186   (0.020) 0.000 0.018 0.038 0.002 0.014 0.003 0.001 0.014 
 158   (0.007) 0.000 0.006 0.001 0.001 0.003 0.001 0.000 0.004 

Locus 36 : 36 
6 alleles
0.0% missing data
  89   (0.567) 0.649 0.577 0.667 0.376 0.578 0.527 0.512 0.593 
  95   (0.056) 0.072 0.051 0.074 0.006 0.036 0.070 0.004 0.040 
  85   (0.163) 0.224 0.147 0.135 0.493 0.169 0.165 0.232 0.171 
  81   (0.072) 0.006 0.079 0.025 0.009 0.089 0.149 0.005 0.069 
  83   (0.125) 0.049 0.131 0.094 0.015 0.119 0.086 0.245 0.111 
  91   (0.017) 0.000 0.015 0.004 0.100 0.009 0.003 0.001 0.015 

Locus 37 : 37 
10 alleles
0.0% missing data
 161   (0.346) 0.539 0.345 0.256 0.425 0.435 0.411 0.378 0.322 
 165   (0.226) 0.174 0.242 0.261 0.133 0.179 0.200 0.105 0.227 
 159   (0.013) 0.030 0.009 0.003 0.001 0.005 0.002 0.001 0.014 
 173   (0.258) 0.128 0.249 0.299 0.224 0.242 0.354 0.506 0.273 
 169   (0.098) 0.120 0.101 0.135 0.212 0.102 0.022 0.006 0.110 
 167   (0.018) 0.008 0.014 0.004 0.002 0.013 0.003 0.002 0.022 
 168   (0.011) 0.000 0.013 0.001 0.001 0.006 0.002 0.001 0.009 
 155   (0.015) 0.000 0.019 0.002 0.001 0.010 0.003 0.001 0.017 
 177   (0.007) 0.000 0.005 0.001 0.001 0.005 0.001 0.000 0.004 
 175   (0.008) 0.000 0.003 0.037 0.001 0.003 0.001 0.000 0.003 

Locus 38 : 38 
6 alleles
0.4% missing data
  87   (0.090) 0.155 0.076 0.053 0.551 0.077 0.117 0.127 0.058 
  89   (0.433) 0.609 0.469 0.561 0.051 0.480 0.266 0.100 0.452 
  91   (0.166) 0.118 0.160 0.093 0.210 0.171 0.190 0.182 0.162 
  81   (0.122) 0.078 0.119 0.070 0.014 0.090 0.206 0.115 0.167 
  85   (0.181) 0.038 0.173 0.222 0.173 0.179 0.220 0.474 0.157 
  83   (0.007) 0.003 0.003 0.001 0.001 0.003 0.001 0.000 0.003 

Locus 39 : 39 
4 alleles
0.4% missing data
 167   (0.791) 0.913 0.783 0.794 0.691 0.812 0.933 0.857 0.794 
 161   (0.177) 0.086 0.189 0.146 0.306 0.163 0.060 0.140 0.174 
 165   (0.025) 0.001 0.021 0.060 0.003 0.021 0.005 0.002 0.028 
 177   (0.007) 0.000 0.006 0.001 0.001 0.004 0.001 0.001 0.004 

Locus 40 : 40 
6 alleles
0.2% missing data
 228   (0.409) 0.553 0.392 0.520 0.543 0.394 0.450 0.238 0.433 
 238   (0.339) 0.304 0.364 0.290 0.086 0.371 0.277 0.120 0.343 
 224   (0.023) 0.079 0.018 0.003 0.002 0.010 0.033 0.002 0.033 
 236   (0.105) 0.062 0.093 0.053 0.355 0.085 0.102 0.384 0.087 
 232   (0.013) 0.000 0.013 0.002 0.001 0.022 0.002 0.001 0.008 
 240   (0.111) 0.002 0.120 0.132 0.013 0.117 0.136 0.255 0.096 

Locus 41 : 41 
7 alleles
0.0% missing data
 128   (0.121) 0.135 0.113 0.184 0.014 0.115 0.081 0.037 0.133 
 130   (0.525) 0.611 0.543 0.451 0.061 0.551 0.528 0.774 0.553 
 114   (0.051) 0.096 0.045 0.006 0.495 0.046 0.065 0.003 0.035 
 132   (0.127) 0.148 0.120 0.218 0.015 0.133 0.152 0.053 0.092 
 118   (0.059) 0.002 0.053 0.073 0.207 0.065 0.013 0.126 0.057 
 134   (0.110) 0.007 0.119 0.067 0.207 0.087 0.161 0.007 0.126 
 136   (0.007) 0.000 0.006 0.001 0.001 0.003 0.001 0.000 0.004 

Locus 42 : 42 
6 alleles
1.3% missing data
 102   (0.277) 0.401 0.260 0.343 0.567 0.221 0.401 0.473 0.254 
 104   (0.407) 0.189 0.438 0.496 0.050 0.415 0.323 0.415 0.470 
  92   (0.113) 0.123 0.117 0.061 0.054 0.169 0.107 0.007 0.096 
  96   (0.070) 0.094 0.067 0.022 0.105 0.080 0.056 0.004 0.061 
  98   (0.125) 0.192 0.114 0.078 0.223 0.111 0.111 0.100 0.115 
 106   (0.007) 0.001 0.005 0.001 0.001 0.004 0.002 0.001 0.004 

Locus 43 : 43 
6 alleles
1.6% missing data
 101   (0.305) 0.415 0.305 0.297 0.036 0.353 0.445 0.187 0.256 
 103   (0.311) 0.216 0.310 0.433 0.234 0.232 0.279 0.350 0.358 
  99   (0.150) 0.060 0.163 0.074 0.416 0.201 0.103 0.010 0.182 
  95   (0.209) 0.308 0.200 0.192 0.178 0.199 0.167 0.451 0.186 
  97   (0.018) 0.000 0.017 0.002 0.135 0.011 0.004 0.001 0.014 
  91   (0.007) 0.000 0.006 0.001 0.001 0.005 0.002 0.000 0.004 

Locus 44 : 44 
7 alleles
0.2% missing data
 177   (0.077) 0.075 0.077 0.049 0.010 0.067 0.062 0.005 0.067 
 191   (0.290) 0.171 0.313 0.184 0.281 0.285 0.290 0.104 0.325 
 181   (0.571) 0.753 0.553 0.724 0.525 0.609 0.632 0.858 0.525 
 179   (0.038) 0.001 0.042 0.004 0.181 0.029 0.012 0.002 0.066 
 183   (0.009) 0.000 0.008 0.001 0.001 0.005 0.002 0.001 0.011 
 193   (0.008) 0.000 0.004 0.037 0.001 0.003 0.001 0.000 0.003 
 189   (0.007) 0.000 0.003 0.001 0.001 0.003 0.001 0.029 0.003 

Locus 45 : 45 
6 alleles
0.9% missing data
 205   (0.463) 0.522 0.473 0.510 0.256 0.429 0.548 0.409 0.507 
 211   (0.236) 0.223 0.241 0.141 0.342 0.286 0.196 0.275 0.246 
 207   (0.133) 0.136 0.136 0.216 0.016 0.103 0.080 0.199 0.115 
 201   (0.076) 0.069 0.066 0.068 0.375 0.095 0.078 0.005 0.060 
 215   (0.082) 0.049 0.074 0.064 0.010 0.081 0.097 0.112 0.065 
 202   (0.009) 0.000 0.009 0.001 0.001 0.006 0.002 0.001 0.007 

Locus 46 : 46 
10 alleles
1.1% missing data
 144   (0.061) 0.222 0.053 0.041 0.008 0.073 0.015 0.126 0.050 
 158   (0.155) 0.148 0.154 0.087 0.020 0.154 0.264 0.086 0.150 
 168   (0.139) 0.193 0.148 0.038 0.214 0.134 0.121 0.108 0.113 
 166   (0.131) 0.302 0.112 0.197 0.127 0.107 0.083 0.383 0.129 
 142   (0.371) 0.129 0.382 0.573 0.048 0.343 0.455 0.287 0.440 
 170   (0.015) 0.001 0.013 0.002 0.002 0.027 0.006 0.002 0.008 
 156   (0.027) 0.001 0.030 0.008 0.464 0.016 0.005 0.002 0.024 
 162   (0.048) 0.001 0.044 0.031 0.111 0.051 0.035 0.003 0.047 
 164   (0.046) 0.002 0.060 0.022 0.005 0.093 0.014 0.003 0.033 
 160   (0.007) 0.000 0.005 0.001 0.001 0.003 0.002 0.000 0.007 

Locus 47 : 47 
7 alleles
8.7% missing data
 149   (0.343) 0.224 0.368 0.393 0.352 0.325 0.109 0.341 0.378 
 151   (0.184) 0.249 0.176 0.136 0.091 0.172 0.398 0.013 0.197 
 153   (0.186) 0.317 0.176 0.358 0.029 0.177 0.168 0.027 0.192 
 147   (0.027) 0.032 0.025 0.003 0.004 0.043 0.006 0.002 0.022 
 145   (0.239) 0.175 0.238 0.107 0.521 0.252 0.314 0.616 0.198 
 152   (0.008) 0.002 0.004 0.001 0.002 0.004 0.002 0.001 0.004 
 143   (0.013) 0.000 0.012 0.001 0.002 0.028 0.003 0.001 0.009 

Values of parameters used in structure:
DATAFILE=temp2_no_plains.str,	OUTFILE=k8/temp2_no_plains_k8_run1,	NUMINDS=450,	NUMLOCI=47,	MISSING=-9,	LABEL=1,	POPDATA=1,	POPFLAG=0,	PHENOTYPE=0,	EXTRACOLS=0,	MAXPOPS=8,	BURNIN=500000,	NUMREPS=750000,	USEPOPINFO=0,	INFERALPHA=1,	INFERLAMBDA=0,	POPSPECIFICLAMBDA=0,	POPALPHAS=0,	COMPUTEPROB=1,	NOADMIX=0,	ADMBURNIN=500,	UPDATEFREQ=100,	PRINTLIKES=0,	INTERMEDSAVE=0,	PRINTKLD=0,	PRINTNET=1,	PRINTLAMBDA=1,	ANCESTDIST=0,	NUMBOXES=1000,	ANCESTPINT=0.90000,	GENSBACK=2,	MIGRPRIOR=0.01000,	PRINTQHAT=0,	PRINTQSUM=1,	ALPHA=1.0000,	FREQSCORR=1,	FPRIORMEAN=0.0100,	FPRIORSD=0.0500,	ONEFST=0,	LAMBDA=1.0000,	UNIFPRIORALPHA=1,	ALPHAMAX=10.0000,	ALPHAPRIORA=1.0000,	ALPHAPRIORB=2.0000,	ALPHAPROPSD=0.0250,	STARTATPOPINFO=0,	RANDOMIZE=0,	LINKAGE=0,	METROFREQ=10,	REPORTHITRATE=0,	MARKOVPHASE=0,	PHASED=1,	PLOIDY=2,	PHASEINFO=0	LOCPRIOR=0, 	LOCPRIORINIT=1.000000, 	LOCDATA=0, 	LOCISPOP=1, 	LOCPRIORSTEP=0.100000, 	MAXLOCPRIOR=20.000000, 	SEED=834749,	
[STRAT parameters]:    NUMSIMSTATS=1000,	PHENOTYPECOL=-9,	POOLFREQ=10,	LOCUSxONLY=0,	EMERROR=0.00100,	MISSINGPHENO=-9,	