

----------------------------------------------------
STRUCTURE by Pritchard, Stephens and Donnelly (2000)
     and Falush, Stephens and Pritchard (2003)
       Code by Pritchard, Falush and Hubisz
             Version 2.3.4 (Jul 2012)
----------------------------------------------------



Command line arguments:   structure -D 714146 -K 13 -m mainparams -o k13/temp2_no_plains_k13_run10 
Input File:    temp2_no_plains.str

Run parameters:
   450 individuals
   47 loci
   13 populations assumed
   500000 Burn-in period
   750000 Reps
RANDOMIZE turned off


--------------------------------------------
Proportion of membership of each pre-defined
 population in each of the 13 clusters

Given    Inferred Clusters                                                                             Number of
 Pop       1      2      3      4      5      6      7      8      9     10     11     12     13      Individuals

  1:     0.008  0.007  0.010  0.012  0.009  0.010  0.011  0.011  0.011  0.850  0.047  0.004  0.011       63
  2:     0.007  0.011  0.008  0.015  0.012  0.011  0.015  0.015  0.007  0.866  0.013  0.006  0.014       20
  3:     0.006  0.010  0.012  0.038  0.020  0.010  0.023  0.022  0.016  0.690  0.138  0.004  0.012       21
  4:     0.005  0.007  0.007  0.012  0.007  0.014  0.007  0.007  0.009  0.339  0.574  0.004  0.008       31
  5:     0.004  0.006  0.012  0.006  0.008  0.012  0.008  0.008  0.006  0.894  0.023  0.005  0.007       21
  6:     0.012  0.032  0.040  0.790  0.016  0.006  0.023  0.024  0.017  0.011  0.012  0.005  0.013       25
  7:     0.017  0.059  0.013  0.022  0.062  0.013  0.065  0.063  0.064  0.446  0.152  0.011  0.014        8
  8:     0.005  0.005  0.020  0.009  0.008  0.340  0.010  0.010  0.006  0.531  0.039  0.005  0.011       17
  9:     0.944  0.006  0.004  0.006  0.005  0.003  0.005  0.005  0.005  0.005  0.004  0.003  0.005       29
 10:     0.002  0.002  0.002  0.003  0.003  0.003  0.003  0.003  0.002  0.002  0.002  0.972  0.002        9
 11:     0.014  0.025  0.045  0.055  0.241  0.009  0.212  0.218  0.125  0.010  0.015  0.009  0.022       26
 12:     0.012  0.084  0.192  0.026  0.120  0.012  0.136  0.140  0.189  0.013  0.012  0.010  0.054       74
 13:     0.016  0.075  0.382  0.021  0.096  0.009  0.081  0.081  0.089  0.018  0.015  0.007  0.111       35
 14:     0.008  0.027  0.320  0.024  0.039  0.006  0.056  0.058  0.044  0.026  0.013  0.010  0.368       24
 15:     0.027  0.017  0.033  0.036  0.207  0.007  0.201  0.211  0.168  0.022  0.011  0.010  0.050       43
 16:     0.009  0.016  0.025  0.012  0.419  0.056  0.214  0.178  0.030  0.014  0.013  0.003  0.011        4
--------------------------------------------

Allele-freq. divergence among pops (Net nucleotide distance),
computed using point estimates of P.

      1       2       3       4       5       6       7       8       9      10      11      12      13      
 1      -    0.0867  0.0733  0.0603  0.0553  0.1571  0.0526  0.0526  0.0619  0.0793  0.0906  0.1319  0.0725  
 2   0.0867     -    0.0445  0.0485  0.0363  0.1382  0.0331  0.0329  0.0420  0.0611  0.0631  0.1472  0.0491  
 3   0.0733  0.0445     -    0.0366  0.0191  0.1148  0.0159  0.0158  0.0244  0.0419  0.0582  0.1261  0.0219  
 4   0.0603  0.0485  0.0366     -    0.0208  0.1189  0.0174  0.0172  0.0231  0.0436  0.0531  0.1058  0.0373  
 5   0.0553  0.0363  0.0191  0.0208     -    0.1029  0.0011  0.0012  0.0087  0.0321  0.0370  0.0996  0.0237  
 6   0.1571  0.1382  0.1148  0.1189  0.1029     -    0.0985  0.0982  0.1075  0.1025  0.1275  0.1987  0.1417  
 7   0.0526  0.0331  0.0159  0.0174  0.0011  0.0985     -    0.0000  0.0068  0.0292  0.0355  0.0973  0.0211  
 8   0.0526  0.0329  0.0158  0.0172  0.0012  0.0982  0.0000     -    0.0067  0.0290  0.0355  0.0970  0.0209  
 9   0.0619  0.0420  0.0244  0.0231  0.0087  0.1075  0.0068  0.0067     -    0.0332  0.0422  0.1059  0.0297  
10   0.0793  0.0611  0.0419  0.0436  0.0321  0.1025  0.0292  0.0290  0.0332     -    0.0359  0.1422  0.0554  
11   0.0906  0.0631  0.0582  0.0531  0.0370  0.1275  0.0355  0.0355  0.0422  0.0359     -    0.1398  0.0574  
12   0.1319  0.1472  0.1261  0.1058  0.0996  0.1987  0.0973  0.0970  0.1059  0.1422  0.1398     -    0.1293  
13   0.0725  0.0491  0.0219  0.0373  0.0237  0.1417  0.0211  0.0209  0.0297  0.0554  0.0574  0.1293     -    

Average distances (expected heterozygosity) between individuals in same cluster:
cluster  1  : 0.5454 
cluster  2  : 0.5611 
cluster  3  : 0.5732 
cluster  4  : 0.5962 
cluster  5  : 0.6364 
cluster  6  : 0.4363 
cluster  7  : 0.6434 
cluster  8  : 0.6440 
cluster  9  : 0.6163 
cluster 10  : 0.5400 
cluster 11  : 0.5440 
cluster 12  : 0.5346 
cluster 13  : 0.5738 

--------------------------------------------
Estimated Ln Prob of Data   = -48668.8
Mean value of ln likelihood = -46314.0
Variance of ln likelihood   = 4709.6
Mean value of alpha         = 0.0352

Mean value of Fst_1         = 0.2098
Mean value of Fst_2         = 0.1823
Mean value of Fst_3         = 0.0837
Mean value of Fst_4         = 0.0887
Mean value of Fst_5         = 0.0257
Mean value of Fst_6         = 0.3996
Mean value of Fst_7         = 0.0084
Mean value of Fst_8         = 0.0062
Mean value of Fst_9         = 0.0433
Mean value of Fst_10         = 0.1338
Mean value of Fst_11         = 0.1680
Mean value of Fst_12         = 0.3074
Mean value of Fst_13         = 0.1136


Inferred ancestry of individuals:
        Label (%Miss) Pop:  Inferred clusters
  1      221    (0)    1 :  0.002 0.003 0.009 0.018 0.007 0.005 0.007 0.007 0.008 0.852 0.071 0.003 0.008 
  2      222    (0)    1 :  0.009 0.012 0.009 0.007 0.010 0.006 0.009 0.009 0.008 0.368 0.544 0.004 0.004 
  3      223    (0)    1 :  0.003 0.008 0.010 0.009 0.010 0.008 0.011 0.011 0.025 0.882 0.014 0.003 0.006 
  4      224    (0)    1 :  0.005 0.004 0.002 0.004 0.003 0.006 0.003 0.003 0.003 0.957 0.007 0.001 0.002 
  5      225    (0)    1 :  0.004 0.004 0.004 0.004 0.006 0.004 0.006 0.006 0.006 0.945 0.008 0.002 0.004 
  6      226    (0)    1 :  0.002 0.006 0.004 0.013 0.004 0.004 0.005 0.005 0.009 0.936 0.005 0.006 0.002 
  7      227    (0)    1 :  0.005 0.005 0.006 0.036 0.009 0.005 0.012 0.012 0.017 0.869 0.003 0.016 0.005 
  8      228    (0)    1 :  0.005 0.007 0.024 0.007 0.009 0.013 0.009 0.009 0.010 0.891 0.008 0.003 0.005 
  9      234    (0)    1 :  0.002 0.004 0.005 0.004 0.004 0.005 0.004 0.004 0.004 0.943 0.014 0.003 0.004 
 10      235    (0)    1 :  0.002 0.002 0.004 0.004 0.003 0.004 0.004 0.004 0.003 0.955 0.010 0.004 0.002 
 11      236    (0)    1 :  0.002 0.001 0.002 0.005 0.002 0.015 0.003 0.003 0.003 0.955 0.005 0.002 0.002 
 12      237    (0)    1 :  0.002 0.004 0.005 0.003 0.004 0.002 0.004 0.004 0.005 0.946 0.014 0.002 0.005 
 13      238    (0)    1 :  0.012 0.007 0.006 0.024 0.007 0.003 0.011 0.010 0.011 0.855 0.044 0.003 0.008 
 14      239    (0)    1 :  0.015 0.005 0.013 0.079 0.027 0.024 0.030 0.029 0.043 0.687 0.030 0.007 0.010 
 15      240    (0)    1 :  0.003 0.003 0.004 0.006 0.004 0.006 0.004 0.004 0.003 0.953 0.006 0.002 0.004 
 16      242    (0)    1 :  0.002 0.010 0.029 0.012 0.033 0.003 0.100 0.105 0.124 0.265 0.305 0.001 0.011 
 17      243    (0)    1 :  0.014 0.008 0.005 0.020 0.011 0.006 0.015 0.014 0.009 0.860 0.015 0.016 0.007 
 18      244    (0)    1 :  0.003 0.003 0.002 0.022 0.009 0.002 0.008 0.008 0.012 0.897 0.018 0.012 0.003 
 19      245    (0)    1 :  0.008 0.014 0.011 0.015 0.018 0.047 0.019 0.019 0.015 0.801 0.004 0.012 0.016 
 20      246    (0)    1 :  0.003 0.003 0.003 0.003 0.005 0.003 0.005 0.004 0.003 0.942 0.019 0.005 0.003 
 21      248    (0)    1 :  0.023 0.003 0.004 0.006 0.008 0.010 0.008 0.007 0.009 0.818 0.096 0.003 0.005 
 22      249    (0)    1 :  0.002 0.004 0.002 0.004 0.002 0.002 0.002 0.002 0.003 0.970 0.003 0.001 0.002 
 23      250    (0)    1 :  0.010 0.009 0.019 0.010 0.017 0.013 0.015 0.015 0.011 0.859 0.006 0.007 0.008 
 24      251    (0)    1 :  0.003 0.003 0.014 0.004 0.004 0.005 0.005 0.005 0.006 0.917 0.023 0.004 0.006 
 25      252    (0)    1 :  0.039 0.016 0.013 0.007 0.007 0.005 0.009 0.009 0.009 0.868 0.004 0.001 0.010 
 26      253    (0)    1 :  0.023 0.004 0.005 0.009 0.019 0.007 0.027 0.026 0.035 0.836 0.003 0.003 0.004 
 27      254    (0)    1 :  0.003 0.004 0.004 0.008 0.006 0.004 0.005 0.005 0.006 0.942 0.005 0.002 0.006 
 28      255    (0)    1 :  0.007 0.005 0.011 0.051 0.021 0.019 0.017 0.017 0.012 0.516 0.313 0.003 0.007 
 29      256    (0)    1 :  0.002 0.009 0.006 0.004 0.008 0.003 0.010 0.010 0.006 0.864 0.071 0.003 0.004 
 30      257    (0)    1 :  0.010 0.004 0.010 0.018 0.009 0.003 0.009 0.009 0.010 0.895 0.008 0.003 0.012 
 31      258    (0)    1 :  0.003 0.005 0.011 0.012 0.008 0.010 0.010 0.011 0.010 0.845 0.060 0.002 0.012 
 32      259    (0)    1 :  0.003 0.005 0.005 0.006 0.020 0.002 0.012 0.010 0.010 0.893 0.011 0.002 0.021 
 33      260    (0)    1 :  0.067 0.004 0.005 0.027 0.005 0.023 0.007 0.007 0.005 0.837 0.005 0.005 0.004 
 34      261    (0)    1 :  0.009 0.009 0.019 0.015 0.011 0.003 0.014 0.014 0.005 0.725 0.013 0.002 0.160 
 35      262    (0)    1 :  0.002 0.003 0.002 0.002 0.002 0.002 0.002 0.002 0.002 0.968 0.007 0.001 0.002 
 36      263    (0)    1 :  0.025 0.006 0.004 0.043 0.005 0.005 0.006 0.006 0.005 0.869 0.016 0.005 0.005 
 37      264    (0)    1 :  0.003 0.012 0.004 0.006 0.005 0.003 0.005 0.005 0.004 0.929 0.015 0.001 0.008 
 38      265    (0)    1 :  0.038 0.007 0.005 0.019 0.006 0.008 0.006 0.006 0.004 0.870 0.026 0.002 0.006 
 39      266    (0)    1 :  0.002 0.003 0.003 0.002 0.003 0.006 0.003 0.003 0.003 0.960 0.008 0.001 0.002 
 40      267    (0)    1 :  0.001 0.003 0.003 0.003 0.003 0.002 0.003 0.003 0.004 0.883 0.086 0.002 0.003 
 41      268    (0)    1 :  0.050 0.005 0.006 0.006 0.005 0.003 0.007 0.007 0.007 0.887 0.004 0.008 0.005 
 42      269    (0)    1 :  0.003 0.003 0.003 0.004 0.003 0.021 0.003 0.003 0.003 0.908 0.038 0.001 0.006 
 43      270    (0)    1 :  0.002 0.013 0.004 0.007 0.003 0.003 0.004 0.003 0.004 0.947 0.005 0.002 0.003 
 44      271    (0)    1 :  0.011 0.014 0.008 0.013 0.022 0.081 0.027 0.028 0.020 0.711 0.013 0.003 0.049 
 45      272    (0)    1 :  0.005 0.021 0.010 0.008 0.029 0.013 0.035 0.037 0.009 0.323 0.419 0.007 0.085 
 46      273    (0)    1 :  0.003 0.011 0.014 0.042 0.016 0.011 0.016 0.015 0.016 0.825 0.021 0.002 0.010 
 47      274    (0)    1 :  0.006 0.004 0.005 0.009 0.005 0.007 0.005 0.005 0.005 0.926 0.006 0.003 0.013 
 48      275    (2)    1 :  0.002 0.003 0.005 0.007 0.004 0.003 0.004 0.005 0.005 0.933 0.024 0.002 0.003 
 49      276    (0)    1 :  0.004 0.007 0.007 0.005 0.007 0.006 0.006 0.006 0.007 0.880 0.053 0.002 0.009 
 50      277    (0)    1 :  0.002 0.010 0.070 0.009 0.010 0.014 0.012 0.012 0.008 0.836 0.003 0.001 0.013 
 51      278    (0)    1 :  0.005 0.004 0.020 0.006 0.011 0.005 0.008 0.009 0.011 0.870 0.018 0.008 0.025 
 52      279    (0)    1 :  0.003 0.005 0.007 0.006 0.019 0.003 0.013 0.013 0.011 0.888 0.024 0.002 0.006 
 53      280    (0)    1 :  0.005 0.005 0.025 0.019 0.011 0.067 0.011 0.011 0.013 0.808 0.010 0.003 0.013 
 54      287    (0)    1 :  0.006 0.006 0.010 0.013 0.014 0.003 0.014 0.014 0.009 0.895 0.005 0.004 0.007 
 55      290    (0)    1 :  0.003 0.012 0.011 0.011 0.017 0.006 0.012 0.012 0.008 0.727 0.164 0.006 0.013 
 56      291    (0)    1 :  0.006 0.004 0.034 0.007 0.011 0.016 0.011 0.010 0.006 0.874 0.004 0.003 0.012 
 57      295    (0)    1 :  0.003 0.004 0.020 0.004 0.004 0.003 0.004 0.004 0.003 0.939 0.006 0.001 0.007 
 58      296    (0)    1 :  0.004 0.009 0.004 0.004 0.004 0.005 0.004 0.004 0.008 0.935 0.013 0.003 0.003 
 59      872    (2)    1 :  0.007 0.007 0.005 0.005 0.005 0.004 0.005 0.005 0.004 0.839 0.101 0.006 0.006 
 60      873    (4)    1 :  0.003 0.028 0.004 0.013 0.011 0.010 0.016 0.018 0.012 0.839 0.038 0.004 0.003 
 61      874    (2)    1 :  0.003 0.008 0.008 0.005 0.005 0.002 0.005 0.005 0.007 0.925 0.015 0.001 0.011 
 62      875    (0)    1 :  0.002 0.003 0.004 0.005 0.005 0.005 0.006 0.006 0.005 0.921 0.015 0.017 0.005 
 63      876    (6)    1 :  0.012 0.007 0.013 0.023 0.008 0.005 0.009 0.009 0.017 0.876 0.010 0.001 0.008 
 64      070    (0)   10 :  0.002 0.002 0.002 0.003 0.006 0.001 0.005 0.005 0.003 0.002 0.004 0.963 0.003 
 65      071    (0)   10 :  0.005 0.002 0.002 0.004 0.003 0.005 0.003 0.003 0.003 0.002 0.002 0.962 0.003 
 66      072    (0)   10 :  0.001 0.001 0.002 0.002 0.002 0.003 0.002 0.002 0.002 0.002 0.002 0.979 0.002 
 67      151    (0)   10 :  0.002 0.001 0.002 0.002 0.001 0.001 0.002 0.001 0.002 0.001 0.001 0.982 0.002 
 68      152    (0)   10 :  0.002 0.002 0.004 0.004 0.006 0.005 0.006 0.006 0.004 0.003 0.002 0.953 0.004 
 69      153    (2)   10 :  0.002 0.001 0.001 0.002 0.002 0.001 0.001 0.001 0.001 0.001 0.002 0.983 0.001 
 70      788    (4)   10 :  0.002 0.001 0.004 0.002 0.002 0.003 0.003 0.003 0.002 0.002 0.002 0.970 0.003 
 71      789    (2)   10 :  0.003 0.001 0.002 0.002 0.002 0.002 0.002 0.002 0.002 0.002 0.002 0.977 0.002 
 72      790    (0)   10 :  0.001 0.001 0.002 0.002 0.002 0.003 0.002 0.002 0.002 0.002 0.002 0.977 0.001 
 73      010    (0)   11 :  0.004 0.010 0.005 0.009 0.604 0.008 0.167 0.148 0.025 0.005 0.007 0.002 0.007 
 74      024    (0)   11 :  0.010 0.008 0.013 0.009 0.132 0.005 0.345 0.404 0.018 0.005 0.005 0.006 0.039 
 75      051    (0)   11 :  0.007 0.009 0.006 0.219 0.301 0.004 0.200 0.188 0.035 0.005 0.007 0.015 0.004 
 76      090    (0)   11 :  0.005 0.015 0.014 0.057 0.165 0.003 0.305 0.296 0.106 0.007 0.008 0.008 0.013 
 77      102    (0)   11 :  0.003 0.017 0.288 0.019 0.114 0.005 0.216 0.212 0.050 0.027 0.031 0.002 0.017 
 78      111    (0)   11 :  0.004 0.006 0.008 0.011 0.358 0.069 0.196 0.185 0.099 0.006 0.023 0.002 0.034 
 79      113    (0)   11 :  0.005 0.011 0.022 0.071 0.416 0.004 0.156 0.148 0.062 0.006 0.031 0.006 0.062 
 80      138    (0)   11 :  0.075 0.004 0.014 0.017 0.056 0.002 0.095 0.098 0.573 0.009 0.004 0.045 0.008 
 81      150    (0)   11 :  0.005 0.018 0.476 0.107 0.023 0.002 0.058 0.063 0.169 0.023 0.013 0.017 0.027 
 82      173    (2)   11 :  0.015 0.031 0.015 0.190 0.103 0.007 0.246 0.284 0.038 0.005 0.006 0.022 0.039 
 83      174    (2)   11 :  0.004 0.005 0.003 0.014 0.494 0.004 0.120 0.081 0.207 0.007 0.023 0.024 0.014 
 84      175    (0)   11 :  0.003 0.008 0.008 0.021 0.391 0.002 0.259 0.247 0.034 0.002 0.010 0.008 0.007 
 85      176    (0)   11 :  0.010 0.005 0.006 0.007 0.538 0.007 0.195 0.162 0.018 0.016 0.019 0.005 0.011 
 86      177    (0)   11 :  0.002 0.004 0.008 0.278 0.283 0.002 0.165 0.155 0.051 0.003 0.008 0.003 0.036 
 87      180    (0)   11 :  0.007 0.004 0.006 0.134 0.213 0.005 0.192 0.191 0.092 0.023 0.122 0.004 0.007 
 88      184    (0)   11 :  0.005 0.065 0.022 0.013 0.046 0.005 0.075 0.104 0.619 0.006 0.004 0.015 0.021 
 89      195    (0)   11 :  0.013 0.006 0.012 0.013 0.285 0.034 0.270 0.319 0.022 0.005 0.004 0.006 0.010 
 90      198    (0)   11 :  0.007 0.004 0.009 0.016 0.158 0.032 0.200 0.211 0.327 0.011 0.015 0.003 0.008 
 91      203    (0)   11 :  0.005 0.026 0.010 0.011 0.254 0.003 0.306 0.327 0.014 0.007 0.009 0.009 0.019 
 92      211    (0)   11 :  0.080 0.005 0.014 0.008 0.374 0.003 0.207 0.210 0.033 0.029 0.005 0.003 0.030 
 93      220    (0)   11 :  0.009 0.021 0.056 0.091 0.087 0.008 0.246 0.264 0.092 0.005 0.010 0.002 0.110 
 94      233    (0)   11 :  0.037 0.012 0.120 0.020 0.106 0.002 0.318 0.335 0.017 0.010 0.004 0.005 0.014 
 95      331    (0)   11 :  0.005 0.011 0.007 0.033 0.250 0.008 0.314 0.313 0.026 0.005 0.006 0.007 0.014 
 96      349    (0)   11 :  0.006 0.341 0.013 0.051 0.124 0.005 0.184 0.222 0.023 0.006 0.010 0.009 0.005 
 97      410    (0)   11 :  0.027 0.005 0.004 0.016 0.114 0.003 0.226 0.283 0.294 0.008 0.010 0.003 0.008 
 98      417    (2)   11 :  0.005 0.007 0.013 0.007 0.268 0.007 0.241 0.212 0.196 0.031 0.008 0.002 0.004 
 99      421    (0)   12 :  0.006 0.007 0.823 0.005 0.010 0.073 0.011 0.010 0.009 0.010 0.004 0.002 0.029 
100      423    (0)   12 :  0.002 0.036 0.005 0.012 0.241 0.003 0.273 0.352 0.047 0.006 0.010 0.009 0.005 
101      424    (0)   12 :  0.003 0.007 0.006 0.360 0.067 0.005 0.127 0.125 0.230 0.014 0.035 0.002 0.020 
102      433    (0)   12 :  0.016 0.007 0.390 0.007 0.086 0.003 0.105 0.088 0.261 0.004 0.005 0.002 0.026 
103      462    (0)   12 :  0.022 0.022 0.157 0.100 0.236 0.007 0.161 0.160 0.098 0.007 0.009 0.002 0.019 
104      463    (0)   12 :  0.003 0.120 0.006 0.006 0.290 0.019 0.195 0.219 0.116 0.010 0.006 0.003 0.007 
105      467    (0)   12 :  0.013 0.026 0.690 0.015 0.014 0.004 0.021 0.019 0.010 0.024 0.005 0.007 0.150 
106      468    (0)   12 :  0.002 0.818 0.080 0.009 0.007 0.025 0.008 0.008 0.007 0.016 0.008 0.003 0.010 
107      469    (0)   12 :  0.002 0.005 0.366 0.007 0.075 0.032 0.133 0.152 0.107 0.050 0.012 0.002 0.057 
108      472    (0)   12 :  0.008 0.008 0.034 0.009 0.260 0.015 0.296 0.306 0.047 0.007 0.003 0.004 0.006 
109      473    (0)   12 :  0.008 0.800 0.007 0.008 0.027 0.006 0.044 0.040 0.034 0.003 0.004 0.003 0.016 
110      474    (0)   12 :  0.021 0.698 0.144 0.010 0.006 0.002 0.009 0.010 0.040 0.019 0.004 0.002 0.033 
111      475    (0)   12 :  0.003 0.024 0.488 0.009 0.190 0.003 0.105 0.093 0.041 0.004 0.006 0.004 0.030 
112      476    (2)   12 :  0.017 0.717 0.037 0.007 0.015 0.003 0.018 0.018 0.007 0.005 0.007 0.019 0.130 
113      477    (0)   12 :  0.016 0.016 0.032 0.007 0.199 0.004 0.352 0.324 0.025 0.008 0.006 0.005 0.007 
114      478    (0)   12 :  0.002 0.004 0.018 0.018 0.133 0.003 0.246 0.233 0.009 0.011 0.044 0.002 0.276 
115      479    (0)   12 :  0.003 0.007 0.528 0.014 0.012 0.011 0.017 0.019 0.355 0.018 0.007 0.004 0.005 
116      480    (0)   12 :  0.002 0.012 0.931 0.005 0.006 0.001 0.006 0.006 0.006 0.003 0.005 0.002 0.015 
117      481    (0)   12 :  0.003 0.017 0.073 0.014 0.132 0.004 0.213 0.219 0.249 0.006 0.010 0.047 0.012 
118      482    (0)   12 :  0.049 0.005 0.014 0.018 0.216 0.079 0.175 0.161 0.081 0.004 0.005 0.002 0.191 
119      489    (0)   12 :  0.015 0.017 0.032 0.008 0.291 0.006 0.276 0.274 0.051 0.004 0.006 0.005 0.015 
120      490    (0)   12 :  0.003 0.004 0.005 0.013 0.029 0.006 0.023 0.021 0.842 0.017 0.010 0.003 0.024 
121      491    (0)   12 :  0.120 0.016 0.019 0.085 0.080 0.009 0.238 0.268 0.129 0.005 0.004 0.009 0.017 
122      492    (0)   12 :  0.011 0.636 0.041 0.011 0.044 0.004 0.045 0.042 0.022 0.014 0.029 0.006 0.095 
123      493    (0)   12 :  0.007 0.028 0.598 0.024 0.100 0.005 0.095 0.093 0.015 0.012 0.005 0.011 0.008 
124      494    (0)   12 :  0.038 0.011 0.302 0.018 0.093 0.010 0.122 0.115 0.250 0.004 0.004 0.025 0.008 
125      498    (0)   12 :  0.004 0.083 0.015 0.007 0.162 0.003 0.207 0.245 0.220 0.024 0.013 0.008 0.009 
126      499    (0)   12 :  0.007 0.009 0.006 0.059 0.267 0.003 0.254 0.255 0.036 0.011 0.006 0.004 0.084 
127      709    (0)   12 :  0.011 0.008 0.007 0.011 0.110 0.017 0.195 0.234 0.281 0.008 0.009 0.082 0.026 
128      710    (4)   12 :  0.003 0.009 0.266 0.003 0.200 0.010 0.191 0.240 0.051 0.006 0.004 0.009 0.007 
129      711    (2)   12 :  0.004 0.006 0.014 0.111 0.219 0.024 0.245 0.231 0.054 0.018 0.060 0.006 0.008 
130      712    (4)   12 :  0.003 0.004 0.008 0.009 0.012 0.004 0.009 0.008 0.921 0.007 0.007 0.002 0.006 
131      713    (0)   12 :  0.008 0.018 0.003 0.008 0.215 0.020 0.323 0.367 0.016 0.004 0.005 0.004 0.009 
132      714    (2)   12 :  0.002 0.081 0.784 0.016 0.019 0.005 0.018 0.018 0.008 0.009 0.008 0.015 0.017 
133      715    (4)   12 :  0.038 0.004 0.629 0.029 0.023 0.016 0.024 0.023 0.031 0.041 0.015 0.013 0.115 
134      716    (0)   12 :  0.004 0.011 0.843 0.006 0.018 0.006 0.019 0.017 0.025 0.003 0.004 0.003 0.041 
135      717    (2)   12 :  0.009 0.011 0.020 0.014 0.082 0.010 0.067 0.075 0.016 0.008 0.073 0.004 0.611 
136      718    (4)   12 :  0.002 0.006 0.036 0.017 0.023 0.010 0.022 0.036 0.820 0.011 0.008 0.002 0.005 
137      719    (0)   12 :  0.002 0.003 0.962 0.003 0.004 0.004 0.004 0.004 0.004 0.004 0.002 0.002 0.005 
138      720    (2)   12 :  0.020 0.016 0.770 0.011 0.029 0.009 0.034 0.033 0.009 0.007 0.006 0.002 0.054 
139      721    (0)   12 :  0.007 0.185 0.147 0.026 0.136 0.015 0.168 0.166 0.051 0.005 0.006 0.029 0.057 
140      722    (4)   12 :  0.002 0.037 0.868 0.005 0.004 0.016 0.006 0.005 0.007 0.008 0.005 0.002 0.033 
141      723    (0)   12 :  0.006 0.004 0.893 0.003 0.013 0.002 0.019 0.018 0.009 0.004 0.007 0.008 0.017 
142      724    (0)   12 :  0.009 0.027 0.765 0.007 0.014 0.064 0.020 0.020 0.010 0.016 0.012 0.005 0.029 
143      725    (0)   12 :  0.010 0.012 0.020 0.013 0.385 0.009 0.254 0.240 0.020 0.005 0.008 0.004 0.020 
144      726    (0)   12 :  0.005 0.158 0.057 0.009 0.109 0.010 0.291 0.276 0.040 0.004 0.003 0.006 0.031 
145      727    (0)   12 :  0.013 0.026 0.036 0.013 0.333 0.007 0.187 0.166 0.158 0.005 0.003 0.008 0.043 
146      728    (2)   12 :  0.006 0.004 0.010 0.010 0.324 0.010 0.243 0.243 0.013 0.008 0.013 0.101 0.015 
147      729    (6)   12 :  0.004 0.004 0.016 0.015 0.106 0.004 0.328 0.352 0.098 0.005 0.005 0.005 0.057 
148      730    (2)   12 :  0.005 0.003 0.018 0.012 0.069 0.012 0.048 0.046 0.737 0.010 0.009 0.007 0.024 
149      731    (2)   12 :  0.002 0.006 0.006 0.005 0.021 0.004 0.026 0.037 0.875 0.007 0.005 0.002 0.004 
150      732    (0)   12 :  0.006 0.017 0.057 0.010 0.429 0.006 0.220 0.189 0.023 0.010 0.010 0.002 0.021 
151      733    (0)   12 :  0.003 0.004 0.070 0.015 0.219 0.039 0.254 0.218 0.127 0.011 0.010 0.004 0.025 
152      734    (2)   12 :  0.105 0.005 0.007 0.068 0.188 0.001 0.176 0.164 0.103 0.009 0.006 0.010 0.157 
153      735    (4)   12 :  0.007 0.032 0.042 0.036 0.116 0.008 0.300 0.314 0.115 0.005 0.009 0.003 0.012 
154      736    (2)   12 :  0.022 0.005 0.007 0.017 0.241 0.003 0.132 0.120 0.417 0.004 0.004 0.018 0.009 
155      737    (0)   12 :  0.003 0.017 0.003 0.016 0.038 0.004 0.044 0.046 0.768 0.012 0.029 0.012 0.006 
156      738    (2)   12 :  0.005 0.005 0.009 0.081 0.147 0.003 0.101 0.118 0.507 0.009 0.005 0.003 0.006 
157      739    (8)   12 :  0.006 0.009 0.029 0.013 0.053 0.004 0.059 0.058 0.725 0.009 0.006 0.014 0.016 
158      740    (4)   12 :  0.003 0.003 0.142 0.004 0.040 0.015 0.050 0.072 0.650 0.005 0.005 0.002 0.009 
159      741    (2)   12 :  0.024 0.022 0.025 0.011 0.120 0.025 0.158 0.162 0.195 0.067 0.092 0.002 0.098 
160      742    (4)   12 :  0.005 0.005 0.015 0.086 0.156 0.002 0.138 0.117 0.428 0.011 0.021 0.006 0.009 
161      743    (2)   12 :  0.010 0.004 0.030 0.006 0.007 0.003 0.008 0.007 0.007 0.005 0.004 0.002 0.908 
162      744    (0)   12 :  0.005 0.006 0.127 0.007 0.298 0.003 0.221 0.219 0.048 0.004 0.005 0.035 0.023 
163      745    (0)   12 :  0.005 0.009 0.413 0.008 0.078 0.016 0.153 0.153 0.023 0.055 0.028 0.017 0.042 
164      746    (2)   12 :  0.005 0.006 0.011 0.011 0.083 0.010 0.207 0.209 0.408 0.004 0.038 0.004 0.003 
165      747    (2)   12 :  0.021 0.011 0.018 0.063 0.110 0.006 0.093 0.086 0.540 0.033 0.008 0.006 0.005 
166      748    (0)   12 :  0.016 0.368 0.009 0.065 0.046 0.019 0.128 0.137 0.054 0.114 0.031 0.007 0.006 
167      749    (2)   12 :  0.022 0.003 0.006 0.083 0.179 0.035 0.275 0.303 0.041 0.007 0.007 0.013 0.026 
168      750    (4)   12 :  0.005 0.005 0.007 0.011 0.174 0.006 0.299 0.301 0.132 0.008 0.021 0.005 0.025 
169      751    (0)   12 :  0.007 0.009 0.012 0.061 0.124 0.009 0.318 0.348 0.061 0.011 0.007 0.016 0.017 
170      752    (2)   12 :  0.003 0.819 0.114 0.005 0.005 0.003 0.006 0.007 0.013 0.012 0.005 0.002 0.007 
171      753    (4)   12 :  0.036 0.063 0.039 0.048 0.238 0.017 0.234 0.240 0.023 0.029 0.007 0.011 0.015 
172      754    (2)   12 :  0.003 0.003 0.003 0.004 0.006 0.002 0.007 0.005 0.949 0.003 0.004 0.003 0.008 
173      155    (0)   13 :  0.038 0.012 0.012 0.008 0.202 0.006 0.318 0.342 0.018 0.022 0.007 0.004 0.011 
174      156    (2)   13 :  0.005 0.003 0.007 0.007 0.529 0.006 0.157 0.120 0.016 0.013 0.007 0.103 0.028 
175      157    (2)   13 :  0.009 0.014 0.006 0.007 0.020 0.004 0.017 0.018 0.874 0.004 0.005 0.002 0.020 
176      158    (0)   13 :  0.007 0.004 0.035 0.031 0.342 0.006 0.256 0.264 0.030 0.007 0.010 0.004 0.006 
177      159    (0)   13 :  0.003 0.012 0.023 0.011 0.113 0.110 0.246 0.268 0.176 0.013 0.008 0.011 0.006 
178      160    (0)   13 :  0.008 0.041 0.136 0.045 0.029 0.004 0.074 0.069 0.523 0.017 0.003 0.003 0.049 
179      161    (0)   13 :  0.010 0.014 0.021 0.010 0.073 0.011 0.124 0.132 0.576 0.005 0.003 0.003 0.018 
180      162    (0)   13 :  0.006 0.029 0.031 0.018 0.133 0.003 0.102 0.118 0.007 0.009 0.007 0.005 0.531 
181      163    (2)   13 :  0.003 0.007 0.005 0.055 0.494 0.002 0.168 0.143 0.090 0.003 0.007 0.009 0.012 
182      164    (0)   13 :  0.020 0.055 0.018 0.015 0.146 0.005 0.289 0.299 0.077 0.051 0.011 0.003 0.011 
183      165    (2)   13 :  0.005 0.006 0.005 0.003 0.664 0.004 0.141 0.090 0.060 0.006 0.006 0.004 0.007 
184      427    (0)   13 :  0.106 0.004 0.780 0.014 0.010 0.019 0.013 0.014 0.008 0.006 0.003 0.008 0.017 
185      428    (0)   13 :  0.004 0.008 0.914 0.020 0.006 0.013 0.006 0.006 0.004 0.006 0.005 0.003 0.006 
186      429    (0)   13 :  0.003 0.007 0.363 0.006 0.008 0.007 0.014 0.015 0.005 0.005 0.008 0.004 0.556 
187      430    (0)   13 :  0.004 0.128 0.030 0.081 0.119 0.005 0.249 0.237 0.058 0.023 0.039 0.002 0.025 
188      431    (0)   13 :  0.004 0.007 0.590 0.012 0.020 0.008 0.025 0.025 0.019 0.042 0.024 0.002 0.220 
189      435    (0)   13 :  0.002 0.011 0.636 0.004 0.004 0.003 0.006 0.006 0.007 0.003 0.004 0.002 0.313 
190      436    (0)   13 :  0.004 0.015 0.888 0.004 0.006 0.007 0.007 0.007 0.006 0.010 0.004 0.002 0.038 
191      437    (0)   13 :  0.005 0.025 0.791 0.006 0.012 0.023 0.022 0.021 0.014 0.058 0.008 0.002 0.013 
192      438    (0)   13 :  0.002 0.022 0.824 0.015 0.013 0.012 0.018 0.020 0.013 0.028 0.019 0.006 0.008 
193      439    (0)   13 :  0.004 0.061 0.297 0.017 0.088 0.004 0.127 0.125 0.171 0.011 0.037 0.006 0.054 
194      441    (0)   13 :  0.002 0.962 0.007 0.004 0.003 0.001 0.003 0.003 0.002 0.004 0.006 0.001 0.003 
195      442    (0)   13 :  0.211 0.011 0.591 0.014 0.014 0.003 0.022 0.024 0.006 0.012 0.004 0.006 0.083 
196      443    (4)   13 :  0.002 0.007 0.940 0.008 0.004 0.003 0.005 0.005 0.008 0.008 0.004 0.002 0.004 
197      444    (4)   13 :  0.011 0.003 0.909 0.008 0.008 0.009 0.008 0.008 0.005 0.006 0.003 0.004 0.017 
198      445    (2)   13 :  0.003 0.007 0.749 0.004 0.044 0.008 0.065 0.057 0.008 0.034 0.007 0.009 0.005 
199      446    (0)   13 :  0.005 0.003 0.008 0.006 0.004 0.002 0.004 0.004 0.005 0.003 0.003 0.003 0.950 
200      447    (0)   13 :  0.006 0.005 0.392 0.009 0.013 0.009 0.017 0.018 0.016 0.025 0.004 0.004 0.483 
201      449    (0)   13 :  0.004 0.003 0.958 0.003 0.003 0.002 0.003 0.003 0.003 0.005 0.005 0.002 0.006 
202      460    (0)   13 :  0.007 0.093 0.606 0.008 0.038 0.007 0.038 0.036 0.011 0.020 0.009 0.003 0.125 
203      461    (0)   13 :  0.008 0.009 0.343 0.057 0.057 0.007 0.120 0.131 0.200 0.022 0.017 0.002 0.028 
204      484    (0)   13 :  0.014 0.010 0.033 0.199 0.076 0.003 0.100 0.108 0.067 0.130 0.211 0.008 0.040 
205      485    (0)   13 :  0.004 0.007 0.939 0.003 0.007 0.002 0.007 0.007 0.009 0.004 0.004 0.002 0.008 
206      486    (0)   13 :  0.002 0.978 0.002 0.002 0.002 0.002 0.002 0.002 0.002 0.002 0.003 0.001 0.002 
207      487    (0)   13 :  0.011 0.024 0.497 0.014 0.068 0.006 0.081 0.079 0.031 0.006 0.007 0.003 0.171 
208      178    (0)   14 :  0.006 0.050 0.524 0.013 0.067 0.004 0.111 0.092 0.072 0.004 0.003 0.009 0.045 
209      422    (0)   14 :  0.004 0.005 0.669 0.006 0.009 0.003 0.009 0.010 0.027 0.016 0.007 0.003 0.231 
210      425    (0)   14 :  0.002 0.009 0.021 0.005 0.008 0.006 0.011 0.011 0.009 0.004 0.002 0.001 0.910 
211      426    (0)   14 :  0.023 0.006 0.016 0.217 0.074 0.003 0.122 0.137 0.072 0.004 0.005 0.133 0.188 
212      432    (0)   14 :  0.009 0.009 0.313 0.042 0.098 0.009 0.219 0.233 0.019 0.011 0.009 0.008 0.019 
213      434    (0)   14 :  0.003 0.003 0.005 0.004 0.003 0.004 0.003 0.003 0.003 0.004 0.004 0.002 0.960 
214      440    (0)   14 :  0.016 0.033 0.085 0.037 0.097 0.002 0.084 0.072 0.010 0.005 0.008 0.003 0.548 
215      448    (2)   14 :  0.017 0.005 0.859 0.009 0.005 0.029 0.008 0.008 0.009 0.010 0.020 0.002 0.019 
216      456    (0)   14 :  0.010 0.006 0.146 0.021 0.175 0.004 0.188 0.201 0.012 0.071 0.079 0.003 0.083 
217      457    (0)   14 :  0.006 0.045 0.575 0.022 0.040 0.008 0.096 0.098 0.019 0.017 0.028 0.006 0.040 
218      458    (0)   14 :  0.019 0.023 0.064 0.051 0.074 0.005 0.199 0.228 0.244 0.015 0.005 0.006 0.068 
219      459    (0)   14 :  0.005 0.006 0.896 0.013 0.012 0.002 0.013 0.013 0.014 0.009 0.005 0.003 0.010 
220      464    (0)   14 :  0.009 0.014 0.654 0.005 0.014 0.003 0.014 0.014 0.008 0.004 0.004 0.005 0.252 
221      465    (0)   14 :  0.002 0.029 0.043 0.004 0.009 0.002 0.011 0.013 0.027 0.006 0.007 0.001 0.845 
222      466    (0)   14 :  0.004 0.009 0.854 0.008 0.014 0.015 0.019 0.019 0.017 0.017 0.007 0.002 0.015 
223      470    (0)   14 :  0.005 0.061 0.869 0.010 0.006 0.003 0.006 0.007 0.009 0.003 0.006 0.002 0.014 
224      471    (0)   14 :  0.004 0.008 0.211 0.048 0.035 0.018 0.039 0.039 0.011 0.007 0.025 0.037 0.517 
225      483    (0)   14 :  0.007 0.006 0.021 0.010 0.009 0.002 0.011 0.008 0.018 0.005 0.004 0.003 0.896 
226      488    (0)   14 :  0.006 0.183 0.373 0.018 0.024 0.003 0.049 0.064 0.227 0.023 0.005 0.003 0.022 
227      495    (0)   14 :  0.002 0.003 0.014 0.005 0.005 0.002 0.006 0.006 0.011 0.010 0.012 0.001 0.923 
228      496    (0)   14 :  0.002 0.091 0.308 0.008 0.025 0.006 0.024 0.026 0.102 0.003 0.005 0.003 0.395 
229      497    (0)   14 :  0.028 0.003 0.011 0.002 0.005 0.003 0.007 0.007 0.004 0.005 0.018 0.002 0.904 
230      500    (0)   14 :  0.003 0.040 0.127 0.009 0.117 0.015 0.084 0.077 0.097 0.367 0.051 0.004 0.009 
231      879    (0)   14 :  0.008 0.007 0.024 0.011 0.006 0.002 0.007 0.007 0.012 0.004 0.003 0.002 0.908 
232      036    (0)   15 :  0.002 0.005 0.022 0.005 0.158 0.011 0.356 0.384 0.032 0.006 0.004 0.004 0.009 
233      063    (2)   15 :  0.015 0.015 0.031 0.044 0.388 0.003 0.185 0.177 0.082 0.013 0.031 0.004 0.012 
234      094    (4)   15 :  0.008 0.011 0.039 0.016 0.058 0.011 0.137 0.149 0.488 0.057 0.011 0.005 0.009 
235      103    (4)   15 :  0.005 0.009 0.006 0.003 0.663 0.004 0.127 0.084 0.062 0.005 0.022 0.003 0.007 
236      112    (0)   15 :  0.006 0.010 0.006 0.048 0.166 0.003 0.196 0.197 0.343 0.007 0.007 0.004 0.008 
237      114    (2)   15 :  0.004 0.016 0.021 0.005 0.226 0.008 0.229 0.278 0.170 0.005 0.004 0.003 0.031 
238      120    (0)   15 :  0.004 0.011 0.011 0.017 0.028 0.013 0.034 0.037 0.816 0.014 0.007 0.003 0.006 
239      127    (2)   15 :  0.006 0.134 0.007 0.069 0.092 0.005 0.251 0.330 0.080 0.008 0.005 0.003 0.008 
240      147    (0)   15 :  0.007 0.008 0.012 0.240 0.158 0.005 0.208 0.238 0.041 0.003 0.005 0.059 0.018 
241      166    (0)   15 :  0.020 0.007 0.041 0.089 0.279 0.003 0.207 0.207 0.087 0.004 0.009 0.034 0.013 
242      167    (0)   15 :  0.005 0.038 0.015 0.008 0.128 0.017 0.089 0.095 0.028 0.007 0.049 0.005 0.517 
243      168    (0)   15 :  0.005 0.004 0.012 0.004 0.199 0.016 0.321 0.388 0.024 0.004 0.004 0.003 0.015 
244      169    (2)   15 :  0.004 0.008 0.056 0.046 0.143 0.007 0.114 0.134 0.072 0.009 0.006 0.007 0.393 
245      170    (0)   15 :  0.035 0.022 0.008 0.015 0.333 0.004 0.232 0.223 0.094 0.013 0.006 0.005 0.009 
246      171    (2)   15 :  0.004 0.004 0.006 0.022 0.636 0.003 0.128 0.090 0.019 0.062 0.010 0.010 0.006 
247      172    (0)   15 :  0.004 0.003 0.009 0.017 0.025 0.013 0.038 0.033 0.802 0.015 0.014 0.013 0.013 
248      185    (0)   15 :  0.005 0.012 0.058 0.030 0.420 0.002 0.196 0.183 0.016 0.005 0.009 0.005 0.060 
249      199    (2)   15 :  0.222 0.023 0.006 0.007 0.239 0.007 0.227 0.233 0.014 0.006 0.003 0.005 0.006 
250      339    (0)   15 :  0.010 0.020 0.023 0.013 0.087 0.003 0.059 0.079 0.012 0.007 0.018 0.007 0.663 
251      355    (0)   15 :  0.082 0.004 0.004 0.008 0.330 0.002 0.268 0.267 0.008 0.003 0.005 0.015 0.004 
252      356    (0)   15 :  0.005 0.049 0.005 0.006 0.026 0.007 0.044 0.048 0.790 0.003 0.003 0.004 0.009 
253      357    (0)   15 :  0.017 0.030 0.010 0.020 0.168 0.010 0.247 0.278 0.190 0.007 0.004 0.012 0.008 
254      358    (0)   15 :  0.004 0.014 0.010 0.010 0.124 0.002 0.365 0.396 0.008 0.008 0.041 0.006 0.011 
255      359    (0)   15 :  0.010 0.004 0.005 0.019 0.185 0.002 0.221 0.225 0.287 0.004 0.020 0.002 0.015 
256      360    (0)   15 :  0.005 0.007 0.025 0.021 0.335 0.006 0.259 0.272 0.028 0.014 0.003 0.010 0.016 
257      361    (0)   15 :  0.003 0.006 0.030 0.012 0.022 0.004 0.028 0.027 0.812 0.005 0.006 0.002 0.043 
258      362    (0)   15 :  0.006 0.005 0.031 0.078 0.096 0.002 0.173 0.186 0.062 0.243 0.012 0.005 0.101 
259      363    (0)   15 :  0.050 0.014 0.015 0.436 0.079 0.005 0.151 0.169 0.038 0.006 0.011 0.013 0.013 
260      364    (0)   15 :  0.055 0.064 0.018 0.015 0.135 0.004 0.182 0.196 0.099 0.215 0.010 0.004 0.004 
261      365    (0)   15 :  0.003 0.014 0.095 0.005 0.193 0.002 0.306 0.318 0.027 0.009 0.006 0.013 0.008 
262      366    (0)   15 :  0.003 0.004 0.005 0.015 0.104 0.001 0.326 0.372 0.122 0.004 0.013 0.027 0.004 
263      367    (0)   15 :  0.003 0.023 0.008 0.005 0.251 0.005 0.324 0.321 0.017 0.011 0.017 0.009 0.004 
264      368    (0)   15 :  0.004 0.068 0.004 0.006 0.458 0.008 0.191 0.193 0.009 0.021 0.016 0.018 0.004 
265      369    (0)   15 :  0.005 0.003 0.005 0.008 0.642 0.002 0.164 0.143 0.011 0.003 0.005 0.004 0.005 
266      370    (0)   15 :  0.007 0.005 0.012 0.014 0.114 0.010 0.133 0.130 0.521 0.005 0.026 0.013 0.010 
267      371    (0)   15 :  0.006 0.003 0.011 0.005 0.246 0.006 0.335 0.341 0.010 0.016 0.010 0.003 0.008 
268      372    (0)   15 :  0.329 0.003 0.528 0.047 0.017 0.003 0.014 0.014 0.014 0.011 0.003 0.004 0.011 
269      373    (0)   15 :  0.043 0.003 0.021 0.005 0.337 0.003 0.231 0.217 0.114 0.005 0.008 0.003 0.009 
270      380    (0)   15 :  0.011 0.004 0.011 0.040 0.153 0.041 0.288 0.301 0.116 0.015 0.009 0.006 0.006 
271      388    (0)   15 :  0.020 0.004 0.007 0.024 0.092 0.005 0.171 0.180 0.464 0.009 0.011 0.008 0.006 
272      418    (0)   15 :  0.040 0.012 0.016 0.018 0.113 0.031 0.322 0.344 0.072 0.016 0.004 0.007 0.005 
273      419    (0)   15 :  0.003 0.010 0.042 0.007 0.157 0.012 0.342 0.341 0.059 0.006 0.006 0.007 0.008 
274      420    (0)   15 :  0.063 0.016 0.132 0.015 0.116 0.003 0.213 0.234 0.084 0.041 0.013 0.050 0.019 
275      409    (0)   16 :  0.004 0.008 0.038 0.012 0.490 0.119 0.146 0.098 0.062 0.007 0.006 0.002 0.006 
276      414    (0)   16 :  0.007 0.007 0.006 0.013 0.566 0.018 0.194 0.142 0.009 0.017 0.007 0.003 0.012 
277      415    (2)   16 :  0.013 0.042 0.005 0.011 0.442 0.004 0.225 0.198 0.033 0.006 0.009 0.004 0.008 
278      416    (0)   16 :  0.011 0.005 0.050 0.012 0.179 0.081 0.292 0.274 0.018 0.027 0.028 0.003 0.019 
279      571    (0)    2 :  0.004 0.026 0.017 0.024 0.006 0.004 0.007 0.007 0.006 0.870 0.016 0.004 0.011 
280      572    (0)    2 :  0.004 0.011 0.003 0.041 0.019 0.009 0.016 0.015 0.008 0.815 0.048 0.006 0.005 
281      573    (2)    2 :  0.003 0.007 0.004 0.003 0.006 0.004 0.008 0.008 0.005 0.940 0.007 0.001 0.005 
282      574    (0)    2 :  0.002 0.006 0.005 0.005 0.012 0.016 0.011 0.010 0.006 0.905 0.010 0.003 0.008 
283      575    (2)    2 :  0.008 0.005 0.008 0.066 0.015 0.006 0.015 0.015 0.007 0.825 0.015 0.008 0.006 
284      576    (0)    2 :  0.002 0.002 0.003 0.003 0.003 0.003 0.003 0.003 0.002 0.965 0.006 0.001 0.003 
285      577    (0)    2 :  0.007 0.008 0.005 0.006 0.007 0.009 0.007 0.007 0.004 0.910 0.016 0.002 0.012 
286      578    (0)    2 :  0.007 0.004 0.005 0.004 0.004 0.047 0.003 0.003 0.002 0.908 0.005 0.002 0.006 
287      579    (0)    2 :  0.004 0.002 0.008 0.004 0.004 0.008 0.004 0.003 0.003 0.947 0.003 0.002 0.009 
288      580    (0)    2 :  0.002 0.003 0.003 0.003 0.003 0.003 0.003 0.003 0.003 0.965 0.004 0.002 0.004 
289      581    (0)    2 :  0.002 0.002 0.005 0.003 0.003 0.015 0.003 0.003 0.002 0.946 0.007 0.003 0.005 
290      582    (4)    2 :  0.018 0.003 0.010 0.007 0.019 0.003 0.018 0.020 0.013 0.774 0.013 0.050 0.053 
291      583    (0)    2 :  0.016 0.028 0.011 0.037 0.060 0.004 0.116 0.131 0.028 0.499 0.009 0.010 0.052 
292      584    (0)    2 :  0.007 0.005 0.022 0.007 0.009 0.014 0.008 0.008 0.007 0.872 0.008 0.003 0.029 
293      585    (0)    2 :  0.002 0.008 0.006 0.006 0.004 0.002 0.004 0.004 0.003 0.937 0.012 0.002 0.010 
294      586    (2)    2 :  0.010 0.004 0.006 0.006 0.004 0.004 0.004 0.004 0.003 0.938 0.007 0.003 0.008 
295      587    (0)    2 :  0.002 0.003 0.003 0.003 0.003 0.009 0.003 0.003 0.003 0.960 0.004 0.002 0.003 
296      588    (0)    2 :  0.012 0.017 0.012 0.013 0.029 0.005 0.020 0.021 0.009 0.837 0.009 0.011 0.006 
297      589    (0)    2 :  0.021 0.006 0.019 0.057 0.036 0.021 0.035 0.033 0.011 0.713 0.012 0.005 0.031 
298      590    (0)    2 :  0.010 0.069 0.006 0.003 0.006 0.037 0.006 0.006 0.005 0.793 0.042 0.009 0.006 
299      527    (2)    3 :  0.010 0.021 0.007 0.006 0.009 0.002 0.008 0.007 0.004 0.888 0.026 0.005 0.008 
300      528    (4)    3 :  0.008 0.004 0.006 0.369 0.021 0.019 0.025 0.028 0.023 0.390 0.099 0.003 0.005 
301      529    (4)    3 :  0.004 0.007 0.019 0.112 0.012 0.016 0.021 0.021 0.012 0.739 0.013 0.009 0.016 
302      530    (0)    3 :  0.005 0.005 0.003 0.011 0.009 0.004 0.007 0.007 0.011 0.917 0.014 0.004 0.003 
303      531    (2)    3 :  0.004 0.004 0.006 0.023 0.006 0.011 0.008 0.008 0.009 0.874 0.037 0.006 0.003 
304      532    (4)    3 :  0.002 0.022 0.004 0.100 0.013 0.003 0.015 0.016 0.019 0.768 0.029 0.002 0.005 
305      533    (0)    3 :  0.003 0.004 0.014 0.018 0.092 0.024 0.067 0.060 0.047 0.575 0.066 0.003 0.028 
306      534    (2)    3 :  0.006 0.004 0.005 0.006 0.007 0.013 0.008 0.008 0.005 0.778 0.153 0.002 0.004 
307      535    (2)    3 :  0.002 0.008 0.009 0.028 0.012 0.004 0.013 0.013 0.011 0.878 0.011 0.005 0.005 
308      536    (2)    3 :  0.002 0.003 0.005 0.003 0.006 0.029 0.006 0.007 0.007 0.887 0.028 0.012 0.005 
309      537    (2)    3 :  0.014 0.003 0.008 0.007 0.007 0.008 0.007 0.006 0.005 0.916 0.011 0.002 0.007 
310      538    (2)    3 :  0.004 0.007 0.013 0.006 0.055 0.003 0.041 0.036 0.050 0.692 0.054 0.002 0.038 
311      539    (2)    3 :  0.002 0.007 0.004 0.006 0.004 0.004 0.005 0.005 0.004 0.741 0.214 0.002 0.003 
312      540    (2)    3 :  0.002 0.006 0.018 0.007 0.014 0.012 0.013 0.013 0.019 0.828 0.058 0.001 0.009 
313      541    (2)    3 :  0.003 0.005 0.024 0.047 0.008 0.008 0.010 0.010 0.015 0.721 0.125 0.002 0.022 
314      542    (2)    3 :  0.010 0.007 0.040 0.016 0.019 0.011 0.024 0.021 0.021 0.710 0.094 0.005 0.022 
315      543    (0)    3 :  0.015 0.005 0.037 0.011 0.037 0.023 0.107 0.110 0.021 0.560 0.059 0.002 0.014 
316      544    (2)    3 :  0.002 0.002 0.003 0.003 0.003 0.005 0.004 0.004 0.006 0.871 0.092 0.002 0.003 
317      545    (2)    3 :  0.002 0.017 0.005 0.006 0.011 0.005 0.010 0.010 0.007 0.035 0.879 0.001 0.011 
318      546    (4)    3 :  0.002 0.031 0.005 0.005 0.029 0.005 0.029 0.028 0.008 0.021 0.822 0.002 0.012 
319      547    (6)    3 :  0.032 0.035 0.008 0.010 0.038 0.009 0.045 0.044 0.028 0.690 0.013 0.017 0.030 
320      019    (0)    4 :  0.004 0.003 0.021 0.017 0.008 0.008 0.007 0.007 0.006 0.067 0.826 0.004 0.022 
321      064    (0)    4 :  0.002 0.003 0.002 0.002 0.002 0.002 0.002 0.002 0.002 0.026 0.949 0.001 0.003 
322      065    (0)    4 :  0.002 0.002 0.003 0.003 0.002 0.006 0.003 0.002 0.003 0.877 0.094 0.002 0.003 
323      066    (0)    4 :  0.003 0.010 0.015 0.005 0.009 0.006 0.012 0.011 0.010 0.259 0.645 0.002 0.014 
324      067    (0)    4 :  0.010 0.006 0.009 0.016 0.007 0.008 0.009 0.009 0.006 0.010 0.884 0.006 0.021 
325      068    (0)    4 :  0.028 0.036 0.007 0.017 0.008 0.009 0.010 0.010 0.007 0.799 0.057 0.002 0.009 
326      069    (0)    4 :  0.004 0.020 0.006 0.007 0.006 0.010 0.005 0.005 0.006 0.108 0.819 0.001 0.004 
327      107    (0)    4 :  0.003 0.005 0.007 0.005 0.004 0.003 0.004 0.004 0.003 0.392 0.564 0.002 0.005 
328      110    (0)    4 :  0.002 0.003 0.002 0.008 0.002 0.002 0.002 0.002 0.002 0.003 0.965 0.003 0.003 
329      121    (0)    4 :  0.003 0.003 0.004 0.012 0.005 0.002 0.004 0.004 0.004 0.875 0.073 0.002 0.008 
330      137    (0)    4 :  0.002 0.005 0.006 0.004 0.008 0.005 0.008 0.008 0.005 0.007 0.911 0.011 0.019 
331      146    (0)    4 :  0.003 0.002 0.004 0.006 0.011 0.019 0.011 0.011 0.051 0.241 0.626 0.003 0.010 
332      149    (0)    4 :  0.002 0.002 0.004 0.005 0.004 0.002 0.005 0.005 0.004 0.005 0.946 0.004 0.012 
333      154    (0)    4 :  0.018 0.004 0.005 0.005 0.006 0.149 0.006 0.007 0.004 0.056 0.729 0.002 0.008 
334      179    (0)    4 :  0.004 0.009 0.005 0.004 0.004 0.004 0.004 0.004 0.004 0.321 0.630 0.002 0.004 
335      181    (0)    4 :  0.002 0.002 0.003 0.003 0.004 0.004 0.004 0.005 0.003 0.150 0.813 0.002 0.003 
336      182    (0)    4 :  0.015 0.017 0.004 0.027 0.014 0.007 0.015 0.013 0.012 0.680 0.187 0.003 0.007 
337      186    (0)    4 :  0.005 0.012 0.009 0.085 0.015 0.005 0.018 0.018 0.024 0.124 0.671 0.006 0.010 
338      193    (0)    4 :  0.004 0.004 0.010 0.006 0.008 0.008 0.008 0.007 0.007 0.421 0.510 0.002 0.006 
339      320    (0)    4 :  0.010 0.003 0.004 0.007 0.006 0.009 0.006 0.006 0.009 0.025 0.907 0.003 0.006 
340      341    (0)    4 :  0.004 0.007 0.012 0.004 0.006 0.003 0.006 0.007 0.007 0.869 0.063 0.002 0.011 
341      376    (0)    4 :  0.003 0.016 0.006 0.027 0.009 0.010 0.014 0.015 0.017 0.603 0.271 0.003 0.004 
342      395    (0)    4 :  0.004 0.005 0.038 0.012 0.006 0.049 0.007 0.007 0.006 0.153 0.703 0.006 0.006 
343      396    (0)    4 :  0.002 0.006 0.003 0.002 0.003 0.003 0.003 0.003 0.004 0.862 0.103 0.003 0.003 
344      397    (0)    4 :  0.007 0.003 0.003 0.005 0.005 0.011 0.006 0.006 0.004 0.788 0.147 0.010 0.005 
345      398    (0)    4 :  0.004 0.003 0.004 0.011 0.004 0.055 0.006 0.006 0.007 0.373 0.518 0.004 0.003 
346      399    (0)    4 :  0.003 0.007 0.003 0.013 0.005 0.002 0.005 0.005 0.007 0.934 0.008 0.002 0.005 
347      400    (0)    4 :  0.002 0.010 0.003 0.011 0.006 0.006 0.008 0.007 0.012 0.023 0.908 0.002 0.004 
348      401    (0)    4 :  0.002 0.009 0.004 0.004 0.011 0.006 0.012 0.012 0.008 0.083 0.837 0.003 0.008 
349      402    (0)    4 :  0.003 0.005 0.002 0.006 0.003 0.002 0.003 0.004 0.003 0.003 0.961 0.003 0.002 
350      403    (0)    4 :  0.004 0.009 0.010 0.021 0.008 0.004 0.010 0.010 0.026 0.379 0.487 0.012 0.019 
351      073    (0)    5 :  0.002 0.003 0.006 0.006 0.004 0.002 0.004 0.004 0.003 0.953 0.007 0.002 0.004 
352      074    (0)    5 :  0.005 0.002 0.006 0.002 0.008 0.039 0.008 0.007 0.004 0.908 0.005 0.002 0.003 
353      075    (0)    5 :  0.004 0.003 0.005 0.006 0.006 0.006 0.005 0.005 0.008 0.929 0.010 0.003 0.009 
354      076    (0)    5 :  0.006 0.005 0.005 0.013 0.006 0.005 0.007 0.007 0.006 0.910 0.017 0.005 0.009 
355      077    (0)    5 :  0.008 0.008 0.011 0.005 0.008 0.003 0.007 0.008 0.005 0.910 0.015 0.003 0.008 
356      078    (0)    5 :  0.005 0.005 0.006 0.006 0.038 0.006 0.026 0.024 0.027 0.829 0.012 0.005 0.011 
357      079    (0)    5 :  0.002 0.008 0.005 0.007 0.010 0.003 0.015 0.016 0.007 0.906 0.012 0.001 0.009 
358      080    (0)    5 :  0.018 0.006 0.003 0.012 0.006 0.003 0.005 0.006 0.004 0.922 0.006 0.002 0.007 
359      081    (0)    5 :  0.004 0.004 0.048 0.008 0.009 0.012 0.011 0.011 0.005 0.818 0.049 0.016 0.007 
360      082    (0)    5 :  0.003 0.004 0.003 0.005 0.003 0.003 0.003 0.003 0.004 0.881 0.083 0.002 0.002 
361      083    (0)    5 :  0.002 0.007 0.004 0.005 0.007 0.011 0.008 0.008 0.005 0.904 0.031 0.003 0.006 
362      084    (0)    5 :  0.002 0.003 0.008 0.003 0.005 0.094 0.005 0.005 0.004 0.833 0.020 0.005 0.013 
363      085    (0)    5 :  0.003 0.033 0.090 0.009 0.017 0.009 0.017 0.018 0.016 0.695 0.061 0.017 0.014 
364      404    (0)    5 :  0.003 0.003 0.005 0.005 0.004 0.020 0.004 0.004 0.004 0.928 0.010 0.003 0.006 
365      405    (0)    5 :  0.002 0.002 0.010 0.004 0.005 0.005 0.005 0.005 0.005 0.937 0.006 0.009 0.004 
366      406    (0)    5 :  0.003 0.006 0.004 0.006 0.009 0.008 0.008 0.008 0.007 0.926 0.005 0.008 0.003 
367      407    (0)    5 :  0.003 0.003 0.007 0.003 0.005 0.005 0.006 0.006 0.004 0.846 0.103 0.003 0.007 
368      408    (0)    5 :  0.005 0.003 0.005 0.004 0.004 0.006 0.005 0.005 0.004 0.951 0.004 0.002 0.003 
369      411    (2)    5 :  0.003 0.003 0.004 0.003 0.003 0.006 0.003 0.003 0.002 0.958 0.007 0.002 0.003 
370      412    (0)    5 :  0.007 0.012 0.021 0.012 0.008 0.004 0.009 0.010 0.007 0.889 0.009 0.005 0.005 
371      413    (0)    5 :  0.002 0.002 0.004 0.002 0.007 0.004 0.005 0.004 0.004 0.944 0.015 0.002 0.005 
372      591    (0)    6 :  0.004 0.005 0.008 0.929 0.006 0.008 0.006 0.006 0.007 0.004 0.003 0.007 0.007 
373      592    (0)    6 :  0.006 0.005 0.093 0.819 0.007 0.005 0.009 0.009 0.016 0.010 0.005 0.003 0.016 
374      593    (0)    6 :  0.002 0.005 0.006 0.927 0.008 0.004 0.007 0.006 0.006 0.010 0.006 0.006 0.007 
375      594    (0)    6 :  0.011 0.004 0.035 0.781 0.019 0.007 0.024 0.024 0.030 0.040 0.010 0.005 0.010 
376      595    (0)    6 :  0.012 0.006 0.005 0.865 0.020 0.003 0.023 0.022 0.007 0.010 0.015 0.004 0.009 
377      596    (0)    6 :  0.019 0.006 0.005 0.921 0.006 0.002 0.006 0.006 0.007 0.006 0.005 0.007 0.003 
378      597    (0)    6 :  0.006 0.004 0.013 0.852 0.009 0.003 0.015 0.017 0.009 0.031 0.029 0.002 0.009 
379      598    (0)    6 :  0.031 0.026 0.019 0.612 0.031 0.003 0.070 0.073 0.082 0.006 0.032 0.002 0.013 
380      599    (0)    6 :  0.003 0.005 0.075 0.805 0.008 0.003 0.008 0.008 0.004 0.006 0.003 0.006 0.066 
381      600    (0)    6 :  0.011 0.004 0.003 0.933 0.007 0.001 0.007 0.006 0.006 0.004 0.007 0.004 0.006 
382      601    (0)    6 :  0.002 0.007 0.025 0.830 0.014 0.002 0.018 0.019 0.009 0.021 0.029 0.002 0.021 
383      602    (0)    6 :  0.005 0.009 0.010 0.885 0.010 0.005 0.016 0.017 0.006 0.006 0.015 0.004 0.011 
384      603    (0)    6 :  0.010 0.018 0.611 0.147 0.036 0.011 0.055 0.055 0.008 0.007 0.005 0.009 0.030 
385      604    (0)    6 :  0.009 0.008 0.004 0.900 0.016 0.003 0.012 0.013 0.013 0.010 0.007 0.002 0.003 
386      605    (0)    6 :  0.028 0.005 0.007 0.749 0.019 0.003 0.026 0.030 0.099 0.008 0.007 0.005 0.013 
387      606    (0)    6 :  0.008 0.003 0.009 0.896 0.008 0.004 0.010 0.010 0.013 0.004 0.004 0.022 0.009 
388      607    (0)    6 :  0.008 0.153 0.003 0.784 0.005 0.002 0.005 0.006 0.007 0.008 0.014 0.003 0.003 
389      608    (0)    6 :  0.003 0.016 0.006 0.913 0.006 0.006 0.005 0.005 0.006 0.006 0.004 0.003 0.021 
390      609    (0)    6 :  0.003 0.008 0.004 0.929 0.008 0.004 0.008 0.009 0.009 0.004 0.005 0.004 0.005 
391      610    (0)    6 :  0.010 0.041 0.015 0.462 0.069 0.010 0.151 0.155 0.030 0.020 0.007 0.003 0.027 
392      611    (2)    6 :  0.006 0.023 0.004 0.891 0.012 0.012 0.009 0.009 0.007 0.012 0.009 0.003 0.003 
393      612    (0)    6 :  0.038 0.173 0.006 0.623 0.031 0.003 0.020 0.019 0.008 0.009 0.058 0.002 0.010 
394      755    (0)    6 :  0.046 0.243 0.021 0.482 0.029 0.025 0.047 0.050 0.023 0.018 0.009 0.002 0.004 
395      756    (0)    6 :  0.003 0.012 0.012 0.916 0.006 0.008 0.006 0.006 0.008 0.012 0.004 0.003 0.005 
396      757    (0)    6 :  0.005 0.007 0.010 0.905 0.010 0.004 0.010 0.010 0.015 0.008 0.006 0.003 0.006 
397      002    (0)    7 :  0.002 0.011 0.005 0.006 0.007 0.022 0.008 0.008 0.009 0.456 0.460 0.003 0.003 
398      099    (2)    7 :  0.102 0.004 0.005 0.005 0.177 0.003 0.282 0.286 0.084 0.002 0.004 0.013 0.032 
399      641    (2)    7 :  0.004 0.047 0.008 0.061 0.193 0.012 0.086 0.074 0.062 0.162 0.262 0.016 0.012 
400      642    (0)    7 :  0.003 0.006 0.014 0.019 0.009 0.009 0.009 0.009 0.015 0.881 0.010 0.003 0.013 
401      643    (2)    7 :  0.003 0.006 0.022 0.025 0.017 0.017 0.016 0.016 0.072 0.758 0.032 0.003 0.013 
402      644    (0)    7 :  0.008 0.010 0.016 0.007 0.007 0.007 0.009 0.009 0.018 0.852 0.035 0.004 0.018 
403      645    (0)    7 :  0.003 0.131 0.028 0.040 0.029 0.019 0.042 0.040 0.193 0.403 0.024 0.039 0.009 
404      646    (0)    7 :  0.008 0.254 0.009 0.011 0.054 0.011 0.064 0.061 0.062 0.053 0.392 0.010 0.010 
405      006    (0)    8 :  0.003 0.012 0.009 0.006 0.023 0.637 0.027 0.025 0.008 0.228 0.013 0.003 0.005 
406      011    (0)    8 :  0.003 0.002 0.003 0.003 0.003 0.010 0.003 0.003 0.003 0.958 0.004 0.002 0.003 
407      033    (2)    8 :  0.002 0.007 0.011 0.022 0.006 0.638 0.008 0.006 0.005 0.264 0.024 0.003 0.004 
408      048    (0)    8 :  0.005 0.008 0.183 0.017 0.016 0.050 0.021 0.021 0.008 0.547 0.032 0.009 0.081 
409      061    (0)    8 :  0.001 0.002 0.002 0.002 0.002 0.976 0.002 0.002 0.002 0.002 0.002 0.004 0.001 
410      088    (0)    8 :  0.008 0.004 0.018 0.014 0.012 0.026 0.017 0.015 0.014 0.774 0.077 0.005 0.016 
411      091    (0)    8 :  0.005 0.006 0.003 0.005 0.004 0.949 0.004 0.004 0.003 0.010 0.003 0.002 0.003 
412      098    (0)    8 :  0.003 0.008 0.023 0.022 0.005 0.010 0.007 0.007 0.004 0.815 0.071 0.013 0.012 
413      104    (0)    8 :  0.002 0.002 0.006 0.002 0.003 0.004 0.003 0.003 0.003 0.851 0.116 0.003 0.003 
414      196    (0)    8 :  0.005 0.003 0.011 0.009 0.005 0.587 0.006 0.006 0.006 0.315 0.032 0.005 0.008 
415      197    (0)    8 :  0.014 0.004 0.012 0.012 0.019 0.279 0.030 0.029 0.009 0.553 0.019 0.008 0.011 
416      201    (0)    8 :  0.001 0.002 0.006 0.006 0.006 0.605 0.006 0.006 0.011 0.321 0.024 0.001 0.003 
417      202    (0)    8 :  0.013 0.003 0.022 0.005 0.019 0.037 0.019 0.017 0.010 0.765 0.050 0.021 0.020 
418      204    (0)    8 :  0.002 0.009 0.013 0.003 0.003 0.387 0.004 0.004 0.005 0.495 0.070 0.002 0.004 
419      231    (0)    8 :  0.005 0.010 0.015 0.010 0.005 0.009 0.005 0.005 0.005 0.845 0.077 0.001 0.007 
420      328    (0)    8 :  0.002 0.003 0.006 0.006 0.004 0.261 0.004 0.004 0.005 0.691 0.005 0.005 0.004 
421      346    (0)    8 :  0.007 0.003 0.004 0.008 0.005 0.316 0.005 0.005 0.004 0.598 0.037 0.003 0.004 
422      212    (0)    9 :  0.967 0.003 0.004 0.002 0.003 0.002 0.002 0.003 0.003 0.002 0.003 0.001 0.004 
423      213    (0)    9 :  0.946 0.004 0.007 0.003 0.004 0.009 0.004 0.004 0.006 0.004 0.002 0.003 0.003 
424      214    (0)    9 :  0.946 0.003 0.003 0.006 0.006 0.002 0.005 0.005 0.006 0.004 0.006 0.001 0.008 
425      215    (0)    9 :  0.950 0.003 0.007 0.004 0.004 0.003 0.004 0.004 0.004 0.005 0.005 0.004 0.003 
426      216    (0)    9 :  0.959 0.004 0.005 0.003 0.003 0.004 0.003 0.003 0.003 0.005 0.002 0.002 0.004 
427      217    (0)    9 :  0.943 0.006 0.004 0.004 0.005 0.004 0.005 0.005 0.008 0.005 0.004 0.002 0.004 
428      218    (0)    9 :  0.967 0.003 0.003 0.003 0.003 0.002 0.003 0.003 0.003 0.003 0.002 0.002 0.003 
429      332    (0)    9 :  0.873 0.033 0.008 0.017 0.006 0.003 0.008 0.007 0.012 0.009 0.008 0.005 0.010 
430      333    (0)    9 :  0.861 0.007 0.006 0.028 0.011 0.004 0.015 0.015 0.011 0.012 0.013 0.010 0.008 
431      334    (0)    9 :  0.941 0.008 0.004 0.007 0.004 0.003 0.004 0.004 0.005 0.008 0.003 0.003 0.004 
432      335    (0)    9 :  0.968 0.002 0.004 0.003 0.003 0.001 0.003 0.003 0.003 0.002 0.002 0.002 0.004 
433      336    (0)    9 :  0.951 0.004 0.002 0.005 0.003 0.004 0.003 0.003 0.002 0.003 0.005 0.013 0.002 
434      337    (0)    9 :  0.938 0.003 0.003 0.011 0.005 0.002 0.005 0.005 0.006 0.009 0.008 0.002 0.003 
435      673    (0)    9 :  0.983 0.001 0.002 0.002 0.001 0.001 0.001 0.001 0.001 0.002 0.001 0.001 0.002 
436      674    (0)    9 :  0.946 0.010 0.003 0.005 0.005 0.002 0.006 0.006 0.003 0.004 0.005 0.002 0.005 
437      675    (0)    9 :  0.951 0.004 0.007 0.005 0.004 0.004 0.004 0.004 0.003 0.003 0.002 0.005 0.003 
438      676    (0)    9 :  0.944 0.007 0.008 0.006 0.005 0.001 0.004 0.004 0.007 0.003 0.002 0.001 0.006 
439      677    (0)    9 :  0.957 0.003 0.003 0.004 0.004 0.002 0.003 0.004 0.004 0.006 0.003 0.002 0.004 
440      678    (0)    9 :  0.908 0.003 0.009 0.004 0.014 0.004 0.011 0.010 0.007 0.008 0.012 0.004 0.007 
441      679    (0)    9 :  0.918 0.022 0.003 0.008 0.009 0.001 0.008 0.008 0.008 0.005 0.002 0.002 0.005 
442      680    (0)    9 :  0.929 0.009 0.006 0.013 0.005 0.003 0.006 0.006 0.004 0.005 0.003 0.005 0.008 
443      681    (0)    9 :  0.942 0.005 0.005 0.007 0.006 0.002 0.006 0.005 0.007 0.007 0.004 0.002 0.003 
444      682    (0)    9 :  0.972 0.002 0.002 0.002 0.002 0.003 0.002 0.002 0.002 0.002 0.002 0.004 0.002 
445      683    (0)    9 :  0.944 0.005 0.004 0.008 0.005 0.004 0.006 0.005 0.004 0.005 0.003 0.002 0.005 
446      684    (0)    9 :  0.948 0.004 0.004 0.006 0.006 0.002 0.005 0.005 0.004 0.002 0.003 0.003 0.007 
447      685    (0)    9 :  0.944 0.003 0.003 0.009 0.007 0.003 0.006 0.005 0.005 0.003 0.006 0.003 0.003 
448      686    (0)    9 :  0.972 0.003 0.002 0.003 0.002 0.002 0.002 0.002 0.002 0.002 0.002 0.003 0.002 
449      687    (0)    9 :  0.972 0.002 0.003 0.003 0.002 0.002 0.002 0.002 0.002 0.002 0.002 0.002 0.003 
450      688    (0)    9 :  0.940 0.006 0.004 0.005 0.003 0.003 0.004 0.003 0.004 0.007 0.004 0.002 0.015 


Estimated Allele Frequencies in each cluster
First column gives estimated ancestral frequencies


Locus 1 : 1 
4 alleles
0.0% missing data
  89   (0.544) 0.641 0.649 0.590 0.552 0.562 0.697 0.552 0.550 0.512 0.625 0.315 0.068 0.482 
  91   (0.375) 0.311 0.334 0.362 0.431 0.380 0.293 0.369 0.371 0.434 0.313 0.572 0.704 0.405 
  99   (0.016) 0.001 0.003 0.030 0.003 0.009 0.002 0.015 0.015 0.006 0.000 0.001 0.129 0.005 
  93   (0.065) 0.047 0.014 0.018 0.015 0.049 0.008 0.064 0.065 0.049 0.061 0.112 0.099 0.108 

Locus 2 : 2 
6 alleles
1.1% missing data
 136   (0.350) 0.456 0.155 0.081 0.413 0.388 0.114 0.358 0.357 0.512 0.547 0.719 0.190 0.088 
 134   (0.237) 0.381 0.568 0.260 0.397 0.190 0.204 0.227 0.230 0.210 0.145 0.164 0.027 0.221 
 138   (0.300) 0.156 0.218 0.495 0.156 0.307 0.245 0.300 0.300 0.205 0.257 0.104 0.770 0.568 
 140   (0.064) 0.004 0.021 0.041 0.016 0.070 0.432 0.064 0.064 0.045 0.050 0.008 0.008 0.045 
 132   (0.023) 0.001 0.005 0.004 0.004 0.031 0.002 0.028 0.027 0.008 0.001 0.002 0.002 0.007 
 142   (0.026) 0.002 0.033 0.118 0.013 0.014 0.003 0.022 0.022 0.020 0.001 0.002 0.003 0.071 

Locus 3 : 3 
6 alleles
0.0% missing data
 181   (0.256) 0.069 0.238 0.355 0.402 0.241 0.076 0.249 0.255 0.185 0.231 0.101 0.181 0.347 
 187   (0.347) 0.260 0.281 0.188 0.171 0.389 0.685 0.352 0.348 0.335 0.517 0.542 0.773 0.185 
 179   (0.249) 0.016 0.329 0.217 0.393 0.241 0.223 0.252 0.248 0.297 0.227 0.343 0.030 0.261 
 191   (0.030) 0.195 0.007 0.006 0.006 0.024 0.004 0.031 0.031 0.013 0.022 0.003 0.003 0.007 
 175   (0.041) 0.003 0.029 0.191 0.008 0.033 0.004 0.039 0.041 0.095 0.001 0.004 0.005 0.015 
 185   (0.076) 0.458 0.116 0.041 0.020 0.071 0.008 0.078 0.077 0.076 0.002 0.007 0.008 0.185 

Locus 4 : 4 
12 alleles
0.2% missing data
 253   (0.502) 0.466 0.500 0.641 0.613 0.551 0.629 0.511 0.506 0.511 0.752 0.479 0.594 0.298 
 249   (0.025) 0.001 0.004 0.003 0.004 0.023 0.309 0.023 0.023 0.009 0.058 0.021 0.003 0.005 
 271   (0.040) 0.003 0.019 0.010 0.011 0.036 0.005 0.041 0.041 0.033 0.027 0.055 0.005 0.011 
 241   (0.148) 0.150 0.196 0.102 0.141 0.121 0.023 0.143 0.147 0.183 0.023 0.338 0.186 0.224 
 257   (0.006) 0.000 0.001 0.001 0.001 0.003 0.001 0.005 0.005 0.004 0.000 0.003 0.001 0.001 
 269   (0.174) 0.099 0.250 0.173 0.187 0.163 0.021 0.168 0.171 0.161 0.137 0.082 0.200 0.432 
 245   (0.006) 0.000 0.001 0.001 0.001 0.003 0.000 0.005 0.006 0.002 0.000 0.001 0.001 0.001 
 247   (0.068) 0.278 0.021 0.060 0.034 0.084 0.009 0.077 0.074 0.057 0.002 0.007 0.007 0.021 
 239   (0.011) 0.001 0.002 0.001 0.003 0.006 0.001 0.009 0.010 0.018 0.000 0.001 0.001 0.002 
 273   (0.007) 0.000 0.002 0.001 0.001 0.004 0.001 0.006 0.007 0.018 0.000 0.001 0.001 0.001 
 267   (0.006) 0.000 0.002 0.001 0.001 0.003 0.001 0.005 0.005 0.002 0.000 0.012 0.001 0.001 
 255   (0.006) 0.000 0.001 0.006 0.003 0.003 0.001 0.005 0.005 0.002 0.000 0.001 0.001 0.001 

Locus 5 : 5 
6 alleles
0.7% missing data
 103   (0.854) 0.979 0.950 0.955 0.925 0.798 0.984 0.844 0.849 0.846 0.991 0.963 0.983 0.931 
 104   (0.065) 0.004 0.029 0.017 0.028 0.102 0.008 0.072 0.067 0.065 0.006 0.029 0.008 0.052 
 105   (0.044) 0.003 0.011 0.023 0.036 0.065 0.005 0.049 0.047 0.067 0.001 0.004 0.005 0.010 
 102   (0.016) 0.001 0.003 0.002 0.005 0.021 0.001 0.016 0.016 0.008 0.000 0.001 0.003 0.004 
 107   (0.012) 0.001 0.002 0.002 0.003 0.009 0.001 0.011 0.012 0.010 0.000 0.001 0.001 0.002 
 101   (0.009) 0.013 0.005 0.001 0.002 0.005 0.001 0.008 0.009 0.003 0.000 0.001 0.001 0.002 

Locus 6 : 6 
5 alleles
0.2% missing data
 141   (0.259) 0.132 0.693 0.319 0.308 0.226 0.825 0.256 0.259 0.209 0.584 0.334 0.029 0.072 
 145   (0.422) 0.263 0.137 0.543 0.446 0.482 0.080 0.428 0.425 0.505 0.187 0.125 0.415 0.613 
 135   (0.231) 0.288 0.125 0.125 0.140 0.214 0.079 0.231 0.231 0.213 0.188 0.354 0.546 0.287 
 147   (0.077) 0.316 0.043 0.011 0.105 0.068 0.015 0.074 0.075 0.059 0.040 0.185 0.009 0.025 
 137   (0.011) 0.001 0.002 0.001 0.002 0.009 0.001 0.011 0.011 0.013 0.000 0.001 0.001 0.003 

Locus 7 : 7 
10 alleles
1.3% missing data
  93   (0.216) 0.066 0.303 0.364 0.213 0.169 0.603 0.203 0.207 0.249 0.331 0.400 0.790 0.133 
 103   (0.321) 0.514 0.186 0.347 0.528 0.350 0.093 0.323 0.317 0.310 0.401 0.283 0.044 0.411 
  91   (0.064) 0.154 0.033 0.048 0.042 0.069 0.007 0.065 0.066 0.057 0.034 0.007 0.009 0.015 
  97   (0.196) 0.254 0.174 0.079 0.159 0.203 0.029 0.203 0.203 0.124 0.165 0.170 0.130 0.277 
  85   (0.048) 0.003 0.010 0.012 0.016 0.049 0.006 0.048 0.048 0.042 0.046 0.009 0.007 0.087 
  89   (0.080) 0.005 0.278 0.100 0.030 0.065 0.254 0.076 0.077 0.087 0.020 0.125 0.011 0.059 
  83   (0.053) 0.003 0.011 0.046 0.010 0.070 0.006 0.059 0.058 0.122 0.001 0.005 0.006 0.015 
 105   (0.010) 0.001 0.002 0.003 0.002 0.011 0.001 0.012 0.013 0.004 0.000 0.001 0.001 0.002 
 101   (0.006) 0.000 0.001 0.001 0.001 0.009 0.000 0.006 0.005 0.002 0.000 0.001 0.001 0.001 
  99   (0.006) 0.000 0.001 0.001 0.001 0.004 0.001 0.006 0.006 0.002 0.000 0.001 0.001 0.001 

Locus 8 : 8 
8 alleles
0.0% missing data
 129   (0.561) 0.638 0.568 0.682 0.408 0.613 0.671 0.564 0.559 0.608 0.704 0.494 0.203 0.714 
 141   (0.056) 0.213 0.012 0.019 0.092 0.041 0.009 0.053 0.054 0.024 0.098 0.140 0.006 0.023 
 149   (0.076) 0.014 0.219 0.081 0.018 0.063 0.012 0.077 0.078 0.072 0.142 0.045 0.008 0.041 
 143   (0.258) 0.130 0.171 0.204 0.473 0.237 0.303 0.259 0.260 0.260 0.055 0.316 0.694 0.208 
 127   (0.014) 0.001 0.003 0.002 0.002 0.021 0.001 0.015 0.015 0.005 0.000 0.001 0.048 0.003 
 131   (0.012) 0.002 0.002 0.008 0.002 0.008 0.001 0.010 0.010 0.004 0.000 0.001 0.039 0.004 
 133   (0.017) 0.001 0.024 0.004 0.003 0.013 0.002 0.018 0.018 0.023 0.000 0.002 0.002 0.007 
 145   (0.006) 0.000 0.001 0.001 0.001 0.003 0.000 0.005 0.006 0.005 0.000 0.001 0.001 0.001 

Locus 9 : 9 
5 alleles
0.0% missing data
 191   (0.392) 0.542 0.395 0.307 0.480 0.397 0.843 0.391 0.391 0.344 0.559 0.597 0.337 0.303 
 195   (0.147) 0.054 0.043 0.282 0.244 0.109 0.034 0.141 0.141 0.136 0.190 0.042 0.354 0.277 
 189   (0.448) 0.404 0.559 0.409 0.273 0.488 0.122 0.458 0.458 0.508 0.248 0.360 0.308 0.417 
 197   (0.006) 0.000 0.001 0.002 0.001 0.003 0.001 0.005 0.005 0.009 0.000 0.001 0.001 0.001 
 193   (0.006) 0.000 0.002 0.001 0.001 0.003 0.001 0.005 0.005 0.002 0.002 0.001 0.001 0.002 

Locus 10 : 10 
7 alleles
0.2% missing data
 232   (0.254) 0.278 0.073 0.188 0.149 0.303 0.568 0.260 0.254 0.266 0.280 0.380 0.221 0.147 
 238   (0.559) 0.346 0.851 0.737 0.676 0.553 0.137 0.561 0.563 0.533 0.599 0.443 0.371 0.744 
 252   (0.109) 0.033 0.062 0.065 0.123 0.074 0.278 0.102 0.104 0.150 0.105 0.170 0.014 0.094 
 254   (0.043) 0.258 0.008 0.006 0.045 0.033 0.013 0.042 0.042 0.034 0.016 0.004 0.390 0.009 
 250   (0.010) 0.001 0.002 0.001 0.002 0.018 0.001 0.011 0.010 0.004 0.000 0.001 0.001 0.002 
 236   (0.006) 0.001 0.001 0.001 0.002 0.003 0.001 0.005 0.006 0.003 0.000 0.001 0.001 0.001 
 248   (0.019) 0.082 0.003 0.002 0.003 0.015 0.002 0.019 0.020 0.009 0.000 0.002 0.002 0.003 

Locus 11 : 11 
4 alleles
0.0% missing data
  87   (0.697) 0.535 0.886 0.837 0.647 0.698 0.359 0.701 0.701 0.679 0.644 0.564 0.964 0.845 
  89   (0.239) 0.383 0.074 0.139 0.341 0.255 0.616 0.241 0.240 0.224 0.302 0.356 0.029 0.123 
  91   (0.050) 0.081 0.012 0.022 0.010 0.039 0.023 0.046 0.047 0.078 0.053 0.079 0.006 0.029 
  85   (0.013) 0.001 0.027 0.002 0.002 0.008 0.002 0.012 0.013 0.019 0.000 0.001 0.001 0.003 

Locus 12 : 12 
13 alleles
0.2% missing data
 160   (0.205) 0.717 0.287 0.285 0.060 0.238 0.035 0.201 0.198 0.195 0.111 0.186 0.590 0.190 
 162   (0.255) 0.230 0.370 0.323 0.482 0.227 0.752 0.256 0.253 0.258 0.211 0.104 0.067 0.167 
 147   (0.052) 0.003 0.013 0.034 0.090 0.040 0.101 0.047 0.049 0.020 0.111 0.351 0.006 0.049 
 158   (0.231) 0.023 0.101 0.165 0.188 0.263 0.080 0.237 0.236 0.262 0.532 0.321 0.028 0.256 
 161   (0.108) 0.019 0.033 0.079 0.149 0.090 0.015 0.106 0.106 0.138 0.024 0.024 0.121 0.189 
 170   (0.049) 0.003 0.016 0.041 0.010 0.055 0.007 0.053 0.054 0.060 0.008 0.005 0.006 0.033 
 143   (0.028) 0.002 0.008 0.007 0.005 0.029 0.003 0.031 0.032 0.034 0.001 0.002 0.175 0.005 
 154   (0.016) 0.001 0.006 0.002 0.005 0.026 0.002 0.019 0.020 0.007 0.000 0.001 0.002 0.003 
 149   (0.023) 0.001 0.161 0.055 0.005 0.014 0.002 0.021 0.022 0.007 0.001 0.002 0.002 0.051 
 153   (0.011) 0.001 0.002 0.001 0.003 0.009 0.001 0.011 0.012 0.010 0.000 0.001 0.001 0.002 
 150   (0.006) 0.000 0.001 0.004 0.001 0.003 0.001 0.005 0.005 0.002 0.000 0.001 0.001 0.012 
 159   (0.009) 0.001 0.003 0.002 0.002 0.004 0.001 0.007 0.008 0.006 0.000 0.001 0.001 0.042 
 164   (0.006) 0.000 0.001 0.001 0.001 0.003 0.001 0.006 0.006 0.002 0.000 0.001 0.001 0.001 

Locus 13 : 13 
5 alleles
0.0% missing data
 108   (0.196) 0.199 0.051 0.076 0.149 0.210 0.408 0.192 0.194 0.259 0.162 0.153 0.338 0.225 
 115   (0.457) 0.287 0.571 0.596 0.503 0.426 0.525 0.460 0.461 0.473 0.582 0.336 0.095 0.377 
 113   (0.334) 0.514 0.376 0.327 0.345 0.356 0.066 0.337 0.333 0.263 0.256 0.510 0.565 0.395 
 109   (0.006) 0.000 0.001 0.001 0.001 0.005 0.001 0.005 0.006 0.002 0.000 0.001 0.001 0.001 
 110   (0.006) 0.000 0.001 0.001 0.001 0.003 0.000 0.006 0.006 0.003 0.000 0.001 0.001 0.002 

Locus 14 : 14 
5 alleles
0.9% missing data
 227   (0.139) 0.017 0.061 0.341 0.040 0.130 0.063 0.134 0.133 0.087 0.258 0.317 0.255 0.337 
 231   (0.154) 0.352 0.042 0.028 0.452 0.162 0.028 0.160 0.160 0.137 0.093 0.111 0.269 0.038 
 229   (0.506) 0.416 0.804 0.487 0.292 0.532 0.860 0.508 0.509 0.655 0.462 0.444 0.095 0.472 
 225   (0.139) 0.210 0.077 0.089 0.145 0.133 0.020 0.136 0.137 0.094 0.090 0.026 0.227 0.135 
 233   (0.062) 0.005 0.016 0.055 0.071 0.043 0.029 0.061 0.061 0.028 0.097 0.102 0.154 0.019 

Locus 15 : 15 
5 alleles
0.2% missing data
 143   (0.847) 0.813 0.940 0.899 0.872 0.823 0.983 0.844 0.846 0.881 0.967 0.978 0.724 0.791 
 157   (0.007) 0.000 0.001 0.001 0.001 0.003 0.001 0.005 0.005 0.002 0.018 0.001 0.001 0.001 
 145   (0.084) 0.006 0.046 0.074 0.115 0.098 0.010 0.086 0.085 0.058 0.013 0.016 0.268 0.053 
 147   (0.048) 0.149 0.010 0.025 0.009 0.067 0.005 0.052 0.050 0.029 0.001 0.005 0.006 0.150 
 133   (0.015) 0.032 0.003 0.002 0.003 0.010 0.002 0.013 0.013 0.031 0.000 0.001 0.001 0.005 

Locus 16 : 16 
5 alleles
0.2% missing data
 156   (0.230) 0.499 0.076 0.210 0.321 0.193 0.201 0.221 0.223 0.371 0.303 0.096 0.513 0.220 
 158   (0.543) 0.200 0.530 0.675 0.479 0.565 0.324 0.553 0.550 0.478 0.500 0.716 0.256 0.609 
 160   (0.132) 0.111 0.364 0.076 0.138 0.137 0.462 0.127 0.129 0.093 0.151 0.175 0.015 0.137 
 154   (0.087) 0.190 0.026 0.023 0.060 0.102 0.012 0.093 0.092 0.052 0.046 0.012 0.215 0.033 
 152   (0.008) 0.000 0.004 0.016 0.001 0.003 0.001 0.006 0.006 0.005 0.000 0.001 0.001 0.002 

Locus 17 : 17 
5 alleles
0.0% missing data
 102   (0.208) 0.197 0.399 0.167 0.185 0.183 0.102 0.206 0.208 0.138 0.246 0.172 0.025 0.258 
  90   (0.675) 0.795 0.382 0.805 0.791 0.653 0.597 0.665 0.667 0.768 0.720 0.798 0.576 0.693 
  88   (0.072) 0.005 0.209 0.013 0.014 0.076 0.297 0.078 0.079 0.050 0.032 0.026 0.008 0.022 
 100   (0.039) 0.002 0.009 0.014 0.008 0.086 0.004 0.045 0.042 0.042 0.001 0.004 0.391 0.008 
 104   (0.006) 0.000 0.001 0.001 0.001 0.003 0.001 0.005 0.005 0.002 0.000 0.001 0.001 0.018 

Locus 18 : 18 
7 alleles
0.0% missing data
 142   (0.128) 0.008 0.081 0.070 0.025 0.114 0.783 0.128 0.128 0.155 0.416 0.375 0.014 0.123 
 146   (0.086) 0.223 0.138 0.100 0.085 0.058 0.040 0.080 0.081 0.093 0.193 0.030 0.009 0.038 
 140   (0.285) 0.179 0.360 0.222 0.497 0.347 0.047 0.289 0.285 0.229 0.088 0.405 0.275 0.329 
 127   (0.302) 0.062 0.186 0.360 0.233 0.332 0.079 0.310 0.306 0.384 0.230 0.115 0.548 0.228 
 148   (0.096) 0.214 0.171 0.065 0.115 0.076 0.035 0.096 0.098 0.041 0.054 0.050 0.010 0.061 
 138   (0.052) 0.003 0.016 0.015 0.031 0.037 0.010 0.048 0.051 0.043 0.019 0.020 0.138 0.106 
 150   (0.052) 0.310 0.048 0.167 0.013 0.036 0.006 0.049 0.050 0.055 0.001 0.005 0.005 0.114 

Locus 19 : 19 
7 alleles
0.0% missing data
 188   (0.194) 0.169 0.052 0.124 0.070 0.206 0.563 0.201 0.199 0.176 0.094 0.174 0.021 0.267 
 190   (0.120) 0.199 0.268 0.183 0.245 0.077 0.014 0.107 0.109 0.095 0.414 0.331 0.012 0.167 
 194   (0.578) 0.483 0.273 0.563 0.599 0.595 0.414 0.585 0.587 0.625 0.489 0.484 0.956 0.520 
 200   (0.082) 0.005 0.403 0.126 0.078 0.101 0.007 0.084 0.082 0.088 0.002 0.008 0.008 0.041 
 192   (0.006) 0.000 0.001 0.001 0.004 0.006 0.000 0.006 0.006 0.002 0.000 0.001 0.001 0.001 
 202   (0.013) 0.144 0.002 0.002 0.003 0.011 0.001 0.013 0.012 0.006 0.000 0.001 0.001 0.003 
 196   (0.006) 0.000 0.001 0.001 0.001 0.003 0.000 0.005 0.006 0.007 0.000 0.001 0.001 0.001 

Locus 20 : 20 
6 alleles
0.9% missing data
 252   (0.719) 0.723 0.691 0.738 0.742 0.720 0.815 0.723 0.727 0.822 0.845 0.717 0.385 0.805 
 250   (0.080) 0.146 0.107 0.025 0.068 0.076 0.010 0.077 0.078 0.033 0.098 0.055 0.345 0.150 
 244   (0.020) 0.001 0.007 0.008 0.007 0.013 0.153 0.017 0.018 0.013 0.008 0.002 0.005 0.008 
 254   (0.070) 0.082 0.017 0.157 0.056 0.055 0.009 0.068 0.068 0.063 0.034 0.009 0.105 0.014 
 246   (0.087) 0.047 0.174 0.068 0.122 0.086 0.010 0.088 0.087 0.056 0.004 0.214 0.157 0.017 
 248   (0.023) 0.001 0.004 0.004 0.004 0.050 0.004 0.026 0.023 0.013 0.010 0.003 0.003 0.005 

Locus 21 : 21 
7 alleles
0.2% missing data
 173   (0.297) 0.214 0.121 0.561 0.321 0.229 0.157 0.288 0.291 0.350 0.374 0.158 0.121 0.486 
 177   (0.271) 0.167 0.503 0.229 0.081 0.318 0.182 0.278 0.274 0.207 0.271 0.622 0.275 0.285 
 175   (0.137) 0.255 0.035 0.087 0.316 0.125 0.017 0.137 0.138 0.134 0.028 0.025 0.482 0.056 
 167   (0.194) 0.121 0.093 0.106 0.146 0.189 0.633 0.189 0.189 0.255 0.320 0.181 0.110 0.136 
 163   (0.035) 0.227 0.009 0.007 0.016 0.038 0.004 0.035 0.035 0.027 0.002 0.004 0.004 0.015 
 159   (0.022) 0.001 0.005 0.003 0.004 0.038 0.002 0.028 0.029 0.007 0.001 0.002 0.002 0.012 
 165   (0.044) 0.013 0.236 0.007 0.116 0.063 0.005 0.046 0.044 0.020 0.004 0.008 0.005 0.010 

Locus 22 : 22 
11 alleles
0.7% missing data
 146   (0.243) 0.139 0.272 0.369 0.174 0.206 0.833 0.243 0.245 0.228 0.228 0.221 0.075 0.180 
 154   (0.007) 0.000 0.001 0.001 0.001 0.003 0.001 0.006 0.006 0.002 0.067 0.008 0.001 0.001 
 166   (0.095) 0.006 0.029 0.034 0.077 0.130 0.011 0.104 0.099 0.050 0.029 0.251 0.116 0.029 
 152   (0.428) 0.367 0.607 0.526 0.505 0.428 0.127 0.414 0.415 0.526 0.639 0.454 0.502 0.669 
 150   (0.027) 0.002 0.009 0.008 0.005 0.031 0.004 0.029 0.027 0.012 0.007 0.008 0.111 0.013 
 164   (0.030) 0.002 0.006 0.005 0.055 0.022 0.004 0.028 0.029 0.028 0.012 0.040 0.005 0.010 
 148   (0.009) 0.000 0.001 0.001 0.001 0.004 0.001 0.007 0.007 0.003 0.000 0.001 0.171 0.001 
 158   (0.084) 0.110 0.052 0.020 0.132 0.106 0.012 0.090 0.090 0.099 0.017 0.009 0.010 0.030 
 162   (0.050) 0.072 0.018 0.011 0.044 0.051 0.005 0.055 0.057 0.042 0.001 0.005 0.007 0.047 
 156   (0.015) 0.301 0.003 0.005 0.004 0.008 0.001 0.013 0.013 0.005 0.000 0.001 0.002 0.017 
 142   (0.012) 0.001 0.002 0.019 0.002 0.011 0.001 0.012 0.012 0.005 0.000 0.001 0.001 0.002 

Locus 23 : 23 
7 alleles
0.9% missing data
 152   (0.013) 0.001 0.002 0.002 0.002 0.006 0.001 0.010 0.011 0.004 0.061 0.088 0.001 0.003 
 156   (0.122) 0.032 0.031 0.034 0.128 0.135 0.013 0.125 0.123 0.230 0.035 0.090 0.015 0.077 
 144   (0.172) 0.636 0.049 0.289 0.192 0.161 0.025 0.165 0.167 0.126 0.184 0.157 0.598 0.214 
 160   (0.104) 0.105 0.332 0.065 0.135 0.105 0.013 0.097 0.097 0.057 0.184 0.280 0.013 0.144 
 154   (0.556) 0.223 0.572 0.605 0.532 0.551 0.919 0.565 0.566 0.569 0.533 0.381 0.368 0.555 
 158   (0.025) 0.002 0.012 0.004 0.010 0.038 0.028 0.030 0.028 0.010 0.003 0.003 0.003 0.006 
 146   (0.008) 0.000 0.001 0.001 0.001 0.005 0.001 0.008 0.009 0.005 0.000 0.001 0.001 0.001 

Locus 24 : 24 
4 alleles
0.4% missing data
  77   (0.087) 0.050 0.096 0.066 0.085 0.060 0.035 0.077 0.081 0.112 0.325 0.037 0.010 0.075 
  83   (0.459) 0.919 0.658 0.396 0.596 0.453 0.237 0.453 0.451 0.392 0.486 0.571 0.689 0.503 
  81   (0.369) 0.025 0.224 0.451 0.277 0.402 0.716 0.385 0.383 0.363 0.170 0.353 0.292 0.311 
  85   (0.085) 0.006 0.022 0.087 0.042 0.085 0.012 0.085 0.085 0.133 0.020 0.039 0.010 0.111 

Locus 25 : 25 
6 alleles
0.4% missing data
 132   (0.332) 0.457 0.187 0.361 0.452 0.333 0.909 0.335 0.336 0.248 0.526 0.153 0.184 0.297 
 124   (0.521) 0.534 0.727 0.483 0.419 0.514 0.068 0.520 0.520 0.672 0.399 0.807 0.406 0.598 
 126   (0.021) 0.001 0.004 0.003 0.004 0.014 0.003 0.020 0.020 0.008 0.058 0.027 0.002 0.005 
 122   (0.096) 0.006 0.075 0.148 0.105 0.118 0.018 0.098 0.095 0.058 0.017 0.011 0.119 0.092 
 120   (0.015) 0.001 0.003 0.002 0.003 0.011 0.001 0.014 0.015 0.008 0.000 0.001 0.286 0.003 
 136   (0.015) 0.001 0.005 0.002 0.015 0.010 0.001 0.014 0.014 0.006 0.000 0.002 0.002 0.006 

Locus 26 : 26 
7 alleles
0.2% missing data
 165   (0.246) 0.055 0.200 0.319 0.335 0.238 0.673 0.245 0.245 0.228 0.119 0.157 0.323 0.135 
 183   (0.344) 0.424 0.517 0.291 0.456 0.374 0.202 0.339 0.339 0.319 0.581 0.462 0.292 0.375 
 179   (0.085) 0.005 0.052 0.080 0.019 0.066 0.017 0.084 0.088 0.086 0.057 0.101 0.344 0.050 
 175   (0.264) 0.451 0.221 0.301 0.161 0.245 0.103 0.270 0.265 0.224 0.241 0.275 0.034 0.429 
 181   (0.047) 0.064 0.009 0.007 0.026 0.066 0.005 0.049 0.049 0.137 0.001 0.004 0.006 0.009 
 185   (0.009) 0.001 0.001 0.001 0.001 0.007 0.001 0.009 0.009 0.005 0.000 0.001 0.001 0.002 
 157   (0.006) 0.000 0.001 0.001 0.001 0.004 0.001 0.005 0.006 0.002 0.000 0.001 0.001 0.001 

Locus 27 : 27 
4 alleles
0.2% missing data
 142   (0.647) 0.742 0.683 0.776 0.679 0.661 0.344 0.647 0.648 0.593 0.706 0.606 0.315 0.798 
 148   (0.202) 0.066 0.050 0.089 0.251 0.209 0.378 0.206 0.204 0.220 0.076 0.180 0.668 0.132 
 138   (0.047) 0.004 0.023 0.021 0.018 0.038 0.267 0.044 0.044 0.024 0.206 0.202 0.006 0.012 
 150   (0.103) 0.189 0.244 0.113 0.053 0.092 0.011 0.103 0.104 0.163 0.013 0.011 0.012 0.059 

Locus 28 : 28 
6 alleles
0.9% missing data
 260   (0.384) 0.376 0.467 0.566 0.304 0.425 0.286 0.392 0.388 0.245 0.348 0.488 0.140 0.438 
 262   (0.512) 0.550 0.483 0.381 0.655 0.471 0.700 0.503 0.505 0.665 0.646 0.501 0.847 0.384 
 256   (0.072) 0.072 0.044 0.037 0.035 0.081 0.011 0.075 0.076 0.066 0.006 0.008 0.010 0.116 
 258   (0.011) 0.001 0.002 0.001 0.002 0.011 0.001 0.013 0.012 0.003 0.000 0.001 0.001 0.002 
 266   (0.006) 0.000 0.001 0.010 0.001 0.003 0.001 0.005 0.005 0.002 0.000 0.001 0.001 0.001 
 264   (0.015) 0.001 0.003 0.006 0.002 0.009 0.001 0.013 0.014 0.019 0.000 0.001 0.001 0.059 

Locus 29 : 29 
7 alleles
0.2% missing data
 146   (0.277) 0.334 0.354 0.151 0.345 0.335 0.086 0.279 0.276 0.256 0.174 0.293 0.035 0.464 
 150   (0.448) 0.291 0.296 0.591 0.412 0.421 0.170 0.450 0.450 0.566 0.702 0.447 0.145 0.385 
 140   (0.170) 0.058 0.167 0.177 0.171 0.164 0.684 0.171 0.173 0.135 0.080 0.036 0.809 0.120 
 148   (0.058) 0.314 0.116 0.033 0.046 0.043 0.053 0.056 0.056 0.022 0.037 0.210 0.006 0.013 
 152   (0.030) 0.002 0.045 0.046 0.005 0.029 0.004 0.032 0.032 0.016 0.001 0.003 0.003 0.014 
 151   (0.009) 0.001 0.011 0.001 0.002 0.004 0.002 0.007 0.007 0.003 0.005 0.010 0.001 0.002 
 142   (0.008) 0.000 0.009 0.001 0.019 0.003 0.001 0.006 0.006 0.003 0.001 0.001 0.001 0.001 

Locus 30 : 30 
6 alleles
0.2% missing data
 125   (0.288) 0.030 0.088 0.084 0.307 0.361 0.629 0.304 0.300 0.328 0.472 0.316 0.139 0.085 
 129   (0.437) 0.785 0.529 0.557 0.418 0.379 0.309 0.425 0.428 0.401 0.476 0.622 0.212 0.652 
 123   (0.145) 0.101 0.075 0.268 0.114 0.129 0.047 0.139 0.141 0.183 0.049 0.050 0.018 0.232 
 121   (0.012) 0.001 0.002 0.002 0.003 0.007 0.001 0.011 0.011 0.006 0.000 0.001 0.041 0.003 
 127   (0.080) 0.081 0.279 0.045 0.150 0.079 0.010 0.081 0.081 0.053 0.002 0.007 0.586 0.018 
 131   (0.037) 0.003 0.027 0.044 0.008 0.045 0.004 0.040 0.039 0.030 0.001 0.003 0.005 0.010 

Locus 31 : 31 
6 alleles
0.2% missing data
 159   (0.172) 0.011 0.155 0.222 0.292 0.143 0.064 0.164 0.168 0.257 0.136 0.123 0.020 0.360 
 155   (0.546) 0.712 0.389 0.541 0.427 0.616 0.591 0.562 0.556 0.469 0.687 0.834 0.521 0.280 
 157   (0.187) 0.021 0.414 0.189 0.255 0.155 0.296 0.183 0.184 0.221 0.093 0.033 0.114 0.177 
 153   (0.060) 0.004 0.034 0.043 0.012 0.062 0.044 0.059 0.058 0.027 0.081 0.006 0.105 0.176 
 151   (0.029) 0.251 0.006 0.004 0.012 0.020 0.004 0.027 0.029 0.025 0.003 0.003 0.238 0.006 
 163   (0.006) 0.000 0.001 0.001 0.001 0.003 0.001 0.005 0.006 0.002 0.001 0.001 0.001 0.001 

Locus 32 : 32 
5 alleles
0.0% missing data
 146   (0.321) 0.315 0.207 0.329 0.268 0.382 0.068 0.331 0.326 0.365 0.069 0.059 0.581 0.369 
 150   (0.574) 0.636 0.517 0.624 0.510 0.541 0.920 0.568 0.571 0.590 0.853 0.866 0.408 0.547 
 148   (0.056) 0.046 0.256 0.012 0.115 0.037 0.006 0.052 0.054 0.019 0.077 0.069 0.006 0.036 
 154   (0.034) 0.002 0.011 0.010 0.105 0.032 0.004 0.036 0.036 0.020 0.001 0.005 0.004 0.008 
 152   (0.015) 0.001 0.010 0.025 0.003 0.008 0.001 0.013 0.013 0.006 0.000 0.001 0.002 0.040 

Locus 33 : 33 
7 alleles
0.0% missing data
 180   (0.460) 0.666 0.486 0.424 0.516 0.475 0.431 0.465 0.462 0.418 0.607 0.382 0.695 0.258 
 196   (0.113) 0.007 0.027 0.128 0.052 0.109 0.116 0.110 0.110 0.098 0.185 0.203 0.012 0.212 
 184   (0.196) 0.073 0.073 0.260 0.277 0.196 0.423 0.189 0.190 0.192 0.148 0.126 0.267 0.362 
 194   (0.010) 0.001 0.002 0.001 0.002 0.004 0.001 0.008 0.008 0.003 0.038 0.034 0.001 0.002 
 192   (0.136) 0.182 0.391 0.131 0.105 0.125 0.016 0.143 0.146 0.200 0.006 0.013 0.015 0.134 
 190   (0.018) 0.001 0.005 0.042 0.028 0.009 0.002 0.014 0.015 0.022 0.000 0.002 0.002 0.016 
 198   (0.066) 0.070 0.016 0.015 0.021 0.080 0.010 0.071 0.068 0.066 0.015 0.240 0.007 0.016 

Locus 34 : 34 
6 alleles
0.0% missing data
 110   (0.184) 0.072 0.209 0.102 0.223 0.190 0.273 0.186 0.187 0.135 0.370 0.172 0.213 0.073 
 112   (0.357) 0.059 0.366 0.375 0.287 0.368 0.070 0.361 0.360 0.339 0.508 0.723 0.040 0.463 
 106   (0.279) 0.708 0.220 0.422 0.412 0.235 0.577 0.268 0.268 0.377 0.093 0.084 0.225 0.347 
  90   (0.038) 0.002 0.173 0.009 0.008 0.027 0.062 0.034 0.035 0.036 0.019 0.006 0.403 0.009 
 108   (0.133) 0.114 0.030 0.090 0.069 0.175 0.017 0.143 0.141 0.110 0.008 0.014 0.119 0.106 
  96   (0.010) 0.045 0.002 0.001 0.002 0.005 0.001 0.008 0.009 0.004 0.000 0.001 0.001 0.002 

Locus 35 : 35 
9 alleles
0.0% missing data
 166   (0.056) 0.004 0.068 0.144 0.057 0.037 0.010 0.050 0.051 0.022 0.284 0.189 0.008 0.025 
 176   (0.096) 0.016 0.033 0.013 0.215 0.091 0.022 0.095 0.095 0.121 0.126 0.358 0.011 0.023 
 172   (0.333) 0.584 0.373 0.399 0.142 0.359 0.452 0.340 0.333 0.241 0.455 0.230 0.042 0.412 
 170   (0.273) 0.326 0.150 0.209 0.511 0.266 0.477 0.268 0.269 0.241 0.126 0.155 0.611 0.276 
 174   (0.129) 0.063 0.344 0.199 0.050 0.126 0.013 0.129 0.133 0.289 0.005 0.015 0.015 0.038 
 178   (0.042) 0.003 0.011 0.012 0.009 0.037 0.019 0.045 0.046 0.027 0.002 0.046 0.005 0.068 
 168   (0.051) 0.003 0.017 0.021 0.013 0.065 0.006 0.055 0.053 0.053 0.001 0.005 0.306 0.025 
 186   (0.014) 0.001 0.002 0.002 0.002 0.015 0.001 0.013 0.013 0.005 0.000 0.001 0.001 0.131 
 158   (0.006) 0.000 0.001 0.001 0.001 0.005 0.001 0.006 0.006 0.002 0.000 0.001 0.001 0.001 

Locus 36 : 36 
6 alleles
0.0% missing data
  89   (0.568) 0.510 0.724 0.588 0.499 0.612 0.237 0.573 0.570 0.570 0.660 0.709 0.374 0.781 
  95   (0.058) 0.004 0.022 0.099 0.081 0.050 0.041 0.056 0.057 0.026 0.081 0.025 0.006 0.021 
  85   (0.171) 0.233 0.199 0.146 0.149 0.130 0.263 0.162 0.165 0.195 0.224 0.222 0.495 0.124 
  81   (0.066) 0.004 0.015 0.038 0.175 0.058 0.009 0.069 0.068 0.120 0.006 0.007 0.008 0.016 
  83   (0.122) 0.248 0.037 0.122 0.093 0.137 0.448 0.125 0.125 0.084 0.028 0.035 0.014 0.054 
  91   (0.016) 0.001 0.003 0.007 0.003 0.012 0.001 0.015 0.015 0.005 0.000 0.002 0.103 0.003 

Locus 37 : 37 
10 alleles
0.0% missing data
 161   (0.340) 0.376 0.433 0.297 0.392 0.343 0.087 0.335 0.334 0.485 0.568 0.536 0.428 0.130 
 165   (0.228) 0.101 0.083 0.319 0.184 0.264 0.059 0.233 0.231 0.147 0.167 0.268 0.134 0.235 
 159   (0.014) 0.001 0.003 0.008 0.002 0.008 0.002 0.013 0.013 0.004 0.035 0.011 0.002 0.003 
 173   (0.258) 0.512 0.418 0.213 0.390 0.229 0.167 0.258 0.262 0.226 0.128 0.088 0.224 0.420 
 169   (0.104) 0.007 0.050 0.106 0.022 0.103 0.680 0.103 0.102 0.106 0.091 0.092 0.207 0.191 
 167   (0.017) 0.002 0.005 0.004 0.003 0.015 0.002 0.018 0.018 0.014 0.010 0.002 0.002 0.004 
 168   (0.011) 0.001 0.002 0.001 0.002 0.011 0.001 0.012 0.012 0.003 0.000 0.001 0.001 0.002 
 155   (0.015) 0.001 0.003 0.002 0.003 0.019 0.001 0.017 0.017 0.007 0.000 0.001 0.001 0.004 
 177   (0.006) 0.000 0.002 0.001 0.001 0.004 0.000 0.005 0.005 0.004 0.000 0.001 0.001 0.001 
 175   (0.008) 0.000 0.001 0.050 0.001 0.003 0.001 0.006 0.006 0.002 0.000 0.001 0.001 0.009 

Locus 38 : 38 
6 alleles
0.4% missing data
  87   (0.092) 0.128 0.075 0.042 0.116 0.067 0.012 0.084 0.087 0.068 0.169 0.142 0.554 0.044 
  89   (0.434) 0.092 0.385 0.636 0.220 0.481 0.744 0.442 0.439 0.511 0.583 0.672 0.051 0.462 
  91   (0.161) 0.184 0.115 0.090 0.207 0.170 0.201 0.162 0.158 0.171 0.134 0.026 0.207 0.101 
  81   (0.123) 0.115 0.288 0.067 0.222 0.111 0.013 0.126 0.128 0.073 0.082 0.080 0.014 0.077 
  85   (0.182) 0.480 0.135 0.165 0.234 0.169 0.029 0.180 0.182 0.175 0.029 0.080 0.173 0.315 
  83   (0.006) 0.000 0.002 0.001 0.001 0.003 0.001 0.005 0.005 0.002 0.003 0.001 0.001 0.001 

Locus 39 : 39 
4 alleles
0.4% missing data
 167   (0.793) 0.857 0.857 0.718 0.946 0.760 0.931 0.782 0.783 0.860 0.911 0.919 0.684 0.924 
 161   (0.175) 0.141 0.132 0.196 0.048 0.213 0.062 0.186 0.185 0.122 0.088 0.078 0.312 0.069 
 165   (0.025) 0.002 0.011 0.084 0.005 0.020 0.006 0.027 0.026 0.016 0.001 0.003 0.003 0.006 
 177   (0.006) 0.001 0.001 0.001 0.001 0.006 0.001 0.006 0.006 0.002 0.000 0.001 0.001 0.001 

Locus 40 : 40 
6 alleles
0.2% missing data
 228   (0.417) 0.231 0.580 0.478 0.442 0.371 0.722 0.406 0.411 0.392 0.519 0.653 0.546 0.570 
 238   (0.344) 0.118 0.106 0.332 0.271 0.363 0.072 0.359 0.355 0.409 0.325 0.272 0.084 0.274 
 224   (0.021) 0.001 0.161 0.003 0.013 0.013 0.002 0.017 0.018 0.007 0.090 0.045 0.002 0.004 
 236   (0.102) 0.388 0.092 0.051 0.113 0.106 0.192 0.101 0.101 0.057 0.063 0.018 0.354 0.027 
 232   (0.012) 0.001 0.002 0.002 0.002 0.009 0.001 0.010 0.011 0.031 0.000 0.003 0.001 0.002 
 240   (0.104) 0.260 0.059 0.134 0.159 0.139 0.011 0.106 0.105 0.104 0.003 0.010 0.012 0.122 

Locus 41 : 41 
7 alleles
0.0% missing data
 128   (0.118) 0.033 0.208 0.258 0.074 0.104 0.235 0.113 0.114 0.125 0.134 0.081 0.013 0.051 
 130   (0.535) 0.778 0.550 0.421 0.517 0.566 0.692 0.546 0.541 0.567 0.618 0.581 0.060 0.465 
 114   (0.053) 0.003 0.012 0.007 0.074 0.044 0.032 0.051 0.052 0.035 0.109 0.041 0.501 0.012 
 132   (0.121) 0.048 0.027 0.154 0.150 0.114 0.020 0.114 0.115 0.131 0.129 0.279 0.014 0.396 
 118   (0.058) 0.130 0.083 0.079 0.011 0.049 0.009 0.054 0.056 0.066 0.002 0.005 0.205 0.036 
 134   (0.108) 0.007 0.119 0.080 0.173 0.120 0.013 0.116 0.117 0.074 0.008 0.012 0.207 0.040 
 136   (0.006) 0.000 0.001 0.001 0.001 0.004 0.001 0.006 0.006 0.002 0.000 0.001 0.001 0.001 

Locus 42 : 42 
6 alleles
1.3% missing data
 102   (0.282) 0.475 0.264 0.303 0.404 0.293 0.082 0.276 0.273 0.187 0.412 0.433 0.574 0.401 
 104   (0.402) 0.414 0.625 0.564 0.331 0.424 0.105 0.418 0.418 0.414 0.202 0.152 0.050 0.342 
  92   (0.109) 0.007 0.037 0.026 0.088 0.099 0.014 0.108 0.109 0.204 0.104 0.272 0.053 0.141 
  96   (0.069) 0.004 0.023 0.027 0.054 0.069 0.697 0.066 0.067 0.079 0.062 0.064 0.098 0.015 
  98   (0.132) 0.099 0.049 0.079 0.121 0.112 0.102 0.127 0.128 0.114 0.219 0.078 0.225 0.099 
 106   (0.006) 0.000 0.002 0.001 0.002 0.004 0.001 0.005 0.006 0.002 0.001 0.001 0.001 0.002 

Locus 43 : 43 
6 alleles
1.6% missing data
 101   (0.304) 0.183 0.306 0.248 0.459 0.281 0.090 0.299 0.299 0.399 0.467 0.235 0.036 0.372 
 103   (0.321) 0.350 0.196 0.428 0.281 0.303 0.455 0.327 0.331 0.204 0.177 0.361 0.233 0.484 
  99   (0.144) 0.009 0.393 0.085 0.068 0.169 0.075 0.147 0.145 0.197 0.032 0.203 0.416 0.042 
  95   (0.209) 0.456 0.101 0.235 0.188 0.222 0.378 0.205 0.203 0.191 0.323 0.198 0.178 0.099 
  97   (0.016) 0.001 0.003 0.002 0.003 0.018 0.001 0.016 0.016 0.007 0.000 0.001 0.137 0.003 
  91   (0.006) 0.000 0.001 0.001 0.001 0.006 0.001 0.006 0.006 0.002 0.000 0.001 0.001 0.001 

Locus 44 : 44 
7 alleles
0.2% missing data
 177   (0.079) 0.005 0.016 0.059 0.063 0.086 0.010 0.080 0.081 0.041 0.062 0.158 0.010 0.046 
 191   (0.282) 0.101 0.380 0.169 0.302 0.338 0.056 0.297 0.291 0.268 0.189 0.114 0.280 0.217 
 181   (0.576) 0.861 0.547 0.709 0.619 0.530 0.929 0.557 0.561 0.654 0.747 0.722 0.522 0.725 
 179   (0.041) 0.003 0.054 0.006 0.011 0.035 0.004 0.046 0.048 0.029 0.001 0.004 0.186 0.008 
 183   (0.009) 0.001 0.002 0.002 0.002 0.006 0.001 0.009 0.009 0.004 0.000 0.001 0.001 0.002 
 193   (0.007) 0.000 0.001 0.055 0.001 0.003 0.001 0.005 0.005 0.002 0.000 0.001 0.001 0.001 
 189   (0.006) 0.030 0.001 0.001 0.001 0.002 0.000 0.005 0.005 0.002 0.000 0.001 0.001 0.001 

Locus 45 : 45 
6 alleles
0.9% missing data
 205   (0.469) 0.406 0.493 0.502 0.534 0.506 0.868 0.481 0.478 0.370 0.501 0.540 0.250 0.541 
 211   (0.230) 0.276 0.293 0.095 0.190 0.218 0.047 0.232 0.232 0.337 0.252 0.119 0.345 0.232 
 207   (0.140) 0.199 0.044 0.247 0.094 0.134 0.062 0.138 0.139 0.100 0.126 0.189 0.017 0.167 
 201   (0.075) 0.005 0.086 0.055 0.080 0.056 0.013 0.068 0.069 0.111 0.070 0.110 0.377 0.043 
 215   (0.077) 0.113 0.084 0.098 0.100 0.071 0.009 0.073 0.073 0.078 0.050 0.041 0.010 0.016 
 202   (0.008) 0.000 0.001 0.001 0.001 0.015 0.001 0.008 0.007 0.003 0.000 0.001 0.001 0.002 

Locus 46 : 46 
10 alleles
1.1% missing data
 144   (0.063) 0.127 0.042 0.064 0.015 0.048 0.046 0.057 0.058 0.090 0.246 0.102 0.008 0.013 
 158   (0.154) 0.083 0.292 0.048 0.251 0.159 0.035 0.154 0.156 0.133 0.114 0.372 0.020 0.107 
 168   (0.138) 0.107 0.034 0.045 0.135 0.183 0.058 0.141 0.140 0.114 0.224 0.068 0.213 0.033 
 166   (0.141) 0.388 0.036 0.254 0.093 0.106 0.456 0.136 0.139 0.111 0.319 0.137 0.125 0.077 
 142   (0.378) 0.287 0.571 0.534 0.447 0.403 0.389 0.390 0.381 0.299 0.093 0.290 0.048 0.625 
 170   (0.013) 0.001 0.003 0.002 0.004 0.008 0.002 0.011 0.012 0.039 0.002 0.001 0.002 0.003 
 156   (0.025) 0.001 0.005 0.004 0.005 0.023 0.002 0.025 0.026 0.009 0.001 0.014 0.465 0.040 
 162   (0.043) 0.003 0.008 0.042 0.038 0.030 0.005 0.042 0.044 0.071 0.001 0.004 0.115 0.015 
 164   (0.038) 0.002 0.007 0.005 0.011 0.037 0.005 0.038 0.039 0.132 0.001 0.011 0.004 0.086 
 160   (0.006) 0.000 0.001 0.001 0.001 0.004 0.001 0.006 0.006 0.002 0.000 0.001 0.001 0.001 

Locus 47 : 47 
7 alleles
8.7% missing data
 149   (0.341) 0.337 0.467 0.401 0.087 0.359 0.469 0.351 0.349 0.309 0.215 0.189 0.354 0.374 
 151   (0.181) 0.012 0.344 0.098 0.367 0.159 0.117 0.176 0.178 0.167 0.200 0.556 0.085 0.213 
 153   (0.199) 0.027 0.109 0.414 0.184 0.197 0.111 0.202 0.200 0.157 0.363 0.140 0.031 0.239 
 147   (0.028) 0.002 0.008 0.004 0.005 0.018 0.003 0.026 0.026 0.061 0.034 0.029 0.004 0.006 
 145   (0.231) 0.621 0.066 0.081 0.354 0.255 0.298 0.229 0.229 0.268 0.184 0.083 0.523 0.164 
 152   (0.007) 0.000 0.003 0.001 0.002 0.003 0.001 0.005 0.006 0.003 0.002 0.001 0.001 0.001 
 143   (0.013) 0.001 0.003 0.002 0.003 0.009 0.001 0.012 0.012 0.035 0.000 0.001 0.002 0.002 

Values of parameters used in structure:
DATAFILE=temp2_no_plains.str,	OUTFILE=k13/temp2_no_plains_k13_run10,	NUMINDS=450,	NUMLOCI=47,	MISSING=-9,	LABEL=1,	POPDATA=1,	POPFLAG=0,	PHENOTYPE=0,	EXTRACOLS=0,	MAXPOPS=13,	BURNIN=500000,	NUMREPS=750000,	USEPOPINFO=0,	INFERALPHA=1,	INFERLAMBDA=0,	POPSPECIFICLAMBDA=0,	POPALPHAS=0,	COMPUTEPROB=1,	NOADMIX=0,	ADMBURNIN=500,	UPDATEFREQ=100,	PRINTLIKES=0,	INTERMEDSAVE=0,	PRINTKLD=0,	PRINTNET=1,	PRINTLAMBDA=1,	ANCESTDIST=0,	NUMBOXES=1000,	ANCESTPINT=0.90000,	GENSBACK=2,	MIGRPRIOR=0.01000,	PRINTQHAT=0,	PRINTQSUM=1,	ALPHA=1.0000,	FREQSCORR=1,	FPRIORMEAN=0.0100,	FPRIORSD=0.0500,	ONEFST=0,	LAMBDA=1.0000,	UNIFPRIORALPHA=1,	ALPHAMAX=10.0000,	ALPHAPRIORA=1.0000,	ALPHAPRIORB=2.0000,	ALPHAPROPSD=0.0250,	STARTATPOPINFO=0,	RANDOMIZE=0,	LINKAGE=0,	METROFREQ=10,	REPORTHITRATE=0,	MARKOVPHASE=0,	PHASED=1,	PLOIDY=2,	PHASEINFO=0	LOCPRIOR=0, 	LOCPRIORINIT=1.000000, 	LOCDATA=0, 	LOCISPOP=1, 	LOCPRIORSTEP=0.100000, 	MAXLOCPRIOR=20.000000, 	SEED=714146,	
[STRAT parameters]:    NUMSIMSTATS=1000,	PHENOTYPECOL=-9,	POOLFREQ=10,	LOCUSxONLY=0,	EMERROR=0.00100,	MISSINGPHENO=-9,	