

----------------------------------------------------
STRUCTURE by Pritchard, Stephens and Donnelly (2000)
     and Falush, Stephens and Pritchard (2003)
       Code by Pritchard, Falush and Hubisz
             Version 2.3.4 (Jul 2012)
----------------------------------------------------



Command line arguments:   structure -D 797151 -K 4 -m mainparams -o k4/temp2_no_plains_k4_run7 
Input File:    temp2_no_plains.str

Run parameters:
   450 individuals
   47 loci
   4 populations assumed
   500000 Burn-in period
   750000 Reps
RANDOMIZE turned off


--------------------------------------------
Proportion of membership of each pre-defined
 population in each of the 4 clusters

Given    Inferred Clusters              Number of
 Pop       1      2      3      4      Individuals

  1:     0.967  0.009  0.011  0.013       63
  2:     0.956  0.008  0.012  0.023       20
  3:     0.950  0.007  0.016  0.026       21
  4:     0.969  0.006  0.009  0.016       31
  5:     0.980  0.005  0.009  0.006       21
  6:     0.038  0.022  0.201  0.739       25
  7:     0.746  0.017  0.029  0.208        8
  8:     0.966  0.005  0.018  0.011       17
  9:     0.005  0.984  0.005  0.005       29
 10:     0.003  0.011  0.003  0.983        9
 11:     0.015  0.015  0.136  0.833       26
 12:     0.020  0.012  0.406  0.562       74
 13:     0.028  0.015  0.669  0.288       35
 14:     0.042  0.010  0.864  0.085       24
 15:     0.030  0.027  0.124  0.819       43
 16:     0.051  0.011  0.204  0.735        4
--------------------------------------------

Allele-freq. divergence among pops (Net nucleotide distance),
computed using point estimates of P.

      1       2       3       4      
 1      -    0.0704  0.0316  0.0251  
 2   0.0704     -    0.0607  0.0482  
 3   0.0316  0.0607     -    0.0122  
 4   0.0251  0.0482  0.0122     -    

Average distances (expected heterozygosity) between individuals in same cluster:
cluster  1  : 0.5581 
cluster  2  : 0.5507 
cluster  3  : 0.5966 
cluster  4  : 0.6466 

--------------------------------------------
Estimated Ln Prob of Data   = -48368.2
Mean value of ln likelihood = -48033.1
Variance of ln likelihood   = 670.1
Mean value of alpha         = 0.0349

Mean value of Fst_1         = 0.1155
Mean value of Fst_2         = 0.1958
Mean value of Fst_3         = 0.0459
Mean value of Fst_4         = 0.0048


Inferred ancestry of individuals:
        Label (%Miss) Pop:  Inferred clusters
  1      221    (0)    1 :  0.983 0.002 0.007 0.007 
  2      222    (0)    1 :  0.979 0.008 0.006 0.007 
  3      223    (0)    1 :  0.978 0.003 0.009 0.010 
  4      224    (0)    1 :  0.989 0.005 0.003 0.003 
  5      225    (0)    1 :  0.988 0.004 0.004 0.004 
  6      226    (0)    1 :  0.988 0.003 0.004 0.006 
  7      227    (0)    1 :  0.968 0.006 0.007 0.019 
  8      228    (0)    1 :  0.974 0.005 0.012 0.008 
  9      234    (0)    1 :  0.991 0.002 0.004 0.003 
 10      235    (0)    1 :  0.992 0.002 0.003 0.003 
 11      236    (0)    1 :  0.994 0.002 0.002 0.002 
 12      237    (0)    1 :  0.990 0.002 0.004 0.003 
 13      238    (0)    1 :  0.979 0.008 0.006 0.006 
 14      239    (0)    1 :  0.888 0.026 0.015 0.071 
 15      240    (0)    1 :  0.991 0.003 0.003 0.003 
 16      242    (0)    1 :  0.664 0.003 0.065 0.268 
 17      243    (0)    1 :  0.968 0.015 0.008 0.010 
 18      244    (0)    1 :  0.985 0.004 0.003 0.008 
 19      245    (0)    1 :  0.927 0.015 0.026 0.032 
 20      246    (0)    1 :  0.992 0.003 0.003 0.003 
 21      248    (0)    1 :  0.956 0.031 0.005 0.008 
 22      249    (0)    1 :  0.993 0.002 0.003 0.003 
 23      250    (0)    1 :  0.958 0.012 0.018 0.013 
 24      251    (0)    1 :  0.987 0.003 0.006 0.004 
 25      252    (0)    1 :  0.910 0.064 0.017 0.009 
 26      253    (0)    1 :  0.912 0.035 0.009 0.044 
 27      254    (0)    1 :  0.986 0.004 0.005 0.006 
 28      255    (0)    1 :  0.980 0.005 0.006 0.009 
 29      256    (0)    1 :  0.990 0.002 0.004 0.004 
 30      257    (0)    1 :  0.971 0.009 0.010 0.009 
 31      258    (0)    1 :  0.983 0.003 0.008 0.006 
 32      259    (0)    1 :  0.982 0.003 0.006 0.009 
 33      260    (0)    1 :  0.933 0.057 0.005 0.006 
 34      261    (0)    1 :  0.912 0.014 0.062 0.012 
 35      262    (0)    1 :  0.993 0.003 0.002 0.002 
 36      263    (0)    1 :  0.969 0.021 0.005 0.006 
 37      264    (0)    1 :  0.987 0.003 0.006 0.004 
 38      265    (0)    1 :  0.968 0.024 0.004 0.004 
 39      266    (0)    1 :  0.993 0.002 0.003 0.003 
 40      267    (0)    1 :  0.993 0.001 0.003 0.003 
 41      268    (0)    1 :  0.933 0.053 0.006 0.008 
 42      269    (0)    1 :  0.991 0.002 0.004 0.003 
 43      270    (0)    1 :  0.991 0.002 0.004 0.003 
 44      271    (0)    1 :  0.955 0.011 0.018 0.016 
 45      272    (0)    1 :  0.959 0.005 0.024 0.012 
 46      273    (0)    1 :  0.974 0.003 0.011 0.013 
 47      274    (0)    1 :  0.983 0.006 0.006 0.005 
 48      275    (2)    1 :  0.990 0.002 0.004 0.004 
 49      276    (0)    1 :  0.983 0.004 0.008 0.005 
 50      277    (0)    1 :  0.928 0.002 0.063 0.007 
 51      278    (0)    1 :  0.970 0.005 0.018 0.007 
 52      279    (0)    1 :  0.982 0.003 0.007 0.009 
 53      280    (0)    1 :  0.975 0.004 0.014 0.007 
 54      287    (0)    1 :  0.972 0.006 0.009 0.013 
 55      290    (0)    1 :  0.980 0.003 0.010 0.008 
 56      291    (0)    1 :  0.965 0.006 0.021 0.008 
 57      295    (0)    1 :  0.983 0.003 0.011 0.003 
 58      296    (0)    1 :  0.988 0.004 0.004 0.004 
 59      872    (2)    1 :  0.987 0.005 0.004 0.004 
 60      873    (4)    1 :  0.975 0.003 0.005 0.017 
 61      874    (2)    1 :  0.983 0.003 0.011 0.004 
 62      875    (0)    1 :  0.989 0.002 0.004 0.004 
 63      876    (6)    1 :  0.953 0.016 0.018 0.013 
 64      070    (0)   10 :  0.004 0.003 0.005 0.989 
 65      071    (0)   10 :  0.002 0.013 0.003 0.981 
 66      072    (0)   10 :  0.002 0.002 0.002 0.993 
 67      151    (0)   10 :  0.002 0.008 0.003 0.988 
 68      152    (0)   10 :  0.002 0.004 0.004 0.990 
 69      153    (2)   10 :  0.002 0.011 0.002 0.985 
 70      788    (4)   10 :  0.003 0.010 0.004 0.984 
 71      789    (2)   10 :  0.004 0.045 0.004 0.948 
 72      790    (0)   10 :  0.004 0.003 0.003 0.990 
 73      010    (0)   11 :  0.007 0.004 0.012 0.976 
 74      024    (0)   11 :  0.007 0.012 0.058 0.924 
 75      051    (0)   11 :  0.006 0.007 0.008 0.979 
 76      090    (0)   11 :  0.009 0.005 0.032 0.953 
 77      102    (0)   11 :  0.031 0.002 0.770 0.197 
 78      111    (0)   11 :  0.015 0.004 0.035 0.946 
 79      113    (0)   11 :  0.009 0.004 0.194 0.793 
 80      138    (0)   11 :  0.009 0.061 0.022 0.909 
 81      150    (0)   11 :  0.020 0.005 0.927 0.048 
 82      173    (2)   11 :  0.007 0.016 0.127 0.851 
 83      174    (2)   11 :  0.009 0.003 0.006 0.982 
 84      175    (0)   11 :  0.003 0.003 0.009 0.985 
 85      176    (0)   11 :  0.033 0.012 0.023 0.932 
 86      177    (0)   11 :  0.005 0.002 0.041 0.953 
 87      180    (0)   11 :  0.056 0.006 0.007 0.931 
 88      184    (0)   11 :  0.007 0.005 0.106 0.882 
 89      195    (0)   11 :  0.007 0.015 0.041 0.937 
 90      198    (0)   11 :  0.016 0.007 0.017 0.961 
 91      203    (0)   11 :  0.010 0.005 0.033 0.953 
 92      211    (0)   11 :  0.031 0.111 0.055 0.802 
 93      220    (0)   11 :  0.008 0.012 0.607 0.373 
 94      233    (0)   11 :  0.011 0.064 0.309 0.616 
 95      331    (0)   11 :  0.006 0.004 0.015 0.975 
 96      349    (0)   11 :  0.009 0.005 0.031 0.956 
 97      410    (0)   11 :  0.010 0.020 0.006 0.964 
 98      417    (2)   11 :  0.059 0.006 0.055 0.880 
 99      421    (0)   12 :  0.013 0.006 0.973 0.008 
100      423    (0)   12 :  0.008 0.002 0.009 0.981 
101      424    (0)   12 :  0.028 0.003 0.011 0.959 
102      433    (0)   12 :  0.006 0.025 0.902 0.067 
103      462    (0)   12 :  0.011 0.022 0.522 0.446 
104      463    (0)   12 :  0.017 0.004 0.030 0.949 
105      467    (0)   12 :  0.012 0.010 0.971 0.008 
106      468    (0)   12 :  0.017 0.002 0.963 0.018 
107      469    (0)   12 :  0.071 0.002 0.884 0.043 
108      472    (0)   12 :  0.008 0.008 0.050 0.934 
109      473    (0)   12 :  0.005 0.009 0.103 0.883 
110      474    (0)   12 :  0.010 0.012 0.972 0.006 
111      475    (0)   12 :  0.004 0.003 0.932 0.061 
112      476    (2)   12 :  0.005 0.025 0.954 0.016 
113      477    (0)   12 :  0.014 0.021 0.195 0.771 
114      478    (0)   12 :  0.037 0.003 0.297 0.663 
115      479    (0)   12 :  0.033 0.004 0.929 0.034 
116      480    (0)   12 :  0.003 0.003 0.989 0.006 
117      481    (0)   12 :  0.008 0.003 0.065 0.924 
118      482    (0)   12 :  0.008 0.048 0.158 0.786 
119      489    (0)   12 :  0.006 0.018 0.181 0.795 
120      490    (0)   12 :  0.036 0.004 0.018 0.942 
121      491    (0)   12 :  0.006 0.098 0.039 0.857 
122      492    (0)   12 :  0.030 0.018 0.887 0.065 
123      493    (0)   12 :  0.009 0.007 0.909 0.075 
124      494    (0)   12 :  0.005 0.034 0.670 0.291 
125      498    (0)   12 :  0.022 0.004 0.030 0.945 
126      499    (0)   12 :  0.009 0.007 0.021 0.964 
127      709    (0)   12 :  0.011 0.009 0.015 0.966 
128      710    (4)   12 :  0.008 0.003 0.491 0.499 
129      711    (2)   12 :  0.045 0.004 0.029 0.922 
130      712    (4)   12 :  0.030 0.004 0.089 0.877 
131      713    (0)   12 :  0.006 0.008 0.007 0.980 
132      714    (2)   12 :  0.008 0.002 0.980 0.010 
133      715    (4)   12 :  0.040 0.031 0.905 0.023 
134      716    (0)   12 :  0.004 0.003 0.986 0.007 
135      717    (2)   12 :  0.015 0.010 0.798 0.177 
136      718    (4)   12 :  0.030 0.002 0.154 0.814 
137      719    (0)   12 :  0.004 0.002 0.990 0.004 
138      720    (2)   12 :  0.009 0.009 0.970 0.012 
139      721    (0)   12 :  0.006 0.007 0.881 0.106 
140      722    (4)   12 :  0.009 0.002 0.985 0.004 
141      723    (0)   12 :  0.004 0.007 0.974 0.014 
142      724    (0)   12 :  0.045 0.008 0.931 0.016 
143      725    (0)   12 :  0.008 0.010 0.035 0.946 
144      726    (0)   12 :  0.005 0.005 0.734 0.255 
145      727    (0)   12 :  0.006 0.015 0.279 0.700 
146      728    (2)   12 :  0.009 0.006 0.014 0.972 
147      729    (6)   12 :  0.009 0.004 0.039 0.948 
148      730    (2)   12 :  0.025 0.005 0.049 0.921 
149      731    (2)   12 :  0.019 0.003 0.020 0.958 
150      732    (0)   12 :  0.018 0.007 0.599 0.376 
151      733    (0)   12 :  0.027 0.003 0.202 0.767 
152      734    (2)   12 :  0.009 0.080 0.043 0.868 
153      735    (4)   12 :  0.008 0.010 0.190 0.792 
154      736    (2)   12 :  0.005 0.016 0.012 0.968 
155      737    (0)   12 :  0.017 0.004 0.009 0.970 
156      738    (2)   12 :  0.010 0.005 0.012 0.973 
157      739    (8)   12 :  0.013 0.007 0.095 0.885 
158      740    (4)   12 :  0.011 0.003 0.307 0.679 
159      741    (2)   12 :  0.167 0.034 0.268 0.531 
160      742    (4)   12 :  0.012 0.004 0.016 0.967 
161      743    (2)   12 :  0.006 0.011 0.974 0.010 
162      744    (0)   12 :  0.005 0.006 0.227 0.762 
163      745    (0)   12 :  0.075 0.006 0.831 0.088 
164      746    (2)   12 :  0.008 0.006 0.008 0.978 
165      747    (2)   12 :  0.049 0.018 0.021 0.912 
166      748    (0)   12 :  0.119 0.016 0.048 0.816 
167      749    (2)   12 :  0.010 0.013 0.007 0.970 
168      750    (4)   12 :  0.014 0.005 0.014 0.966 
169      751    (0)   12 :  0.015 0.006 0.018 0.961 
170      752    (2)   12 :  0.019 0.002 0.968 0.011 
171      753    (4)   12 :  0.046 0.049 0.162 0.744 
172      754    (2)   12 :  0.005 0.005 0.013 0.978 
173      155    (0)   13 :  0.043 0.055 0.036 0.866 
174      156    (2)   13 :  0.012 0.004 0.010 0.973 
175      157    (2)   13 :  0.006 0.009 0.028 0.957 
176      158    (0)   13 :  0.010 0.007 0.029 0.954 
177      159    (0)   13 :  0.041 0.003 0.025 0.931 
178      160    (0)   13 :  0.013 0.011 0.851 0.125 
179      161    (0)   13 :  0.006 0.010 0.124 0.860 
180      162    (0)   13 :  0.008 0.006 0.702 0.284 
181      163    (2)   13 :  0.004 0.003 0.011 0.981 
182      164    (0)   13 :  0.073 0.022 0.043 0.861 
183      165    (2)   13 :  0.011 0.007 0.010 0.972 
184      427    (0)   13 :  0.007 0.089 0.888 0.016 
185      428    (0)   13 :  0.009 0.004 0.980 0.006 
186      429    (0)   13 :  0.006 0.003 0.984 0.007 
187      430    (0)   13 :  0.109 0.005 0.460 0.426 
188      431    (0)   13 :  0.025 0.003 0.964 0.008 
189      435    (0)   13 :  0.003 0.002 0.992 0.003 
190      436    (0)   13 :  0.006 0.003 0.987 0.004 
191      437    (0)   13 :  0.029 0.004 0.962 0.005 
192      438    (0)   13 :  0.027 0.002 0.961 0.010 
193      439    (0)   13 :  0.016 0.004 0.946 0.034 
194      441    (0)   13 :  0.011 0.004 0.971 0.015 
195      442    (0)   13 :  0.009 0.192 0.784 0.014 
196      443    (4)   13 :  0.009 0.002 0.983 0.006 
197      444    (4)   13 :  0.007 0.015 0.969 0.008 
198      445    (2)   13 :  0.053 0.004 0.905 0.038 
199      446    (0)   13 :  0.003 0.007 0.982 0.008 
200      447    (0)   13 :  0.012 0.004 0.976 0.008 
201      449    (0)   13 :  0.007 0.005 0.985 0.003 
202      460    (0)   13 :  0.014 0.005 0.974 0.008 
203      461    (0)   13 :  0.042 0.009 0.885 0.065 
204      484    (0)   13 :  0.317 0.013 0.111 0.559 
205      485    (0)   13 :  0.005 0.004 0.986 0.005 
206      486    (0)   13 :  0.012 0.004 0.948 0.036 
207      487    (0)   13 :  0.005 0.008 0.973 0.014 
208      178    (0)   14 :  0.003 0.005 0.977 0.015 
209      422    (0)   14 :  0.011 0.003 0.980 0.006 
210      425    (0)   14 :  0.005 0.003 0.983 0.010 
211      426    (0)   14 :  0.004 0.016 0.030 0.950 
212      432    (0)   14 :  0.018 0.011 0.838 0.133 
213      434    (0)   14 :  0.007 0.007 0.981 0.006 
214      440    (0)   14 :  0.004 0.019 0.935 0.041 
215      448    (2)   14 :  0.017 0.019 0.957 0.007 
216      456    (0)   14 :  0.299 0.014 0.487 0.200 
217      457    (0)   14 :  0.019 0.004 0.960 0.017 
218      458    (0)   14 :  0.015 0.020 0.601 0.364 
219      459    (0)   14 :  0.007 0.004 0.977 0.012 
220      464    (0)   14 :  0.003 0.006 0.986 0.005 
221      465    (0)   14 :  0.004 0.002 0.988 0.006 
222      466    (0)   14 :  0.016 0.004 0.970 0.009 
223      470    (0)   14 :  0.003 0.004 0.989 0.004 
224      471    (0)   14 :  0.008 0.004 0.968 0.020 
225      483    (0)   14 :  0.006 0.012 0.947 0.035 
226      488    (0)   14 :  0.014 0.006 0.958 0.023 
227      495    (0)   14 :  0.012 0.003 0.978 0.008 
228      496    (0)   14 :  0.003 0.002 0.986 0.009 
229      497    (0)   14 :  0.011 0.046 0.934 0.009 
230      500    (0)   14 :  0.511 0.003 0.349 0.137 
231      879    (0)   14 :  0.004 0.015 0.969 0.012 
232      036    (0)   15 :  0.012 0.002 0.029 0.956 
233      063    (2)   15 :  0.025 0.016 0.149 0.809 
234      094    (4)   15 :  0.130 0.009 0.165 0.697 
235      103    (4)   15 :  0.009 0.007 0.011 0.973 
236      112    (0)   15 :  0.008 0.004 0.008 0.980 
237      114    (2)   15 :  0.007 0.008 0.246 0.739 
238      120    (0)   15 :  0.054 0.005 0.055 0.887 
239      127    (2)   15 :  0.011 0.007 0.022 0.960 
240      147    (0)   15 :  0.003 0.005 0.011 0.981 
241      166    (0)   15 :  0.005 0.014 0.026 0.956 
242      167    (0)   15 :  0.017 0.007 0.574 0.402 
243      168    (0)   15 :  0.007 0.005 0.033 0.954 
244      169    (2)   15 :  0.012 0.006 0.589 0.393 
245      170    (0)   15 :  0.015 0.031 0.016 0.938 
246      171    (2)   15 :  0.066 0.004 0.008 0.921 
247      172    (0)   15 :  0.030 0.004 0.027 0.939 
248      185    (0)   15 :  0.006 0.006 0.132 0.856 
249      199    (2)   15 :  0.010 0.253 0.029 0.708 
250      339    (0)   15 :  0.008 0.007 0.849 0.137 
251      355    (0)   15 :  0.004 0.058 0.005 0.933 
252      356    (0)   15 :  0.004 0.006 0.012 0.978 
253      357    (0)   15 :  0.010 0.013 0.015 0.962 
254      358    (0)   15 :  0.014 0.004 0.026 0.956 
255      359    (0)   15 :  0.005 0.008 0.011 0.975 
256      360    (0)   15 :  0.015 0.004 0.071 0.910 
257      361    (0)   15 :  0.007 0.004 0.583 0.406 
258      362    (0)   15 :  0.280 0.009 0.138 0.573 
259      363    (0)   15 :  0.009 0.028 0.024 0.939 
260      364    (0)   15 :  0.269 0.062 0.048 0.621 
261      365    (0)   15 :  0.014 0.004 0.253 0.729 
262      366    (0)   15 :  0.006 0.003 0.007 0.984 
263      367    (0)   15 :  0.017 0.003 0.017 0.964 
264      368    (0)   15 :  0.043 0.004 0.008 0.944 
265      369    (0)   15 :  0.004 0.005 0.007 0.984 
266      370    (0)   15 :  0.008 0.008 0.016 0.968 
267      371    (0)   15 :  0.030 0.007 0.019 0.943 
268      372    (0)   15 :  0.011 0.331 0.629 0.029 
269      373    (0)   15 :  0.007 0.043 0.048 0.903 
270      380    (0)   15 :  0.030 0.010 0.017 0.943 
271      388    (0)   15 :  0.010 0.016 0.008 0.966 
272      418    (0)   15 :  0.029 0.045 0.029 0.897 
273      419    (0)   15 :  0.011 0.003 0.112 0.873 
274      420    (0)   15 :  0.041 0.065 0.246 0.649 
275      409    (0)   16 :  0.031 0.005 0.228 0.735 
276      414    (0)   16 :  0.042 0.010 0.051 0.897 
277      415    (2)   16 :  0.008 0.013 0.014 0.965 
278      416    (0)   16 :  0.121 0.016 0.520 0.343 
279      571    (0)    2 :  0.975 0.004 0.015 0.006 
280      572    (0)    2 :  0.977 0.004 0.005 0.014 
281      573    (2)    2 :  0.987 0.003 0.005 0.005 
282      574    (0)    2 :  0.987 0.002 0.005 0.005 
283      575    (2)    2 :  0.969 0.006 0.011 0.013 
284      576    (0)    2 :  0.992 0.003 0.003 0.002 
285      577    (0)    2 :  0.984 0.006 0.006 0.004 
286      578    (0)    2 :  0.986 0.007 0.005 0.003 
287      579    (0)    2 :  0.986 0.004 0.008 0.003 
288      580    (0)    2 :  0.991 0.002 0.004 0.003 
289      581    (0)    2 :  0.991 0.002 0.004 0.002 
290      582    (4)    2 :  0.930 0.026 0.016 0.028 
291      583    (0)    2 :  0.590 0.028 0.085 0.298 
292      584    (0)    2 :  0.970 0.007 0.016 0.007 
293      585    (0)    2 :  0.987 0.002 0.007 0.003 
294      586    (2)    2 :  0.982 0.008 0.006 0.004 
295      587    (0)    2 :  0.992 0.002 0.003 0.003 
296      588    (0)    2 :  0.957 0.010 0.012 0.021 
297      589    (0)    2 :  0.911 0.030 0.028 0.031 
298      590    (0)    2 :  0.983 0.008 0.005 0.004 
299      527    (2)    3 :  0.977 0.008 0.009 0.005 
300      528    (4)    3 :  0.928 0.011 0.010 0.051 
301      529    (4)    3 :  0.965 0.004 0.018 0.013 
302      530    (0)    3 :  0.984 0.005 0.003 0.008 
303      531    (2)    3 :  0.986 0.004 0.004 0.006 
304      532    (4)    3 :  0.960 0.003 0.006 0.032 
305      533    (0)    3 :  0.935 0.003 0.026 0.036 
306      534    (2)    3 :  0.987 0.004 0.004 0.004 
307      535    (2)    3 :  0.976 0.003 0.010 0.012 
308      536    (2)    3 :  0.989 0.002 0.004 0.004 
309      537    (2)    3 :  0.977 0.013 0.006 0.004 
310      538    (2)    3 :  0.935 0.006 0.029 0.031 
311      539    (2)    3 :  0.991 0.002 0.003 0.004 
312      540    (2)    3 :  0.976 0.002 0.014 0.009 
313      541    (2)    3 :  0.977 0.003 0.014 0.006 
314      542    (2)    3 :  0.945 0.011 0.033 0.012 
315      543    (0)    3 :  0.810 0.020 0.084 0.087 
316      544    (2)    3 :  0.992 0.002 0.003 0.003 
317      545    (2)    3 :  0.959 0.002 0.018 0.020 
318      546    (4)    3 :  0.809 0.002 0.027 0.162 
319      547    (6)    3 :  0.900 0.042 0.018 0.039 
320      019    (0)    4 :  0.973 0.004 0.015 0.009 
321      064    (0)    4 :  0.990 0.004 0.003 0.003 
322      065    (0)    4 :  0.994 0.002 0.003 0.002 
323      066    (0)    4 :  0.975 0.003 0.013 0.008 
324      067    (0)    4 :  0.925 0.020 0.018 0.037 
325      068    (0)    4 :  0.964 0.021 0.008 0.006 
326      069    (0)    4 :  0.989 0.003 0.004 0.005 
327      107    (0)    4 :  0.985 0.003 0.007 0.005 
328      110    (0)    4 :  0.900 0.005 0.011 0.084 
329      121    (0)    4 :  0.989 0.003 0.004 0.003 
330      137    (0)    4 :  0.915 0.003 0.032 0.049 
331      146    (0)    4 :  0.962 0.003 0.009 0.027 
332      149    (0)    4 :  0.951 0.005 0.015 0.028 
333      154    (0)    4 :  0.956 0.032 0.005 0.006 
334      179    (0)    4 :  0.988 0.004 0.004 0.004 
335      181    (0)    4 :  0.990 0.002 0.003 0.005 
336      182    (0)    4 :  0.973 0.013 0.006 0.009 
337      186    (0)    4 :  0.931 0.005 0.021 0.043 
338      193    (0)    4 :  0.986 0.003 0.005 0.005 
339      320    (0)    4 :  0.980 0.007 0.005 0.008 
340      341    (0)    4 :  0.974 0.004 0.014 0.007 
341      376    (0)    4 :  0.983 0.003 0.006 0.009 
342      395    (0)    4 :  0.979 0.003 0.012 0.006 
343      396    (0)    4 :  0.993 0.002 0.002 0.003 
344      397    (0)    4 :  0.987 0.006 0.003 0.004 
345      398    (0)    4 :  0.989 0.003 0.003 0.005 
346      399    (0)    4 :  0.987 0.004 0.004 0.006 
347      400    (0)    4 :  0.972 0.003 0.004 0.020 
348      401    (0)    4 :  0.981 0.003 0.006 0.009 
349      402    (0)    4 :  0.910 0.010 0.007 0.073 
350      403    (0)    4 :  0.976 0.003 0.012 0.009 
351      073    (0)    5 :  0.987 0.002 0.006 0.004 
352      074    (0)    5 :  0.985 0.005 0.004 0.005 
353      075    (0)    5 :  0.985 0.005 0.006 0.005 
354      076    (0)    5 :  0.981 0.007 0.006 0.006 
355      077    (0)    5 :  0.975 0.009 0.010 0.006 
356      078    (0)    5 :  0.968 0.006 0.007 0.018 
357      079    (0)    5 :  0.979 0.003 0.008 0.011 
358      080    (0)    5 :  0.971 0.020 0.004 0.005 
359      081    (0)    5 :  0.978 0.003 0.013 0.006 
360      082    (0)    5 :  0.991 0.003 0.003 0.003 
361      083    (0)    5 :  0.989 0.002 0.004 0.005 
362      084    (0)    5 :  0.989 0.002 0.006 0.004 
363      085    (0)    5 :  0.918 0.003 0.067 0.013 
364      404    (0)    5 :  0.990 0.003 0.004 0.003 
365      405    (0)    5 :  0.987 0.002 0.006 0.004 
366      406    (0)    5 :  0.984 0.004 0.004 0.007 
367      407    (0)    5 :  0.988 0.003 0.005 0.004 
368      408    (0)    5 :  0.985 0.006 0.005 0.004 
369      411    (2)    5 :  0.991 0.003 0.004 0.003 
370      412    (0)    5 :  0.968 0.009 0.014 0.009 
371      413    (0)    5 :  0.991 0.002 0.004 0.003 
372      591    (0)    6 :  0.007 0.008 0.217 0.768 
373      592    (0)    6 :  0.029 0.019 0.861 0.091 
374      593    (0)    6 :  0.030 0.004 0.031 0.934 
375      594    (0)    6 :  0.075 0.020 0.364 0.541 
376      595    (0)    6 :  0.017 0.016 0.007 0.960 
377      596    (0)    6 :  0.027 0.105 0.026 0.841 
378      597    (0)    6 :  0.206 0.011 0.134 0.649 
379      598    (0)    6 :  0.018 0.043 0.102 0.837 
380      599    (0)    6 :  0.009 0.007 0.937 0.047 
381      600    (0)    6 :  0.008 0.030 0.007 0.954 
382      601    (0)    6 :  0.096 0.004 0.298 0.602 
383      602    (0)    6 :  0.038 0.013 0.082 0.866 
384      603    (0)    6 :  0.007 0.010 0.950 0.034 
385      604    (0)    6 :  0.021 0.021 0.008 0.950 
386      605    (0)    6 :  0.013 0.024 0.010 0.953 
387      606    (0)    6 :  0.006 0.015 0.029 0.949 
388      607    (0)    6 :  0.029 0.030 0.010 0.931 
389      608    (0)    6 :  0.016 0.009 0.332 0.643 
390      609    (0)    6 :  0.011 0.005 0.016 0.968 
391      610    (0)    6 :  0.035 0.009 0.058 0.897 
392      611    (2)    6 :  0.082 0.014 0.024 0.880 
393      612    (0)    6 :  0.024 0.066 0.099 0.811 
394      755    (0)    6 :  0.045 0.060 0.135 0.761 
395      756    (0)    6 :  0.085 0.006 0.211 0.698 
396      757    (0)    6 :  0.015 0.012 0.076 0.897 
397      002    (0)    7 :  0.988 0.002 0.005 0.006 
398      099    (2)    7 :  0.003 0.100 0.018 0.880 
399      641    (2)    7 :  0.599 0.005 0.038 0.358 
400      642    (0)    7 :  0.978 0.003 0.011 0.008 
401      643    (2)    7 :  0.962 0.003 0.021 0.014 
402      644    (0)    7 :  0.974 0.008 0.013 0.006 
403      645    (0)    7 :  0.821 0.003 0.068 0.108 
404      646    (0)    7 :  0.643 0.011 0.061 0.285 
405      006    (0)    8 :  0.963 0.003 0.015 0.019 
406      011    (0)    8 :  0.991 0.003 0.003 0.003 
407      033    (2)    8 :  0.980 0.003 0.010 0.007 
408      048    (0)    8 :  0.828 0.005 0.152 0.015 
409      061    (0)    8 :  0.917 0.003 0.027 0.053 
410      088    (0)    8 :  0.970 0.008 0.012 0.010 
411      091    (0)    8 :  0.982 0.003 0.006 0.008 
412      098    (0)    8 :  0.978 0.003 0.014 0.005 
413      104    (0)    8 :  0.992 0.002 0.004 0.002 
414      196    (0)    8 :  0.977 0.005 0.008 0.010 
415      197    (0)    8 :  0.962 0.012 0.012 0.014 
416      201    (0)    8 :  0.988 0.001 0.005 0.005 
417      202    (0)    8 :  0.953 0.018 0.016 0.013 
418      204    (0)    8 :  0.987 0.002 0.007 0.004 
419      231    (0)    8 :  0.985 0.004 0.008 0.003 
420      328    (0)    8 :  0.987 0.002 0.005 0.005 
421      346    (0)    8 :  0.985 0.006 0.004 0.005 
422      212    (0)    9 :  0.002 0.992 0.003 0.002 
423      213    (0)    9 :  0.004 0.986 0.006 0.004 
424      214    (0)    9 :  0.004 0.988 0.003 0.005 
425      215    (0)    9 :  0.005 0.986 0.005 0.004 
426      216    (0)    9 :  0.004 0.989 0.004 0.003 
427      217    (0)    9 :  0.005 0.986 0.005 0.005 
428      218    (0)    9 :  0.003 0.991 0.003 0.003 
429      332    (0)    9 :  0.015 0.955 0.018 0.012 
430      333    (0)    9 :  0.016 0.952 0.009 0.023 
431      334    (0)    9 :  0.006 0.984 0.005 0.005 
432      335    (0)    9 :  0.002 0.992 0.003 0.003 
433      336    (0)    9 :  0.003 0.991 0.003 0.003 
434      337    (0)    9 :  0.010 0.981 0.003 0.006 
435      673    (0)    9 :  0.002 0.995 0.002 0.001 
436      674    (0)    9 :  0.004 0.987 0.004 0.005 
437      675    (0)    9 :  0.004 0.986 0.006 0.005 
438      676    (0)    9 :  0.003 0.986 0.007 0.004 
439      677    (0)    9 :  0.005 0.989 0.003 0.003 
440      678    (0)    9 :  0.013 0.965 0.010 0.013 
441      679    (0)    9 :  0.006 0.974 0.008 0.013 
442      680    (0)    9 :  0.004 0.983 0.008 0.006 
443      681    (0)    9 :  0.005 0.985 0.004 0.005 
444      682    (0)    9 :  0.002 0.994 0.002 0.002 
445      683    (0)    9 :  0.004 0.987 0.004 0.005 
446      684    (0)    9 :  0.003 0.988 0.005 0.005 
447      685    (0)    9 :  0.003 0.987 0.004 0.006 
448      686    (0)    9 :  0.002 0.994 0.002 0.002 
449      687    (0)    9 :  0.002 0.993 0.003 0.002 
450      688    (0)    9 :  0.006 0.985 0.006 0.003 


Estimated Allele Frequencies in each cluster
First column gives estimated ancestral frequencies


Locus 1 : 1 
4 alleles
0.0% missing data
  89   (0.529) 0.577 0.633 0.529 0.535 
  91   (0.387) 0.358 0.315 0.414 0.390 
  99   (0.021) 0.000 0.001 0.017 0.019 
  93   (0.063) 0.065 0.050 0.039 0.056 

Locus 2 : 2 
6 alleles
1.1% missing data
 136   (0.371) 0.547 0.452 0.124 0.401 
 134   (0.245) 0.157 0.378 0.273 0.237 
 138   (0.291) 0.236 0.164 0.458 0.278 
 140   (0.056) 0.059 0.004 0.046 0.051 
 132   (0.023) 0.001 0.001 0.008 0.023 
 142   (0.014) 0.000 0.001 0.090 0.009 

Locus 3 : 3 
6 alleles
0.0% missing data
 181   (0.255) 0.207 0.079 0.320 0.251 
 187   (0.352) 0.518 0.269 0.221 0.361 
 179   (0.245) 0.255 0.016 0.256 0.253 
 191   (0.031) 0.018 0.192 0.006 0.024 
 175   (0.042) 0.001 0.003 0.113 0.040 
 185   (0.074) 0.002 0.441 0.084 0.072 

Locus 4 : 4 
12 alleles
0.2% missing data
 253   (0.511) 0.698 0.474 0.529 0.528 
 249   (0.021) 0.064 0.001 0.002 0.019 
 271   (0.034) 0.031 0.002 0.018 0.030 
 241   (0.157) 0.074 0.151 0.138 0.163 
 257   (0.007) 0.001 0.000 0.001 0.004 
 269   (0.168) 0.129 0.104 0.242 0.164 
 245   (0.007) 0.000 0.000 0.001 0.005 
 247   (0.061) 0.001 0.265 0.061 0.062 
 239   (0.011) 0.000 0.001 0.002 0.010 
 273   (0.009) 0.000 0.001 0.001 0.008 
 267   (0.007) 0.002 0.000 0.001 0.004 
 255   (0.007) 0.000 0.000 0.005 0.003 

Locus 5 : 5 
6 alleles
0.7% missing data
 103   (0.851) 0.985 0.976 0.936 0.847 
 104   (0.065) 0.013 0.004 0.030 0.069 
 105   (0.046) 0.001 0.003 0.029 0.051 
 102   (0.016) 0.000 0.001 0.003 0.016 
 107   (0.011) 0.000 0.001 0.001 0.011 
 101   (0.011) 0.000 0.014 0.001 0.007 

Locus 6 : 6 
5 alleles
0.2% missing data
 141   (0.246) 0.545 0.141 0.297 0.234 
 145   (0.443) 0.180 0.267 0.488 0.461 
 135   (0.222) 0.212 0.284 0.194 0.219 
 147   (0.077) 0.062 0.307 0.018 0.076 
 137   (0.012) 0.000 0.001 0.003 0.010 

Locus 7 : 7 
10 alleles
1.3% missing data
  93   (0.234) 0.354 0.076 0.289 0.234 
 103   (0.322) 0.368 0.505 0.358 0.324 
  91   (0.067) 0.028 0.150 0.032 0.065 
  97   (0.180) 0.160 0.257 0.134 0.184 
  85   (0.046) 0.037 0.003 0.031 0.043 
  89   (0.070) 0.052 0.005 0.105 0.067 
  83   (0.055) 0.001 0.003 0.047 0.063 
 105   (0.012) 0.000 0.001 0.003 0.010 
 101   (0.007) 0.000 0.000 0.001 0.005 
  99   (0.007) 0.000 0.000 0.001 0.005 

Locus 8 : 8 
8 alleles
0.0% missing data
 129   (0.530) 0.662 0.632 0.649 0.528 
 141   (0.055) 0.099 0.202 0.024 0.047 
 149   (0.072) 0.118 0.018 0.078 0.064 
 143   (0.290) 0.120 0.143 0.233 0.313 
 127   (0.015) 0.000 0.001 0.002 0.016 
 131   (0.013) 0.000 0.002 0.006 0.009 
 133   (0.018) 0.000 0.001 0.008 0.017 
 145   (0.007) 0.000 0.000 0.001 0.005 

Locus 9 : 9 
5 alleles
0.0% missing data
 191   (0.391) 0.569 0.539 0.337 0.391 
 195   (0.166) 0.161 0.059 0.228 0.159 
 189   (0.429) 0.268 0.401 0.432 0.442 
 197   (0.007) 0.000 0.000 0.002 0.005 
 193   (0.007) 0.003 0.001 0.001 0.003 

Locus 10 : 10 
7 alleles
0.2% missing data
 232   (0.256) 0.305 0.279 0.154 0.265 
 238   (0.544) 0.549 0.351 0.763 0.539 
 252   (0.105) 0.127 0.038 0.071 0.102 
 254   (0.058) 0.019 0.251 0.007 0.062 
 250   (0.011) 0.000 0.001 0.001 0.011 
 236   (0.007) 0.000 0.001 0.001 0.005 
 248   (0.019) 0.000 0.079 0.003 0.017 

Locus 11 : 11 
4 alleles
0.0% missing data
  87   (0.695) 0.624 0.541 0.821 0.701 
  89   (0.242) 0.319 0.378 0.152 0.245 
  91   (0.050) 0.056 0.080 0.025 0.041 
  85   (0.013) 0.000 0.001 0.002 0.013 

Locus 12 : 12 
13 alleles
0.2% missing data
 160   (0.216) 0.128 0.698 0.237 0.213 
 162   (0.262) 0.223 0.240 0.308 0.263 
 147   (0.046) 0.151 0.003 0.037 0.040 
 158   (0.220) 0.462 0.028 0.171 0.231 
 161   (0.110) 0.026 0.023 0.109 0.115 
 170   (0.047) 0.008 0.003 0.040 0.046 
 143   (0.032) 0.001 0.002 0.010 0.038 
 154   (0.017) 0.000 0.001 0.002 0.019 
 149   (0.017) 0.000 0.001 0.064 0.012 
 153   (0.011) 0.000 0.001 0.001 0.011 
 150   (0.007) 0.000 0.000 0.006 0.003 
 159   (0.009) 0.000 0.001 0.014 0.005 
 164   (0.007) 0.000 0.000 0.001 0.005 

Locus 13 : 13 
5 alleles
0.0% missing data
 108   (0.212) 0.172 0.199 0.116 0.222 
 115   (0.428) 0.543 0.293 0.528 0.422 
 113   (0.346) 0.285 0.507 0.355 0.346 
 109   (0.007) 0.000 0.000 0.001 0.005 
 110   (0.007) 0.000 0.000 0.001 0.005 

Locus 14 : 14 
5 alleles
0.9% missing data
 227   (0.127) 0.252 0.021 0.270 0.112 
 231   (0.196) 0.099 0.350 0.046 0.223 
 229   (0.484) 0.480 0.418 0.516 0.484 
 225   (0.133) 0.076 0.206 0.123 0.127 
 233   (0.059) 0.093 0.004 0.045 0.054 

Locus 15 : 15 
5 alleles
0.2% missing data
 143   (0.831) 0.967 0.818 0.872 0.836 
 157   (0.008) 0.014 0.000 0.001 0.003 
 145   (0.093) 0.018 0.007 0.070 0.099 
 147   (0.051) 0.001 0.143 0.055 0.047 
 133   (0.018) 0.000 0.031 0.002 0.015 

Locus 16 : 16 
5 alleles
0.2% missing data
 156   (0.271) 0.262 0.491 0.214 0.274 
 158   (0.502) 0.526 0.210 0.609 0.510 
 160   (0.126) 0.171 0.114 0.135 0.117 
 154   (0.092) 0.041 0.184 0.032 0.095 
 152   (0.008) 0.000 0.000 0.010 0.003 

Locus 17 : 17 
5 alleles
0.0% missing data
 102   (0.182) 0.229 0.200 0.220 0.171 
  90   (0.683) 0.725 0.790 0.715 0.684 
  88   (0.069) 0.045 0.006 0.040 0.070 
 100   (0.059) 0.001 0.004 0.020 0.073 
 104   (0.007) 0.000 0.000 0.006 0.003 

Locus 18 : 18 
7 alleles
0.0% missing data
 142   (0.110) 0.409 0.007 0.100 0.107 
 146   (0.076) 0.154 0.219 0.102 0.062 
 140   (0.305) 0.149 0.189 0.285 0.319 
 127   (0.317) 0.212 0.071 0.287 0.336 
 148   (0.091) 0.054 0.212 0.074 0.084 
 138   (0.053) 0.021 0.004 0.036 0.051 
 150   (0.049) 0.001 0.298 0.116 0.042 

Locus 19 : 19 
7 alleles
0.0% missing data
 188   (0.175) 0.133 0.169 0.153 0.173 
 190   (0.123) 0.371 0.203 0.180 0.106 
 194   (0.593) 0.494 0.486 0.519 0.615 
 200   (0.080) 0.002 0.006 0.145 0.085 
 192   (0.007) 0.000 0.000 0.001 0.005 
 202   (0.015) 0.000 0.135 0.002 0.011 
 196   (0.007) 0.000 0.000 0.001 0.005 

Locus 20 : 20 
6 alleles
0.9% missing data
 252   (0.688) 0.821 0.720 0.768 0.705 
 250   (0.093) 0.090 0.143 0.061 0.089 
 244   (0.019) 0.014 0.001 0.007 0.014 
 254   (0.074) 0.029 0.082 0.086 0.066 
 246   (0.099) 0.036 0.052 0.070 0.101 
 248   (0.027) 0.010 0.002 0.008 0.024 

Locus 21 : 21 
7 alleles
0.2% missing data
 173   (0.263) 0.330 0.211 0.478 0.246 
 177   (0.257) 0.322 0.173 0.257 0.256 
 175   (0.174) 0.033 0.257 0.083 0.192 
 167   (0.185) 0.304 0.123 0.130 0.186 
 163   (0.036) 0.002 0.213 0.010 0.033 
 159   (0.024) 0.001 0.001 0.006 0.027 
 165   (0.061) 0.009 0.023 0.037 0.061 

Locus 22 : 22 
11 alleles
0.7% missing data
 146   (0.211) 0.256 0.145 0.299 0.205 
 154   (0.008) 0.052 0.000 0.001 0.003 
 166   (0.089) 0.063 0.006 0.049 0.096 
 152   (0.443) 0.586 0.377 0.547 0.447 
 150   (0.029) 0.009 0.002 0.017 0.024 
 164   (0.031) 0.016 0.002 0.012 0.028 
 148   (0.015) 0.000 0.001 0.002 0.016 
 158   (0.096) 0.016 0.109 0.030 0.107 
 162   (0.051) 0.001 0.069 0.024 0.055 
 156   (0.015) 0.000 0.288 0.008 0.009 
 142   (0.013) 0.000 0.001 0.012 0.009 

Locus 23 : 23 
7 alleles
0.9% missing data
 152   (0.009) 0.060 0.001 0.001 0.004 
 156   (0.130) 0.045 0.039 0.060 0.143 
 144   (0.200) 0.172 0.617 0.211 0.193 
 160   (0.106) 0.184 0.107 0.115 0.096 
 154   (0.519) 0.533 0.235 0.603 0.531 
 158   (0.027) 0.006 0.002 0.009 0.025 
 146   (0.009) 0.000 0.001 0.001 0.008 

Locus 24 : 24 
4 alleles
0.4% missing data
  77   (0.083) 0.257 0.053 0.073 0.071 
  83   (0.495) 0.489 0.917 0.440 0.493 
  81   (0.340) 0.228 0.024 0.403 0.354 
  85   (0.083) 0.026 0.006 0.084 0.083 

Locus 25 : 25 
6 alleles
0.4% missing data
 132   (0.331) 0.481 0.452 0.322 0.325 
 124   (0.519) 0.450 0.538 0.554 0.522 
 126   (0.019) 0.048 0.001 0.002 0.015 
 122   (0.093) 0.020 0.006 0.116 0.095 
 120   (0.024) 0.001 0.001 0.003 0.030 
 136   (0.014) 0.000 0.001 0.003 0.013 

Locus 26 : 26 
7 alleles
0.2% missing data
 165   (0.249) 0.154 0.063 0.262 0.257 
 183   (0.363) 0.538 0.426 0.333 0.362 
 179   (0.086) 0.064 0.006 0.075 0.086 
 175   (0.227) 0.243 0.440 0.313 0.214 
 181   (0.059) 0.001 0.064 0.015 0.068 
 185   (0.009) 0.000 0.001 0.001 0.008 
 157   (0.007) 0.000 0.000 0.001 0.005 

Locus 27 : 27 
4 alleles
0.2% missing data
 142   (0.628) 0.673 0.737 0.734 0.619 
 148   (0.229) 0.113 0.076 0.118 0.250 
 138   (0.040) 0.200 0.003 0.020 0.034 
 150   (0.102) 0.014 0.185 0.129 0.097 

Locus 28 : 28 
6 alleles
0.9% missing data
 260   (0.346) 0.366 0.374 0.484 0.336 
 262   (0.548) 0.623 0.551 0.435 0.570 
 256   (0.072) 0.010 0.072 0.054 0.070 
 258   (0.011) 0.000 0.001 0.001 0.011 
 266   (0.007) 0.000 0.000 0.005 0.003 
 264   (0.015) 0.000 0.001 0.021 0.011 

Locus 29 : 29 
7 alleles
0.2% missing data
 146   (0.286) 0.193 0.334 0.249 0.296 
 150   (0.417) 0.621 0.296 0.512 0.416 
 140   (0.198) 0.111 0.066 0.161 0.210 
 148   (0.053) 0.066 0.300 0.040 0.042 
 152   (0.026) 0.001 0.002 0.035 0.024 
 151   (0.010) 0.006 0.001 0.001 0.006 
 142   (0.010) 0.002 0.001 0.001 0.007 

Locus 30 : 30 
6 alleles
0.2% missing data
 125   (0.288) 0.453 0.035 0.110 0.316 
 129   (0.413) 0.490 0.775 0.555 0.386 
 123   (0.139) 0.053 0.100 0.217 0.128 
 121   (0.012) 0.000 0.001 0.001 0.011 
 127   (0.115) 0.003 0.087 0.079 0.128 
 131   (0.033) 0.001 0.002 0.038 0.032 

Locus 31 : 31 
6 alleles
0.2% missing data
 159   (0.177) 0.137 0.013 0.258 0.177 
 155   (0.534) 0.694 0.712 0.442 0.540 
 157   (0.185) 0.100 0.027 0.224 0.187 
 153   (0.058) 0.064 0.004 0.070 0.052 
 151   (0.039) 0.003 0.243 0.005 0.040 
 163   (0.007) 0.001 0.001 0.002 0.004 

Locus 32 : 32 
5 alleles
0.0% missing data
 146   (0.341) 0.075 0.316 0.323 0.361 
 150   (0.545) 0.851 0.631 0.583 0.534 
 148   (0.066) 0.073 0.050 0.042 0.058 
 154   (0.039) 0.001 0.003 0.023 0.042 
 152   (0.009) 0.000 0.001 0.029 0.004 

Locus 33 : 33 
7 alleles
0.0% missing data
 180   (0.475) 0.562 0.658 0.387 0.487 
 196   (0.092) 0.183 0.006 0.132 0.085 
 184   (0.203) 0.161 0.079 0.257 0.201 
 194   (0.008) 0.035 0.000 0.001 0.004 
 192   (0.140) 0.006 0.185 0.169 0.148 
 190   (0.017) 0.000 0.001 0.034 0.012 
 198   (0.065) 0.052 0.071 0.020 0.063 

Locus 34 : 34 
6 alleles
0.0% missing data
 110   (0.185) 0.322 0.080 0.112 0.188 
 112   (0.328) 0.512 0.066 0.383 0.327 
 106   (0.292) 0.128 0.692 0.380 0.286 
  90   (0.055) 0.026 0.003 0.031 0.054 
 108   (0.130) 0.011 0.115 0.092 0.139 
  96   (0.011) 0.000 0.044 0.002 0.006 

Locus 35 : 35 
9 alleles
0.0% missing data
 166   (0.046) 0.247 0.003 0.087 0.035 
 176   (0.105) 0.160 0.021 0.019 0.118 
 172   (0.285) 0.415 0.568 0.372 0.267 
 170   (0.299) 0.161 0.328 0.254 0.306 
 174   (0.143) 0.006 0.071 0.174 0.151 
 178   (0.039) 0.008 0.003 0.032 0.035 
 168   (0.059) 0.001 0.004 0.029 0.069 
 186   (0.017) 0.000 0.001 0.033 0.013 
 158   (0.007) 0.000 0.000 0.001 0.005 

Locus 36 : 36 
6 alleles
0.0% missing data
  89   (0.544) 0.644 0.511 0.657 0.544 
  95   (0.055) 0.071 0.005 0.061 0.050 
  85   (0.181) 0.225 0.237 0.141 0.179 
  81   (0.081) 0.010 0.006 0.042 0.092 
  83   (0.119) 0.051 0.240 0.090 0.118 
  91   (0.018) 0.000 0.001 0.009 0.017 

Locus 37 : 37 
10 alleles
0.0% missing data
 161   (0.360) 0.535 0.379 0.287 0.374 
 165   (0.212) 0.176 0.108 0.239 0.215 
 159   (0.013) 0.028 0.001 0.006 0.007 
 173   (0.257) 0.133 0.501 0.311 0.259 
 169   (0.098) 0.119 0.007 0.121 0.096 
 167   (0.019) 0.008 0.002 0.007 0.014 
 168   (0.011) 0.000 0.001 0.001 0.010 
 155   (0.015) 0.000 0.001 0.002 0.016 
 177   (0.007) 0.000 0.000 0.001 0.005 
 175   (0.008) 0.000 0.000 0.025 0.004 

Locus 38 : 38 
6 alleles
0.4% missing data
  87   (0.113) 0.155 0.129 0.061 0.111 
  89   (0.396) 0.601 0.100 0.532 0.396 
  91   (0.171) 0.119 0.183 0.107 0.176 
  81   (0.127) 0.080 0.117 0.108 0.125 
  85   (0.187) 0.042 0.471 0.191 0.190 
  83   (0.007) 0.003 0.000 0.001 0.003 

Locus 39 : 39 
4 alleles
0.4% missing data
 167   (0.793) 0.913 0.859 0.807 0.799 
 161   (0.175) 0.085 0.138 0.144 0.177 
 165   (0.024) 0.001 0.002 0.048 0.019 
 177   (0.007) 0.000 0.001 0.001 0.005 

Locus 40 : 40 
6 alleles
0.2% missing data
 228   (0.414) 0.552 0.243 0.494 0.410 
 238   (0.324) 0.305 0.120 0.297 0.334 
 224   (0.024) 0.076 0.002 0.017 0.017 
 236   (0.113) 0.064 0.379 0.061 0.112 
 232   (0.014) 0.001 0.001 0.002 0.013 
 240   (0.110) 0.002 0.254 0.129 0.115 

Locus 41 : 41 
7 alleles
0.0% missing data
 128   (0.105) 0.132 0.036 0.183 0.093 
 130   (0.514) 0.612 0.770 0.460 0.518 
 114   (0.070) 0.096 0.004 0.011 0.080 
 132   (0.127) 0.147 0.055 0.186 0.116 
 118   (0.065) 0.003 0.127 0.066 0.062 
 134   (0.113) 0.010 0.007 0.094 0.126 
 136   (0.007) 0.000 0.000 0.001 0.005 

Locus 42 : 42 
6 alleles
1.3% missing data
 102   (0.294) 0.400 0.478 0.333 0.285 
 104   (0.388) 0.192 0.408 0.495 0.393 
  92   (0.114) 0.126 0.008 0.067 0.121 
  96   (0.069) 0.093 0.004 0.026 0.072 
  98   (0.127) 0.188 0.101 0.077 0.125 
 106   (0.007) 0.001 0.001 0.001 0.004 

Locus 43 : 43 
6 alleles
1.6% missing data
 101   (0.317) 0.411 0.194 0.297 0.319 
 103   (0.296) 0.220 0.348 0.399 0.288 
  99   (0.160) 0.069 0.011 0.111 0.176 
  95   (0.200) 0.300 0.446 0.189 0.190 
  97   (0.020) 0.000 0.001 0.003 0.022 
  91   (0.007) 0.000 0.000 0.001 0.005 

Locus 44 : 44 
7 alleles
0.2% missing data
 177   (0.072) 0.074 0.005 0.048 0.070 
 191   (0.287) 0.176 0.107 0.230 0.301 
 181   (0.575) 0.748 0.855 0.688 0.560 
 179   (0.041) 0.001 0.003 0.005 0.054 
 183   (0.010) 0.000 0.001 0.002 0.008 
 193   (0.008) 0.000 0.000 0.025 0.004 
 189   (0.007) 0.000 0.029 0.001 0.003 

Locus 45 : 45 
6 alleles
0.9% missing data
 205   (0.457) 0.522 0.411 0.501 0.465 
 211   (0.244) 0.222 0.273 0.176 0.253 
 207   (0.122) 0.133 0.197 0.180 0.111 
 201   (0.090) 0.073 0.006 0.067 0.094 
 215   (0.077) 0.049 0.113 0.075 0.070 
 202   (0.009) 0.000 0.001 0.001 0.008 

Locus 46 : 46 
10 alleles
1.1% missing data
 144   (0.059) 0.211 0.123 0.048 0.047 
 158   (0.168) 0.151 0.089 0.088 0.177 
 168   (0.139) 0.190 0.111 0.048 0.147 
 166   (0.120) 0.293 0.378 0.173 0.103 
 142   (0.346) 0.145 0.287 0.567 0.345 
 170   (0.017) 0.002 0.002 0.003 0.015 
 156   (0.045) 0.003 0.003 0.017 0.051 
 162   (0.046) 0.001 0.003 0.027 0.052 
 164   (0.052) 0.003 0.003 0.027 0.058 
 160   (0.007) 0.000 0.000 0.001 0.005 

Locus 47 : 47 
7 alleles
8.7% missing data
 149   (0.322) 0.224 0.337 0.369 0.320 
 151   (0.194) 0.258 0.014 0.170 0.201 
 153   (0.173) 0.306 0.029 0.319 0.160 
 147   (0.028) 0.031 0.002 0.003 0.027 
 145   (0.261) 0.178 0.617 0.137 0.273 
 152   (0.008) 0.003 0.001 0.001 0.004 
 143   (0.014) 0.000 0.001 0.002 0.015 

Values of parameters used in structure:
DATAFILE=temp2_no_plains.str,	OUTFILE=k4/temp2_no_plains_k4_run7,	NUMINDS=450,	NUMLOCI=47,	MISSING=-9,	LABEL=1,	POPDATA=1,	POPFLAG=0,	PHENOTYPE=0,	EXTRACOLS=0,	MAXPOPS=4,	BURNIN=500000,	NUMREPS=750000,	USEPOPINFO=0,	INFERALPHA=1,	INFERLAMBDA=0,	POPSPECIFICLAMBDA=0,	POPALPHAS=0,	COMPUTEPROB=1,	NOADMIX=0,	ADMBURNIN=500,	UPDATEFREQ=100,	PRINTLIKES=0,	INTERMEDSAVE=0,	PRINTKLD=0,	PRINTNET=1,	PRINTLAMBDA=1,	ANCESTDIST=0,	NUMBOXES=1000,	ANCESTPINT=0.90000,	GENSBACK=2,	MIGRPRIOR=0.01000,	PRINTQHAT=0,	PRINTQSUM=1,	ALPHA=1.0000,	FREQSCORR=1,	FPRIORMEAN=0.0100,	FPRIORSD=0.0500,	ONEFST=0,	LAMBDA=1.0000,	UNIFPRIORALPHA=1,	ALPHAMAX=10.0000,	ALPHAPRIORA=1.0000,	ALPHAPRIORB=2.0000,	ALPHAPROPSD=0.0250,	STARTATPOPINFO=0,	RANDOMIZE=0,	LINKAGE=0,	METROFREQ=10,	REPORTHITRATE=0,	MARKOVPHASE=0,	PHASED=1,	PLOIDY=2,	PHASEINFO=0	LOCPRIOR=0, 	LOCPRIORINIT=1.000000, 	LOCDATA=0, 	LOCISPOP=1, 	LOCPRIORSTEP=0.100000, 	MAXLOCPRIOR=20.000000, 	SEED=797151,	
[STRAT parameters]:    NUMSIMSTATS=1000,	PHENOTYPECOL=-9,	POOLFREQ=10,	LOCUSxONLY=0,	EMERROR=0.00100,	MISSINGPHENO=-9,	