

----------------------------------------------------
STRUCTURE by Pritchard, Stephens and Donnelly (2000)
     and Falush, Stephens and Pritchard (2003)
       Code by Pritchard, Falush and Hubisz
             Version 2.3.4 (Jul 2012)
----------------------------------------------------



Command line arguments:   structure -D 136234 -K 5 -m mainparams -o k5/temp2_no_plains_k5_run2 
Input File:    temp2_no_plains.str

Run parameters:
   450 individuals
   47 loci
   5 populations assumed
   500000 Burn-in period
   750000 Reps
RANDOMIZE turned off


--------------------------------------------
Proportion of membership of each pre-defined
 population in each of the 5 clusters

Given    Inferred Clusters                     Number of
 Pop       1      2      3      4      5      Individuals

  1:     0.014  0.964  0.004  0.010  0.009       63
  2:     0.022  0.953  0.006  0.012  0.007       20
  3:     0.032  0.943  0.004  0.015  0.007       21
  4:     0.016  0.966  0.005  0.008  0.006       31
  5:     0.006  0.977  0.004  0.008  0.004       21
  6:     0.766  0.029  0.009  0.176  0.020       25
  7:     0.185  0.756  0.017  0.026  0.016        8
  8:     0.010  0.961  0.007  0.018  0.005       17
  9:     0.005  0.005  0.003  0.005  0.983       29
 10:     0.003  0.002  0.991  0.002  0.002        9
 11:     0.856  0.012  0.007  0.111  0.014       26
 12:     0.582  0.016  0.009  0.382  0.011       74
 13:     0.299  0.024  0.008  0.655  0.014       35
 14:     0.090  0.040  0.007  0.854  0.009       24
 15:     0.824  0.025  0.010  0.115  0.026       43
 16:     0.851  0.038  0.003  0.099  0.009        4
--------------------------------------------

Allele-freq. divergence among pops (Net nucleotide distance),
computed using point estimates of P.

      1       2       3       4       5      
 1      -    0.0237  0.0941  0.0114  0.0489  
 2   0.0237     -    0.1305  0.0322  0.0706  
 3   0.0941  0.1305     -    0.1151  0.1272  
 4   0.0114  0.0322  0.1151     -    0.0612  
 5   0.0489  0.0706  0.1272  0.0612     -    

Average distances (expected heterozygosity) between individuals in same cluster:
cluster  1  : 0.6414 
cluster  2  : 0.5574 
cluster  3  : 0.5376 
cluster  4  : 0.5942 
cluster  5  : 0.5502 

--------------------------------------------
Estimated Ln Prob of Data   = -47975.2
Mean value of ln likelihood = -47569.8
Variance of ln likelihood   = 810.8
Mean value of alpha         = 0.0320

Mean value of Fst_1         = 0.0034
Mean value of Fst_2         = 0.1131
Mean value of Fst_3         = 0.2985
Mean value of Fst_4         = 0.0462
Mean value of Fst_5         = 0.1951


Inferred ancestry of individuals:
        Label (%Miss) Pop:  Inferred clusters
  1      221    (0)    1 :  0.007 0.981 0.002 0.007 0.002 
  2      222    (0)    1 :  0.006 0.977 0.004 0.005 0.008 
  3      223    (0)    1 :  0.008 0.977 0.003 0.009 0.003 
  4      224    (0)    1 :  0.003 0.989 0.001 0.002 0.005 
  5      225    (0)    1 :  0.004 0.987 0.002 0.003 0.003 
  6      226    (0)    1 :  0.005 0.985 0.004 0.003 0.002 
  7      227    (0)    1 :  0.014 0.960 0.015 0.006 0.005 
  8      228    (0)    1 :  0.008 0.974 0.003 0.012 0.005 
  9      234    (0)    1 :  0.003 0.989 0.002 0.004 0.002 
 10      235    (0)    1 :  0.003 0.989 0.003 0.003 0.002 
 11      236    (0)    1 :  0.002 0.992 0.001 0.002 0.002 
 12      237    (0)    1 :  0.003 0.990 0.001 0.004 0.002 
 13      238    (0)    1 :  0.006 0.978 0.003 0.006 0.008 
 14      239    (0)    1 :  0.067 0.883 0.011 0.014 0.024 
 15      240    (0)    1 :  0.003 0.990 0.002 0.003 0.002 
 16      242    (0)    1 :  0.360 0.600 0.001 0.037 0.002 
 17      243    (0)    1 :  0.010 0.960 0.010 0.007 0.013 
 18      244    (0)    1 :  0.007 0.978 0.009 0.002 0.003 
 19      245    (0)    1 :  0.025 0.920 0.019 0.023 0.012 
 20      246    (0)    1 :  0.003 0.989 0.003 0.002 0.003 
 21      248    (0)    1 :  0.008 0.956 0.002 0.004 0.029 
 22      249    (0)    1 :  0.003 0.992 0.001 0.003 0.002 
 23      250    (0)    1 :  0.012 0.953 0.005 0.018 0.011 
 24      251    (0)    1 :  0.003 0.984 0.003 0.007 0.002 
 25      252    (0)    1 :  0.010 0.914 0.001 0.016 0.059 
 26      253    (0)    1 :  0.044 0.908 0.003 0.006 0.038 
 27      254    (0)    1 :  0.006 0.984 0.002 0.005 0.003 
 28      255    (0)    1 :  0.010 0.979 0.002 0.005 0.004 
 29      256    (0)    1 :  0.004 0.989 0.002 0.004 0.001 
 30      257    (0)    1 :  0.009 0.969 0.003 0.010 0.009 
 31      258    (0)    1 :  0.007 0.982 0.002 0.007 0.003 
 32      259    (0)    1 :  0.008 0.980 0.002 0.006 0.003 
 33      260    (0)    1 :  0.006 0.924 0.005 0.004 0.061 
 34      261    (0)    1 :  0.013 0.907 0.003 0.066 0.012 
 35      262    (0)    1 :  0.002 0.992 0.001 0.002 0.002 
 36      263    (0)    1 :  0.005 0.967 0.004 0.004 0.020 
 37      264    (0)    1 :  0.004 0.986 0.001 0.005 0.003 
 38      265    (0)    1 :  0.005 0.966 0.002 0.004 0.024 
 39      266    (0)    1 :  0.003 0.992 0.001 0.003 0.002 
 40      267    (0)    1 :  0.003 0.991 0.002 0.003 0.001 
 41      268    (0)    1 :  0.007 0.927 0.008 0.005 0.053 
 42      269    (0)    1 :  0.003 0.991 0.001 0.003 0.002 
 43      270    (0)    1 :  0.003 0.990 0.002 0.004 0.002 
 44      271    (0)    1 :  0.017 0.952 0.003 0.017 0.010 
 45      272    (0)    1 :  0.013 0.957 0.005 0.021 0.005 
 46      273    (0)    1 :  0.014 0.970 0.002 0.011 0.003 
 47      274    (0)    1 :  0.004 0.982 0.003 0.005 0.005 
 48      275    (2)    1 :  0.004 0.989 0.001 0.004 0.002 
 49      276    (0)    1 :  0.005 0.982 0.002 0.007 0.004 
 50      277    (0)    1 :  0.008 0.930 0.001 0.058 0.002 
 51      278    (0)    1 :  0.006 0.965 0.007 0.017 0.004 
 52      279    (0)    1 :  0.009 0.980 0.002 0.006 0.003 
 53      280    (0)    1 :  0.007 0.973 0.002 0.013 0.004 
 54      287    (0)    1 :  0.012 0.969 0.004 0.008 0.006 
 55      290    (0)    1 :  0.007 0.977 0.004 0.009 0.002 
 56      291    (0)    1 :  0.008 0.962 0.004 0.020 0.006 
 57      295    (0)    1 :  0.003 0.981 0.001 0.012 0.003 
 58      296    (0)    1 :  0.003 0.987 0.002 0.004 0.004 
 59      872    (2)    1 :  0.004 0.983 0.004 0.004 0.005 
 60      873    (4)    1 :  0.018 0.971 0.004 0.004 0.003 
 61      874    (2)    1 :  0.005 0.981 0.001 0.010 0.002 
 62      875    (0)    1 :  0.004 0.977 0.013 0.004 0.002 
 63      876    (6)    1 :  0.014 0.953 0.001 0.017 0.015 
 64      070    (0)   10 :  0.004 0.002 0.990 0.002 0.001 
 65      071    (0)   10 :  0.003 0.002 0.987 0.002 0.005 
 66      072    (0)   10 :  0.002 0.002 0.994 0.002 0.001 
 67      151    (0)   10 :  0.001 0.001 0.995 0.001 0.001 
 68      152    (0)   10 :  0.005 0.003 0.986 0.004 0.002 
 69      153    (2)   10 :  0.001 0.001 0.995 0.001 0.001 
 70      788    (4)   10 :  0.002 0.002 0.991 0.003 0.002 
 71      789    (2)   10 :  0.002 0.002 0.992 0.002 0.003 
 72      790    (0)   10 :  0.002 0.002 0.994 0.001 0.001 
 73      010    (0)   11 :  0.980 0.006 0.002 0.009 0.004 
 74      024    (0)   11 :  0.930 0.006 0.007 0.047 0.010 
 75      051    (0)   11 :  0.970 0.005 0.012 0.007 0.007 
 76      090    (0)   11 :  0.963 0.007 0.006 0.020 0.004 
 77      102    (0)   11 :  0.424 0.032 0.002 0.539 0.002 
 78      111    (0)   11 :  0.966 0.010 0.002 0.019 0.003 
 79      113    (0)   11 :  0.854 0.007 0.006 0.129 0.004 
 80      138    (0)   11 :  0.876 0.008 0.019 0.023 0.074 
 81      150    (0)   11 :  0.045 0.020 0.011 0.920 0.004 
 82      173    (2)   11 :  0.844 0.006 0.025 0.110 0.015 
 83      174    (2)   11 :  0.961 0.008 0.023 0.005 0.003 
 84      175    (0)   11 :  0.980 0.003 0.007 0.007 0.003 
 85      176    (0)   11 :  0.937 0.028 0.006 0.017 0.011 
 86      177    (0)   11 :  0.968 0.004 0.003 0.023 0.002 
 87      180    (0)   11 :  0.946 0.040 0.003 0.006 0.005 
 88      184    (0)   11 :  0.856 0.006 0.010 0.123 0.005 
 89      195    (0)   11 :  0.951 0.006 0.005 0.026 0.012 
 90      198    (0)   11 :  0.969 0.014 0.002 0.010 0.005 
 91      203    (0)   11 :  0.953 0.009 0.008 0.025 0.005 
 92      211    (0)   11 :  0.845 0.027 0.003 0.035 0.089 
 93      220    (0)   11 :  0.522 0.006 0.002 0.460 0.009 
 94      233    (0)   11 :  0.677 0.009 0.006 0.256 0.051 
 95      331    (0)   11 :  0.973 0.006 0.007 0.011 0.004 
 96      349    (0)   11 :  0.960 0.007 0.005 0.023 0.004 
 97      410    (0)   11 :  0.966 0.009 0.002 0.004 0.018 
 98      417    (2)   11 :  0.940 0.034 0.002 0.020 0.005 
 99      421    (0)   12 :  0.009 0.012 0.002 0.973 0.005 
100      423    (0)   12 :  0.977 0.006 0.007 0.007 0.002 
101      424    (0)   12 :  0.972 0.016 0.002 0.008 0.002 
102      433    (0)   12 :  0.157 0.005 0.002 0.813 0.022 
103      462    (0)   12 :  0.668 0.009 0.002 0.300 0.021 
104      463    (0)   12 :  0.966 0.012 0.002 0.016 0.003 
105      467    (0)   12 :  0.008 0.011 0.005 0.967 0.009 
106      468    (0)   12 :  0.018 0.016 0.004 0.960 0.002 
107      469    (0)   12 :  0.104 0.070 0.002 0.821 0.002 
108      472    (0)   12 :  0.942 0.007 0.004 0.039 0.008 
109      473    (0)   12 :  0.935 0.004 0.002 0.050 0.008 
110      474    (0)   12 :  0.006 0.009 0.001 0.973 0.010 
111      475    (0)   12 :  0.071 0.004 0.003 0.919 0.003 
112      476    (2)   12 :  0.014 0.005 0.009 0.948 0.023 
113      477    (0)   12 :  0.880 0.011 0.005 0.086 0.018 
114      478    (0)   12 :  0.854 0.028 0.002 0.112 0.003 
115      479    (0)   12 :  0.045 0.028 0.004 0.920 0.003 
116      480    (0)   12 :  0.005 0.003 0.002 0.988 0.002 
117      481    (0)   12 :  0.808 0.007 0.045 0.137 0.003 
118      482    (0)   12 :  0.851 0.006 0.002 0.102 0.038 
119      489    (0)   12 :  0.855 0.005 0.005 0.120 0.014 
120      490    (0)   12 :  0.951 0.027 0.003 0.015 0.003 
121      491    (0)   12 :  0.850 0.005 0.008 0.038 0.100 
122      492    (0)   12 :  0.076 0.029 0.005 0.873 0.017 
123      493    (0)   12 :  0.056 0.009 0.012 0.917 0.006 
124      494    (0)   12 :  0.243 0.005 0.035 0.685 0.033 
125      498    (0)   12 :  0.946 0.019 0.006 0.026 0.003 
126      499    (0)   12 :  0.969 0.007 0.003 0.015 0.006 
127      709    (0)   12 :  0.899 0.011 0.063 0.018 0.009 
128      710    (4)   12 :  0.477 0.007 0.018 0.495 0.002 
129      711    (2)   12 :  0.940 0.034 0.006 0.017 0.003 
130      712    (4)   12 :  0.946 0.018 0.002 0.031 0.003 
131      713    (0)   12 :  0.979 0.005 0.004 0.006 0.007 
132      714    (2)   12 :  0.009 0.007 0.008 0.974 0.002 
133      715    (4)   12 :  0.021 0.036 0.010 0.906 0.028 
134      716    (0)   12 :  0.007 0.003 0.002 0.984 0.003 
135      717    (2)   12 :  0.353 0.014 0.003 0.621 0.009 
136      718    (4)   12 :  0.906 0.020 0.002 0.070 0.002 
137      719    (0)   12 :  0.004 0.004 0.002 0.988 0.002 
138      720    (2)   12 :  0.015 0.008 0.002 0.966 0.009 
139      721    (0)   12 :  0.111 0.005 0.043 0.834 0.007 
140      722    (4)   12 :  0.004 0.009 0.002 0.984 0.002 
141      723    (0)   12 :  0.013 0.004 0.007 0.969 0.006 
142      724    (0)   12 :  0.016 0.045 0.003 0.927 0.008 
143      725    (0)   12 :  0.958 0.006 0.003 0.022 0.011 
144      726    (0)   12 :  0.288 0.005 0.008 0.694 0.005 
145      727    (0)   12 :  0.651 0.006 0.009 0.321 0.014 
146      728    (2)   12 :  0.856 0.012 0.094 0.032 0.006 
147      729    (6)   12 :  0.955 0.007 0.004 0.031 0.004 
148      730    (2)   12 :  0.918 0.023 0.007 0.047 0.005 
149      731    (2)   12 :  0.972 0.013 0.002 0.010 0.003 
150      732    (0)   12 :  0.623 0.013 0.003 0.356 0.006 
151      733    (0)   12 :  0.840 0.022 0.004 0.130 0.003 
152      734    (2)   12 :  0.880 0.008 0.007 0.032 0.073 
153      735    (4)   12 :  0.887 0.006 0.003 0.096 0.008 
154      736    (2)   12 :  0.960 0.004 0.011 0.011 0.015 
155      737    (0)   12 :  0.961 0.017 0.011 0.008 0.003 
156      738    (2)   12 :  0.975 0.008 0.002 0.010 0.004 
157      739    (8)   12 :  0.886 0.011 0.009 0.087 0.006 
158      740    (4)   12 :  0.841 0.008 0.002 0.146 0.003 
159      741    (2)   12 :  0.719 0.117 0.002 0.141 0.021 
160      742    (4)   12 :  0.970 0.010 0.004 0.011 0.004 
161      743    (2)   12 :  0.011 0.005 0.002 0.971 0.010 
162      744    (0)   12 :  0.501 0.005 0.061 0.428 0.005 
163      745    (0)   12 :  0.079 0.070 0.023 0.823 0.005 
164      746    (2)   12 :  0.979 0.007 0.003 0.006 0.005 
165      747    (2)   12 :  0.925 0.034 0.005 0.017 0.019 
166      748    (0)   12 :  0.859 0.091 0.004 0.033 0.013 
167      749    (2)   12 :  0.961 0.009 0.009 0.007 0.015 
168      750    (4)   12 :  0.967 0.013 0.004 0.012 0.004 
169      751    (0)   12 :  0.954 0.012 0.012 0.016 0.006 
170      752    (2)   12 :  0.013 0.019 0.003 0.963 0.002 
171      753    (4)   12 :  0.739 0.041 0.011 0.164 0.044 
172      754    (2)   12 :  0.978 0.005 0.003 0.010 0.004 
173      155    (0)   13 :  0.900 0.027 0.004 0.025 0.043 
174      156    (2)   13 :  0.816 0.027 0.130 0.021 0.006 
175      157    (2)   13 :  0.972 0.005 0.002 0.013 0.008 
176      158    (0)   13 :  0.958 0.009 0.003 0.023 0.007 
177      159    (0)   13 :  0.935 0.034 0.008 0.020 0.003 
178      160    (0)   13 :  0.187 0.012 0.003 0.788 0.009 
179      161    (0)   13 :  0.912 0.005 0.003 0.071 0.009 
180      162    (0)   13 :  0.189 0.007 0.009 0.790 0.006 
181      163    (2)   13 :  0.977 0.004 0.008 0.008 0.003 
182      164    (0)   13 :  0.899 0.048 0.002 0.030 0.021 
183      165    (2)   13 :  0.971 0.009 0.006 0.009 0.006 
184      427    (0)   13 :  0.013 0.006 0.010 0.887 0.083 
185      428    (0)   13 :  0.006 0.008 0.003 0.979 0.004 
186      429    (0)   13 :  0.007 0.005 0.003 0.981 0.003 
187      430    (0)   13 :  0.658 0.074 0.002 0.261 0.004 
188      431    (0)   13 :  0.009 0.025 0.001 0.961 0.003 
189      435    (0)   13 :  0.003 0.003 0.001 0.991 0.002 
190      436    (0)   13 :  0.004 0.006 0.002 0.986 0.003 
191      437    (0)   13 :  0.006 0.027 0.002 0.962 0.004 
192      438    (0)   13 :  0.010 0.025 0.005 0.958 0.002 
193      439    (0)   13 :  0.055 0.015 0.006 0.920 0.004 
194      441    (0)   13 :  0.036 0.009 0.001 0.951 0.003 
195      442    (0)   13 :  0.015 0.008 0.006 0.789 0.183 
196      443    (4)   13 :  0.006 0.008 0.003 0.982 0.002 
197      444    (4)   13 :  0.007 0.006 0.005 0.970 0.013 
198      445    (2)   13 :  0.045 0.056 0.009 0.886 0.003 
199      446    (0)   13 :  0.007 0.003 0.003 0.981 0.006 
200      447    (0)   13 :  0.008 0.012 0.003 0.973 0.004 
201      449    (0)   13 :  0.003 0.006 0.002 0.985 0.004 
202      460    (0)   13 :  0.008 0.012 0.002 0.973 0.004 
203      461    (0)   13 :  0.139 0.041 0.002 0.810 0.008 
204      484    (0)   13 :  0.619 0.281 0.008 0.080 0.012 
205      485    (0)   13 :  0.006 0.004 0.002 0.985 0.004 
206      486    (0)   13 :  0.068 0.011 0.003 0.915 0.004 
207      487    (0)   13 :  0.018 0.005 0.003 0.966 0.008 
208      178    (0)   14 :  0.017 0.003 0.005 0.970 0.004 
209      422    (0)   14 :  0.006 0.010 0.002 0.979 0.003 
210      425    (0)   14 :  0.015 0.004 0.001 0.977 0.003 
211      426    (0)   14 :  0.782 0.004 0.084 0.110 0.020 
212      432    (0)   14 :  0.185 0.018 0.012 0.775 0.011 
213      434    (0)   14 :  0.005 0.006 0.003 0.979 0.006 
214      440    (0)   14 :  0.070 0.004 0.002 0.905 0.018 
215      448    (2)   14 :  0.007 0.016 0.002 0.958 0.018 
216      456    (0)   14 :  0.312 0.274 0.003 0.400 0.011 
217      457    (0)   14 :  0.019 0.017 0.005 0.955 0.004 
218      458    (0)   14 :  0.398 0.013 0.008 0.564 0.018 
219      459    (0)   14 :  0.013 0.006 0.003 0.974 0.004 
220      464    (0)   14 :  0.005 0.003 0.003 0.984 0.005 
221      465    (0)   14 :  0.007 0.003 0.001 0.987 0.002 
222      466    (0)   14 :  0.014 0.015 0.001 0.965 0.004 
223      470    (0)   14 :  0.005 0.003 0.002 0.987 0.004 
224      471    (0)   14 :  0.017 0.008 0.016 0.956 0.003 
225      483    (0)   14 :  0.044 0.006 0.003 0.936 0.011 
226      488    (0)   14 :  0.027 0.013 0.003 0.952 0.005 
227      495    (0)   14 :  0.010 0.011 0.001 0.975 0.002 
228      496    (0)   14 :  0.010 0.003 0.002 0.983 0.002 
229      497    (0)   14 :  0.011 0.010 0.003 0.933 0.043 
230      500    (0)   14 :  0.163 0.502 0.003 0.329 0.003 
231      879    (0)   14 :  0.014 0.004 0.003 0.967 0.012 
232      036    (0)   15 :  0.962 0.010 0.004 0.022 0.002 
233      063    (2)   15 :  0.868 0.020 0.004 0.094 0.014 
234      094    (4)   15 :  0.795 0.098 0.005 0.095 0.008 
235      103    (4)   15 :  0.976 0.007 0.003 0.009 0.006 
236      112    (0)   15 :  0.980 0.006 0.003 0.006 0.004 
237      114    (2)   15 :  0.852 0.006 0.002 0.135 0.005 
238      120    (0)   15 :  0.928 0.033 0.002 0.032 0.005 
239      127    (2)   15 :  0.971 0.008 0.002 0.013 0.006 
240      147    (0)   15 :  0.942 0.003 0.037 0.013 0.005 
241      166    (0)   15 :  0.922 0.005 0.025 0.034 0.014 
242      167    (0)   15 :  0.342 0.016 0.008 0.627 0.007 
243      168    (0)   15 :  0.966 0.006 0.003 0.022 0.004 
244      169    (2)   15 :  0.474 0.010 0.005 0.506 0.005 
245      170    (0)   15 :  0.943 0.011 0.005 0.013 0.027 
246      171    (2)   15 :  0.909 0.065 0.013 0.008 0.004 
247      172    (0)   15 :  0.929 0.032 0.011 0.024 0.004 
248      185    (0)   15 :  0.853 0.005 0.004 0.132 0.006 
249      199    (2)   15 :  0.693 0.009 0.006 0.023 0.268 
250      339    (0)   15 :  0.083 0.006 0.009 0.895 0.006 
251      355    (0)   15 :  0.905 0.003 0.014 0.005 0.073 
252      356    (0)   15 :  0.979 0.003 0.004 0.010 0.004 
253      357    (0)   15 :  0.956 0.008 0.009 0.014 0.013 
254      358    (0)   15 :  0.960 0.012 0.007 0.018 0.004 
255      359    (0)   15 :  0.978 0.004 0.002 0.008 0.008 
256      360    (0)   15 :  0.905 0.013 0.010 0.068 0.004 
257      361    (0)   15 :  0.587 0.006 0.002 0.401 0.003 
258      362    (0)   15 :  0.627 0.245 0.005 0.115 0.007 
259      363    (0)   15 :  0.930 0.008 0.010 0.022 0.030 
260      364    (0)   15 :  0.719 0.201 0.003 0.027 0.051 
261      365    (0)   15 :  0.619 0.014 0.032 0.333 0.003 
262      366    (0)   15 :  0.959 0.005 0.026 0.007 0.002 
263      367    (0)   15 :  0.964 0.013 0.008 0.012 0.002 
264      368    (0)   15 :  0.931 0.040 0.017 0.008 0.004 
265      369    (0)   15 :  0.982 0.003 0.004 0.006 0.004 
266      370    (0)   15 :  0.958 0.007 0.013 0.014 0.007 
267      371    (0)   15 :  0.958 0.021 0.003 0.012 0.007 
268      372    (0)   15 :  0.027 0.010 0.004 0.624 0.335 
269      373    (0)   15 :  0.920 0.006 0.003 0.033 0.039 
270      380    (0)   15 :  0.953 0.023 0.005 0.011 0.008 
271      388    (0)   15 :  0.963 0.009 0.006 0.007 0.015 
272      418    (0)   15 :  0.909 0.021 0.007 0.022 0.042 
273      419    (0)   15 :  0.909 0.008 0.007 0.073 0.003 
274      420    (0)   15 :  0.457 0.037 0.066 0.382 0.058 
275      409    (0)   16 :  0.899 0.021 0.002 0.075 0.004 
276      414    (0)   16 :  0.944 0.027 0.003 0.018 0.008 
277      415    (2)   16 :  0.970 0.006 0.004 0.010 0.010 
278      416    (0)   16 :  0.592 0.097 0.004 0.295 0.012 
279      571    (0)    2 :  0.006 0.973 0.003 0.015 0.003 
280      572    (0)    2 :  0.012 0.975 0.005 0.004 0.004 
281      573    (2)    2 :  0.006 0.986 0.001 0.004 0.003 
282      574    (0)    2 :  0.005 0.986 0.002 0.005 0.002 
283      575    (2)    2 :  0.012 0.963 0.009 0.010 0.006 
284      576    (0)    2 :  0.002 0.991 0.001 0.003 0.003 
285      577    (0)    2 :  0.004 0.983 0.002 0.006 0.005 
286      578    (0)    2 :  0.003 0.986 0.002 0.004 0.006 
287      579    (0)    2 :  0.003 0.985 0.002 0.007 0.003 
288      580    (0)    2 :  0.003 0.990 0.002 0.003 0.002 
289      581    (0)    2 :  0.002 0.990 0.002 0.004 0.002 
290      582    (4)    2 :  0.017 0.900 0.049 0.014 0.020 
291      583    (0)    2 :  0.293 0.581 0.011 0.089 0.026 
292      584    (0)    2 :  0.006 0.970 0.003 0.015 0.006 
293      585    (0)    2 :  0.003 0.986 0.002 0.007 0.002 
294      586    (2)    2 :  0.003 0.980 0.002 0.006 0.008 
295      587    (0)    2 :  0.003 0.991 0.002 0.003 0.002 
296      588    (0)    2 :  0.016 0.951 0.012 0.011 0.010 
297      589    (0)    2 :  0.031 0.909 0.005 0.027 0.026 
298      590    (0)    2 :  0.003 0.978 0.006 0.005 0.007 
299      527    (2)    3 :  0.005 0.974 0.005 0.008 0.008 
300      528    (4)    3 :  0.056 0.920 0.004 0.009 0.011 
301      529    (4)    3 :  0.011 0.962 0.007 0.017 0.004 
302      530    (0)    3 :  0.007 0.981 0.004 0.003 0.005 
303      531    (2)    3 :  0.006 0.983 0.004 0.004 0.004 
304      532    (4)    3 :  0.036 0.953 0.002 0.005 0.003 
305      533    (0)    3 :  0.046 0.925 0.003 0.023 0.003 
306      534    (2)    3 :  0.004 0.987 0.001 0.004 0.004 
307      535    (2)    3 :  0.012 0.971 0.005 0.010 0.002 
308      536    (2)    3 :  0.004 0.984 0.007 0.004 0.002 
309      537    (2)    3 :  0.004 0.977 0.002 0.006 0.012 
310      538    (2)    3 :  0.036 0.929 0.002 0.028 0.005 
311      539    (2)    3 :  0.004 0.989 0.002 0.003 0.002 
312      540    (2)    3 :  0.010 0.974 0.001 0.013 0.002 
313      541    (2)    3 :  0.007 0.975 0.002 0.013 0.002 
314      542    (2)    3 :  0.011 0.944 0.004 0.032 0.010 
315      543    (0)    3 :  0.128 0.784 0.002 0.069 0.017 
316      544    (2)    3 :  0.003 0.991 0.002 0.003 0.002 
317      545    (2)    3 :  0.029 0.951 0.002 0.017 0.002 
318      546    (4)    3 :  0.218 0.756 0.003 0.022 0.002 
319      547    (6)    3 :  0.034 0.892 0.013 0.018 0.043 
320      019    (0)    4 :  0.008 0.971 0.004 0.014 0.003 
321      064    (0)    4 :  0.003 0.989 0.002 0.003 0.004 
322      065    (0)    4 :  0.002 0.993 0.001 0.002 0.001 
323      066    (0)    4 :  0.008 0.974 0.002 0.013 0.003 
324      067    (0)    4 :  0.035 0.923 0.006 0.017 0.019 
325      068    (0)    4 :  0.007 0.964 0.002 0.008 0.019 
326      069    (0)    4 :  0.005 0.988 0.001 0.004 0.002 
327      107    (0)    4 :  0.005 0.984 0.001 0.007 0.003 
328      110    (0)    4 :  0.080 0.886 0.020 0.010 0.005 
329      121    (0)    4 :  0.003 0.989 0.001 0.004 0.003 
330      137    (0)    4 :  0.024 0.916 0.030 0.027 0.003 
331      146    (0)    4 :  0.023 0.963 0.004 0.008 0.002 
332      149    (0)    4 :  0.032 0.944 0.006 0.014 0.005 
333      154    (0)    4 :  0.006 0.957 0.002 0.005 0.030 
334      179    (0)    4 :  0.004 0.987 0.002 0.004 0.004 
335      181    (0)    4 :  0.004 0.988 0.003 0.003 0.002 
336      182    (0)    4 :  0.009 0.972 0.002 0.005 0.012 
337      186    (0)    4 :  0.050 0.917 0.010 0.019 0.004 
338      193    (0)    4 :  0.005 0.985 0.002 0.005 0.003 
339      320    (0)    4 :  0.008 0.978 0.003 0.005 0.006 
340      341    (0)    4 :  0.007 0.974 0.002 0.013 0.004 
341      376    (0)    4 :  0.009 0.980 0.003 0.005 0.003 
342      395    (0)    4 :  0.006 0.976 0.004 0.011 0.002 
343      396    (0)    4 :  0.002 0.991 0.003 0.002 0.001 
344      397    (0)    4 :  0.003 0.982 0.006 0.003 0.005 
345      398    (0)    4 :  0.004 0.986 0.003 0.003 0.003 
346      399    (0)    4 :  0.005 0.985 0.002 0.003 0.004 
347      400    (0)    4 :  0.027 0.964 0.003 0.004 0.003 
348      401    (0)    4 :  0.010 0.979 0.002 0.006 0.002 
349      402    (0)    4 :  0.082 0.895 0.008 0.006 0.009 
350      403    (0)    4 :  0.008 0.970 0.008 0.011 0.003 
351      073    (0)    5 :  0.004 0.986 0.002 0.006 0.002 
352      074    (0)    5 :  0.005 0.985 0.002 0.004 0.005 
353      075    (0)    5 :  0.005 0.983 0.003 0.006 0.004 
354      076    (0)    5 :  0.005 0.979 0.004 0.006 0.006 
355      077    (0)    5 :  0.006 0.973 0.003 0.010 0.008 
356      078    (0)    5 :  0.016 0.966 0.005 0.007 0.005 
357      079    (0)    5 :  0.015 0.975 0.001 0.006 0.002 
358      080    (0)    5 :  0.005 0.971 0.002 0.003 0.018 
359      081    (0)    5 :  0.006 0.969 0.010 0.012 0.003 
360      082    (0)    5 :  0.003 0.990 0.002 0.002 0.003 
361      083    (0)    5 :  0.005 0.988 0.002 0.004 0.002 
362      084    (0)    5 :  0.003 0.986 0.004 0.005 0.002 
363      085    (0)    5 :  0.010 0.910 0.013 0.064 0.003 
364      404    (0)    5 :  0.003 0.988 0.002 0.004 0.002 
365      405    (0)    5 :  0.004 0.982 0.007 0.006 0.002 
366      406    (0)    5 :  0.007 0.980 0.006 0.004 0.004 
367      407    (0)    5 :  0.003 0.987 0.002 0.004 0.003 
368      408    (0)    5 :  0.004 0.984 0.001 0.005 0.006 
369      411    (2)    5 :  0.003 0.989 0.002 0.004 0.003 
370      412    (0)    5 :  0.009 0.966 0.005 0.012 0.008 
371      413    (0)    5 :  0.003 0.989 0.002 0.004 0.002 
372      591    (0)    6 :  0.648 0.007 0.037 0.300 0.008 
373      592    (0)    6 :  0.110 0.026 0.005 0.841 0.017 
374      593    (0)    6 :  0.889 0.034 0.022 0.051 0.004 
375      594    (0)    6 :  0.568 0.069 0.009 0.334 0.020 
376      595    (0)    6 :  0.962 0.014 0.005 0.005 0.014 
377      596    (0)    6 :  0.798 0.030 0.016 0.033 0.123 
378      597    (0)    6 :  0.788 0.145 0.003 0.056 0.009 
379      598    (0)    6 :  0.936 0.010 0.001 0.028 0.024 
380      599    (0)    6 :  0.041 0.009 0.018 0.927 0.006 
381      600    (0)    6 :  0.942 0.007 0.007 0.006 0.038 
382      601    (0)    6 :  0.818 0.059 0.003 0.117 0.003 
383      602    (0)    6 :  0.889 0.035 0.008 0.055 0.012 
384      603    (0)    6 :  0.036 0.007 0.008 0.940 0.009 
385      604    (0)    6 :  0.960 0.015 0.003 0.006 0.016 
386      605    (0)    6 :  0.954 0.011 0.004 0.008 0.023 
387      606    (0)    6 :  0.909 0.007 0.036 0.034 0.014 
388      607    (0)    6 :  0.938 0.021 0.004 0.008 0.029 
389      608    (0)    6 :  0.741 0.013 0.004 0.234 0.008 
390      609    (0)    6 :  0.970 0.009 0.004 0.012 0.005 
391      610    (0)    6 :  0.930 0.024 0.003 0.035 0.008 
392      611    (2)    6 :  0.920 0.053 0.004 0.013 0.011 
393      612    (0)    6 :  0.883 0.016 0.002 0.046 0.052 
394      755    (0)    6 :  0.863 0.028 0.002 0.066 0.041 
395      756    (0)    6 :  0.706 0.076 0.008 0.205 0.006 
396      757    (0)    6 :  0.944 0.012 0.003 0.032 0.009 
397      002    (0)    7 :  0.005 0.987 0.003 0.004 0.001 
398      099    (2)    7 :  0.878 0.002 0.010 0.015 0.094 
399      641    (2)    7 :  0.293 0.631 0.037 0.035 0.004 
400      642    (0)    7 :  0.008 0.976 0.003 0.010 0.003 
401      643    (2)    7 :  0.017 0.958 0.003 0.020 0.003 
402      644    (0)    7 :  0.006 0.972 0.003 0.012 0.008 
403      645    (0)    7 :  0.047 0.841 0.054 0.055 0.003 
404      646    (0)    7 :  0.229 0.681 0.021 0.059 0.010 
405      006    (0)    8 :  0.019 0.961 0.004 0.014 0.003 
406      011    (0)    8 :  0.003 0.989 0.002 0.003 0.002 
407      033    (2)    8 :  0.006 0.977 0.005 0.009 0.002 
408      048    (0)    8 :  0.014 0.815 0.008 0.159 0.005 
409      061    (0)    8 :  0.040 0.909 0.026 0.021 0.003 
410      088    (0)    8 :  0.010 0.967 0.004 0.011 0.008 
411      091    (0)    8 :  0.009 0.980 0.002 0.005 0.003 
412      098    (0)    8 :  0.005 0.972 0.007 0.013 0.003 
413      104    (0)    8 :  0.002 0.990 0.002 0.003 0.002 
414      196    (0)    8 :  0.007 0.968 0.013 0.007 0.005 
415      197    (0)    8 :  0.014 0.956 0.007 0.011 0.012 
416      201    (0)    8 :  0.005 0.987 0.001 0.005 0.001 
417      202    (0)    8 :  0.011 0.935 0.025 0.014 0.015 
418      204    (0)    8 :  0.003 0.985 0.003 0.007 0.002 
419      231    (0)    8 :  0.004 0.984 0.001 0.008 0.003 
420      328    (0)    8 :  0.004 0.984 0.004 0.005 0.002 
421      346    (0)    8 :  0.005 0.982 0.003 0.004 0.006 
422      212    (0)    9 :  0.002 0.002 0.001 0.003 0.991 
423      213    (0)    9 :  0.004 0.004 0.002 0.005 0.985 
424      214    (0)    9 :  0.005 0.004 0.001 0.003 0.988 
425      215    (0)    9 :  0.003 0.005 0.003 0.005 0.984 
426      216    (0)    9 :  0.003 0.003 0.002 0.004 0.988 
427      217    (0)    9 :  0.005 0.004 0.001 0.004 0.986 
428      218    (0)    9 :  0.002 0.003 0.002 0.003 0.990 
429      332    (0)    9 :  0.011 0.014 0.006 0.016 0.953 
430      333    (0)    9 :  0.018 0.016 0.011 0.009 0.947 
431      334    (0)    9 :  0.004 0.005 0.003 0.005 0.983 
432      335    (0)    9 :  0.003 0.002 0.001 0.003 0.991 
433      336    (0)    9 :  0.002 0.003 0.012 0.002 0.980 
434      337    (0)    9 :  0.006 0.009 0.002 0.003 0.980 
435      673    (0)    9 :  0.001 0.001 0.001 0.001 0.995 
436      674    (0)    9 :  0.005 0.003 0.001 0.004 0.986 
437      675    (0)    9 :  0.004 0.003 0.004 0.006 0.983 
438      676    (0)    9 :  0.005 0.003 0.001 0.006 0.985 
439      677    (0)    9 :  0.003 0.004 0.002 0.003 0.987 
440      678    (0)    9 :  0.011 0.012 0.005 0.009 0.962 
441      679    (0)    9 :  0.013 0.005 0.002 0.007 0.973 
442      680    (0)    9 :  0.005 0.004 0.004 0.007 0.980 
443      681    (0)    9 :  0.005 0.005 0.002 0.004 0.984 
444      682    (0)    9 :  0.002 0.002 0.003 0.002 0.991 
445      683    (0)    9 :  0.005 0.004 0.002 0.004 0.985 
446      684    (0)    9 :  0.004 0.002 0.003 0.005 0.986 
447      685    (0)    9 :  0.006 0.003 0.003 0.003 0.985 
448      686    (0)    9 :  0.002 0.002 0.003 0.002 0.991 
449      687    (0)    9 :  0.002 0.002 0.002 0.002 0.992 
450      688    (0)    9 :  0.003 0.006 0.002 0.005 0.984 


Estimated Allele Frequencies in each cluster
First column gives estimated ancestral frequencies


Locus 1 : 1 
4 alleles
0.0% missing data
  89   (0.547) 0.562 0.578 0.069 0.534 0.635 
  91   (0.374) 0.371 0.357 0.703 0.410 0.314 
  99   (0.017) 0.012 0.000 0.128 0.017 0.001 
  93   (0.062) 0.055 0.064 0.099 0.039 0.049 

Locus 2 : 2 
6 alleles
1.1% missing data
 136   (0.391) 0.414 0.548 0.203 0.119 0.455 
 134   (0.253) 0.252 0.158 0.030 0.275 0.380 
 138   (0.260) 0.243 0.234 0.756 0.464 0.159 
 140   (0.059) 0.057 0.059 0.007 0.042 0.004 
 132   (0.023) 0.025 0.001 0.002 0.006 0.001 
 142   (0.014) 0.010 0.000 0.001 0.093 0.001 

Locus 3 : 3 
6 alleles
0.0% missing data
 181   (0.261) 0.256 0.207 0.183 0.325 0.079 
 187   (0.333) 0.332 0.516 0.769 0.215 0.266 
 179   (0.257) 0.267 0.256 0.032 0.254 0.017 
 191   (0.030) 0.026 0.018 0.003 0.006 0.191 
 175   (0.043) 0.042 0.001 0.005 0.116 0.003 
 185   (0.077) 0.077 0.002 0.008 0.083 0.443 

Locus 4 : 4 
12 alleles
0.2% missing data
 253   (0.511) 0.523 0.699 0.598 0.530 0.473 
 249   (0.020) 0.019 0.064 0.003 0.002 0.001 
 271   (0.033) 0.031 0.031 0.004 0.017 0.002 
 241   (0.157) 0.159 0.073 0.181 0.142 0.150 
 257   (0.006) 0.005 0.000 0.001 0.001 0.000 
 269   (0.168) 0.164 0.129 0.202 0.243 0.104 
 245   (0.006) 0.005 0.000 0.001 0.001 0.000 
 247   (0.065) 0.068 0.001 0.007 0.055 0.266 
 239   (0.011) 0.011 0.000 0.001 0.001 0.001 
 273   (0.009) 0.008 0.000 0.001 0.001 0.001 
 267   (0.007) 0.004 0.001 0.001 0.001 0.000 
 255   (0.006) 0.004 0.000 0.001 0.005 0.000 

Locus 5 : 5 
6 alleles
0.7% missing data
 103   (0.849) 0.842 0.984 0.981 0.937 0.976 
 104   (0.066) 0.070 0.014 0.009 0.031 0.004 
 105   (0.048) 0.054 0.001 0.005 0.026 0.003 
 102   (0.016) 0.016 0.000 0.002 0.003 0.001 
 107   (0.011) 0.011 0.000 0.001 0.001 0.001 
 101   (0.010) 0.007 0.000 0.001 0.001 0.014 

Locus 6 : 6 
5 alleles
0.2% missing data
 141   (0.257) 0.253 0.546 0.030 0.297 0.142 
 145   (0.448) 0.458 0.180 0.418 0.497 0.268 
 135   (0.206) 0.199 0.212 0.541 0.185 0.283 
 147   (0.078) 0.080 0.063 0.010 0.018 0.307 
 137   (0.011) 0.011 0.000 0.001 0.002 0.001 

Locus 7 : 7 
10 alleles
1.3% missing data
  93   (0.207) 0.199 0.352 0.782 0.289 0.072 
 103   (0.337) 0.344 0.369 0.048 0.357 0.507 
  91   (0.068) 0.067 0.028 0.010 0.032 0.151 
  97   (0.187) 0.189 0.160 0.133 0.134 0.257 
  85   (0.045) 0.044 0.037 0.007 0.032 0.003 
  89   (0.072) 0.070 0.052 0.010 0.107 0.005 
  83   (0.059) 0.067 0.001 0.007 0.043 0.004 
 105   (0.011) 0.010 0.000 0.002 0.004 0.001 
 101   (0.007) 0.005 0.000 0.001 0.001 0.000 
  99   (0.007) 0.005 0.000 0.001 0.001 0.000 

Locus 8 : 8 
8 alleles
0.0% missing data
 129   (0.547) 0.551 0.664 0.202 0.659 0.633 
 141   (0.055) 0.051 0.099 0.006 0.022 0.203 
 149   (0.073) 0.069 0.118 0.008 0.078 0.018 
 143   (0.274) 0.285 0.117 0.681 0.227 0.141 
 127   (0.016) 0.014 0.000 0.059 0.002 0.001 
 131   (0.012) 0.008 0.000 0.041 0.006 0.002 
 133   (0.017) 0.018 0.000 0.002 0.005 0.001 
 145   (0.006) 0.005 0.000 0.001 0.001 0.000 

Locus 9 : 9 
5 alleles
0.0% missing data
 191   (0.395) 0.396 0.570 0.344 0.333 0.539 
 195   (0.155) 0.147 0.160 0.348 0.231 0.058 
 189   (0.437) 0.448 0.268 0.306 0.434 0.402 
 197   (0.006) 0.005 0.000 0.001 0.001 0.000 
 193   (0.007) 0.004 0.003 0.001 0.001 0.000 

Locus 10 : 10 
7 alleles
0.2% missing data
 232   (0.262) 0.270 0.305 0.221 0.148 0.277 
 238   (0.554) 0.554 0.550 0.377 0.770 0.350 
 252   (0.105) 0.105 0.127 0.015 0.072 0.038 
 254   (0.043) 0.039 0.017 0.383 0.006 0.253 
 250   (0.011) 0.011 0.000 0.002 0.001 0.001 
 236   (0.007) 0.005 0.000 0.001 0.001 0.001 
 248   (0.018) 0.017 0.000 0.002 0.002 0.080 

Locus 11 : 11 
4 alleles
0.0% missing data
  87   (0.689) 0.687 0.623 0.963 0.821 0.538 
  89   (0.249) 0.256 0.321 0.031 0.153 0.381 
  91   (0.049) 0.044 0.056 0.005 0.024 0.080 
  85   (0.013) 0.014 0.000 0.001 0.002 0.001 

Locus 12 : 12 
13 alleles
0.2% missing data
 160   (0.193) 0.185 0.126 0.577 0.241 0.696 
 162   (0.274) 0.279 0.223 0.080 0.306 0.240 
 147   (0.047) 0.044 0.151 0.005 0.036 0.003 
 158   (0.228) 0.241 0.463 0.029 0.172 0.029 
 161   (0.114) 0.116 0.026 0.119 0.109 0.023 
 170   (0.049) 0.049 0.008 0.006 0.038 0.004 
 143   (0.029) 0.030 0.001 0.177 0.008 0.002 
 154   (0.017) 0.019 0.000 0.002 0.002 0.001 
 149   (0.017) 0.013 0.000 0.002 0.066 0.001 
 153   (0.011) 0.011 0.000 0.001 0.001 0.001 
 150   (0.006) 0.004 0.000 0.001 0.006 0.000 
 159   (0.008) 0.005 0.000 0.001 0.014 0.001 
 164   (0.007) 0.005 0.000 0.001 0.001 0.000 

Locus 13 : 13 
5 alleles
0.0% missing data
 108   (0.207) 0.211 0.172 0.337 0.117 0.197 
 115   (0.443) 0.446 0.544 0.099 0.531 0.295 
 113   (0.337) 0.333 0.284 0.563 0.350 0.507 
 109   (0.007) 0.005 0.000 0.001 0.001 0.000 
 110   (0.007) 0.005 0.000 0.001 0.001 0.000 

Locus 14 : 14 
5 alleles
0.9% missing data
 227   (0.119) 0.106 0.252 0.258 0.271 0.020 
 231   (0.197) 0.214 0.098 0.272 0.044 0.352 
 229   (0.501) 0.510 0.481 0.105 0.517 0.419 
 225   (0.127) 0.120 0.075 0.220 0.126 0.205 
 233   (0.056) 0.051 0.093 0.145 0.042 0.004 

Locus 15 : 15 
5 alleles
0.2% missing data
 143   (0.839) 0.844 0.968 0.720 0.875 0.819 
 157   (0.007) 0.004 0.014 0.001 0.001 0.000 
 145   (0.086) 0.086 0.017 0.271 0.068 0.006 
 147   (0.051) 0.050 0.001 0.007 0.055 0.143 
 133   (0.017) 0.016 0.000 0.002 0.002 0.031 

Locus 16 : 16 
5 alleles
0.2% missing data
 156   (0.258) 0.256 0.262 0.507 0.211 0.492 
 158   (0.517) 0.526 0.527 0.260 0.616 0.211 
 160   (0.130) 0.126 0.171 0.015 0.133 0.115 
 154   (0.088) 0.087 0.040 0.218 0.029 0.183 
 152   (0.007) 0.004 0.000 0.001 0.011 0.000 

Locus 17 : 17 
5 alleles
0.0% missing data
 102   (0.185) 0.181 0.229 0.023 0.223 0.200 
  90   (0.692) 0.694 0.725 0.568 0.717 0.791 
  88   (0.070) 0.073 0.045 0.008 0.038 0.006 
 100   (0.046) 0.048 0.001 0.400 0.017 0.003 
 104   (0.007) 0.004 0.000 0.001 0.006 0.000 

Locus 18 : 18 
7 alleles
0.0% missing data
 142   (0.114) 0.115 0.411 0.014 0.098 0.008 
 146   (0.077) 0.068 0.154 0.008 0.102 0.220 
 140   (0.309) 0.319 0.149 0.288 0.285 0.189 
 127   (0.308) 0.317 0.211 0.551 0.286 0.069 
 148   (0.091) 0.088 0.054 0.010 0.075 0.212 
 138   (0.050) 0.046 0.020 0.123 0.037 0.004 
 150   (0.050) 0.047 0.001 0.005 0.117 0.299 

Locus 19 : 19 
7 alleles
0.0% missing data
 188   (0.180) 0.182 0.134 0.021 0.153 0.170 
 190   (0.127) 0.116 0.372 0.014 0.182 0.203 
 194   (0.582) 0.590 0.492 0.954 0.515 0.485 
 200   (0.083) 0.090 0.002 0.009 0.147 0.006 
 192   (0.007) 0.005 0.000 0.001 0.001 0.000 
 202   (0.014) 0.012 0.000 0.001 0.002 0.136 
 196   (0.007) 0.005 0.000 0.001 0.001 0.000 

Locus 20 : 20 
6 alleles
0.9% missing data
 252   (0.707) 0.726 0.823 0.390 0.770 0.722 
 250   (0.078) 0.070 0.089 0.336 0.061 0.142 
 244   (0.018) 0.015 0.014 0.003 0.008 0.001 
 254   (0.072) 0.065 0.029 0.105 0.087 0.082 
 246   (0.099) 0.098 0.035 0.163 0.069 0.052 
 248   (0.026) 0.026 0.010 0.003 0.006 0.002 

Locus 21 : 21 
7 alleles
0.2% missing data
 173   (0.271) 0.261 0.330 0.121 0.484 0.212 
 177   (0.257) 0.256 0.322 0.271 0.256 0.172 
 175   (0.160) 0.166 0.032 0.478 0.081 0.256 
 167   (0.190) 0.192 0.304 0.114 0.126 0.123 
 163   (0.036) 0.034 0.002 0.004 0.010 0.214 
 159   (0.024) 0.027 0.001 0.003 0.007 0.002 
 165   (0.062) 0.063 0.010 0.009 0.036 0.022 

Locus 22 : 22 
11 alleles
0.7% missing data
 146   (0.217) 0.214 0.257 0.078 0.306 0.145 
 154   (0.007) 0.004 0.052 0.001 0.001 0.000 
 166   (0.093) 0.097 0.063 0.115 0.044 0.006 
 152   (0.441) 0.442 0.586 0.501 0.553 0.375 
 150   (0.026) 0.021 0.008 0.112 0.013 0.002 
 164   (0.030) 0.028 0.016 0.004 0.013 0.002 
 148   (0.009) 0.006 0.000 0.168 0.001 0.001 
 158   (0.099) 0.111 0.016 0.011 0.025 0.108 
 162   (0.052) 0.056 0.001 0.006 0.023 0.070 
 156   (0.015) 0.010 0.000 0.002 0.009 0.290 
 142   (0.012) 0.010 0.000 0.002 0.012 0.001 

Locus 23 : 23 
7 alleles
0.9% missing data
 152   (0.008) 0.005 0.060 0.001 0.001 0.001 
 156   (0.135) 0.148 0.045 0.017 0.059 0.039 
 144   (0.176) 0.165 0.171 0.583 0.211 0.615 
 160   (0.109) 0.104 0.185 0.013 0.116 0.106 
 154   (0.535) 0.545 0.534 0.379 0.602 0.237 
 158   (0.027) 0.026 0.006 0.004 0.010 0.002 
 146   (0.009) 0.008 0.000 0.002 0.001 0.001 

Locus 24 : 24 
4 alleles
0.4% missing data
  77   (0.083) 0.075 0.258 0.009 0.075 0.053 
  83   (0.485) 0.481 0.488 0.686 0.435 0.916 
  81   (0.347) 0.357 0.228 0.295 0.405 0.025 
  85   (0.085) 0.086 0.026 0.010 0.085 0.006 

Locus 25 : 25 
6 alleles
0.4% missing data
 132   (0.336) 0.334 0.482 0.193 0.325 0.452 
 124   (0.524) 0.531 0.449 0.414 0.551 0.539 
 126   (0.018) 0.016 0.048 0.002 0.002 0.001 
 122   (0.093) 0.093 0.020 0.119 0.118 0.006 
 120   (0.016) 0.014 0.000 0.270 0.002 0.001 
 136   (0.013) 0.013 0.000 0.001 0.002 0.001 

Locus 26 : 26 
7 alleles
0.2% missing data
 165   (0.249) 0.253 0.153 0.328 0.261 0.062 
 183   (0.365) 0.364 0.539 0.300 0.339 0.425 
 179   (0.074) 0.069 0.063 0.332 0.073 0.005 
 175   (0.235) 0.231 0.244 0.030 0.312 0.442 
 181   (0.061) 0.070 0.001 0.008 0.013 0.065 
 185   (0.009) 0.008 0.000 0.001 0.001 0.001 
 157   (0.007) 0.005 0.000 0.001 0.001 0.000 

Locus 27 : 27 
4 alleles
0.2% missing data
 142   (0.644) 0.642 0.674 0.317 0.742 0.740 
 148   (0.210) 0.218 0.110 0.665 0.111 0.072 
 138   (0.040) 0.037 0.201 0.005 0.019 0.003 
 150   (0.105) 0.103 0.014 0.012 0.128 0.185 

Locus 28 : 28 
6 alleles
0.9% missing data
 260   (0.359) 0.356 0.367 0.142 0.485 0.376 
 262   (0.536) 0.546 0.622 0.845 0.433 0.549 
 256   (0.072) 0.072 0.010 0.009 0.055 0.073 
 258   (0.011) 0.011 0.000 0.001 0.001 0.001 
 266   (0.007) 0.004 0.000 0.001 0.006 0.000 
 264   (0.015) 0.012 0.000 0.001 0.020 0.001 

Locus 29 : 29 
7 alleles
0.2% missing data
 146   (0.297) 0.310 0.194 0.039 0.250 0.335 
 150   (0.437) 0.440 0.623 0.151 0.514 0.297 
 140   (0.167) 0.165 0.109 0.798 0.160 0.062 
 148   (0.053) 0.047 0.066 0.007 0.038 0.302 
 152   (0.026) 0.024 0.001 0.003 0.037 0.002 
 151   (0.010) 0.007 0.006 0.001 0.001 0.001 
 142   (0.010) 0.007 0.002 0.001 0.001 0.001 

Locus 30 : 30 
6 alleles
0.2% missing data
 125   (0.300) 0.324 0.453 0.146 0.104 0.036 
 129   (0.418) 0.401 0.491 0.211 0.564 0.776 
 123   (0.142) 0.138 0.053 0.017 0.215 0.101 
 121   (0.013) 0.010 0.000 0.043 0.002 0.001 
 127   (0.093) 0.094 0.002 0.579 0.076 0.084 
 131   (0.033) 0.033 0.001 0.004 0.039 0.002 

Locus 31 : 31 
6 alleles
0.2% missing data
 159   (0.182) 0.187 0.137 0.022 0.259 0.013 
 155   (0.531) 0.536 0.694 0.532 0.445 0.713 
 157   (0.191) 0.194 0.101 0.120 0.221 0.028 
 153   (0.058) 0.051 0.064 0.099 0.070 0.004 
 151   (0.031) 0.028 0.003 0.227 0.004 0.241 
 163   (0.007) 0.004 0.001 0.001 0.002 0.001 

Locus 32 : 32 
5 alleles
0.0% missing data
 146   (0.333) 0.343 0.074 0.570 0.322 0.315 
 150   (0.553) 0.546 0.852 0.417 0.587 0.632 
 148   (0.065) 0.060 0.073 0.007 0.044 0.050 
 154   (0.041) 0.046 0.001 0.005 0.016 0.003 
 152   (0.009) 0.005 0.000 0.001 0.030 0.001 

Locus 33 : 33 
7 alleles
0.0% missing data
 180   (0.469) 0.474 0.562 0.685 0.382 0.658 
 196   (0.096) 0.093 0.183 0.011 0.132 0.006 
 184   (0.200) 0.195 0.161 0.278 0.262 0.078 
 194   (0.008) 0.004 0.035 0.001 0.001 0.000 
 192   (0.145) 0.154 0.007 0.016 0.173 0.186 
 190   (0.017) 0.014 0.000 0.002 0.032 0.001 
 198   (0.065) 0.066 0.052 0.008 0.019 0.071 

Locus 34 : 34 
6 alleles
0.0% missing data
 110   (0.185) 0.185 0.323 0.211 0.114 0.080 
 112   (0.340) 0.348 0.514 0.039 0.382 0.068 
 106   (0.295) 0.291 0.128 0.237 0.384 0.693 
  90   (0.036) 0.029 0.025 0.388 0.030 0.002 
 108   (0.134) 0.140 0.011 0.125 0.089 0.113 
  96   (0.010) 0.007 0.000 0.001 0.001 0.044 

Locus 35 : 35 
9 alleles
0.0% missing data
 166   (0.047) 0.040 0.248 0.006 0.089 0.003 
 176   (0.111) 0.124 0.159 0.013 0.016 0.021 
 172   (0.290) 0.281 0.418 0.039 0.382 0.570 
 170   (0.287) 0.287 0.159 0.625 0.247 0.326 
 174   (0.150) 0.160 0.006 0.018 0.173 0.071 
 178   (0.040) 0.039 0.008 0.005 0.030 0.003 
 168   (0.052) 0.053 0.001 0.292 0.027 0.004 
 186   (0.016) 0.013 0.000 0.002 0.035 0.001 
 158   (0.007) 0.005 0.000 0.001 0.001 0.000 

Locus 36 : 36 
6 alleles
0.0% missing data
  89   (0.557) 0.560 0.646 0.374 0.659 0.512 
  95   (0.055) 0.051 0.070 0.006 0.065 0.005 
  85   (0.165) 0.158 0.223 0.487 0.139 0.236 
  81   (0.085) 0.095 0.010 0.011 0.041 0.006 
  83   (0.122) 0.124 0.051 0.014 0.090 0.240 
  91   (0.015) 0.012 0.000 0.107 0.008 0.001 

Locus 37 : 37 
10 alleles
0.0% missing data
 161   (0.360) 0.370 0.535 0.425 0.283 0.380 
 165   (0.216) 0.219 0.176 0.135 0.242 0.108 
 159   (0.013) 0.009 0.028 0.002 0.005 0.001 
 173   (0.257) 0.259 0.133 0.226 0.316 0.501 
 169   (0.096) 0.093 0.118 0.206 0.116 0.006 
 167   (0.018) 0.015 0.008 0.002 0.006 0.002 
 168   (0.011) 0.011 0.000 0.001 0.001 0.001 
 155   (0.015) 0.016 0.000 0.001 0.002 0.001 
 177   (0.006) 0.005 0.000 0.001 0.001 0.000 
 175   (0.007) 0.004 0.000 0.001 0.027 0.000 

Locus 38 : 38 
6 alleles
0.4% missing data
  87   (0.086) 0.077 0.154 0.553 0.060 0.126 
  89   (0.412) 0.419 0.603 0.051 0.538 0.102 
  91   (0.174) 0.177 0.118 0.209 0.102 0.182 
  81   (0.131) 0.133 0.080 0.016 0.104 0.118 
  85   (0.190) 0.190 0.042 0.171 0.195 0.472 
  83   (0.007) 0.004 0.003 0.001 0.001 0.000 

Locus 39 : 39 
4 alleles
0.4% missing data
 167   (0.802) 0.808 0.914 0.693 0.804 0.860 
 161   (0.167) 0.165 0.084 0.304 0.147 0.137 
 165   (0.024) 0.021 0.001 0.003 0.048 0.002 
 177   (0.007) 0.005 0.000 0.001 0.001 0.001 

Locus 40 : 40 
6 alleles
0.2% missing data
 228   (0.412) 0.406 0.552 0.536 0.491 0.242 
 238   (0.338) 0.349 0.306 0.090 0.298 0.121 
 224   (0.024) 0.018 0.076 0.003 0.017 0.002 
 236   (0.102) 0.096 0.063 0.357 0.056 0.378 
 232   (0.013) 0.014 0.001 0.001 0.002 0.001 
 240   (0.111) 0.117 0.002 0.014 0.136 0.256 

Locus 41 : 41 
7 alleles
0.0% missing data
 128   (0.108) 0.101 0.132 0.012 0.184 0.037 
 130   (0.536) 0.549 0.614 0.064 0.459 0.772 
 114   (0.051) 0.051 0.094 0.492 0.007 0.003 
 132   (0.127) 0.122 0.148 0.016 0.190 0.055 
 118   (0.057) 0.052 0.002 0.207 0.068 0.125 
 134   (0.114) 0.120 0.010 0.209 0.091 0.007 
 136   (0.007) 0.005 0.000 0.001 0.001 0.000 

Locus 42 : 42 
6 alleles
1.3% missing data
 102   (0.276) 0.265 0.400 0.570 0.333 0.476 
 104   (0.401) 0.413 0.193 0.049 0.500 0.410 
  92   (0.121) 0.127 0.126 0.058 0.064 0.008 
  96   (0.070) 0.070 0.093 0.104 0.025 0.005 
  98   (0.124) 0.120 0.187 0.218 0.077 0.100 
 106   (0.007) 0.005 0.001 0.001 0.001 0.001 

Locus 43 : 43 
6 alleles
1.6% missing data
 101   (0.327) 0.336 0.412 0.040 0.297 0.193 
 103   (0.299) 0.294 0.220 0.228 0.401 0.349 
  99   (0.150) 0.156 0.067 0.420 0.110 0.010 
  95   (0.201) 0.193 0.300 0.174 0.189 0.446 
  97   (0.017) 0.015 0.000 0.137 0.003 0.001 
  91   (0.007) 0.005 0.000 0.001 0.001 0.000 

Locus 44 : 44 
7 alleles
0.2% missing data
 177   (0.071) 0.071 0.074 0.009 0.051 0.005 
 191   (0.291) 0.303 0.175 0.281 0.225 0.108 
 181   (0.574) 0.565 0.749 0.531 0.690 0.854 
 179   (0.040) 0.045 0.001 0.176 0.005 0.003 
 183   (0.009) 0.008 0.000 0.001 0.002 0.001 
 193   (0.008) 0.004 0.000 0.001 0.027 0.000 
 189   (0.007) 0.004 0.000 0.001 0.001 0.029 

Locus 45 : 45 
6 alleles
0.9% missing data
 205   (0.472) 0.481 0.523 0.262 0.501 0.413 
 211   (0.241) 0.245 0.222 0.339 0.176 0.272 
 207   (0.124) 0.119 0.134 0.015 0.180 0.197 
 201   (0.078) 0.075 0.071 0.373 0.064 0.005 
 215   (0.076) 0.072 0.050 0.010 0.078 0.113 
 202   (0.009) 0.008 0.000 0.001 0.001 0.001 

Locus 46 : 46 
10 alleles
1.1% missing data
 144   (0.057) 0.049 0.212 0.007 0.051 0.124 
 158   (0.173) 0.182 0.151 0.021 0.090 0.090 
 168   (0.139) 0.142 0.190 0.214 0.046 0.111 
 166   (0.120) 0.107 0.293 0.120 0.175 0.378 
 142   (0.364) 0.372 0.146 0.049 0.564 0.287 
 170   (0.017) 0.016 0.002 0.002 0.003 0.002 
 156   (0.024) 0.020 0.001 0.475 0.016 0.002 
 162   (0.047) 0.049 0.001 0.104 0.027 0.003 
 164   (0.054) 0.059 0.003 0.006 0.028 0.003 
 160   (0.007) 0.005 0.000 0.001 0.001 0.000 

Locus 47 : 47 
7 alleles
8.7% missing data
 149   (0.318) 0.315 0.224 0.344 0.375 0.336 
 151   (0.202) 0.209 0.259 0.101 0.167 0.015 
 153   (0.178) 0.172 0.306 0.028 0.321 0.029 
 147   (0.028) 0.028 0.031 0.005 0.004 0.002 
 145   (0.253) 0.259 0.177 0.519 0.131 0.617 
 152   (0.007) 0.004 0.003 0.002 0.001 0.001 
 143   (0.014) 0.015 0.000 0.002 0.002 0.001 

Values of parameters used in structure:
DATAFILE=temp2_no_plains.str,	OUTFILE=k5/temp2_no_plains_k5_run2,	NUMINDS=450,	NUMLOCI=47,	MISSING=-9,	LABEL=1,	POPDATA=1,	POPFLAG=0,	PHENOTYPE=0,	EXTRACOLS=0,	MAXPOPS=5,	BURNIN=500000,	NUMREPS=750000,	USEPOPINFO=0,	INFERALPHA=1,	INFERLAMBDA=0,	POPSPECIFICLAMBDA=0,	POPALPHAS=0,	COMPUTEPROB=1,	NOADMIX=0,	ADMBURNIN=500,	UPDATEFREQ=100,	PRINTLIKES=0,	INTERMEDSAVE=0,	PRINTKLD=0,	PRINTNET=1,	PRINTLAMBDA=1,	ANCESTDIST=0,	NUMBOXES=1000,	ANCESTPINT=0.90000,	GENSBACK=2,	MIGRPRIOR=0.01000,	PRINTQHAT=0,	PRINTQSUM=1,	ALPHA=1.0000,	FREQSCORR=1,	FPRIORMEAN=0.0100,	FPRIORSD=0.0500,	ONEFST=0,	LAMBDA=1.0000,	UNIFPRIORALPHA=1,	ALPHAMAX=10.0000,	ALPHAPRIORA=1.0000,	ALPHAPRIORB=2.0000,	ALPHAPROPSD=0.0250,	STARTATPOPINFO=0,	RANDOMIZE=0,	LINKAGE=0,	METROFREQ=10,	REPORTHITRATE=0,	MARKOVPHASE=0,	PHASED=1,	PLOIDY=2,	PHASEINFO=0	LOCPRIOR=0, 	LOCPRIORINIT=1.000000, 	LOCDATA=0, 	LOCISPOP=1, 	LOCPRIORSTEP=0.100000, 	MAXLOCPRIOR=20.000000, 	SEED=136234,	
[STRAT parameters]:    NUMSIMSTATS=1000,	PHENOTYPECOL=-9,	POOLFREQ=10,	LOCUSxONLY=0,	EMERROR=0.00100,	MISSINGPHENO=-9,	