

----------------------------------------------------
STRUCTURE by Pritchard, Stephens and Donnelly (2000)
     and Falush, Stephens and Pritchard (2003)
       Code by Pritchard, Falush and Hubisz
             Version 2.3.4 (Jul 2012)
----------------------------------------------------



Command line arguments:   structure -D 670700 -K 13 -m mainparams -o k13/temp2_no_plains_k13_run8 
Input File:    temp2_no_plains.str

Run parameters:
   450 individuals
   47 loci
   13 populations assumed
   500000 Burn-in period
   750000 Reps
RANDOMIZE turned off


--------------------------------------------
Proportion of membership of each pre-defined
 population in each of the 13 clusters

Given    Inferred Clusters                                                                             Number of
 Pop       1      2      3      4      5      6      7      8      9     10     11     12     13      Individuals

  1:     0.008  0.010  0.009  0.006  0.011  0.004  0.862  0.037  0.009  0.010  0.010  0.011  0.012       63
  2:     0.007  0.014  0.012  0.010  0.008  0.007  0.868  0.012  0.011  0.013  0.015  0.007  0.016       20
  3:     0.007  0.020  0.013  0.008  0.014  0.004  0.714  0.120  0.010  0.020  0.020  0.015  0.036       21
  4:     0.005  0.007  0.008  0.007  0.006  0.004  0.369  0.545  0.014  0.007  0.007  0.009  0.012       31
  5:     0.004  0.008  0.008  0.005  0.018  0.005  0.895  0.017  0.012  0.008  0.008  0.006  0.006       21
  6:     0.012  0.019  0.021  0.024  0.043  0.005  0.011  0.011  0.006  0.019  0.018  0.016  0.797       25
  7:     0.017  0.061  0.013  0.044  0.024  0.012  0.472  0.139  0.012  0.056  0.066  0.062  0.024        8
  8:     0.005  0.009  0.027  0.004  0.010  0.005  0.551  0.018  0.337  0.009  0.009  0.006  0.009       17
  9:     0.946  0.005  0.005  0.005  0.004  0.003  0.005  0.004  0.003  0.005  0.005  0.005  0.006       29
 10:     0.002  0.003  0.002  0.002  0.002  0.972  0.002  0.002  0.003  0.003  0.003  0.002  0.003        9
 11:     0.015  0.207  0.022  0.027  0.069  0.009  0.010  0.015  0.009  0.213  0.211  0.134  0.059       26
 12:     0.012  0.131  0.148  0.048  0.129  0.010  0.012  0.014  0.012  0.139  0.132  0.188  0.026       74
 13:     0.012  0.092  0.356  0.072  0.139  0.007  0.018  0.014  0.011  0.089  0.094  0.076  0.021       35
 14:     0.008  0.045  0.484  0.015  0.243  0.009  0.028  0.016  0.007  0.047  0.046  0.026  0.026       24
 15:     0.027  0.206  0.028  0.012  0.053  0.010  0.022  0.012  0.007  0.206  0.208  0.171  0.038       43
 16:     0.009  0.268  0.011  0.013  0.026  0.003  0.014  0.013  0.054  0.252  0.289  0.036  0.013        4
--------------------------------------------

Allele-freq. divergence among pops (Net nucleotide distance),
computed using point estimates of P.

      1       2       3       4       5       6       7       8       9      10      11      12      13      
 1      -    0.0537  0.0693  0.1039  0.0709  0.1320  0.0792  0.0922  0.1583  0.0540  0.0538  0.0612  0.0600  
 2   0.0537     -    0.0186  0.0469  0.0142  0.0986  0.0298  0.0375  0.1005  0.0001  0.0000  0.0070  0.0188  
 3   0.0693  0.0186     -    0.0617  0.0193  0.1270  0.0455  0.0603  0.1262  0.0184  0.0189  0.0266  0.0359  
 4   0.1039  0.0469  0.0617     -    0.0542  0.1643  0.0740  0.0777  0.1475  0.0464  0.0471  0.0573  0.0582  
 5   0.0709  0.0142  0.0193  0.0542     -    0.1215  0.0446  0.0562  0.1227  0.0139  0.0145  0.0208  0.0339  
 6   0.1320  0.0986  0.1270  0.1643  0.1215     -    0.1421  0.1416  0.1996  0.0989  0.0986  0.1049  0.1057  
 7   0.0792  0.0298  0.0455  0.0740  0.0446  0.1421     -    0.0392  0.1032  0.0298  0.0301  0.0328  0.0434  
 8   0.0922  0.0375  0.0603  0.0777  0.0562  0.1416  0.0392     -    0.1319  0.0376  0.0375  0.0429  0.0548  
 9   0.1583  0.1005  0.1262  0.1475  0.1227  0.1996  0.1032  0.1319     -    0.0996  0.1009  0.1082  0.1204  
10   0.0540  0.0001  0.0184  0.0464  0.0139  0.0989  0.0298  0.0376  0.0996     -    0.0001  0.0069  0.0186  
11   0.0538  0.0000  0.0189  0.0471  0.0145  0.0986  0.0301  0.0375  0.1009  0.0001     -    0.0070  0.0190  
12   0.0612  0.0070  0.0266  0.0573  0.0208  0.1049  0.0328  0.0429  0.1082  0.0069  0.0070     -    0.0229  
13   0.0600  0.0188  0.0359  0.0582  0.0339  0.1057  0.0434  0.0548  0.1204  0.0186  0.0190  0.0229     -    

Average distances (expected heterozygosity) between individuals in same cluster:
cluster  1  : 0.5458 
cluster  2  : 0.6407 
cluster  3  : 0.5682 
cluster  4  : 0.5407 
cluster  5  : 0.5899 
cluster  6  : 0.5346 
cluster  7  : 0.5405 
cluster  8  : 0.5406 
cluster  9  : 0.4341 
cluster 10  : 0.6414 
cluster 11  : 0.6408 
cluster 12  : 0.6184 
cluster 13  : 0.5967 

--------------------------------------------
Estimated Ln Prob of Data   = -48588.7
Mean value of ln likelihood = -46283.8
Variance of ln likelihood   = 4609.8
Mean value of alpha         = 0.0348

Mean value of Fst_1         = 0.2100
Mean value of Fst_2         = 0.0168
Mean value of Fst_3         = 0.0900
Mean value of Fst_4         = 0.2336
Mean value of Fst_5         = 0.0807
Mean value of Fst_6         = 0.3079
Mean value of Fst_7         = 0.1331
Mean value of Fst_8         = 0.1704
Mean value of Fst_9         = 0.4044
Mean value of Fst_10         = 0.0154
Mean value of Fst_11         = 0.0171
Mean value of Fst_12         = 0.0419
Mean value of Fst_13         = 0.0886


Inferred ancestry of individuals:
        Label (%Miss) Pop:  Inferred clusters
  1      221    (0)    1 :  0.002 0.007 0.008 0.003 0.008 0.003 0.917 0.008 0.005 0.007 0.007 0.008 0.017 
  2      222    (0)    1 :  0.009 0.009 0.006 0.011 0.008 0.004 0.425 0.489 0.006 0.009 0.010 0.008 0.007 
  3      223    (0)    1 :  0.003 0.011 0.008 0.006 0.010 0.003 0.894 0.008 0.007 0.010 0.010 0.021 0.009 
  4      224    (0)    1 :  0.004 0.003 0.003 0.004 0.002 0.001 0.960 0.005 0.005 0.003 0.003 0.003 0.004 
  5      225    (0)    1 :  0.004 0.005 0.004 0.004 0.004 0.002 0.948 0.006 0.004 0.005 0.006 0.005 0.004 
  6      226    (0)    1 :  0.002 0.005 0.003 0.007 0.004 0.006 0.937 0.003 0.004 0.005 0.005 0.009 0.011 
  7      227    (0)    1 :  0.005 0.011 0.005 0.004 0.007 0.015 0.873 0.003 0.005 0.011 0.010 0.015 0.035 
  8      228    (0)    1 :  0.005 0.009 0.013 0.010 0.010 0.003 0.896 0.007 0.012 0.009 0.010 0.009 0.007 
  9      234    (0)    1 :  0.002 0.004 0.005 0.004 0.004 0.003 0.950 0.009 0.004 0.004 0.004 0.004 0.004 
 10      235    (0)    1 :  0.002 0.003 0.003 0.002 0.003 0.004 0.957 0.009 0.004 0.003 0.004 0.003 0.004 
 11      236    (0)    1 :  0.002 0.003 0.002 0.002 0.002 0.002 0.957 0.003 0.015 0.003 0.003 0.003 0.005 
 12      237    (0)    1 :  0.002 0.004 0.004 0.004 0.006 0.002 0.953 0.009 0.002 0.004 0.004 0.005 0.003 
 13      238    (0)    1 :  0.012 0.009 0.005 0.004 0.013 0.003 0.858 0.042 0.003 0.009 0.008 0.009 0.025 
 14      239    (0)    1 :  0.016 0.026 0.014 0.007 0.010 0.007 0.705 0.015 0.024 0.026 0.029 0.042 0.080 
 15      240    (0)    1 :  0.002 0.004 0.004 0.003 0.003 0.002 0.953 0.006 0.007 0.004 0.004 0.003 0.006 
 16      242    (0)    1 :  0.002 0.081 0.016 0.008 0.032 0.001 0.280 0.290 0.003 0.070 0.068 0.135 0.012 
 17      243    (0)    1 :  0.014 0.013 0.005 0.008 0.008 0.016 0.859 0.015 0.005 0.014 0.013 0.009 0.020 
 18      244    (0)    1 :  0.003 0.008 0.002 0.003 0.003 0.012 0.902 0.014 0.002 0.008 0.008 0.015 0.021 
 19      245    (0)    1 :  0.008 0.019 0.019 0.007 0.014 0.012 0.802 0.004 0.048 0.018 0.019 0.014 0.014 
 20      246    (0)    1 :  0.003 0.004 0.002 0.003 0.003 0.005 0.950 0.011 0.003 0.004 0.004 0.003 0.003 
 21      248    (0)    1 :  0.022 0.007 0.004 0.002 0.006 0.003 0.865 0.051 0.009 0.007 0.008 0.010 0.005 
 22      249    (0)    1 :  0.002 0.002 0.002 0.004 0.002 0.001 0.971 0.002 0.002 0.002 0.002 0.003 0.004 
 23      250    (0)    1 :  0.010 0.017 0.011 0.006 0.023 0.006 0.859 0.005 0.012 0.015 0.016 0.010 0.010 
 24      251    (0)    1 :  0.003 0.005 0.009 0.002 0.008 0.004 0.928 0.017 0.005 0.005 0.005 0.005 0.004 
 25      252    (0)    1 :  0.039 0.009 0.011 0.009 0.020 0.001 0.870 0.004 0.005 0.009 0.008 0.008 0.007 
 26      253    (0)    1 :  0.024 0.023 0.003 0.004 0.006 0.003 0.834 0.003 0.007 0.026 0.022 0.036 0.009 
 27      254    (0)    1 :  0.003 0.006 0.004 0.003 0.005 0.002 0.944 0.005 0.004 0.005 0.006 0.006 0.008 
 28      255    (0)    1 :  0.006 0.020 0.008 0.005 0.007 0.003 0.565 0.264 0.017 0.019 0.019 0.014 0.053 
 29      256    (0)    1 :  0.002 0.010 0.005 0.015 0.008 0.003 0.870 0.058 0.003 0.010 0.009 0.006 0.004 
 30      257    (0)    1 :  0.009 0.009 0.011 0.003 0.008 0.003 0.901 0.007 0.003 0.009 0.009 0.010 0.018 
 31      258    (0)    1 :  0.003 0.008 0.011 0.003 0.011 0.002 0.885 0.026 0.010 0.010 0.010 0.010 0.011 
 32      259    (0)    1 :  0.003 0.014 0.009 0.005 0.007 0.002 0.902 0.011 0.002 0.012 0.015 0.011 0.006 
 33      260    (0)    1 :  0.070 0.006 0.004 0.003 0.006 0.006 0.835 0.005 0.023 0.006 0.006 0.005 0.026 
 34      261    (0)    1 :  0.010 0.015 0.064 0.006 0.051 0.003 0.787 0.006 0.003 0.016 0.015 0.005 0.018 
 35      262    (0)    1 :  0.002 0.002 0.003 0.003 0.002 0.001 0.969 0.006 0.002 0.002 0.002 0.002 0.002 
 36      263    (0)    1 :  0.025 0.006 0.004 0.005 0.006 0.005 0.874 0.014 0.005 0.005 0.005 0.005 0.042 
 37      264    (0)    1 :  0.003 0.004 0.006 0.014 0.005 0.001 0.935 0.010 0.003 0.005 0.005 0.004 0.006 
 38      265    (0)    1 :  0.036 0.006 0.006 0.005 0.004 0.002 0.879 0.020 0.007 0.006 0.006 0.004 0.021 
 39      266    (0)    1 :  0.002 0.003 0.003 0.002 0.003 0.001 0.962 0.006 0.005 0.003 0.003 0.003 0.002 
 40      267    (0)    1 :  0.001 0.003 0.003 0.003 0.002 0.002 0.947 0.022 0.002 0.003 0.003 0.004 0.003 
 41      268    (0)    1 :  0.050 0.006 0.005 0.004 0.008 0.008 0.887 0.004 0.003 0.007 0.006 0.007 0.006 
 42      269    (0)    1 :  0.002 0.003 0.004 0.002 0.003 0.001 0.942 0.008 0.019 0.003 0.003 0.003 0.004 
 43      270    (0)    1 :  0.002 0.003 0.004 0.021 0.003 0.002 0.941 0.004 0.003 0.003 0.003 0.004 0.006 
 44      271    (0)    1 :  0.011 0.029 0.013 0.007 0.026 0.003 0.731 0.013 0.074 0.034 0.028 0.017 0.014 
 45      272    (0)    1 :  0.005 0.038 0.028 0.021 0.013 0.008 0.326 0.456 0.013 0.036 0.038 0.011 0.008 
 46      273    (0)    1 :  0.003 0.015 0.014 0.019 0.007 0.002 0.830 0.014 0.010 0.015 0.015 0.017 0.038 
 47      274    (0)    1 :  0.006 0.005 0.008 0.003 0.006 0.003 0.936 0.004 0.006 0.005 0.005 0.005 0.008 
 48      275    (2)    1 :  0.002 0.004 0.004 0.003 0.003 0.002 0.949 0.009 0.003 0.004 0.004 0.005 0.006 
 49      276    (0)    1 :  0.004 0.006 0.008 0.004 0.010 0.002 0.931 0.006 0.005 0.006 0.006 0.006 0.005 
 50      277    (0)    1 :  0.002 0.014 0.021 0.008 0.075 0.001 0.824 0.003 0.013 0.014 0.011 0.007 0.008 
 51      278    (0)    1 :  0.005 0.009 0.014 0.002 0.056 0.008 0.851 0.018 0.005 0.008 0.009 0.010 0.006 
 52      279    (0)    1 :  0.003 0.015 0.005 0.005 0.008 0.002 0.896 0.018 0.003 0.014 0.015 0.010 0.006 
 53      280    (0)    1 :  0.005 0.012 0.017 0.003 0.014 0.003 0.817 0.007 0.068 0.012 0.011 0.011 0.020 
 54      287    (0)    1 :  0.006 0.015 0.008 0.006 0.009 0.004 0.893 0.005 0.003 0.014 0.015 0.008 0.013 
 55      290    (0)    1 :  0.003 0.013 0.011 0.017 0.009 0.006 0.796 0.094 0.006 0.013 0.014 0.008 0.010 
 56      291    (0)    1 :  0.006 0.011 0.025 0.004 0.016 0.003 0.883 0.004 0.015 0.011 0.011 0.006 0.007 
 57      295    (0)    1 :  0.003 0.004 0.017 0.003 0.006 0.001 0.942 0.006 0.003 0.004 0.004 0.003 0.005 
 58      296    (0)    1 :  0.004 0.004 0.003 0.010 0.005 0.003 0.938 0.009 0.005 0.004 0.004 0.008 0.004 
 59      872    (2)    1 :  0.007 0.005 0.004 0.005 0.006 0.007 0.850 0.092 0.004 0.005 0.005 0.004 0.005 
 60      873    (4)    1 :  0.003 0.013 0.003 0.023 0.008 0.004 0.850 0.035 0.010 0.014 0.013 0.011 0.013 
 61      874    (2)    1 :  0.003 0.004 0.008 0.004 0.015 0.001 0.929 0.014 0.002 0.004 0.004 0.006 0.005 
 62      875    (0)    1 :  0.002 0.005 0.005 0.003 0.004 0.018 0.922 0.015 0.006 0.005 0.005 0.005 0.006 
 63      876    (6)    1 :  0.012 0.008 0.012 0.005 0.013 0.001 0.884 0.005 0.005 0.008 0.008 0.016 0.022 
 64      070    (0)   10 :  0.002 0.005 0.003 0.002 0.003 0.964 0.002 0.003 0.001 0.005 0.005 0.003 0.003 
 65      071    (0)   10 :  0.006 0.003 0.003 0.002 0.003 0.962 0.002 0.002 0.005 0.003 0.003 0.003 0.004 
 66      072    (0)   10 :  0.001 0.002 0.002 0.001 0.001 0.979 0.001 0.002 0.003 0.002 0.002 0.002 0.002 
 67      151    (0)   10 :  0.002 0.001 0.002 0.001 0.002 0.983 0.001 0.001 0.001 0.001 0.001 0.001 0.002 
 68      152    (0)   10 :  0.002 0.006 0.005 0.002 0.003 0.953 0.003 0.002 0.005 0.005 0.006 0.005 0.004 
 69      153    (2)   10 :  0.001 0.001 0.001 0.001 0.001 0.983 0.001 0.002 0.001 0.001 0.001 0.001 0.002 
 70      788    (4)   10 :  0.002 0.003 0.003 0.001 0.003 0.970 0.002 0.002 0.003 0.003 0.003 0.002 0.002 
 71      789    (2)   10 :  0.003 0.002 0.002 0.001 0.002 0.977 0.002 0.002 0.002 0.002 0.002 0.002 0.002 
 72      790    (0)   10 :  0.001 0.002 0.002 0.001 0.001 0.977 0.002 0.002 0.003 0.002 0.002 0.002 0.002 
 73      010    (0)   11 :  0.004 0.291 0.005 0.008 0.010 0.002 0.005 0.007 0.008 0.287 0.317 0.047 0.010 
 74      024    (0)   11 :  0.010 0.300 0.014 0.007 0.020 0.006 0.005 0.005 0.005 0.295 0.300 0.022 0.010 
 75      051    (0)   11 :  0.008 0.206 0.005 0.005 0.010 0.015 0.005 0.007 0.004 0.221 0.224 0.050 0.241 
 76      090    (0)   11 :  0.005 0.257 0.012 0.013 0.013 0.008 0.007 0.009 0.003 0.272 0.227 0.122 0.054 
 77      102    (0)   11 :  0.003 0.177 0.043 0.013 0.263 0.002 0.028 0.035 0.004 0.220 0.150 0.046 0.016 
 78      111    (0)   11 :  0.004 0.255 0.010 0.005 0.023 0.002 0.006 0.025 0.065 0.230 0.270 0.097 0.011 
 79      113    (0)   11 :  0.005 0.244 0.035 0.007 0.032 0.006 0.005 0.033 0.003 0.204 0.254 0.096 0.077 
 80      138    (0)   11 :  0.080 0.098 0.012 0.003 0.014 0.040 0.009 0.003 0.003 0.125 0.093 0.502 0.018 
 81      150    (0)   11 :  0.004 0.019 0.030 0.006 0.743 0.018 0.015 0.007 0.002 0.026 0.018 0.047 0.065 
 82      173    (2)   11 :  0.017 0.176 0.049 0.040 0.021 0.025 0.005 0.007 0.008 0.167 0.175 0.061 0.249 
 83      174    (2)   11 :  0.004 0.171 0.005 0.006 0.004 0.024 0.006 0.022 0.004 0.141 0.211 0.387 0.016 
 84      175    (0)   11 :  0.003 0.267 0.005 0.006 0.016 0.007 0.002 0.010 0.002 0.294 0.320 0.042 0.025 
 85      176    (0)   11 :  0.011 0.315 0.005 0.003 0.031 0.005 0.016 0.019 0.007 0.191 0.360 0.028 0.008 
 86      177    (0)   11 :  0.002 0.173 0.019 0.004 0.016 0.004 0.003 0.008 0.002 0.157 0.209 0.075 0.327 
 87      180    (0)   11 :  0.007 0.180 0.006 0.005 0.006 0.004 0.024 0.116 0.004 0.180 0.177 0.152 0.139 
 88      184    (0)   11 :  0.006 0.091 0.017 0.037 0.060 0.014 0.006 0.004 0.005 0.121 0.099 0.526 0.016 
 89      195    (0)   11 :  0.015 0.247 0.012 0.006 0.022 0.006 0.005 0.004 0.035 0.342 0.255 0.035 0.015 
 90      198    (0)   11 :  0.006 0.188 0.006 0.003 0.019 0.003 0.010 0.015 0.031 0.200 0.181 0.320 0.018 
 91      203    (0)   11 :  0.005 0.284 0.008 0.008 0.026 0.009 0.008 0.010 0.003 0.347 0.263 0.016 0.012 
 92      211    (0)   11 :  0.089 0.281 0.023 0.004 0.059 0.003 0.030 0.005 0.003 0.171 0.291 0.033 0.009 
 93      220    (0)   11 :  0.010 0.145 0.027 0.011 0.320 0.002 0.004 0.010 0.007 0.195 0.130 0.056 0.082 
 94      233    (0)   11 :  0.046 0.213 0.205 0.036 0.006 0.006 0.009 0.004 0.002 0.237 0.195 0.021 0.020 
 95      331    (0)   11 :  0.005 0.287 0.006 0.008 0.014 0.007 0.005 0.005 0.008 0.333 0.264 0.029 0.029 
 96      349    (0)   11 :  0.006 0.136 0.010 0.435 0.012 0.013 0.006 0.010 0.005 0.163 0.129 0.029 0.044 
 97      410    (0)   11 :  0.027 0.162 0.004 0.005 0.006 0.003 0.008 0.011 0.003 0.164 0.148 0.442 0.017 
 98      417    (2)   11 :  0.005 0.225 0.006 0.008 0.023 0.002 0.027 0.007 0.007 0.248 0.232 0.203 0.006 
 99      421    (0)   12 :  0.004 0.010 0.831 0.011 0.008 0.002 0.009 0.003 0.089 0.009 0.009 0.009 0.004 
100      423    (0)   12 :  0.002 0.244 0.004 0.026 0.020 0.008 0.006 0.010 0.003 0.364 0.259 0.044 0.010 
101      424    (0)   12 :  0.003 0.097 0.008 0.009 0.007 0.002 0.015 0.032 0.005 0.123 0.101 0.229 0.368 
102      433    (0)   12 :  0.018 0.087 0.123 0.004 0.323 0.002 0.004 0.004 0.003 0.109 0.080 0.235 0.008 
103      462    (0)   12 :  0.022 0.205 0.064 0.013 0.042 0.002 0.007 0.009 0.007 0.188 0.224 0.131 0.086 
104      463    (0)   12 :  0.004 0.222 0.007 0.056 0.012 0.003 0.010 0.005 0.018 0.243 0.245 0.168 0.008 
105      467    (0)   12 :  0.012 0.015 0.743 0.015 0.118 0.009 0.022 0.005 0.004 0.016 0.016 0.010 0.014 
106      468    (0)   12 :  0.002 0.010 0.043 0.819 0.030 0.003 0.019 0.008 0.031 0.009 0.009 0.008 0.008 
107      469    (0)   12 :  0.003 0.147 0.156 0.004 0.190 0.002 0.054 0.010 0.037 0.167 0.135 0.089 0.006 
108      472    (0)   12 :  0.008 0.289 0.010 0.007 0.024 0.004 0.007 0.003 0.015 0.262 0.322 0.041 0.009 
109      473    (0)   12 :  0.008 0.029 0.007 0.834 0.009 0.003 0.003 0.004 0.005 0.033 0.030 0.029 0.007 
110      474    (0)   12 :  0.006 0.003 0.005 0.017 0.943 0.001 0.005 0.003 0.002 0.003 0.003 0.004 0.004 
111      475    (0)   12 :  0.003 0.226 0.140 0.030 0.062 0.003 0.004 0.006 0.003 0.235 0.219 0.059 0.009 
112      476    (2)   12 :  0.012 0.007 0.010 0.021 0.908 0.008 0.004 0.006 0.002 0.008 0.006 0.004 0.005 
113      477    (0)   12 :  0.017 0.299 0.012 0.015 0.017 0.005 0.007 0.005 0.003 0.340 0.258 0.016 0.006 
114      478    (0)   12 :  0.003 0.251 0.070 0.004 0.016 0.002 0.014 0.072 0.003 0.280 0.255 0.013 0.017 
115      479    (0)   12 :  0.003 0.016 0.013 0.005 0.723 0.003 0.014 0.006 0.016 0.016 0.012 0.162 0.010 
116      480    (0)   12 :  0.002 0.006 0.935 0.013 0.008 0.002 0.003 0.004 0.001 0.007 0.007 0.007 0.004 
117      481    (0)   12 :  0.003 0.175 0.015 0.021 0.149 0.055 0.006 0.011 0.004 0.194 0.174 0.179 0.015 
118      482    (0)   12 :  0.047 0.230 0.089 0.004 0.013 0.002 0.004 0.005 0.068 0.183 0.209 0.132 0.014 
119      489    (0)   12 :  0.015 0.252 0.034 0.022 0.011 0.005 0.004 0.006 0.005 0.285 0.274 0.078 0.008 
120      490    (0)   12 :  0.003 0.023 0.013 0.003 0.006 0.003 0.016 0.009 0.005 0.017 0.021 0.868 0.013 
121      491    (0)   12 :  0.121 0.193 0.015 0.009 0.036 0.009 0.005 0.004 0.008 0.200 0.173 0.135 0.091 
122      492    (0)   12 :  0.010 0.012 0.008 0.023 0.842 0.003 0.013 0.043 0.003 0.012 0.013 0.009 0.008 
123      493    (0)   12 :  0.005 0.048 0.015 0.004 0.797 0.008 0.007 0.003 0.005 0.042 0.038 0.008 0.017 
124      494    (0)   12 :  0.043 0.122 0.149 0.011 0.046 0.024 0.005 0.003 0.010 0.116 0.121 0.330 0.018 
125      498    (0)   12 :  0.004 0.208 0.007 0.052 0.108 0.008 0.023 0.014 0.003 0.163 0.209 0.194 0.007 
126      499    (0)   12 :  0.007 0.282 0.012 0.006 0.021 0.003 0.012 0.006 0.003 0.295 0.261 0.041 0.052 
127      709    (0)   12 :  0.011 0.166 0.009 0.004 0.022 0.088 0.009 0.009 0.018 0.216 0.180 0.257 0.012 
128      710    (4)   12 :  0.003 0.257 0.045 0.006 0.035 0.005 0.006 0.004 0.010 0.340 0.243 0.043 0.003 
129      711    (2)   12 :  0.004 0.206 0.012 0.007 0.017 0.007 0.017 0.065 0.025 0.228 0.229 0.055 0.128 
130      712    (4)   12 :  0.003 0.009 0.008 0.003 0.006 0.002 0.007 0.007 0.004 0.009 0.009 0.924 0.009 
131      713    (0)   12 :  0.009 0.292 0.004 0.010 0.008 0.004 0.004 0.005 0.020 0.360 0.257 0.018 0.008 
132      714    (2)   12 :  0.002 0.036 0.231 0.063 0.526 0.013 0.012 0.007 0.006 0.031 0.041 0.010 0.022 
133      715    (4)   12 :  0.032 0.014 0.784 0.003 0.020 0.014 0.037 0.016 0.015 0.013 0.014 0.018 0.021 
134      716    (0)   12 :  0.003 0.011 0.055 0.004 0.876 0.002 0.003 0.005 0.004 0.012 0.013 0.008 0.004 
135      717    (2)   12 :  0.011 0.171 0.268 0.011 0.019 0.003 0.007 0.136 0.007 0.178 0.152 0.028 0.010 
136      718    (4)   12 :  0.002 0.026 0.013 0.005 0.023 0.002 0.012 0.006 0.010 0.038 0.033 0.812 0.017 
137      719    (0)   12 :  0.002 0.004 0.960 0.003 0.005 0.002 0.003 0.002 0.004 0.004 0.004 0.004 0.003 
138      720    (2)   12 :  0.008 0.060 0.715 0.013 0.033 0.002 0.008 0.006 0.012 0.071 0.050 0.011 0.010 
139      721    (0)   12 :  0.006 0.075 0.029 0.021 0.587 0.042 0.004 0.005 0.011 0.094 0.083 0.023 0.018 
140      722    (4)   12 :  0.002 0.005 0.868 0.041 0.020 0.002 0.010 0.006 0.024 0.006 0.005 0.006 0.005 
141      723    (0)   12 :  0.006 0.025 0.841 0.003 0.043 0.008 0.004 0.007 0.002 0.026 0.025 0.008 0.003 
142      724    (0)   12 :  0.010 0.022 0.565 0.012 0.207 0.006 0.014 0.009 0.092 0.022 0.022 0.011 0.008 
143      725    (0)   12 :  0.010 0.309 0.029 0.018 0.010 0.004 0.004 0.009 0.009 0.246 0.318 0.021 0.012 
144      726    (0)   12 :  0.005 0.174 0.027 0.032 0.253 0.006 0.004 0.003 0.010 0.251 0.202 0.024 0.008 
145      727    (0)   12 :  0.011 0.147 0.013 0.007 0.433 0.010 0.005 0.003 0.008 0.099 0.169 0.081 0.014 
146      728    (2)   12 :  0.006 0.277 0.013 0.003 0.011 0.105 0.007 0.014 0.010 0.220 0.307 0.016 0.010 
147      729    (6)   12 :  0.004 0.248 0.037 0.004 0.012 0.005 0.005 0.005 0.004 0.290 0.253 0.117 0.015 
148      730    (2)   12 :  0.005 0.050 0.066 0.002 0.008 0.006 0.010 0.010 0.012 0.036 0.046 0.737 0.012 
149      731    (2)   12 :  0.002 0.023 0.004 0.006 0.009 0.002 0.008 0.004 0.004 0.038 0.024 0.870 0.005 
150      732    (0)   12 :  0.006 0.231 0.022 0.009 0.258 0.003 0.010 0.013 0.006 0.150 0.258 0.023 0.012 
151      733    (0)   12 :  0.003 0.219 0.042 0.003 0.038 0.004 0.011 0.009 0.036 0.254 0.241 0.127 0.013 
152      734    (2)   12 :  0.093 0.214 0.015 0.004 0.033 0.009 0.009 0.007 0.001 0.186 0.242 0.104 0.081 
153      735    (4)   12 :  0.008 0.248 0.032 0.057 0.010 0.003 0.005 0.008 0.008 0.255 0.197 0.139 0.030 
154      736    (2)   12 :  0.022 0.139 0.005 0.004 0.027 0.018 0.004 0.004 0.003 0.139 0.141 0.476 0.018 
155      737    (0)   12 :  0.004 0.045 0.004 0.012 0.012 0.013 0.012 0.031 0.004 0.044 0.058 0.745 0.017 
156      738    (2)   12 :  0.005 0.146 0.008 0.004 0.014 0.003 0.009 0.005 0.003 0.129 0.152 0.429 0.093 
157      739    (8)   12 :  0.006 0.045 0.029 0.010 0.015 0.013 0.009 0.005 0.004 0.045 0.044 0.765 0.012 
158      740    (4)   12 :  0.003 0.068 0.035 0.004 0.047 0.002 0.005 0.005 0.015 0.079 0.074 0.660 0.004 
159      741    (2)   12 :  0.023 0.145 0.053 0.027 0.021 0.002 0.059 0.086 0.023 0.151 0.159 0.241 0.010 
160      742    (4)   12 :  0.005 0.116 0.011 0.006 0.014 0.006 0.012 0.019 0.002 0.128 0.120 0.480 0.080 
161      743    (2)   12 :  0.010 0.012 0.876 0.003 0.043 0.002 0.005 0.005 0.002 0.011 0.012 0.013 0.006 
162      744    (0)   12 :  0.005 0.226 0.066 0.004 0.083 0.030 0.004 0.005 0.003 0.255 0.262 0.051 0.007 
163      745    (0)   12 :  0.005 0.137 0.465 0.008 0.011 0.015 0.043 0.023 0.019 0.131 0.108 0.026 0.008 
164      746    (2)   12 :  0.005 0.165 0.006 0.004 0.007 0.004 0.004 0.039 0.011 0.188 0.152 0.401 0.011 
165      747    (2)   12 :  0.022 0.080 0.008 0.015 0.016 0.006 0.035 0.008 0.006 0.088 0.084 0.573 0.058 
166      748    (0)   12 :  0.018 0.150 0.005 0.142 0.102 0.007 0.099 0.034 0.016 0.153 0.144 0.050 0.082 
167      749    (2)   12 :  0.020 0.252 0.011 0.003 0.004 0.012 0.007 0.007 0.032 0.274 0.261 0.044 0.073 
168      750    (4)   12 :  0.005 0.235 0.013 0.005 0.008 0.005 0.009 0.023 0.006 0.267 0.249 0.164 0.012 
169      751    (0)   12 :  0.007 0.256 0.023 0.013 0.008 0.017 0.011 0.008 0.008 0.301 0.223 0.064 0.061 
170      752    (2)   12 :  0.003 0.007 0.069 0.809 0.051 0.002 0.012 0.005 0.003 0.008 0.007 0.017 0.006 
171      753    (4)   12 :  0.034 0.236 0.031 0.074 0.024 0.012 0.027 0.006 0.016 0.265 0.215 0.020 0.040 
172      754    (2)   12 :  0.003 0.005 0.004 0.003 0.007 0.003 0.003 0.003 0.002 0.008 0.005 0.950 0.004 
173      155    (0)   13 :  0.043 0.281 0.012 0.006 0.024 0.004 0.024 0.007 0.006 0.298 0.265 0.022 0.008 
174      156    (2)   13 :  0.005 0.274 0.017 0.004 0.005 0.112 0.014 0.007 0.006 0.212 0.313 0.024 0.008 
175      157    (2)   13 :  0.008 0.019 0.009 0.020 0.006 0.002 0.004 0.005 0.004 0.018 0.021 0.878 0.007 
176      158    (0)   13 :  0.007 0.305 0.010 0.003 0.043 0.004 0.007 0.010 0.006 0.198 0.335 0.035 0.037 
177      159    (0)   13 :  0.003 0.212 0.008 0.013 0.034 0.012 0.014 0.007 0.107 0.238 0.202 0.139 0.011 
178      160    (0)   13 :  0.010 0.025 0.017 0.005 0.730 0.003 0.016 0.003 0.004 0.028 0.023 0.103 0.033 
179      161    (0)   13 :  0.010 0.111 0.015 0.010 0.052 0.003 0.004 0.003 0.011 0.112 0.107 0.552 0.010 
180      162    (0)   13 :  0.005 0.211 0.068 0.015 0.251 0.006 0.008 0.007 0.002 0.210 0.192 0.006 0.019 
181      163    (2)   13 :  0.003 0.253 0.009 0.012 0.004 0.008 0.003 0.008 0.002 0.229 0.269 0.148 0.051 
182      164    (0)   13 :  0.023 0.232 0.020 0.041 0.008 0.003 0.050 0.010 0.005 0.284 0.217 0.095 0.014 
183      165    (2)   13 :  0.004 0.313 0.005 0.005 0.006 0.004 0.006 0.006 0.004 0.191 0.400 0.052 0.003 
184      427    (0)   13 :  0.054 0.015 0.796 0.004 0.029 0.010 0.006 0.003 0.035 0.014 0.012 0.008 0.014 
185      428    (0)   13 :  0.005 0.019 0.707 0.031 0.115 0.003 0.010 0.005 0.027 0.019 0.017 0.005 0.038 
186      429    (0)   13 :  0.003 0.007 0.939 0.006 0.006 0.003 0.004 0.007 0.004 0.007 0.006 0.004 0.005 
187      430    (0)   13 :  0.004 0.163 0.022 0.027 0.173 0.002 0.025 0.055 0.005 0.217 0.172 0.051 0.084 
188      431    (0)   13 :  0.004 0.024 0.381 0.006 0.453 0.002 0.032 0.021 0.007 0.025 0.020 0.013 0.012 
189      435    (0)   13 :  0.002 0.006 0.911 0.010 0.039 0.002 0.003 0.004 0.003 0.006 0.006 0.005 0.004 
190      436    (0)   13 :  0.003 0.005 0.228 0.003 0.722 0.002 0.007 0.004 0.007 0.005 0.006 0.005 0.004 
191      437    (0)   13 :  0.005 0.022 0.063 0.008 0.759 0.002 0.051 0.007 0.030 0.027 0.014 0.008 0.004 
192      438    (0)   13 :  0.002 0.068 0.283 0.075 0.290 0.009 0.055 0.018 0.019 0.081 0.054 0.027 0.018 
193      439    (0)   13 :  0.004 0.111 0.271 0.040 0.123 0.006 0.011 0.037 0.004 0.104 0.104 0.167 0.017 
194      441    (0)   13 :  0.003 0.003 0.005 0.965 0.004 0.001 0.003 0.004 0.001 0.003 0.003 0.002 0.003 
195      442    (0)   13 :  0.148 0.015 0.752 0.015 0.009 0.005 0.009 0.003 0.003 0.014 0.012 0.005 0.009 
196      443    (4)   13 :  0.002 0.008 0.887 0.020 0.012 0.003 0.013 0.004 0.004 0.009 0.008 0.015 0.014 
197      444    (4)   13 :  0.008 0.007 0.930 0.002 0.007 0.004 0.006 0.003 0.010 0.006 0.007 0.004 0.006 
198      445    (2)   13 :  0.004 0.215 0.169 0.017 0.039 0.006 0.047 0.005 0.012 0.265 0.206 0.010 0.004 
199      446    (0)   13 :  0.005 0.005 0.952 0.003 0.007 0.003 0.002 0.003 0.002 0.005 0.005 0.005 0.005 
200      447    (0)   13 :  0.005 0.011 0.890 0.003 0.026 0.004 0.014 0.003 0.006 0.012 0.010 0.011 0.006 
201      449    (0)   13 :  0.007 0.004 0.936 0.004 0.017 0.002 0.007 0.005 0.003 0.004 0.005 0.003 0.004 
202      460    (0)   13 :  0.005 0.023 0.756 0.107 0.019 0.002 0.014 0.007 0.007 0.023 0.021 0.008 0.007 
203      461    (0)   13 :  0.007 0.088 0.117 0.007 0.408 0.002 0.023 0.015 0.008 0.078 0.080 0.117 0.049 
204      484    (0)   13 :  0.014 0.086 0.112 0.015 0.007 0.008 0.136 0.180 0.004 0.075 0.085 0.078 0.200 
205      485    (0)   13 :  0.005 0.018 0.685 0.012 0.205 0.002 0.006 0.004 0.003 0.018 0.018 0.022 0.003 
206      486    (0)   13 :  0.002 0.002 0.002 0.979 0.002 0.001 0.002 0.002 0.002 0.002 0.002 0.002 0.002 
207      487    (0)   13 :  0.011 0.059 0.489 0.012 0.220 0.003 0.006 0.008 0.006 0.073 0.066 0.032 0.015 
208      178    (0)   14 :  0.006 0.099 0.176 0.009 0.363 0.006 0.004 0.003 0.004 0.155 0.124 0.041 0.012 
209      422    (0)   14 :  0.003 0.008 0.900 0.003 0.029 0.003 0.009 0.005 0.003 0.008 0.008 0.018 0.005 
210      425    (0)   14 :  0.003 0.025 0.743 0.006 0.121 0.002 0.006 0.003 0.004 0.026 0.025 0.025 0.010 
211      426    (0)   14 :  0.023 0.108 0.059 0.003 0.079 0.126 0.004 0.004 0.003 0.111 0.118 0.080 0.282 
212      432    (0)   14 :  0.010 0.147 0.405 0.013 0.029 0.009 0.010 0.011 0.010 0.148 0.137 0.022 0.049 
213      434    (0)   14 :  0.004 0.004 0.948 0.003 0.005 0.003 0.005 0.008 0.004 0.004 0.004 0.005 0.004 
214      440    (0)   14 :  0.013 0.104 0.403 0.026 0.156 0.002 0.005 0.009 0.002 0.113 0.119 0.009 0.039 
215      448    (2)   14 :  0.013 0.008 0.844 0.008 0.011 0.002 0.011 0.025 0.043 0.008 0.008 0.009 0.009 
216      456    (0)   14 :  0.010 0.165 0.038 0.005 0.296 0.003 0.079 0.087 0.004 0.122 0.160 0.012 0.019 
217      457    (0)   14 :  0.005 0.079 0.386 0.034 0.221 0.006 0.021 0.029 0.010 0.102 0.072 0.016 0.019 
218      458    (0)   14 :  0.017 0.039 0.020 0.010 0.673 0.008 0.012 0.005 0.005 0.044 0.039 0.083 0.045 
219      459    (0)   14 :  0.004 0.017 0.869 0.010 0.020 0.003 0.007 0.004 0.002 0.018 0.018 0.017 0.011 
220      464    (0)   14 :  0.009 0.018 0.530 0.012 0.366 0.005 0.004 0.004 0.003 0.018 0.019 0.007 0.005 
221      465    (0)   14 :  0.002 0.008 0.106 0.005 0.828 0.001 0.004 0.007 0.002 0.009 0.009 0.014 0.004 
222      466    (0)   14 :  0.005 0.066 0.544 0.018 0.129 0.002 0.028 0.007 0.020 0.080 0.058 0.035 0.009 
223      470    (0)   14 :  0.006 0.008 0.344 0.129 0.467 0.002 0.004 0.006 0.003 0.007 0.007 0.008 0.010 
224      471    (0)   14 :  0.003 0.018 0.817 0.006 0.015 0.019 0.007 0.024 0.016 0.017 0.017 0.008 0.033 
225      483    (0)   14 :  0.007 0.012 0.878 0.004 0.007 0.003 0.004 0.004 0.002 0.012 0.014 0.041 0.012 
226      488    (0)   14 :  0.003 0.005 0.006 0.005 0.942 0.002 0.006 0.003 0.002 0.006 0.006 0.009 0.005 
227      495    (0)   14 :  0.003 0.012 0.810 0.003 0.066 0.001 0.016 0.031 0.002 0.012 0.010 0.023 0.011 
228      496    (0)   14 :  0.002 0.007 0.014 0.004 0.933 0.002 0.002 0.004 0.004 0.007 0.007 0.009 0.004 
229      497    (0)   14 :  0.027 0.013 0.830 0.003 0.009 0.003 0.005 0.074 0.003 0.013 0.011 0.006 0.003 
230      500    (0)   14 :  0.003 0.096 0.024 0.043 0.064 0.004 0.417 0.023 0.015 0.095 0.105 0.104 0.008 
231      879    (0)   14 :  0.009 0.006 0.932 0.004 0.005 0.003 0.003 0.003 0.002 0.006 0.006 0.009 0.012 
232      036    (0)   15 :  0.002 0.323 0.013 0.005 0.014 0.005 0.006 0.004 0.012 0.288 0.292 0.032 0.005 
233      063    (2)   15 :  0.014 0.256 0.020 0.010 0.023 0.003 0.013 0.033 0.003 0.211 0.275 0.098 0.041 
234      094    (4)   15 :  0.009 0.106 0.013 0.006 0.158 0.005 0.065 0.013 0.011 0.104 0.095 0.396 0.017 
235      103    (4)   15 :  0.005 0.299 0.007 0.007 0.005 0.003 0.005 0.024 0.004 0.185 0.394 0.059 0.003 
236      112    (0)   15 :  0.006 0.162 0.006 0.010 0.006 0.004 0.007 0.007 0.003 0.174 0.143 0.433 0.040 
237      114    (2)   15 :  0.004 0.248 0.014 0.014 0.068 0.003 0.005 0.004 0.008 0.256 0.232 0.140 0.005 
238      120    (0)   15 :  0.004 0.039 0.010 0.006 0.043 0.003 0.016 0.007 0.013 0.040 0.041 0.759 0.020 
239      127    (2)   15 :  0.007 0.173 0.004 0.089 0.150 0.003 0.008 0.005 0.005 0.212 0.189 0.067 0.087 
240      147    (0)   15 :  0.007 0.188 0.014 0.008 0.012 0.058 0.002 0.005 0.005 0.198 0.208 0.046 0.248 
241      166    (0)   15 :  0.022 0.203 0.013 0.004 0.151 0.031 0.004 0.009 0.003 0.188 0.203 0.064 0.104 
242      167    (0)   15 :  0.005 0.238 0.048 0.013 0.117 0.005 0.006 0.073 0.009 0.227 0.216 0.037 0.007 
243      168    (0)   15 :  0.005 0.301 0.010 0.003 0.009 0.003 0.004 0.004 0.015 0.346 0.275 0.020 0.004 
244      169    (2)   15 :  0.005 0.173 0.112 0.005 0.212 0.005 0.009 0.006 0.006 0.162 0.181 0.065 0.059 
245      170    (0)   15 :  0.036 0.237 0.011 0.023 0.006 0.005 0.014 0.005 0.004 0.248 0.246 0.146 0.017 
246      171    (2)   15 :  0.004 0.303 0.006 0.004 0.006 0.010 0.061 0.009 0.003 0.204 0.342 0.026 0.023 
247      172    (0)   15 :  0.004 0.034 0.011 0.002 0.042 0.014 0.017 0.012 0.013 0.036 0.036 0.761 0.019 
248      185    (0)   15 :  0.006 0.297 0.071 0.015 0.015 0.005 0.004 0.009 0.002 0.240 0.297 0.014 0.027 
249      199    (2)   15 :  0.229 0.228 0.005 0.011 0.025 0.006 0.006 0.003 0.007 0.257 0.202 0.013 0.008 
250      339    (0)   15 :  0.006 0.151 0.044 0.007 0.474 0.006 0.006 0.016 0.002 0.132 0.136 0.009 0.011 
251      355    (0)   15 :  0.078 0.289 0.003 0.005 0.004 0.016 0.003 0.005 0.002 0.317 0.260 0.008 0.009 
252      356    (0)   15 :  0.005 0.035 0.005 0.025 0.019 0.004 0.003 0.003 0.007 0.042 0.032 0.816 0.006 
253      357    (0)   15 :  0.019 0.217 0.007 0.027 0.031 0.013 0.007 0.005 0.010 0.209 0.222 0.212 0.022 
254      358    (0)   15 :  0.004 0.279 0.009 0.018 0.011 0.006 0.008 0.042 0.002 0.302 0.296 0.011 0.011 
255      359    (0)   15 :  0.010 0.202 0.009 0.003 0.009 0.002 0.004 0.021 0.001 0.219 0.192 0.307 0.020 
256      360    (0)   15 :  0.005 0.324 0.034 0.006 0.024 0.011 0.013 0.003 0.005 0.228 0.296 0.027 0.023 
257      361    (0)   15 :  0.003 0.027 0.040 0.005 0.045 0.002 0.005 0.006 0.004 0.034 0.026 0.792 0.012 
258      362    (0)   15 :  0.006 0.159 0.120 0.004 0.021 0.005 0.247 0.011 0.002 0.143 0.135 0.058 0.089 
259      363    (0)   15 :  0.050 0.115 0.012 0.013 0.019 0.013 0.007 0.010 0.005 0.124 0.125 0.043 0.467 
260      364    (0)   15 :  0.054 0.149 0.006 0.025 0.091 0.004 0.238 0.009 0.004 0.164 0.155 0.087 0.017 
261      365    (0)   15 :  0.003 0.240 0.018 0.009 0.166 0.018 0.009 0.005 0.002 0.239 0.255 0.031 0.006 
262      366    (0)   15 :  0.003 0.270 0.004 0.003 0.014 0.030 0.004 0.014 0.001 0.246 0.254 0.140 0.016 
263      367    (0)   15 :  0.003 0.266 0.008 0.040 0.005 0.010 0.012 0.017 0.005 0.354 0.259 0.018 0.006 
264      368    (0)   15 :  0.004 0.291 0.004 0.054 0.004 0.015 0.019 0.015 0.007 0.267 0.304 0.010 0.006 
265      369    (0)   15 :  0.005 0.298 0.004 0.003 0.006 0.004 0.003 0.005 0.002 0.296 0.352 0.014 0.008 
266      370    (0)   15 :  0.007 0.120 0.009 0.005 0.016 0.014 0.005 0.027 0.009 0.118 0.124 0.533 0.014 
267      371    (0)   15 :  0.007 0.293 0.011 0.003 0.008 0.003 0.015 0.010 0.006 0.315 0.311 0.014 0.005 
268      372    (0)   15 :  0.322 0.018 0.382 0.003 0.140 0.004 0.014 0.004 0.003 0.016 0.019 0.014 0.062 
269      373    (0)   15 :  0.043 0.226 0.016 0.002 0.013 0.003 0.005 0.007 0.003 0.227 0.259 0.190 0.005 
270      380    (0)   15 :  0.012 0.227 0.006 0.002 0.039 0.006 0.016 0.009 0.041 0.227 0.242 0.127 0.045 
271      388    (0)   15 :  0.020 0.139 0.007 0.004 0.007 0.008 0.009 0.010 0.005 0.127 0.139 0.505 0.022 
272      418    (0)   15 :  0.044 0.240 0.008 0.011 0.014 0.006 0.015 0.004 0.027 0.339 0.218 0.056 0.018 
273      419    (0)   15 :  0.003 0.261 0.014 0.012 0.014 0.006 0.005 0.005 0.011 0.375 0.245 0.044 0.007 
274      420    (0)   15 :  0.063 0.206 0.053 0.010 0.040 0.042 0.043 0.012 0.003 0.215 0.202 0.096 0.015 
275      409    (0)   16 :  0.004 0.254 0.011 0.008 0.033 0.002 0.008 0.006 0.121 0.203 0.269 0.067 0.013 
276      414    (0)   16 :  0.007 0.315 0.007 0.008 0.013 0.002 0.016 0.008 0.017 0.244 0.339 0.010 0.015 
277      415    (2)   16 :  0.013 0.258 0.005 0.030 0.010 0.003 0.006 0.010 0.004 0.276 0.322 0.052 0.011 
278      416    (0)   16 :  0.010 0.244 0.022 0.004 0.049 0.003 0.025 0.029 0.075 0.286 0.225 0.016 0.011 
279      571    (0)    2 :  0.004 0.007 0.023 0.030 0.008 0.004 0.860 0.018 0.004 0.006 0.007 0.005 0.026 
280      572    (0)    2 :  0.004 0.016 0.003 0.013 0.003 0.006 0.819 0.048 0.009 0.015 0.016 0.010 0.038 
281      573    (2)    2 :  0.003 0.007 0.005 0.009 0.004 0.001 0.941 0.006 0.004 0.006 0.007 0.004 0.003 
282      574    (0)    2 :  0.002 0.011 0.006 0.004 0.007 0.003 0.907 0.009 0.015 0.012 0.012 0.006 0.005 
283      575    (2)    2 :  0.008 0.015 0.008 0.007 0.006 0.008 0.826 0.014 0.006 0.014 0.015 0.007 0.067 
284      576    (0)    2 :  0.002 0.003 0.003 0.003 0.003 0.001 0.967 0.005 0.003 0.003 0.003 0.002 0.003 
285      577    (0)    2 :  0.008 0.007 0.007 0.010 0.007 0.002 0.910 0.016 0.008 0.007 0.007 0.004 0.006 
286      578    (0)    2 :  0.008 0.003 0.005 0.004 0.005 0.002 0.909 0.004 0.047 0.003 0.003 0.002 0.004 
287      579    (0)    2 :  0.004 0.004 0.007 0.002 0.011 0.002 0.947 0.003 0.008 0.004 0.004 0.003 0.004 
288      580    (0)    2 :  0.002 0.003 0.004 0.003 0.003 0.002 0.966 0.004 0.002 0.003 0.003 0.003 0.003 
289      581    (0)    2 :  0.002 0.003 0.005 0.002 0.005 0.003 0.947 0.007 0.015 0.003 0.003 0.002 0.002 
290      582    (4)    2 :  0.019 0.023 0.020 0.002 0.015 0.054 0.784 0.014 0.003 0.021 0.024 0.014 0.007 
291      583    (0)    2 :  0.017 0.103 0.024 0.017 0.023 0.010 0.514 0.009 0.004 0.089 0.110 0.033 0.046 
292      584    (0)    2 :  0.007 0.008 0.050 0.005 0.008 0.003 0.868 0.007 0.014 0.007 0.008 0.007 0.007 
293      585    (0)    2 :  0.002 0.004 0.007 0.009 0.007 0.002 0.939 0.011 0.002 0.004 0.004 0.003 0.006 
294      586    (2)    2 :  0.010 0.004 0.007 0.004 0.006 0.002 0.939 0.007 0.004 0.004 0.004 0.003 0.006 
295      587    (0)    2 :  0.002 0.003 0.003 0.002 0.003 0.002 0.961 0.004 0.009 0.003 0.003 0.003 0.003 
296      588    (0)    2 :  0.012 0.023 0.009 0.023 0.008 0.011 0.833 0.009 0.005 0.020 0.025 0.009 0.014 
297      589    (0)    2 :  0.021 0.036 0.036 0.005 0.009 0.005 0.717 0.012 0.021 0.030 0.034 0.014 0.061 
298      590    (0)    2 :  0.011 0.007 0.006 0.049 0.011 0.010 0.804 0.041 0.039 0.006 0.006 0.005 0.003 
299      527    (2)    3 :  0.010 0.008 0.007 0.011 0.009 0.005 0.895 0.027 0.002 0.008 0.008 0.004 0.006 
300      528    (4)    3 :  0.008 0.024 0.004 0.004 0.015 0.003 0.423 0.084 0.017 0.025 0.026 0.021 0.346 
301      529    (4)    3 :  0.004 0.018 0.020 0.006 0.018 0.009 0.751 0.014 0.017 0.018 0.016 0.010 0.100 
302      530    (0)    3 :  0.005 0.007 0.003 0.006 0.003 0.004 0.925 0.007 0.004 0.007 0.007 0.012 0.010 
303      531    (2)    3 :  0.004 0.006 0.006 0.003 0.005 0.006 0.904 0.010 0.011 0.007 0.007 0.009 0.023 
304      532    (4)    3 :  0.002 0.013 0.004 0.034 0.005 0.002 0.777 0.019 0.003 0.012 0.013 0.018 0.097 
305      533    (0)    3 :  0.002 0.069 0.015 0.003 0.031 0.003 0.607 0.045 0.023 0.065 0.078 0.040 0.018 
306      534    (2)    3 :  0.006 0.007 0.005 0.003 0.005 0.002 0.855 0.077 0.012 0.008 0.008 0.006 0.007 
307      535    (2)    3 :  0.002 0.012 0.007 0.011 0.010 0.005 0.879 0.009 0.004 0.012 0.012 0.010 0.026 
308      536    (2)    3 :  0.002 0.006 0.005 0.004 0.003 0.012 0.907 0.009 0.028 0.006 0.006 0.008 0.003 
309      537    (2)    3 :  0.014 0.006 0.008 0.002 0.006 0.002 0.923 0.007 0.008 0.006 0.006 0.005 0.006 
310      538    (2)    3 :  0.004 0.045 0.015 0.004 0.028 0.002 0.702 0.048 0.003 0.040 0.048 0.055 0.006 
311      539    (2)    3 :  0.002 0.005 0.003 0.004 0.006 0.002 0.795 0.161 0.004 0.005 0.005 0.003 0.006 
312      540    (2)    3 :  0.002 0.013 0.012 0.005 0.012 0.001 0.878 0.011 0.012 0.013 0.013 0.020 0.006 
313      541    (2)    3 :  0.003 0.010 0.042 0.005 0.010 0.002 0.779 0.059 0.008 0.010 0.009 0.016 0.047 
314      542    (2)    3 :  0.010 0.019 0.022 0.005 0.072 0.004 0.707 0.083 0.010 0.019 0.019 0.016 0.015 
315      543    (0)    3 :  0.015 0.073 0.053 0.004 0.019 0.002 0.602 0.038 0.022 0.076 0.066 0.020 0.011 
316      544    (2)    3 :  0.002 0.004 0.003 0.002 0.003 0.002 0.943 0.021 0.005 0.004 0.004 0.006 0.003 
317      545    (2)    3 :  0.002 0.008 0.005 0.009 0.012 0.001 0.029 0.903 0.004 0.008 0.009 0.006 0.005 
318      546    (4)    3 :  0.002 0.021 0.004 0.013 0.017 0.002 0.016 0.873 0.004 0.018 0.020 0.006 0.005 
319      547    (6)    3 :  0.036 0.040 0.022 0.036 0.009 0.017 0.696 0.011 0.010 0.044 0.039 0.029 0.011 
320      019    (0)    4 :  0.004 0.008 0.047 0.003 0.004 0.004 0.076 0.806 0.008 0.007 0.008 0.007 0.017 
321      064    (0)    4 :  0.002 0.002 0.003 0.004 0.002 0.001 0.028 0.946 0.002 0.002 0.002 0.002 0.002 
322      065    (0)    4 :  0.002 0.002 0.003 0.002 0.002 0.001 0.945 0.027 0.005 0.002 0.002 0.003 0.003 
323      066    (0)    4 :  0.003 0.011 0.020 0.011 0.008 0.002 0.296 0.607 0.006 0.011 0.011 0.009 0.004 
324      067    (0)    4 :  0.011 0.008 0.025 0.004 0.005 0.006 0.011 0.883 0.008 0.008 0.008 0.006 0.017 
325      068    (0)    4 :  0.030 0.009 0.009 0.018 0.011 0.002 0.844 0.028 0.008 0.008 0.008 0.007 0.017 
326      069    (0)    4 :  0.004 0.005 0.004 0.017 0.008 0.001 0.131 0.795 0.011 0.005 0.005 0.006 0.007 
327      107    (0)    4 :  0.002 0.004 0.006 0.005 0.005 0.002 0.423 0.534 0.003 0.004 0.004 0.003 0.004 
328      110    (0)    4 :  0.002 0.002 0.002 0.003 0.002 0.003 0.003 0.967 0.002 0.002 0.002 0.002 0.007 
329      121    (0)    4 :  0.003 0.004 0.005 0.003 0.005 0.001 0.927 0.025 0.002 0.004 0.005 0.003 0.012 
330      137    (0)    4 :  0.002 0.009 0.007 0.004 0.008 0.010 0.008 0.920 0.005 0.008 0.009 0.005 0.004 
331      146    (0)    4 :  0.004 0.012 0.005 0.002 0.006 0.003 0.251 0.611 0.020 0.012 0.013 0.055 0.006 
332      149    (0)    4 :  0.002 0.004 0.006 0.002 0.005 0.003 0.005 0.953 0.002 0.005 0.004 0.004 0.005 
333      154    (0)    4 :  0.017 0.006 0.007 0.003 0.005 0.002 0.055 0.723 0.160 0.006 0.007 0.004 0.005 
334      179    (0)    4 :  0.004 0.004 0.005 0.007 0.006 0.002 0.389 0.562 0.004 0.004 0.004 0.004 0.004 
335      181    (0)    4 :  0.002 0.004 0.003 0.002 0.003 0.002 0.170 0.794 0.004 0.004 0.005 0.003 0.003 
336      182    (0)    4 :  0.016 0.012 0.006 0.017 0.006 0.003 0.753 0.113 0.007 0.013 0.013 0.013 0.028 
337      186    (0)    4 :  0.004 0.018 0.009 0.008 0.016 0.005 0.148 0.635 0.005 0.016 0.018 0.025 0.093 
338      193    (0)    4 :  0.004 0.009 0.009 0.005 0.004 0.002 0.493 0.434 0.008 0.008 0.009 0.008 0.006 
339      320    (0)    4 :  0.010 0.006 0.006 0.003 0.004 0.003 0.032 0.900 0.009 0.006 0.005 0.009 0.007 
340      341    (0)    4 :  0.004 0.006 0.011 0.006 0.009 0.002 0.889 0.046 0.003 0.006 0.006 0.007 0.004 
341      376    (0)    4 :  0.003 0.012 0.004 0.022 0.008 0.003 0.633 0.235 0.010 0.013 0.012 0.018 0.026 
342      395    (0)    4 :  0.004 0.007 0.011 0.004 0.022 0.006 0.174 0.681 0.059 0.007 0.007 0.006 0.012 
343      396    (0)    4 :  0.002 0.003 0.003 0.004 0.004 0.003 0.928 0.038 0.003 0.003 0.003 0.004 0.002 
344      397    (0)    4 :  0.007 0.005 0.004 0.002 0.003 0.009 0.868 0.072 0.010 0.005 0.005 0.004 0.005 
345      398    (0)    4 :  0.004 0.005 0.005 0.006 0.002 0.004 0.441 0.447 0.055 0.005 0.005 0.008 0.012 
346      399    (0)    4 :  0.003 0.005 0.003 0.006 0.003 0.002 0.937 0.008 0.002 0.005 0.005 0.008 0.012 
347      400    (0)    4 :  0.002 0.006 0.003 0.010 0.003 0.002 0.023 0.907 0.006 0.007 0.006 0.013 0.012 
348      401    (0)    4 :  0.002 0.012 0.005 0.008 0.007 0.003 0.096 0.825 0.006 0.012 0.012 0.010 0.004 
349      402    (0)    4 :  0.003 0.003 0.002 0.003 0.003 0.002 0.003 0.963 0.002 0.003 0.003 0.003 0.006 
350      403    (0)    4 :  0.004 0.010 0.015 0.010 0.012 0.011 0.443 0.423 0.004 0.010 0.009 0.028 0.021 
351      073    (0)    5 :  0.002 0.004 0.007 0.003 0.004 0.002 0.953 0.006 0.002 0.004 0.004 0.004 0.006 
352      074    (0)    5 :  0.005 0.008 0.005 0.002 0.003 0.002 0.911 0.004 0.038 0.007 0.008 0.004 0.002 
353      075    (0)    5 :  0.004 0.005 0.006 0.002 0.008 0.003 0.930 0.010 0.006 0.005 0.005 0.008 0.006 
354      076    (0)    5 :  0.006 0.006 0.005 0.003 0.009 0.005 0.923 0.009 0.004 0.006 0.006 0.006 0.012 
355      077    (0)    5 :  0.008 0.007 0.012 0.006 0.009 0.003 0.913 0.013 0.003 0.007 0.008 0.005 0.005 
356      078    (0)    5 :  0.005 0.027 0.008 0.004 0.011 0.005 0.837 0.011 0.005 0.024 0.030 0.027 0.006 
357      079    (0)    5 :  0.002 0.013 0.006 0.009 0.007 0.001 0.907 0.012 0.003 0.013 0.013 0.007 0.007 
358      080    (0)    5 :  0.017 0.006 0.004 0.004 0.003 0.002 0.928 0.005 0.003 0.005 0.005 0.004 0.013 
359      081    (0)    5 :  0.004 0.010 0.026 0.005 0.011 0.016 0.837 0.043 0.013 0.011 0.011 0.006 0.008 
360      082    (0)    5 :  0.003 0.003 0.003 0.005 0.002 0.002 0.942 0.021 0.003 0.003 0.003 0.004 0.006 
361      083    (0)    5 :  0.002 0.007 0.004 0.008 0.005 0.003 0.916 0.021 0.010 0.007 0.007 0.005 0.006 
362      084    (0)    5 :  0.002 0.005 0.012 0.002 0.007 0.005 0.843 0.012 0.095 0.005 0.005 0.004 0.003 
363      085    (0)    5 :  0.003 0.014 0.023 0.017 0.260 0.015 0.552 0.059 0.009 0.014 0.015 0.010 0.007 
364      404    (0)    5 :  0.003 0.004 0.006 0.003 0.004 0.003 0.930 0.010 0.019 0.004 0.004 0.004 0.005 
365      405    (0)    5 :  0.002 0.005 0.009 0.002 0.005 0.010 0.936 0.006 0.005 0.006 0.006 0.005 0.004 
366      406    (0)    5 :  0.003 0.009 0.003 0.007 0.004 0.007 0.924 0.004 0.008 0.008 0.009 0.006 0.006 
367      407    (0)    5 :  0.003 0.005 0.006 0.002 0.010 0.003 0.865 0.083 0.004 0.005 0.006 0.004 0.003 
368      408    (0)    5 :  0.005 0.005 0.004 0.003 0.005 0.001 0.951 0.004 0.006 0.005 0.004 0.004 0.004 
369      411    (2)    5 :  0.003 0.003 0.004 0.003 0.003 0.002 0.960 0.006 0.006 0.003 0.003 0.003 0.002 
370      412    (0)    5 :  0.007 0.009 0.013 0.008 0.014 0.005 0.892 0.008 0.004 0.009 0.009 0.008 0.013 
371      413    (0)    5 :  0.002 0.006 0.004 0.002 0.005 0.002 0.946 0.014 0.003 0.005 0.006 0.004 0.002 
372      591    (0)    6 :  0.004 0.006 0.009 0.004 0.006 0.007 0.004 0.003 0.008 0.006 0.006 0.007 0.931 
373      592    (0)    6 :  0.006 0.008 0.075 0.007 0.016 0.003 0.010 0.004 0.006 0.008 0.008 0.017 0.834 
374      593    (0)    6 :  0.002 0.007 0.007 0.005 0.005 0.006 0.009 0.006 0.004 0.007 0.007 0.006 0.929 
375      594    (0)    6 :  0.011 0.021 0.041 0.004 0.008 0.005 0.038 0.010 0.007 0.021 0.020 0.029 0.784 
376      595    (0)    6 :  0.011 0.018 0.005 0.004 0.007 0.004 0.010 0.014 0.003 0.016 0.016 0.006 0.884 
377      596    (0)    6 :  0.019 0.006 0.004 0.007 0.005 0.007 0.006 0.005 0.002 0.006 0.006 0.007 0.920 
378      597    (0)    6 :  0.006 0.011 0.007 0.003 0.034 0.002 0.033 0.026 0.003 0.012 0.011 0.007 0.846 
379      598    (0)    6 :  0.029 0.044 0.007 0.010 0.092 0.002 0.007 0.031 0.003 0.046 0.040 0.068 0.622 
380      599    (0)    6 :  0.003 0.008 0.162 0.005 0.019 0.006 0.006 0.003 0.003 0.007 0.008 0.004 0.766 
381      600    (0)    6 :  0.012 0.006 0.004 0.003 0.006 0.004 0.004 0.007 0.001 0.006 0.005 0.006 0.936 
382      601    (0)    6 :  0.002 0.016 0.019 0.005 0.037 0.002 0.022 0.025 0.002 0.017 0.018 0.009 0.826 
383      602    (0)    6 :  0.005 0.013 0.008 0.005 0.016 0.004 0.006 0.015 0.005 0.016 0.012 0.006 0.890 
384      603    (0)    6 :  0.008 0.037 0.078 0.008 0.660 0.007 0.007 0.005 0.008 0.036 0.033 0.007 0.107 
385      604    (0)    6 :  0.008 0.013 0.004 0.011 0.005 0.003 0.009 0.007 0.003 0.013 0.014 0.014 0.897 
386      605    (0)    6 :  0.026 0.026 0.011 0.003 0.008 0.005 0.008 0.006 0.003 0.024 0.023 0.077 0.780 
387      606    (0)    6 :  0.007 0.009 0.012 0.003 0.007 0.022 0.004 0.003 0.004 0.009 0.010 0.013 0.897 
388      607    (0)    6 :  0.009 0.005 0.002 0.107 0.006 0.003 0.009 0.014 0.002 0.005 0.005 0.007 0.827 
389      608    (0)    6 :  0.003 0.005 0.009 0.016 0.008 0.003 0.005 0.004 0.005 0.005 0.005 0.006 0.926 
390      609    (0)    6 :  0.003 0.008 0.004 0.008 0.006 0.004 0.004 0.004 0.003 0.008 0.008 0.008 0.931 
391      610    (0)    6 :  0.009 0.116 0.018 0.018 0.073 0.003 0.020 0.008 0.009 0.126 0.112 0.027 0.461 
392      611    (2)    6 :  0.007 0.008 0.003 0.024 0.005 0.003 0.011 0.009 0.012 0.008 0.009 0.007 0.893 
393      612    (0)    6 :  0.043 0.019 0.008 0.031 0.013 0.002 0.009 0.062 0.003 0.015 0.019 0.009 0.767 
394      755    (0)    6 :  0.048 0.037 0.008 0.285 0.016 0.003 0.015 0.008 0.030 0.037 0.035 0.020 0.459 
395      756    (0)    6 :  0.003 0.006 0.007 0.014 0.010 0.003 0.012 0.004 0.009 0.006 0.006 0.006 0.914 
396      757    (0)    6 :  0.005 0.011 0.009 0.010 0.006 0.002 0.009 0.005 0.004 0.011 0.010 0.016 0.902 
397      002    (0)    7 :  0.002 0.007 0.004 0.005 0.016 0.003 0.521 0.392 0.021 0.007 0.007 0.009 0.006 
398      099    (2)    7 :  0.102 0.237 0.013 0.004 0.004 0.012 0.002 0.003 0.003 0.236 0.244 0.133 0.006 
399      641    (2)    7 :  0.004 0.117 0.012 0.032 0.014 0.017 0.189 0.245 0.012 0.078 0.141 0.066 0.072 
400      642    (0)    7 :  0.003 0.008 0.017 0.004 0.010 0.003 0.891 0.005 0.009 0.008 0.008 0.015 0.019 
401      643    (2)    7 :  0.003 0.014 0.018 0.004 0.026 0.003 0.802 0.009 0.017 0.015 0.016 0.048 0.027 
402      644    (0)    7 :  0.008 0.009 0.021 0.009 0.014 0.004 0.863 0.028 0.006 0.009 0.009 0.014 0.007 
403      645    (0)    7 :  0.003 0.037 0.018 0.124 0.024 0.042 0.446 0.015 0.018 0.038 0.037 0.158 0.040 
404      646    (0)    7 :  0.009 0.059 0.006 0.166 0.083 0.010 0.059 0.410 0.012 0.056 0.066 0.049 0.014 
405      006    (0)    8 :  0.003 0.023 0.007 0.005 0.011 0.003 0.235 0.008 0.636 0.028 0.025 0.010 0.006 
406      011    (0)    8 :  0.003 0.003 0.004 0.002 0.003 0.002 0.959 0.004 0.010 0.003 0.003 0.003 0.003 
407      033    (2)    8 :  0.002 0.006 0.004 0.004 0.025 0.002 0.261 0.018 0.638 0.006 0.006 0.004 0.022 
408      048    (0)    8 :  0.005 0.019 0.311 0.006 0.016 0.008 0.511 0.013 0.048 0.019 0.019 0.008 0.017 
409      061    (0)    8 :  0.001 0.002 0.002 0.003 0.001 0.004 0.002 0.002 0.976 0.002 0.002 0.002 0.001 
410      088    (0)    8 :  0.008 0.014 0.021 0.003 0.011 0.005 0.839 0.017 0.025 0.014 0.014 0.014 0.014 
411      091    (0)    8 :  0.005 0.004 0.003 0.007 0.003 0.002 0.010 0.003 0.947 0.004 0.004 0.003 0.005 
412      098    (0)    8 :  0.003 0.006 0.024 0.006 0.008 0.013 0.879 0.015 0.010 0.006 0.006 0.004 0.020 
413      104    (0)    8 :  0.002 0.003 0.004 0.002 0.003 0.003 0.924 0.044 0.003 0.003 0.003 0.003 0.002 
414      196    (0)    8 :  0.005 0.006 0.011 0.002 0.007 0.005 0.330 0.021 0.584 0.006 0.006 0.006 0.010 
415      197    (0)    8 :  0.014 0.024 0.010 0.003 0.025 0.008 0.561 0.019 0.266 0.025 0.022 0.009 0.012 
416      201    (0)    8 :  0.001 0.006 0.005 0.002 0.005 0.001 0.337 0.014 0.600 0.006 0.006 0.011 0.006 
417      202    (0)    8 :  0.013 0.016 0.027 0.002 0.016 0.022 0.802 0.019 0.034 0.016 0.016 0.011 0.006 
418      204    (0)    8 :  0.002 0.004 0.006 0.009 0.011 0.002 0.527 0.035 0.388 0.004 0.004 0.004 0.003 
419      231    (0)    8 :  0.004 0.005 0.012 0.008 0.014 0.001 0.858 0.065 0.008 0.005 0.005 0.005 0.010 
420      328    (0)    8 :  0.002 0.004 0.005 0.002 0.006 0.005 0.705 0.003 0.249 0.004 0.004 0.005 0.006 
421      346    (0)    8 :  0.007 0.004 0.004 0.003 0.003 0.003 0.634 0.008 0.311 0.005 0.004 0.005 0.009 
422      212    (0)    9 :  0.968 0.003 0.004 0.002 0.003 0.001 0.002 0.004 0.002 0.003 0.003 0.003 0.002 
423      213    (0)    9 :  0.946 0.004 0.005 0.003 0.007 0.003 0.004 0.002 0.008 0.004 0.004 0.005 0.003 
424      214    (0)    9 :  0.950 0.005 0.004 0.002 0.004 0.001 0.004 0.006 0.002 0.005 0.005 0.006 0.006 
425      215    (0)    9 :  0.950 0.004 0.006 0.003 0.004 0.004 0.005 0.005 0.003 0.004 0.004 0.004 0.004 
426      216    (0)    9 :  0.961 0.003 0.004 0.004 0.004 0.002 0.004 0.002 0.004 0.003 0.003 0.003 0.003 
427      217    (0)    9 :  0.944 0.005 0.004 0.006 0.004 0.002 0.005 0.004 0.004 0.005 0.005 0.009 0.003 
428      218    (0)    9 :  0.967 0.003 0.003 0.004 0.003 0.002 0.003 0.002 0.002 0.003 0.003 0.003 0.003 
429      332    (0)    9 :  0.875 0.007 0.009 0.033 0.009 0.005 0.010 0.008 0.003 0.007 0.007 0.011 0.016 
430      333    (0)    9 :  0.862 0.013 0.007 0.006 0.005 0.011 0.011 0.015 0.004 0.014 0.012 0.011 0.028 
431      334    (0)    9 :  0.943 0.004 0.005 0.006 0.006 0.003 0.007 0.002 0.003 0.005 0.004 0.005 0.007 
432      335    (0)    9 :  0.969 0.003 0.005 0.002 0.002 0.002 0.002 0.002 0.002 0.003 0.003 0.003 0.003 
433      336    (0)    9 :  0.952 0.002 0.002 0.003 0.003 0.014 0.003 0.005 0.004 0.002 0.003 0.002 0.005 
434      337    (0)    9 :  0.938 0.005 0.003 0.002 0.003 0.002 0.009 0.008 0.002 0.005 0.005 0.006 0.010 
435      673    (0)    9 :  0.983 0.001 0.002 0.001 0.001 0.001 0.002 0.001 0.001 0.001 0.001 0.001 0.002 
436      674    (0)    9 :  0.948 0.006 0.004 0.008 0.005 0.002 0.004 0.005 0.002 0.005 0.005 0.003 0.005 
437      675    (0)    9 :  0.951 0.004 0.005 0.003 0.005 0.005 0.003 0.002 0.004 0.004 0.004 0.003 0.005 
438      676    (0)    9 :  0.947 0.005 0.008 0.005 0.006 0.001 0.003 0.002 0.001 0.004 0.004 0.007 0.005 
439      677    (0)    9 :  0.958 0.004 0.004 0.002 0.003 0.003 0.006 0.003 0.002 0.003 0.004 0.004 0.004 
440      678    (0)    9 :  0.910 0.012 0.007 0.003 0.007 0.004 0.008 0.012 0.004 0.010 0.012 0.008 0.004 
441      679    (0)    9 :  0.921 0.008 0.003 0.020 0.005 0.002 0.005 0.002 0.001 0.008 0.008 0.008 0.008 
442      680    (0)    9 :  0.932 0.005 0.008 0.006 0.008 0.005 0.004 0.003 0.003 0.005 0.005 0.004 0.012 
443      681    (0)    9 :  0.943 0.005 0.004 0.005 0.005 0.002 0.006 0.003 0.002 0.005 0.005 0.007 0.006 
444      682    (0)    9 :  0.972 0.002 0.002 0.002 0.002 0.004 0.002 0.002 0.003 0.002 0.002 0.002 0.002 
445      683    (0)    9 :  0.944 0.006 0.004 0.006 0.004 0.002 0.005 0.003 0.004 0.006 0.005 0.004 0.007 
446      684    (0)    9 :  0.951 0.005 0.006 0.003 0.005 0.003 0.002 0.003 0.002 0.005 0.005 0.004 0.006 
447      685    (0)    9 :  0.944 0.006 0.003 0.003 0.003 0.003 0.003 0.006 0.003 0.006 0.006 0.005 0.009 
448      686    (0)    9 :  0.973 0.002 0.002 0.002 0.002 0.003 0.002 0.002 0.002 0.002 0.002 0.002 0.003 
449      687    (0)    9 :  0.972 0.002 0.003 0.002 0.002 0.002 0.002 0.002 0.002 0.002 0.002 0.002 0.004 
450      688    (0)    9 :  0.947 0.004 0.007 0.005 0.006 0.002 0.007 0.004 0.003 0.003 0.003 0.004 0.006 


Estimated Allele Frequencies in each cluster
First column gives estimated ancestral frequencies


Locus 1 : 1 
4 alleles
0.0% missing data
  89   (0.540) 0.640 0.554 0.588 0.816 0.474 0.068 0.622 0.298 0.691 0.550 0.557 0.512 0.550 
  91   (0.376) 0.312 0.368 0.339 0.163 0.501 0.702 0.316 0.582 0.300 0.367 0.369 0.428 0.433 
  99   (0.018) 0.001 0.016 0.017 0.006 0.008 0.131 0.000 0.002 0.002 0.019 0.015 0.006 0.003 
  93   (0.066) 0.047 0.062 0.055 0.015 0.017 0.099 0.061 0.119 0.007 0.064 0.059 0.053 0.014 

Locus 2 : 2 
6 alleles
1.1% missing data
 136   (0.351) 0.457 0.357 0.062 0.152 0.191 0.191 0.549 0.719 0.110 0.355 0.363 0.504 0.413 
 134   (0.235) 0.380 0.214 0.264 0.660 0.219 0.027 0.144 0.165 0.208 0.217 0.210 0.220 0.399 
 138   (0.304) 0.157 0.321 0.510 0.135 0.461 0.770 0.256 0.103 0.249 0.317 0.318 0.198 0.154 
 140   (0.062) 0.004 0.061 0.039 0.017 0.061 0.007 0.049 0.008 0.429 0.061 0.062 0.049 0.017 
 132   (0.022) 0.001 0.030 0.003 0.005 0.007 0.002 0.001 0.002 0.002 0.031 0.030 0.007 0.004 
 142   (0.025) 0.002 0.018 0.122 0.032 0.060 0.003 0.001 0.002 0.003 0.018 0.017 0.022 0.013 

Locus 3 : 3 
6 alleles
0.0% missing data
 181   (0.256) 0.069 0.256 0.414 0.348 0.146 0.181 0.231 0.098 0.077 0.255 0.255 0.197 0.400 
 187   (0.343) 0.261 0.355 0.155 0.128 0.331 0.773 0.514 0.544 0.682 0.346 0.358 0.345 0.173 
 179   (0.247) 0.016 0.244 0.203 0.337 0.305 0.030 0.229 0.343 0.224 0.249 0.242 0.280 0.393 
 191   (0.030) 0.195 0.029 0.009 0.009 0.007 0.003 0.022 0.003 0.004 0.030 0.028 0.013 0.006 
 175   (0.047) 0.003 0.040 0.128 0.044 0.122 0.005 0.001 0.004 0.004 0.041 0.040 0.086 0.009 
 185   (0.077) 0.457 0.077 0.091 0.135 0.088 0.008 0.002 0.008 0.008 0.079 0.077 0.079 0.020 

Locus 4 : 4 
12 alleles
0.2% missing data
 253   (0.496) 0.464 0.515 0.524 0.624 0.505 0.596 0.751 0.451 0.637 0.513 0.514 0.516 0.608 
 249   (0.025) 0.001 0.024 0.003 0.005 0.005 0.003 0.058 0.018 0.303 0.022 0.023 0.010 0.004 
 271   (0.039) 0.002 0.037 0.005 0.010 0.035 0.004 0.028 0.053 0.005 0.039 0.037 0.031 0.009 
 241   (0.152) 0.151 0.142 0.141 0.099 0.170 0.185 0.024 0.358 0.022 0.146 0.141 0.176 0.149 
 257   (0.006) 0.000 0.004 0.001 0.001 0.002 0.001 0.000 0.003 0.001 0.004 0.004 0.005 0.001 
 269   (0.178) 0.101 0.175 0.283 0.236 0.216 0.200 0.136 0.093 0.021 0.170 0.175 0.153 0.186 
 245   (0.006) 0.000 0.005 0.001 0.001 0.001 0.001 0.000 0.001 0.000 0.005 0.005 0.002 0.001 
 247   (0.066) 0.279 0.077 0.038 0.017 0.050 0.007 0.002 0.007 0.008 0.080 0.080 0.062 0.034 
 239   (0.011) 0.001 0.008 0.002 0.003 0.002 0.001 0.000 0.001 0.001 0.008 0.008 0.021 0.004 
 273   (0.008) 0.000 0.005 0.001 0.002 0.002 0.001 0.000 0.001 0.001 0.005 0.005 0.019 0.001 
 267   (0.006) 0.000 0.004 0.001 0.002 0.002 0.001 0.000 0.014 0.001 0.004 0.004 0.002 0.001 
 255   (0.006) 0.000 0.004 0.001 0.001 0.011 0.001 0.000 0.001 0.001 0.004 0.004 0.002 0.002 

Locus 5 : 5 
6 alleles
0.7% missing data
 103   (0.854) 0.978 0.829 0.967 0.947 0.912 0.983 0.991 0.961 0.984 0.838 0.824 0.843 0.926 
 104   (0.064) 0.004 0.081 0.021 0.032 0.044 0.008 0.007 0.032 0.007 0.076 0.087 0.064 0.029 
 105   (0.044) 0.003 0.055 0.008 0.011 0.028 0.005 0.001 0.004 0.005 0.053 0.054 0.072 0.035 
 102   (0.016) 0.001 0.017 0.002 0.003 0.010 0.003 0.000 0.002 0.001 0.015 0.018 0.008 0.005 
 107   (0.011) 0.001 0.011 0.001 0.002 0.002 0.001 0.000 0.001 0.001 0.011 0.011 0.009 0.003 
 101   (0.009) 0.013 0.006 0.001 0.005 0.004 0.001 0.000 0.001 0.001 0.007 0.006 0.003 0.003 

Locus 6 : 6 
5 alleles
0.2% missing data
 141   (0.268) 0.133 0.258 0.182 0.760 0.317 0.030 0.582 0.317 0.834 0.266 0.254 0.206 0.303 
 145   (0.418) 0.262 0.439 0.630 0.148 0.462 0.417 0.185 0.128 0.077 0.425 0.443 0.496 0.446 
 135   (0.229) 0.288 0.224 0.176 0.071 0.187 0.542 0.192 0.360 0.074 0.231 0.223 0.219 0.138 
 147   (0.075) 0.317 0.069 0.011 0.018 0.032 0.009 0.040 0.194 0.014 0.069 0.070 0.063 0.111 
 137   (0.011) 0.001 0.010 0.002 0.002 0.002 0.001 0.000 0.001 0.001 0.010 0.010 0.015 0.002 

Locus 7 : 7 
10 alleles
1.3% missing data
  93   (0.222) 0.066 0.196 0.270 0.301 0.325 0.791 0.330 0.398 0.616 0.198 0.192 0.242 0.211 
 103   (0.322) 0.512 0.332 0.357 0.140 0.371 0.045 0.401 0.278 0.087 0.324 0.338 0.301 0.533 
  91   (0.065) 0.155 0.066 0.040 0.055 0.019 0.010 0.034 0.007 0.007 0.066 0.066 0.066 0.042 
  97   (0.187) 0.254 0.201 0.193 0.240 0.052 0.127 0.166 0.173 0.026 0.203 0.197 0.131 0.157 
  85   (0.047) 0.003 0.047 0.051 0.011 0.015 0.007 0.046 0.009 0.006 0.046 0.047 0.046 0.015 
  89   (0.081) 0.005 0.069 0.055 0.238 0.180 0.011 0.022 0.127 0.250 0.071 0.070 0.085 0.030 
  83   (0.053) 0.003 0.065 0.032 0.011 0.033 0.006 0.001 0.005 0.006 0.067 0.065 0.120 0.010 
 105   (0.010) 0.001 0.012 0.001 0.002 0.002 0.001 0.000 0.001 0.001 0.015 0.012 0.004 0.002 
 101   (0.006) 0.000 0.007 0.001 0.001 0.001 0.001 0.000 0.001 0.001 0.005 0.007 0.002 0.001 
  99   (0.007) 0.000 0.006 0.001 0.001 0.001 0.001 0.000 0.001 0.001 0.006 0.005 0.002 0.001 

Locus 8 : 8 
8 alleles
0.0% missing data
 129   (0.557) 0.639 0.575 0.707 0.469 0.723 0.201 0.703 0.486 0.667 0.557 0.576 0.607 0.412 
 141   (0.056) 0.213 0.048 0.012 0.012 0.029 0.006 0.097 0.143 0.009 0.050 0.049 0.025 0.092 
 149   (0.078) 0.014 0.073 0.055 0.279 0.081 0.008 0.142 0.034 0.012 0.079 0.072 0.071 0.018 
 143   (0.259) 0.130 0.258 0.210 0.200 0.152 0.693 0.056 0.332 0.308 0.268 0.256 0.258 0.468 
 127   (0.015) 0.001 0.016 0.002 0.003 0.004 0.051 0.000 0.001 0.001 0.015 0.017 0.005 0.003 
 131   (0.012) 0.002 0.009 0.010 0.003 0.003 0.039 0.000 0.001 0.001 0.009 0.009 0.004 0.002 
 133   (0.017) 0.001 0.016 0.002 0.033 0.008 0.002 0.000 0.002 0.002 0.018 0.016 0.023 0.003 
 145   (0.006) 0.000 0.004 0.001 0.001 0.001 0.001 0.000 0.001 0.000 0.004 0.004 0.007 0.001 

Locus 9 : 9 
5 alleles
0.0% missing data
 191   (0.393) 0.539 0.397 0.338 0.584 0.192 0.338 0.561 0.593 0.843 0.397 0.393 0.351 0.473 
 195   (0.145) 0.054 0.130 0.372 0.036 0.088 0.353 0.189 0.039 0.033 0.137 0.131 0.140 0.244 
 189   (0.449) 0.406 0.465 0.288 0.378 0.716 0.307 0.247 0.367 0.123 0.457 0.468 0.497 0.281 
 197   (0.006) 0.000 0.004 0.001 0.001 0.002 0.001 0.000 0.001 0.001 0.004 0.004 0.010 0.001 
 193   (0.006) 0.000 0.004 0.001 0.002 0.001 0.001 0.002 0.001 0.001 0.004 0.004 0.002 0.001 

Locus 10 : 10 
7 alleles
0.2% missing data
 232   (0.255) 0.278 0.275 0.200 0.070 0.089 0.219 0.285 0.370 0.573 0.264 0.278 0.288 0.155 
 238   (0.556) 0.345 0.556 0.715 0.830 0.848 0.372 0.592 0.449 0.138 0.556 0.555 0.507 0.671 
 252   (0.110) 0.033 0.095 0.075 0.086 0.046 0.014 0.106 0.173 0.273 0.102 0.094 0.150 0.123 
 254   (0.043) 0.260 0.038 0.006 0.009 0.010 0.391 0.015 0.005 0.013 0.041 0.038 0.036 0.044 
 250   (0.011) 0.001 0.013 0.001 0.002 0.002 0.002 0.000 0.001 0.001 0.012 0.014 0.006 0.002 
 236   (0.006) 0.001 0.005 0.001 0.001 0.002 0.001 0.000 0.001 0.001 0.005 0.005 0.004 0.002 
 248   (0.019) 0.083 0.018 0.002 0.003 0.004 0.002 0.000 0.002 0.002 0.019 0.017 0.010 0.003 

Locus 11 : 11 
4 alleles
0.0% missing data
  87   (0.700) 0.536 0.707 0.860 0.861 0.774 0.965 0.644 0.567 0.351 0.711 0.707 0.688 0.647 
  89   (0.238) 0.382 0.242 0.111 0.086 0.205 0.029 0.300 0.358 0.625 0.235 0.243 0.209 0.341 
  91   (0.048) 0.082 0.041 0.027 0.012 0.019 0.005 0.055 0.074 0.022 0.042 0.040 0.085 0.010 
  85   (0.013) 0.001 0.011 0.002 0.041 0.003 0.001 0.000 0.001 0.002 0.012 0.011 0.018 0.002 

Locus 12 : 12 
13 alleles
0.2% missing data
 160   (0.207) 0.715 0.216 0.286 0.195 0.251 0.591 0.112 0.191 0.035 0.197 0.218 0.197 0.063 
 162   (0.261) 0.231 0.250 0.230 0.396 0.324 0.068 0.210 0.099 0.757 0.261 0.248 0.250 0.479 
 147   (0.050) 0.003 0.043 0.019 0.014 0.064 0.005 0.115 0.351 0.097 0.044 0.042 0.020 0.088 
 158   (0.232) 0.023 0.245 0.226 0.093 0.108 0.028 0.529 0.320 0.079 0.241 0.250 0.277 0.189 
 161   (0.107) 0.019 0.098 0.110 0.035 0.135 0.122 0.023 0.025 0.015 0.100 0.099 0.131 0.151 
 170   (0.048) 0.003 0.054 0.023 0.012 0.056 0.005 0.008 0.005 0.006 0.058 0.053 0.061 0.009 
 143   (0.027) 0.002 0.033 0.004 0.009 0.006 0.173 0.001 0.002 0.003 0.036 0.031 0.034 0.005 
 154   (0.016) 0.001 0.022 0.002 0.006 0.004 0.002 0.000 0.001 0.002 0.022 0.021 0.007 0.005 
 149   (0.019) 0.001 0.015 0.084 0.234 0.005 0.002 0.000 0.002 0.002 0.016 0.014 0.006 0.004 
 153   (0.012) 0.001 0.011 0.001 0.002 0.002 0.001 0.000 0.001 0.001 0.012 0.011 0.009 0.003 
 150   (0.007) 0.000 0.004 0.011 0.001 0.001 0.001 0.000 0.001 0.001 0.004 0.004 0.002 0.001 
 159   (0.007) 0.000 0.004 0.002 0.001 0.042 0.001 0.000 0.001 0.001 0.004 0.004 0.003 0.001 
 164   (0.006) 0.000 0.005 0.001 0.001 0.001 0.001 0.000 0.001 0.001 0.005 0.005 0.002 0.001 

Locus 13 : 13 
5 alleles
0.0% missing data
 108   (0.200) 0.200 0.201 0.098 0.053 0.129 0.341 0.163 0.152 0.406 0.196 0.204 0.275 0.152 
 115   (0.450) 0.287 0.444 0.539 0.700 0.508 0.094 0.579 0.316 0.527 0.451 0.439 0.452 0.494 
 113   (0.337) 0.512 0.345 0.361 0.245 0.360 0.564 0.257 0.531 0.066 0.342 0.346 0.267 0.352 
 109   (0.006) 0.000 0.005 0.001 0.001 0.001 0.001 0.000 0.001 0.001 0.005 0.006 0.002 0.001 
 110   (0.006) 0.000 0.005 0.001 0.001 0.001 0.001 0.000 0.001 0.000 0.005 0.005 0.003 0.001 

Locus 14 : 14 
5 alleles
0.9% missing data
 227   (0.145) 0.018 0.141 0.325 0.071 0.297 0.259 0.258 0.324 0.066 0.137 0.140 0.083 0.040 
 231   (0.152) 0.352 0.159 0.026 0.040 0.046 0.269 0.094 0.105 0.026 0.159 0.156 0.149 0.449 
 229   (0.507) 0.416 0.511 0.532 0.838 0.444 0.096 0.463 0.447 0.856 0.512 0.515 0.662 0.292 
 225   (0.133) 0.210 0.132 0.066 0.035 0.192 0.226 0.089 0.025 0.019 0.130 0.134 0.077 0.146 
 233   (0.062) 0.004 0.057 0.051 0.016 0.020 0.151 0.096 0.099 0.033 0.062 0.055 0.029 0.073 

Locus 15 : 15 
5 alleles
0.2% missing data
 143   (0.844) 0.814 0.837 0.841 0.925 0.935 0.722 0.968 0.976 0.983 0.840 0.834 0.864 0.872 
 157   (0.007) 0.000 0.004 0.001 0.001 0.001 0.001 0.018 0.001 0.001 0.004 0.004 0.002 0.001 
 145   (0.085) 0.006 0.090 0.072 0.060 0.043 0.270 0.013 0.016 0.010 0.087 0.091 0.063 0.116 
 147   (0.049) 0.149 0.058 0.084 0.011 0.017 0.006 0.001 0.005 0.005 0.057 0.060 0.037 0.009 
 133   (0.015) 0.031 0.011 0.002 0.003 0.003 0.001 0.000 0.001 0.002 0.011 0.011 0.034 0.003 

Locus 16 : 16 
5 alleles
0.2% missing data
 156   (0.226) 0.497 0.205 0.254 0.054 0.172 0.514 0.303 0.086 0.200 0.211 0.202 0.367 0.320 
 158   (0.544) 0.200 0.564 0.632 0.618 0.611 0.255 0.498 0.730 0.329 0.559 0.565 0.477 0.473 
 160   (0.136) 0.112 0.131 0.086 0.301 0.168 0.015 0.152 0.174 0.460 0.129 0.130 0.096 0.146 
 154   (0.085) 0.190 0.095 0.019 0.025 0.032 0.214 0.047 0.010 0.011 0.096 0.097 0.056 0.060 
 152   (0.009) 0.001 0.005 0.009 0.002 0.018 0.001 0.000 0.001 0.001 0.005 0.005 0.003 0.001 

Locus 17 : 17 
5 alleles
0.0% missing data
 102   (0.201) 0.198 0.190 0.134 0.313 0.396 0.024 0.247 0.170 0.094 0.196 0.189 0.117 0.183 
  90   (0.683) 0.794 0.669 0.843 0.397 0.561 0.573 0.721 0.800 0.613 0.666 0.668 0.781 0.794 
  88   (0.070) 0.005 0.080 0.010 0.281 0.026 0.008 0.031 0.025 0.289 0.084 0.078 0.051 0.014 
 100   (0.040) 0.003 0.057 0.006 0.008 0.014 0.394 0.001 0.004 0.004 0.050 0.061 0.048 0.009 
 104   (0.006) 0.000 0.004 0.008 0.001 0.003 0.001 0.000 0.001 0.001 0.004 0.004 0.002 0.001 

Locus 18 : 18 
7 alleles
0.0% missing data
 142   (0.128) 0.008 0.127 0.073 0.074 0.068 0.014 0.416 0.381 0.786 0.132 0.125 0.167 0.025 
 146   (0.079) 0.225 0.066 0.015 0.105 0.234 0.008 0.189 0.026 0.038 0.073 0.065 0.066 0.082 
 140   (0.286) 0.178 0.301 0.276 0.498 0.218 0.275 0.090 0.416 0.046 0.286 0.306 0.239 0.496 
 127   (0.305) 0.062 0.320 0.331 0.204 0.284 0.546 0.229 0.103 0.080 0.311 0.321 0.380 0.238 
 148   (0.095) 0.215 0.087 0.067 0.027 0.126 0.010 0.055 0.047 0.033 0.094 0.086 0.044 0.112 
 138   (0.056) 0.004 0.049 0.047 0.018 0.032 0.141 0.019 0.022 0.011 0.051 0.049 0.042 0.034 
 150   (0.053) 0.308 0.049 0.190 0.074 0.039 0.005 0.001 0.005 0.006 0.052 0.048 0.060 0.013 

Locus 19 : 19 
7 alleles
0.0% missing data
 188   (0.194) 0.170 0.203 0.191 0.049 0.109 0.021 0.097 0.178 0.558 0.204 0.204 0.186 0.072 
 190   (0.119) 0.199 0.092 0.230 0.385 0.078 0.012 0.414 0.322 0.014 0.095 0.091 0.096 0.242 
 194   (0.579) 0.481 0.593 0.543 0.193 0.561 0.956 0.486 0.489 0.419 0.595 0.590 0.624 0.597 
 200   (0.082) 0.005 0.091 0.033 0.367 0.247 0.008 0.002 0.008 0.007 0.086 0.093 0.076 0.081 
 192   (0.007) 0.000 0.005 0.001 0.001 0.001 0.001 0.000 0.001 0.000 0.005 0.005 0.003 0.004 
 202   (0.014) 0.144 0.011 0.002 0.002 0.003 0.001 0.000 0.001 0.001 0.011 0.012 0.007 0.003 
 196   (0.006) 0.000 0.004 0.001 0.001 0.001 0.001 0.000 0.001 0.000 0.004 0.004 0.008 0.001 

Locus 20 : 20 
6 alleles
0.9% missing data
 252   (0.713) 0.725 0.724 0.746 0.556 0.821 0.382 0.845 0.712 0.809 0.731 0.722 0.807 0.741 
 250   (0.080) 0.143 0.076 0.094 0.136 0.030 0.346 0.100 0.051 0.010 0.074 0.075 0.036 0.073 
 244   (0.020) 0.001 0.015 0.006 0.006 0.008 0.005 0.007 0.002 0.159 0.015 0.015 0.014 0.008 
 254   (0.077) 0.082 0.068 0.094 0.018 0.103 0.106 0.033 0.010 0.010 0.071 0.067 0.068 0.055 
 246   (0.086) 0.047 0.083 0.057 0.280 0.026 0.159 0.004 0.222 0.010 0.082 0.084 0.063 0.119 
 248   (0.024) 0.001 0.034 0.003 0.005 0.012 0.003 0.010 0.003 0.004 0.027 0.036 0.013 0.004 

Locus 21 : 21 
7 alleles
0.2% missing data
 173   (0.289) 0.213 0.265 0.580 0.073 0.468 0.120 0.373 0.150 0.153 0.278 0.260 0.321 0.313 
 177   (0.280) 0.168 0.302 0.230 0.494 0.243 0.275 0.275 0.634 0.180 0.295 0.304 0.228 0.084 
 175   (0.136) 0.256 0.129 0.075 0.040 0.092 0.483 0.028 0.024 0.017 0.129 0.130 0.133 0.317 
 167   (0.194) 0.122 0.187 0.095 0.099 0.165 0.111 0.318 0.176 0.639 0.181 0.187 0.253 0.144 
 163   (0.035) 0.226 0.035 0.011 0.008 0.011 0.004 0.002 0.004 0.004 0.035 0.036 0.030 0.016 
 159   (0.021) 0.001 0.032 0.003 0.004 0.007 0.002 0.000 0.002 0.002 0.035 0.031 0.007 0.004 
 165   (0.046) 0.014 0.051 0.006 0.281 0.014 0.006 0.004 0.009 0.005 0.047 0.053 0.027 0.122 

Locus 22 : 22 
11 alleles
0.7% missing data
 146   (0.248) 0.139 0.243 0.260 0.303 0.332 0.075 0.229 0.216 0.834 0.253 0.238 0.215 0.169 
 154   (0.007) 0.000 0.004 0.001 0.001 0.001 0.001 0.069 0.002 0.001 0.004 0.004 0.002 0.001 
 166   (0.093) 0.006 0.109 0.026 0.024 0.048 0.114 0.029 0.262 0.010 0.105 0.113 0.052 0.078 
 152   (0.424) 0.369 0.408 0.639 0.577 0.530 0.500 0.636 0.451 0.128 0.396 0.410 0.528 0.505 
 150   (0.027) 0.002 0.029 0.005 0.007 0.018 0.115 0.007 0.009 0.004 0.029 0.029 0.011 0.005 
 164   (0.031) 0.002 0.026 0.005 0.007 0.011 0.005 0.011 0.042 0.004 0.026 0.025 0.030 0.054 
 148   (0.009) 0.001 0.006 0.001 0.001 0.002 0.172 0.000 0.001 0.001 0.006 0.006 0.004 0.001 
 158   (0.084) 0.110 0.096 0.021 0.052 0.023 0.010 0.017 0.009 0.011 0.097 0.096 0.104 0.133 
 162   (0.050) 0.072 0.055 0.012 0.022 0.028 0.007 0.001 0.005 0.005 0.058 0.055 0.045 0.047 
 156   (0.014) 0.298 0.010 0.018 0.003 0.003 0.002 0.000 0.002 0.001 0.010 0.010 0.005 0.004 
 142   (0.012) 0.001 0.014 0.012 0.003 0.003 0.001 0.000 0.001 0.001 0.015 0.014 0.005 0.002 

Locus 23 : 23 
7 alleles
0.9% missing data
 152   (0.013) 0.001 0.008 0.002 0.002 0.004 0.001 0.061 0.088 0.001 0.008 0.008 0.004 0.002 
 156   (0.121) 0.033 0.126 0.049 0.031 0.053 0.015 0.036 0.091 0.013 0.124 0.128 0.235 0.124 
 144   (0.175) 0.637 0.166 0.292 0.055 0.181 0.598 0.185 0.155 0.026 0.162 0.166 0.129 0.191 
 160   (0.106) 0.104 0.098 0.115 0.310 0.119 0.013 0.180 0.296 0.012 0.091 0.099 0.053 0.138 
 154   (0.553) 0.224 0.565 0.538 0.595 0.629 0.368 0.535 0.366 0.920 0.576 0.560 0.563 0.533 
 158   (0.025) 0.002 0.030 0.004 0.006 0.013 0.003 0.003 0.003 0.027 0.032 0.032 0.011 0.011 
 146   (0.008) 0.000 0.007 0.001 0.001 0.002 0.001 0.000 0.001 0.001 0.007 0.007 0.006 0.001 

Locus 24 : 24 
4 alleles
0.4% missing data
  77   (0.083) 0.050 0.068 0.058 0.038 0.140 0.009 0.323 0.026 0.032 0.067 0.066 0.098 0.085 
  83   (0.462) 0.919 0.457 0.479 0.737 0.347 0.689 0.485 0.576 0.232 0.448 0.455 0.409 0.597 
  81   (0.372) 0.025 0.398 0.344 0.204 0.443 0.293 0.170 0.362 0.725 0.404 0.398 0.357 0.274 
  85   (0.083) 0.006 0.078 0.118 0.022 0.070 0.009 0.022 0.036 0.012 0.081 0.080 0.136 0.044 

Locus 25 : 25 
6 alleles
0.4% missing data
 132   (0.334) 0.455 0.341 0.349 0.221 0.266 0.184 0.527 0.132 0.909 0.342 0.339 0.251 0.451 
 124   (0.521) 0.535 0.514 0.518 0.740 0.576 0.408 0.397 0.830 0.068 0.516 0.514 0.666 0.420 
 126   (0.021) 0.001 0.018 0.003 0.004 0.004 0.002 0.058 0.024 0.002 0.018 0.018 0.009 0.004 
 122   (0.094) 0.006 0.101 0.126 0.029 0.145 0.115 0.017 0.011 0.018 0.097 0.103 0.060 0.106 
 120   (0.015) 0.001 0.012 0.002 0.003 0.004 0.289 0.000 0.001 0.001 0.014 0.012 0.008 0.003 
 136   (0.015) 0.001 0.013 0.002 0.004 0.005 0.002 0.000 0.002 0.001 0.013 0.013 0.006 0.015 

Locus 26 : 26 
7 alleles
0.2% missing data
 165   (0.246) 0.055 0.241 0.288 0.197 0.224 0.321 0.119 0.155 0.677 0.238 0.243 0.225 0.339 
 183   (0.350) 0.423 0.357 0.333 0.625 0.254 0.293 0.580 0.456 0.206 0.348 0.356 0.331 0.458 
 179   (0.079) 0.005 0.075 0.024 0.051 0.167 0.345 0.057 0.099 0.015 0.079 0.072 0.066 0.017 
 175   (0.261) 0.451 0.260 0.348 0.115 0.329 0.034 0.242 0.284 0.096 0.270 0.259 0.237 0.157 
 181   (0.049) 0.065 0.054 0.006 0.009 0.023 0.006 0.001 0.005 0.005 0.052 0.055 0.134 0.026 
 185   (0.009) 0.001 0.008 0.001 0.001 0.002 0.001 0.000 0.001 0.001 0.008 0.008 0.006 0.001 
 157   (0.006) 0.000 0.005 0.001 0.001 0.001 0.001 0.000 0.001 0.001 0.005 0.005 0.002 0.001 

Locus 27 : 27 
4 alleles
0.2% missing data
 142   (0.650) 0.741 0.662 0.805 0.728 0.661 0.313 0.705 0.607 0.340 0.662 0.662 0.600 0.677 
 148   (0.198) 0.066 0.196 0.104 0.052 0.126 0.669 0.077 0.184 0.371 0.197 0.198 0.228 0.251 
 138   (0.047) 0.004 0.041 0.019 0.024 0.017 0.006 0.206 0.197 0.278 0.039 0.042 0.026 0.018 
 150   (0.105) 0.189 0.101 0.073 0.196 0.196 0.012 0.012 0.012 0.010 0.102 0.098 0.145 0.054 

Locus 28 : 28 
6 alleles
0.9% missing data
 260   (0.387) 0.376 0.410 0.504 0.494 0.514 0.139 0.343 0.505 0.287 0.403 0.410 0.246 0.300 
 262   (0.509) 0.549 0.487 0.385 0.477 0.412 0.847 0.649 0.485 0.700 0.491 0.487 0.661 0.658 
 256   (0.072) 0.073 0.076 0.067 0.023 0.064 0.011 0.006 0.008 0.010 0.077 0.076 0.067 0.037 
 258   (0.011) 0.001 0.012 0.001 0.002 0.002 0.001 0.000 0.001 0.001 0.013 0.012 0.003 0.002 
 266   (0.007) 0.000 0.004 0.009 0.001 0.002 0.001 0.000 0.001 0.001 0.004 0.004 0.002 0.001 
 264   (0.015) 0.001 0.012 0.034 0.003 0.006 0.001 0.000 0.001 0.001 0.012 0.011 0.020 0.003 

Locus 29 : 29 
7 alleles
0.2% missing data
 146   (0.282) 0.334 0.300 0.268 0.465 0.204 0.036 0.172 0.308 0.084 0.282 0.307 0.268 0.346 
 150   (0.444) 0.291 0.438 0.512 0.188 0.567 0.143 0.702 0.426 0.168 0.449 0.435 0.554 0.409 
 140   (0.168) 0.057 0.166 0.150 0.126 0.198 0.810 0.081 0.033 0.689 0.170 0.165 0.129 0.169 
 148   (0.059) 0.315 0.050 0.031 0.141 0.017 0.007 0.038 0.218 0.053 0.052 0.049 0.025 0.051 
 152   (0.031) 0.002 0.035 0.036 0.059 0.008 0.003 0.001 0.003 0.004 0.036 0.034 0.018 0.005 
 151   (0.009) 0.001 0.006 0.001 0.007 0.003 0.001 0.005 0.011 0.002 0.006 0.006 0.003 0.002 
 142   (0.008) 0.001 0.005 0.001 0.014 0.002 0.001 0.001 0.001 0.001 0.005 0.005 0.003 0.019 

Locus 30 : 30 
6 alleles
0.2% missing data
 125   (0.286) 0.030 0.318 0.073 0.098 0.123 0.138 0.473 0.301 0.621 0.308 0.323 0.338 0.304 
 129   (0.434) 0.784 0.407 0.624 0.457 0.560 0.212 0.474 0.638 0.315 0.415 0.402 0.397 0.420 
 123   (0.150) 0.102 0.145 0.265 0.107 0.182 0.018 0.049 0.050 0.049 0.144 0.146 0.171 0.114 
 121   (0.012) 0.001 0.009 0.002 0.002 0.003 0.041 0.000 0.001 0.001 0.010 0.009 0.007 0.003 
 127   (0.081) 0.081 0.081 0.024 0.328 0.065 0.587 0.002 0.008 0.011 0.081 0.079 0.056 0.151 
 131   (0.036) 0.002 0.040 0.012 0.007 0.067 0.004 0.001 0.003 0.004 0.041 0.041 0.032 0.008 

Locus 31 : 31 
6 alleles
0.2% missing data
 159   (0.169) 0.011 0.153 0.273 0.050 0.290 0.019 0.140 0.114 0.060 0.158 0.153 0.251 0.299 
 155   (0.553) 0.711 0.587 0.472 0.501 0.336 0.523 0.684 0.846 0.591 0.580 0.588 0.494 0.425 
 157   (0.183) 0.021 0.170 0.142 0.428 0.308 0.114 0.093 0.030 0.301 0.172 0.170 0.199 0.250 
 153   (0.060) 0.004 0.060 0.107 0.013 0.058 0.105 0.080 0.006 0.043 0.058 0.060 0.029 0.013 
 151   (0.030) 0.252 0.025 0.004 0.007 0.007 0.238 0.002 0.003 0.004 0.027 0.024 0.024 0.012 
 163   (0.007) 0.001 0.005 0.002 0.001 0.002 0.001 0.001 0.001 0.001 0.005 0.004 0.002 0.001 

Locus 32 : 32 
5 alleles
0.0% missing data
 146   (0.316) 0.315 0.341 0.371 0.241 0.302 0.581 0.071 0.054 0.064 0.332 0.344 0.369 0.265 
 150   (0.583) 0.637 0.568 0.568 0.407 0.644 0.408 0.853 0.868 0.925 0.572 0.566 0.585 0.510 
 148   (0.056) 0.045 0.049 0.012 0.340 0.026 0.006 0.075 0.072 0.006 0.051 0.047 0.020 0.114 
 154   (0.033) 0.002 0.033 0.006 0.008 0.016 0.004 0.001 0.005 0.004 0.035 0.033 0.021 0.109 
 152   (0.012) 0.001 0.010 0.043 0.004 0.012 0.001 0.000 0.001 0.001 0.011 0.010 0.005 0.002 

Locus 33 : 33 
7 alleles
0.0% missing data
 180   (0.470) 0.668 0.480 0.323 0.514 0.405 0.696 0.606 0.372 0.426 0.480 0.481 0.417 0.522 
 196   (0.112) 0.007 0.108 0.162 0.025 0.139 0.012 0.187 0.202 0.115 0.103 0.108 0.102 0.052 
 184   (0.194) 0.072 0.188 0.392 0.092 0.083 0.267 0.148 0.125 0.430 0.184 0.189 0.209 0.277 
 194   (0.010) 0.001 0.006 0.001 0.002 0.002 0.001 0.038 0.034 0.001 0.006 0.006 0.004 0.002 
 192   (0.133) 0.183 0.135 0.108 0.347 0.255 0.015 0.006 0.013 0.016 0.145 0.131 0.186 0.103 
 190   (0.016) 0.001 0.011 0.004 0.003 0.088 0.001 0.000 0.002 0.002 0.011 0.010 0.014 0.024 
 198   (0.065) 0.070 0.073 0.010 0.016 0.028 0.007 0.014 0.252 0.010 0.072 0.075 0.069 0.021 

Locus 34 : 34 
6 alleles
0.0% missing data
 110   (0.186) 0.073 0.188 0.067 0.168 0.185 0.212 0.367 0.167 0.268 0.188 0.186 0.125 0.219 
 112   (0.358) 0.059 0.371 0.405 0.426 0.316 0.040 0.511 0.728 0.069 0.375 0.370 0.353 0.293 
 106   (0.276) 0.706 0.252 0.435 0.153 0.362 0.224 0.095 0.083 0.583 0.253 0.250 0.367 0.407 
  90   (0.039) 0.002 0.031 0.006 0.219 0.029 0.403 0.019 0.006 0.063 0.031 0.032 0.035 0.008 
 108   (0.132) 0.114 0.151 0.086 0.031 0.106 0.120 0.008 0.015 0.016 0.145 0.156 0.115 0.071 
  96   (0.010) 0.046 0.007 0.001 0.003 0.002 0.001 0.000 0.001 0.001 0.007 0.007 0.004 0.002 

Locus 35 : 35 
9 alleles
0.0% missing data
 166   (0.060) 0.004 0.048 0.124 0.120 0.041 0.008 0.283 0.179 0.010 0.049 0.047 0.025 0.057 
 176   (0.095) 0.016 0.093 0.013 0.035 0.027 0.011 0.129 0.363 0.021 0.092 0.093 0.121 0.216 
 172   (0.325) 0.585 0.341 0.438 0.264 0.395 0.041 0.453 0.221 0.457 0.340 0.343 0.231 0.140 
 170   (0.269) 0.324 0.256 0.235 0.197 0.225 0.611 0.126 0.156 0.473 0.256 0.255 0.251 0.510 
 174   (0.135) 0.064 0.135 0.103 0.355 0.238 0.015 0.005 0.016 0.013 0.136 0.135 0.275 0.051 
 178   (0.041) 0.003 0.044 0.027 0.011 0.018 0.005 0.002 0.057 0.018 0.046 0.042 0.030 0.008 
 168   (0.050) 0.003 0.057 0.019 0.013 0.024 0.306 0.001 0.005 0.005 0.058 0.059 0.057 0.014 
 186   (0.020) 0.001 0.021 0.040 0.004 0.031 0.002 0.000 0.002 0.002 0.019 0.020 0.008 0.003 
 158   (0.006) 0.000 0.005 0.001 0.001 0.001 0.001 0.000 0.001 0.001 0.006 0.006 0.002 0.001 

Locus 36 : 36 
6 alleles
0.0% missing data
  89   (0.570) 0.510 0.587 0.650 0.640 0.699 0.372 0.661 0.718 0.228 0.581 0.589 0.568 0.503 
  95   (0.058) 0.004 0.052 0.090 0.016 0.054 0.006 0.080 0.022 0.039 0.052 0.053 0.026 0.082 
  85   (0.166) 0.232 0.146 0.176 0.282 0.075 0.494 0.223 0.217 0.264 0.153 0.143 0.196 0.147 
  81   (0.066) 0.004 0.068 0.020 0.018 0.041 0.008 0.006 0.007 0.008 0.070 0.065 0.119 0.173 
  83   (0.125) 0.248 0.133 0.056 0.041 0.128 0.014 0.029 0.034 0.459 0.130 0.137 0.086 0.092 
  91   (0.015) 0.001 0.014 0.008 0.003 0.004 0.105 0.000 0.002 0.001 0.014 0.014 0.005 0.003 

Locus 37 : 37 
10 alleles
0.0% missing data
 161   (0.344) 0.376 0.331 0.218 0.437 0.310 0.428 0.570 0.524 0.093 0.328 0.336 0.496 0.395 
 165   (0.230) 0.101 0.253 0.298 0.097 0.187 0.135 0.167 0.275 0.059 0.245 0.253 0.160 0.186 
 159   (0.014) 0.001 0.012 0.002 0.003 0.003 0.001 0.035 0.009 0.001 0.013 0.011 0.004 0.002 
 173   (0.253) 0.511 0.244 0.269 0.392 0.358 0.223 0.130 0.085 0.162 0.255 0.245 0.214 0.385 
 169   (0.104) 0.007 0.103 0.149 0.059 0.116 0.207 0.088 0.101 0.679 0.102 0.102 0.100 0.022 
 167   (0.018) 0.002 0.017 0.002 0.005 0.017 0.002 0.009 0.002 0.002 0.018 0.016 0.009 0.003 
 168   (0.011) 0.001 0.012 0.001 0.002 0.002 0.001 0.000 0.001 0.001 0.012 0.012 0.003 0.002 
 155   (0.014) 0.001 0.019 0.002 0.003 0.003 0.001 0.000 0.001 0.001 0.019 0.018 0.008 0.003 
 177   (0.006) 0.000 0.005 0.001 0.002 0.002 0.001 0.000 0.001 0.001 0.005 0.005 0.004 0.001 
 175   (0.007) 0.000 0.004 0.057 0.001 0.001 0.001 0.000 0.001 0.000 0.004 0.004 0.002 0.001 

Locus 38 : 38 
6 alleles
0.4% missing data
  87   (0.088) 0.128 0.073 0.024 0.020 0.126 0.552 0.169 0.138 0.012 0.072 0.073 0.063 0.113 
  89   (0.445) 0.094 0.471 0.589 0.400 0.463 0.052 0.586 0.669 0.750 0.464 0.472 0.517 0.223 
  91   (0.164) 0.185 0.166 0.056 0.101 0.158 0.207 0.131 0.026 0.197 0.165 0.170 0.165 0.204 
  81   (0.121) 0.116 0.118 0.065 0.423 0.063 0.014 0.080 0.085 0.012 0.125 0.116 0.077 0.217 
  85   (0.176) 0.477 0.167 0.265 0.054 0.188 0.174 0.031 0.081 0.028 0.169 0.166 0.176 0.242 
  83   (0.007) 0.000 0.004 0.001 0.002 0.001 0.001 0.003 0.001 0.001 0.004 0.004 0.002 0.001 

Locus 39 : 39 
4 alleles
0.4% missing data
 167   (0.789) 0.856 0.773 0.782 0.795 0.839 0.686 0.910 0.926 0.930 0.771 0.772 0.851 0.945 
 161   (0.176) 0.141 0.194 0.159 0.188 0.118 0.311 0.089 0.070 0.061 0.194 0.196 0.130 0.048 
 165   (0.028) 0.002 0.027 0.059 0.016 0.040 0.003 0.001 0.003 0.009 0.030 0.026 0.017 0.006 
 177   (0.006) 0.001 0.006 0.001 0.001 0.002 0.001 0.000 0.001 0.001 0.005 0.006 0.002 0.001 

Locus 40 : 40 
6 alleles
0.2% missing data
 228   (0.417) 0.231 0.392 0.530 0.629 0.461 0.546 0.522 0.658 0.729 0.400 0.392 0.387 0.441 
 238   (0.343) 0.117 0.364 0.301 0.096 0.317 0.084 0.324 0.268 0.070 0.366 0.361 0.407 0.268 
 224   (0.021) 0.001 0.015 0.003 0.218 0.005 0.002 0.089 0.044 0.002 0.015 0.014 0.007 0.013 
 236   (0.103) 0.390 0.099 0.037 0.028 0.086 0.355 0.063 0.017 0.188 0.098 0.101 0.066 0.113 
 232   (0.012) 0.001 0.010 0.002 0.003 0.003 0.001 0.000 0.003 0.001 0.009 0.010 0.032 0.002 
 240   (0.103) 0.260 0.120 0.127 0.026 0.128 0.012 0.003 0.010 0.011 0.113 0.122 0.102 0.163 

Locus 41 : 41 
7 alleles
0.0% missing data
 128   (0.124) 0.033 0.114 0.200 0.242 0.160 0.014 0.137 0.067 0.239 0.112 0.113 0.124 0.075 
 130   (0.523) 0.779 0.544 0.426 0.512 0.504 0.059 0.613 0.590 0.688 0.541 0.543 0.560 0.518 
 114   (0.052) 0.003 0.046 0.007 0.011 0.016 0.503 0.109 0.039 0.030 0.047 0.046 0.038 0.075 
 132   (0.130) 0.050 0.123 0.245 0.031 0.143 0.015 0.132 0.286 0.020 0.122 0.125 0.137 0.151 
 118   (0.058) 0.128 0.054 0.069 0.030 0.093 0.205 0.002 0.006 0.009 0.055 0.054 0.059 0.011 
 134   (0.105) 0.007 0.114 0.053 0.174 0.082 0.204 0.007 0.012 0.012 0.118 0.114 0.080 0.169 
 136   (0.006) 0.000 0.005 0.001 0.001 0.001 0.001 0.000 0.001 0.001 0.005 0.005 0.002 0.001 

Locus 42 : 42 
6 alleles
1.3% missing data
 102   (0.280) 0.475 0.275 0.343 0.223 0.360 0.572 0.413 0.431 0.080 0.263 0.276 0.181 0.409 
 104   (0.403) 0.413 0.428 0.455 0.678 0.515 0.049 0.200 0.153 0.108 0.437 0.424 0.416 0.325 
  92   (0.113) 0.007 0.106 0.068 0.038 0.052 0.053 0.106 0.278 0.014 0.109 0.107 0.210 0.089 
  96   (0.071) 0.004 0.067 0.022 0.019 0.020 0.099 0.061 0.067 0.697 0.065 0.068 0.083 0.054 
  98   (0.128) 0.100 0.120 0.110 0.039 0.052 0.227 0.219 0.071 0.100 0.121 0.120 0.108 0.121 
 106   (0.006) 0.001 0.005 0.001 0.002 0.002 0.001 0.001 0.001 0.001 0.005 0.005 0.003 0.002 

Locus 43 : 43 
6 alleles
1.6% missing data
 101   (0.303) 0.184 0.291 0.304 0.217 0.293 0.036 0.470 0.217 0.087 0.291 0.291 0.400 0.463 
 103   (0.320) 0.350 0.333 0.426 0.141 0.409 0.231 0.179 0.373 0.450 0.342 0.326 0.208 0.279 
  99   (0.141) 0.009 0.143 0.081 0.574 0.062 0.418 0.032 0.209 0.073 0.143 0.148 0.206 0.067 
  95   (0.212) 0.456 0.210 0.186 0.064 0.231 0.179 0.319 0.198 0.389 0.203 0.212 0.175 0.186 
  97   (0.016) 0.001 0.016 0.002 0.003 0.003 0.136 0.000 0.001 0.001 0.017 0.017 0.008 0.003 
  91   (0.007) 0.000 0.006 0.001 0.001 0.002 0.001 0.000 0.001 0.001 0.005 0.006 0.002 0.001 

Locus 44 : 44 
7 alleles
0.2% missing data
 177   (0.080) 0.005 0.086 0.034 0.017 0.063 0.010 0.063 0.159 0.010 0.084 0.086 0.047 0.063 
 191   (0.281) 0.101 0.313 0.115 0.328 0.322 0.280 0.188 0.114 0.057 0.309 0.312 0.272 0.301 
 181   (0.577) 0.861 0.544 0.787 0.568 0.601 0.523 0.747 0.721 0.928 0.541 0.544 0.646 0.621 
 179   (0.039) 0.002 0.042 0.005 0.082 0.010 0.185 0.001 0.004 0.003 0.050 0.042 0.027 0.011 
 183   (0.009) 0.001 0.008 0.003 0.002 0.002 0.001 0.000 0.001 0.001 0.009 0.008 0.004 0.002 
 193   (0.007) 0.000 0.004 0.056 0.001 0.001 0.001 0.000 0.001 0.001 0.004 0.004 0.002 0.001 
 189   (0.006) 0.030 0.004 0.001 0.001 0.001 0.001 0.000 0.001 0.000 0.004 0.004 0.002 0.001 

Locus 45 : 45 
6 alleles
0.9% missing data
 205   (0.465) 0.405 0.487 0.556 0.519 0.416 0.251 0.504 0.538 0.868 0.492 0.489 0.387 0.537 
 211   (0.233) 0.274 0.233 0.151 0.286 0.159 0.344 0.251 0.113 0.046 0.237 0.232 0.334 0.191 
 207   (0.140) 0.201 0.136 0.227 0.051 0.185 0.017 0.127 0.192 0.065 0.134 0.134 0.097 0.090 
 201   (0.072) 0.005 0.060 0.020 0.026 0.149 0.377 0.068 0.118 0.011 0.059 0.060 0.097 0.079 
 215   (0.081) 0.115 0.074 0.045 0.116 0.089 0.010 0.050 0.038 0.010 0.070 0.073 0.082 0.102 
 202   (0.008) 0.000 0.010 0.001 0.002 0.002 0.001 0.000 0.001 0.001 0.008 0.011 0.003 0.001 

Locus 46 : 46 
10 alleles
1.1% missing data
 144   (0.066) 0.128 0.055 0.018 0.060 0.078 0.008 0.250 0.081 0.048 0.056 0.055 0.088 0.014 
 158   (0.152) 0.084 0.147 0.039 0.205 0.177 0.019 0.114 0.386 0.034 0.150 0.148 0.139 0.264 
 168   (0.137) 0.107 0.154 0.031 0.034 0.070 0.213 0.221 0.067 0.054 0.140 0.157 0.114 0.132 
 166   (0.142) 0.386 0.130 0.248 0.043 0.090 0.126 0.319 0.124 0.468 0.134 0.124 0.104 0.093 
 142   (0.371) 0.286 0.390 0.599 0.631 0.511 0.048 0.091 0.309 0.381 0.391 0.392 0.295 0.434 
 170   (0.013) 0.001 0.010 0.002 0.004 0.003 0.002 0.001 0.001 0.002 0.010 0.010 0.040 0.005 
 156   (0.026) 0.002 0.027 0.004 0.005 0.023 0.464 0.001 0.016 0.002 0.027 0.027 0.010 0.005 
 162   (0.044) 0.003 0.039 0.042 0.009 0.014 0.115 0.001 0.004 0.005 0.044 0.040 0.067 0.040 
 164   (0.042) 0.003 0.042 0.015 0.008 0.032 0.005 0.001 0.013 0.005 0.043 0.042 0.140 0.011 
 160   (0.007) 0.000 0.005 0.001 0.001 0.001 0.001 0.000 0.001 0.001 0.006 0.005 0.003 0.002 

Locus 47 : 47 
7 alleles
8.7% missing data
 149   (0.343) 0.337 0.362 0.398 0.512 0.336 0.354 0.214 0.190 0.479 0.364 0.366 0.303 0.086 
 151   (0.184) 0.012 0.171 0.117 0.326 0.191 0.087 0.205 0.568 0.116 0.173 0.170 0.164 0.369 
 153   (0.197) 0.026 0.195 0.384 0.086 0.290 0.031 0.362 0.132 0.105 0.201 0.192 0.163 0.183 
 147   (0.028) 0.002 0.024 0.004 0.008 0.009 0.005 0.033 0.031 0.003 0.024 0.023 0.060 0.005 
 145   (0.229) 0.622 0.234 0.095 0.061 0.169 0.521 0.183 0.077 0.294 0.224 0.236 0.267 0.353 
 152   (0.007) 0.000 0.004 0.001 0.003 0.002 0.001 0.002 0.001 0.001 0.004 0.004 0.003 0.002 
 143   (0.012) 0.001 0.010 0.001 0.003 0.003 0.002 0.000 0.001 0.001 0.010 0.010 0.040 0.002 

Values of parameters used in structure:
DATAFILE=temp2_no_plains.str,	OUTFILE=k13/temp2_no_plains_k13_run8,	NUMINDS=450,	NUMLOCI=47,	MISSING=-9,	LABEL=1,	POPDATA=1,	POPFLAG=0,	PHENOTYPE=0,	EXTRACOLS=0,	MAXPOPS=13,	BURNIN=500000,	NUMREPS=750000,	USEPOPINFO=0,	INFERALPHA=1,	INFERLAMBDA=0,	POPSPECIFICLAMBDA=0,	POPALPHAS=0,	COMPUTEPROB=1,	NOADMIX=0,	ADMBURNIN=500,	UPDATEFREQ=100,	PRINTLIKES=0,	INTERMEDSAVE=0,	PRINTKLD=0,	PRINTNET=1,	PRINTLAMBDA=1,	ANCESTDIST=0,	NUMBOXES=1000,	ANCESTPINT=0.90000,	GENSBACK=2,	MIGRPRIOR=0.01000,	PRINTQHAT=0,	PRINTQSUM=1,	ALPHA=1.0000,	FREQSCORR=1,	FPRIORMEAN=0.0100,	FPRIORSD=0.0500,	ONEFST=0,	LAMBDA=1.0000,	UNIFPRIORALPHA=1,	ALPHAMAX=10.0000,	ALPHAPRIORA=1.0000,	ALPHAPRIORB=2.0000,	ALPHAPROPSD=0.0250,	STARTATPOPINFO=0,	RANDOMIZE=0,	LINKAGE=0,	METROFREQ=10,	REPORTHITRATE=0,	MARKOVPHASE=0,	PHASED=1,	PLOIDY=2,	PHASEINFO=0	LOCPRIOR=0, 	LOCPRIORINIT=1.000000, 	LOCDATA=0, 	LOCISPOP=1, 	LOCPRIORSTEP=0.100000, 	MAXLOCPRIOR=20.000000, 	SEED=670700,	
[STRAT parameters]:    NUMSIMSTATS=1000,	PHENOTYPECOL=-9,	POOLFREQ=10,	LOCUSxONLY=0,	EMERROR=0.00100,	MISSINGPHENO=-9,	