

----------------------------------------------------
STRUCTURE by Pritchard, Stephens and Donnelly (2000)
     and Falush, Stephens and Pritchard (2003)
       Code by Pritchard, Falush and Hubisz
             Version 2.3.4 (Jul 2012)
----------------------------------------------------



Command line arguments:   structure -D 900227 -K 15 -m mainparams -o k15/temp2_no_plains_k15_run1 
Input File:    temp2_no_plains.str

Run parameters:
   450 individuals
   47 loci
   15 populations assumed
   500000 Burn-in period
   750000 Reps
RANDOMIZE turned off


--------------------------------------------
Proportion of membership of each pre-defined
 population in each of the 15 clusters

Given    Inferred Clusters                                                                                           Number of
 Pop       1      2      3      4      5      6      7      8      9     10     11     12     13     14     15      Individuals

  1:     0.010  0.040  0.840  0.010  0.009  0.004  0.006  0.010  0.011  0.010  0.008  0.010  0.011  0.009  0.012       63
  2:     0.013  0.013  0.848  0.014  0.010  0.006  0.010  0.012  0.007  0.013  0.007  0.014  0.006  0.011  0.015       20
  3:     0.020  0.120  0.688  0.019  0.010  0.004  0.008  0.012  0.014  0.018  0.006  0.019  0.014  0.010  0.036       21
  4:     0.007  0.555  0.345  0.007  0.007  0.004  0.007  0.008  0.006  0.007  0.005  0.007  0.009  0.014  0.012       31
  5:     0.008  0.020  0.873  0.009  0.010  0.005  0.005  0.006  0.019  0.008  0.004  0.008  0.006  0.013  0.006       21
  6:     0.020  0.012  0.011  0.018  0.022  0.005  0.023  0.015  0.036  0.019  0.012  0.020  0.016  0.006  0.767       25
  7:     0.054  0.142  0.443  0.055  0.012  0.011  0.038  0.015  0.024  0.052  0.014  0.056  0.050  0.012  0.020        8
  8:     0.009  0.021  0.531  0.009  0.026  0.005  0.004  0.009  0.010  0.009  0.005  0.009  0.006  0.338  0.009       17
  9:     0.005  0.004  0.005  0.005  0.005  0.003  0.005  0.005  0.004  0.005  0.936  0.005  0.005  0.003  0.006       29
 10:     0.003  0.002  0.002  0.003  0.003  0.967  0.002  0.002  0.002  0.003  0.002  0.003  0.002  0.003  0.003        9
 11:     0.157  0.015  0.010  0.150  0.019  0.009  0.025  0.017  0.057  0.183  0.015  0.172  0.111  0.009  0.052       26
 12:     0.107  0.013  0.012  0.103  0.128  0.010  0.046  0.040  0.111  0.110  0.012  0.109  0.165  0.011  0.025       74
 13:     0.073  0.014  0.018  0.078  0.283  0.007  0.071  0.088  0.112  0.071  0.015  0.074  0.068  0.010  0.019       35
 14:     0.050  0.013  0.026  0.041  0.202  0.010  0.014  0.304  0.190  0.044  0.008  0.046  0.022  0.007  0.023       24
 15:     0.155  0.011  0.022  0.159  0.024  0.010  0.011  0.020  0.041  0.170  0.027  0.166  0.144  0.007  0.034       43
 16:     0.234  0.013  0.013  0.200  0.012  0.003  0.012  0.009  0.017  0.194  0.008  0.192  0.027  0.052  0.012        4
--------------------------------------------

Allele-freq. divergence among pops (Net nucleotide distance),
computed using point estimates of P.

      1       2       3       4       5       6       7       8       9      10      11      12      13      14      15      
 1      -    0.0381  0.0306  0.0002  0.0201  0.1006  0.0505  0.0298  0.0162  0.0002  0.0548  0.0001  0.0087  0.0997  0.0200  
 2   0.0381     -    0.0385  0.0380  0.0648  0.1423  0.0808  0.0669  0.0588  0.0375  0.0929  0.0374  0.0439  0.1311  0.0555  
 3   0.0306  0.0385     -    0.0313  0.0460  0.1442  0.0786  0.0636  0.0477  0.0310  0.0810  0.0307  0.0347  0.1042  0.0453  
 4   0.0002  0.0380  0.0313     -    0.0209  0.1001  0.0512  0.0303  0.0169  0.0002  0.0548  0.0002  0.0089  0.1018  0.0208  
 5   0.0201  0.0648  0.0460  0.0209     -    0.1304  0.0682  0.0316  0.0250  0.0209  0.0758  0.0205  0.0307  0.1210  0.0417  
 6   0.1006  0.1423  0.1442  0.1001  0.1304     -    0.1696  0.1375  0.1249  0.0991  0.1331  0.0992  0.1071  0.2009  0.1067  
 7   0.0505  0.0808  0.0786  0.0512  0.0682  0.1696     -    0.0763  0.0592  0.0505  0.1081  0.0504  0.0628  0.1526  0.0619  
 8   0.0298  0.0669  0.0636  0.0303  0.0316  0.1375  0.0763     -    0.0324  0.0302  0.0789  0.0298  0.0383  0.1526  0.0448  
 9   0.0162  0.0588  0.0477  0.0169  0.0250  0.1249  0.0592  0.0324     -    0.0168  0.0735  0.0164  0.0242  0.1259  0.0379  
10   0.0002  0.0375  0.0310  0.0002  0.0209  0.0991  0.0505  0.0302  0.0168     -    0.0546  0.0000  0.0081  0.1011  0.0194  
11   0.0548  0.0929  0.0810  0.0548  0.0758  0.1331  0.1081  0.0789  0.0735  0.0546     -    0.0543  0.0639  0.1596  0.0612  
12   0.0001  0.0374  0.0307  0.0002  0.0205  0.0992  0.0504  0.0298  0.0164  0.0000  0.0543     -    0.0081  0.1005  0.0194  
13   0.0087  0.0439  0.0347  0.0089  0.0307  0.1071  0.0628  0.0383  0.0242  0.0081  0.0639  0.0081     -    0.1104  0.0251  
14   0.0997  0.1311  0.1042  0.1018  0.1210  0.2009  0.1526  0.1526  0.1259  0.1011  0.1596  0.1005  0.1104     -    0.1216  
15   0.0200  0.0555  0.0453  0.0208  0.0417  0.1067  0.0619  0.0448  0.0379  0.0194  0.0612  0.0194  0.0251  0.1216     -    

Average distances (expected heterozygosity) between individuals in same cluster:
cluster  1  : 0.6399 
cluster  2  : 0.5405 
cluster  3  : 0.5381 
cluster  4  : 0.6380 
cluster  5  : 0.5573 
cluster  6  : 0.5338 
cluster  7  : 0.5334 
cluster  8  : 0.5584 
cluster  9  : 0.5839 
cluster 10  : 0.6410 
cluster 11  : 0.5443 
cluster 12  : 0.6410 
cluster 13  : 0.6129 
cluster 14  : 0.4336 
cluster 15  : 0.5945 

--------------------------------------------
Estimated Ln Prob of Data   = -48885.5
Mean value of ln likelihood = -46073.7
Variance of ln likelihood   = 5623.7
Mean value of alpha         = 0.0354

Mean value of Fst_1         = 0.0267
Mean value of Fst_2         = 0.1706
Mean value of Fst_3         = 0.1376
Mean value of Fst_4         = 0.0331
Mean value of Fst_5         = 0.1135
Mean value of Fst_6         = 0.3097
Mean value of Fst_7         = 0.2488
Mean value of Fst_8         = 0.1558
Mean value of Fst_9         = 0.0984
Mean value of Fst_10         = 0.0209
Mean value of Fst_11         = 0.2124
Mean value of Fst_12         = 0.0210
Mean value of Fst_13         = 0.0510
Mean value of Fst_14         = 0.4061
Mean value of Fst_15         = 0.0933


Inferred ancestry of individuals:
        Label (%Miss) Pop:  Inferred clusters
  1      221    (0)    1 :  0.008 0.009 0.899 0.008 0.010 0.003 0.003 0.006 0.007 0.007 0.002 0.007 0.009 0.005 0.018 
  2      222    (0)    1 :  0.009 0.546 0.352 0.009 0.009 0.004 0.010 0.004 0.007 0.010 0.009 0.009 0.008 0.007 0.007 
  3      223    (0)    1 :  0.011 0.009 0.870 0.010 0.010 0.003 0.006 0.005 0.011 0.010 0.003 0.010 0.025 0.008 0.009 
  4      224    (0)    1 :  0.003 0.006 0.953 0.003 0.003 0.001 0.004 0.002 0.002 0.003 0.004 0.003 0.003 0.006 0.004 
  5      225    (0)    1 :  0.006 0.007 0.935 0.006 0.004 0.002 0.004 0.003 0.004 0.006 0.004 0.006 0.006 0.004 0.004 
  6      226    (0)    1 :  0.005 0.004 0.925 0.004 0.003 0.006 0.007 0.003 0.004 0.005 0.002 0.005 0.010 0.004 0.013 
  7      227    (0)    1 :  0.011 0.003 0.853 0.010 0.005 0.016 0.005 0.005 0.007 0.011 0.005 0.012 0.017 0.005 0.036 
  8      228    (0)    1 :  0.010 0.007 0.862 0.011 0.029 0.003 0.010 0.004 0.010 0.010 0.005 0.010 0.009 0.013 0.007 
  9      234    (0)    1 :  0.004 0.009 0.940 0.004 0.005 0.003 0.004 0.004 0.004 0.004 0.002 0.004 0.004 0.005 0.004 
 10      235    (0)    1 :  0.004 0.011 0.947 0.004 0.003 0.004 0.002 0.002 0.003 0.004 0.002 0.004 0.003 0.004 0.004 
 11      236    (0)    1 :  0.003 0.004 0.951 0.003 0.002 0.002 0.002 0.002 0.002 0.003 0.002 0.003 0.003 0.015 0.005 
 12      237    (0)    1 :  0.004 0.010 0.941 0.004 0.004 0.002 0.003 0.004 0.007 0.004 0.002 0.004 0.005 0.003 0.003 
 13      238    (0)    1 :  0.010 0.046 0.835 0.009 0.005 0.003 0.004 0.006 0.014 0.009 0.012 0.010 0.009 0.003 0.025 
 14      239    (0)    1 :  0.026 0.019 0.668 0.026 0.019 0.007 0.007 0.010 0.008 0.029 0.014 0.028 0.042 0.025 0.071 
 15      240    (0)    1 :  0.004 0.006 0.945 0.004 0.003 0.002 0.004 0.004 0.003 0.004 0.003 0.004 0.003 0.006 0.006 
 16      242    (0)    1 :  0.058 0.316 0.248 0.042 0.025 0.001 0.008 0.007 0.027 0.059 0.003 0.064 0.127 0.003 0.012 
 17      243    (0)    1 :  0.014 0.015 0.838 0.012 0.005 0.017 0.009 0.006 0.007 0.013 0.015 0.013 0.010 0.006 0.020 
 18      244    (0)    1 :  0.008 0.015 0.884 0.008 0.003 0.012 0.003 0.003 0.003 0.009 0.003 0.008 0.016 0.002 0.024 
 19      245    (0)    1 :  0.019 0.004 0.778 0.016 0.009 0.011 0.007 0.023 0.017 0.016 0.007 0.018 0.010 0.049 0.015 
 20      246    (0)    1 :  0.005 0.012 0.940 0.004 0.003 0.006 0.003 0.002 0.003 0.004 0.003 0.004 0.003 0.003 0.004 
 21      248    (0)    1 :  0.007 0.059 0.846 0.007 0.004 0.003 0.002 0.004 0.006 0.008 0.022 0.008 0.009 0.010 0.005 
 22      249    (0)    1 :  0.002 0.002 0.965 0.002 0.003 0.001 0.004 0.002 0.002 0.002 0.002 0.002 0.003 0.002 0.004 
 23      250    (0)    1 :  0.015 0.005 0.837 0.015 0.013 0.006 0.006 0.006 0.022 0.016 0.009 0.015 0.010 0.014 0.010 
 24      251    (0)    1 :  0.005 0.019 0.911 0.005 0.011 0.005 0.002 0.006 0.009 0.005 0.003 0.005 0.006 0.006 0.004 
 25      252    (0)    1 :  0.008 0.004 0.854 0.008 0.010 0.001 0.008 0.010 0.022 0.008 0.038 0.008 0.008 0.005 0.007 
 26      253    (0)    1 :  0.026 0.003 0.814 0.020 0.004 0.003 0.004 0.003 0.005 0.022 0.024 0.023 0.032 0.007 0.009 
 27      254    (0)    1 :  0.006 0.005 0.931 0.006 0.004 0.002 0.003 0.005 0.005 0.005 0.004 0.005 0.007 0.004 0.008 
 28      255    (0)    1 :  0.020 0.298 0.496 0.020 0.012 0.003 0.005 0.005 0.007 0.021 0.006 0.019 0.014 0.018 0.055 
 29      256    (0)    1 :  0.011 0.062 0.851 0.009 0.005 0.003 0.014 0.004 0.008 0.009 0.002 0.010 0.006 0.003 0.004 
 30      257    (0)    1 :  0.010 0.007 0.878 0.009 0.010 0.003 0.003 0.011 0.010 0.009 0.010 0.009 0.010 0.003 0.018 
 31      258    (0)    1 :  0.010 0.032 0.854 0.009 0.010 0.002 0.004 0.014 0.011 0.010 0.003 0.010 0.010 0.010 0.011 
 32      259    (0)    1 :  0.016 0.010 0.867 0.022 0.006 0.002 0.005 0.020 0.005 0.013 0.003 0.013 0.010 0.002 0.006 
 33      260    (0)    1 :  0.006 0.005 0.820 0.006 0.005 0.006 0.003 0.003 0.007 0.006 0.072 0.006 0.004 0.024 0.026 
 34      261    (0)    1 :  0.013 0.006 0.723 0.013 0.014 0.003 0.005 0.121 0.050 0.012 0.008 0.013 0.004 0.003 0.013 
 35      262    (0)    1 :  0.002 0.007 0.964 0.002 0.003 0.001 0.003 0.003 0.002 0.002 0.003 0.002 0.002 0.002 0.002 
 36      263    (0)    1 :  0.006 0.015 0.858 0.005 0.003 0.005 0.005 0.005 0.006 0.006 0.026 0.006 0.005 0.005 0.043 
 37      264    (0)    1 :  0.005 0.011 0.920 0.005 0.005 0.001 0.014 0.009 0.005 0.005 0.003 0.004 0.004 0.003 0.006 
 38      265    (0)    1 :  0.006 0.021 0.863 0.006 0.006 0.002 0.005 0.007 0.004 0.006 0.037 0.006 0.004 0.007 0.021 
 39      266    (0)    1 :  0.004 0.006 0.956 0.003 0.003 0.001 0.002 0.002 0.003 0.003 0.002 0.003 0.003 0.005 0.002 
 40      267    (0)    1 :  0.003 0.026 0.936 0.003 0.004 0.002 0.003 0.003 0.002 0.003 0.001 0.003 0.005 0.002 0.003 
 41      268    (0)    1 :  0.006 0.004 0.873 0.006 0.005 0.008 0.004 0.004 0.009 0.006 0.051 0.007 0.007 0.003 0.006 
 42      269    (0)    1 :  0.003 0.008 0.932 0.003 0.003 0.001 0.002 0.006 0.004 0.003 0.003 0.003 0.003 0.020 0.004 
 43      270    (0)    1 :  0.003 0.004 0.931 0.003 0.004 0.002 0.022 0.003 0.003 0.003 0.002 0.003 0.005 0.003 0.007 
 44      271    (0)    1 :  0.026 0.012 0.693 0.030 0.008 0.003 0.007 0.025 0.025 0.030 0.010 0.028 0.015 0.074 0.013 
 45      272    (0)    1 :  0.034 0.416 0.282 0.029 0.008 0.007 0.020 0.100 0.009 0.029 0.005 0.030 0.009 0.013 0.008 
 46      273    (0)    1 :  0.016 0.016 0.802 0.016 0.017 0.002 0.019 0.010 0.007 0.016 0.003 0.015 0.017 0.010 0.036 
 47      274    (0)    1 :  0.005 0.004 0.916 0.005 0.006 0.003 0.003 0.014 0.006 0.005 0.006 0.005 0.005 0.007 0.009 
 48      275    (2)    1 :  0.004 0.010 0.938 0.004 0.005 0.002 0.004 0.004 0.003 0.004 0.002 0.004 0.005 0.003 0.007 
 49      276    (0)    1 :  0.006 0.006 0.914 0.006 0.006 0.002 0.004 0.009 0.011 0.006 0.004 0.006 0.007 0.006 0.005 
 50      277    (0)    1 :  0.017 0.003 0.782 0.013 0.041 0.001 0.008 0.008 0.075 0.010 0.002 0.013 0.006 0.012 0.008 
 51      278    (0)    1 :  0.009 0.018 0.821 0.013 0.018 0.008 0.002 0.011 0.055 0.009 0.005 0.010 0.010 0.005 0.006 
 52      279    (0)    1 :  0.016 0.018 0.874 0.015 0.006 0.002 0.005 0.004 0.008 0.016 0.003 0.015 0.010 0.003 0.006 
 53      280    (0)    1 :  0.012 0.008 0.787 0.013 0.028 0.003 0.003 0.009 0.015 0.012 0.005 0.012 0.012 0.063 0.019 
 54      287    (0)    1 :  0.016 0.005 0.866 0.016 0.010 0.004 0.006 0.006 0.009 0.015 0.006 0.015 0.008 0.004 0.014 
 55      290    (0)    1 :  0.014 0.104 0.758 0.014 0.010 0.006 0.017 0.012 0.008 0.015 0.003 0.013 0.009 0.006 0.011 
 56      291    (0)    1 :  0.012 0.004 0.846 0.014 0.037 0.003 0.004 0.010 0.015 0.011 0.006 0.011 0.006 0.015 0.007 
 57      295    (0)    1 :  0.004 0.006 0.919 0.004 0.029 0.001 0.003 0.006 0.006 0.004 0.003 0.004 0.003 0.003 0.005 
 58      296    (0)    1 :  0.005 0.009 0.927 0.004 0.003 0.003 0.010 0.003 0.005 0.004 0.004 0.004 0.008 0.005 0.004 
 59      872    (2)    1 :  0.005 0.107 0.823 0.006 0.004 0.007 0.005 0.004 0.007 0.006 0.007 0.006 0.004 0.004 0.005 
 60      873    (4)    1 :  0.013 0.044 0.823 0.013 0.003 0.004 0.020 0.003 0.010 0.013 0.003 0.014 0.012 0.011 0.014 
 61      874    (2)    1 :  0.005 0.014 0.908 0.005 0.007 0.001 0.004 0.009 0.020 0.004 0.002 0.005 0.007 0.002 0.005 
 62      875    (0)    1 :  0.005 0.016 0.908 0.005 0.005 0.018 0.003 0.004 0.004 0.006 0.002 0.006 0.005 0.006 0.006 
 63      876    (6)    1 :  0.008 0.005 0.867 0.008 0.014 0.001 0.004 0.008 0.014 0.009 0.011 0.008 0.017 0.005 0.021 
 64      070    (0)   10 :  0.004 0.004 0.002 0.004 0.002 0.957 0.002 0.003 0.003 0.005 0.002 0.005 0.003 0.001 0.003 
 65      071    (0)   10 :  0.003 0.002 0.002 0.003 0.003 0.957 0.002 0.003 0.003 0.003 0.006 0.003 0.003 0.005 0.004 
 66      072    (0)   10 :  0.002 0.002 0.001 0.002 0.002 0.975 0.001 0.002 0.001 0.002 0.001 0.002 0.002 0.003 0.002 
 67      151    (0)   10 :  0.001 0.001 0.001 0.002 0.002 0.979 0.001 0.002 0.002 0.002 0.002 0.002 0.002 0.001 0.002 
 68      152    (0)   10 :  0.005 0.002 0.003 0.006 0.005 0.945 0.002 0.004 0.003 0.006 0.002 0.005 0.005 0.004 0.004 
 69      153    (2)   10 :  0.001 0.002 0.001 0.001 0.001 0.980 0.001 0.001 0.001 0.002 0.002 0.001 0.001 0.001 0.002 
 70      788    (4)   10 :  0.003 0.002 0.002 0.003 0.004 0.964 0.001 0.003 0.003 0.003 0.002 0.003 0.002 0.003 0.002 
 71      789    (2)   10 :  0.002 0.002 0.002 0.002 0.002 0.973 0.001 0.002 0.002 0.002 0.003 0.002 0.002 0.002 0.002 
 72      790    (0)   10 :  0.002 0.002 0.002 0.002 0.002 0.973 0.001 0.001 0.001 0.002 0.001 0.002 0.002 0.003 0.002 
 73      010    (0)   11 :  0.189 0.007 0.005 0.245 0.005 0.002 0.008 0.005 0.009 0.236 0.004 0.236 0.033 0.008 0.010 
 74      024    (0)   11 :  0.223 0.005 0.005 0.158 0.010 0.006 0.007 0.027 0.015 0.253 0.010 0.250 0.017 0.005 0.010 
 75      051    (0)   11 :  0.174 0.007 0.005 0.142 0.005 0.015 0.005 0.005 0.010 0.224 0.007 0.160 0.031 0.004 0.206 
 76      090    (0)   11 :  0.186 0.008 0.007 0.152 0.013 0.007 0.014 0.008 0.012 0.233 0.005 0.207 0.094 0.003 0.051 
 77      102    (0)   11 :  0.176 0.034 0.027 0.145 0.062 0.002 0.012 0.014 0.180 0.141 0.003 0.146 0.036 0.004 0.018 
 78      111    (0)   11 :  0.177 0.022 0.005 0.178 0.006 0.002 0.005 0.025 0.019 0.234 0.004 0.181 0.069 0.064 0.010 
 79      113    (0)   11 :  0.169 0.032 0.005 0.171 0.020 0.006 0.006 0.047 0.023 0.198 0.005 0.166 0.080 0.003 0.068 
 80      138    (0)   11 :  0.072 0.004 0.009 0.071 0.013 0.043 0.003 0.006 0.016 0.085 0.081 0.086 0.493 0.002 0.016 
 81      150    (0)   11 :  0.026 0.008 0.015 0.022 0.030 0.017 0.006 0.022 0.678 0.023 0.004 0.026 0.054 0.002 0.067 
 82      173    (2)   11 :  0.131 0.006 0.005 0.084 0.015 0.025 0.038 0.050 0.017 0.155 0.016 0.171 0.054 0.008 0.222 
 83      174    (2)   11 :  0.136 0.022 0.007 0.161 0.003 0.025 0.005 0.014 0.004 0.155 0.004 0.128 0.318 0.004 0.015 
 84      175    (0)   11 :  0.206 0.011 0.002 0.213 0.006 0.007 0.006 0.005 0.014 0.257 0.003 0.222 0.025 0.002 0.020 
 85      176    (0)   11 :  0.184 0.019 0.014 0.302 0.005 0.005 0.003 0.006 0.016 0.190 0.011 0.213 0.018 0.007 0.008 
 86      177    (0)   11 :  0.156 0.008 0.003 0.124 0.009 0.004 0.004 0.047 0.011 0.177 0.002 0.156 0.049 0.002 0.248 
 87      180    (0)   11 :  0.129 0.108 0.022 0.119 0.005 0.004 0.005 0.006 0.005 0.198 0.007 0.162 0.099 0.005 0.125 
 88      184    (0)   11 :  0.082 0.004 0.006 0.080 0.015 0.014 0.034 0.014 0.073 0.092 0.006 0.097 0.466 0.004 0.013 
 89      195    (0)   11 :  0.191 0.004 0.005 0.157 0.011 0.006 0.006 0.009 0.015 0.263 0.015 0.240 0.025 0.037 0.014 
 90      198    (0)   11 :  0.160 0.015 0.010 0.127 0.007 0.003 0.003 0.005 0.016 0.177 0.006 0.168 0.257 0.029 0.017 
 91      203    (0)   11 :  0.153 0.009 0.008 0.252 0.006 0.009 0.008 0.010 0.030 0.241 0.005 0.242 0.014 0.003 0.011 
 92      211    (0)   11 :  0.181 0.005 0.028 0.192 0.010 0.003 0.004 0.032 0.044 0.182 0.081 0.203 0.024 0.003 0.008 
 93      220    (0)   11 :  0.126 0.009 0.004 0.123 0.021 0.002 0.010 0.041 0.217 0.155 0.010 0.150 0.048 0.007 0.075 
 94      233    (0)   11 :  0.150 0.004 0.009 0.116 0.181 0.006 0.034 0.021 0.005 0.192 0.049 0.193 0.018 0.002 0.019 
 95      331    (0)   11 :  0.188 0.006 0.005 0.202 0.005 0.007 0.008 0.010 0.014 0.260 0.005 0.229 0.022 0.008 0.032 
 96      349    (0)   11 :  0.128 0.010 0.006 0.094 0.013 0.011 0.397 0.005 0.009 0.141 0.006 0.124 0.020 0.005 0.033 
 97      410    (0)   11 :  0.136 0.011 0.008 0.104 0.004 0.003 0.005 0.007 0.006 0.142 0.030 0.146 0.379 0.003 0.018 
 98      417    (2)   11 :  0.244 0.008 0.026 0.178 0.008 0.002 0.008 0.004 0.021 0.164 0.005 0.173 0.146 0.007 0.006 
 99      421    (0)   12 :  0.007 0.004 0.007 0.008 0.863 0.002 0.009 0.008 0.006 0.007 0.005 0.007 0.008 0.054 0.004 
100      423    (0)   12 :  0.169 0.010 0.006 0.185 0.004 0.008 0.023 0.003 0.020 0.285 0.003 0.242 0.031 0.003 0.010 
101      424    (0)   12 :  0.095 0.030 0.014 0.084 0.005 0.002 0.008 0.018 0.006 0.120 0.003 0.101 0.177 0.005 0.334 
102      433    (0)   12 :  0.177 0.004 0.004 0.114 0.133 0.002 0.003 0.032 0.187 0.068 0.016 0.084 0.167 0.003 0.007 
103      462    (0)   12 :  0.175 0.009 0.007 0.160 0.076 0.002 0.012 0.016 0.029 0.166 0.021 0.160 0.080 0.007 0.080 
104      463    (0)   12 :  0.172 0.006 0.011 0.161 0.006 0.003 0.053 0.006 0.014 0.234 0.003 0.184 0.122 0.019 0.007 
105      467    (0)   12 :  0.022 0.006 0.030 0.019 0.352 0.008 0.019 0.252 0.211 0.019 0.012 0.021 0.010 0.004 0.015 
106      468    (0)   12 :  0.009 0.008 0.016 0.009 0.089 0.003 0.771 0.011 0.024 0.008 0.002 0.009 0.007 0.027 0.008 
107      469    (0)   12 :  0.204 0.008 0.048 0.140 0.110 0.002 0.003 0.042 0.078 0.125 0.003 0.141 0.062 0.030 0.005 
108      472    (0)   12 :  0.212 0.003 0.007 0.253 0.035 0.005 0.006 0.004 0.019 0.177 0.008 0.206 0.042 0.014 0.008 
109      473    (0)   12 :  0.026 0.004 0.003 0.026 0.005 0.003 0.813 0.010 0.008 0.026 0.008 0.026 0.030 0.005 0.007 
110      474    (0)   12 :  0.003 0.003 0.005 0.003 0.004 0.001 0.013 0.004 0.943 0.003 0.006 0.003 0.004 0.002 0.004 
111      475    (0)   12 :  0.145 0.006 0.004 0.139 0.249 0.003 0.024 0.020 0.044 0.173 0.003 0.130 0.050 0.003 0.009 
112      476    (2)   12 :  0.005 0.005 0.003 0.005 0.004 0.008 0.016 0.011 0.912 0.005 0.010 0.005 0.003 0.002 0.004 
113      477    (0)   12 :  0.319 0.006 0.007 0.202 0.017 0.005 0.013 0.007 0.017 0.183 0.017 0.183 0.014 0.003 0.007 
114      478    (0)   12 :  0.172 0.052 0.012 0.140 0.019 0.002 0.004 0.190 0.012 0.191 0.003 0.174 0.011 0.003 0.015 
115      479    (0)   12 :  0.014 0.006 0.013 0.012 0.048 0.004 0.004 0.004 0.605 0.015 0.003 0.019 0.226 0.016 0.010 
116      480    (0)   12 :  0.007 0.004 0.003 0.006 0.900 0.002 0.019 0.022 0.009 0.007 0.002 0.006 0.007 0.001 0.005 
117      481    (0)   12 :  0.138 0.011 0.006 0.122 0.022 0.052 0.018 0.008 0.106 0.151 0.003 0.170 0.174 0.004 0.014 
118      482    (0)   12 :  0.130 0.005 0.004 0.151 0.021 0.002 0.004 0.134 0.008 0.150 0.051 0.143 0.103 0.077 0.017 
119      489    (0)   12 :  0.187 0.006 0.004 0.179 0.020 0.005 0.023 0.017 0.008 0.258 0.014 0.222 0.043 0.005 0.008 
120      490    (0)   12 :  0.015 0.009 0.017 0.022 0.009 0.003 0.003 0.023 0.006 0.020 0.003 0.022 0.830 0.005 0.012 
121      491    (0)   12 :  0.124 0.004 0.005 0.145 0.021 0.009 0.009 0.007 0.029 0.152 0.123 0.156 0.126 0.008 0.083 
122      492    (0)   12 :  0.012 0.038 0.012 0.012 0.005 0.003 0.021 0.012 0.832 0.011 0.009 0.012 0.009 0.003 0.007 
123      493    (0)   12 :  0.060 0.004 0.008 0.042 0.069 0.008 0.004 0.004 0.681 0.043 0.006 0.040 0.008 0.005 0.019 
124      494    (0)   12 :  0.091 0.004 0.005 0.082 0.240 0.026 0.010 0.010 0.034 0.121 0.035 0.104 0.212 0.010 0.017 
125      498    (0)   12 :  0.141 0.014 0.023 0.179 0.009 0.008 0.044 0.006 0.088 0.142 0.004 0.175 0.156 0.004 0.007 
126      499    (0)   12 :  0.159 0.006 0.011 0.234 0.008 0.004 0.006 0.024 0.023 0.223 0.007 0.209 0.035 0.003 0.049 
127      709    (0)   12 :  0.152 0.009 0.009 0.139 0.006 0.086 0.004 0.017 0.026 0.153 0.012 0.171 0.188 0.017 0.011 
128      710    (4)   12 :  0.239 0.004 0.006 0.195 0.164 0.006 0.006 0.005 0.018 0.145 0.002 0.173 0.024 0.009 0.003 
129      711    (2)   12 :  0.166 0.067 0.016 0.161 0.020 0.007 0.007 0.007 0.012 0.167 0.004 0.182 0.045 0.024 0.115 
130      712    (4)   12 :  0.010 0.007 0.006 0.008 0.008 0.002 0.003 0.007 0.006 0.010 0.003 0.009 0.908 0.004 0.009 
131      713    (0)   12 :  0.143 0.005 0.004 0.233 0.003 0.004 0.011 0.006 0.009 0.266 0.008 0.260 0.016 0.021 0.008 
132      714    (2)   12 :  0.025 0.008 0.011 0.028 0.399 0.016 0.037 0.018 0.375 0.023 0.002 0.026 0.008 0.005 0.020 
133      715    (4)   12 :  0.019 0.014 0.034 0.020 0.655 0.014 0.003 0.086 0.020 0.016 0.035 0.018 0.024 0.013 0.027 
134      716    (0)   12 :  0.023 0.005 0.003 0.019 0.134 0.003 0.004 0.016 0.737 0.016 0.004 0.018 0.010 0.005 0.004 
135      717    (2)   12 :  0.092 0.092 0.007 0.136 0.024 0.003 0.011 0.318 0.016 0.125 0.011 0.125 0.019 0.009 0.012 
136      718    (4)   12 :  0.032 0.006 0.011 0.017 0.025 0.002 0.004 0.004 0.018 0.046 0.002 0.038 0.764 0.009 0.018 
137      719    (0)   12 :  0.004 0.002 0.003 0.004 0.955 0.001 0.003 0.005 0.004 0.004 0.002 0.004 0.003 0.005 0.002 
138      720    (2)   12 :  0.132 0.006 0.007 0.089 0.485 0.002 0.014 0.062 0.027 0.058 0.014 0.076 0.008 0.009 0.010 
139      721    (0)   12 :  0.108 0.005 0.005 0.075 0.027 0.038 0.023 0.022 0.479 0.076 0.006 0.081 0.023 0.013 0.019 
140      722    (4)   12 :  0.024 0.006 0.011 0.018 0.565 0.002 0.087 0.170 0.055 0.008 0.002 0.013 0.012 0.022 0.006 
141      723    (0)   12 :  0.013 0.006 0.003 0.014 0.880 0.007 0.002 0.008 0.023 0.014 0.005 0.014 0.006 0.002 0.003 
142      724    (0)   12 :  0.018 0.011 0.013 0.018 0.661 0.005 0.010 0.013 0.133 0.018 0.009 0.016 0.009 0.060 0.007 
143      725    (0)   12 :  0.179 0.009 0.005 0.229 0.026 0.004 0.020 0.014 0.009 0.226 0.011 0.217 0.029 0.010 0.013 
144      726    (0)   12 :  0.205 0.003 0.004 0.156 0.013 0.006 0.032 0.014 0.208 0.162 0.005 0.158 0.018 0.010 0.007 
145      727    (0)   12 :  0.123 0.003 0.005 0.153 0.013 0.010 0.007 0.013 0.354 0.111 0.011 0.109 0.068 0.008 0.013 
146      728    (2)   12 :  0.216 0.014 0.008 0.214 0.011 0.113 0.003 0.010 0.010 0.174 0.006 0.189 0.012 0.010 0.011 
147      729    (6)   12 :  0.266 0.005 0.005 0.203 0.021 0.005 0.004 0.042 0.009 0.174 0.004 0.178 0.066 0.004 0.014 
148      730    (2)   12 :  0.044 0.010 0.011 0.052 0.036 0.007 0.002 0.036 0.008 0.044 0.005 0.050 0.670 0.014 0.012 
149      731    (2)   12 :  0.023 0.005 0.007 0.017 0.005 0.002 0.006 0.003 0.008 0.042 0.002 0.040 0.832 0.004 0.005 
150      732    (0)   12 :  0.198 0.011 0.009 0.217 0.013 0.003 0.008 0.016 0.150 0.144 0.006 0.196 0.014 0.006 0.009 
151      733    (0)   12 :  0.234 0.009 0.011 0.174 0.024 0.004 0.003 0.020 0.024 0.182 0.003 0.200 0.067 0.033 0.012 
152      734    (2)   12 :  0.170 0.007 0.009 0.181 0.006 0.009 0.004 0.055 0.025 0.160 0.087 0.157 0.071 0.001 0.058 
153      735    (4)   12 :  0.127 0.008 0.005 0.156 0.048 0.003 0.060 0.010 0.009 0.213 0.008 0.183 0.130 0.008 0.031 
154      736    (2)   12 :  0.119 0.005 0.005 0.139 0.006 0.019 0.004 0.006 0.023 0.144 0.024 0.118 0.368 0.003 0.018 
155      737    (0)   12 :  0.040 0.033 0.012 0.045 0.003 0.014 0.012 0.005 0.014 0.059 0.004 0.055 0.680 0.004 0.018 
156      738    (2)   12 :  0.084 0.005 0.009 0.118 0.007 0.003 0.004 0.006 0.013 0.131 0.005 0.140 0.380 0.003 0.092 
157      739    (8)   12 :  0.041 0.005 0.009 0.038 0.035 0.014 0.009 0.012 0.014 0.044 0.006 0.046 0.711 0.004 0.012 
158      740    (4)   12 :  0.057 0.005 0.005 0.035 0.078 0.002 0.004 0.006 0.030 0.079 0.003 0.078 0.601 0.015 0.004 
159      741    (2)   12 :  0.123 0.081 0.056 0.116 0.016 0.002 0.026 0.067 0.016 0.153 0.019 0.146 0.144 0.024 0.010 
160      742    (4)   12 :  0.106 0.020 0.012 0.109 0.015 0.006 0.006 0.006 0.012 0.124 0.005 0.115 0.382 0.002 0.080 
161      743    (2)   12 :  0.015 0.004 0.007 0.015 0.080 0.002 0.003 0.763 0.044 0.014 0.013 0.015 0.011 0.003 0.008 
162      744    (0)   12 :  0.179 0.005 0.004 0.159 0.114 0.035 0.004 0.009 0.047 0.210 0.004 0.185 0.034 0.003 0.007 
163      745    (0)   12 :  0.098 0.027 0.045 0.089 0.380 0.014 0.009 0.040 0.010 0.119 0.005 0.116 0.023 0.016 0.007 
164      746    (2)   12 :  0.140 0.038 0.004 0.127 0.011 0.004 0.004 0.003 0.007 0.124 0.006 0.145 0.367 0.010 0.011 
165      747    (2)   12 :  0.068 0.008 0.034 0.070 0.015 0.006 0.016 0.004 0.015 0.073 0.024 0.066 0.534 0.006 0.061 
166      748    (0)   12 :  0.115 0.035 0.092 0.104 0.006 0.006 0.120 0.004 0.124 0.118 0.017 0.126 0.036 0.016 0.081 
167      749    (2)   12 :  0.179 0.007 0.007 0.171 0.006 0.013 0.003 0.018 0.003 0.219 0.020 0.223 0.034 0.033 0.063 
168      750    (4)   12 :  0.182 0.020 0.008 0.161 0.007 0.005 0.005 0.048 0.007 0.228 0.005 0.209 0.097 0.006 0.012 
169      751    (0)   12 :  0.177 0.008 0.010 0.139 0.013 0.016 0.012 0.024 0.008 0.241 0.007 0.227 0.049 0.008 0.059 
170      752    (2)   12 :  0.008 0.005 0.012 0.007 0.090 0.001 0.782 0.010 0.042 0.007 0.003 0.007 0.017 0.003 0.006 
171      753    (4)   12 :  0.176 0.006 0.025 0.181 0.053 0.011 0.060 0.009 0.017 0.200 0.031 0.162 0.016 0.014 0.040 
172      754    (2)   12 :  0.005 0.003 0.003 0.005 0.003 0.003 0.003 0.009 0.006 0.005 0.003 0.005 0.939 0.002 0.004 
173      155    (0)   13 :  0.159 0.007 0.024 0.177 0.008 0.004 0.005 0.011 0.029 0.257 0.043 0.246 0.016 0.006 0.008 
174      156    (2)   13 :  0.187 0.007 0.013 0.210 0.009 0.115 0.004 0.033 0.005 0.207 0.005 0.173 0.019 0.006 0.008 
175      157    (2)   13 :  0.021 0.005 0.004 0.018 0.007 0.002 0.020 0.021 0.005 0.017 0.009 0.017 0.843 0.004 0.006 
176      158    (0)   13 :  0.203 0.009 0.007 0.256 0.026 0.004 0.003 0.005 0.023 0.179 0.007 0.218 0.021 0.006 0.033 
177      159    (0)   13 :  0.125 0.007 0.012 0.154 0.013 0.012 0.013 0.005 0.034 0.171 0.003 0.179 0.147 0.114 0.011 
178      160    (0)   13 :  0.027 0.003 0.015 0.022 0.014 0.003 0.005 0.015 0.701 0.023 0.010 0.023 0.105 0.004 0.031 
179      161    (0)   13 :  0.181 0.003 0.004 0.112 0.009 0.003 0.009 0.021 0.032 0.093 0.010 0.125 0.376 0.010 0.010 
180      162    (0)   13 :  0.101 0.006 0.008 0.229 0.030 0.005 0.014 0.094 0.154 0.155 0.005 0.175 0.005 0.002 0.015 
181      163    (2)   13 :  0.175 0.007 0.003 0.168 0.006 0.009 0.012 0.015 0.004 0.242 0.003 0.181 0.128 0.002 0.045 
182      164    (0)   13 :  0.144 0.010 0.046 0.194 0.024 0.003 0.039 0.008 0.008 0.203 0.021 0.194 0.087 0.005 0.014 
183      165    (2)   13 :  0.218 0.005 0.005 0.346 0.004 0.004 0.004 0.005 0.005 0.145 0.004 0.175 0.073 0.004 0.003 
184      427    (0)   13 :  0.012 0.003 0.006 0.012 0.763 0.009 0.004 0.014 0.016 0.012 0.094 0.012 0.007 0.022 0.015 
185      428    (0)   13 :  0.013 0.005 0.007 0.011 0.818 0.003 0.021 0.006 0.040 0.010 0.004 0.010 0.004 0.014 0.034 
186      429    (0)   13 :  0.010 0.008 0.005 0.009 0.372 0.003 0.008 0.536 0.009 0.010 0.003 0.010 0.005 0.007 0.005 
187      430    (0)   13 :  0.153 0.046 0.023 0.130 0.011 0.002 0.028 0.029 0.151 0.160 0.004 0.155 0.034 0.005 0.068 
188      431    (0)   13 :  0.037 0.024 0.046 0.028 0.162 0.002 0.006 0.201 0.390 0.030 0.005 0.036 0.014 0.007 0.012 
189      435    (0)   13 :  0.008 0.004 0.003 0.007 0.580 0.002 0.008 0.303 0.053 0.007 0.002 0.007 0.007 0.003 0.004 
190      436    (0)   13 :  0.006 0.004 0.007 0.005 0.157 0.002 0.003 0.026 0.762 0.005 0.003 0.005 0.004 0.007 0.003 
191      437    (0)   13 :  0.044 0.007 0.058 0.036 0.147 0.002 0.008 0.009 0.596 0.021 0.005 0.025 0.009 0.029 0.005 
192      438    (0)   13 :  0.071 0.021 0.036 0.045 0.504 0.008 0.043 0.011 0.146 0.028 0.002 0.037 0.017 0.014 0.017 
193      439    (0)   13 :  0.089 0.033 0.010 0.087 0.188 0.006 0.042 0.036 0.091 0.106 0.004 0.105 0.181 0.004 0.016 
194      441    (0)   13 :  0.003 0.004 0.003 0.003 0.005 0.001 0.958 0.003 0.004 0.003 0.003 0.003 0.002 0.001 0.003 
195      442    (0)   13 :  0.025 0.003 0.011 0.016 0.583 0.006 0.016 0.088 0.009 0.017 0.190 0.017 0.005 0.003 0.011 
196      443    (4)   13 :  0.006 0.004 0.009 0.006 0.911 0.002 0.012 0.004 0.008 0.006 0.002 0.006 0.011 0.003 0.011 
197      444    (4)   13 :  0.006 0.003 0.006 0.008 0.913 0.004 0.002 0.010 0.006 0.007 0.008 0.006 0.005 0.008 0.007 
198      445    (2)   13 :  0.206 0.005 0.043 0.124 0.367 0.007 0.011 0.006 0.023 0.074 0.004 0.110 0.008 0.010 0.004 
199      446    (0)   13 :  0.004 0.003 0.002 0.004 0.006 0.003 0.002 0.950 0.005 0.004 0.004 0.004 0.004 0.002 0.004 
200      447    (0)   13 :  0.021 0.004 0.022 0.021 0.513 0.004 0.003 0.283 0.047 0.020 0.006 0.021 0.018 0.007 0.008 
201      449    (0)   13 :  0.004 0.004 0.005 0.004 0.944 0.002 0.003 0.005 0.009 0.003 0.005 0.004 0.003 0.003 0.003 
202      460    (0)   13 :  0.041 0.008 0.018 0.040 0.527 0.002 0.144 0.105 0.020 0.029 0.006 0.034 0.010 0.007 0.007 
203      461    (0)   13 :  0.103 0.015 0.022 0.079 0.129 0.002 0.006 0.022 0.255 0.087 0.008 0.099 0.116 0.008 0.049 
204      484    (0)   13 :  0.073 0.180 0.122 0.071 0.037 0.008 0.016 0.071 0.006 0.076 0.013 0.080 0.062 0.004 0.181 
205      485    (0)   13 :  0.020 0.004 0.004 0.017 0.800 0.002 0.011 0.012 0.074 0.014 0.004 0.016 0.016 0.002 0.003 
206      486    (0)   13 :  0.002 0.002 0.002 0.002 0.002 0.001 0.974 0.002 0.002 0.002 0.002 0.002 0.002 0.002 0.002 
207      487    (0)   13 :  0.064 0.007 0.006 0.066 0.327 0.003 0.011 0.110 0.194 0.076 0.011 0.077 0.028 0.006 0.013 
208      178    (0)   14 :  0.162 0.003 0.004 0.125 0.123 0.005 0.009 0.038 0.262 0.109 0.006 0.112 0.030 0.003 0.010 
209      422    (0)   14 :  0.014 0.006 0.017 0.013 0.515 0.003 0.004 0.314 0.041 0.012 0.003 0.013 0.035 0.003 0.006 
210      425    (0)   14 :  0.016 0.002 0.005 0.017 0.045 0.001 0.005 0.704 0.140 0.018 0.003 0.018 0.013 0.006 0.007 
211      426    (0)   14 :  0.086 0.005 0.004 0.080 0.015 0.128 0.004 0.095 0.064 0.102 0.024 0.110 0.054 0.003 0.226 
212      432    (0)   14 :  0.140 0.009 0.010 0.095 0.291 0.008 0.010 0.028 0.020 0.169 0.009 0.148 0.016 0.009 0.038 
213      434    (0)   14 :  0.003 0.004 0.003 0.003 0.005 0.002 0.002 0.956 0.003 0.003 0.003 0.003 0.003 0.004 0.003 
214      440    (0)   14 :  0.114 0.007 0.004 0.088 0.062 0.003 0.028 0.359 0.107 0.082 0.013 0.087 0.009 0.002 0.034 
215      448    (2)   14 :  0.009 0.025 0.010 0.008 0.831 0.002 0.006 0.019 0.007 0.007 0.012 0.007 0.011 0.035 0.010 
216      456    (0)   14 :  0.141 0.083 0.071 0.133 0.030 0.003 0.005 0.031 0.181 0.136 0.009 0.145 0.010 0.004 0.019 
217      457    (0)   14 :  0.082 0.029 0.017 0.064 0.295 0.006 0.034 0.037 0.205 0.090 0.005 0.092 0.015 0.008 0.021 
218      458    (0)   14 :  0.065 0.005 0.012 0.051 0.022 0.007 0.010 0.032 0.472 0.061 0.018 0.069 0.123 0.005 0.047 
219      459    (0)   14 :  0.017 0.004 0.008 0.015 0.861 0.003 0.008 0.011 0.011 0.013 0.005 0.014 0.015 0.002 0.012 
220      464    (0)   14 :  0.027 0.004 0.004 0.028 0.559 0.005 0.014 0.092 0.192 0.022 0.011 0.025 0.008 0.003 0.006 
221      465    (0)   14 :  0.008 0.006 0.004 0.008 0.010 0.001 0.007 0.424 0.496 0.007 0.002 0.008 0.013 0.002 0.003 
222      466    (0)   14 :  0.144 0.007 0.023 0.085 0.441 0.002 0.016 0.046 0.059 0.047 0.004 0.080 0.021 0.016 0.009 
223      470    (0)   14 :  0.007 0.006 0.004 0.007 0.430 0.002 0.104 0.020 0.373 0.009 0.006 0.008 0.009 0.003 0.012 
224      471    (0)   14 :  0.032 0.031 0.008 0.036 0.195 0.037 0.006 0.470 0.021 0.039 0.004 0.040 0.010 0.024 0.048 
225      483    (0)   14 :  0.005 0.003 0.004 0.005 0.010 0.002 0.004 0.926 0.004 0.005 0.006 0.005 0.012 0.002 0.007 
226      488    (0)   14 :  0.007 0.003 0.007 0.007 0.011 0.002 0.005 0.003 0.923 0.006 0.004 0.006 0.010 0.002 0.005 
227      495    (0)   14 :  0.009 0.017 0.014 0.009 0.027 0.001 0.003 0.816 0.053 0.010 0.003 0.010 0.019 0.002 0.007 
228      496    (0)   14 :  0.008 0.004 0.002 0.011 0.012 0.002 0.004 0.044 0.872 0.008 0.002 0.009 0.012 0.005 0.005 
229      497    (0)   14 :  0.008 0.023 0.005 0.007 0.012 0.002 0.003 0.881 0.005 0.008 0.028 0.007 0.004 0.004 0.002 
230      500    (0)   14 :  0.087 0.029 0.383 0.087 0.044 0.004 0.037 0.007 0.050 0.091 0.003 0.087 0.070 0.015 0.007 
231      879    (0)   14 :  0.004 0.002 0.003 0.004 0.009 0.002 0.005 0.944 0.004 0.004 0.006 0.004 0.004 0.001 0.006 
232      036    (0)   15 :  0.163 0.004 0.006 0.192 0.016 0.005 0.005 0.008 0.014 0.265 0.002 0.275 0.027 0.012 0.005 
233      063    (2)   15 :  0.187 0.031 0.013 0.223 0.027 0.004 0.009 0.009 0.015 0.170 0.015 0.191 0.061 0.003 0.042 
234      094    (4)   15 :  0.096 0.013 0.064 0.074 0.020 0.005 0.006 0.007 0.139 0.092 0.009 0.093 0.354 0.011 0.016 
235      103    (4)   15 :  0.213 0.017 0.004 0.342 0.006 0.002 0.006 0.005 0.005 0.146 0.004 0.168 0.074 0.004 0.003 
236      112    (0)   15 :  0.115 0.007 0.007 0.134 0.006 0.004 0.010 0.007 0.006 0.123 0.006 0.122 0.408 0.003 0.043 
237      114    (2)   15 :  0.149 0.004 0.005 0.187 0.011 0.003 0.014 0.012 0.052 0.211 0.004 0.216 0.119 0.008 0.005 
238      120    (0)   15 :  0.038 0.007 0.016 0.033 0.007 0.003 0.007 0.007 0.052 0.035 0.004 0.045 0.717 0.013 0.017 
239      127    (2)   15 :  0.156 0.005 0.008 0.101 0.004 0.003 0.083 0.006 0.128 0.188 0.006 0.182 0.050 0.005 0.075 
240      147    (0)   15 :  0.155 0.005 0.002 0.125 0.012 0.052 0.007 0.012 0.009 0.184 0.006 0.194 0.032 0.005 0.199 
241      166    (0)   15 :  0.138 0.009 0.004 0.151 0.022 0.033 0.004 0.006 0.113 0.175 0.020 0.170 0.052 0.003 0.103 
242      167    (0)   15 :  0.108 0.051 0.006 0.235 0.013 0.005 0.016 0.123 0.079 0.148 0.004 0.169 0.025 0.010 0.006 
243      168    (0)   15 :  0.177 0.004 0.004 0.231 0.012 0.003 0.003 0.007 0.008 0.253 0.005 0.254 0.021 0.015 0.003 
244      169    (2)   15 :  0.111 0.006 0.009 0.181 0.046 0.005 0.004 0.092 0.148 0.143 0.004 0.148 0.048 0.006 0.047 
245      170    (0)   15 :  0.193 0.005 0.014 0.171 0.011 0.005 0.023 0.008 0.005 0.221 0.034 0.184 0.106 0.004 0.015 
246      171    (2)   15 :  0.192 0.009 0.058 0.277 0.006 0.010 0.003 0.005 0.005 0.211 0.004 0.171 0.022 0.003 0.023 
247      172    (0)   15 :  0.037 0.013 0.016 0.031 0.007 0.013 0.002 0.015 0.044 0.040 0.005 0.040 0.704 0.013 0.020 
248      185    (0)   15 :  0.162 0.009 0.004 0.270 0.062 0.005 0.016 0.030 0.014 0.180 0.005 0.198 0.013 0.002 0.029 
249      199    (2)   15 :  0.164 0.003 0.005 0.161 0.007 0.005 0.009 0.004 0.024 0.208 0.224 0.163 0.009 0.007 0.007 
250      339    (0)   15 :  0.079 0.013 0.005 0.183 0.013 0.006 0.006 0.140 0.298 0.104 0.007 0.125 0.008 0.002 0.009 
251      355    (0)   15 :  0.181 0.005 0.003 0.191 0.004 0.015 0.004 0.003 0.004 0.279 0.082 0.211 0.007 0.002 0.008 
252      356    (0)   15 :  0.040 0.003 0.003 0.044 0.005 0.004 0.026 0.006 0.026 0.038 0.006 0.057 0.729 0.007 0.006 
253      357    (0)   15 :  0.175 0.004 0.007 0.145 0.007 0.013 0.021 0.007 0.031 0.185 0.020 0.173 0.182 0.009 0.019 
254      358    (0)   15 :  0.218 0.042 0.008 0.147 0.011 0.007 0.019 0.007 0.008 0.262 0.004 0.247 0.008 0.002 0.010 
255      359    (0)   15 :  0.144 0.019 0.004 0.146 0.005 0.002 0.003 0.015 0.007 0.174 0.010 0.167 0.281 0.002 0.021 
256      360    (0)   15 :  0.199 0.004 0.014 0.203 0.017 0.011 0.006 0.022 0.021 0.227 0.005 0.222 0.023 0.006 0.022 
257      361    (0)   15 :  0.028 0.006 0.005 0.022 0.015 0.002 0.005 0.047 0.040 0.026 0.003 0.024 0.762 0.004 0.012 
258      362    (0)   15 :  0.094 0.011 0.221 0.101 0.021 0.005 0.004 0.121 0.021 0.133 0.006 0.136 0.050 0.002 0.075 
259      363    (0)   15 :  0.106 0.010 0.006 0.100 0.015 0.013 0.010 0.007 0.017 0.136 0.047 0.117 0.033 0.005 0.377 
260      364    (0)   15 :  0.118 0.009 0.233 0.099 0.008 0.004 0.020 0.004 0.110 0.135 0.057 0.121 0.062 0.004 0.016 
261      365    (0)   15 :  0.232 0.005 0.009 0.184 0.026 0.017 0.009 0.008 0.097 0.182 0.003 0.198 0.022 0.002 0.006 
262      366    (0)   15 :  0.199 0.012 0.004 0.134 0.004 0.030 0.003 0.004 0.011 0.238 0.003 0.252 0.089 0.002 0.015 
263      367    (0)   15 :  0.190 0.019 0.012 0.170 0.008 0.010 0.032 0.005 0.005 0.288 0.003 0.232 0.016 0.006 0.006 
264      368    (0)   15 :  0.181 0.015 0.020 0.218 0.004 0.015 0.049 0.004 0.005 0.269 0.004 0.196 0.008 0.008 0.006 
265      369    (0)   15 :  0.206 0.005 0.003 0.219 0.004 0.004 0.003 0.005 0.005 0.287 0.005 0.230 0.013 0.002 0.008 
266      370    (0)   15 :  0.116 0.030 0.005 0.103 0.009 0.014 0.004 0.008 0.018 0.129 0.007 0.148 0.384 0.009 0.015 
267      371    (0)   15 :  0.204 0.009 0.015 0.194 0.010 0.003 0.003 0.008 0.007 0.285 0.007 0.234 0.010 0.006 0.004 
268      372    (0)   15 :  0.013 0.003 0.012 0.014 0.458 0.004 0.002 0.010 0.061 0.014 0.330 0.014 0.013 0.003 0.049 
269      373    (0)   15 :  0.264 0.008 0.005 0.223 0.012 0.003 0.002 0.011 0.009 0.146 0.044 0.177 0.087 0.003 0.005 
270      380    (0)   15 :  0.196 0.009 0.016 0.178 0.008 0.006 0.002 0.005 0.041 0.189 0.011 0.196 0.065 0.039 0.037 
271      388    (0)   15 :  0.123 0.010 0.009 0.110 0.006 0.007 0.003 0.006 0.007 0.136 0.019 0.144 0.391 0.004 0.024 
272      418    (0)   15 :  0.297 0.004 0.013 0.196 0.008 0.006 0.007 0.004 0.011 0.157 0.047 0.187 0.024 0.025 0.014 
273      419    (0)   15 :  0.325 0.005 0.005 0.218 0.014 0.005 0.008 0.006 0.010 0.172 0.003 0.197 0.018 0.009 0.006 
274      420    (0)   15 :  0.183 0.012 0.043 0.160 0.045 0.043 0.010 0.017 0.031 0.146 0.062 0.155 0.075 0.003 0.015 
275      409    (0)   16 :  0.211 0.006 0.008 0.183 0.019 0.002 0.008 0.006 0.026 0.178 0.004 0.169 0.056 0.112 0.012 
276      414    (0)   16 :  0.248 0.008 0.016 0.251 0.006 0.002 0.008 0.012 0.011 0.200 0.007 0.190 0.009 0.016 0.015 
277      415    (2)   16 :  0.206 0.010 0.006 0.200 0.004 0.004 0.029 0.007 0.010 0.238 0.013 0.224 0.034 0.004 0.011 
278      416    (0)   16 :  0.273 0.026 0.023 0.167 0.020 0.003 0.004 0.012 0.022 0.161 0.010 0.184 0.008 0.075 0.010 
279      571    (0)    2 :  0.007 0.019 0.836 0.007 0.021 0.004 0.031 0.014 0.008 0.007 0.004 0.007 0.005 0.004 0.028 
280      572    (0)    2 :  0.017 0.049 0.799 0.017 0.003 0.006 0.012 0.004 0.003 0.016 0.004 0.016 0.007 0.008 0.039 
281      573    (2)    2 :  0.007 0.006 0.930 0.006 0.005 0.001 0.009 0.005 0.004 0.007 0.003 0.006 0.004 0.004 0.003 
282      574    (0)    2 :  0.011 0.010 0.890 0.011 0.005 0.003 0.004 0.008 0.007 0.012 0.002 0.011 0.006 0.014 0.005 
283      575    (2)    2 :  0.016 0.016 0.804 0.015 0.009 0.008 0.006 0.005 0.005 0.015 0.008 0.016 0.007 0.006 0.064 
284      576    (0)    2 :  0.003 0.005 0.960 0.003 0.003 0.001 0.003 0.003 0.003 0.003 0.002 0.003 0.002 0.003 0.003 
285      577    (0)    2 :  0.009 0.017 0.888 0.009 0.005 0.002 0.011 0.012 0.007 0.007 0.008 0.008 0.004 0.008 0.006 
286      578    (0)    2 :  0.004 0.004 0.896 0.004 0.005 0.002 0.004 0.006 0.006 0.004 0.008 0.004 0.003 0.049 0.004 
287      579    (0)    2 :  0.004 0.003 0.933 0.004 0.007 0.002 0.002 0.007 0.011 0.004 0.004 0.004 0.003 0.008 0.004 
288      580    (0)    2 :  0.003 0.004 0.959 0.003 0.003 0.002 0.003 0.005 0.003 0.003 0.002 0.003 0.003 0.003 0.003 
289      581    (0)    2 :  0.003 0.007 0.935 0.003 0.005 0.003 0.002 0.007 0.005 0.003 0.002 0.003 0.002 0.016 0.003 
290      582    (4)    2 :  0.021 0.013 0.748 0.028 0.014 0.052 0.002 0.024 0.013 0.021 0.018 0.022 0.013 0.003 0.007 
291      583    (0)    2 :  0.080 0.011 0.476 0.083 0.010 0.010 0.015 0.045 0.019 0.081 0.015 0.093 0.023 0.004 0.035 
292      584    (0)    2 :  0.008 0.007 0.840 0.008 0.031 0.003 0.005 0.040 0.007 0.008 0.007 0.008 0.007 0.014 0.007 
293      585    (0)    2 :  0.004 0.011 0.923 0.005 0.005 0.002 0.010 0.011 0.007 0.004 0.002 0.004 0.003 0.002 0.006 
294      586    (2)    2 :  0.004 0.008 0.926 0.004 0.006 0.003 0.004 0.007 0.006 0.004 0.010 0.004 0.003 0.004 0.006 
295      587    (0)    2 :  0.003 0.004 0.953 0.003 0.003 0.002 0.002 0.004 0.004 0.003 0.002 0.003 0.003 0.009 0.003 
296      588    (0)    2 :  0.022 0.009 0.805 0.026 0.012 0.010 0.021 0.005 0.007 0.024 0.011 0.021 0.009 0.005 0.012 
297      589    (0)    2 :  0.029 0.012 0.680 0.034 0.042 0.005 0.005 0.021 0.007 0.030 0.019 0.031 0.011 0.021 0.053 
298      590    (0)    2 :  0.006 0.046 0.776 0.007 0.006 0.010 0.054 0.006 0.015 0.006 0.012 0.006 0.005 0.040 0.003 
299      527    (2)    3 :  0.009 0.028 0.873 0.010 0.006 0.005 0.011 0.010 0.010 0.008 0.011 0.008 0.004 0.002 0.006 
300      528    (4)    3 :  0.027 0.096 0.392 0.022 0.004 0.003 0.004 0.005 0.016 0.025 0.009 0.023 0.021 0.019 0.335 
301      529    (4)    3 :  0.018 0.015 0.713 0.017 0.014 0.009 0.006 0.021 0.018 0.016 0.004 0.019 0.009 0.016 0.104 
302      530    (0)    3 :  0.007 0.010 0.906 0.008 0.003 0.005 0.006 0.003 0.003 0.008 0.005 0.008 0.013 0.004 0.012 
303      531    (2)    3 :  0.007 0.011 0.887 0.007 0.006 0.006 0.003 0.004 0.005 0.007 0.004 0.007 0.010 0.011 0.024 
304      532    (4)    3 :  0.012 0.022 0.752 0.011 0.003 0.002 0.032 0.005 0.004 0.013 0.002 0.013 0.019 0.003 0.104 
305      533    (0)    3 :  0.088 0.046 0.551 0.075 0.007 0.003 0.002 0.030 0.022 0.047 0.002 0.058 0.031 0.026 0.014 
306      534    (2)    3 :  0.009 0.097 0.819 0.008 0.005 0.002 0.003 0.005 0.005 0.009 0.006 0.009 0.006 0.013 0.007 
307      535    (2)    3 :  0.012 0.010 0.861 0.011 0.007 0.005 0.012 0.005 0.009 0.013 0.002 0.012 0.010 0.004 0.026 
308      536    (2)    3 :  0.006 0.011 0.890 0.006 0.005 0.013 0.004 0.006 0.003 0.006 0.002 0.006 0.008 0.030 0.003 
309      537    (2)    3 :  0.007 0.007 0.905 0.007 0.009 0.002 0.002 0.008 0.007 0.007 0.013 0.007 0.004 0.008 0.007 
310      538    (2)    3 :  0.041 0.055 0.659 0.045 0.009 0.002 0.004 0.026 0.027 0.040 0.004 0.039 0.041 0.003 0.005 
311      539    (2)    3 :  0.006 0.174 0.769 0.005 0.003 0.002 0.003 0.002 0.008 0.005 0.002 0.005 0.004 0.004 0.006 
312      540    (2)    3 :  0.017 0.015 0.843 0.015 0.017 0.001 0.005 0.007 0.011 0.015 0.002 0.015 0.019 0.011 0.006 
313      541    (2)    3 :  0.010 0.070 0.745 0.009 0.030 0.002 0.005 0.026 0.010 0.010 0.003 0.010 0.017 0.008 0.045 
314      542    (2)    3 :  0.021 0.079 0.675 0.018 0.020 0.005 0.005 0.018 0.069 0.018 0.009 0.020 0.017 0.010 0.015 
315      543    (0)    3 :  0.061 0.048 0.572 0.047 0.043 0.002 0.004 0.014 0.014 0.064 0.016 0.064 0.019 0.022 0.010 
316      544    (2)    3 :  0.004 0.027 0.927 0.004 0.003 0.002 0.002 0.004 0.003 0.004 0.002 0.004 0.007 0.005 0.003 
317      545    (2)    3 :  0.009 0.869 0.031 0.014 0.004 0.001 0.010 0.011 0.015 0.009 0.002 0.009 0.006 0.005 0.005 
318      546    (4)    3 :  0.022 0.822 0.017 0.031 0.003 0.002 0.015 0.010 0.021 0.018 0.002 0.021 0.007 0.005 0.005 
319      547    (6)    3 :  0.035 0.011 0.658 0.034 0.013 0.017 0.036 0.024 0.009 0.043 0.033 0.040 0.028 0.010 0.009 
320      019    (0)    4 :  0.008 0.798 0.065 0.008 0.031 0.004 0.003 0.032 0.004 0.008 0.004 0.007 0.006 0.007 0.016 
321      064    (0)    4 :  0.002 0.943 0.026 0.002 0.003 0.001 0.003 0.003 0.002 0.002 0.002 0.002 0.002 0.002 0.002 
322      065    (0)    4 :  0.003 0.032 0.933 0.002 0.003 0.001 0.002 0.004 0.002 0.002 0.002 0.002 0.003 0.005 0.003 
323      066    (0)    4 :  0.012 0.622 0.255 0.011 0.013 0.002 0.012 0.018 0.009 0.012 0.003 0.012 0.009 0.006 0.005 
324      067    (0)    4 :  0.008 0.866 0.010 0.008 0.012 0.006 0.004 0.026 0.005 0.008 0.009 0.008 0.005 0.008 0.015 
325      068    (0)    4 :  0.009 0.031 0.817 0.009 0.009 0.002 0.020 0.010 0.012 0.009 0.030 0.009 0.008 0.008 0.018 
326      069    (0)    4 :  0.006 0.814 0.102 0.006 0.005 0.001 0.016 0.003 0.008 0.005 0.004 0.005 0.006 0.011 0.007 
327      107    (0)    4 :  0.004 0.537 0.407 0.005 0.008 0.002 0.006 0.005 0.005 0.005 0.003 0.005 0.003 0.003 0.005 
328      110    (0)    4 :  0.002 0.961 0.003 0.002 0.002 0.003 0.003 0.003 0.002 0.002 0.002 0.002 0.003 0.002 0.008 
329      121    (0)    4 :  0.004 0.026 0.914 0.004 0.004 0.002 0.003 0.008 0.005 0.004 0.003 0.004 0.003 0.002 0.012 
330      137    (0)    4 :  0.008 0.904 0.007 0.009 0.007 0.010 0.005 0.009 0.007 0.009 0.002 0.009 0.005 0.005 0.004 
331      146    (0)    4 :  0.011 0.622 0.228 0.012 0.005 0.003 0.002 0.007 0.005 0.011 0.004 0.011 0.054 0.020 0.006 
332      149    (0)    4 :  0.004 0.942 0.005 0.004 0.005 0.003 0.002 0.008 0.004 0.004 0.002 0.005 0.004 0.002 0.005 
333      154    (0)    4 :  0.006 0.723 0.053 0.007 0.006 0.002 0.003 0.008 0.005 0.007 0.016 0.007 0.004 0.148 0.005 
334      179    (0)    4 :  0.004 0.614 0.328 0.004 0.005 0.002 0.007 0.004 0.006 0.004 0.004 0.004 0.004 0.004 0.004 
335      181    (0)    4 :  0.005 0.801 0.155 0.004 0.003 0.002 0.002 0.003 0.003 0.004 0.002 0.005 0.003 0.004 0.003 
336      182    (0)    4 :  0.013 0.130 0.716 0.012 0.005 0.003 0.017 0.010 0.005 0.014 0.014 0.012 0.014 0.007 0.030 
337      186    (0)    4 :  0.017 0.643 0.117 0.016 0.008 0.006 0.008 0.009 0.014 0.020 0.004 0.018 0.026 0.005 0.091 
338      193    (0)    4 :  0.009 0.492 0.417 0.008 0.014 0.002 0.005 0.006 0.004 0.008 0.004 0.008 0.008 0.008 0.007 
339      320    (0)    4 :  0.006 0.893 0.026 0.006 0.004 0.003 0.003 0.009 0.004 0.006 0.010 0.006 0.009 0.009 0.007 
340      341    (0)    4 :  0.006 0.049 0.873 0.006 0.008 0.002 0.006 0.012 0.009 0.006 0.003 0.006 0.007 0.003 0.004 
341      376    (0)    4 :  0.013 0.302 0.548 0.011 0.006 0.003 0.024 0.004 0.007 0.013 0.003 0.013 0.016 0.010 0.026 
342      395    (0)    4 :  0.007 0.692 0.144 0.007 0.019 0.006 0.004 0.005 0.025 0.007 0.004 0.007 0.006 0.055 0.013 
343      396    (0)    4 :  0.003 0.042 0.917 0.003 0.003 0.003 0.005 0.003 0.004 0.003 0.002 0.003 0.004 0.003 0.002 
344      397    (0)    4 :  0.005 0.095 0.833 0.005 0.004 0.010 0.002 0.004 0.003 0.006 0.007 0.006 0.004 0.011 0.005 
345      398    (0)    4 :  0.005 0.497 0.376 0.005 0.006 0.004 0.005 0.003 0.002 0.006 0.004 0.006 0.009 0.059 0.012 
346      399    (0)    4 :  0.005 0.008 0.926 0.005 0.003 0.002 0.007 0.006 0.004 0.005 0.003 0.005 0.007 0.002 0.013 
347      400    (0)    4 :  0.006 0.901 0.020 0.006 0.003 0.002 0.010 0.004 0.003 0.006 0.002 0.006 0.013 0.006 0.011 
348      401    (0)    4 :  0.010 0.831 0.078 0.010 0.005 0.003 0.008 0.008 0.006 0.011 0.002 0.011 0.009 0.005 0.004 
349      402    (0)    4 :  0.003 0.957 0.003 0.003 0.002 0.002 0.003 0.002 0.003 0.003 0.003 0.003 0.003 0.002 0.006 
350      403    (0)    4 :  0.010 0.447 0.390 0.010 0.010 0.012 0.010 0.026 0.011 0.009 0.004 0.010 0.028 0.004 0.020 
351      073    (0)    5 :  0.004 0.006 0.942 0.004 0.007 0.002 0.003 0.006 0.005 0.004 0.002 0.004 0.004 0.002 0.006 
352      074    (0)    5 :  0.007 0.005 0.897 0.007 0.005 0.002 0.002 0.004 0.004 0.008 0.005 0.007 0.004 0.040 0.003 
353      075    (0)    5 :  0.006 0.011 0.914 0.006 0.005 0.003 0.002 0.008 0.009 0.005 0.004 0.005 0.009 0.007 0.006 
354      076    (0)    5 :  0.007 0.010 0.901 0.007 0.004 0.005 0.003 0.010 0.010 0.007 0.007 0.007 0.005 0.005 0.013 
355      077    (0)    5 :  0.008 0.014 0.891 0.009 0.014 0.003 0.006 0.007 0.009 0.008 0.008 0.008 0.005 0.004 0.006 
356      078    (0)    5 :  0.031 0.011 0.793 0.040 0.007 0.005 0.004 0.008 0.010 0.024 0.005 0.026 0.026 0.005 0.005 
357      079    (0)    5 :  0.012 0.013 0.890 0.011 0.005 0.001 0.009 0.010 0.007 0.012 0.002 0.012 0.007 0.003 0.007 
358      080    (0)    5 :  0.006 0.006 0.912 0.006 0.003 0.002 0.004 0.007 0.003 0.006 0.018 0.006 0.004 0.003 0.014 
359      081    (0)    5 :  0.012 0.050 0.787 0.011 0.052 0.015 0.004 0.007 0.009 0.011 0.004 0.012 0.005 0.013 0.008 
360      082    (0)    5 :  0.003 0.022 0.933 0.003 0.003 0.002 0.005 0.002 0.002 0.003 0.003 0.004 0.004 0.003 0.006 
361      083    (0)    5 :  0.008 0.029 0.891 0.008 0.004 0.003 0.009 0.004 0.005 0.008 0.002 0.008 0.005 0.011 0.006 
362      084    (0)    5 :  0.006 0.014 0.816 0.006 0.010 0.006 0.002 0.011 0.006 0.005 0.002 0.005 0.004 0.103 0.003 
363      085    (0)    5 :  0.018 0.066 0.505 0.015 0.035 0.015 0.018 0.009 0.260 0.014 0.003 0.015 0.010 0.010 0.007 
364      404    (0)    5 :  0.004 0.010 0.917 0.004 0.005 0.003 0.003 0.006 0.004 0.004 0.003 0.004 0.005 0.021 0.005 
365      405    (0)    5 :  0.006 0.006 0.922 0.006 0.012 0.010 0.002 0.005 0.004 0.005 0.002 0.006 0.005 0.005 0.004 
366      406    (0)    5 :  0.010 0.005 0.904 0.012 0.004 0.008 0.007 0.002 0.005 0.009 0.004 0.009 0.006 0.008 0.006 
367      407    (0)    5 :  0.006 0.105 0.830 0.006 0.006 0.003 0.002 0.006 0.010 0.006 0.003 0.006 0.004 0.005 0.003 
368      408    (0)    5 :  0.005 0.004 0.942 0.005 0.006 0.002 0.003 0.003 0.004 0.005 0.005 0.005 0.004 0.006 0.004 
369      411    (2)    5 :  0.003 0.006 0.953 0.003 0.005 0.002 0.002 0.004 0.003 0.003 0.003 0.003 0.003 0.005 0.002 
370      412    (0)    5 :  0.010 0.009 0.868 0.009 0.016 0.005 0.008 0.006 0.017 0.009 0.007 0.010 0.007 0.005 0.014 
371      413    (0)    5 :  0.006 0.015 0.926 0.010 0.004 0.002 0.002 0.005 0.005 0.006 0.002 0.006 0.005 0.004 0.002 
372      591    (0)    6 :  0.006 0.003 0.004 0.007 0.008 0.007 0.005 0.010 0.006 0.006 0.004 0.006 0.008 0.009 0.911 
373      592    (0)    6 :  0.007 0.004 0.010 0.007 0.141 0.003 0.005 0.010 0.010 0.007 0.005 0.007 0.014 0.005 0.762 
374      593    (0)    6 :  0.008 0.006 0.009 0.009 0.007 0.006 0.006 0.006 0.005 0.007 0.002 0.007 0.007 0.004 0.911 
375      594    (0)    6 :  0.021 0.009 0.042 0.021 0.064 0.005 0.004 0.012 0.007 0.023 0.010 0.024 0.041 0.007 0.710 
376      595    (0)    6 :  0.017 0.014 0.010 0.020 0.005 0.004 0.005 0.007 0.008 0.021 0.012 0.021 0.007 0.003 0.846 
377      596    (0)    6 :  0.006 0.005 0.006 0.006 0.005 0.007 0.007 0.003 0.005 0.006 0.019 0.006 0.007 0.002 0.908 
378      597    (0)    6 :  0.014 0.028 0.034 0.014 0.007 0.002 0.003 0.008 0.037 0.014 0.006 0.014 0.008 0.003 0.808 
379      598    (0)    6 :  0.043 0.032 0.006 0.042 0.008 0.002 0.010 0.006 0.096 0.056 0.028 0.054 0.072 0.003 0.540 
380      599    (0)    6 :  0.009 0.003 0.006 0.007 0.054 0.007 0.005 0.159 0.016 0.008 0.003 0.008 0.004 0.003 0.705 
381      600    (0)    6 :  0.006 0.007 0.004 0.006 0.003 0.004 0.003 0.006 0.006 0.006 0.012 0.006 0.007 0.001 0.923 
382      601    (0)    6 :  0.019 0.026 0.021 0.018 0.018 0.002 0.005 0.017 0.031 0.017 0.002 0.016 0.010 0.002 0.795 
383      602    (0)    6 :  0.016 0.015 0.006 0.013 0.008 0.004 0.004 0.008 0.018 0.017 0.006 0.016 0.005 0.005 0.858 
384      603    (0)    6 :  0.045 0.005 0.007 0.039 0.133 0.007 0.007 0.024 0.497 0.036 0.008 0.041 0.007 0.008 0.136 
385      604    (0)    6 :  0.012 0.007 0.009 0.014 0.004 0.003 0.011 0.003 0.005 0.013 0.008 0.013 0.013 0.003 0.883 
386      605    (0)    6 :  0.031 0.007 0.009 0.029 0.009 0.005 0.004 0.009 0.009 0.029 0.025 0.031 0.076 0.003 0.726 
387      606    (0)    6 :  0.012 0.004 0.004 0.010 0.009 0.022 0.003 0.012 0.006 0.009 0.008 0.011 0.012 0.004 0.874 
388      607    (0)    6 :  0.004 0.016 0.009 0.005 0.003 0.003 0.098 0.002 0.007 0.005 0.008 0.005 0.007 0.002 0.828 
389      608    (0)    6 :  0.005 0.004 0.006 0.006 0.005 0.002 0.018 0.020 0.009 0.005 0.003 0.006 0.007 0.006 0.897 
390      609    (0)    6 :  0.008 0.004 0.004 0.007 0.004 0.004 0.008 0.004 0.006 0.008 0.003 0.008 0.008 0.003 0.919 
391      610    (0)    6 :  0.104 0.008 0.018 0.086 0.009 0.004 0.016 0.020 0.061 0.108 0.009 0.108 0.018 0.009 0.423 
392      611    (2)    6 :  0.008 0.009 0.011 0.008 0.004 0.003 0.024 0.003 0.005 0.009 0.007 0.009 0.007 0.012 0.881 
393      612    (0)    6 :  0.019 0.067 0.008 0.019 0.006 0.002 0.033 0.010 0.016 0.018 0.043 0.020 0.009 0.003 0.726 
394      755    (0)    6 :  0.049 0.008 0.016 0.036 0.013 0.002 0.262 0.004 0.017 0.036 0.046 0.035 0.018 0.028 0.430 
395      756    (0)    6 :  0.006 0.004 0.013 0.006 0.009 0.003 0.013 0.005 0.011 0.006 0.003 0.007 0.007 0.009 0.898 
396      757    (0)    6 :  0.013 0.006 0.009 0.010 0.012 0.003 0.010 0.005 0.005 0.011 0.005 0.012 0.020 0.004 0.874 
397      002    (0)    7 :  0.007 0.432 0.467 0.007 0.005 0.003 0.005 0.003 0.017 0.008 0.002 0.008 0.009 0.022 0.006 
398      099    (2)    7 :  0.184 0.004 0.002 0.170 0.005 0.013 0.004 0.045 0.003 0.208 0.083 0.211 0.061 0.003 0.006 
399      641    (2)    7 :  0.107 0.240 0.160 0.127 0.009 0.015 0.025 0.009 0.012 0.082 0.004 0.097 0.049 0.012 0.053 
400      642    (0)    7 :  0.009 0.005 0.866 0.009 0.013 0.003 0.004 0.015 0.012 0.009 0.003 0.009 0.015 0.009 0.018 
401      643    (2)    7 :  0.017 0.009 0.755 0.017 0.018 0.003 0.004 0.011 0.028 0.017 0.003 0.017 0.060 0.017 0.025 
402      644    (0)    7 :  0.010 0.028 0.836 0.010 0.015 0.004 0.008 0.019 0.014 0.009 0.009 0.009 0.017 0.007 0.007 
403      645    (0)    7 :  0.040 0.015 0.406 0.035 0.027 0.039 0.117 0.007 0.031 0.038 0.003 0.038 0.150 0.019 0.034 
404      646    (0)    7 :  0.058 0.404 0.049 0.067 0.005 0.011 0.139 0.009 0.077 0.048 0.009 0.057 0.043 0.012 0.013 
405      006    (0)    8 :  0.026 0.009 0.211 0.023 0.008 0.003 0.005 0.005 0.011 0.024 0.003 0.024 0.008 0.633 0.006 
406      011    (0)    8 :  0.003 0.004 0.953 0.003 0.004 0.002 0.002 0.003 0.003 0.003 0.003 0.003 0.003 0.009 0.003 
407      033    (2)    8 :  0.006 0.022 0.247 0.005 0.006 0.003 0.004 0.003 0.024 0.006 0.003 0.006 0.004 0.637 0.023 
408      048    (0)    8 :  0.020 0.014 0.493 0.020 0.264 0.009 0.005 0.051 0.014 0.019 0.005 0.019 0.007 0.044 0.016 
409      061    (0)    8 :  0.002 0.002 0.002 0.002 0.002 0.004 0.003 0.001 0.001 0.002 0.002 0.002 0.002 0.972 0.001 
410      088    (0)    8 :  0.016 0.020 0.804 0.015 0.020 0.005 0.003 0.016 0.011 0.015 0.008 0.014 0.015 0.025 0.014 
411      091    (0)    8 :  0.004 0.003 0.010 0.004 0.003 0.002 0.007 0.003 0.003 0.004 0.004 0.004 0.003 0.941 0.005 
412      098    (0)    8 :  0.007 0.020 0.842 0.007 0.034 0.013 0.006 0.011 0.008 0.007 0.003 0.007 0.004 0.009 0.022 
413      104    (0)    8 :  0.003 0.053 0.907 0.003 0.006 0.003 0.002 0.003 0.003 0.003 0.002 0.003 0.003 0.003 0.002 
414      196    (0)    8 :  0.007 0.023 0.309 0.006 0.011 0.005 0.002 0.009 0.007 0.007 0.006 0.006 0.006 0.586 0.010 
415      197    (0)    8 :  0.022 0.019 0.529 0.019 0.007 0.008 0.003 0.011 0.029 0.021 0.015 0.023 0.008 0.274 0.011 
416      201    (0)    8 :  0.007 0.017 0.318 0.006 0.006 0.001 0.002 0.003 0.005 0.006 0.001 0.006 0.011 0.604 0.006 
417      202    (0)    8 :  0.017 0.026 0.764 0.016 0.029 0.021 0.002 0.017 0.014 0.016 0.013 0.016 0.010 0.034 0.005 
418      204    (0)    8 :  0.004 0.043 0.503 0.004 0.011 0.002 0.010 0.004 0.011 0.004 0.002 0.004 0.005 0.392 0.003 
419      231    (0)    8 :  0.006 0.074 0.828 0.006 0.014 0.001 0.009 0.008 0.017 0.005 0.005 0.005 0.005 0.009 0.010 
420      328    (0)    8 :  0.004 0.003 0.688 0.004 0.005 0.005 0.002 0.004 0.008 0.004 0.002 0.004 0.005 0.253 0.007 
421      346    (0)    8 :  0.005 0.012 0.619 0.005 0.005 0.003 0.003 0.004 0.003 0.005 0.007 0.005 0.004 0.312 0.009 
422      212    (0)    9 :  0.003 0.003 0.002 0.003 0.004 0.001 0.003 0.004 0.004 0.003 0.961 0.003 0.003 0.002 0.002 
423      213    (0)    9 :  0.004 0.002 0.004 0.004 0.007 0.003 0.003 0.003 0.007 0.004 0.936 0.004 0.006 0.008 0.003 
424      214    (0)    9 :  0.005 0.006 0.004 0.006 0.003 0.001 0.002 0.007 0.004 0.005 0.937 0.006 0.006 0.002 0.006 
425      215    (0)    9 :  0.004 0.005 0.005 0.004 0.008 0.004 0.003 0.003 0.004 0.004 0.940 0.004 0.004 0.003 0.004 
426      216    (0)    9 :  0.003 0.002 0.005 0.003 0.005 0.002 0.004 0.003 0.004 0.003 0.952 0.003 0.003 0.004 0.003 
427      217    (0)    9 :  0.005 0.004 0.005 0.006 0.004 0.002 0.006 0.005 0.004 0.006 0.932 0.006 0.009 0.004 0.003 
428      218    (0)    9 :  0.003 0.002 0.003 0.003 0.003 0.002 0.004 0.003 0.003 0.003 0.960 0.003 0.003 0.002 0.003 
429      332    (0)    9 :  0.007 0.007 0.009 0.007 0.008 0.005 0.034 0.010 0.009 0.007 0.859 0.008 0.011 0.003 0.016 
430      333    (0)    9 :  0.012 0.013 0.011 0.013 0.007 0.011 0.006 0.008 0.005 0.013 0.845 0.012 0.010 0.004 0.030 
431      334    (0)    9 :  0.004 0.003 0.007 0.004 0.005 0.003 0.007 0.004 0.006 0.005 0.932 0.005 0.005 0.003 0.007 
432      335    (0)    9 :  0.003 0.002 0.002 0.003 0.004 0.002 0.002 0.005 0.002 0.003 0.962 0.003 0.003 0.002 0.003 
433      336    (0)    9 :  0.003 0.005 0.003 0.003 0.002 0.014 0.003 0.002 0.003 0.003 0.946 0.003 0.002 0.004 0.005 
434      337    (0)    9 :  0.005 0.008 0.010 0.005 0.003 0.002 0.002 0.003 0.003 0.005 0.929 0.005 0.007 0.002 0.011 
435      673    (0)    9 :  0.001 0.001 0.002 0.001 0.002 0.001 0.001 0.002 0.001 0.001 0.979 0.001 0.001 0.001 0.002 
436      674    (0)    9 :  0.005 0.005 0.003 0.005 0.004 0.002 0.007 0.005 0.004 0.005 0.938 0.006 0.003 0.002 0.005 
437      675    (0)    9 :  0.004 0.002 0.003 0.004 0.007 0.005 0.003 0.003 0.005 0.005 0.943 0.004 0.003 0.004 0.005 
438      676    (0)    9 :  0.005 0.003 0.003 0.005 0.008 0.001 0.005 0.007 0.007 0.005 0.933 0.005 0.008 0.002 0.006 
439      677    (0)    9 :  0.004 0.003 0.006 0.004 0.004 0.003 0.002 0.004 0.003 0.004 0.950 0.004 0.004 0.002 0.004 
440      678    (0)    9 :  0.010 0.011 0.007 0.011 0.008 0.004 0.003 0.006 0.006 0.011 0.897 0.010 0.007 0.004 0.004 
441      679    (0)    9 :  0.009 0.002 0.005 0.008 0.003 0.002 0.019 0.004 0.005 0.008 0.911 0.008 0.006 0.001 0.008 
442      680    (0)    9 :  0.005 0.003 0.004 0.005 0.006 0.005 0.007 0.010 0.007 0.005 0.918 0.005 0.004 0.003 0.012 
443      681    (0)    9 :  0.006 0.004 0.007 0.006 0.005 0.002 0.005 0.003 0.005 0.006 0.932 0.006 0.008 0.002 0.006 
444      682    (0)    9 :  0.002 0.002 0.002 0.002 0.002 0.004 0.002 0.002 0.002 0.002 0.967 0.002 0.002 0.003 0.002 
445      683    (0)    9 :  0.005 0.003 0.006 0.006 0.004 0.002 0.006 0.004 0.004 0.006 0.933 0.006 0.004 0.004 0.007 
446      684    (0)    9 :  0.005 0.003 0.002 0.005 0.005 0.003 0.003 0.007 0.005 0.005 0.939 0.005 0.004 0.002 0.006 
447      685    (0)    9 :  0.006 0.006 0.003 0.006 0.003 0.003 0.003 0.003 0.003 0.006 0.934 0.006 0.005 0.003 0.009 
448      686    (0)    9 :  0.002 0.002 0.002 0.002 0.002 0.003 0.002 0.002 0.002 0.002 0.968 0.002 0.002 0.002 0.003 
449      687    (0)    9 :  0.002 0.002 0.002 0.002 0.004 0.002 0.002 0.002 0.002 0.002 0.966 0.002 0.002 0.002 0.004 
450      688    (0)    9 :  0.003 0.004 0.007 0.004 0.004 0.002 0.005 0.014 0.006 0.004 0.931 0.004 0.004 0.003 0.006 


Estimated Allele Frequencies in each cluster
First column gives estimated ancestral frequencies


Locus 1 : 1 
4 alleles
0.0% missing data
  89   (0.540) 0.567 0.302 0.625 0.560 0.585 0.067 0.827 0.538 0.473 0.553 0.641 0.554 0.503 0.697 0.549 
  91   (0.378) 0.357 0.579 0.314 0.367 0.366 0.705 0.154 0.344 0.504 0.370 0.312 0.369 0.442 0.294 0.434 
  99   (0.016) 0.021 0.001 0.000 0.015 0.027 0.129 0.004 0.007 0.006 0.013 0.001 0.015 0.005 0.002 0.003 
  93   (0.066) 0.055 0.118 0.060 0.057 0.022 0.099 0.015 0.111 0.017 0.064 0.046 0.063 0.050 0.008 0.014 

Locus 2 : 2 
6 alleles
1.1% missing data
 136   (0.348) 0.343 0.723 0.554 0.349 0.069 0.190 0.144 0.077 0.194 0.372 0.459 0.360 0.519 0.115 0.416 
 134   (0.237) 0.215 0.166 0.142 0.209 0.286 0.027 0.681 0.221 0.219 0.214 0.381 0.216 0.221 0.202 0.406 
 138   (0.303) 0.332 0.098 0.253 0.338 0.468 0.771 0.124 0.589 0.456 0.305 0.154 0.314 0.184 0.243 0.146 
 140   (0.063) 0.062 0.008 0.050 0.059 0.032 0.007 0.017 0.045 0.064 0.062 0.004 0.063 0.047 0.436 0.016 
 132   (0.022) 0.030 0.002 0.001 0.029 0.003 0.002 0.004 0.006 0.006 0.029 0.001 0.028 0.007 0.002 0.004 
 142   (0.027) 0.018 0.002 0.001 0.016 0.141 0.003 0.030 0.063 0.062 0.019 0.002 0.019 0.021 0.003 0.012 

Locus 3 : 3 
6 alleles
0.0% missing data
 181   (0.257) 0.245 0.095 0.231 0.252 0.448 0.181 0.338 0.334 0.124 0.256 0.066 0.254 0.195 0.072 0.401 
 187   (0.343) 0.349 0.549 0.517 0.373 0.156 0.773 0.121 0.171 0.353 0.355 0.259 0.355 0.341 0.687 0.169 
 179   (0.250) 0.255 0.341 0.228 0.237 0.175 0.030 0.352 0.270 0.316 0.246 0.016 0.244 0.289 0.225 0.398 
 191   (0.029) 0.028 0.003 0.022 0.027 0.009 0.003 0.008 0.006 0.007 0.028 0.197 0.028 0.012 0.004 0.006 
 175   (0.045) 0.039 0.004 0.001 0.035 0.182 0.005 0.043 0.019 0.126 0.040 0.003 0.040 0.092 0.004 0.008 
 185   (0.075) 0.084 0.008 0.002 0.075 0.030 0.008 0.138 0.200 0.074 0.076 0.459 0.078 0.071 0.008 0.018 

Locus 4 : 4 
12 alleles
0.2% missing data
 253   (0.497) 0.525 0.467 0.756 0.504 0.691 0.596 0.613 0.281 0.495 0.508 0.465 0.506 0.517 0.626 0.615 
 249   (0.025) 0.020 0.021 0.059 0.021 0.004 0.003 0.005 0.005 0.005 0.023 0.001 0.022 0.010 0.315 0.004 
 271   (0.039) 0.038 0.054 0.028 0.038 0.006 0.004 0.010 0.008 0.035 0.038 0.002 0.038 0.030 0.005 0.009 
 241   (0.152) 0.135 0.350 0.021 0.144 0.093 0.185 0.096 0.207 0.185 0.145 0.151 0.147 0.183 0.022 0.145 
 257   (0.006) 0.004 0.003 0.000 0.004 0.001 0.001 0.001 0.001 0.002 0.004 0.000 0.004 0.005 0.001 0.001 
 269   (0.179) 0.168 0.082 0.133 0.189 0.148 0.200 0.251 0.475 0.223 0.174 0.098 0.176 0.153 0.021 0.184 
 245   (0.007) 0.005 0.001 0.000 0.004 0.001 0.001 0.001 0.001 0.001 0.005 0.000 0.005 0.002 0.001 0.001 
 247   (0.065) 0.085 0.007 0.002 0.077 0.051 0.007 0.016 0.017 0.038 0.080 0.279 0.080 0.055 0.007 0.032 
 239   (0.010) 0.007 0.001 0.000 0.006 0.001 0.001 0.002 0.002 0.002 0.008 0.001 0.008 0.023 0.001 0.004 
 273   (0.008) 0.005 0.001 0.000 0.005 0.001 0.001 0.002 0.001 0.002 0.006 0.000 0.006 0.019 0.001 0.001 
 267   (0.006) 0.004 0.012 0.000 0.004 0.001 0.001 0.002 0.001 0.002 0.004 0.000 0.004 0.002 0.001 0.001 
 255   (0.006) 0.004 0.001 0.000 0.003 0.002 0.001 0.001 0.001 0.010 0.004 0.000 0.004 0.002 0.001 0.003 

Locus 5 : 5 
6 alleles
0.7% missing data
 103   (0.862) 0.820 0.966 0.993 0.811 0.967 0.984 0.951 0.946 0.925 0.841 0.979 0.838 0.845 0.985 0.930 
 104   (0.058) 0.094 0.026 0.005 0.106 0.017 0.007 0.030 0.039 0.035 0.068 0.004 0.075 0.063 0.007 0.026 
 105   (0.044) 0.055 0.004 0.001 0.050 0.011 0.005 0.010 0.009 0.025 0.056 0.003 0.052 0.073 0.005 0.034 
 102   (0.016) 0.016 0.001 0.000 0.018 0.002 0.002 0.003 0.003 0.009 0.017 0.001 0.017 0.007 0.001 0.005 
 107   (0.011) 0.009 0.001 0.000 0.010 0.002 0.001 0.002 0.002 0.002 0.011 0.001 0.011 0.008 0.001 0.003 
 101   (0.010) 0.006 0.001 0.000 0.006 0.001 0.001 0.005 0.002 0.004 0.007 0.012 0.007 0.003 0.001 0.002 

Locus 6 : 6 
5 alleles
0.2% missing data
 141   (0.264) 0.268 0.327 0.590 0.255 0.258 0.029 0.773 0.071 0.333 0.252 0.131 0.257 0.202 0.835 0.307 
 145   (0.421) 0.415 0.123 0.179 0.449 0.632 0.416 0.142 0.590 0.450 0.439 0.261 0.434 0.513 0.076 0.447 
 135   (0.228) 0.238 0.357 0.191 0.217 0.096 0.545 0.065 0.318 0.180 0.227 0.288 0.226 0.212 0.074 0.135 
 147   (0.076) 0.069 0.192 0.040 0.069 0.012 0.009 0.018 0.017 0.034 0.071 0.319 0.072 0.061 0.014 0.109 
 137   (0.010) 0.010 0.001 0.000 0.009 0.001 0.001 0.002 0.003 0.002 0.011 0.001 0.011 0.012 0.001 0.002 

Locus 7 : 7 
10 alleles
1.3% missing data
  93   (0.225) 0.195 0.407 0.331 0.193 0.344 0.793 0.299 0.117 0.334 0.198 0.065 0.203 0.249 0.613 0.216 
 103   (0.323) 0.338 0.281 0.403 0.351 0.380 0.045 0.135 0.333 0.366 0.324 0.513 0.328 0.300 0.089 0.533 
  91   (0.064) 0.063 0.007 0.034 0.061 0.055 0.010 0.049 0.015 0.017 0.068 0.155 0.064 0.067 0.006 0.037 
  97   (0.187) 0.191 0.166 0.165 0.193 0.092 0.127 0.253 0.357 0.050 0.202 0.254 0.198 0.127 0.027 0.158 
  85   (0.046) 0.046 0.008 0.046 0.043 0.010 0.007 0.010 0.123 0.012 0.048 0.003 0.046 0.044 0.005 0.014 
  89   (0.081) 0.067 0.126 0.020 0.066 0.079 0.011 0.239 0.034 0.193 0.074 0.005 0.071 0.082 0.253 0.029 
  83   (0.051) 0.076 0.005 0.001 0.068 0.036 0.006 0.010 0.017 0.024 0.062 0.003 0.066 0.122 0.005 0.009 
 105   (0.011) 0.012 0.001 0.000 0.011 0.003 0.001 0.002 0.002 0.002 0.013 0.001 0.013 0.004 0.001 0.002 
 101   (0.006) 0.006 0.001 0.000 0.008 0.001 0.001 0.001 0.001 0.001 0.005 0.000 0.006 0.003 0.001 0.001 
  99   (0.006) 0.005 0.001 0.000 0.005 0.001 0.001 0.001 0.001 0.001 0.006 0.000 0.006 0.002 0.001 0.001 

Locus 8 : 8 
8 alleles
0.0% missing data
 129   (0.558) 0.553 0.488 0.705 0.589 0.697 0.199 0.462 0.723 0.737 0.570 0.638 0.566 0.623 0.669 0.405 
 141   (0.056) 0.050 0.143 0.099 0.045 0.012 0.006 0.012 0.019 0.025 0.050 0.215 0.050 0.023 0.009 0.092 
 149   (0.077) 0.083 0.040 0.143 0.071 0.073 0.008 0.286 0.032 0.079 0.074 0.014 0.076 0.066 0.012 0.018 
 143   (0.259) 0.270 0.325 0.052 0.254 0.201 0.696 0.202 0.212 0.145 0.262 0.129 0.266 0.248 0.305 0.476 
 127   (0.015) 0.015 0.001 0.000 0.015 0.002 0.051 0.003 0.003 0.003 0.016 0.001 0.015 0.005 0.001 0.002 
 131   (0.012) 0.008 0.001 0.000 0.008 0.011 0.038 0.003 0.004 0.002 0.009 0.002 0.009 0.004 0.001 0.002 
 133   (0.017) 0.016 0.002 0.000 0.015 0.003 0.002 0.032 0.005 0.007 0.016 0.001 0.015 0.024 0.002 0.003 
 145   (0.006) 0.004 0.001 0.000 0.004 0.001 0.001 0.001 0.001 0.001 0.004 0.000 0.004 0.007 0.000 0.001 

Locus 9 : 9 
5 alleles
0.0% missing data
 191   (0.392) 0.403 0.599 0.564 0.398 0.330 0.339 0.591 0.321 0.168 0.389 0.543 0.396 0.351 0.845 0.482 
 195   (0.148) 0.141 0.037 0.190 0.131 0.346 0.354 0.036 0.350 0.085 0.133 0.052 0.136 0.135 0.033 0.244 
 189   (0.448) 0.448 0.363 0.244 0.464 0.322 0.306 0.370 0.326 0.744 0.470 0.404 0.459 0.502 0.121 0.272 
 197   (0.006) 0.004 0.001 0.000 0.003 0.001 0.001 0.001 0.001 0.001 0.004 0.000 0.004 0.010 0.001 0.001 
 193   (0.006) 0.004 0.001 0.002 0.003 0.001 0.001 0.002 0.002 0.002 0.004 0.000 0.004 0.002 0.001 0.001 

Locus 10 : 10 
7 alleles
0.2% missing data
 232   (0.253) 0.267 0.378 0.285 0.279 0.220 0.219 0.067 0.161 0.078 0.272 0.277 0.269 0.282 0.570 0.154 
 238   (0.559) 0.559 0.444 0.595 0.555 0.717 0.370 0.838 0.704 0.855 0.559 0.343 0.560 0.507 0.134 0.674 
 252   (0.110) 0.104 0.171 0.105 0.097 0.052 0.014 0.081 0.120 0.050 0.095 0.032 0.098 0.157 0.279 0.120 
 254   (0.043) 0.036 0.004 0.015 0.035 0.006 0.393 0.009 0.008 0.009 0.039 0.263 0.037 0.037 0.013 0.046 
 250   (0.011) 0.014 0.001 0.000 0.014 0.001 0.002 0.002 0.002 0.002 0.011 0.001 0.012 0.004 0.001 0.002 
 236   (0.006) 0.004 0.001 0.000 0.005 0.001 0.001 0.001 0.001 0.001 0.005 0.001 0.005 0.004 0.001 0.002 
 248   (0.018) 0.016 0.002 0.000 0.016 0.002 0.002 0.003 0.003 0.004 0.019 0.083 0.019 0.009 0.002 0.003 

Locus 11 : 11 
4 alleles
0.0% missing data
  87   (0.696) 0.701 0.556 0.644 0.703 0.854 0.964 0.865 0.874 0.791 0.700 0.533 0.699 0.691 0.350 0.643 
  89   (0.240) 0.243 0.361 0.302 0.244 0.121 0.029 0.081 0.092 0.190 0.246 0.384 0.246 0.207 0.624 0.344 
  91   (0.051) 0.047 0.082 0.053 0.043 0.023 0.006 0.013 0.031 0.016 0.043 0.082 0.044 0.081 0.024 0.010 
  85   (0.013) 0.010 0.001 0.000 0.010 0.002 0.001 0.040 0.002 0.003 0.011 0.001 0.011 0.021 0.002 0.002 

Locus 12 : 12 
13 alleles
0.2% missing data
 160   (0.207) 0.200 0.186 0.109 0.231 0.346 0.591 0.191 0.134 0.255 0.206 0.719 0.212 0.204 0.035 0.060 
 162   (0.261) 0.260 0.098 0.209 0.242 0.293 0.067 0.382 0.148 0.336 0.251 0.230 0.253 0.252 0.754 0.487 
 147   (0.052) 0.039 0.358 0.114 0.041 0.015 0.006 0.014 0.038 0.069 0.045 0.003 0.044 0.020 0.104 0.088 
 158   (0.230) 0.242 0.321 0.536 0.246 0.200 0.028 0.086 0.302 0.104 0.244 0.022 0.237 0.280 0.076 0.188 
 161   (0.106) 0.111 0.023 0.022 0.099 0.048 0.122 0.033 0.229 0.132 0.099 0.018 0.104 0.119 0.015 0.148 
 170   (0.047) 0.059 0.005 0.007 0.055 0.022 0.005 0.011 0.019 0.050 0.057 0.003 0.056 0.059 0.006 0.009 
 143   (0.027) 0.033 0.002 0.001 0.030 0.007 0.174 0.008 0.005 0.005 0.032 0.002 0.031 0.036 0.003 0.005 
 154   (0.016) 0.018 0.001 0.000 0.019 0.002 0.002 0.006 0.003 0.004 0.024 0.001 0.020 0.006 0.002 0.004 
 149   (0.022) 0.016 0.002 0.001 0.014 0.057 0.002 0.262 0.083 0.006 0.017 0.001 0.018 0.007 0.002 0.005 
 153   (0.011) 0.009 0.001 0.000 0.010 0.002 0.001 0.002 0.002 0.002 0.012 0.001 0.012 0.009 0.001 0.003 
 150   (0.007) 0.003 0.001 0.000 0.003 0.006 0.001 0.001 0.015 0.001 0.004 0.000 0.004 0.002 0.001 0.001 
 159   (0.008) 0.005 0.001 0.000 0.004 0.001 0.001 0.002 0.021 0.035 0.005 0.000 0.005 0.004 0.001 0.001 
 164   (0.006) 0.005 0.001 0.000 0.004 0.001 0.001 0.001 0.001 0.001 0.005 0.000 0.005 0.002 0.000 0.001 

Locus 13 : 13 
5 alleles
0.0% missing data
 108   (0.198) 0.186 0.152 0.163 0.207 0.071 0.342 0.050 0.173 0.130 0.202 0.199 0.201 0.280 0.409 0.145 
 115   (0.455) 0.452 0.328 0.581 0.434 0.579 0.093 0.712 0.437 0.501 0.456 0.284 0.452 0.455 0.525 0.498 
 113   (0.335) 0.351 0.519 0.256 0.348 0.349 0.564 0.236 0.387 0.367 0.332 0.516 0.337 0.260 0.064 0.355 
 109   (0.006) 0.005 0.001 0.000 0.006 0.001 0.001 0.001 0.001 0.001 0.005 0.000 0.005 0.002 0.001 0.001 
 110   (0.006) 0.006 0.001 0.000 0.005 0.001 0.001 0.001 0.001 0.001 0.005 0.000 0.005 0.003 0.000 0.001 

Locus 14 : 14 
5 alleles
0.9% missing data
 227   (0.148) 0.138 0.322 0.258 0.143 0.336 0.258 0.060 0.313 0.285 0.136 0.017 0.140 0.081 0.065 0.040 
 231   (0.150) 0.151 0.108 0.094 0.154 0.029 0.269 0.038 0.034 0.044 0.162 0.353 0.156 0.143 0.026 0.461 
 229   (0.506) 0.518 0.439 0.463 0.515 0.520 0.093 0.855 0.526 0.451 0.515 0.414 0.513 0.674 0.859 0.286 
 225   (0.133) 0.132 0.024 0.088 0.136 0.051 0.226 0.033 0.107 0.200 0.131 0.212 0.135 0.075 0.019 0.140 
 233   (0.062) 0.061 0.107 0.096 0.052 0.064 0.153 0.015 0.019 0.019 0.055 0.004 0.057 0.027 0.031 0.074 

Locus 15 : 15 
5 alleles
0.2% missing data
 143   (0.846) 0.842 0.978 0.968 0.840 0.899 0.720 0.935 0.757 0.943 0.835 0.814 0.839 0.877 0.983 0.874 
 157   (0.007) 0.004 0.001 0.018 0.003 0.001 0.001 0.001 0.001 0.001 0.004 0.000 0.004 0.002 0.001 0.002 
 145   (0.084) 0.090 0.016 0.011 0.092 0.082 0.271 0.051 0.052 0.036 0.091 0.006 0.090 0.055 0.010 0.114 
 147   (0.047) 0.055 0.005 0.001 0.055 0.015 0.006 0.010 0.186 0.017 0.059 0.148 0.056 0.029 0.005 0.008 
 133   (0.015) 0.010 0.001 0.000 0.010 0.002 0.001 0.003 0.004 0.003 0.011 0.032 0.011 0.037 0.002 0.003 

Locus 16 : 16 
5 alleles
0.2% missing data
 156   (0.230) 0.216 0.087 0.306 0.200 0.227 0.516 0.055 0.270 0.179 0.209 0.501 0.212 0.376 0.197 0.326 
 158   (0.541) 0.571 0.722 0.496 0.570 0.681 0.254 0.605 0.597 0.582 0.558 0.197 0.559 0.469 0.318 0.464 
 160   (0.136) 0.118 0.181 0.151 0.126 0.059 0.015 0.314 0.105 0.187 0.133 0.112 0.131 0.099 0.473 0.149 
 154   (0.084) 0.090 0.010 0.047 0.100 0.020 0.214 0.024 0.027 0.032 0.095 0.190 0.093 0.053 0.011 0.059 
 152   (0.009) 0.005 0.001 0.000 0.004 0.014 0.001 0.002 0.002 0.020 0.005 0.001 0.005 0.003 0.001 0.001 

Locus 17 : 17 
5 alleles
0.0% missing data
 102   (0.200) 0.200 0.164 0.248 0.186 0.073 0.024 0.323 0.248 0.431 0.190 0.197 0.192 0.112 0.097 0.183 
  90   (0.685) 0.660 0.805 0.721 0.671 0.904 0.572 0.378 0.713 0.528 0.673 0.795 0.674 0.792 0.603 0.795 
  88   (0.069) 0.082 0.027 0.030 0.080 0.011 0.007 0.290 0.015 0.025 0.077 0.005 0.079 0.046 0.296 0.013 
 100   (0.039) 0.054 0.004 0.001 0.060 0.010 0.396 0.007 0.007 0.013 0.055 0.002 0.051 0.047 0.004 0.008 
 104   (0.007) 0.004 0.001 0.000 0.003 0.001 0.001 0.001 0.017 0.004 0.004 0.000 0.004 0.002 0.001 0.001 

Locus 18 : 18 
7 alleles
0.0% missing data
 142   (0.127) 0.133 0.379 0.423 0.126 0.051 0.014 0.074 0.137 0.061 0.124 0.008 0.126 0.171 0.790 0.024 
 146   (0.080) 0.079 0.027 0.193 0.066 0.025 0.009 0.105 0.022 0.247 0.065 0.226 0.070 0.070 0.038 0.085 
 140   (0.286) 0.287 0.410 0.085 0.297 0.202 0.276 0.521 0.414 0.199 0.299 0.177 0.294 0.238 0.045 0.500 
 127   (0.304) 0.314 0.110 0.225 0.332 0.419 0.546 0.185 0.187 0.285 0.320 0.060 0.319 0.381 0.076 0.233 
 148   (0.095) 0.084 0.047 0.055 0.083 0.069 0.010 0.026 0.050 0.148 0.094 0.216 0.090 0.041 0.033 0.113 
 138   (0.054) 0.046 0.021 0.018 0.048 0.027 0.141 0.017 0.073 0.028 0.050 0.004 0.051 0.040 0.011 0.032 
 150   (0.054) 0.056 0.005 0.001 0.048 0.209 0.005 0.072 0.117 0.032 0.048 0.309 0.050 0.058 0.006 0.013 

Locus 19 : 19 
7 alleles
0.0% missing data
 188   (0.192) 0.198 0.170 0.095 0.193 0.120 0.021 0.049 0.310 0.099 0.206 0.169 0.201 0.180 0.568 0.070 
 190   (0.123) 0.092 0.334 0.418 0.090 0.236 0.013 0.403 0.204 0.069 0.095 0.199 0.096 0.101 0.015 0.243 
 194   (0.577) 0.597 0.485 0.484 0.599 0.573 0.956 0.182 0.464 0.566 0.592 0.481 0.592 0.634 0.409 0.597 
 200   (0.081) 0.092 0.008 0.002 0.098 0.067 0.008 0.362 0.017 0.261 0.086 0.005 0.089 0.070 0.007 0.082 
 192   (0.007) 0.005 0.001 0.000 0.004 0.001 0.001 0.001 0.002 0.001 0.005 0.000 0.005 0.002 0.000 0.004 
 202   (0.013) 0.012 0.001 0.000 0.012 0.002 0.001 0.002 0.002 0.003 0.011 0.145 0.012 0.006 0.001 0.003 
 196   (0.006) 0.004 0.001 0.000 0.004 0.001 0.001 0.001 0.001 0.001 0.005 0.000 0.005 0.007 0.000 0.001 

Locus 20 : 20 
6 alleles
0.9% missing data
 252   (0.717) 0.726 0.718 0.847 0.724 0.736 0.382 0.542 0.770 0.834 0.729 0.724 0.729 0.820 0.813 0.744 
 250   (0.080) 0.071 0.050 0.101 0.075 0.028 0.346 0.145 0.184 0.030 0.077 0.145 0.074 0.033 0.010 0.070 
 244   (0.020) 0.016 0.002 0.007 0.016 0.011 0.005 0.006 0.006 0.008 0.015 0.001 0.016 0.012 0.154 0.007 
 254   (0.075) 0.075 0.010 0.032 0.066 0.138 0.105 0.018 0.018 0.096 0.067 0.082 0.070 0.062 0.010 0.056 
 246   (0.085) 0.078 0.218 0.004 0.075 0.083 0.160 0.285 0.017 0.023 0.084 0.046 0.081 0.060 0.010 0.119 
 248   (0.023) 0.033 0.003 0.009 0.044 0.003 0.003 0.004 0.004 0.009 0.028 0.001 0.030 0.013 0.004 0.004 

Locus 21 : 21 
7 alleles
0.2% missing data
 173   (0.295) 0.273 0.149 0.373 0.256 0.557 0.119 0.074 0.569 0.481 0.271 0.212 0.272 0.334 0.157 0.309 
 177   (0.278) 0.301 0.628 0.274 0.312 0.229 0.274 0.498 0.249 0.244 0.297 0.166 0.296 0.218 0.178 0.083 
 175   (0.136) 0.132 0.026 0.026 0.124 0.082 0.485 0.039 0.065 0.089 0.135 0.257 0.132 0.127 0.017 0.322 
 167   (0.192) 0.183 0.182 0.322 0.190 0.114 0.110 0.092 0.091 0.157 0.180 0.122 0.185 0.265 0.637 0.142 
 163   (0.034) 0.034 0.004 0.002 0.034 0.008 0.004 0.008 0.012 0.011 0.035 0.230 0.034 0.028 0.004 0.015 
 159   (0.020) 0.025 0.002 0.000 0.030 0.003 0.002 0.004 0.004 0.006 0.034 0.001 0.032 0.006 0.002 0.003 
 165   (0.045) 0.051 0.009 0.003 0.054 0.007 0.005 0.286 0.009 0.013 0.049 0.013 0.049 0.023 0.005 0.125 

Locus 22 : 22 
11 alleles
0.7% missing data
 146   (0.244) 0.255 0.221 0.228 0.240 0.332 0.074 0.295 0.129 0.346 0.239 0.137 0.244 0.207 0.832 0.171 
 154   (0.007) 0.004 0.002 0.071 0.003 0.001 0.001 0.001 0.001 0.001 0.004 0.000 0.004 0.002 0.001 0.001 
 166   (0.092) 0.109 0.260 0.028 0.111 0.025 0.114 0.023 0.026 0.044 0.109 0.006 0.107 0.048 0.010 0.076 
 152   (0.432) 0.399 0.451 0.638 0.422 0.570 0.499 0.594 0.753 0.529 0.410 0.365 0.412 0.546 0.130 0.507 
 150   (0.026) 0.034 0.007 0.006 0.028 0.005 0.116 0.007 0.012 0.014 0.026 0.002 0.027 0.010 0.004 0.005 
 164   (0.031) 0.024 0.041 0.011 0.023 0.006 0.005 0.006 0.008 0.010 0.026 0.002 0.025 0.030 0.004 0.057 
 148   (0.009) 0.005 0.001 0.000 0.005 0.001 0.172 0.001 0.001 0.002 0.006 0.000 0.006 0.003 0.001 0.001 
 158   (0.083) 0.094 0.009 0.016 0.092 0.019 0.010 0.048 0.024 0.024 0.099 0.110 0.096 0.103 0.011 0.134 
 162   (0.049) 0.052 0.005 0.001 0.053 0.010 0.006 0.019 0.021 0.025 0.060 0.072 0.056 0.042 0.005 0.042 
 156   (0.015) 0.009 0.001 0.000 0.009 0.008 0.002 0.003 0.022 0.003 0.011 0.304 0.011 0.005 0.002 0.004 
 142   (0.011) 0.015 0.001 0.000 0.014 0.023 0.001 0.002 0.002 0.003 0.011 0.001 0.012 0.004 0.001 0.002 

Locus 23 : 23 
7 alleles
0.9% missing data
 152   (0.013) 0.008 0.088 0.062 0.007 0.002 0.001 0.002 0.002 0.004 0.008 0.001 0.008 0.004 0.001 0.002 
 156   (0.118) 0.125 0.088 0.035 0.131 0.029 0.015 0.029 0.099 0.052 0.124 0.031 0.124 0.247 0.013 0.127 
 144   (0.177) 0.162 0.154 0.185 0.165 0.313 0.601 0.051 0.249 0.179 0.164 0.640 0.166 0.115 0.026 0.195 
 160   (0.108) 0.094 0.293 0.181 0.105 0.064 0.013 0.321 0.165 0.141 0.097 0.105 0.097 0.052 0.013 0.137 
 154   (0.551) 0.575 0.373 0.534 0.559 0.587 0.365 0.590 0.478 0.610 0.566 0.221 0.567 0.568 0.921 0.529 
 158   (0.025) 0.030 0.003 0.003 0.028 0.004 0.003 0.006 0.006 0.013 0.033 0.002 0.030 0.009 0.025 0.009 
 146   (0.008) 0.007 0.001 0.000 0.006 0.001 0.001 0.001 0.001 0.002 0.007 0.000 0.008 0.004 0.001 0.001 

Locus 24 : 24 
4 alleles
0.4% missing data
  77   (0.085) 0.064 0.029 0.330 0.065 0.051 0.010 0.035 0.052 0.161 0.070 0.049 0.071 0.107 0.036 0.088 
  83   (0.462) 0.447 0.577 0.486 0.457 0.435 0.689 0.757 0.513 0.348 0.453 0.920 0.453 0.401 0.230 0.607 
  81   (0.367) 0.405 0.356 0.165 0.400 0.416 0.291 0.186 0.293 0.429 0.393 0.025 0.395 0.349 0.722 0.266 
  85   (0.086) 0.084 0.037 0.020 0.078 0.098 0.010 0.023 0.143 0.062 0.084 0.006 0.081 0.142 0.012 0.038 

Locus 25 : 25 
6 alleles
0.4% missing data
 132   (0.333) 0.348 0.138 0.532 0.343 0.423 0.184 0.206 0.214 0.244 0.340 0.456 0.340 0.241 0.909 0.455 
 124   (0.522) 0.503 0.821 0.394 0.514 0.450 0.408 0.757 0.650 0.586 0.517 0.534 0.514 0.689 0.068 0.417 
 126   (0.021) 0.015 0.026 0.059 0.016 0.003 0.002 0.004 0.005 0.004 0.018 0.001 0.019 0.008 0.003 0.004 
 122   (0.095) 0.109 0.011 0.015 0.104 0.121 0.116 0.028 0.124 0.157 0.098 0.006 0.102 0.050 0.018 0.104 
 120   (0.015) 0.012 0.001 0.000 0.011 0.002 0.289 0.002 0.002 0.003 0.013 0.001 0.013 0.007 0.001 0.003 
 136   (0.014) 0.012 0.002 0.000 0.011 0.002 0.001 0.003 0.005 0.005 0.013 0.001 0.012 0.005 0.001 0.015 

Locus 26 : 26 
7 alleles
0.2% missing data
 165   (0.245) 0.241 0.154 0.117 0.247 0.375 0.322 0.199 0.108 0.218 0.240 0.053 0.243 0.231 0.676 0.338 
 183   (0.352) 0.338 0.460 0.585 0.353 0.332 0.291 0.633 0.376 0.245 0.353 0.423 0.347 0.336 0.206 0.464 
 179   (0.081) 0.072 0.104 0.056 0.073 0.038 0.346 0.043 0.028 0.166 0.079 0.005 0.079 0.067 0.016 0.018 
 175   (0.260) 0.289 0.275 0.240 0.266 0.247 0.034 0.114 0.475 0.345 0.259 0.453 0.265 0.213 0.096 0.153 
 181   (0.048) 0.048 0.004 0.001 0.051 0.007 0.006 0.009 0.009 0.023 0.055 0.065 0.053 0.147 0.005 0.026 
 185   (0.008) 0.008 0.001 0.000 0.007 0.001 0.001 0.001 0.003 0.001 0.009 0.001 0.008 0.004 0.001 0.001 
 157   (0.006) 0.004 0.001 0.000 0.005 0.001 0.001 0.001 0.001 0.001 0.005 0.000 0.005 0.002 0.001 0.001 

Locus 27 : 27 
4 alleles
0.2% missing data
 142   (0.651) 0.655 0.610 0.704 0.669 0.832 0.311 0.731 0.762 0.640 0.658 0.742 0.659 0.598 0.342 0.681 
 148   (0.198) 0.204 0.178 0.075 0.195 0.067 0.671 0.050 0.172 0.121 0.198 0.064 0.199 0.226 0.382 0.247 
 138   (0.047) 0.041 0.201 0.210 0.041 0.030 0.006 0.021 0.012 0.015 0.041 0.003 0.042 0.023 0.266 0.017 
 150   (0.104) 0.100 0.011 0.011 0.094 0.071 0.012 0.198 0.054 0.223 0.102 0.191 0.100 0.153 0.011 0.054 

Locus 28 : 28 
6 alleles
0.9% missing data
 260   (0.387) 0.413 0.496 0.342 0.417 0.548 0.137 0.502 0.409 0.516 0.403 0.376 0.404 0.233 0.284 0.298 
 262   (0.508) 0.492 0.493 0.653 0.484 0.386 0.849 0.469 0.427 0.403 0.490 0.550 0.492 0.676 0.704 0.661 
 256   (0.072) 0.071 0.008 0.005 0.075 0.044 0.010 0.023 0.094 0.071 0.079 0.073 0.077 0.065 0.010 0.035 
 258   (0.011) 0.011 0.001 0.000 0.010 0.001 0.001 0.002 0.002 0.002 0.013 0.001 0.012 0.003 0.001 0.002 
 266   (0.007) 0.003 0.001 0.000 0.003 0.014 0.001 0.001 0.001 0.002 0.004 0.000 0.004 0.002 0.001 0.001 
 264   (0.015) 0.010 0.001 0.000 0.010 0.007 0.001 0.003 0.068 0.007 0.011 0.001 0.011 0.021 0.001 0.003 

Locus 29 : 29 
7 alleles
0.2% missing data
 146   (0.279) 0.290 0.297 0.169 0.324 0.152 0.035 0.486 0.463 0.187 0.293 0.333 0.296 0.261 0.084 0.349 
 150   (0.446) 0.459 0.438 0.708 0.431 0.593 0.141 0.176 0.381 0.563 0.441 0.289 0.444 0.570 0.167 0.407 
 140   (0.170) 0.164 0.034 0.080 0.159 0.150 0.812 0.118 0.132 0.221 0.171 0.058 0.166 0.126 0.689 0.169 
 148   (0.059) 0.048 0.216 0.038 0.044 0.046 0.006 0.142 0.013 0.017 0.052 0.317 0.050 0.022 0.055 0.048 
 152   (0.029) 0.031 0.003 0.001 0.032 0.055 0.003 0.059 0.008 0.007 0.033 0.002 0.033 0.015 0.003 0.005 
 151   (0.009) 0.006 0.011 0.005 0.006 0.001 0.001 0.006 0.002 0.004 0.006 0.001 0.006 0.003 0.002 0.003 
 142   (0.008) 0.004 0.001 0.001 0.004 0.001 0.001 0.013 0.001 0.002 0.005 0.000 0.005 0.003 0.001 0.020 

Locus 30 : 30 
6 alleles
0.2% missing data
 125   (0.282) 0.313 0.305 0.478 0.326 0.075 0.137 0.091 0.077 0.113 0.320 0.029 0.315 0.337 0.629 0.308 
 129   (0.440) 0.409 0.634 0.473 0.397 0.601 0.211 0.462 0.658 0.559 0.413 0.786 0.413 0.400 0.308 0.418 
 123   (0.152) 0.149 0.049 0.046 0.152 0.272 0.018 0.096 0.239 0.187 0.139 0.101 0.147 0.176 0.049 0.108 
 121   (0.012) 0.010 0.001 0.000 0.010 0.002 0.040 0.002 0.002 0.003 0.009 0.001 0.010 0.006 0.001 0.003 
 127   (0.079) 0.070 0.007 0.002 0.073 0.037 0.590 0.342 0.015 0.070 0.081 0.081 0.076 0.053 0.010 0.156 
 131   (0.035) 0.049 0.003 0.001 0.042 0.013 0.004 0.007 0.008 0.069 0.038 0.002 0.040 0.028 0.003 0.007 

Locus 31 : 31 
6 alleles
0.2% missing data
 159   (0.175) 0.165 0.115 0.138 0.151 0.186 0.020 0.049 0.389 0.300 0.161 0.012 0.165 0.261 0.064 0.301 
 155   (0.547) 0.582 0.845 0.687 0.594 0.608 0.524 0.494 0.249 0.302 0.577 0.711 0.572 0.484 0.594 0.423 
 157   (0.185) 0.169 0.031 0.091 0.173 0.176 0.113 0.437 0.119 0.323 0.174 0.020 0.175 0.203 0.294 0.251 
 153   (0.058) 0.056 0.006 0.080 0.056 0.023 0.104 0.013 0.236 0.067 0.056 0.004 0.058 0.025 0.043 0.012 
 151   (0.029) 0.023 0.003 0.002 0.023 0.004 0.239 0.006 0.005 0.007 0.026 0.253 0.025 0.024 0.004 0.011 
 163   (0.006) 0.004 0.001 0.001 0.004 0.002 0.001 0.001 0.002 0.002 0.005 0.001 0.005 0.002 0.001 0.001 

Locus 32 : 32 
5 alleles
0.0% missing data
 146   (0.315) 0.337 0.054 0.066 0.347 0.355 0.583 0.222 0.397 0.275 0.338 0.315 0.331 0.381 0.064 0.263 
 150   (0.583) 0.571 0.871 0.856 0.560 0.610 0.406 0.408 0.519 0.676 0.567 0.638 0.572 0.575 0.925 0.508 
 148   (0.056) 0.042 0.069 0.076 0.049 0.012 0.006 0.355 0.016 0.024 0.049 0.045 0.050 0.019 0.005 0.119 
 154   (0.032) 0.037 0.004 0.001 0.032 0.006 0.004 0.008 0.008 0.012 0.034 0.002 0.035 0.019 0.004 0.107 
 152   (0.015) 0.013 0.002 0.000 0.011 0.017 0.002 0.007 0.059 0.014 0.012 0.001 0.012 0.006 0.001 0.003 

Locus 33 : 33 
7 alleles
0.0% missing data
 180   (0.465) 0.475 0.378 0.609 0.482 0.408 0.696 0.516 0.184 0.411 0.475 0.670 0.475 0.417 0.426 0.529 
 196   (0.115) 0.114 0.200 0.188 0.113 0.133 0.013 0.025 0.219 0.104 0.107 0.007 0.112 0.102 0.122 0.051 
 184   (0.197) 0.178 0.123 0.146 0.174 0.336 0.267 0.085 0.459 0.080 0.194 0.070 0.186 0.204 0.425 0.275 
 194   (0.011) 0.006 0.037 0.038 0.005 0.001 0.001 0.003 0.002 0.002 0.006 0.001 0.006 0.004 0.001 0.002 
 192   (0.133) 0.133 0.013 0.005 0.131 0.106 0.014 0.353 0.117 0.282 0.141 0.182 0.138 0.192 0.015 0.100 
 190   (0.016) 0.011 0.002 0.000 0.010 0.005 0.002 0.003 0.005 0.097 0.011 0.001 0.012 0.017 0.002 0.023 
 198   (0.063) 0.084 0.247 0.013 0.085 0.011 0.007 0.015 0.014 0.023 0.067 0.069 0.071 0.065 0.009 0.020 

Locus 34 : 34 
6 alleles
0.0% missing data
 110   (0.184) 0.180 0.168 0.373 0.191 0.078 0.212 0.159 0.054 0.199 0.189 0.071 0.186 0.121 0.272 0.224 
 112   (0.358) 0.365 0.731 0.512 0.372 0.380 0.040 0.436 0.447 0.308 0.369 0.057 0.368 0.352 0.070 0.287 
 106   (0.279) 0.273 0.081 0.090 0.254 0.433 0.223 0.143 0.411 0.370 0.249 0.710 0.258 0.374 0.576 0.413 
  90   (0.039) 0.031 0.006 0.018 0.030 0.007 0.405 0.229 0.008 0.030 0.031 0.002 0.032 0.035 0.067 0.008 
 108   (0.130) 0.144 0.014 0.007 0.148 0.101 0.119 0.030 0.079 0.092 0.155 0.113 0.148 0.114 0.016 0.066 
  96   (0.010) 0.006 0.001 0.000 0.006 0.002 0.001 0.003 0.002 0.002 0.007 0.046 0.007 0.004 0.001 0.002 

Locus 35 : 35 
9 alleles
0.0% missing data
 166   (0.060) 0.054 0.190 0.287 0.047 0.158 0.008 0.125 0.036 0.036 0.046 0.004 0.050 0.022 0.010 0.055 
 176   (0.095) 0.087 0.364 0.129 0.090 0.015 0.011 0.034 0.021 0.028 0.094 0.015 0.092 0.125 0.022 0.222 
 172   (0.328) 0.355 0.221 0.454 0.361 0.424 0.041 0.256 0.421 0.427 0.336 0.585 0.338 0.219 0.452 0.134 
 170   (0.274) 0.249 0.155 0.122 0.245 0.222 0.611 0.195 0.286 0.201 0.265 0.327 0.260 0.253 0.479 0.518 
 174   (0.130) 0.135 0.015 0.005 0.131 0.147 0.015 0.363 0.035 0.251 0.134 0.062 0.138 0.287 0.012 0.048 
 178   (0.040) 0.038 0.048 0.002 0.044 0.010 0.005 0.011 0.057 0.017 0.044 0.003 0.044 0.030 0.017 0.008 
 168   (0.049) 0.061 0.005 0.001 0.057 0.021 0.306 0.012 0.018 0.022 0.057 0.003 0.055 0.056 0.005 0.012 
 186   (0.017) 0.015 0.002 0.000 0.021 0.002 0.002 0.003 0.124 0.017 0.017 0.001 0.018 0.005 0.001 0.003 
 158   (0.007) 0.005 0.001 0.000 0.005 0.001 0.001 0.001 0.001 0.001 0.006 0.000 0.005 0.002 0.001 0.001 

Locus 36 : 36 
6 alleles
0.0% missing data
  89   (0.572) 0.594 0.711 0.662 0.603 0.554 0.371 0.638 0.780 0.729 0.582 0.510 0.587 0.556 0.236 0.494 
  95   (0.057) 0.052 0.023 0.081 0.049 0.129 0.006 0.015 0.015 0.046 0.053 0.004 0.052 0.024 0.039 0.084 
  85   (0.169) 0.151 0.222 0.224 0.139 0.174 0.495 0.292 0.157 0.066 0.151 0.233 0.152 0.203 0.266 0.150 
  81   (0.064) 0.060 0.007 0.006 0.060 0.028 0.008 0.016 0.014 0.039 0.067 0.004 0.065 0.132 0.009 0.179 
  83   (0.122) 0.130 0.036 0.026 0.137 0.106 0.014 0.036 0.029 0.116 0.133 0.248 0.130 0.080 0.449 0.091 
  91   (0.015) 0.013 0.001 0.000 0.012 0.009 0.105 0.003 0.003 0.003 0.013 0.001 0.013 0.005 0.001 0.003 

Locus 37 : 37 
10 alleles
0.0% missing data
 161   (0.341) 0.329 0.536 0.576 0.332 0.268 0.427 0.437 0.123 0.328 0.334 0.375 0.333 0.513 0.088 0.395 
 165   (0.230) 0.246 0.269 0.166 0.254 0.336 0.134 0.094 0.251 0.172 0.246 0.099 0.244 0.156 0.059 0.183 
 159   (0.014) 0.014 0.010 0.036 0.011 0.005 0.001 0.003 0.002 0.003 0.010 0.001 0.011 0.004 0.001 0.002 
 173   (0.255) 0.254 0.085 0.126 0.248 0.186 0.223 0.396 0.424 0.358 0.253 0.515 0.253 0.204 0.160 0.387 
 169   (0.106) 0.105 0.095 0.087 0.102 0.126 0.208 0.059 0.182 0.111 0.102 0.007 0.104 0.098 0.687 0.022 
 167   (0.017) 0.020 0.002 0.009 0.016 0.003 0.002 0.005 0.003 0.019 0.016 0.002 0.016 0.009 0.002 0.003 
 168   (0.011) 0.010 0.001 0.000 0.010 0.001 0.001 0.002 0.002 0.002 0.013 0.001 0.011 0.003 0.001 0.002 
 155   (0.013) 0.014 0.001 0.000 0.019 0.002 0.001 0.002 0.003 0.003 0.018 0.001 0.017 0.007 0.001 0.003 
 177   (0.006) 0.004 0.001 0.000 0.005 0.001 0.001 0.002 0.001 0.002 0.004 0.000 0.005 0.004 0.001 0.001 
 175   (0.008) 0.004 0.001 0.000 0.003 0.072 0.001 0.001 0.009 0.002 0.004 0.000 0.004 0.002 0.001 0.001 

Locus 38 : 38 
6 alleles
0.4% missing data
  87   (0.089) 0.072 0.143 0.171 0.072 0.032 0.554 0.020 0.024 0.136 0.074 0.128 0.075 0.059 0.012 0.115 
  89   (0.445) 0.474 0.670 0.586 0.478 0.671 0.052 0.400 0.423 0.457 0.466 0.091 0.467 0.521 0.750 0.215 
  91   (0.162) 0.170 0.026 0.132 0.175 0.047 0.207 0.095 0.083 0.166 0.161 0.185 0.165 0.166 0.197 0.207 
  81   (0.120) 0.120 0.081 0.081 0.111 0.070 0.014 0.429 0.069 0.055 0.124 0.115 0.120 0.071 0.012 0.218 
  85   (0.178) 0.161 0.079 0.027 0.160 0.179 0.173 0.054 0.400 0.185 0.171 0.480 0.169 0.180 0.027 0.244 
  83   (0.007) 0.004 0.001 0.003 0.003 0.001 0.001 0.002 0.001 0.001 0.004 0.000 0.004 0.002 0.001 0.001 

Locus 39 : 39 
4 alleles
0.4% missing data
 167   (0.793) 0.781 0.924 0.911 0.785 0.689 0.685 0.802 0.933 0.860 0.768 0.857 0.778 0.864 0.933 0.949 
 161   (0.174) 0.183 0.073 0.088 0.185 0.216 0.312 0.184 0.060 0.110 0.200 0.140 0.189 0.119 0.060 0.045 
 165   (0.027) 0.030 0.003 0.001 0.025 0.094 0.003 0.013 0.006 0.029 0.026 0.002 0.027 0.015 0.006 0.005 
 177   (0.007) 0.005 0.001 0.000 0.005 0.001 0.001 0.001 0.001 0.002 0.005 0.001 0.006 0.002 0.001 0.001 

Locus 40 : 40 
6 alleles
0.2% missing data
 228   (0.419) 0.398 0.654 0.521 0.389 0.460 0.546 0.628 0.666 0.458 0.395 0.229 0.396 0.394 0.726 0.443 
 238   (0.342) 0.366 0.270 0.323 0.359 0.346 0.082 0.093 0.205 0.309 0.370 0.116 0.364 0.409 0.071 0.263 
 224   (0.021) 0.013 0.046 0.091 0.013 0.003 0.002 0.225 0.004 0.005 0.015 0.001 0.014 0.007 0.002 0.014 
 236   (0.102) 0.099 0.018 0.062 0.097 0.041 0.356 0.026 0.027 0.098 0.099 0.391 0.099 0.060 0.190 0.114 
 232   (0.012) 0.008 0.003 0.000 0.009 0.002 0.001 0.002 0.002 0.003 0.009 0.001 0.009 0.037 0.001 0.002 
 240   (0.104) 0.116 0.010 0.002 0.133 0.149 0.012 0.026 0.096 0.127 0.113 0.261 0.118 0.094 0.011 0.164 

Locus 41 : 41 
7 alleles
0.0% missing data
 128   (0.122) 0.117 0.072 0.136 0.113 0.293 0.013 0.237 0.048 0.147 0.107 0.032 0.111 0.132 0.235 0.072 
 130   (0.526) 0.544 0.589 0.614 0.550 0.390 0.059 0.520 0.479 0.532 0.546 0.781 0.542 0.564 0.692 0.517 
 114   (0.052) 0.045 0.040 0.110 0.044 0.007 0.504 0.010 0.011 0.015 0.047 0.003 0.047 0.035 0.032 0.076 
 132   (0.133) 0.120 0.281 0.131 0.124 0.161 0.015 0.031 0.405 0.125 0.123 0.047 0.125 0.136 0.021 0.151 
 118   (0.057) 0.057 0.005 0.002 0.055 0.093 0.204 0.026 0.019 0.104 0.050 0.129 0.053 0.055 0.008 0.011 
 134   (0.105) 0.112 0.012 0.006 0.108 0.055 0.205 0.175 0.037 0.077 0.122 0.007 0.117 0.076 0.012 0.171 
 136   (0.006) 0.004 0.001 0.000 0.005 0.001 0.001 0.001 0.001 0.001 0.005 0.000 0.005 0.002 0.001 0.001 

Locus 42 : 42 
6 alleles
1.3% missing data
 102   (0.283) 0.274 0.435 0.414 0.270 0.291 0.574 0.228 0.440 0.361 0.272 0.476 0.269 0.177 0.081 0.412 
 104   (0.400) 0.434 0.148 0.197 0.436 0.553 0.049 0.679 0.270 0.510 0.426 0.413 0.431 0.410 0.100 0.324 
  92   (0.109) 0.106 0.279 0.105 0.100 0.027 0.052 0.034 0.148 0.053 0.108 0.007 0.106 0.218 0.013 0.086 
  96   (0.070) 0.067 0.064 0.062 0.071 0.028 0.098 0.018 0.015 0.019 0.068 0.004 0.067 0.083 0.704 0.054 
  98   (0.131) 0.115 0.074 0.222 0.118 0.100 0.227 0.038 0.124 0.056 0.122 0.099 0.123 0.109 0.101 0.123 
 106   (0.006) 0.004 0.001 0.001 0.005 0.001 0.001 0.002 0.002 0.002 0.005 0.000 0.005 0.002 0.001 0.002 

Locus 43 : 43 
6 alleles
1.6% missing data
 101   (0.306) 0.308 0.228 0.471 0.288 0.228 0.036 0.211 0.433 0.291 0.296 0.182 0.299 0.399 0.090 0.468 
 103   (0.321) 0.318 0.366 0.176 0.333 0.445 0.230 0.135 0.413 0.395 0.332 0.350 0.331 0.203 0.450 0.280 
  99   (0.139) 0.138 0.207 0.030 0.143 0.100 0.419 0.587 0.039 0.056 0.148 0.009 0.145 0.211 0.074 0.066 
  95   (0.212) 0.215 0.196 0.322 0.216 0.224 0.178 0.063 0.111 0.253 0.201 0.457 0.204 0.177 0.384 0.183 
  97   (0.016) 0.015 0.001 0.000 0.015 0.002 0.136 0.003 0.003 0.003 0.017 0.001 0.016 0.007 0.001 0.003 
  91   (0.007) 0.005 0.001 0.000 0.006 0.001 0.001 0.001 0.001 0.001 0.005 0.000 0.006 0.002 0.001 0.001 

Locus 44 : 44 
7 alleles
0.2% missing data
 177   (0.078) 0.086 0.160 0.064 0.089 0.049 0.010 0.016 0.024 0.050 0.081 0.005 0.085 0.039 0.009 0.064 
 191   (0.279) 0.295 0.112 0.188 0.316 0.137 0.280 0.330 0.129 0.331 0.311 0.099 0.304 0.273 0.053 0.303 
 181   (0.583) 0.555 0.723 0.747 0.541 0.727 0.522 0.571 0.837 0.605 0.548 0.862 0.551 0.656 0.932 0.619 
 179   (0.037) 0.048 0.004 0.001 0.041 0.005 0.186 0.078 0.006 0.009 0.044 0.002 0.043 0.024 0.003 0.010 
 183   (0.009) 0.008 0.001 0.000 0.007 0.003 0.001 0.002 0.002 0.002 0.009 0.001 0.008 0.004 0.001 0.002 
 193   (0.007) 0.005 0.001 0.000 0.004 0.077 0.001 0.001 0.001 0.001 0.004 0.000 0.004 0.002 0.001 0.001 
 189   (0.007) 0.003 0.001 0.000 0.003 0.001 0.001 0.001 0.001 0.001 0.003 0.030 0.004 0.002 0.000 0.001 

Locus 45 : 45 
6 alleles
0.9% missing data
 205   (0.466) 0.492 0.538 0.504 0.491 0.557 0.250 0.526 0.524 0.404 0.489 0.405 0.486 0.379 0.866 0.536 
 211   (0.232) 0.231 0.116 0.252 0.228 0.097 0.344 0.298 0.231 0.170 0.238 0.276 0.234 0.344 0.047 0.186 
 207   (0.143) 0.131 0.189 0.126 0.130 0.233 0.017 0.052 0.207 0.182 0.137 0.200 0.137 0.095 0.066 0.090 
 201   (0.072) 0.059 0.115 0.069 0.064 0.022 0.378 0.023 0.020 0.170 0.059 0.005 0.061 0.101 0.012 0.082 
 215   (0.079) 0.078 0.042 0.049 0.074 0.089 0.010 0.099 0.015 0.073 0.069 0.114 0.073 0.078 0.009 0.105 
 202   (0.008) 0.009 0.001 0.000 0.013 0.002 0.001 0.001 0.001 0.002 0.008 0.000 0.009 0.003 0.001 0.001 

Locus 46 : 46 
10 alleles
1.1% missing data
 144   (0.066) 0.060 0.089 0.253 0.058 0.027 0.008 0.056 0.015 0.080 0.053 0.128 0.056 0.097 0.052 0.015 
 158   (0.154) 0.143 0.389 0.112 0.140 0.033 0.020 0.197 0.084 0.189 0.159 0.083 0.152 0.133 0.035 0.265 
 168   (0.136) 0.143 0.066 0.224 0.163 0.040 0.212 0.032 0.032 0.064 0.151 0.107 0.150 0.111 0.057 0.136 
 166   (0.141) 0.125 0.132 0.322 0.122 0.347 0.124 0.041 0.067 0.076 0.130 0.389 0.128 0.103 0.459 0.086 
 142   (0.375) 0.410 0.292 0.085 0.395 0.482 0.048 0.649 0.712 0.535 0.385 0.284 0.390 0.283 0.382 0.439 
 170   (0.014) 0.011 0.001 0.001 0.009 0.002 0.002 0.004 0.003 0.003 0.010 0.001 0.011 0.043 0.002 0.005 
 156   (0.025) 0.024 0.014 0.001 0.028 0.004 0.466 0.005 0.011 0.017 0.027 0.001 0.027 0.009 0.002 0.005 
 162   (0.042) 0.043 0.004 0.001 0.039 0.059 0.115 0.008 0.009 0.012 0.039 0.003 0.041 0.069 0.005 0.038 
 164   (0.039) 0.036 0.012 0.001 0.041 0.005 0.004 0.007 0.065 0.022 0.041 0.002 0.040 0.151 0.005 0.010 
 160   (0.006) 0.005 0.001 0.000 0.004 0.001 0.001 0.001 0.001 0.001 0.005 0.000 0.005 0.002 0.001 0.002 

Locus 47 : 47 
7 alleles
8.7% missing data
 149   (0.342) 0.373 0.187 0.212 0.372 0.403 0.351 0.520 0.369 0.328 0.359 0.335 0.360 0.298 0.467 0.083 
 151   (0.186) 0.164 0.564 0.205 0.166 0.109 0.086 0.333 0.166 0.202 0.177 0.012 0.173 0.162 0.117 0.371 
 153   (0.199) 0.207 0.138 0.364 0.189 0.413 0.031 0.075 0.304 0.296 0.196 0.025 0.197 0.153 0.110 0.177 
 147   (0.028) 0.022 0.029 0.034 0.022 0.004 0.004 0.008 0.006 0.009 0.023 0.002 0.024 0.066 0.003 0.005 
 145   (0.227) 0.221 0.078 0.183 0.238 0.068 0.525 0.058 0.152 0.162 0.231 0.624 0.232 0.275 0.300 0.360 
 152   (0.007) 0.004 0.002 0.002 0.004 0.001 0.001 0.003 0.001 0.002 0.004 0.000 0.004 0.003 0.001 0.002 
 143   (0.012) 0.010 0.001 0.000 0.009 0.002 0.002 0.003 0.002 0.003 0.010 0.001 0.010 0.043 0.001 0.002 

Values of parameters used in structure:
DATAFILE=temp2_no_plains.str,	OUTFILE=k15/temp2_no_plains_k15_run1,	NUMINDS=450,	NUMLOCI=47,	MISSING=-9,	LABEL=1,	POPDATA=1,	POPFLAG=0,	PHENOTYPE=0,	EXTRACOLS=0,	MAXPOPS=15,	BURNIN=500000,	NUMREPS=750000,	USEPOPINFO=0,	INFERALPHA=1,	INFERLAMBDA=0,	POPSPECIFICLAMBDA=0,	POPALPHAS=0,	COMPUTEPROB=1,	NOADMIX=0,	ADMBURNIN=500,	UPDATEFREQ=100,	PRINTLIKES=0,	INTERMEDSAVE=0,	PRINTKLD=0,	PRINTNET=1,	PRINTLAMBDA=1,	ANCESTDIST=0,	NUMBOXES=1000,	ANCESTPINT=0.90000,	GENSBACK=2,	MIGRPRIOR=0.01000,	PRINTQHAT=0,	PRINTQSUM=1,	ALPHA=1.0000,	FREQSCORR=1,	FPRIORMEAN=0.0100,	FPRIORSD=0.0500,	ONEFST=0,	LAMBDA=1.0000,	UNIFPRIORALPHA=1,	ALPHAMAX=10.0000,	ALPHAPRIORA=1.0000,	ALPHAPRIORB=2.0000,	ALPHAPROPSD=0.0250,	STARTATPOPINFO=0,	RANDOMIZE=0,	LINKAGE=0,	METROFREQ=10,	REPORTHITRATE=0,	MARKOVPHASE=0,	PHASED=1,	PLOIDY=2,	PHASEINFO=0	LOCPRIOR=0, 	LOCPRIORINIT=1.000000, 	LOCDATA=0, 	LOCISPOP=1, 	LOCPRIORSTEP=0.100000, 	MAXLOCPRIOR=20.000000, 	SEED=900227,	
[STRAT parameters]:    NUMSIMSTATS=1000,	PHENOTYPECOL=-9,	POOLFREQ=10,	LOCUSxONLY=0,	EMERROR=0.00100,	MISSINGPHENO=-9,	