

----------------------------------------------------
STRUCTURE by Pritchard, Stephens and Donnelly (2000)
     and Falush, Stephens and Pritchard (2003)
       Code by Pritchard, Falush and Hubisz
             Version 2.3.4 (Jul 2012)
----------------------------------------------------



Command line arguments:   structure -D 586669 -K 7 -m mainparams -o k7/temp2_no_plains_k7_run3 
Input File:    temp2_no_plains.str

Run parameters:
   450 individuals
   47 loci
   7 populations assumed
   500000 Burn-in period
   750000 Reps
RANDOMIZE turned off


--------------------------------------------
Proportion of membership of each pre-defined
 population in each of the 7 clusters

Given    Inferred Clusters                                   Number of
 Pop       1      2      3      4      5      6      7      Individuals

  1:     0.004  0.010  0.009  0.011  0.947  0.009  0.010       63
  2:     0.006  0.009  0.007  0.015  0.932  0.016  0.015       20
  3:     0.004  0.014  0.007  0.024  0.894  0.026  0.031       21
  4:     0.004  0.007  0.006  0.011  0.877  0.083  0.011       31
  5:     0.004  0.009  0.004  0.007  0.964  0.006  0.006       21
  6:     0.006  0.064  0.012  0.022  0.013  0.861  0.023       25
  7:     0.013  0.015  0.014  0.136  0.687  0.053  0.082        8
  8:     0.007  0.018  0.005  0.012  0.939  0.008  0.012       17
  9:     0.003  0.005  0.972  0.005  0.005  0.006  0.005       29
 10:     0.987  0.002  0.002  0.003  0.002  0.002  0.003        9
 11:     0.008  0.069  0.014  0.364  0.013  0.105  0.427       26
 12:     0.009  0.292  0.011  0.321  0.016  0.055  0.295       74
 13:     0.007  0.558  0.014  0.149  0.024  0.084  0.165       35
 14:     0.009  0.794  0.009  0.059  0.038  0.029  0.061       24
 15:     0.010  0.070  0.027  0.369  0.024  0.058  0.442       43
 16:     0.003  0.041  0.009  0.385  0.032  0.016  0.514        4
--------------------------------------------

Allele-freq. divergence among pops (Net nucleotide distance),
computed using point estimates of P.

      1       2       3       4       5       6       7      
 1      -    0.1193  0.1286  0.0967  0.1333  0.1025  0.0964  
 2   0.1193     -    0.0646  0.0146  0.0363  0.0250  0.0131  
 3   0.1286  0.0646     -    0.0521  0.0728  0.0564  0.0516  
 4   0.0967  0.0146  0.0521     -    0.0253  0.0134  0.0007  
 5   0.1333  0.0363  0.0728  0.0253     -    0.0335  0.0252  
 6   0.1025  0.0250  0.0564  0.0134  0.0335     -    0.0127  
 7   0.0964  0.0131  0.0516  0.0007  0.0252  0.0127     -    

Average distances (expected heterozygosity) between individuals in same cluster:
cluster  1  : 0.5368 
cluster  2  : 0.5852 
cluster  3  : 0.5487 
cluster  4  : 0.6380 
cluster  5  : 0.5536 
cluster  6  : 0.6128 
cluster  7  : 0.6417 

--------------------------------------------
Estimated Ln Prob of Data   = -48152.3
Mean value of ln likelihood = -47193.4
Variance of ln likelihood   = 1917.8
Mean value of alpha         = 0.0330

Mean value of Fst_1         = 0.3014
Mean value of Fst_2         = 0.0597
Mean value of Fst_3         = 0.2013
Mean value of Fst_4         = 0.0136
Mean value of Fst_5         = 0.1209
Mean value of Fst_6         = 0.0609
Mean value of Fst_7         = 0.0084


Inferred ancestry of individuals:
        Label (%Miss) Pop:  Inferred clusters
  1      221    (0)    1 :  0.003 0.008 0.002 0.006 0.964 0.011 0.006 
  2      222    (0)    1 :  0.005 0.005 0.009 0.007 0.958 0.010 0.007 
  3      223    (0)    1 :  0.003 0.008 0.003 0.010 0.962 0.007 0.009 
  4      224    (0)    1 :  0.001 0.002 0.005 0.003 0.983 0.004 0.003 
  5      225    (0)    1 :  0.002 0.003 0.003 0.005 0.979 0.003 0.005 
  6      226    (0)    1 :  0.004 0.003 0.002 0.005 0.969 0.011 0.005 
  7      227    (0)    1 :  0.015 0.006 0.005 0.012 0.925 0.024 0.013 
  8      228    (0)    1 :  0.003 0.011 0.005 0.008 0.958 0.007 0.008 
  9      234    (0)    1 :  0.002 0.004 0.002 0.003 0.983 0.003 0.003 
 10      235    (0)    1 :  0.003 0.003 0.002 0.003 0.983 0.003 0.003 
 11      236    (0)    1 :  0.002 0.002 0.002 0.002 0.987 0.003 0.002 
 12      237    (0)    1 :  0.002 0.004 0.002 0.004 0.983 0.003 0.003 
 13      238    (0)    1 :  0.003 0.006 0.008 0.006 0.958 0.014 0.005 
 14      239    (0)    1 :  0.009 0.012 0.021 0.037 0.831 0.059 0.030 
 15      240    (0)    1 :  0.002 0.003 0.002 0.003 0.983 0.004 0.003 
 16      242    (0)    1 :  0.001 0.024 0.002 0.201 0.599 0.019 0.153 
 17      243    (0)    1 :  0.012 0.006 0.015 0.008 0.934 0.015 0.011 
 18      244    (0)    1 :  0.010 0.002 0.003 0.009 0.956 0.013 0.006 
 19      245    (0)    1 :  0.018 0.020 0.010 0.022 0.898 0.013 0.019 
 20      246    (0)    1 :  0.003 0.002 0.003 0.003 0.983 0.003 0.003 
 21      248    (0)    1 :  0.003 0.004 0.027 0.009 0.945 0.005 0.007 
 22      249    (0)    1 :  0.001 0.002 0.002 0.003 0.986 0.004 0.002 
 23      250    (0)    1 :  0.005 0.016 0.011 0.013 0.930 0.010 0.015 
 24      251    (0)    1 :  0.003 0.008 0.002 0.004 0.976 0.003 0.004 
 25      252    (0)    1 :  0.001 0.017 0.055 0.009 0.899 0.008 0.010 
 26      253    (0)    1 :  0.003 0.005 0.033 0.048 0.861 0.011 0.038 
 27      254    (0)    1 :  0.002 0.004 0.004 0.006 0.972 0.006 0.006 
 28      255    (0)    1 :  0.002 0.005 0.005 0.008 0.954 0.018 0.008 
 29      256    (0)    1 :  0.002 0.004 0.001 0.005 0.979 0.004 0.005 
 30      257    (0)    1 :  0.003 0.010 0.009 0.009 0.950 0.011 0.008 
 31      258    (0)    1 :  0.002 0.009 0.003 0.007 0.967 0.007 0.006 
 32      259    (0)    1 :  0.002 0.007 0.003 0.013 0.959 0.006 0.010 
 33      260    (0)    1 :  0.005 0.004 0.061 0.004 0.910 0.010 0.005 
 34      261    (0)    1 :  0.003 0.085 0.012 0.010 0.860 0.015 0.015 
 35      262    (0)    1 :  0.001 0.002 0.003 0.002 0.988 0.002 0.002 
 36      263    (0)    1 :  0.004 0.004 0.020 0.004 0.941 0.022 0.004 
 37      264    (0)    1 :  0.001 0.005 0.003 0.004 0.977 0.006 0.004 
 38      265    (0)    1 :  0.002 0.004 0.024 0.004 0.952 0.010 0.004 
 39      266    (0)    1 :  0.001 0.003 0.002 0.003 0.987 0.002 0.003 
 40      267    (0)    1 :  0.002 0.003 0.001 0.003 0.986 0.003 0.003 
 41      268    (0)    1 :  0.008 0.005 0.053 0.006 0.915 0.006 0.006 
 42      269    (0)    1 :  0.001 0.003 0.002 0.003 0.985 0.003 0.003 
 43      270    (0)    1 :  0.002 0.003 0.002 0.003 0.981 0.007 0.003 
 44      271    (0)    1 :  0.003 0.015 0.011 0.019 0.915 0.012 0.024 
 45      272    (0)    1 :  0.005 0.019 0.005 0.014 0.925 0.014 0.018 
 46      273    (0)    1 :  0.002 0.009 0.003 0.012 0.934 0.029 0.011 
 47      274    (0)    1 :  0.003 0.006 0.005 0.004 0.973 0.005 0.004 
 48      275    (2)    1 :  0.002 0.004 0.002 0.004 0.980 0.005 0.004 
 49      276    (0)    1 :  0.002 0.008 0.004 0.005 0.972 0.004 0.005 
 50      277    (0)    1 :  0.001 0.053 0.002 0.009 0.916 0.008 0.011 
 51      278    (0)    1 :  0.008 0.025 0.004 0.008 0.943 0.005 0.007 
 52      279    (0)    1 :  0.002 0.007 0.003 0.012 0.961 0.005 0.011 
 53      280    (0)    1 :  0.002 0.014 0.004 0.008 0.955 0.009 0.007 
 54      287    (0)    1 :  0.004 0.009 0.006 0.012 0.946 0.011 0.012 
 55      290    (0)    1 :  0.005 0.008 0.003 0.007 0.960 0.010 0.008 
 56      291    (0)    1 :  0.003 0.027 0.006 0.008 0.941 0.005 0.009 
 57      295    (0)    1 :  0.001 0.013 0.003 0.003 0.972 0.004 0.003 
 58      296    (0)    1 :  0.002 0.003 0.004 0.004 0.979 0.004 0.004 
 59      872    (2)    1 :  0.004 0.004 0.006 0.004 0.974 0.005 0.004 
 60      873    (4)    1 :  0.004 0.004 0.003 0.013 0.948 0.015 0.013 
 61      874    (2)    1 :  0.001 0.012 0.002 0.005 0.970 0.005 0.004 
 62      875    (0)    1 :  0.014 0.003 0.002 0.004 0.967 0.004 0.004 
 63      876    (6)    1 :  0.001 0.016 0.014 0.012 0.926 0.021 0.010 
 64      070    (0)   10 :  0.982 0.002 0.001 0.004 0.002 0.003 0.005 
 65      071    (0)   10 :  0.981 0.003 0.005 0.003 0.002 0.003 0.003 
 66      072    (0)   10 :  0.990 0.002 0.001 0.002 0.002 0.002 0.002 
 67      151    (0)   10 :  0.992 0.002 0.001 0.001 0.001 0.002 0.001 
 68      152    (0)   10 :  0.977 0.004 0.002 0.005 0.003 0.003 0.006 
 69      153    (2)   10 :  0.992 0.001 0.001 0.001 0.001 0.002 0.001 
 70      788    (4)   10 :  0.986 0.003 0.002 0.002 0.002 0.002 0.002 
 71      789    (2)   10 :  0.989 0.002 0.003 0.002 0.002 0.002 0.002 
 72      790    (0)   10 :  0.990 0.001 0.001 0.002 0.002 0.002 0.002 
 73      010    (0)   11 :  0.002 0.006 0.004 0.489 0.006 0.013 0.481 
 74      024    (0)   11 :  0.007 0.026 0.012 0.291 0.007 0.012 0.646 
 75      051    (0)   11 :  0.017 0.007 0.007 0.270 0.005 0.335 0.359 
 76      090    (0)   11 :  0.006 0.013 0.004 0.297 0.007 0.053 0.620 
 77      102    (0)   11 :  0.002 0.277 0.003 0.198 0.039 0.032 0.450 
 78      111    (0)   11 :  0.002 0.013 0.003 0.403 0.009 0.011 0.559 
 79      113    (0)   11 :  0.006 0.064 0.004 0.371 0.008 0.138 0.409 
 80      138    (0)   11 :  0.028 0.016 0.076 0.490 0.008 0.010 0.372 
 81      150    (0)   11 :  0.012 0.787 0.005 0.060 0.024 0.069 0.043 
 82      173    (2)   11 :  0.023 0.054 0.021 0.200 0.006 0.495 0.201 
 83      174    (2)   11 :  0.021 0.004 0.003 0.653 0.007 0.016 0.296 
 84      175    (0)   11 :  0.007 0.008 0.003 0.372 0.003 0.043 0.564 
 85      176    (0)   11 :  0.005 0.010 0.012 0.430 0.024 0.010 0.509 
 86      177    (0)   11 :  0.004 0.017 0.002 0.315 0.004 0.447 0.212 
 87      180    (0)   11 :  0.004 0.006 0.006 0.300 0.051 0.285 0.348 
 88      184    (0)   11 :  0.011 0.057 0.005 0.548 0.006 0.027 0.347 
 89      195    (0)   11 :  0.005 0.019 0.015 0.424 0.006 0.018 0.513 
 90      198    (0)   11 :  0.002 0.008 0.005 0.536 0.014 0.013 0.422 
 91      203    (0)   11 :  0.008 0.016 0.005 0.288 0.009 0.019 0.656 
 92      211    (0)   11 :  0.003 0.033 0.095 0.308 0.027 0.008 0.524 
 93      220    (0)   11 :  0.002 0.215 0.008 0.234 0.006 0.185 0.349 
 94      233    (0)   11 :  0.005 0.099 0.036 0.234 0.010 0.052 0.563 
 95      331    (0)   11 :  0.007 0.009 0.004 0.303 0.006 0.037 0.634 
 96      349    (0)   11 :  0.007 0.018 0.005 0.187 0.007 0.385 0.391 
 97      410    (0)   11 :  0.003 0.005 0.021 0.650 0.008 0.014 0.300 
 98      417    (2)   11 :  0.002 0.009 0.005 0.617 0.026 0.007 0.334 
 99      421    (0)   12 :  0.002 0.948 0.006 0.012 0.013 0.006 0.013 
100      423    (0)   12 :  0.007 0.006 0.002 0.309 0.006 0.018 0.652 
101      424    (0)   12 :  0.002 0.008 0.002 0.235 0.019 0.531 0.202 
102      433    (0)   12 :  0.002 0.578 0.018 0.278 0.005 0.007 0.112 
103      462    (0)   12 :  0.002 0.145 0.024 0.396 0.009 0.128 0.296 
104      463    (0)   12 :  0.002 0.009 0.003 0.570 0.012 0.017 0.386 
105      467    (0)   12 :  0.006 0.944 0.011 0.008 0.012 0.011 0.009 
106      468    (0)   12 :  0.004 0.249 0.002 0.035 0.037 0.622 0.051 
107      469    (0)   12 :  0.002 0.560 0.002 0.181 0.067 0.009 0.179 
108      472    (0)   12 :  0.004 0.019 0.007 0.463 0.007 0.007 0.494 
109      473    (0)   12 :  0.002 0.016 0.008 0.229 0.004 0.219 0.521 
110      474    (0)   12 :  0.001 0.948 0.010 0.009 0.010 0.015 0.007 
111      475    (0)   12 :  0.003 0.571 0.003 0.173 0.004 0.016 0.230 
112      476    (2)   12 :  0.011 0.892 0.027 0.016 0.005 0.027 0.022 
113      477    (0)   12 :  0.005 0.032 0.018 0.276 0.009 0.009 0.650 
114      478    (0)   12 :  0.002 0.060 0.003 0.221 0.024 0.021 0.670 
115      479    (0)   12 :  0.004 0.755 0.004 0.114 0.032 0.022 0.069 
116      480    (0)   12 :  0.002 0.973 0.002 0.006 0.003 0.007 0.006 
117      481    (0)   12 :  0.038 0.072 0.003 0.416 0.007 0.027 0.438 
118      482    (0)   12 :  0.002 0.037 0.035 0.480 0.006 0.011 0.428 
119      489    (0)   12 :  0.005 0.042 0.015 0.484 0.005 0.013 0.436 
120      490    (0)   12 :  0.003 0.011 0.003 0.707 0.023 0.023 0.230 
121      491    (0)   12 :  0.009 0.024 0.114 0.389 0.005 0.074 0.386 
122      492    (0)   12 :  0.004 0.712 0.017 0.099 0.031 0.063 0.073 
123      493    (0)   12 :  0.011 0.808 0.007 0.045 0.010 0.020 0.098 
124      494    (0)   12 :  0.023 0.267 0.033 0.411 0.005 0.020 0.241 
125      498    (0)   12 :  0.007 0.020 0.004 0.548 0.019 0.013 0.389 
126      499    (0)   12 :  0.004 0.016 0.007 0.362 0.010 0.052 0.550 
127      709    (0)   12 :  0.077 0.014 0.009 0.567 0.011 0.013 0.310 
128      710    (4)   12 :  0.007 0.113 0.002 0.348 0.006 0.004 0.519 
129      711    (2)   12 :  0.007 0.016 0.003 0.337 0.040 0.195 0.402 
130      712    (4)   12 :  0.002 0.013 0.003 0.734 0.011 0.013 0.223 
131      713    (0)   12 :  0.003 0.004 0.007 0.249 0.005 0.010 0.721 
132      714    (2)   12 :  0.009 0.948 0.002 0.010 0.007 0.014 0.010 
133      715    (4)   12 :  0.010 0.872 0.030 0.020 0.037 0.014 0.017 
134      716    (0)   12 :  0.002 0.970 0.003 0.009 0.003 0.004 0.009 
135      717    (2)   12 :  0.003 0.364 0.009 0.240 0.013 0.015 0.356 
136      718    (4)   12 :  0.002 0.048 0.002 0.600 0.019 0.023 0.305 
137      719    (0)   12 :  0.002 0.981 0.002 0.005 0.004 0.003 0.004 
138      720    (2)   12 :  0.002 0.928 0.010 0.016 0.008 0.012 0.024 
139      721    (0)   12 :  0.050 0.573 0.007 0.151 0.006 0.043 0.170 
140      722    (4)   12 :  0.002 0.972 0.002 0.004 0.010 0.005 0.004 
141      723    (0)   12 :  0.007 0.947 0.008 0.013 0.004 0.004 0.017 
142      724    (0)   12 :  0.004 0.911 0.007 0.017 0.038 0.008 0.015 
143      725    (0)   12 :  0.004 0.018 0.010 0.284 0.006 0.014 0.663 
144      726    (0)   12 :  0.007 0.236 0.005 0.241 0.005 0.031 0.474 
145      727    (0)   12 :  0.008 0.107 0.011 0.535 0.005 0.015 0.318 
146      728    (2)   12 :  0.097 0.017 0.006 0.381 0.011 0.013 0.475 
147      729    (6)   12 :  0.004 0.031 0.004 0.491 0.006 0.012 0.452 
148      730    (2)   12 :  0.006 0.029 0.004 0.695 0.014 0.013 0.237 
149      731    (2)   12 :  0.002 0.007 0.002 0.666 0.011 0.008 0.303 
150      732    (0)   12 :  0.003 0.263 0.006 0.363 0.013 0.030 0.322 
151      733    (0)   12 :  0.004 0.073 0.003 0.473 0.017 0.010 0.420 
152      734    (2)   12 :  0.009 0.027 0.087 0.450 0.008 0.093 0.326 
153      735    (4)   12 :  0.003 0.030 0.008 0.263 0.006 0.042 0.648 
154      736    (2)   12 :  0.013 0.007 0.016 0.685 0.004 0.014 0.262 
155      737    (0)   12 :  0.011 0.005 0.003 0.682 0.016 0.028 0.255 
156      738    (2)   12 :  0.003 0.010 0.005 0.452 0.010 0.038 0.482 
157      739    (8)   12 :  0.009 0.035 0.006 0.661 0.010 0.014 0.266 
158      740    (4)   12 :  0.002 0.104 0.003 0.555 0.007 0.005 0.324 
159      741    (2)   12 :  0.002 0.063 0.017 0.510 0.119 0.020 0.268 
160      742    (4)   12 :  0.005 0.011 0.004 0.577 0.012 0.046 0.345 
161      743    (2)   12 :  0.002 0.958 0.009 0.011 0.005 0.005 0.009 
162      744    (0)   12 :  0.030 0.121 0.004 0.298 0.004 0.010 0.533 
163      745    (0)   12 :  0.020 0.522 0.005 0.113 0.070 0.011 0.260 
164      746    (2)   12 :  0.004 0.006 0.005 0.550 0.006 0.019 0.410 
165      747    (2)   12 :  0.005 0.011 0.020 0.607 0.034 0.052 0.272 
166      748    (0)   12 :  0.005 0.020 0.018 0.208 0.091 0.434 0.223 
167      749    (2)   12 :  0.011 0.007 0.020 0.345 0.010 0.083 0.523 
168      750    (4)   12 :  0.004 0.009 0.005 0.543 0.011 0.013 0.415 
169      751    (0)   12 :  0.015 0.015 0.007 0.280 0.013 0.076 0.594 
170      752    (2)   12 :  0.003 0.418 0.002 0.025 0.022 0.500 0.030 
171      753    (4)   12 :  0.009 0.048 0.034 0.250 0.033 0.053 0.572 
172      754    (2)   12 :  0.003 0.006 0.003 0.766 0.004 0.007 0.211 
173      155    (0)   13 :  0.004 0.019 0.041 0.249 0.023 0.009 0.656 
174      156    (2)   13 :  0.117 0.013 0.005 0.289 0.021 0.010 0.545 
175      157    (2)   13 :  0.002 0.008 0.007 0.748 0.004 0.009 0.221 
176      158    (0)   13 :  0.004 0.021 0.007 0.506 0.009 0.041 0.412 
177      159    (0)   13 :  0.008 0.013 0.003 0.277 0.024 0.009 0.665 
178      160    (0)   13 :  0.003 0.631 0.010 0.190 0.012 0.052 0.101 
179      161    (0)   13 :  0.003 0.029 0.008 0.677 0.005 0.010 0.267 
180      162    (0)   13 :  0.008 0.413 0.006 0.125 0.008 0.031 0.410 
181      163    (2)   13 :  0.009 0.006 0.003 0.402 0.004 0.068 0.509 
182      164    (0)   13 :  0.002 0.017 0.019 0.293 0.041 0.021 0.607 
183      165    (2)   13 :  0.005 0.006 0.005 0.574 0.007 0.004 0.399 
184      427    (0)   13 :  0.009 0.883 0.072 0.010 0.006 0.008 0.012 
185      428    (0)   13 :  0.003 0.959 0.004 0.005 0.009 0.013 0.006 
186      429    (0)   13 :  0.003 0.968 0.003 0.006 0.005 0.006 0.008 
187      430    (0)   13 :  0.002 0.076 0.004 0.214 0.044 0.406 0.254 
188      431    (0)   13 :  0.002 0.935 0.003 0.010 0.031 0.009 0.011 
189      435    (0)   13 :  0.002 0.984 0.002 0.003 0.003 0.003 0.003 
190      436    (0)   13 :  0.002 0.979 0.003 0.004 0.006 0.003 0.004 
191      437    (0)   13 :  0.002 0.935 0.004 0.008 0.037 0.004 0.009 
192      438    (0)   13 :  0.005 0.909 0.002 0.017 0.035 0.014 0.017 
193      439    (0)   13 :  0.006 0.710 0.004 0.112 0.015 0.035 0.118 
194      441    (0)   13 :  0.001 0.129 0.004 0.014 0.005 0.820 0.027 
195      442    (0)   13 :  0.006 0.759 0.186 0.010 0.008 0.015 0.015 
196      443    (4)   13 :  0.003 0.964 0.002 0.007 0.009 0.009 0.007 
197      444    (4)   13 :  0.005 0.959 0.011 0.006 0.007 0.005 0.007 
198      445    (2)   13 :  0.010 0.688 0.004 0.080 0.059 0.005 0.155 
199      446    (0)   13 :  0.003 0.971 0.006 0.006 0.003 0.005 0.006 
200      447    (0)   13 :  0.004 0.957 0.004 0.009 0.011 0.005 0.010 
201      449    (0)   13 :  0.002 0.979 0.004 0.003 0.005 0.003 0.003 
202      460    (0)   13 :  0.002 0.946 0.005 0.010 0.014 0.007 0.016 
203      461    (0)   13 :  0.002 0.660 0.008 0.146 0.039 0.047 0.097 
204      484    (0)   13 :  0.008 0.039 0.014 0.128 0.318 0.395 0.098 
205      485    (0)   13 :  0.002 0.974 0.004 0.007 0.004 0.003 0.007 
206      486    (0)   13 :  0.002 0.105 0.003 0.021 0.006 0.821 0.041 
207      487    (0)   13 :  0.003 0.894 0.009 0.033 0.006 0.017 0.038 
208      178    (0)   14 :  0.010 0.857 0.005 0.061 0.004 0.013 0.050 
209      422    (0)   14 :  0.002 0.968 0.003 0.008 0.009 0.004 0.006 
210      425    (0)   14 :  0.001 0.959 0.003 0.013 0.004 0.006 0.013 
211      426    (0)   14 :  0.119 0.124 0.025 0.257 0.004 0.242 0.229 
212      432    (0)   14 :  0.011 0.516 0.011 0.112 0.015 0.085 0.249 
213      434    (0)   14 :  0.003 0.967 0.006 0.006 0.006 0.006 0.006 
214      440    (0)   14 :  0.002 0.785 0.018 0.051 0.004 0.035 0.104 
215      448    (2)   14 :  0.002 0.929 0.023 0.008 0.018 0.012 0.007 
216      456    (0)   14 :  0.003 0.304 0.011 0.136 0.223 0.036 0.286 
217      457    (0)   14 :  0.006 0.839 0.004 0.026 0.027 0.037 0.062 
218      458    (0)   14 :  0.008 0.513 0.020 0.242 0.013 0.071 0.132 
219      459    (0)   14 :  0.003 0.935 0.005 0.020 0.008 0.014 0.017 
220      464    (0)   14 :  0.003 0.970 0.006 0.007 0.003 0.004 0.007 
221      465    (0)   14 :  0.001 0.972 0.002 0.011 0.003 0.004 0.007 
222      466    (0)   14 :  0.002 0.921 0.005 0.025 0.019 0.009 0.020 
223      470    (0)   14 :  0.002 0.972 0.004 0.005 0.003 0.009 0.005 
224      471    (0)   14 :  0.018 0.914 0.003 0.013 0.008 0.028 0.015 
225      483    (0)   14 :  0.003 0.862 0.011 0.064 0.006 0.016 0.037 
226      488    (0)   14 :  0.003 0.869 0.006 0.056 0.015 0.016 0.036 
227      495    (0)   14 :  0.001 0.959 0.003 0.012 0.011 0.006 0.008 
228      496    (0)   14 :  0.002 0.966 0.002 0.012 0.003 0.006 0.009 
229      497    (0)   14 :  0.003 0.907 0.036 0.015 0.010 0.003 0.024 
230      500    (0)   14 :  0.003 0.116 0.003 0.241 0.500 0.019 0.118 
231      879    (0)   14 :  0.003 0.931 0.013 0.020 0.004 0.014 0.014 
232      036    (0)   15 :  0.004 0.015 0.002 0.257 0.007 0.005 0.710 
233      063    (2)   15 :  0.004 0.034 0.014 0.430 0.017 0.062 0.439 
234      094    (4)   15 :  0.005 0.056 0.008 0.514 0.087 0.016 0.314 
235      103    (4)   15 :  0.003 0.007 0.005 0.565 0.006 0.005 0.409 
236      112    (0)   15 :  0.004 0.006 0.005 0.511 0.006 0.034 0.434 
237      114    (2)   15 :  0.002 0.053 0.004 0.436 0.005 0.006 0.493 
238      120    (0)   15 :  0.002 0.022 0.005 0.566 0.031 0.051 0.322 
239      127    (2)   15 :  0.003 0.014 0.006 0.230 0.008 0.393 0.347 
240      147    (0)   15 :  0.061 0.015 0.007 0.253 0.003 0.378 0.284 
241      166    (0)   15 :  0.026 0.035 0.017 0.281 0.005 0.061 0.574 
242      167    (0)   15 :  0.006 0.198 0.005 0.313 0.012 0.013 0.451 
243      168    (0)   15 :  0.003 0.011 0.004 0.253 0.005 0.004 0.720 
244      169    (2)   15 :  0.006 0.453 0.006 0.229 0.010 0.039 0.257 
245      170    (0)   15 :  0.004 0.008 0.030 0.498 0.013 0.035 0.411 
246      171    (2)   15 :  0.014 0.007 0.005 0.340 0.066 0.028 0.541 
247      172    (0)   15 :  0.012 0.018 0.004 0.643 0.023 0.017 0.283 
248      185    (0)   15 :  0.004 0.092 0.006 0.251 0.005 0.031 0.611 
249      199    (2)   15 :  0.006 0.007 0.232 0.210 0.007 0.012 0.526 
250      339    (0)   15 :  0.010 0.607 0.007 0.090 0.008 0.024 0.253 
251      355    (0)   15 :  0.013 0.004 0.074 0.217 0.003 0.009 0.680 
252      356    (0)   15 :  0.003 0.007 0.004 0.762 0.004 0.007 0.212 
253      357    (0)   15 :  0.012 0.014 0.017 0.490 0.008 0.035 0.424 
254      358    (0)   15 :  0.006 0.012 0.003 0.247 0.012 0.055 0.665 
255      359    (0)   15 :  0.002 0.007 0.009 0.392 0.005 0.019 0.567 
256      360    (0)   15 :  0.010 0.038 0.005 0.298 0.013 0.020 0.617 
257      361    (0)   15 :  0.002 0.141 0.003 0.600 0.006 0.016 0.232 
258      362    (0)   15 :  0.005 0.084 0.006 0.181 0.222 0.051 0.450 
259      363    (0)   15 :  0.016 0.017 0.056 0.086 0.006 0.737 0.083 
260      364    (0)   15 :  0.004 0.019 0.060 0.291 0.233 0.062 0.331 
261      365    (0)   15 :  0.014 0.093 0.003 0.350 0.011 0.007 0.522 
262      366    (0)   15 :  0.029 0.006 0.003 0.357 0.006 0.020 0.580 
263      367    (0)   15 :  0.008 0.008 0.002 0.242 0.012 0.009 0.718 
264      368    (0)   15 :  0.015 0.005 0.004 0.228 0.039 0.039 0.670 
265      369    (0)   15 :  0.004 0.005 0.004 0.286 0.003 0.008 0.689 
266      370    (0)   15 :  0.012 0.010 0.006 0.696 0.006 0.013 0.257 
267      371    (0)   15 :  0.002 0.010 0.006 0.251 0.017 0.004 0.709 
268      372    (0)   15 :  0.004 0.584 0.342 0.018 0.010 0.022 0.020 
269      373    (0)   15 :  0.003 0.013 0.031 0.689 0.005 0.004 0.255 
270      380    (0)   15 :  0.006 0.010 0.010 0.621 0.021 0.038 0.295 
271      388    (0)   15 :  0.007 0.006 0.018 0.634 0.009 0.033 0.293 
272      418    (0)   15 :  0.007 0.017 0.045 0.387 0.020 0.033 0.491 
273      419    (0)   15 :  0.006 0.032 0.003 0.373 0.008 0.011 0.567 
274      420    (0)   15 :  0.052 0.209 0.059 0.303 0.043 0.021 0.312 
275      409    (0)   16 :  0.002 0.027 0.004 0.490 0.016 0.008 0.453 
276      414    (0)   16 :  0.002 0.010 0.008 0.284 0.024 0.014 0.657 
277      415    (2)   16 :  0.003 0.007 0.013 0.467 0.006 0.021 0.483 
278      416    (0)   16 :  0.004 0.122 0.011 0.298 0.083 0.021 0.461 
279      571    (0)    2 :  0.003 0.015 0.003 0.005 0.936 0.032 0.005 
280      572    (0)    2 :  0.006 0.003 0.004 0.015 0.921 0.040 0.012 
281      573    (2)    2 :  0.001 0.005 0.003 0.006 0.976 0.003 0.006 
282      574    (0)    2 :  0.002 0.005 0.002 0.006 0.973 0.005 0.007 
283      575    (2)    2 :  0.009 0.008 0.006 0.010 0.907 0.051 0.010 
284      576    (0)    2 :  0.001 0.003 0.002 0.002 0.986 0.003 0.003 
285      577    (0)    2 :  0.002 0.006 0.006 0.004 0.973 0.005 0.004 
286      578    (0)    2 :  0.002 0.004 0.006 0.003 0.979 0.004 0.003 
287      579    (0)    2 :  0.002 0.009 0.003 0.003 0.977 0.003 0.003 
288      580    (0)    2 :  0.002 0.004 0.002 0.003 0.984 0.003 0.003 
289      581    (0)    2 :  0.002 0.004 0.002 0.002 0.985 0.002 0.003 
290      582    (4)    2 :  0.052 0.017 0.020 0.016 0.867 0.006 0.021 
291      583    (0)    2 :  0.010 0.037 0.020 0.157 0.549 0.073 0.154 
292      584    (0)    2 :  0.003 0.019 0.007 0.006 0.953 0.005 0.007 
293      585    (0)    2 :  0.002 0.007 0.002 0.003 0.977 0.006 0.004 
294      586    (2)    2 :  0.002 0.007 0.008 0.003 0.971 0.005 0.003 
295      587    (0)    2 :  0.002 0.003 0.002 0.003 0.985 0.003 0.003 
296      588    (0)    2 :  0.013 0.010 0.010 0.015 0.917 0.018 0.018 
297      589    (0)    2 :  0.005 0.019 0.025 0.027 0.847 0.050 0.027 
298      590    (0)    2 :  0.007 0.006 0.008 0.004 0.968 0.004 0.004 
299      527    (2)    3 :  0.006 0.008 0.008 0.005 0.961 0.007 0.006 
300      528    (4)    3 :  0.004 0.006 0.009 0.026 0.744 0.181 0.029 
301      529    (4)    3 :  0.007 0.018 0.004 0.008 0.908 0.046 0.009 
302      530    (0)    3 :  0.004 0.003 0.005 0.008 0.966 0.008 0.006 
303      531    (2)    3 :  0.004 0.004 0.004 0.005 0.966 0.012 0.005 
304      532    (4)    3 :  0.002 0.004 0.002 0.014 0.864 0.099 0.015 
305      533    (0)    3 :  0.003 0.024 0.003 0.063 0.843 0.013 0.051 
306      534    (2)    3 :  0.001 0.004 0.004 0.004 0.976 0.005 0.005 
307      535    (2)    3 :  0.005 0.008 0.003 0.010 0.940 0.022 0.011 
308      536    (2)    3 :  0.008 0.004 0.002 0.005 0.974 0.003 0.004 
309      537    (2)    3 :  0.002 0.006 0.012 0.005 0.966 0.004 0.005 
310      538    (2)    3 :  0.002 0.025 0.005 0.055 0.864 0.008 0.041 
311      539    (2)    3 :  0.002 0.003 0.002 0.004 0.975 0.010 0.005 
312      540    (2)    3 :  0.001 0.013 0.002 0.014 0.953 0.005 0.011 
313      541    (2)    3 :  0.002 0.016 0.002 0.007 0.943 0.023 0.007 
314      542    (2)    3 :  0.004 0.032 0.010 0.013 0.913 0.012 0.015 
315      543    (0)    3 :  0.002 0.060 0.016 0.065 0.753 0.014 0.091 
316      544    (2)    3 :  0.002 0.003 0.002 0.003 0.985 0.002 0.003 
317      545    (2)    3 :  0.002 0.016 0.002 0.035 0.860 0.028 0.056 
318      546    (4)    3 :  0.003 0.014 0.002 0.129 0.583 0.033 0.236 
319      547    (6)    3 :  0.014 0.016 0.041 0.033 0.843 0.012 0.039 
320      019    (0)    4 :  0.004 0.018 0.003 0.009 0.934 0.022 0.009 
321      064    (0)    4 :  0.002 0.003 0.004 0.004 0.979 0.005 0.003 
322      065    (0)    4 :  0.001 0.002 0.001 0.002 0.988 0.002 0.002 
323      066    (0)    4 :  0.003 0.013 0.003 0.012 0.948 0.010 0.011 
324      067    (0)    4 :  0.006 0.015 0.016 0.025 0.713 0.195 0.029 
325      068    (0)    4 :  0.002 0.007 0.022 0.007 0.943 0.013 0.006 
326      069    (0)    4 :  0.001 0.004 0.003 0.006 0.968 0.013 0.005 
327      107    (0)    4 :  0.001 0.009 0.003 0.005 0.966 0.010 0.006 
328      110    (0)    4 :  0.005 0.005 0.002 0.007 0.149 0.826 0.006 
329      121    (0)    4 :  0.001 0.004 0.003 0.003 0.979 0.006 0.003 
330      137    (0)    4 :  0.027 0.020 0.003 0.027 0.865 0.015 0.043 
331      146    (0)    4 :  0.004 0.006 0.002 0.036 0.921 0.008 0.023 
332      149    (0)    4 :  0.006 0.014 0.005 0.028 0.823 0.084 0.041 
333      154    (0)    4 :  0.002 0.006 0.037 0.006 0.936 0.006 0.007 
334      179    (0)    4 :  0.002 0.005 0.004 0.003 0.977 0.006 0.004 
335      181    (0)    4 :  0.003 0.003 0.002 0.005 0.972 0.009 0.005 
336      182    (0)    4 :  0.002 0.005 0.013 0.010 0.947 0.015 0.009 
337      186    (0)    4 :  0.006 0.010 0.003 0.020 0.574 0.366 0.021 
338      193    (0)    4 :  0.002 0.005 0.003 0.006 0.972 0.007 0.006 
339      320    (0)    4 :  0.003 0.005 0.007 0.014 0.937 0.025 0.009 
340      341    (0)    4 :  0.002 0.013 0.004 0.008 0.961 0.005 0.007 
341      376    (0)    4 :  0.003 0.004 0.003 0.008 0.949 0.025 0.008 
342      395    (0)    4 :  0.005 0.014 0.003 0.006 0.951 0.014 0.007 
343      396    (0)    4 :  0.003 0.002 0.002 0.003 0.986 0.002 0.002 
344      397    (0)    4 :  0.007 0.003 0.006 0.004 0.973 0.004 0.003 
345      398    (0)    4 :  0.004 0.003 0.003 0.005 0.969 0.011 0.004 
346      399    (0)    4 :  0.002 0.003 0.004 0.005 0.972 0.009 0.005 
347      400    (0)    4 :  0.002 0.003 0.002 0.020 0.657 0.300 0.015 
348      401    (0)    4 :  0.002 0.005 0.003 0.013 0.949 0.016 0.012 
349      402    (0)    4 :  0.006 0.004 0.007 0.026 0.393 0.533 0.031 
350      403    (0)    4 :  0.009 0.010 0.003 0.012 0.936 0.022 0.008 
351      073    (0)    5 :  0.002 0.006 0.002 0.004 0.977 0.005 0.004 
352      074    (0)    5 :  0.002 0.004 0.005 0.005 0.975 0.002 0.006 
353      075    (0)    5 :  0.003 0.006 0.004 0.005 0.973 0.004 0.004 
354      076    (0)    5 :  0.005 0.005 0.006 0.006 0.965 0.009 0.005 
355      077    (0)    5 :  0.003 0.010 0.008 0.006 0.961 0.006 0.006 
356      078    (0)    5 :  0.005 0.008 0.005 0.029 0.926 0.005 0.021 
357      079    (0)    5 :  0.001 0.006 0.003 0.011 0.957 0.009 0.014 
358      080    (0)    5 :  0.002 0.003 0.018 0.004 0.957 0.010 0.005 
359      081    (0)    5 :  0.013 0.014 0.003 0.006 0.952 0.006 0.006 
360      082    (0)    5 :  0.002 0.002 0.003 0.003 0.982 0.005 0.003 
361      083    (0)    5 :  0.002 0.004 0.002 0.005 0.977 0.005 0.005 
362      084    (0)    5 :  0.004 0.007 0.002 0.004 0.978 0.002 0.004 
363      085    (0)    5 :  0.014 0.065 0.003 0.011 0.889 0.010 0.010 
364      404    (0)    5 :  0.002 0.004 0.002 0.003 0.981 0.004 0.003 
365      405    (0)    5 :  0.007 0.006 0.002 0.005 0.973 0.003 0.004 
366      406    (0)    5 :  0.006 0.003 0.004 0.007 0.966 0.006 0.008 
367      407    (0)    5 :  0.003 0.006 0.003 0.003 0.979 0.003 0.004 
368      408    (0)    5 :  0.001 0.005 0.006 0.004 0.976 0.003 0.004 
369      411    (2)    5 :  0.002 0.004 0.003 0.003 0.984 0.002 0.003 
370      412    (0)    5 :  0.005 0.014 0.008 0.008 0.944 0.013 0.008 
371      413    (0)    5 :  0.002 0.004 0.002 0.004 0.982 0.002 0.004 
372      591    (0)    6 :  0.010 0.014 0.005 0.011 0.005 0.947 0.009 
373      592    (0)    6 :  0.003 0.161 0.010 0.020 0.013 0.781 0.012 
374      593    (0)    6 :  0.008 0.007 0.002 0.009 0.011 0.954 0.009 
375      594    (0)    6 :  0.007 0.082 0.015 0.079 0.066 0.668 0.083 
376      595    (0)    6 :  0.005 0.005 0.010 0.009 0.010 0.946 0.016 
377      596    (0)    6 :  0.010 0.005 0.040 0.008 0.007 0.922 0.008 
378      597    (0)    6 :  0.003 0.013 0.006 0.009 0.037 0.922 0.011 
379      598    (0)    6 :  0.002 0.015 0.017 0.028 0.006 0.909 0.023 
380      599    (0)    6 :  0.008 0.285 0.004 0.009 0.007 0.677 0.010 
381      600    (0)    6 :  0.007 0.004 0.017 0.007 0.004 0.953 0.007 
382      601    (0)    6 :  0.003 0.031 0.003 0.017 0.025 0.900 0.022 
383      602    (0)    6 :  0.005 0.010 0.007 0.009 0.009 0.946 0.014 
384      603    (0)    6 :  0.009 0.823 0.010 0.026 0.008 0.081 0.044 
385      604    (0)    6 :  0.002 0.004 0.009 0.013 0.010 0.949 0.013 
386      605    (0)    6 :  0.006 0.010 0.035 0.088 0.008 0.801 0.050 
387      606    (0)    6 :  0.035 0.014 0.010 0.047 0.005 0.863 0.026 
388      607    (0)    6 :  0.003 0.003 0.008 0.004 0.005 0.973 0.004 
389      608    (0)    6 :  0.003 0.008 0.004 0.006 0.005 0.968 0.006 
390      609    (0)    6 :  0.003 0.005 0.004 0.009 0.005 0.966 0.009 
391      610    (0)    6 :  0.004 0.039 0.010 0.086 0.020 0.702 0.140 
392      611    (2)    6 :  0.003 0.004 0.006 0.007 0.011 0.961 0.008 
393      612    (0)    6 :  0.002 0.007 0.022 0.008 0.009 0.945 0.008 
394      755    (0)    6 :  0.002 0.019 0.047 0.021 0.012 0.875 0.024 
395      756    (0)    6 :  0.004 0.012 0.004 0.006 0.014 0.953 0.007 
396      757    (0)    6 :  0.003 0.009 0.006 0.012 0.007 0.954 0.009 
397      002    (0)    7 :  0.003 0.005 0.001 0.006 0.970 0.009 0.006 
398      099    (2)    7 :  0.011 0.010 0.085 0.562 0.003 0.007 0.322 
399      641    (2)    7 :  0.020 0.013 0.004 0.193 0.485 0.179 0.106 
400      642    (0)    7 :  0.003 0.011 0.003 0.009 0.955 0.011 0.007 
401      643    (2)    7 :  0.003 0.021 0.003 0.022 0.920 0.018 0.013 
402      644    (0)    7 :  0.003 0.013 0.007 0.007 0.958 0.005 0.006 
403      645    (0)    7 :  0.048 0.030 0.003 0.074 0.710 0.085 0.050 
404      646    (0)    7 :  0.014 0.016 0.009 0.211 0.496 0.111 0.143 
405      006    (0)    8 :  0.003 0.009 0.003 0.021 0.928 0.010 0.026 
406      011    (0)    8 :  0.002 0.003 0.003 0.003 0.984 0.003 0.003 
407      033    (2)    8 :  0.005 0.010 0.003 0.007 0.958 0.011 0.007 
408      048    (0)    8 :  0.008 0.164 0.005 0.013 0.781 0.013 0.015 
409      061    (0)    8 :  0.026 0.017 0.003 0.069 0.813 0.013 0.058 
410      088    (0)    8 :  0.005 0.012 0.008 0.009 0.947 0.011 0.008 
411      091    (0)    8 :  0.002 0.005 0.003 0.009 0.963 0.007 0.010 
412      098    (0)    8 :  0.007 0.013 0.003 0.004 0.955 0.014 0.004 
413      104    (0)    8 :  0.002 0.004 0.002 0.002 0.985 0.002 0.002 
414      196    (0)    8 :  0.015 0.006 0.005 0.008 0.948 0.010 0.007 
415      197    (0)    8 :  0.008 0.014 0.013 0.018 0.916 0.009 0.022 
416      201    (0)    8 :  0.002 0.005 0.001 0.007 0.976 0.004 0.005 
417      202    (0)    8 :  0.025 0.016 0.015 0.013 0.914 0.005 0.013 
418      204    (0)    8 :  0.003 0.007 0.002 0.004 0.976 0.004 0.004 
419      231    (0)    8 :  0.001 0.009 0.003 0.004 0.972 0.007 0.004 
420      328    (0)    8 :  0.005 0.005 0.002 0.005 0.975 0.004 0.004 
421      346    (0)    8 :  0.003 0.004 0.006 0.004 0.972 0.006 0.004 
422      212    (0)    9 :  0.001 0.004 0.986 0.003 0.002 0.002 0.002 
423      213    (0)    9 :  0.003 0.005 0.977 0.004 0.004 0.003 0.004 
424      214    (0)    9 :  0.001 0.003 0.977 0.005 0.004 0.004 0.005 
425      215    (0)    9 :  0.003 0.005 0.976 0.003 0.005 0.004 0.004 
426      216    (0)    9 :  0.002 0.004 0.982 0.003 0.004 0.003 0.003 
427      217    (0)    9 :  0.002 0.004 0.976 0.006 0.004 0.004 0.005 
428      218    (0)    9 :  0.002 0.003 0.985 0.002 0.003 0.003 0.003 
429      332    (0)    9 :  0.006 0.013 0.926 0.011 0.012 0.025 0.008 
430      333    (0)    9 :  0.010 0.007 0.915 0.013 0.013 0.026 0.015 
431      334    (0)    9 :  0.003 0.005 0.972 0.004 0.006 0.006 0.004 
432      335    (0)    9 :  0.002 0.003 0.985 0.003 0.002 0.003 0.003 
433      336    (0)    9 :  0.013 0.002 0.972 0.002 0.003 0.005 0.002 
434      337    (0)    9 :  0.002 0.003 0.966 0.005 0.009 0.010 0.005 
435      673    (0)    9 :  0.001 0.002 0.992 0.001 0.002 0.001 0.001 
436      674    (0)    9 :  0.002 0.004 0.976 0.004 0.003 0.007 0.005 
437      675    (0)    9 :  0.004 0.006 0.974 0.004 0.003 0.004 0.004 
438      676    (0)    9 :  0.001 0.007 0.974 0.005 0.003 0.005 0.005 
439      677    (0)    9 :  0.002 0.003 0.980 0.003 0.005 0.003 0.003 
440      678    (0)    9 :  0.005 0.009 0.947 0.011 0.011 0.004 0.013 
441      679    (0)    9 :  0.002 0.004 0.951 0.011 0.005 0.016 0.009 
442      680    (0)    9 :  0.005 0.007 0.966 0.004 0.004 0.010 0.005 
443      681    (0)    9 :  0.002 0.004 0.973 0.005 0.005 0.005 0.005 
444      682    (0)    9 :  0.003 0.002 0.987 0.002 0.002 0.002 0.002 
445      683    (0)    9 :  0.002 0.004 0.975 0.004 0.004 0.006 0.005 
446      684    (0)    9 :  0.003 0.005 0.976 0.004 0.002 0.005 0.005 
447      685    (0)    9 :  0.003 0.003 0.973 0.005 0.003 0.007 0.005 
448      686    (0)    9 :  0.003 0.002 0.987 0.002 0.002 0.002 0.002 
449      687    (0)    9 :  0.002 0.003 0.987 0.002 0.002 0.003 0.002 
450      688    (0)    9 :  0.002 0.006 0.974 0.003 0.006 0.005 0.003 


Estimated Allele Frequencies in each cluster
First column gives estimated ancestral frequencies


Locus 1 : 1 
4 alleles
0.0% missing data
  89   (0.541) 0.069 0.539 0.637 0.541 0.586 0.559 0.552 
  91   (0.373) 0.701 0.403 0.313 0.391 0.349 0.415 0.368 
  99   (0.018) 0.130 0.019 0.001 0.011 0.000 0.003 0.014 
  93   (0.068) 0.100 0.039 0.049 0.057 0.064 0.023 0.066 

Locus 2 : 2 
6 alleles
1.1% missing data
 136   (0.373) 0.197 0.094 0.455 0.419 0.546 0.403 0.391 
 134   (0.234) 0.027 0.257 0.378 0.219 0.155 0.394 0.221 
 138   (0.289) 0.764 0.496 0.161 0.264 0.237 0.160 0.282 
 140   (0.060) 0.007 0.045 0.004 0.065 0.060 0.025 0.059 
 132   (0.023) 0.002 0.003 0.001 0.017 0.000 0.004 0.031 
 142   (0.020) 0.002 0.104 0.001 0.016 0.000 0.014 0.015 

Locus 3 : 3 
6 alleles
0.0% missing data
 181   (0.257) 0.181 0.320 0.075 0.222 0.206 0.366 0.244 
 187   (0.340) 0.771 0.210 0.265 0.368 0.522 0.219 0.345 
 179   (0.246) 0.030 0.247 0.016 0.248 0.251 0.357 0.253 
 191   (0.032) 0.003 0.006 0.193 0.022 0.018 0.007 0.029 
 175   (0.046) 0.005 0.131 0.003 0.053 0.001 0.012 0.048 
 185   (0.079) 0.009 0.087 0.448 0.087 0.002 0.040 0.081 

Locus 4 : 4 
12 alleles
0.2% missing data
 253   (0.497) 0.598 0.523 0.470 0.516 0.711 0.553 0.508 
 249   (0.021) 0.003 0.002 0.001 0.015 0.066 0.004 0.023 
 271   (0.036) 0.004 0.011 0.002 0.036 0.032 0.013 0.036 
 241   (0.155) 0.181 0.149 0.150 0.153 0.061 0.206 0.151 
 257   (0.007) 0.001 0.001 0.000 0.005 0.000 0.001 0.005 
 269   (0.175) 0.202 0.254 0.104 0.163 0.127 0.171 0.172 
 245   (0.007) 0.001 0.001 0.000 0.004 0.000 0.001 0.006 
 247   (0.068) 0.007 0.050 0.270 0.077 0.001 0.039 0.074 
 239   (0.011) 0.001 0.001 0.001 0.013 0.000 0.006 0.009 
 273   (0.008) 0.001 0.001 0.001 0.011 0.000 0.002 0.007 
 267   (0.007) 0.001 0.001 0.000 0.004 0.001 0.002 0.005 
 255   (0.007) 0.001 0.006 0.000 0.003 0.000 0.002 0.004 

Locus 5 : 5 
6 alleles
0.7% missing data
 103   (0.848) 0.981 0.946 0.977 0.822 0.988 0.919 0.839 
 104   (0.067) 0.008 0.030 0.004 0.085 0.010 0.030 0.071 
 105   (0.047) 0.005 0.020 0.003 0.062 0.001 0.036 0.054 
 102   (0.017) 0.003 0.002 0.001 0.017 0.000 0.007 0.017 
 107   (0.012) 0.001 0.001 0.001 0.009 0.000 0.002 0.013 
 101   (0.010) 0.001 0.001 0.014 0.005 0.000 0.006 0.007 

Locus 6 : 6 
5 alleles
0.2% missing data
 141   (0.260) 0.030 0.270 0.140 0.227 0.557 0.356 0.253 
 145   (0.437) 0.418 0.532 0.266 0.466 0.177 0.374 0.453 
 135   (0.221) 0.542 0.183 0.287 0.216 0.211 0.138 0.219 
 147   (0.072) 0.009 0.013 0.307 0.076 0.054 0.130 0.066 
 137   (0.010) 0.001 0.001 0.001 0.015 0.000 0.002 0.009 

Locus 7 : 7 
10 alleles
1.3% missing data
  93   (0.214) 0.786 0.295 0.071 0.205 0.357 0.228 0.203 
 103   (0.316) 0.045 0.355 0.508 0.330 0.366 0.450 0.313 
  91   (0.068) 0.010 0.033 0.153 0.065 0.028 0.049 0.066 
  97   (0.196) 0.132 0.131 0.255 0.170 0.160 0.158 0.207 
  85   (0.048) 0.007 0.033 0.003 0.046 0.038 0.020 0.049 
  89   (0.076) 0.011 0.109 0.005 0.081 0.049 0.079 0.071 
  83   (0.056) 0.007 0.041 0.003 0.084 0.001 0.011 0.068 
 105   (0.011) 0.001 0.002 0.001 0.010 0.000 0.002 0.012 
 101   (0.007) 0.001 0.001 0.000 0.006 0.000 0.001 0.005 
  99   (0.007) 0.001 0.001 0.000 0.004 0.000 0.001 0.006 

Locus 8 : 8 
8 alleles
0.0% missing data
 129   (0.556) 0.205 0.697 0.635 0.585 0.677 0.408 0.573 
 141   (0.053) 0.006 0.021 0.208 0.038 0.099 0.080 0.046 
 149   (0.078) 0.008 0.072 0.017 0.073 0.123 0.060 0.073 
 143   (0.258) 0.685 0.198 0.135 0.259 0.101 0.441 0.258 
 127   (0.016) 0.052 0.002 0.001 0.013 0.000 0.003 0.016 
 131   (0.013) 0.041 0.006 0.002 0.007 0.000 0.003 0.009 
 133   (0.018) 0.002 0.003 0.001 0.019 0.000 0.005 0.021 
 145   (0.007) 0.001 0.001 0.000 0.006 0.000 0.001 0.005 

Locus 9 : 9 
5 alleles
0.0% missing data
 191   (0.396) 0.339 0.302 0.539 0.374 0.571 0.490 0.396 
 195   (0.147) 0.349 0.257 0.056 0.136 0.161 0.184 0.130 
 189   (0.443) 0.310 0.439 0.405 0.481 0.266 0.324 0.465 
 197   (0.007) 0.001 0.001 0.000 0.006 0.000 0.001 0.005 
 193   (0.007) 0.001 0.001 0.000 0.003 0.002 0.002 0.004 

Locus 10 : 10 
7 alleles
0.2% missing data
 232   (0.262) 0.223 0.153 0.277 0.287 0.307 0.168 0.276 
 238   (0.550) 0.376 0.772 0.350 0.533 0.553 0.667 0.548 
 252   (0.103) 0.014 0.066 0.037 0.110 0.125 0.128 0.097 
 254   (0.047) 0.383 0.005 0.255 0.035 0.015 0.030 0.043 
 250   (0.011) 0.002 0.001 0.001 0.013 0.000 0.002 0.011 
 236   (0.007) 0.001 0.001 0.001 0.005 0.000 0.002 0.005 
 248   (0.020) 0.002 0.002 0.080 0.016 0.000 0.004 0.020 

Locus 11 : 11 
4 alleles
0.0% missing data
  87   (0.701) 0.964 0.833 0.538 0.695 0.619 0.686 0.705 
  89   (0.239) 0.029 0.141 0.382 0.234 0.322 0.299 0.240 
  91   (0.045) 0.005 0.024 0.080 0.058 0.058 0.011 0.040 
  85   (0.015) 0.001 0.002 0.001 0.014 0.000 0.004 0.015 

Locus 12 : 12 
13 alleles
0.2% missing data
 160   (0.209) 0.584 0.256 0.706 0.207 0.124 0.099 0.211 
 162   (0.255) 0.075 0.286 0.235 0.246 0.220 0.438 0.251 
 147   (0.047) 0.005 0.036 0.003 0.031 0.149 0.092 0.042 
 158   (0.231) 0.029 0.176 0.026 0.255 0.473 0.175 0.247 
 161   (0.102) 0.123 0.114 0.020 0.125 0.024 0.123 0.093 
 170   (0.049) 0.006 0.039 0.003 0.059 0.008 0.010 0.053 
 143   (0.030) 0.172 0.004 0.002 0.030 0.001 0.006 0.035 
 154   (0.019) 0.002 0.002 0.001 0.014 0.000 0.010 0.022 
 149   (0.022) 0.002 0.060 0.001 0.012 0.000 0.040 0.018 
 153   (0.012) 0.001 0.001 0.001 0.009 0.000 0.003 0.013 
 150   (0.007) 0.001 0.007 0.000 0.003 0.000 0.001 0.004 
 159   (0.009) 0.001 0.018 0.001 0.005 0.000 0.002 0.005 
 164   (0.007) 0.001 0.001 0.000 0.004 0.000 0.002 0.006 

Locus 13 : 13 
5 alleles
0.0% missing data
 108   (0.200) 0.336 0.106 0.198 0.238 0.169 0.166 0.203 
 115   (0.450) 0.099 0.525 0.293 0.439 0.551 0.472 0.457 
 113   (0.336) 0.564 0.367 0.508 0.312 0.279 0.360 0.330 
 109   (0.007) 0.001 0.001 0.000 0.005 0.000 0.001 0.005 
 110   (0.007) 0.001 0.001 0.000 0.005 0.000 0.001 0.005 

Locus 14 : 14 
5 alleles
0.9% missing data
 227   (0.137) 0.258 0.310 0.020 0.110 0.258 0.058 0.132 
 231   (0.160) 0.266 0.026 0.346 0.157 0.089 0.375 0.162 
 229   (0.508) 0.103 0.509 0.422 0.577 0.482 0.384 0.527 
 225   (0.137) 0.226 0.114 0.208 0.116 0.076 0.124 0.127 
 233   (0.059) 0.148 0.042 0.004 0.040 0.095 0.060 0.052 

Locus 15 : 15 
5 alleles
0.2% missing data
 143   (0.839) 0.724 0.878 0.818 0.836 0.970 0.879 0.844 
 157   (0.008) 0.001 0.001 0.000 0.003 0.014 0.001 0.004 
 145   (0.086) 0.268 0.062 0.006 0.082 0.014 0.106 0.082 
 147   (0.052) 0.006 0.058 0.144 0.058 0.001 0.010 0.055 
 133   (0.016) 0.002 0.002 0.031 0.020 0.000 0.003 0.015 

Locus 16 : 16 
5 alleles
0.2% missing data
 156   (0.235) 0.510 0.210 0.492 0.280 0.265 0.251 0.223 
 158   (0.536) 0.260 0.629 0.209 0.523 0.523 0.519 0.551 
 160   (0.130) 0.015 0.125 0.114 0.108 0.172 0.177 0.126 
 154   (0.092) 0.214 0.023 0.185 0.086 0.040 0.052 0.096 
 152   (0.008) 0.001 0.013 0.000 0.004 0.000 0.001 0.004 

Locus 17 : 17 
5 alleles
0.0% missing data
 102   (0.197) 0.024 0.231 0.200 0.160 0.230 0.201 0.192 
  90   (0.676) 0.573 0.737 0.791 0.706 0.724 0.732 0.664 
  88   (0.075) 0.008 0.014 0.006 0.076 0.045 0.054 0.085 
 100   (0.045) 0.394 0.011 0.003 0.055 0.001 0.012 0.054 
 104   (0.007) 0.001 0.007 0.000 0.003 0.000 0.001 0.004 

Locus 18 : 18 
7 alleles
0.0% missing data
 142   (0.123) 0.014 0.086 0.008 0.144 0.424 0.036 0.133 
 146   (0.079) 0.009 0.102 0.222 0.067 0.158 0.086 0.065 
 140   (0.291) 0.279 0.257 0.183 0.283 0.133 0.488 0.295 
 127   (0.307) 0.549 0.299 0.067 0.336 0.212 0.229 0.321 
 148   (0.092) 0.010 0.081 0.213 0.071 0.052 0.106 0.087 
 138   (0.054) 0.134 0.039 0.004 0.045 0.020 0.034 0.048 
 150   (0.053) 0.005 0.137 0.303 0.053 0.001 0.020 0.050 

Locus 19 : 19 
7 alleles
0.0% missing data
 188   (0.190) 0.021 0.154 0.170 0.198 0.134 0.080 0.206 
 190   (0.114) 0.012 0.171 0.200 0.090 0.375 0.263 0.095 
 194   (0.579) 0.955 0.540 0.484 0.584 0.488 0.533 0.587 
 200   (0.089) 0.009 0.132 0.006 0.102 0.002 0.114 0.091 
 192   (0.007) 0.001 0.001 0.000 0.005 0.000 0.005 0.005 
 202   (0.014) 0.001 0.002 0.139 0.014 0.000 0.003 0.011 
 196   (0.007) 0.001 0.001 0.000 0.006 0.000 0.001 0.005 

Locus 20 : 20 
6 alleles
0.9% missing data
 252   (0.705) 0.389 0.776 0.724 0.745 0.833 0.674 0.730 
 250   (0.080) 0.339 0.062 0.143 0.056 0.090 0.084 0.071 
 244   (0.020) 0.005 0.009 0.001 0.016 0.014 0.006 0.015 
 254   (0.073) 0.106 0.097 0.082 0.070 0.029 0.049 0.064 
 246   (0.095) 0.159 0.051 0.049 0.085 0.024 0.182 0.093 
 248   (0.026) 0.003 0.005 0.002 0.028 0.009 0.005 0.028 

Locus 21 : 21 
7 alleles
0.2% missing data
 173   (0.283) 0.122 0.526 0.213 0.267 0.331 0.271 0.272 
 177   (0.277) 0.275 0.249 0.173 0.280 0.321 0.183 0.292 
 175   (0.142) 0.476 0.078 0.252 0.127 0.029 0.250 0.135 
 167   (0.188) 0.114 0.123 0.123 0.218 0.311 0.132 0.187 
 163   (0.036) 0.004 0.010 0.220 0.038 0.002 0.015 0.034 
 159   (0.024) 0.003 0.005 0.001 0.021 0.001 0.005 0.033 
 165   (0.049) 0.007 0.009 0.018 0.049 0.006 0.145 0.048 

Locus 22 : 22 
11 alleles
0.7% missing data
 146   (0.232) 0.077 0.310 0.144 0.232 0.261 0.173 0.234 
 154   (0.008) 0.001 0.001 0.000 0.003 0.054 0.001 0.004 
 166   (0.099) 0.118 0.038 0.006 0.086 0.057 0.097 0.107 
 152   (0.421) 0.498 0.578 0.371 0.457 0.590 0.493 0.413 
 150   (0.028) 0.113 0.010 0.002 0.020 0.008 0.006 0.027 
 164   (0.029) 0.004 0.005 0.002 0.026 0.013 0.054 0.026 
 148   (0.010) 0.169 0.001 0.001 0.005 0.000 0.002 0.007 
 158   (0.092) 0.011 0.020 0.108 0.101 0.015 0.116 0.101 
 162   (0.052) 0.007 0.019 0.071 0.050 0.001 0.051 0.056 
 156   (0.016) 0.002 0.011 0.293 0.008 0.000 0.006 0.011 
 142   (0.014) 0.001 0.009 0.001 0.011 0.000 0.003 0.013 

Locus 23 : 23 
7 alleles
0.9% missing data
 152   (0.009) 0.001 0.001 0.001 0.004 0.062 0.002 0.006 
 156   (0.128) 0.016 0.047 0.037 0.175 0.043 0.097 0.141 
 144   (0.173) 0.590 0.239 0.622 0.154 0.173 0.158 0.157 
 160   (0.100) 0.012 0.113 0.105 0.080 0.182 0.200 0.087 
 154   (0.553) 0.376 0.594 0.233 0.557 0.534 0.523 0.571 
 158   (0.028) 0.004 0.005 0.002 0.023 0.005 0.018 0.030 
 146   (0.009) 0.002 0.001 0.001 0.007 0.000 0.002 0.009 

Locus 24 : 24 
4 alleles
0.4% missing data
  77   (0.083) 0.009 0.083 0.052 0.073 0.265 0.077 0.072 
  83   (0.469) 0.686 0.422 0.916 0.445 0.488 0.584 0.457 
  81   (0.365) 0.295 0.404 0.026 0.381 0.222 0.287 0.389 
  85   (0.082) 0.009 0.091 0.006 0.102 0.025 0.052 0.082 

Locus 25 : 25 
6 alleles
0.4% missing data
 132   (0.327) 0.189 0.320 0.453 0.306 0.492 0.383 0.321 
 124   (0.529) 0.411 0.547 0.537 0.565 0.439 0.507 0.542 
 126   (0.019) 0.002 0.002 0.001 0.012 0.050 0.004 0.019 
 122   (0.094) 0.117 0.128 0.006 0.094 0.018 0.087 0.091 
 120   (0.016) 0.279 0.002 0.001 0.013 0.000 0.004 0.013 
 136   (0.015) 0.002 0.002 0.001 0.010 0.000 0.015 0.014 

Locus 26 : 26 
7 alleles
0.2% missing data
 165   (0.240) 0.326 0.269 0.059 0.232 0.147 0.323 0.234 
 183   (0.359) 0.298 0.306 0.426 0.346 0.544 0.456 0.357 
 179   (0.082) 0.335 0.079 0.005 0.070 0.062 0.036 0.080 
 175   (0.245) 0.032 0.334 0.444 0.258 0.246 0.155 0.245 
 181   (0.059) 0.007 0.010 0.065 0.081 0.001 0.028 0.069 
 185   (0.009) 0.001 0.001 0.001 0.010 0.000 0.002 0.008 
 157   (0.007) 0.001 0.001 0.000 0.004 0.000 0.001 0.006 

Locus 27 : 27 
4 alleles
0.2% missing data
 142   (0.648) 0.317 0.754 0.741 0.631 0.679 0.632 0.654 
 148   (0.198) 0.665 0.101 0.069 0.221 0.102 0.246 0.197 
 138   (0.042) 0.006 0.022 0.003 0.037 0.206 0.036 0.035 
 150   (0.112) 0.013 0.123 0.187 0.111 0.013 0.086 0.113 

Locus 28 : 28 
6 alleles
0.9% missing data
 260   (0.383) 0.144 0.509 0.378 0.340 0.366 0.335 0.392 
 262   (0.507) 0.841 0.397 0.547 0.565 0.625 0.623 0.500 
 256   (0.075) 0.011 0.063 0.073 0.071 0.009 0.036 0.077 
 258   (0.012) 0.001 0.001 0.001 0.008 0.000 0.002 0.013 
 266   (0.007) 0.001 0.007 0.000 0.003 0.000 0.001 0.004 
 264   (0.016) 0.002 0.023 0.001 0.014 0.000 0.003 0.014 

Locus 29 : 29 
7 alleles
0.2% missing data
 146   (0.284) 0.036 0.242 0.334 0.301 0.190 0.341 0.293 
 150   (0.441) 0.147 0.528 0.296 0.470 0.633 0.379 0.447 
 140   (0.171) 0.805 0.171 0.062 0.150 0.108 0.143 0.170 
 148   (0.055) 0.007 0.025 0.305 0.039 0.061 0.101 0.047 
 152   (0.031) 0.003 0.031 0.002 0.030 0.001 0.013 0.032 
 151   (0.010) 0.001 0.001 0.001 0.005 0.006 0.006 0.006 
 142   (0.009) 0.001 0.001 0.001 0.004 0.001 0.017 0.005 

Locus 30 : 30 
6 alleles
0.2% missing data
 125   (0.291) 0.142 0.086 0.034 0.334 0.456 0.266 0.317 
 129   (0.424) 0.214 0.588 0.779 0.394 0.488 0.462 0.403 
 123   (0.148) 0.018 0.235 0.102 0.145 0.053 0.111 0.142 
 121   (0.013) 0.042 0.002 0.001 0.010 0.000 0.003 0.010 
 127   (0.091) 0.579 0.052 0.082 0.075 0.002 0.149 0.092 
 131   (0.034) 0.004 0.038 0.002 0.043 0.001 0.009 0.036 

Locus 31 : 31 
6 alleles
0.2% missing data
 159   (0.166) 0.019 0.275 0.011 0.180 0.134 0.259 0.160 
 155   (0.553) 0.525 0.427 0.712 0.552 0.698 0.454 0.573 
 157   (0.182) 0.118 0.211 0.025 0.189 0.098 0.259 0.177 
 153   (0.060) 0.104 0.082 0.004 0.051 0.066 0.013 0.057 
 151   (0.032) 0.233 0.004 0.247 0.025 0.002 0.013 0.028 
 163   (0.007) 0.001 0.002 0.001 0.004 0.001 0.002 0.005 

Locus 32 : 32 
5 alleles
0.0% missing data
 146   (0.334) 0.575 0.342 0.314 0.356 0.072 0.244 0.347 
 150   (0.566) 0.414 0.595 0.635 0.573 0.858 0.508 0.561 
 148   (0.057) 0.007 0.020 0.048 0.035 0.069 0.151 0.053 
 154   (0.032) 0.003 0.009 0.002 0.030 0.001 0.095 0.031 
 152   (0.011) 0.001 0.034 0.001 0.006 0.000 0.002 0.008 

Locus 33 : 33 
7 alleles
0.0% missing data
 180   (0.465) 0.688 0.367 0.662 0.449 0.568 0.475 0.474 
 196   (0.102) 0.011 0.149 0.007 0.102 0.185 0.065 0.099 
 184   (0.194) 0.275 0.268 0.076 0.196 0.160 0.227 0.187 
 194   (0.008) 0.001 0.001 0.000 0.004 0.037 0.002 0.005 
 192   (0.145) 0.016 0.163 0.185 0.155 0.006 0.161 0.153 
 190   (0.018) 0.002 0.037 0.001 0.011 0.000 0.025 0.012 
 198   (0.069) 0.008 0.015 0.070 0.084 0.045 0.045 0.070 

Locus 34 : 34 
6 alleles
0.0% missing data
 110   (0.185) 0.210 0.111 0.077 0.161 0.330 0.193 0.185 
 112   (0.348) 0.040 0.382 0.065 0.359 0.513 0.363 0.358 
 106   (0.277) 0.234 0.401 0.696 0.303 0.123 0.335 0.261 
  90   (0.041) 0.395 0.015 0.003 0.035 0.025 0.034 0.034 
 108   (0.140) 0.121 0.090 0.115 0.136 0.009 0.074 0.154 
  96   (0.011) 0.001 0.001 0.045 0.005 0.000 0.002 0.008 

Locus 35 : 35 
9 alleles
0.0% missing data
 166   (0.049) 0.006 0.098 0.003 0.033 0.253 0.077 0.037 
 176   (0.098) 0.012 0.012 0.018 0.096 0.154 0.205 0.102 
 172   (0.314) 0.041 0.404 0.577 0.301 0.427 0.169 0.318 
 170   (0.267) 0.617 0.227 0.324 0.254 0.153 0.421 0.257 
 174   (0.150) 0.017 0.169 0.069 0.196 0.006 0.097 0.158 
 178   (0.044) 0.006 0.029 0.003 0.040 0.006 0.011 0.048 
 168   (0.052) 0.299 0.024 0.003 0.062 0.001 0.016 0.056 
 186   (0.019) 0.002 0.037 0.001 0.015 0.000 0.003 0.017 
 158   (0.007) 0.001 0.001 0.000 0.004 0.000 0.001 0.006 

Locus 36 : 36 
6 alleles
0.0% missing data
  89   (0.563) 0.376 0.668 0.512 0.576 0.648 0.541 0.569 
  95   (0.055) 0.006 0.070 0.004 0.039 0.071 0.068 0.049 
  85   (0.168) 0.490 0.131 0.233 0.165 0.223 0.170 0.158 
  81   (0.075) 0.010 0.031 0.005 0.083 0.007 0.130 0.083 
  83   (0.122) 0.015 0.094 0.244 0.126 0.050 0.087 0.125 
  91   (0.017) 0.103 0.005 0.001 0.011 0.000 0.003 0.015 

Locus 37 : 37 
10 alleles
0.0% missing data
 161   (0.344) 0.424 0.264 0.378 0.396 0.536 0.417 0.339 
 165   (0.230) 0.135 0.256 0.106 0.205 0.175 0.186 0.243 
 159   (0.013) 0.002 0.005 0.001 0.007 0.029 0.002 0.010 
 173   (0.253) 0.223 0.302 0.504 0.244 0.130 0.358 0.244 
 169   (0.100) 0.210 0.130 0.007 0.104 0.120 0.025 0.106 
 167   (0.019) 0.002 0.006 0.002 0.015 0.009 0.004 0.017 
 168   (0.011) 0.001 0.001 0.001 0.007 0.000 0.002 0.013 
 155   (0.015) 0.001 0.002 0.001 0.013 0.000 0.003 0.020 
 177   (0.007) 0.001 0.001 0.000 0.006 0.000 0.001 0.005 
 175   (0.008) 0.001 0.033 0.000 0.003 0.000 0.001 0.004 

Locus 38 : 38 
6 alleles
0.4% missing data
  87   (0.088) 0.550 0.057 0.127 0.073 0.154 0.103 0.074 
  89   (0.434) 0.052 0.556 0.102 0.475 0.607 0.286 0.459 
  91   (0.166) 0.210 0.097 0.182 0.169 0.118 0.181 0.164 
  81   (0.123) 0.014 0.075 0.116 0.102 0.079 0.232 0.121 
  85   (0.182) 0.173 0.214 0.473 0.177 0.039 0.198 0.178 
  83   (0.007) 0.001 0.001 0.000 0.003 0.003 0.001 0.004 

Locus 39 : 39 
4 alleles
0.4% missing data
 167   (0.790) 0.691 0.796 0.857 0.799 0.913 0.913 0.784 
 161   (0.177) 0.306 0.147 0.140 0.175 0.086 0.077 0.187 
 165   (0.026) 0.003 0.056 0.002 0.022 0.001 0.009 0.024 
 177   (0.007) 0.001 0.001 0.001 0.004 0.000 0.001 0.006 

Locus 40 : 40 
6 alleles
0.2% missing data
 228   (0.408) 0.539 0.511 0.240 0.393 0.552 0.469 0.394 
 238   (0.346) 0.088 0.299 0.121 0.365 0.305 0.254 0.370 
 224   (0.020) 0.002 0.004 0.001 0.010 0.078 0.057 0.014 
 236   (0.103) 0.357 0.053 0.382 0.092 0.062 0.097 0.093 
 232   (0.013) 0.001 0.002 0.001 0.018 0.000 0.003 0.013 
 240   (0.111) 0.013 0.131 0.255 0.122 0.002 0.121 0.116 

Locus 41 : 41 
7 alleles
0.0% missing data
 128   (0.115) 0.013 0.188 0.037 0.111 0.135 0.101 0.107 
 130   (0.533) 0.062 0.452 0.773 0.555 0.612 0.521 0.551 
 114   (0.050) 0.494 0.006 0.003 0.045 0.095 0.059 0.046 
 132   (0.126) 0.015 0.206 0.054 0.126 0.148 0.131 0.120 
 118   (0.060) 0.206 0.074 0.126 0.062 0.002 0.019 0.054 
 134   (0.109) 0.209 0.073 0.007 0.097 0.008 0.167 0.117 
 136   (0.007) 0.001 0.001 0.000 0.004 0.000 0.001 0.006 

Locus 42 : 42 
6 alleles
1.3% missing data
 102   (0.268) 0.567 0.340 0.473 0.231 0.400 0.378 0.252 
 104   (0.411) 0.050 0.498 0.414 0.427 0.191 0.357 0.436 
  92   (0.117) 0.055 0.060 0.008 0.150 0.123 0.100 0.120 
  96   (0.070) 0.105 0.023 0.005 0.075 0.094 0.056 0.068 
  98   (0.126) 0.221 0.078 0.100 0.113 0.191 0.106 0.120 
 106   (0.007) 0.001 0.001 0.001 0.004 0.001 0.003 0.005 

Locus 43 : 43 
6 alleles
1.6% missing data
 101   (0.303) 0.036 0.293 0.188 0.325 0.413 0.421 0.299 
 103   (0.321) 0.233 0.426 0.350 0.270 0.218 0.267 0.327 
  99   (0.147) 0.416 0.081 0.009 0.187 0.061 0.157 0.153 
  95   (0.205) 0.179 0.197 0.451 0.199 0.307 0.150 0.198 
  97   (0.018) 0.135 0.002 0.001 0.014 0.000 0.004 0.017 
  91   (0.007) 0.001 0.001 0.000 0.006 0.000 0.001 0.005 

Locus 44 : 44 
7 alleles
0.2% missing data
 177   (0.078) 0.010 0.048 0.005 0.070 0.075 0.057 0.078 
 191   (0.294) 0.282 0.198 0.105 0.302 0.172 0.285 0.318 
 181   (0.561) 0.526 0.714 0.857 0.577 0.752 0.631 0.539 
 179   (0.042) 0.179 0.005 0.003 0.039 0.001 0.023 0.048 
 183   (0.010) 0.001 0.001 0.001 0.006 0.000 0.002 0.009 
 193   (0.008) 0.001 0.033 0.000 0.003 0.000 0.001 0.004 
 189   (0.007) 0.001 0.001 0.029 0.003 0.000 0.001 0.004 

Locus 45 : 45 
6 alleles
0.9% missing data
 205   (0.464) 0.258 0.504 0.410 0.461 0.522 0.536 0.476 
 211   (0.239) 0.341 0.153 0.273 0.263 0.223 0.218 0.244 
 207   (0.133) 0.016 0.206 0.199 0.110 0.136 0.075 0.135 
 201   (0.076) 0.374 0.070 0.005 0.083 0.069 0.075 0.066 
 215   (0.079) 0.010 0.067 0.112 0.076 0.049 0.095 0.070 
 202   (0.009) 0.001 0.001 0.001 0.008 0.000 0.002 0.009 

Locus 46 : 46 
10 alleles
1.1% missing data
 144   (0.058) 0.007 0.049 0.126 0.063 0.220 0.018 0.050 
 158   (0.151) 0.020 0.090 0.086 0.153 0.148 0.260 0.150 
 168   (0.142) 0.214 0.038 0.110 0.144 0.192 0.111 0.145 
 166   (0.135) 0.125 0.188 0.382 0.108 0.301 0.074 0.126 
 142   (0.367) 0.048 0.569 0.287 0.359 0.133 0.474 0.377 
 170   (0.015) 0.002 0.002 0.002 0.022 0.002 0.007 0.013 
 156   (0.027) 0.467 0.010 0.002 0.019 0.001 0.006 0.029 
 162   (0.049) 0.110 0.030 0.003 0.050 0.001 0.032 0.047 
 164   (0.048) 0.006 0.023 0.003 0.079 0.003 0.015 0.057 
 160   (0.007) 0.001 0.001 0.000 0.004 0.000 0.002 0.006 

Locus 47 : 47 
7 alleles
8.7% missing data
 149   (0.347) 0.352 0.395 0.341 0.336 0.225 0.162 0.364 
 151   (0.177) 0.091 0.139 0.012 0.173 0.250 0.391 0.170 
 153   (0.185) 0.029 0.347 0.028 0.184 0.315 0.154 0.181 
 147   (0.028) 0.004 0.003 0.002 0.035 0.031 0.007 0.027 
 145   (0.243) 0.520 0.113 0.616 0.246 0.176 0.282 0.240 
 152   (0.007) 0.002 0.001 0.001 0.004 0.003 0.002 0.004 
 143   (0.013) 0.002 0.001 0.001 0.022 0.000 0.003 0.013 

Values of parameters used in structure:
DATAFILE=temp2_no_plains.str,	OUTFILE=k7/temp2_no_plains_k7_run3,	NUMINDS=450,	NUMLOCI=47,	MISSING=-9,	LABEL=1,	POPDATA=1,	POPFLAG=0,	PHENOTYPE=0,	EXTRACOLS=0,	MAXPOPS=7,	BURNIN=500000,	NUMREPS=750000,	USEPOPINFO=0,	INFERALPHA=1,	INFERLAMBDA=0,	POPSPECIFICLAMBDA=0,	POPALPHAS=0,	COMPUTEPROB=1,	NOADMIX=0,	ADMBURNIN=500,	UPDATEFREQ=100,	PRINTLIKES=0,	INTERMEDSAVE=0,	PRINTKLD=0,	PRINTNET=1,	PRINTLAMBDA=1,	ANCESTDIST=0,	NUMBOXES=1000,	ANCESTPINT=0.90000,	GENSBACK=2,	MIGRPRIOR=0.01000,	PRINTQHAT=0,	PRINTQSUM=1,	ALPHA=1.0000,	FREQSCORR=1,	FPRIORMEAN=0.0100,	FPRIORSD=0.0500,	ONEFST=0,	LAMBDA=1.0000,	UNIFPRIORALPHA=1,	ALPHAMAX=10.0000,	ALPHAPRIORA=1.0000,	ALPHAPRIORB=2.0000,	ALPHAPROPSD=0.0250,	STARTATPOPINFO=0,	RANDOMIZE=0,	LINKAGE=0,	METROFREQ=10,	REPORTHITRATE=0,	MARKOVPHASE=0,	PHASED=1,	PLOIDY=2,	PHASEINFO=0	LOCPRIOR=0, 	LOCPRIORINIT=1.000000, 	LOCDATA=0, 	LOCISPOP=1, 	LOCPRIORSTEP=0.100000, 	MAXLOCPRIOR=20.000000, 	SEED=586669,	
[STRAT parameters]:    NUMSIMSTATS=1000,	PHENOTYPECOL=-9,	POOLFREQ=10,	LOCUSxONLY=0,	EMERROR=0.00100,	MISSINGPHENO=-9,	