

----------------------------------------------------
STRUCTURE by Pritchard, Stephens and Donnelly (2000)
     and Falush, Stephens and Pritchard (2003)
       Code by Pritchard, Falush and Hubisz
             Version 2.3.4 (Jul 2012)
----------------------------------------------------



Command line arguments:   structure -D 393628 -K 2 -m mainparams -o k2/temp2_no_plains_k2_run7 
Input File:    temp2_no_plains.str

Run parameters:
   450 individuals
   47 loci
   2 populations assumed
   500000 Burn-in period
   750000 Reps
RANDOMIZE turned off


--------------------------------------------
Proportion of membership of each pre-defined
 population in each of the 2 clusters

Given    Inferred Clusters       Number of
 Pop       1      2             Individuals

  1:     0.015  0.985              63
  2:     0.030  0.970              20
  3:     0.023  0.977              21
  4:     0.014  0.986              31
  5:     0.007  0.993              21
  6:     0.961  0.039              25
  7:     0.202  0.798               8
  8:     0.012  0.988              17
  9:     0.993  0.007              29
 10:     0.996  0.004               9
 11:     0.977  0.023              26
 12:     0.973  0.027              74
 13:     0.960  0.040              35
 14:     0.950  0.050              24
 15:     0.964  0.036              43
 16:     0.952  0.048               4
--------------------------------------------

Allele-freq. divergence among pops (Net nucleotide distance),
computed using point estimates of P.

      1       2      
 1      -    0.0245  
 2   0.0245     -    

Average distances (expected heterozygosity) between individuals in same cluster:
cluster  1  : 0.6341 
cluster  2  : 0.5596 

--------------------------------------------
Estimated Ln Prob of Data   = -49386.3
Mean value of ln likelihood = -49240.5
Variance of ln likelihood   = 291.7
Mean value of alpha         = 0.0415

Mean value of Fst_1         = 0.0135
Mean value of Fst_2         = 0.1133


Inferred ancestry of individuals:
        Label (%Miss) Pop:  Inferred clusters
  1      221    (0)    1 :  0.007 0.993 
  2      222    (0)    1 :  0.009 0.991 
  3      223    (0)    1 :  0.009 0.991 
  4      224    (0)    1 :  0.003 0.997 
  5      225    (0)    1 :  0.005 0.995 
  6      226    (0)    1 :  0.005 0.995 
  7      227    (0)    1 :  0.016 0.984 
  8      228    (0)    1 :  0.011 0.989 
  9      234    (0)    1 :  0.004 0.996 
 10      235    (0)    1 :  0.004 0.996 
 11      236    (0)    1 :  0.003 0.997 
 12      237    (0)    1 :  0.004 0.996 
 13      238    (0)    1 :  0.008 0.992 
 14      239    (0)    1 :  0.071 0.929 
 15      240    (0)    1 :  0.004 0.996 
 16      242    (0)    1 :  0.256 0.744 
 17      243    (0)    1 :  0.012 0.988 
 18      244    (0)    1 :  0.006 0.994 
 19      245    (0)    1 :  0.054 0.946 
 20      246    (0)    1 :  0.003 0.997 
 21      248    (0)    1 :  0.016 0.984 
 22      249    (0)    1 :  0.003 0.997 
 23      250    (0)    1 :  0.018 0.982 
 24      251    (0)    1 :  0.005 0.995 
 25      252    (0)    1 :  0.028 0.972 
 26      253    (0)    1 :  0.050 0.950 
 27      254    (0)    1 :  0.006 0.994 
 28      255    (0)    1 :  0.009 0.991 
 29      256    (0)    1 :  0.004 0.996 
 30      257    (0)    1 :  0.013 0.987 
 31      258    (0)    1 :  0.007 0.993 
 32      259    (0)    1 :  0.008 0.992 
 33      260    (0)    1 :  0.011 0.989 
 34      261    (0)    1 :  0.026 0.974 
 35      262    (0)    1 :  0.003 0.997 
 36      263    (0)    1 :  0.008 0.992 
 37      264    (0)    1 :  0.005 0.995 
 38      265    (0)    1 :  0.007 0.993 
 39      266    (0)    1 :  0.003 0.997 
 40      267    (0)    1 :  0.003 0.997 
 41      268    (0)    1 :  0.017 0.983 
 42      269    (0)    1 :  0.004 0.996 
 43      270    (0)    1 :  0.004 0.996 
 44      271    (0)    1 :  0.020 0.980 
 45      272    (0)    1 :  0.018 0.982 
 46      273    (0)    1 :  0.012 0.988 
 47      274    (0)    1 :  0.006 0.994 
 48      275    (2)    1 :  0.004 0.996 
 49      276    (0)    1 :  0.007 0.993 
 50      277    (0)    1 :  0.012 0.988 
 51      278    (0)    1 :  0.012 0.988 
 52      279    (0)    1 :  0.008 0.992 
 53      280    (0)    1 :  0.010 0.990 
 54      287    (0)    1 :  0.013 0.987 
 55      290    (0)    1 :  0.008 0.992 
 56      291    (0)    1 :  0.013 0.987 
 57      295    (0)    1 :  0.005 0.995 
 58      296    (0)    1 :  0.004 0.996 
 59      872    (2)    1 :  0.005 0.995 
 60      873    (4)    1 :  0.008 0.992 
 61      874    (2)    1 :  0.006 0.994 
 62      875    (0)    1 :  0.005 0.995 
 63      876    (6)    1 :  0.021 0.979 
 64      070    (0)   10 :  0.994 0.006 
 65      071    (0)   10 :  0.997 0.003 
 66      072    (0)   10 :  0.997 0.003 
 67      151    (0)   10 :  0.997 0.003 
 68      152    (0)   10 :  0.997 0.003 
 69      153    (2)   10 :  0.997 0.003 
 70      788    (4)   10 :  0.996 0.004 
 71      789    (2)   10 :  0.994 0.006 
 72      790    (0)   10 :  0.995 0.005 
 73      010    (0)   11 :  0.989 0.011 
 74      024    (0)   11 :  0.993 0.007 
 75      051    (0)   11 :  0.993 0.007 
 76      090    (0)   11 :  0.987 0.013 
 77      102    (0)   11 :  0.937 0.063 
 78      111    (0)   11 :  0.975 0.025 
 79      113    (0)   11 :  0.989 0.011 
 80      138    (0)   11 :  0.991 0.009 
 81      150    (0)   11 :  0.979 0.021 
 82      173    (2)   11 :  0.993 0.007 
 83      174    (2)   11 :  0.981 0.019 
 84      175    (0)   11 :  0.995 0.005 
 85      176    (0)   11 :  0.949 0.051 
 86      177    (0)   11 :  0.994 0.006 
 87      180    (0)   11 :  0.868 0.132 
 88      184    (0)   11 :  0.991 0.009 
 89      195    (0)   11 :  0.993 0.007 
 90      198    (0)   11 :  0.971 0.029 
 91      203    (0)   11 :  0.987 0.013 
 92      211    (0)   11 :  0.977 0.023 
 93      220    (0)   11 :  0.993 0.007 
 94      233    (0)   11 :  0.991 0.009 
 95      331    (0)   11 :  0.992 0.008 
 96      349    (0)   11 :  0.987 0.013 
 97      410    (0)   11 :  0.985 0.015 
 98      417    (2)   11 :  0.923 0.077 
 99      421    (0)   12 :  0.970 0.030 
100      423    (0)   12 :  0.988 0.012 
101      424    (0)   12 :  0.949 0.051 
102      433    (0)   12 :  0.994 0.006 
103      462    (0)   12 :  0.990 0.010 
104      463    (0)   12 :  0.973 0.027 
105      467    (0)   12 :  0.964 0.036 
106      468    (0)   12 :  0.948 0.052 
107      469    (0)   12 :  0.863 0.137 
108      472    (0)   12 :  0.989 0.011 
109      473    (0)   12 :  0.994 0.006 
110      474    (0)   12 :  0.973 0.027 
111      475    (0)   12 :  0.994 0.006 
112      476    (2)   12 :  0.992 0.008 
113      477    (0)   12 :  0.984 0.016 
114      478    (0)   12 :  0.964 0.036 
115      479    (0)   12 :  0.961 0.039 
116      480    (0)   12 :  0.993 0.007 
117      481    (0)   12 :  0.992 0.008 
118      482    (0)   12 :  0.993 0.007 
119      489    (0)   12 :  0.993 0.007 
120      490    (0)   12 :  0.922 0.078 
121      491    (0)   12 :  0.994 0.006 
122      492    (0)   12 :  0.973 0.027 
123      493    (0)   12 :  0.982 0.018 
124      494    (0)   12 :  0.995 0.005 
125      498    (0)   12 :  0.962 0.038 
126      499    (0)   12 :  0.988 0.012 
127      709    (0)   12 :  0.987 0.013 
128      710    (4)   12 :  0.990 0.010 
129      711    (2)   12 :  0.935 0.065 
130      712    (4)   12 :  0.956 0.044 
131      713    (0)   12 :  0.992 0.008 
132      714    (2)   12 :  0.972 0.028 
133      715    (4)   12 :  0.961 0.039 
134      716    (0)   12 :  0.994 0.006 
135      717    (2)   12 :  0.980 0.020 
136      718    (4)   12 :  0.963 0.037 
137      719    (0)   12 :  0.988 0.012 
138      720    (2)   12 :  0.978 0.022 
139      721    (0)   12 :  0.993 0.007 
140      722    (4)   12 :  0.967 0.033 
141      723    (0)   12 :  0.992 0.008 
142      724    (0)   12 :  0.964 0.036 
143      725    (0)   12 :  0.990 0.010 
144      726    (0)   12 :  0.994 0.006 
145      727    (0)   12 :  0.994 0.006 
146      728    (2)   12 :  0.985 0.015 
147      729    (6)   12 :  0.990 0.010 
148      730    (2)   12 :  0.960 0.040 
149      731    (2)   12 :  0.978 0.022 
150      732    (0)   12 :  0.985 0.015 
151      733    (0)   12 :  0.969 0.031 
152      734    (2)   12 :  0.991 0.009 
153      735    (4)   12 :  0.991 0.009 
154      736    (2)   12 :  0.995 0.005 
155      737    (0)   12 :  0.955 0.045 
156      738    (2)   12 :  0.983 0.017 
157      739    (8)   12 :  0.985 0.015 
158      740    (4)   12 :  0.987 0.013 
159      741    (2)   12 :  0.863 0.137 
160      742    (4)   12 :  0.982 0.018 
161      743    (2)   12 :  0.989 0.011 
162      744    (0)   12 :  0.994 0.006 
163      745    (0)   12 :  0.922 0.078 
164      746    (2)   12 :  0.987 0.013 
165      747    (2)   12 :  0.948 0.052 
166      748    (0)   12 :  0.797 0.203 
167      749    (2)   12 :  0.983 0.017 
168      750    (4)   12 :  0.977 0.023 
169      751    (0)   12 :  0.981 0.019 
170      752    (2)   12 :  0.960 0.040 
171      753    (4)   12 :  0.969 0.031 
172      754    (2)   12 :  0.993 0.007 
173      155    (0)   13 :  0.955 0.045 
174      156    (2)   13 :  0.982 0.018 
175      157    (2)   13 :  0.993 0.007 
176      158    (0)   13 :  0.987 0.013 
177      159    (0)   13 :  0.936 0.064 
178      160    (0)   13 :  0.989 0.011 
179      161    (0)   13 :  0.993 0.007 
180      162    (0)   13 :  0.989 0.011 
181      163    (2)   13 :  0.994 0.006 
182      164    (0)   13 :  0.933 0.067 
183      165    (2)   13 :  0.983 0.017 
184      427    (0)   13 :  0.990 0.010 
185      428    (0)   13 :  0.969 0.031 
186      429    (0)   13 :  0.979 0.021 
187      430    (0)   13 :  0.936 0.064 
188      431    (0)   13 :  0.918 0.082 
189      435    (0)   13 :  0.990 0.010 
190      436    (0)   13 :  0.978 0.022 
191      437    (0)   13 :  0.917 0.083 
192      438    (0)   13 :  0.879 0.121 
193      439    (0)   13 :  0.986 0.014 
194      441    (0)   13 :  0.975 0.025 
195      442    (0)   13 :  0.979 0.021 
196      443    (4)   13 :  0.969 0.031 
197      444    (4)   13 :  0.989 0.011 
198      445    (2)   13 :  0.898 0.102 
199      446    (0)   13 :  0.994 0.006 
200      447    (0)   13 :  0.953 0.047 
201      449    (0)   13 :  0.970 0.030 
202      460    (0)   13 :  0.957 0.043 
203      461    (0)   13 :  0.964 0.036 
204      484    (0)   13 :  0.715 0.285 
205      485    (0)   13 :  0.986 0.014 
206      486    (0)   13 :  0.979 0.021 
207      487    (0)   13 :  0.991 0.009 
208      178    (0)   14 :  0.995 0.005 
209      422    (0)   14 :  0.939 0.061 
210      425    (0)   14 :  0.991 0.009 
211      426    (0)   14 :  0.996 0.004 
212      432    (0)   14 :  0.985 0.015 
213      434    (0)   14 :  0.984 0.016 
214      440    (0)   14 :  0.994 0.006 
215      448    (2)   14 :  0.971 0.029 
216      456    (0)   14 :  0.748 0.252 
217      457    (0)   14 :  0.971 0.029 
218      458    (0)   14 :  0.986 0.014 
219      459    (0)   14 :  0.986 0.014 
220      464    (0)   14 :  0.993 0.007 
221      465    (0)   14 :  0.989 0.011 
222      466    (0)   14 :  0.939 0.061 
223      470    (0)   14 :  0.993 0.007 
224      471    (0)   14 :  0.990 0.010 
225      483    (0)   14 :  0.992 0.008 
226      488    (0)   14 :  0.982 0.018 
227      495    (0)   14 :  0.960 0.040 
228      496    (0)   14 :  0.995 0.005 
229      497    (0)   14 :  0.981 0.019 
230      500    (0)   14 :  0.447 0.553 
231      879    (0)   14 :  0.994 0.006 
232      036    (0)   15 :  0.979 0.021 
233      063    (2)   15 :  0.973 0.027 
234      094    (4)   15 :  0.902 0.098 
235      103    (4)   15 :  0.986 0.014 
236      112    (0)   15 :  0.987 0.013 
237      114    (2)   15 :  0.992 0.008 
238      120    (0)   15 :  0.931 0.069 
239      127    (2)   15 :  0.987 0.013 
240      147    (0)   15 :  0.996 0.004 
241      166    (0)   15 :  0.994 0.006 
242      167    (0)   15 :  0.984 0.016 
243      168    (0)   15 :  0.992 0.008 
244      169    (2)   15 :  0.987 0.013 
245      170    (0)   15 :  0.986 0.014 
246      171    (2)   15 :  0.854 0.146 
247      172    (0)   15 :  0.949 0.051 
248      185    (0)   15 :  0.993 0.007 
249      199    (2)   15 :  0.992 0.008 
250      339    (0)   15 :  0.990 0.010 
251      355    (0)   15 :  0.995 0.005 
252      356    (0)   15 :  0.994 0.006 
253      357    (0)   15 :  0.989 0.011 
254      358    (0)   15 :  0.979 0.021 
255      359    (0)   15 :  0.992 0.008 
256      360    (0)   15 :  0.981 0.019 
257      361    (0)   15 :  0.991 0.009 
258      362    (0)   15 :  0.678 0.322 
259      363    (0)   15 :  0.990 0.010 
260      364    (0)   15 :  0.778 0.222 
261      365    (0)   15 :  0.984 0.016 
262      366    (0)   15 :  0.990 0.010 
263      367    (0)   15 :  0.974 0.026 
264      368    (0)   15 :  0.903 0.097 
265      369    (0)   15 :  0.995 0.005 
266      370    (0)   15 :  0.989 0.011 
267      371    (0)   15 :  0.962 0.038 
268      372    (0)   15 :  0.989 0.011 
269      373    (0)   15 :  0.992 0.008 
270      380    (0)   15 :  0.949 0.051 
271      388    (0)   15 :  0.979 0.021 
272      418    (0)   15 :  0.979 0.021 
273      419    (0)   15 :  0.989 0.011 
274      420    (0)   15 :  0.969 0.031 
275      409    (0)   16 :  0.967 0.033 
276      414    (0)   16 :  0.951 0.049 
277      415    (2)   16 :  0.990 0.010 
278      416    (0)   16 :  0.899 0.101 
279      571    (0)    2 :  0.009 0.991 
280      572    (0)    2 :  0.009 0.991 
281      573    (2)    2 :  0.004 0.996 
282      574    (0)    2 :  0.006 0.994 
283      575    (2)    2 :  0.017 0.983 
284      576    (0)    2 :  0.003 0.997 
285      577    (0)    2 :  0.006 0.994 
286      578    (0)    2 :  0.004 0.996 
287      579    (0)    2 :  0.005 0.995 
288      580    (0)    2 :  0.004 0.996 
289      581    (0)    2 :  0.003 0.997 
290      582    (4)    2 :  0.039 0.961 
291      583    (0)    2 :  0.392 0.608 
292      584    (0)    2 :  0.010 0.990 
293      585    (0)    2 :  0.005 0.995 
294      586    (2)    2 :  0.006 0.994 
295      587    (0)    2 :  0.003 0.997 
296      588    (0)    2 :  0.025 0.975 
297      589    (0)    2 :  0.050 0.950 
298      590    (0)    2 :  0.006 0.994 
299      527    (2)    3 :  0.008 0.992 
300      528    (4)    3 :  0.040 0.960 
301      529    (4)    3 :  0.015 0.985 
302      530    (0)    3 :  0.007 0.993 
303      531    (2)    3 :  0.006 0.994 
304      532    (4)    3 :  0.014 0.986 
305      533    (0)    3 :  0.027 0.973 
306      534    (2)    3 :  0.005 0.995 
307      535    (2)    3 :  0.012 0.988 
308      536    (2)    3 :  0.005 0.995 
309      537    (2)    3 :  0.007 0.993 
310      538    (2)    3 :  0.029 0.971 
311      539    (2)    3 :  0.003 0.997 
312      540    (2)    3 :  0.009 0.991 
313      541    (2)    3 :  0.008 0.992 
314      542    (2)    3 :  0.022 0.978 
315      543    (0)    3 :  0.136 0.864 
316      544    (2)    3 :  0.003 0.997 
317      545    (2)    3 :  0.015 0.985 
318      546    (4)    3 :  0.048 0.952 
319      547    (6)    3 :  0.055 0.945 
320      019    (0)    4 :  0.011 0.989 
321      064    (0)    4 :  0.004 0.996 
322      065    (0)    4 :  0.003 0.997 
323      066    (0)    4 :  0.010 0.990 
324      067    (0)    4 :  0.042 0.958 
325      068    (0)    4 :  0.010 0.990 
326      069    (0)    4 :  0.005 0.995 
327      107    (0)    4 :  0.006 0.994 
328      110    (0)    4 :  0.041 0.959 
329      121    (0)    4 :  0.004 0.996 
330      137    (0)    4 :  0.059 0.941 
331      146    (0)    4 :  0.022 0.978 
332      149    (0)    4 :  0.025 0.975 
333      154    (0)    4 :  0.010 0.990 
334      179    (0)    4 :  0.005 0.995 
335      181    (0)    4 :  0.004 0.996 
336      182    (0)    4 :  0.009 0.991 
337      186    (0)    4 :  0.036 0.964 
338      193    (0)    4 :  0.006 0.994 
339      320    (0)    4 :  0.008 0.992 
340      341    (0)    4 :  0.012 0.988 
341      376    (0)    4 :  0.008 0.992 
342      395    (0)    4 :  0.008 0.992 
343      396    (0)    4 :  0.003 0.997 
344      397    (0)    4 :  0.005 0.995 
345      398    (0)    4 :  0.005 0.995 
346      399    (0)    4 :  0.006 0.994 
347      400    (0)    4 :  0.010 0.990 
348      401    (0)    4 :  0.009 0.991 
349      402    (0)    4 :  0.032 0.968 
350      403    (0)    4 :  0.011 0.989 
351      073    (0)    5 :  0.005 0.995 
352      074    (0)    5 :  0.006 0.994 
353      075    (0)    5 :  0.007 0.993 
354      076    (0)    5 :  0.008 0.992 
355      077    (0)    5 :  0.010 0.990 
356      078    (0)    5 :  0.016 0.984 
357      079    (0)    5 :  0.008 0.992 
358      080    (0)    5 :  0.008 0.992 
359      081    (0)    5 :  0.009 0.991 
360      082    (0)    5 :  0.004 0.996 
361      083    (0)    5 :  0.005 0.995 
362      084    (0)    5 :  0.004 0.996 
363      085    (0)    5 :  0.020 0.980 
364      404    (0)    5 :  0.004 0.996 
365      405    (0)    5 :  0.005 0.995 
366      406    (0)    5 :  0.008 0.992 
367      407    (0)    5 :  0.005 0.995 
368      408    (0)    5 :  0.006 0.994 
369      411    (2)    5 :  0.004 0.996 
370      412    (0)    5 :  0.013 0.987 
371      413    (0)    5 :  0.004 0.996 
372      591    (0)    6 :  0.992 0.008 
373      592    (0)    6 :  0.978 0.022 
374      593    (0)    6 :  0.956 0.044 
375      594    (0)    6 :  0.945 0.055 
376      595    (0)    6 :  0.978 0.022 
377      596    (0)    6 :  0.980 0.020 
378      597    (0)    6 :  0.823 0.177 
379      598    (0)    6 :  0.985 0.015 
380      599    (0)    6 :  0.987 0.013 
381      600    (0)    6 :  0.988 0.012 
382      601    (0)    6 :  0.920 0.080 
383      602    (0)    6 :  0.968 0.032 
384      603    (0)    6 :  0.991 0.009 
385      604    (0)    6 :  0.964 0.036 
386      605    (0)    6 :  0.983 0.017 
387      606    (0)    6 :  0.992 0.008 
388      607    (0)    6 :  0.946 0.054 
389      608    (0)    6 :  0.985 0.015 
390      609    (0)    6 :  0.984 0.016 
391      610    (0)    6 :  0.956 0.044 
392      611    (2)    6 :  0.877 0.123 
393      612    (0)    6 :  0.980 0.020 
394      755    (0)    6 :  0.961 0.039 
395      756    (0)    6 :  0.911 0.089 
396      757    (0)    6 :  0.988 0.012 
397      002    (0)    7 :  0.005 0.995 
398      099    (2)    7 :  0.996 0.004 
399      641    (2)    7 :  0.245 0.755 
400      642    (0)    7 :  0.009 0.991 
401      643    (2)    7 :  0.015 0.985 
402      644    (0)    7 :  0.010 0.990 
403      645    (0)    7 :  0.067 0.933 
404      646    (0)    7 :  0.269 0.731 
405      006    (0)    8 :  0.018 0.982 
406      011    (0)    8 :  0.004 0.996 
407      033    (2)    8 :  0.008 0.992 
408      048    (0)    8 :  0.039 0.961 
409      061    (0)    8 :  0.034 0.966 
410      088    (0)    8 :  0.014 0.986 
411      091    (0)    8 :  0.008 0.992 
412      098    (0)    8 :  0.008 0.992 
413      104    (0)    8 :  0.003 0.997 
414      196    (0)    8 :  0.010 0.990 
415      197    (0)    8 :  0.017 0.983 
416      201    (0)    8 :  0.005 0.995 
417      202    (0)    8 :  0.020 0.980 
418      204    (0)    8 :  0.005 0.995 
419      231    (0)    8 :  0.005 0.995 
420      328    (0)    8 :  0.006 0.994 
421      346    (0)    8 :  0.006 0.994 
422      212    (0)    9 :  0.996 0.004 
423      213    (0)    9 :  0.996 0.004 
424      214    (0)    9 :  0.996 0.004 
425      215    (0)    9 :  0.988 0.012 
426      216    (0)    9 :  0.991 0.009 
427      217    (0)    9 :  0.994 0.006 
428      218    (0)    9 :  0.991 0.009 
429      332    (0)    9 :  0.986 0.014 
430      333    (0)    9 :  0.991 0.009 
431      334    (0)    9 :  0.993 0.007 
432      335    (0)    9 :  0.996 0.004 
433      336    (0)    9 :  0.991 0.009 
434      337    (0)    9 :  0.984 0.016 
435      673    (0)    9 :  0.995 0.005 
436      674    (0)    9 :  0.993 0.007 
437      675    (0)    9 :  0.997 0.003 
438      676    (0)    9 :  0.997 0.003 
439      677    (0)    9 :  0.976 0.024 
440      678    (0)    9 :  0.997 0.003 
441      679    (0)    9 :  0.994 0.006 
442      680    (0)    9 :  0.995 0.005 
443      681    (0)    9 :  0.989 0.011 
444      682    (0)    9 :  0.995 0.005 
445      683    (0)    9 :  0.992 0.008 
446      684    (0)    9 :  0.997 0.003 
447      685    (0)    9 :  0.996 0.004 
448      686    (0)    9 :  0.994 0.006 
449      687    (0)    9 :  0.995 0.005 
450      688    (0)    9 :  0.993 0.007 


Estimated Allele Frequencies in each cluster
First column gives estimated ancestral frequencies


Locus 1 : 1 
4 alleles
0.0% missing data
  89   (0.533) 0.546 0.576 
  91   (0.381) 0.390 0.359 
  99   (0.022) 0.016 0.000 
  93   (0.065) 0.048 0.065 

Locus 2 : 2 
6 alleles
1.1% missing data
 136   (0.326) 0.317 0.541 
 134   (0.251) 0.265 0.159 
 138   (0.307) 0.323 0.239 
 140   (0.060) 0.043 0.058 
 132   (0.022) 0.016 0.000 
 142   (0.035) 0.036 0.001 

Locus 3 : 3 
6 alleles
0.0% missing data
 181   (0.253) 0.252 0.208 
 187   (0.318) 0.301 0.515 
 179   (0.235) 0.227 0.255 
 191   (0.052) 0.038 0.019 
 175   (0.052) 0.061 0.001 
 185   (0.090) 0.122 0.002 

Locus 4 : 4 
12 alleles
0.2% missing data
 253   (0.488) 0.523 0.694 
 249   (0.028) 0.011 0.063 
 271   (0.038) 0.022 0.031 
 241   (0.144) 0.153 0.076 
 257   (0.010) 0.002 0.001 
 269   (0.172) 0.182 0.131 
 245   (0.010) 0.003 0.000 
 247   (0.064) 0.087 0.001 
 239   (0.014) 0.007 0.000 
 273   (0.012) 0.005 0.000 
 267   (0.010) 0.001 0.003 
 255   (0.010) 0.003 0.000 

Locus 5 : 5 
6 alleles
0.7% missing data
 103   (0.858) 0.890 0.983 
 104   (0.058) 0.048 0.015 
 105   (0.038) 0.039 0.001 
 102   (0.018) 0.010 0.000 
 107   (0.014) 0.007 0.000 
 101   (0.013) 0.005 0.000 

Locus 6 : 6 
5 alleles
0.2% missing data
 141   (0.261) 0.240 0.542 
 145   (0.405) 0.450 0.183 
 135   (0.221) 0.217 0.213 
 147   (0.098) 0.087 0.062 
 137   (0.015) 0.007 0.000 

Locus 7 : 7 
10 alleles
1.3% missing data
  93   (0.227) 0.231 0.353 
 103   (0.329) 0.358 0.368 
  91   (0.069) 0.064 0.029 
  97   (0.170) 0.177 0.159 
  85   (0.047) 0.034 0.037 
  89   (0.079) 0.072 0.052 
  83   (0.044) 0.052 0.001 
 105   (0.014) 0.007 0.000 
 101   (0.010) 0.003 0.000 
  99   (0.010) 0.003 0.000 

Locus 8 : 8 
8 alleles
0.0% missing data
 129   (0.547) 0.581 0.662 
 141   (0.073) 0.058 0.099 
 149   (0.078) 0.061 0.117 
 143   (0.242) 0.268 0.121 
 127   (0.017) 0.010 0.000 
 131   (0.014) 0.007 0.000 
 133   (0.019) 0.012 0.000 
 145   (0.010) 0.003 0.000 

Locus 9 : 9 
5 alleles
0.0% missing data
 191   (0.397) 0.391 0.565 
 195   (0.176) 0.170 0.161 
 189   (0.406) 0.435 0.270 
 197   (0.010) 0.003 0.000 
 193   (0.010) 0.001 0.003 

Locus 10 : 10 
7 alleles
0.2% missing data
 232   (0.232) 0.229 0.302 
 238   (0.550) 0.592 0.549 
 252   (0.096) 0.082 0.126 
 254   (0.073) 0.068 0.022 
 250   (0.014) 0.007 0.000 
 236   (0.010) 0.003 0.000 
 248   (0.024) 0.020 0.001 

Locus 11 : 11 
4 alleles
0.0% missing data
  87   (0.687) 0.723 0.626 
  89   (0.240) 0.229 0.319 
  91   (0.056) 0.039 0.056 
  85   (0.016) 0.009 0.000 

Locus 12 : 12 
13 alleles
0.2% missing data
 160   (0.242) 0.280 0.132 
 162   (0.249) 0.273 0.225 
 147   (0.051) 0.033 0.150 
 158   (0.193) 0.187 0.455 
 161   (0.096) 0.102 0.027 
 170   (0.047) 0.039 0.009 
 143   (0.028) 0.027 0.001 
 154   (0.018) 0.012 0.000 
 149   (0.029) 0.028 0.001 
 153   (0.014) 0.007 0.000 
 150   (0.010) 0.003 0.000 
 159   (0.014) 0.007 0.000 
 164   (0.010) 0.003 0.000 

Locus 13 : 13 
5 alleles
0.0% missing data
 108   (0.190) 0.185 0.171 
 115   (0.437) 0.441 0.542 
 113   (0.353) 0.369 0.286 
 109   (0.010) 0.003 0.000 
 110   (0.010) 0.003 0.000 

Locus 14 : 14 
5 alleles
0.9% missing data
 227   (0.166) 0.154 0.252 
 231   (0.177) 0.184 0.099 
 229   (0.460) 0.484 0.480 
 225   (0.134) 0.134 0.077 
 233   (0.062) 0.045 0.092 

Locus 15 : 15 
5 alleles
0.2% missing data
 143   (0.833) 0.846 0.966 
 157   (0.012) 0.001 0.013 
 145   (0.084) 0.079 0.019 
 147   (0.052) 0.061 0.001 
 133   (0.019) 0.012 0.000 

Locus 16 : 16 
5 alleles
0.2% missing data
 156   (0.276) 0.282 0.261 
 158   (0.485) 0.506 0.527 
 160   (0.134) 0.121 0.170 
 154   (0.092) 0.086 0.042 
 152   (0.013) 0.005 0.000 

Locus 17 : 17 
5 alleles
0.0% missing data
 102   (0.198) 0.188 0.229 
  90   (0.680) 0.706 0.726 
  88   (0.067) 0.053 0.044 
 100   (0.044) 0.050 0.001 
 104   (0.010) 0.003 0.000 

Locus 18 : 18 
7 alleles
0.0% missing data
 142   (0.115) 0.091 0.404 
 146   (0.109) 0.093 0.153 
 140   (0.271) 0.293 0.151 
 127   (0.277) 0.289 0.214 
 148   (0.101) 0.095 0.056 
 138   (0.053) 0.041 0.021 
 150   (0.074) 0.098 0.002 

Locus 19 : 19 
7 alleles
0.0% missing data
 188   (0.170) 0.165 0.134 
 190   (0.163) 0.140 0.368 
 194   (0.544) 0.568 0.496 
 200   (0.076) 0.098 0.002 
 192   (0.010) 0.003 0.000 
 202   (0.027) 0.023 0.001 
 196   (0.011) 0.003 0.000 

Locus 20 : 20 
6 alleles
0.9% missing data
 252   (0.682) 0.731 0.818 
 250   (0.095) 0.085 0.091 
 244   (0.024) 0.010 0.014 
 254   (0.079) 0.074 0.031 
 246   (0.088) 0.084 0.037 
 248   (0.031) 0.017 0.010 

Locus 21 : 21 
7 alleles
0.2% missing data
 173   (0.309) 0.320 0.331 
 177   (0.246) 0.244 0.321 
 175   (0.147) 0.166 0.034 
 167   (0.171) 0.158 0.300 
 163   (0.050) 0.048 0.003 
 159   (0.023) 0.018 0.000 
 165   (0.055) 0.047 0.011 

Locus 22 : 22 
11 alleles
0.7% missing data
 146   (0.218) 0.226 0.258 
 154   (0.012) 0.001 0.051 
 166   (0.079) 0.071 0.064 
 152   (0.435) 0.470 0.584 
 150   (0.032) 0.019 0.009 
 164   (0.033) 0.019 0.017 
 148   (0.017) 0.010 0.000 
 158   (0.081) 0.084 0.016 
 162   (0.040) 0.047 0.001 
 156   (0.038) 0.043 0.001 
 142   (0.016) 0.009 0.000 

Locus 23 : 23 
7 alleles
0.9% missing data
 152   (0.014) 0.002 0.058 
 156   (0.105) 0.105 0.044 
 144   (0.237) 0.251 0.173 
 160   (0.115) 0.101 0.184 
 154   (0.486) 0.518 0.535 
 158   (0.030) 0.017 0.006 
 146   (0.013) 0.005 0.000 

Locus 24 : 24 
4 alleles
0.4% missing data
  77   (0.089) 0.066 0.254 
  83   (0.509) 0.526 0.489 
  81   (0.320) 0.333 0.231 
  85   (0.082) 0.074 0.027 

Locus 25 : 25 
6 alleles
0.4% missing data
 132   (0.340) 0.337 0.479 
 124   (0.503) 0.534 0.451 
 126   (0.025) 0.009 0.047 
 122   (0.092) 0.092 0.022 
 120   (0.024) 0.020 0.001 
 136   (0.016) 0.009 0.000 

Locus 26 : 26 
7 alleles
0.2% missing data
 165   (0.225) 0.236 0.154 
 183   (0.358) 0.358 0.534 
 179   (0.084) 0.073 0.064 
 175   (0.265) 0.273 0.247 
 181   (0.045) 0.052 0.001 
 185   (0.013) 0.005 0.000 
 157   (0.010) 0.003 0.000 

Locus 27 : 27 
4 alleles
0.2% missing data
 142   (0.655) 0.670 0.675 
 148   (0.188) 0.187 0.113 
 138   (0.047) 0.025 0.196 
 150   (0.110) 0.118 0.016 

Locus 28 : 28 
6 alleles
0.9% missing data
 260   (0.377) 0.390 0.369 
 262   (0.511) 0.525 0.619 
 256   (0.068) 0.064 0.011 
 258   (0.015) 0.007 0.000 
 266   (0.010) 0.003 0.000 
 264   (0.019) 0.012 0.000 

Locus 29 : 29 
7 alleles
0.2% missing data
 146   (0.266) 0.286 0.195 
 150   (0.422) 0.434 0.616 
 140   (0.171) 0.177 0.112 
 148   (0.084) 0.073 0.066 
 152   (0.028) 0.025 0.001 
 151   (0.014) 0.003 0.007 
 142   (0.015) 0.003 0.003 

Locus 30 : 30 
6 alleles
0.2% missing data
 125   (0.239) 0.215 0.448 
 129   (0.482) 0.486 0.494 
 123   (0.151) 0.153 0.055 
 121   (0.015) 0.007 0.000 
 127   (0.082) 0.108 0.002 
 131   (0.032) 0.030 0.001 

Locus 31 : 31 
6 alleles
0.2% missing data
 159   (0.183) 0.186 0.137 
 155   (0.509) 0.525 0.690 
 157   (0.174) 0.181 0.101 
 153   (0.067) 0.052 0.064 
 151   (0.057) 0.054 0.006 
 163   (0.010) 0.002 0.002 

Locus 32 : 32 
5 alleles
0.0% missing data
 146   (0.305) 0.346 0.078 
 150   (0.575) 0.560 0.847 
 148   (0.067) 0.049 0.074 
 154   (0.034) 0.032 0.001 
 152   (0.019) 0.012 0.000 

Locus 33 : 33 
7 alleles
0.0% missing data
 180   (0.463) 0.475 0.561 
 196   (0.108) 0.091 0.183 
 184   (0.203) 0.204 0.162 
 194   (0.012) 0.002 0.035 
 192   (0.127) 0.162 0.007 
 190   (0.023) 0.018 0.001 
 198   (0.064) 0.049 0.052 

Locus 34 : 34 
6 alleles
0.0% missing data
 110   (0.167) 0.148 0.318 
 112   (0.324) 0.313 0.509 
 106   (0.330) 0.368 0.133 
  90   (0.054) 0.040 0.027 
 108   (0.109) 0.121 0.012 
  96   (0.016) 0.009 0.000 

Locus 35 : 35 
9 alleles
0.0% missing data
 166   (0.069) 0.047 0.245 
 176   (0.094) 0.076 0.158 
 172   (0.332) 0.336 0.416 
 170   (0.269) 0.290 0.163 
 174   (0.118) 0.151 0.006 
 178   (0.041) 0.029 0.010 
 168   (0.044) 0.050 0.001 
 186   (0.023) 0.018 0.000 
 158   (0.010) 0.003 0.000 

Locus 36 : 36 
6 alleles
0.0% missing data
  89   (0.548) 0.577 0.644 
  95   (0.063) 0.048 0.070 
  85   (0.179) 0.172 0.224 
  81   (0.069) 0.068 0.010 
  83   (0.122) 0.123 0.052 
  91   (0.019) 0.012 0.000 

Locus 37 : 37 
10 alleles
0.0% missing data
 161   (0.332) 0.345 0.531 
 165   (0.198) 0.209 0.177 
 159   (0.019) 0.005 0.028 
 173   (0.267) 0.307 0.136 
 169   (0.102) 0.094 0.118 
 167   (0.023) 0.009 0.009 
 168   (0.014) 0.007 0.000 
 155   (0.017) 0.010 0.000 
 177   (0.010) 0.003 0.000 
 175   (0.017) 0.010 0.000 

Locus 38 : 38 
6 alleles
0.4% missing data
  87   (0.111) 0.096 0.153 
  89   (0.403) 0.404 0.600 
  91   (0.157) 0.155 0.118 
  81   (0.122) 0.117 0.080 
  85   (0.197) 0.226 0.046 
  83   (0.010) 0.001 0.003 

Locus 39 : 39 
4 alleles
0.4% missing data
 167   (0.793) 0.809 0.913 
 161   (0.162) 0.162 0.085 
 165   (0.034) 0.026 0.002 
 177   (0.010) 0.003 0.000 

Locus 40 : 40 
6 alleles
0.2% missing data
 228   (0.421) 0.416 0.551 
 238   (0.298) 0.295 0.306 
 224   (0.032) 0.014 0.075 
 236   (0.132) 0.129 0.065 
 232   (0.018) 0.008 0.001 
 240   (0.100) 0.138 0.002 

Locus 41 : 41 
7 alleles
0.0% missing data
 128   (0.124) 0.114 0.133 
 130   (0.503) 0.526 0.613 
 114   (0.068) 0.052 0.094 
 132   (0.138) 0.131 0.147 
 118   (0.063) 0.071 0.003 
 134   (0.093) 0.104 0.010 
 136   (0.010) 0.003 0.000 

Locus 42 : 42 
6 alleles
1.3% missing data
 102   (0.319) 0.324 0.399 
 104   (0.382) 0.431 0.196 
  92   (0.103) 0.090 0.125 
  96   (0.065) 0.048 0.093 
  98   (0.119) 0.104 0.187 
 106   (0.010) 0.002 0.001 

Locus 43 : 43 
6 alleles
1.6% missing data
 101   (0.296) 0.293 0.409 
 103   (0.312) 0.333 0.222 
  99   (0.136) 0.136 0.070 
  95   (0.226) 0.220 0.298 
  97   (0.021) 0.014 0.000 
  91   (0.010) 0.003 0.000 

Locus 44 : 44 
7 alleles
0.2% missing data
 177   (0.070) 0.055 0.073 
 191   (0.244) 0.254 0.176 
 181   (0.609) 0.635 0.749 
 179   (0.035) 0.036 0.001 
 183   (0.013) 0.005 0.000 
 193   (0.018) 0.010 0.000 
 189   (0.013) 0.005 0.000 

Locus 45 : 45 
6 alleles
0.9% missing data
 205   (0.446) 0.471 0.520 
 211   (0.226) 0.231 0.221 
 207   (0.146) 0.143 0.134 
 201   (0.085) 0.074 0.074 
 215   (0.084) 0.075 0.050 
 202   (0.013) 0.005 0.000 

Locus 46 : 46 
10 alleles
1.1% missing data
 144   (0.073) 0.055 0.208 
 158   (0.139) 0.135 0.151 
 168   (0.121) 0.110 0.188 
 166   (0.167) 0.159 0.292 
 142   (0.348) 0.412 0.151 
 170   (0.021) 0.010 0.003 
 156   (0.039) 0.035 0.003 
 162   (0.036) 0.039 0.001 
 164   (0.045) 0.042 0.003 
 160   (0.010) 0.003 0.000 

Locus 47 : 47 
7 alleles
8.7% missing data
 149   (0.309) 0.336 0.227 
 151   (0.174) 0.167 0.256 
 153   (0.204) 0.199 0.304 
 147   (0.032) 0.016 0.031 
 145   (0.253) 0.271 0.180 
 152   (0.011) 0.001 0.003 
 143   (0.016) 0.009 0.000 

Values of parameters used in structure:
DATAFILE=temp2_no_plains.str,	OUTFILE=k2/temp2_no_plains_k2_run7,	NUMINDS=450,	NUMLOCI=47,	MISSING=-9,	LABEL=1,	POPDATA=1,	POPFLAG=0,	PHENOTYPE=0,	EXTRACOLS=0,	MAXPOPS=2,	BURNIN=500000,	NUMREPS=750000,	USEPOPINFO=0,	INFERALPHA=1,	INFERLAMBDA=0,	POPSPECIFICLAMBDA=0,	POPALPHAS=0,	COMPUTEPROB=1,	NOADMIX=0,	ADMBURNIN=500,	UPDATEFREQ=100,	PRINTLIKES=0,	INTERMEDSAVE=0,	PRINTKLD=0,	PRINTNET=1,	PRINTLAMBDA=1,	ANCESTDIST=0,	NUMBOXES=1000,	ANCESTPINT=0.90000,	GENSBACK=2,	MIGRPRIOR=0.01000,	PRINTQHAT=0,	PRINTQSUM=1,	ALPHA=1.0000,	FREQSCORR=1,	FPRIORMEAN=0.0100,	FPRIORSD=0.0500,	ONEFST=0,	LAMBDA=1.0000,	UNIFPRIORALPHA=1,	ALPHAMAX=10.0000,	ALPHAPRIORA=1.0000,	ALPHAPRIORB=2.0000,	ALPHAPROPSD=0.0250,	STARTATPOPINFO=0,	RANDOMIZE=0,	LINKAGE=0,	METROFREQ=10,	REPORTHITRATE=0,	MARKOVPHASE=0,	PHASED=1,	PLOIDY=2,	PHASEINFO=0	LOCPRIOR=0, 	LOCPRIORINIT=1.000000, 	LOCDATA=0, 	LOCISPOP=1, 	LOCPRIORSTEP=0.100000, 	MAXLOCPRIOR=20.000000, 	SEED=393628,	
[STRAT parameters]:    NUMSIMSTATS=1000,	PHENOTYPECOL=-9,	POOLFREQ=10,	LOCUSxONLY=0,	EMERROR=0.00100,	MISSINGPHENO=-9,	