

----------------------------------------------------
STRUCTURE by Pritchard, Stephens and Donnelly (2000)
     and Falush, Stephens and Pritchard (2003)
       Code by Pritchard, Falush and Hubisz
             Version 2.3.4 (Jul 2012)
----------------------------------------------------



Command line arguments:   structure -D 597365 -K 8 -m mainparams -o k8/temp2_no_plains_k8_run4 
Input File:    temp2_no_plains.str

Run parameters:
   450 individuals
   47 loci
   8 populations assumed
   500000 Burn-in period
   750000 Reps
RANDOMIZE turned off


--------------------------------------------
Proportion of membership of each pre-defined
 population in each of the 8 clusters

Given    Inferred Clusters                                          Number of
 Pop       1      2      3      4      5      6      7      8      Individuals

  1:     0.938  0.011  0.010  0.008  0.010  0.010  0.010  0.004       63
  2:     0.921  0.019  0.014  0.007  0.009  0.009  0.015  0.006       20
  3:     0.871  0.031  0.027  0.007  0.013  0.019  0.029  0.004       21
  4:     0.858  0.012  0.012  0.006  0.007  0.011  0.090  0.004       31
  5:     0.957  0.007  0.007  0.004  0.009  0.006  0.006  0.004       21
  6:     0.012  0.026  0.024  0.012  0.060  0.021  0.839  0.006       25
  7:     0.655  0.085  0.074  0.016  0.014  0.106  0.039  0.012        8
  8:     0.925  0.012  0.012  0.005  0.020  0.011  0.008  0.007       17
  9:     0.005  0.005  0.005  0.967  0.005  0.005  0.006  0.003       29
 10:     0.002  0.003  0.003  0.002  0.002  0.002  0.002  0.984        9
 11:     0.013  0.315  0.308  0.013  0.056  0.212  0.075  0.008       26
 12:     0.016  0.209  0.212  0.011  0.264  0.240  0.040  0.009       74
 13:     0.024  0.127  0.126  0.014  0.527  0.112  0.063  0.007       35
 14:     0.036  0.072  0.057  0.009  0.745  0.049  0.023  0.008       24
 15:     0.023  0.318  0.290  0.027  0.057  0.233  0.043  0.009       43
 16:     0.029  0.317  0.402  0.009  0.025  0.203  0.013  0.003        4
--------------------------------------------

Allele-freq. divergence among pops (Net nucleotide distance),
computed using point estimates of P.

      1       2       3       4       5       6       7       8      
 1      -    0.0254  0.0258  0.0738  0.0378  0.0266  0.0354  0.1345  
 2   0.0254     -    0.0001  0.0508  0.0132  0.0028  0.0137  0.0955  
 3   0.0258  0.0001     -    0.0522  0.0135  0.0026  0.0143  0.0975  
 4   0.0738  0.0508  0.0522     -    0.0661  0.0554  0.0576  0.1294  
 5   0.0378  0.0132  0.0135  0.0661     -    0.0171  0.0283  0.1212  
 6   0.0266  0.0028  0.0026  0.0554  0.0171     -    0.0167  0.1005  
 7   0.0354  0.0137  0.0143  0.0576  0.0283  0.0167     -    0.1036  
 8   0.1345  0.0955  0.0975  0.1294  0.1212  0.1005  0.1036     -    

Average distances (expected heterozygosity) between individuals in same cluster:
cluster  1  : 0.5522 
cluster  2  : 0.6447 
cluster  3  : 0.6405 
cluster  4  : 0.5480 
cluster  5  : 0.5821 
cluster  6  : 0.6285 
cluster  7  : 0.6076 
cluster  8  : 0.5361 

--------------------------------------------
Estimated Ln Prob of Data   = -49489.5
Mean value of ln likelihood = -47141.3
Variance of ln likelihood   = 4696.3
Mean value of alpha         = 0.0333

Mean value of Fst_1         = 0.1244
Mean value of Fst_2         = 0.0027
Mean value of Fst_3         = 0.0106
Mean value of Fst_4         = 0.2035
Mean value of Fst_5         = 0.0642
Mean value of Fst_6         = 0.0288
Mean value of Fst_7         = 0.0714
Mean value of Fst_8         = 0.3036


Inferred ancestry of individuals:
        Label (%Miss) Pop:  Inferred clusters
  1      221    (0)    1 :  0.955 0.006 0.006 0.002 0.008 0.006 0.013 0.003 
  2      222    (0)    1 :  0.949 0.007 0.007 0.008 0.005 0.007 0.011 0.005 
  3      223    (0)    1 :  0.949 0.008 0.009 0.003 0.008 0.014 0.007 0.003 
  4      224    (0)    1 :  0.980 0.003 0.003 0.005 0.002 0.003 0.004 0.001 
  5      225    (0)    1 :  0.974 0.005 0.005 0.003 0.003 0.004 0.003 0.002 
  6      226    (0)    1 :  0.962 0.005 0.005 0.002 0.003 0.006 0.012 0.005 
  7      227    (0)    1 :  0.910 0.013 0.012 0.005 0.005 0.013 0.026 0.014 
  8      228    (0)    1 :  0.949 0.008 0.008 0.005 0.013 0.008 0.006 0.003 
  9      234    (0)    1 :  0.979 0.003 0.003 0.002 0.004 0.003 0.003 0.002 
 10      235    (0)    1 :  0.980 0.003 0.003 0.002 0.003 0.003 0.003 0.003 
 11      236    (0)    1 :  0.985 0.002 0.002 0.002 0.002 0.002 0.003 0.002 
 12      237    (0)    1 :  0.979 0.003 0.003 0.002 0.004 0.004 0.003 0.002 
 13      238    (0)    1 :  0.948 0.007 0.006 0.008 0.006 0.007 0.015 0.003 
 14      239    (0)    1 :  0.806 0.030 0.028 0.019 0.012 0.036 0.060 0.009 
 15      240    (0)    1 :  0.979 0.003 0.003 0.002 0.003 0.003 0.005 0.002 
 16      242    (0)    1 :  0.575 0.162 0.111 0.002 0.018 0.119 0.012 0.001 
 17      243    (0)    1 :  0.918 0.012 0.011 0.015 0.006 0.008 0.017 0.013 
 18      244    (0)    1 :  0.943 0.007 0.007 0.003 0.002 0.010 0.017 0.010 
 19      245    (0)    1 :  0.885 0.019 0.018 0.010 0.019 0.020 0.012 0.017 
 20      246    (0)    1 :  0.978 0.004 0.004 0.003 0.002 0.003 0.003 0.004 
 21      248    (0)    1 :  0.939 0.007 0.007 0.026 0.004 0.009 0.005 0.003 
 22      249    (0)    1 :  0.983 0.002 0.002 0.002 0.002 0.003 0.004 0.001 
 23      250    (0)    1 :  0.917 0.016 0.015 0.011 0.015 0.010 0.010 0.005 
 24      251    (0)    1 :  0.971 0.004 0.004 0.003 0.008 0.004 0.003 0.004 
 25      252    (0)    1 :  0.893 0.010 0.011 0.051 0.017 0.009 0.007 0.001 
 26      253    (0)    1 :  0.837 0.038 0.036 0.032 0.004 0.041 0.009 0.003 
 27      254    (0)    1 :  0.965 0.005 0.006 0.003 0.004 0.007 0.007 0.002 
 28      255    (0)    1 :  0.940 0.008 0.009 0.005 0.005 0.008 0.023 0.002 
 29      256    (0)    1 :  0.972 0.006 0.006 0.001 0.004 0.005 0.004 0.002 
 30      257    (0)    1 :  0.938 0.009 0.008 0.009 0.010 0.010 0.014 0.003 
 31      258    (0)    1 :  0.959 0.007 0.006 0.003 0.009 0.006 0.008 0.002 
 32      259    (0)    1 :  0.945 0.011 0.011 0.003 0.008 0.014 0.006 0.003 
 33      260    (0)    1 :  0.899 0.005 0.005 0.065 0.004 0.005 0.011 0.006 
 34      261    (0)    1 :  0.837 0.017 0.017 0.012 0.091 0.008 0.016 0.003 
 35      262    (0)    1 :  0.985 0.002 0.002 0.003 0.003 0.002 0.003 0.001 
 36      263    (0)    1 :  0.930 0.005 0.005 0.021 0.004 0.005 0.027 0.004 
 37      264    (0)    1 :  0.972 0.004 0.004 0.003 0.005 0.004 0.006 0.001 
 38      265    (0)    1 :  0.943 0.005 0.005 0.025 0.005 0.003 0.013 0.002 
 39      266    (0)    1 :  0.984 0.003 0.003 0.002 0.003 0.003 0.002 0.001 
 40      267    (0)    1 :  0.982 0.003 0.003 0.001 0.003 0.003 0.003 0.002 
 41      268    (0)    1 :  0.907 0.007 0.006 0.054 0.006 0.006 0.006 0.008 
 42      269    (0)    1 :  0.982 0.003 0.003 0.002 0.003 0.003 0.003 0.001 
 43      270    (0)    1 :  0.977 0.003 0.003 0.002 0.004 0.003 0.007 0.002 
 44      271    (0)    1 :  0.894 0.022 0.024 0.011 0.017 0.018 0.012 0.003 
 45      272    (0)    1 :  0.901 0.023 0.021 0.005 0.021 0.011 0.013 0.005 
 46      273    (0)    1 :  0.921 0.012 0.012 0.003 0.011 0.013 0.027 0.002 
 47      274    (0)    1 :  0.967 0.004 0.004 0.006 0.006 0.004 0.005 0.003 
 48      275    (2)    1 :  0.975 0.004 0.004 0.002 0.004 0.004 0.005 0.002 
 49      276    (0)    1 :  0.967 0.005 0.005 0.004 0.007 0.005 0.004 0.002 
 50      277    (0)    1 :  0.901 0.011 0.013 0.002 0.053 0.010 0.008 0.001 
 51      278    (0)    1 :  0.935 0.007 0.008 0.004 0.024 0.009 0.005 0.007 
 52      279    (0)    1 :  0.950 0.011 0.012 0.003 0.006 0.012 0.005 0.002 
 53      280    (0)    1 :  0.946 0.008 0.007 0.004 0.015 0.008 0.010 0.002 
 54      287    (0)    1 :  0.932 0.014 0.014 0.006 0.008 0.011 0.011 0.004 
 55      290    (0)    1 :  0.949 0.009 0.009 0.002 0.009 0.007 0.009 0.005 
 56      291    (0)    1 :  0.932 0.009 0.009 0.006 0.029 0.007 0.005 0.004 
 57      295    (0)    1 :  0.966 0.004 0.004 0.003 0.016 0.003 0.004 0.001 
 58      296    (0)    1 :  0.973 0.004 0.004 0.004 0.003 0.005 0.004 0.002 
 59      872    (2)    1 :  0.970 0.004 0.004 0.005 0.004 0.003 0.005 0.005 
 60      873    (4)    1 :  0.931 0.018 0.014 0.003 0.004 0.011 0.015 0.004 
 61      874    (2)    1 :  0.963 0.005 0.004 0.003 0.012 0.006 0.006 0.001 
 62      875    (0)    1 :  0.961 0.004 0.004 0.002 0.004 0.004 0.005 0.014 
 63      876    (6)    1 :  0.913 0.010 0.010 0.013 0.015 0.015 0.022 0.001 
 64      070    (0)   10 :  0.002 0.005 0.004 0.002 0.002 0.003 0.003 0.978 
 65      071    (0)   10 :  0.002 0.003 0.003 0.005 0.003 0.003 0.004 0.978 
 66      072    (0)   10 :  0.002 0.002 0.002 0.001 0.002 0.002 0.002 0.989 
 67      151    (0)   10 :  0.001 0.001 0.001 0.001 0.002 0.001 0.002 0.990 
 68      152    (0)   10 :  0.003 0.006 0.005 0.002 0.004 0.005 0.003 0.972 
 69      153    (2)   10 :  0.001 0.001 0.001 0.001 0.001 0.001 0.002 0.990 
 70      788    (4)   10 :  0.002 0.003 0.002 0.002 0.003 0.002 0.002 0.983 
 71      789    (2)   10 :  0.002 0.002 0.002 0.003 0.002 0.002 0.002 0.987 
 72      790    (0)   10 :  0.002 0.002 0.002 0.001 0.001 0.002 0.002 0.988 
 73      010    (0)   11 :  0.006 0.273 0.428 0.004 0.006 0.271 0.011 0.002 
 74      024    (0)   11 :  0.006 0.593 0.319 0.010 0.021 0.036 0.010 0.006 
 75      051    (0)   11 :  0.005 0.263 0.281 0.007 0.006 0.170 0.252 0.016 
 76      090    (0)   11 :  0.007 0.362 0.404 0.005 0.011 0.157 0.047 0.006 
 77      102    (0)   11 :  0.039 0.297 0.304 0.003 0.226 0.104 0.026 0.002 
 78      111    (0)   11 :  0.009 0.321 0.367 0.004 0.014 0.273 0.011 0.002 
 79      113    (0)   11 :  0.007 0.261 0.315 0.005 0.057 0.227 0.122 0.006 
 80      138    (0)   11 :  0.008 0.195 0.193 0.075 0.012 0.469 0.011 0.037 
 81      150    (0)   11 :  0.027 0.065 0.050 0.005 0.659 0.114 0.066 0.014 
 82      173    (2)   11 :  0.006 0.354 0.196 0.016 0.043 0.074 0.289 0.022 
 83      174    (2)   11 :  0.007 0.137 0.242 0.003 0.004 0.564 0.020 0.023 
 84      175    (0)   11 :  0.003 0.515 0.367 0.003 0.007 0.071 0.028 0.006 
 85      176    (0)   11 :  0.024 0.462 0.368 0.011 0.009 0.112 0.009 0.005 
 86      177    (0)   11 :  0.004 0.234 0.198 0.002 0.014 0.172 0.373 0.004 
 87      180    (0)   11 :  0.049 0.247 0.228 0.006 0.006 0.178 0.282 0.004 
 88      184    (0)   11 :  0.006 0.193 0.230 0.005 0.051 0.487 0.016 0.012 
 89      195    (0)   11 :  0.006 0.366 0.437 0.014 0.016 0.143 0.012 0.006 
 90      198    (0)   11 :  0.015 0.238 0.257 0.006 0.008 0.461 0.013 0.003 
 91      203    (0)   11 :  0.009 0.386 0.480 0.005 0.013 0.082 0.016 0.009 
 92      211    (0)   11 :  0.024 0.489 0.296 0.085 0.029 0.067 0.008 0.003 
 93      220    (0)   11 :  0.005 0.257 0.322 0.008 0.144 0.154 0.107 0.002 
 94      233    (0)   11 :  0.009 0.463 0.344 0.030 0.066 0.047 0.036 0.005 
 95      331    (0)   11 :  0.005 0.365 0.470 0.005 0.008 0.112 0.027 0.007 
 96      349    (0)   11 :  0.007 0.308 0.425 0.005 0.013 0.105 0.133 0.006 
 97      410    (0)   11 :  0.008 0.311 0.228 0.023 0.005 0.410 0.012 0.003 
 98      417    (2)   11 :  0.027 0.228 0.266 0.005 0.009 0.457 0.006 0.002 
 99      421    (0)   12 :  0.013 0.012 0.016 0.005 0.934 0.013 0.006 0.002 
100      423    (0)   12 :  0.006 0.385 0.462 0.003 0.005 0.117 0.014 0.007 
101      424    (0)   12 :  0.018 0.200 0.168 0.003 0.008 0.229 0.372 0.002 
102      433    (0)   12 :  0.005 0.076 0.091 0.017 0.456 0.347 0.007 0.002 
103      462    (0)   12 :  0.009 0.260 0.237 0.023 0.138 0.229 0.102 0.002 
104      463    (0)   12 :  0.013 0.307 0.343 0.004 0.009 0.309 0.012 0.002 
105      467    (0)   12 :  0.013 0.011 0.010 0.011 0.932 0.008 0.009 0.006 
106      468    (0)   12 :  0.032 0.077 0.177 0.002 0.236 0.079 0.393 0.004 
107      469    (0)   12 :  0.070 0.167 0.140 0.002 0.469 0.143 0.007 0.002 
108      472    (0)   12 :  0.006 0.509 0.294 0.008 0.016 0.156 0.007 0.004 
109      473    (0)   12 :  0.004 0.270 0.443 0.008 0.013 0.143 0.117 0.002 
110      474    (0)   12 :  0.012 0.009 0.026 0.011 0.873 0.052 0.015 0.002 
111      475    (0)   12 :  0.004 0.153 0.235 0.003 0.467 0.121 0.014 0.004 
112      476    (2)   12 :  0.005 0.032 0.048 0.027 0.823 0.030 0.023 0.013 
113      477    (0)   12 :  0.008 0.426 0.424 0.018 0.019 0.095 0.007 0.004 
114      478    (0)   12 :  0.022 0.443 0.403 0.003 0.051 0.057 0.019 0.002 
115      479    (0)   12 :  0.029 0.055 0.065 0.003 0.513 0.313 0.017 0.004 
116      480    (0)   12 :  0.003 0.006 0.007 0.002 0.966 0.007 0.007 0.002 
117      481    (0)   12 :  0.007 0.337 0.275 0.003 0.052 0.268 0.021 0.038 
118      482    (0)   12 :  0.006 0.316 0.312 0.036 0.036 0.279 0.013 0.002 
119      489    (0)   12 :  0.005 0.384 0.350 0.015 0.040 0.190 0.012 0.005 
120      490    (0)   12 :  0.018 0.029 0.121 0.003 0.010 0.800 0.016 0.003 
121      491    (0)   12 :  0.005 0.401 0.253 0.108 0.021 0.149 0.055 0.008 
122      492    (0)   12 :  0.030 0.089 0.096 0.017 0.638 0.076 0.050 0.004 
123      493    (0)   12 :  0.012 0.141 0.119 0.007 0.650 0.043 0.017 0.012 
124      494    (0)   12 :  0.005 0.130 0.159 0.034 0.184 0.450 0.018 0.019 
125      498    (0)   12 :  0.021 0.394 0.277 0.004 0.018 0.269 0.010 0.007 
126      499    (0)   12 :  0.009 0.394 0.401 0.007 0.015 0.118 0.053 0.004 
127      709    (0)   12 :  0.010 0.229 0.226 0.010 0.014 0.413 0.011 0.087 
128      710    (4)   12 :  0.006 0.307 0.407 0.002 0.093 0.175 0.004 0.006 
129      711    (2)   12 :  0.034 0.298 0.296 0.003 0.014 0.162 0.186 0.007 
130      712    (4)   12 :  0.008 0.014 0.110 0.003 0.009 0.846 0.008 0.002 
131      713    (0)   12 :  0.005 0.432 0.465 0.008 0.004 0.073 0.009 0.004 
132      714    (2)   12 :  0.008 0.014 0.015 0.002 0.924 0.011 0.015 0.011 
133      715    (4)   12 :  0.040 0.020 0.016 0.034 0.839 0.023 0.018 0.010 
134      716    (0)   12 :  0.003 0.011 0.011 0.003 0.953 0.012 0.004 0.002 
135      717    (2)   12 :  0.012 0.223 0.342 0.009 0.292 0.106 0.013 0.003 
136      718    (4)   12 :  0.016 0.094 0.150 0.002 0.030 0.685 0.020 0.002 
137      719    (0)   12 :  0.004 0.005 0.005 0.002 0.976 0.005 0.003 0.002 
138      720    (2)   12 :  0.008 0.025 0.026 0.010 0.903 0.013 0.012 0.002 
139      721    (0)   12 :  0.005 0.168 0.215 0.006 0.416 0.120 0.031 0.038 
140      722    (4)   12 :  0.009 0.004 0.005 0.002 0.967 0.006 0.005 0.002 
141      723    (0)   12 :  0.004 0.036 0.025 0.008 0.904 0.011 0.004 0.007 
142      724    (0)   12 :  0.039 0.020 0.019 0.007 0.886 0.018 0.007 0.004 
143      725    (0)   12 :  0.006 0.464 0.407 0.010 0.019 0.079 0.013 0.003 
144      726    (0)   12 :  0.004 0.375 0.362 0.006 0.129 0.102 0.016 0.006 
145      727    (0)   12 :  0.005 0.259 0.263 0.012 0.074 0.367 0.012 0.007 
146      728    (2)   12 :  0.009 0.496 0.313 0.006 0.011 0.072 0.011 0.082 
147      729    (6)   12 :  0.006 0.482 0.300 0.004 0.028 0.165 0.011 0.004 
148      730    (2)   12 :  0.013 0.045 0.126 0.004 0.024 0.771 0.010 0.007 
149      731    (2)   12 :  0.010 0.105 0.153 0.002 0.006 0.715 0.006 0.002 
150      732    (0)   12 :  0.012 0.424 0.279 0.006 0.165 0.091 0.021 0.003 
151      733    (0)   12 :  0.016 0.293 0.297 0.003 0.065 0.311 0.009 0.004 
152      734    (2)   12 :  0.008 0.294 0.242 0.090 0.020 0.271 0.066 0.009 
153      735    (4)   12 :  0.006 0.359 0.434 0.007 0.026 0.132 0.035 0.003 
154      736    (2)   12 :  0.004 0.112 0.192 0.019 0.007 0.636 0.014 0.016 
155      737    (0)   12 :  0.015 0.088 0.144 0.003 0.005 0.710 0.023 0.012 
156      738    (2)   12 :  0.009 0.285 0.228 0.005 0.009 0.418 0.043 0.003 
157      739    (8)   12 :  0.010 0.095 0.143 0.006 0.030 0.694 0.013 0.010 
158      740    (4)   12 :  0.006 0.168 0.157 0.002 0.076 0.583 0.004 0.002 
159      741    (2)   12 :  0.120 0.187 0.203 0.019 0.065 0.388 0.017 0.002 
160      742    (4)   12 :  0.012 0.140 0.215 0.005 0.011 0.553 0.058 0.006 
161      743    (2)   12 :  0.006 0.009 0.010 0.009 0.948 0.011 0.005 0.002 
162      744    (0)   12 :  0.004 0.396 0.342 0.004 0.096 0.121 0.008 0.028 
163      745    (0)   12 :  0.064 0.193 0.226 0.005 0.424 0.063 0.009 0.017 
164      746    (2)   12 :  0.006 0.258 0.252 0.005 0.006 0.450 0.019 0.004 
165      747    (2)   12 :  0.031 0.109 0.162 0.020 0.010 0.609 0.053 0.005 
166      748    (0)   12 :  0.082 0.331 0.245 0.014 0.013 0.109 0.200 0.005 
167      749    (2)   12 :  0.009 0.474 0.335 0.019 0.007 0.098 0.048 0.011 
168      750    (4)   12 :  0.011 0.334 0.293 0.005 0.010 0.329 0.014 0.005 
169      751    (0)   12 :  0.013 0.434 0.368 0.007 0.014 0.098 0.052 0.014 
170      752    (2)   12 :  0.022 0.054 0.118 0.002 0.388 0.076 0.337 0.003 
171      753    (4)   12 :  0.028 0.287 0.461 0.030 0.034 0.119 0.033 0.008 
172      754    (2)   12 :  0.003 0.012 0.109 0.003 0.005 0.860 0.005 0.003 
173      155    (0)   13 :  0.023 0.541 0.319 0.036 0.015 0.055 0.008 0.004 
174      156    (2)   13 :  0.018 0.408 0.348 0.005 0.011 0.088 0.008 0.113 
175      157    (2)   13 :  0.004 0.021 0.114 0.008 0.008 0.836 0.007 0.002 
176      158    (0)   13 :  0.009 0.505 0.295 0.007 0.018 0.123 0.038 0.004 
177      159    (0)   13 :  0.027 0.404 0.380 0.003 0.014 0.154 0.010 0.008 
178      160    (0)   13 :  0.013 0.079 0.099 0.009 0.438 0.320 0.040 0.003 
179      161    (0)   13 :  0.005 0.144 0.148 0.009 0.030 0.653 0.008 0.003 
180      162    (0)   13 :  0.007 0.275 0.332 0.005 0.305 0.047 0.022 0.007 
181      163    (2)   13 :  0.004 0.295 0.335 0.003 0.007 0.273 0.074 0.010 
182      164    (0)   13 :  0.040 0.359 0.419 0.018 0.014 0.129 0.018 0.002 
183      165    (2)   13 :  0.007 0.274 0.307 0.005 0.006 0.392 0.004 0.005 
184      427    (0)   13 :  0.007 0.014 0.012 0.075 0.865 0.008 0.008 0.010 
185      428    (0)   13 :  0.009 0.008 0.009 0.004 0.946 0.006 0.015 0.003 
186      429    (0)   13 :  0.005 0.012 0.009 0.003 0.957 0.005 0.006 0.004 
187      430    (0)   13 :  0.039 0.256 0.246 0.004 0.055 0.137 0.261 0.002 
188      431    (0)   13 :  0.035 0.014 0.013 0.003 0.910 0.013 0.010 0.002 
189      435    (0)   13 :  0.003 0.004 0.004 0.002 0.980 0.004 0.003 0.002 
190      436    (0)   13 :  0.006 0.005 0.005 0.003 0.973 0.004 0.003 0.002 
191      437    (0)   13 :  0.047 0.013 0.012 0.005 0.907 0.010 0.004 0.002 
192      438    (0)   13 :  0.039 0.025 0.035 0.002 0.854 0.024 0.015 0.006 
193      439    (0)   13 :  0.014 0.122 0.134 0.004 0.570 0.122 0.029 0.006 
194      441    (0)   13 :  0.005 0.045 0.150 0.004 0.137 0.069 0.589 0.001 
195      442    (0)   13 :  0.009 0.022 0.017 0.181 0.746 0.006 0.012 0.006 
196      443    (4)   13 :  0.010 0.007 0.008 0.002 0.951 0.009 0.010 0.003 
197      444    (4)   13 :  0.007 0.008 0.007 0.011 0.952 0.005 0.005 0.005 
198      445    (2)   13 :  0.052 0.202 0.195 0.004 0.489 0.045 0.005 0.008 
199      446    (0)   13 :  0.003 0.006 0.006 0.006 0.964 0.006 0.005 0.003 
200      447    (0)   13 :  0.012 0.010 0.011 0.004 0.945 0.009 0.005 0.004 
201      449    (0)   13 :  0.006 0.004 0.003 0.005 0.975 0.003 0.003 0.002 
202      460    (0)   13 :  0.014 0.018 0.024 0.005 0.914 0.016 0.007 0.002 
203      461    (0)   13 :  0.035 0.120 0.084 0.008 0.554 0.151 0.046 0.002 
204      484    (0)   13 :  0.295 0.120 0.088 0.014 0.037 0.091 0.348 0.007 
205      485    (0)   13 :  0.004 0.007 0.007 0.004 0.965 0.009 0.003 0.002 
206      486    (0)   13 :  0.007 0.070 0.182 0.004 0.102 0.075 0.559 0.002 
207      487    (0)   13 :  0.006 0.041 0.058 0.010 0.833 0.035 0.015 0.003 
208      178    (0)   14 :  0.004 0.057 0.067 0.006 0.776 0.070 0.012 0.010 
209      422    (0)   14 :  0.009 0.006 0.006 0.003 0.959 0.011 0.005 0.002 
210      425    (0)   14 :  0.004 0.018 0.016 0.003 0.937 0.016 0.005 0.001 
211      426    (0)   14 :  0.004 0.289 0.188 0.024 0.093 0.123 0.172 0.104 
212      432    (0)   14 :  0.014 0.270 0.195 0.010 0.397 0.042 0.062 0.010 
213      434    (0)   14 :  0.007 0.005 0.006 0.006 0.961 0.006 0.007 0.003 
214      440    (0)   14 :  0.004 0.111 0.110 0.016 0.694 0.029 0.033 0.002 
215      448    (2)   14 :  0.019 0.008 0.008 0.024 0.918 0.009 0.013 0.002 
216      456    (0)   14 :  0.167 0.354 0.199 0.009 0.208 0.031 0.029 0.003 
217      457    (0)   14 :  0.029 0.065 0.090 0.005 0.736 0.037 0.034 0.006 
218      458    (0)   14 :  0.013 0.199 0.133 0.019 0.354 0.231 0.044 0.007 
219      459    (0)   14 :  0.008 0.017 0.016 0.005 0.919 0.020 0.014 0.003 
220      464    (0)   14 :  0.003 0.008 0.008 0.006 0.960 0.006 0.004 0.004 
221      465    (0)   14 :  0.003 0.011 0.012 0.002 0.943 0.024 0.004 0.001 
222      466    (0)   14 :  0.020 0.030 0.025 0.005 0.884 0.027 0.008 0.001 
223      470    (0)   14 :  0.003 0.005 0.006 0.004 0.965 0.006 0.009 0.002 
224      471    (0)   14 :  0.009 0.019 0.019 0.003 0.888 0.012 0.031 0.019 
225      483    (0)   14 :  0.006 0.030 0.032 0.011 0.846 0.056 0.015 0.003 
226      488    (0)   14 :  0.015 0.057 0.074 0.006 0.676 0.155 0.013 0.003 
227      495    (0)   14 :  0.012 0.008 0.009 0.003 0.944 0.016 0.007 0.001 
228      496    (0)   14 :  0.003 0.011 0.011 0.002 0.941 0.024 0.006 0.002 
229      497    (0)   14 :  0.010 0.030 0.029 0.037 0.878 0.009 0.003 0.003 
230      500    (0)   14 :  0.493 0.095 0.108 0.003 0.097 0.187 0.013 0.003 
231      879    (0)   14 :  0.004 0.013 0.013 0.014 0.919 0.019 0.015 0.003 
232      036    (0)   15 :  0.007 0.592 0.324 0.002 0.014 0.051 0.005 0.004 
233      063    (2)   15 :  0.017 0.338 0.322 0.013 0.029 0.214 0.062 0.004 
234      094    (4)   15 :  0.085 0.175 0.165 0.008 0.047 0.498 0.016 0.005 
235      103    (4)   15 :  0.006 0.259 0.309 0.005 0.007 0.406 0.005 0.003 
236      112    (0)   15 :  0.007 0.245 0.276 0.006 0.006 0.413 0.045 0.004 
237      114    (2)   15 :  0.005 0.401 0.330 0.004 0.043 0.209 0.005 0.002 
238      120    (0)   15 :  0.022 0.083 0.140 0.004 0.015 0.706 0.027 0.002 
239      127    (2)   15 :  0.009 0.408 0.296 0.006 0.011 0.129 0.138 0.003 
240      147    (0)   15 :  0.003 0.311 0.217 0.007 0.016 0.102 0.289 0.057 
241      166    (0)   15 :  0.005 0.388 0.334 0.017 0.034 0.132 0.063 0.028 
242      167    (0)   15 :  0.011 0.295 0.375 0.005 0.151 0.144 0.012 0.006 
243      168    (0)   15 :  0.005 0.418 0.476 0.004 0.011 0.080 0.004 0.003 
244      169    (2)   15 :  0.010 0.219 0.228 0.005 0.372 0.125 0.036 0.005 
245      170    (0)   15 :  0.013 0.271 0.323 0.032 0.009 0.320 0.027 0.005 
246      171    (2)   15 :  0.067 0.307 0.402 0.005 0.007 0.172 0.028 0.014 
247      172    (0)   15 :  0.019 0.065 0.129 0.004 0.013 0.745 0.013 0.012 
248      185    (0)   15 :  0.005 0.383 0.424 0.005 0.076 0.077 0.026 0.004 
249      199    (2)   15 :  0.006 0.256 0.395 0.228 0.006 0.096 0.008 0.006 
250      339    (0)   15 :  0.008 0.198 0.242 0.007 0.476 0.040 0.020 0.009 
251      355    (0)   15 :  0.003 0.414 0.426 0.077 0.003 0.055 0.009 0.013 
252      356    (0)   15 :  0.003 0.052 0.126 0.004 0.007 0.797 0.006 0.003 
253      357    (0)   15 :  0.008 0.420 0.291 0.016 0.012 0.222 0.019 0.012 
254      358    (0)   15 :  0.011 0.593 0.326 0.003 0.010 0.027 0.024 0.005 
255      359    (0)   15 :  0.005 0.394 0.303 0.008 0.007 0.258 0.023 0.002 
256      360    (0)   15 :  0.012 0.517 0.345 0.005 0.030 0.068 0.015 0.009 
257      361    (0)   15 :  0.006 0.039 0.115 0.003 0.078 0.745 0.013 0.002 
258      362    (0)   15 :  0.221 0.327 0.238 0.006 0.078 0.073 0.053 0.005 
259      363    (0)   15 :  0.006 0.127 0.096 0.059 0.016 0.058 0.622 0.015 
260      364    (0)   15 :  0.214 0.301 0.231 0.055 0.017 0.143 0.035 0.003 
261      365    (0)   15 :  0.009 0.544 0.297 0.003 0.055 0.075 0.006 0.010 
262      366    (0)   15 :  0.005 0.557 0.272 0.003 0.005 0.118 0.017 0.023 
263      367    (0)   15 :  0.013 0.348 0.515 0.003 0.007 0.097 0.009 0.008 
264      368    (0)   15 :  0.035 0.417 0.431 0.004 0.005 0.076 0.018 0.014 
265      369    (0)   15 :  0.003 0.419 0.470 0.004 0.005 0.087 0.008 0.004 
266      370    (0)   15 :  0.006 0.097 0.166 0.006 0.009 0.692 0.012 0.012 
267      371    (0)   15 :  0.016 0.541 0.381 0.006 0.009 0.040 0.004 0.003 
268      372    (0)   15 :  0.011 0.020 0.018 0.345 0.558 0.016 0.028 0.004 
269      373    (0)   15 :  0.005 0.251 0.217 0.038 0.016 0.465 0.005 0.003 
270      380    (0)   15 :  0.024 0.340 0.240 0.010 0.010 0.335 0.035 0.006 
271      388    (0)   15 :  0.009 0.223 0.195 0.018 0.006 0.517 0.025 0.007 
272      418    (0)   15 :  0.018 0.382 0.382 0.041 0.013 0.136 0.021 0.007 
273      419    (0)   15 :  0.007 0.374 0.442 0.003 0.025 0.135 0.009 0.006 
274      420    (0)   15 :  0.041 0.359 0.224 0.058 0.131 0.129 0.016 0.042 
275      409    (0)   16 :  0.015 0.221 0.365 0.004 0.023 0.362 0.008 0.002 
276      414    (0)   16 :  0.022 0.351 0.479 0.008 0.009 0.118 0.012 0.002 
277      415    (2)   16 :  0.006 0.343 0.409 0.012 0.006 0.203 0.017 0.004 
278      416    (0)   16 :  0.073 0.353 0.357 0.011 0.060 0.127 0.015 0.003 
279      571    (0)    2 :  0.930 0.006 0.006 0.003 0.017 0.005 0.029 0.003 
280      572    (0)    2 :  0.905 0.013 0.014 0.004 0.003 0.013 0.042 0.005 
281      573    (2)    2 :  0.967 0.009 0.008 0.003 0.005 0.005 0.003 0.001 
282      574    (0)    2 :  0.966 0.007 0.007 0.002 0.005 0.006 0.005 0.002 
283      575    (2)    2 :  0.887 0.010 0.011 0.006 0.008 0.008 0.061 0.009 
284      576    (0)    2 :  0.983 0.002 0.003 0.002 0.003 0.002 0.003 0.001 
285      577    (0)    2 :  0.967 0.005 0.005 0.006 0.006 0.004 0.005 0.002 
286      578    (0)    2 :  0.976 0.003 0.003 0.006 0.005 0.003 0.003 0.002 
287      579    (0)    2 :  0.973 0.003 0.003 0.003 0.009 0.003 0.004 0.002 
288      580    (0)    2 :  0.981 0.003 0.003 0.002 0.004 0.003 0.003 0.002 
289      581    (0)    2 :  0.982 0.003 0.003 0.002 0.005 0.002 0.002 0.002 
290      582    (4)    2 :  0.847 0.021 0.020 0.021 0.017 0.014 0.007 0.053 
291      583    (0)    2 :  0.507 0.215 0.129 0.017 0.026 0.053 0.044 0.009 
292      584    (0)    2 :  0.941 0.007 0.007 0.007 0.023 0.006 0.006 0.003 
293      585    (0)    2 :  0.972 0.004 0.004 0.002 0.007 0.003 0.006 0.002 
294      586    (2)    2 :  0.966 0.004 0.003 0.008 0.008 0.003 0.005 0.002 
295      587    (0)    2 :  0.982 0.003 0.003 0.002 0.003 0.003 0.003 0.002 
296      588    (0)    2 :  0.898 0.021 0.020 0.010 0.009 0.012 0.017 0.012 
297      589    (0)    2 :  0.821 0.030 0.027 0.024 0.019 0.019 0.056 0.005 
298      590    (0)    2 :  0.964 0.004 0.005 0.008 0.005 0.004 0.003 0.007 
299      527    (2)    3 :  0.953 0.006 0.006 0.008 0.009 0.005 0.007 0.005 
300      528    (4)    3 :  0.687 0.024 0.023 0.009 0.006 0.027 0.220 0.004 
301      529    (4)    3 :  0.883 0.011 0.010 0.004 0.017 0.008 0.059 0.008 
302      530    (0)    3 :  0.958 0.006 0.006 0.005 0.003 0.009 0.008 0.004 
303      531    (2)    3 :  0.957 0.006 0.005 0.004 0.004 0.006 0.015 0.004 
304      532    (4)    3 :  0.842 0.017 0.014 0.002 0.004 0.013 0.106 0.002 
305      533    (0)    3 :  0.798 0.052 0.046 0.003 0.023 0.061 0.015 0.003 
306      534    (2)    3 :  0.971 0.005 0.005 0.004 0.004 0.004 0.006 0.001 
307      535    (2)    3 :  0.927 0.012 0.011 0.002 0.008 0.010 0.025 0.005 
308      536    (2)    3 :  0.968 0.005 0.004 0.002 0.005 0.006 0.003 0.008 
309      537    (2)    3 :  0.961 0.005 0.004 0.012 0.006 0.005 0.005 0.002 
310      538    (2)    3 :  0.835 0.036 0.036 0.004 0.026 0.053 0.008 0.002 
311      539    (2)    3 :  0.970 0.006 0.005 0.002 0.003 0.005 0.008 0.002 
312      540    (2)    3 :  0.938 0.011 0.013 0.002 0.013 0.017 0.006 0.001 
313      541    (2)    3 :  0.929 0.007 0.006 0.003 0.017 0.008 0.028 0.002 
314      542    (2)    3 :  0.893 0.017 0.015 0.010 0.032 0.015 0.014 0.004 
315      543    (0)    3 :  0.718 0.107 0.074 0.014 0.048 0.026 0.011 0.002 
316      544    (2)    3 :  0.981 0.003 0.003 0.002 0.003 0.004 0.003 0.002 
317      545    (2)    3 :  0.813 0.052 0.058 0.002 0.015 0.030 0.027 0.002 
318      546    (4)    3 :  0.507 0.221 0.184 0.002 0.010 0.052 0.021 0.002 
319      547    (6)    3 :  0.811 0.041 0.040 0.040 0.015 0.028 0.010 0.015 
320      019    (0)    4 :  0.918 0.009 0.009 0.003 0.020 0.009 0.029 0.004 
321      064    (0)    4 :  0.975 0.003 0.004 0.004 0.003 0.004 0.005 0.002 
322      065    (0)    4 :  0.986 0.002 0.002 0.001 0.002 0.002 0.002 0.001 
323      066    (0)    4 :  0.931 0.012 0.013 0.003 0.014 0.014 0.011 0.003 
324      067    (0)    4 :  0.651 0.033 0.028 0.015 0.015 0.016 0.236 0.006 
325      068    (0)    4 :  0.933 0.007 0.007 0.022 0.008 0.007 0.015 0.002 
326      069    (0)    4 :  0.957 0.005 0.006 0.002 0.004 0.008 0.016 0.001 
327      107    (0)    4 :  0.957 0.006 0.006 0.003 0.010 0.004 0.011 0.002 
328      110    (0)    4 :  0.120 0.006 0.006 0.002 0.005 0.007 0.850 0.004 
329      121    (0)    4 :  0.974 0.004 0.003 0.003 0.004 0.003 0.008 0.001 
330      137    (0)    4 :  0.832 0.049 0.042 0.003 0.018 0.017 0.016 0.024 
331      146    (0)    4 :  0.899 0.014 0.018 0.002 0.005 0.050 0.008 0.004 
332      149    (0)    4 :  0.752 0.042 0.043 0.005 0.014 0.024 0.116 0.005 
333      154    (0)    4 :  0.927 0.008 0.008 0.036 0.006 0.006 0.007 0.002 
334      179    (0)    4 :  0.972 0.004 0.004 0.004 0.005 0.004 0.006 0.002 
335      181    (0)    4 :  0.964 0.006 0.006 0.002 0.004 0.006 0.010 0.003 
336      182    (0)    4 :  0.933 0.009 0.009 0.012 0.005 0.010 0.019 0.002 
337      186    (0)    4 :  0.553 0.024 0.021 0.003 0.010 0.020 0.362 0.006 
338      193    (0)    4 :  0.964 0.006 0.006 0.003 0.005 0.006 0.008 0.002 
339      320    (0)    4 :  0.915 0.010 0.011 0.007 0.005 0.015 0.033 0.003 
340      341    (0)    4 :  0.955 0.007 0.006 0.004 0.014 0.008 0.005 0.002 
341      376    (0)    4 :  0.938 0.008 0.008 0.003 0.004 0.010 0.026 0.003 
342      395    (0)    4 :  0.937 0.008 0.007 0.003 0.015 0.006 0.019 0.006 
343      396    (0)    4 :  0.983 0.002 0.003 0.001 0.002 0.003 0.002 0.003 
344      397    (0)    4 :  0.968 0.004 0.004 0.006 0.003 0.003 0.005 0.007 
345      398    (0)    4 :  0.961 0.005 0.005 0.003 0.003 0.006 0.014 0.004 
346      399    (0)    4 :  0.966 0.005 0.005 0.004 0.003 0.006 0.010 0.002 
347      400    (0)    4 :  0.579 0.013 0.015 0.002 0.003 0.019 0.367 0.002 
348      401    (0)    4 :  0.930 0.014 0.014 0.003 0.006 0.013 0.018 0.002 
349      402    (0)    4 :  0.354 0.037 0.034 0.007 0.004 0.021 0.537 0.006 
350      403    (0)    4 :  0.918 0.008 0.009 0.003 0.011 0.016 0.026 0.009 
351      073    (0)    5 :  0.972 0.005 0.005 0.002 0.007 0.004 0.005 0.002 
352      074    (0)    5 :  0.970 0.007 0.006 0.005 0.004 0.004 0.002 0.002 
353      075    (0)    5 :  0.967 0.005 0.004 0.004 0.005 0.007 0.005 0.003 
354      076    (0)    5 :  0.958 0.005 0.005 0.006 0.006 0.006 0.010 0.005 
355      077    (0)    5 :  0.954 0.007 0.007 0.008 0.010 0.005 0.006 0.003 
356      078    (0)    5 :  0.905 0.021 0.021 0.005 0.008 0.028 0.006 0.005 
357      079    (0)    5 :  0.939 0.019 0.016 0.002 0.006 0.008 0.008 0.001 
358      080    (0)    5 :  0.949 0.005 0.005 0.020 0.003 0.004 0.011 0.002 
359      081    (0)    5 :  0.942 0.007 0.006 0.003 0.016 0.006 0.007 0.014 
360      082    (0)    5 :  0.978 0.003 0.003 0.003 0.002 0.003 0.005 0.002 
361      083    (0)    5 :  0.971 0.006 0.005 0.002 0.004 0.004 0.006 0.002 
362      084    (0)    5 :  0.973 0.004 0.004 0.002 0.007 0.003 0.002 0.004 
363      085    (0)    5 :  0.873 0.013 0.012 0.003 0.064 0.013 0.008 0.014 
364      404    (0)    5 :  0.977 0.003 0.003 0.002 0.004 0.004 0.004 0.002 
365      405    (0)    5 :  0.966 0.004 0.004 0.002 0.007 0.005 0.003 0.008 
366      406    (0)    5 :  0.958 0.008 0.008 0.004 0.003 0.007 0.006 0.007 
367      407    (0)    5 :  0.975 0.004 0.004 0.003 0.006 0.003 0.003 0.003 
368      408    (0)    5 :  0.972 0.004 0.005 0.006 0.005 0.004 0.003 0.001 
369      411    (2)    5 :  0.981 0.003 0.003 0.003 0.004 0.002 0.002 0.002 
370      412    (0)    5 :  0.932 0.009 0.009 0.008 0.015 0.008 0.014 0.005 
371      413    (0)    5 :  0.978 0.004 0.004 0.002 0.004 0.004 0.002 0.002 
372      591    (0)    6 :  0.005 0.009 0.008 0.004 0.012 0.010 0.944 0.009 
373      592    (0)    6 :  0.011 0.011 0.010 0.008 0.133 0.019 0.805 0.003 
374      593    (0)    6 :  0.011 0.008 0.009 0.002 0.008 0.009 0.945 0.007 
375      594    (0)    6 :  0.058 0.059 0.055 0.015 0.068 0.061 0.677 0.006 
376      595    (0)    6 :  0.009 0.016 0.016 0.010 0.005 0.008 0.931 0.005 
377      596    (0)    6 :  0.007 0.008 0.007 0.035 0.005 0.008 0.921 0.009 
378      597    (0)    6 :  0.032 0.013 0.010 0.006 0.013 0.008 0.916 0.002 
379      598    (0)    6 :  0.006 0.029 0.026 0.017 0.016 0.037 0.867 0.002 
380      599    (0)    6 :  0.006 0.011 0.011 0.004 0.297 0.006 0.655 0.009 
381      600    (0)    6 :  0.004 0.008 0.007 0.016 0.004 0.007 0.947 0.006 
382      601    (0)    6 :  0.022 0.021 0.020 0.003 0.029 0.012 0.891 0.002 
383      602    (0)    6 :  0.009 0.018 0.017 0.007 0.013 0.008 0.923 0.005 
384      603    (0)    6 :  0.008 0.070 0.055 0.010 0.753 0.015 0.081 0.009 
385      604    (0)    6 :  0.009 0.014 0.013 0.009 0.004 0.013 0.936 0.002 
386      605    (0)    6 :  0.008 0.044 0.041 0.034 0.010 0.093 0.764 0.006 
387      606    (0)    6 :  0.005 0.028 0.023 0.010 0.016 0.049 0.832 0.037 
388      607    (0)    6 :  0.006 0.005 0.005 0.008 0.003 0.006 0.964 0.003 
389      608    (0)    6 :  0.005 0.005 0.006 0.003 0.010 0.006 0.961 0.003 
390      609    (0)    6 :  0.004 0.007 0.009 0.004 0.005 0.009 0.958 0.004 
391      610    (0)    6 :  0.021 0.192 0.167 0.010 0.038 0.057 0.513 0.003 
392      611    (2)    6 :  0.010 0.009 0.008 0.006 0.004 0.007 0.952 0.003 
393      612    (0)    6 :  0.008 0.009 0.009 0.021 0.007 0.009 0.934 0.002 
394      755    (0)    6 :  0.015 0.043 0.053 0.053 0.021 0.036 0.777 0.002 
395      756    (0)    6 :  0.015 0.007 0.007 0.004 0.013 0.009 0.942 0.004 
396      757    (0)    6 :  0.007 0.010 0.011 0.006 0.009 0.016 0.937 0.003 
397      002    (0)    7 :  0.963 0.006 0.006 0.001 0.005 0.007 0.008 0.003 
398      099    (2)    7 :  0.002 0.338 0.255 0.095 0.010 0.281 0.007 0.012 
399      641    (2)    7 :  0.462 0.108 0.104 0.004 0.012 0.156 0.136 0.019 
400      642    (0)    7 :  0.944 0.007 0.007 0.003 0.012 0.011 0.013 0.003 
401      643    (2)    7 :  0.894 0.012 0.014 0.003 0.021 0.035 0.019 0.003 
402      644    (0)    7 :  0.948 0.007 0.007 0.007 0.013 0.010 0.006 0.003 
403      645    (0)    7 :  0.630 0.038 0.050 0.003 0.024 0.147 0.062 0.045 
404      646    (0)    7 :  0.396 0.160 0.153 0.009 0.012 0.199 0.060 0.012 
405      006    (0)    8 :  0.900 0.029 0.030 0.003 0.009 0.017 0.008 0.004 
406      011    (0)    8 :  0.981 0.003 0.003 0.003 0.003 0.003 0.003 0.003 
407      033    (2)    8 :  0.948 0.007 0.008 0.003 0.010 0.008 0.011 0.006 
408      048    (0)    8 :  0.741 0.016 0.017 0.005 0.189 0.010 0.015 0.008 
409      061    (0)    8 :  0.765 0.051 0.059 0.003 0.016 0.068 0.012 0.026 
410      088    (0)    8 :  0.935 0.010 0.009 0.008 0.013 0.009 0.011 0.004 
411      091    (0)    8 :  0.952 0.011 0.011 0.003 0.005 0.009 0.007 0.002 
412      098    (0)    8 :  0.945 0.005 0.005 0.003 0.014 0.004 0.016 0.008 
413      104    (0)    8 :  0.983 0.002 0.002 0.002 0.004 0.002 0.002 0.002 
414      196    (0)    8 :  0.935 0.008 0.008 0.005 0.007 0.009 0.013 0.015 
415      197    (0)    8 :  0.890 0.025 0.025 0.014 0.014 0.013 0.010 0.008 
416      201    (0)    8 :  0.969 0.005 0.006 0.001 0.006 0.008 0.004 0.002 
417      202    (0)    8 :  0.904 0.012 0.012 0.014 0.017 0.012 0.005 0.024 
418      204    (0)    8 :  0.971 0.004 0.004 0.002 0.007 0.005 0.003 0.004 
419      231    (0)    8 :  0.967 0.004 0.004 0.003 0.010 0.004 0.007 0.001 
420      328    (0)    8 :  0.970 0.004 0.004 0.002 0.005 0.005 0.005 0.005 
421      346    (0)    8 :  0.967 0.005 0.004 0.006 0.004 0.004 0.007 0.003 
422      212    (0)    9 :  0.002 0.002 0.002 0.983 0.004 0.003 0.002 0.001 
423      213    (0)    9 :  0.004 0.004 0.004 0.972 0.006 0.005 0.003 0.003 
424      214    (0)    9 :  0.004 0.004 0.005 0.972 0.003 0.006 0.005 0.001 
425      215    (0)    9 :  0.005 0.004 0.003 0.972 0.005 0.004 0.004 0.003 
426      216    (0)    9 :  0.004 0.003 0.003 0.979 0.004 0.003 0.003 0.002 
427      217    (0)    9 :  0.005 0.005 0.005 0.969 0.004 0.007 0.004 0.002 
428      218    (0)    9 :  0.003 0.003 0.003 0.982 0.003 0.002 0.003 0.002 
429      332    (0)    9 :  0.012 0.009 0.009 0.914 0.012 0.013 0.026 0.005 
430      333    (0)    9 :  0.013 0.016 0.014 0.900 0.007 0.012 0.029 0.010 
431      334    (0)    9 :  0.006 0.004 0.004 0.968 0.005 0.004 0.006 0.003 
432      335    (0)    9 :  0.002 0.003 0.003 0.982 0.004 0.003 0.003 0.001 
433      336    (0)    9 :  0.003 0.003 0.002 0.969 0.002 0.002 0.005 0.013 
434      337    (0)    9 :  0.009 0.005 0.005 0.959 0.003 0.006 0.011 0.002 
435      673    (0)    9 :  0.002 0.001 0.001 0.990 0.002 0.001 0.001 0.001 
436      674    (0)    9 :  0.004 0.006 0.005 0.971 0.004 0.004 0.006 0.002 
437      675    (0)    9 :  0.003 0.004 0.004 0.970 0.006 0.004 0.004 0.004 
438      676    (0)    9 :  0.003 0.004 0.005 0.969 0.007 0.006 0.005 0.001 
439      677    (0)    9 :  0.005 0.003 0.003 0.976 0.003 0.004 0.003 0.002 
440      678    (0)    9 :  0.010 0.013 0.012 0.939 0.009 0.009 0.005 0.005 
441      679    (0)    9 :  0.005 0.010 0.010 0.945 0.004 0.011 0.012 0.002 
442      680    (0)    9 :  0.004 0.005 0.005 0.960 0.007 0.004 0.010 0.005 
443      681    (0)    9 :  0.006 0.005 0.005 0.967 0.004 0.006 0.006 0.002 
444      682    (0)    9 :  0.002 0.002 0.002 0.985 0.002 0.002 0.002 0.003 
445      683    (0)    9 :  0.005 0.005 0.005 0.969 0.004 0.004 0.006 0.002 
446      684    (0)    9 :  0.002 0.005 0.005 0.971 0.005 0.004 0.005 0.003 
447      685    (0)    9 :  0.003 0.005 0.005 0.967 0.003 0.005 0.008 0.003 
448      686    (0)    9 :  0.002 0.002 0.002 0.984 0.002 0.002 0.002 0.003 
449      687    (0)    9 :  0.002 0.002 0.002 0.984 0.003 0.002 0.003 0.002 
450      688    (0)    9 :  0.006 0.003 0.003 0.970 0.006 0.003 0.005 0.002 


Estimated Allele Frequencies in each cluster
First column gives estimated ancestral frequencies


Locus 1 : 1 
4 alleles
0.0% missing data
  89   (0.551) 0.587 0.554 0.552 0.638 0.547 0.532 0.543 0.069 
  91   (0.367) 0.348 0.366 0.368 0.312 0.396 0.408 0.431 0.700 
  99   (0.017) 0.000 0.016 0.015 0.001 0.019 0.008 0.003 0.130 
  93   (0.065) 0.064 0.064 0.065 0.049 0.038 0.052 0.023 0.100 

Locus 2 : 2 
6 alleles
1.1% missing data
 136   (0.368) 0.547 0.370 0.373 0.455 0.082 0.452 0.413 0.195 
 134   (0.230) 0.154 0.225 0.224 0.378 0.263 0.215 0.402 0.027 
 138   (0.297) 0.237 0.297 0.295 0.160 0.501 0.241 0.150 0.766 
 140   (0.062) 0.060 0.062 0.061 0.004 0.044 0.061 0.018 0.008 
 132   (0.024) 0.001 0.027 0.030 0.001 0.003 0.013 0.004 0.002 
 142   (0.020) 0.000 0.019 0.017 0.001 0.108 0.018 0.013 0.002 

Locus 3 : 3 
6 alleles
0.0% missing data
 181   (0.262) 0.206 0.262 0.248 0.074 0.330 0.194 0.373 0.181 
 187   (0.339) 0.524 0.340 0.344 0.264 0.205 0.364 0.211 0.773 
 179   (0.242) 0.249 0.243 0.254 0.016 0.239 0.271 0.370 0.030 
 191   (0.032) 0.018 0.031 0.029 0.192 0.006 0.015 0.006 0.003 
 175   (0.045) 0.001 0.045 0.042 0.003 0.133 0.069 0.010 0.005 
 185   (0.080) 0.002 0.080 0.082 0.451 0.087 0.086 0.030 0.009 

Locus 4 : 4 
12 alleles
0.2% missing data
 253   (0.497) 0.714 0.502 0.515 0.469 0.523 0.520 0.563 0.597 
 249   (0.022) 0.067 0.022 0.021 0.001 0.002 0.011 0.004 0.003 
 271   (0.037) 0.032 0.037 0.036 0.002 0.009 0.032 0.011 0.004 
 241   (0.154) 0.059 0.152 0.148 0.150 0.149 0.162 0.206 0.181 
 257   (0.006) 0.000 0.006 0.005 0.000 0.001 0.004 0.001 0.001 
 269   (0.175) 0.125 0.175 0.172 0.103 0.260 0.163 0.170 0.202 
 245   (0.006) 0.000 0.006 0.004 0.000 0.001 0.002 0.001 0.001 
 247   (0.072) 0.002 0.073 0.074 0.272 0.047 0.072 0.036 0.008 
 239   (0.011) 0.000 0.010 0.009 0.001 0.001 0.014 0.004 0.001 
 273   (0.008) 0.000 0.007 0.006 0.000 0.001 0.014 0.001 0.001 
 267   (0.006) 0.000 0.006 0.005 0.000 0.001 0.003 0.001 0.001 
 255   (0.006) 0.000 0.006 0.004 0.000 0.005 0.002 0.002 0.001 

Locus 5 : 5 
6 alleles
0.7% missing data
 103   (0.846) 0.989 0.843 0.843 0.977 0.949 0.824 0.927 0.981 
 104   (0.068) 0.009 0.070 0.073 0.004 0.029 0.085 0.029 0.009 
 105   (0.047) 0.001 0.049 0.053 0.003 0.017 0.067 0.033 0.005 
 102   (0.017) 0.000 0.018 0.015 0.001 0.002 0.012 0.006 0.003 
 107   (0.012) 0.000 0.012 0.010 0.001 0.001 0.008 0.002 0.001 
 101   (0.009) 0.000 0.009 0.007 0.014 0.001 0.004 0.003 0.001 

Locus 6 : 6 
5 alleles
0.2% missing data
 141   (0.261) 0.561 0.262 0.269 0.139 0.267 0.227 0.339 0.030 
 145   (0.436) 0.176 0.440 0.441 0.265 0.539 0.473 0.380 0.416 
 135   (0.220) 0.211 0.219 0.216 0.287 0.181 0.216 0.133 0.544 
 147   (0.072) 0.053 0.070 0.065 0.308 0.012 0.068 0.145 0.009 
 137   (0.010) 0.000 0.010 0.009 0.001 0.001 0.016 0.002 0.001 

Locus 7 : 7 
10 alleles
1.3% missing data
  93   (0.209) 0.358 0.205 0.201 0.070 0.297 0.226 0.224 0.787 
 103   (0.317) 0.366 0.317 0.318 0.509 0.351 0.328 0.477 0.044 
  91   (0.069) 0.028 0.069 0.067 0.154 0.033 0.061 0.039 0.010 
  97   (0.198) 0.160 0.203 0.206 0.254 0.131 0.144 0.157 0.131 
  85   (0.049) 0.038 0.049 0.044 0.003 0.033 0.044 0.017 0.007 
  89   (0.075) 0.048 0.074 0.075 0.005 0.113 0.087 0.070 0.011 
  83   (0.059) 0.001 0.060 0.065 0.004 0.039 0.097 0.011 0.007 
 105   (0.011) 0.000 0.011 0.013 0.001 0.001 0.007 0.002 0.001 
 101   (0.006) 0.000 0.006 0.005 0.000 0.001 0.005 0.001 0.001 
  99   (0.006) 0.000 0.006 0.006 0.000 0.001 0.003 0.001 0.001 

Locus 8 : 8 
8 alleles
0.0% missing data
 129   (0.556) 0.679 0.560 0.569 0.636 0.705 0.602 0.399 0.206 
 141   (0.052) 0.100 0.050 0.043 0.209 0.019 0.028 0.086 0.006 
 149   (0.079) 0.124 0.078 0.081 0.017 0.071 0.074 0.038 0.009 
 143   (0.261) 0.097 0.260 0.260 0.134 0.192 0.258 0.466 0.687 
 127   (0.017) 0.000 0.017 0.015 0.001 0.002 0.008 0.003 0.050 
 131   (0.012) 0.000 0.011 0.009 0.002 0.007 0.004 0.002 0.041 
 133   (0.017) 0.000 0.018 0.019 0.001 0.003 0.020 0.004 0.002 
 145   (0.006) 0.000 0.006 0.005 0.000 0.001 0.005 0.001 0.001 

Locus 9 : 9 
5 alleles
0.0% missing data
 191   (0.392) 0.573 0.394 0.399 0.539 0.301 0.360 0.500 0.339 
 195   (0.143) 0.161 0.136 0.128 0.055 0.268 0.130 0.195 0.353 
 189   (0.453) 0.264 0.459 0.464 0.405 0.429 0.501 0.302 0.307 
 197   (0.006) 0.000 0.006 0.005 0.000 0.001 0.007 0.001 0.001 
 193   (0.006) 0.002 0.006 0.004 0.000 0.001 0.002 0.001 0.001 

Locus 10 : 10 
7 alleles
0.2% missing data
 232   (0.259) 0.308 0.262 0.266 0.277 0.154 0.285 0.173 0.221 
 238   (0.560) 0.554 0.562 0.565 0.349 0.773 0.536 0.654 0.374 
 252   (0.100) 0.123 0.096 0.095 0.036 0.064 0.123 0.132 0.013 
 254   (0.044) 0.014 0.043 0.040 0.256 0.005 0.031 0.033 0.388 
 250   (0.011) 0.000 0.011 0.011 0.001 0.001 0.010 0.002 0.002 
 236   (0.006) 0.000 0.006 0.005 0.001 0.001 0.003 0.001 0.001 
 248   (0.019) 0.000 0.019 0.018 0.081 0.002 0.012 0.003 0.002 

Locus 11 : 11 
4 alleles
0.0% missing data
  87   (0.702) 0.618 0.704 0.709 0.537 0.841 0.687 0.686 0.965 
  89   (0.242) 0.323 0.244 0.238 0.382 0.135 0.229 0.302 0.029 
  91   (0.042) 0.059 0.039 0.038 0.080 0.023 0.069 0.009 0.005 
  85   (0.014) 0.000 0.014 0.015 0.001 0.002 0.015 0.003 0.001 

Locus 12 : 12 
13 alleles
0.2% missing data
 160   (0.214) 0.122 0.216 0.210 0.709 0.257 0.203 0.093 0.584 
 162   (0.254) 0.219 0.251 0.260 0.234 0.279 0.260 0.448 0.073 
 147   (0.045) 0.150 0.045 0.041 0.003 0.036 0.022 0.104 0.005 
 158   (0.233) 0.477 0.237 0.236 0.025 0.180 0.253 0.177 0.029 
 161   (0.103) 0.024 0.098 0.092 0.019 0.116 0.130 0.123 0.124 
 170   (0.050) 0.007 0.050 0.055 0.003 0.037 0.060 0.009 0.006 
 143   (0.029) 0.001 0.030 0.035 0.002 0.004 0.031 0.005 0.172 
 154   (0.018) 0.000 0.020 0.021 0.001 0.002 0.012 0.006 0.002 
 149   (0.021) 0.000 0.021 0.023 0.001 0.063 0.012 0.028 0.002 
 153   (0.012) 0.000 0.012 0.012 0.001 0.001 0.008 0.002 0.001 
 150   (0.006) 0.000 0.006 0.004 0.000 0.007 0.002 0.001 0.001 
 159   (0.008) 0.000 0.008 0.006 0.001 0.017 0.005 0.002 0.001 
 164   (0.006) 0.000 0.006 0.005 0.000 0.001 0.002 0.001 0.001 

Locus 13 : 13 
5 alleles
0.0% missing data
 108   (0.197) 0.170 0.195 0.194 0.198 0.106 0.248 0.169 0.336 
 115   (0.454) 0.552 0.455 0.463 0.292 0.522 0.460 0.458 0.098 
 113   (0.336) 0.277 0.338 0.333 0.509 0.371 0.286 0.371 0.564 
 109   (0.006) 0.000 0.006 0.005 0.000 0.001 0.003 0.001 0.001 
 110   (0.006) 0.000 0.006 0.005 0.000 0.001 0.003 0.001 0.001 

Locus 14 : 14 
5 alleles
0.9% missing data
 227   (0.139) 0.259 0.139 0.132 0.020 0.319 0.099 0.057 0.258 
 231   (0.157) 0.088 0.157 0.159 0.347 0.025 0.146 0.402 0.265 
 229   (0.507) 0.481 0.510 0.527 0.421 0.511 0.625 0.355 0.100 
 225   (0.142) 0.076 0.140 0.129 0.208 0.106 0.099 0.121 0.226 
 233   (0.056) 0.096 0.054 0.053 0.004 0.039 0.032 0.065 0.150 

Locus 15 : 15 
5 alleles
0.2% missing data
 143   (0.837) 0.971 0.837 0.842 0.817 0.876 0.850 0.887 0.724 
 157   (0.007) 0.014 0.006 0.004 0.000 0.001 0.002 0.001 0.001 
 145   (0.089) 0.013 0.089 0.087 0.006 0.060 0.075 0.100 0.267 
 147   (0.053) 0.001 0.054 0.054 0.146 0.061 0.048 0.010 0.007 
 133   (0.015) 0.000 0.014 0.013 0.030 0.002 0.024 0.003 0.002 

Locus 16 : 16 
5 alleles
0.2% missing data
 156   (0.219) 0.266 0.211 0.213 0.492 0.208 0.317 0.263 0.511 
 158   (0.553) 0.522 0.560 0.554 0.207 0.635 0.506 0.510 0.260 
 160   (0.129) 0.172 0.130 0.135 0.113 0.124 0.101 0.173 0.015 
 154   (0.091) 0.040 0.093 0.093 0.186 0.021 0.073 0.054 0.213 
 152   (0.007) 0.000 0.006 0.005 0.000 0.012 0.004 0.001 0.001 

Locus 17 : 17 
5 alleles
0.0% missing data
 102   (0.205) 0.230 0.206 0.198 0.200 0.228 0.146 0.195 0.025 
  90   (0.668) 0.724 0.661 0.655 0.791 0.743 0.726 0.753 0.574 
  88   (0.076) 0.045 0.079 0.091 0.005 0.013 0.070 0.040 0.008 
 100   (0.045) 0.001 0.049 0.052 0.003 0.009 0.056 0.011 0.392 
 104   (0.006) 0.000 0.006 0.004 0.000 0.007 0.002 0.001 0.001 

Locus 18 : 18 
7 alleles
0.0% missing data
 142   (0.124) 0.428 0.125 0.133 0.008 0.083 0.154 0.032 0.014 
 146   (0.079) 0.160 0.074 0.071 0.223 0.093 0.074 0.087 0.009 
 140   (0.294) 0.130 0.300 0.297 0.182 0.263 0.265 0.502 0.279 
 127   (0.307) 0.211 0.309 0.315 0.066 0.299 0.358 0.221 0.549 
 148   (0.091) 0.051 0.090 0.087 0.213 0.082 0.054 0.112 0.010 
 138   (0.054) 0.019 0.053 0.048 0.004 0.039 0.040 0.029 0.134 
 150   (0.052) 0.001 0.050 0.050 0.305 0.142 0.054 0.017 0.005 

Locus 19 : 19 
7 alleles
0.0% missing data
 188   (0.195) 0.133 0.199 0.199 0.170 0.152 0.193 0.081 0.022 
 190   (0.109) 0.379 0.105 0.099 0.200 0.178 0.092 0.268 0.011 
 194   (0.574) 0.486 0.576 0.582 0.482 0.538 0.592 0.536 0.954 
 200   (0.095) 0.002 0.096 0.101 0.006 0.129 0.102 0.107 0.010 
 192   (0.006) 0.000 0.006 0.005 0.000 0.001 0.003 0.004 0.001 
 202   (0.014) 0.000 0.013 0.011 0.140 0.001 0.011 0.003 0.001 
 196   (0.006) 0.000 0.005 0.005 0.000 0.001 0.006 0.001 0.001 

Locus 20 : 20 
6 alleles
0.9% missing data
 252   (0.708) 0.835 0.713 0.725 0.723 0.774 0.772 0.678 0.388 
 250   (0.077) 0.091 0.076 0.074 0.143 0.064 0.046 0.078 0.340 
 244   (0.019) 0.014 0.017 0.014 0.001 0.008 0.015 0.005 0.004 
 254   (0.074) 0.029 0.070 0.063 0.082 0.098 0.067 0.047 0.107 
 246   (0.095) 0.022 0.095 0.095 0.049 0.051 0.077 0.187 0.158 
 248   (0.027) 0.009 0.028 0.028 0.002 0.004 0.023 0.005 0.003 

Locus 21 : 21 
7 alleles
0.2% missing data
 173   (0.278) 0.331 0.272 0.265 0.213 0.534 0.290 0.283 0.121 
 177   (0.282) 0.320 0.289 0.299 0.172 0.247 0.269 0.166 0.278 
 175   (0.144) 0.028 0.142 0.128 0.253 0.075 0.122 0.257 0.475 
 167   (0.186) 0.313 0.183 0.184 0.122 0.121 0.226 0.134 0.114 
 163   (0.036) 0.002 0.036 0.034 0.221 0.009 0.032 0.014 0.004 
 159   (0.024) 0.000 0.027 0.034 0.001 0.004 0.015 0.004 0.002 
 165   (0.050) 0.005 0.051 0.055 0.017 0.009 0.045 0.142 0.006 

Locus 22 : 22 
11 alleles
0.7% missing data
 146   (0.241) 0.262 0.240 0.246 0.144 0.304 0.233 0.162 0.078 
 154   (0.007) 0.055 0.006 0.004 0.000 0.001 0.002 0.001 0.001 
 166   (0.103) 0.055 0.109 0.105 0.007 0.034 0.068 0.104 0.116 
 152   (0.413) 0.592 0.409 0.405 0.371 0.594 0.490 0.503 0.500 
 150   (0.027) 0.008 0.028 0.027 0.002 0.008 0.016 0.005 0.111 
 164   (0.029) 0.012 0.028 0.025 0.002 0.004 0.025 0.060 0.004 
 148   (0.009) 0.000 0.008 0.006 0.001 0.001 0.003 0.001 0.169 
 158   (0.090) 0.014 0.093 0.100 0.108 0.019 0.101 0.116 0.011 
 162   (0.053) 0.001 0.054 0.058 0.071 0.016 0.049 0.042 0.007 
 156   (0.015) 0.000 0.014 0.010 0.294 0.011 0.005 0.004 0.002 
 142   (0.013) 0.000 0.013 0.013 0.001 0.009 0.008 0.002 0.001 

Locus 23 : 23 
7 alleles
0.9% missing data
 152   (0.009) 0.063 0.008 0.006 0.001 0.001 0.003 0.002 0.001 
 156   (0.122) 0.042 0.122 0.130 0.035 0.044 0.200 0.103 0.015 
 144   (0.168) 0.174 0.164 0.155 0.625 0.249 0.138 0.162 0.593 
 160   (0.100) 0.183 0.099 0.092 0.105 0.116 0.073 0.203 0.012 
 154   (0.564) 0.534 0.568 0.581 0.232 0.585 0.565 0.514 0.374 
 158   (0.028) 0.005 0.029 0.030 0.002 0.004 0.017 0.014 0.004 
 146   (0.009) 0.000 0.009 0.007 0.001 0.001 0.005 0.002 0.001 

Locus 24 : 24 
4 alleles
0.4% missing data
  77   (0.081) 0.268 0.077 0.069 0.052 0.080 0.082 0.075 0.009 
  83   (0.464) 0.488 0.464 0.463 0.916 0.425 0.424 0.594 0.685 
  81   (0.373) 0.219 0.378 0.390 0.026 0.403 0.381 0.284 0.296 
  85   (0.082) 0.025 0.080 0.078 0.006 0.092 0.113 0.047 0.009 

Locus 25 : 25 
6 alleles
0.4% missing data
 132   (0.328) 0.495 0.328 0.329 0.454 0.321 0.279 0.390 0.188 
 124   (0.526) 0.436 0.527 0.540 0.537 0.540 0.615 0.501 0.408 
 126   (0.019) 0.050 0.019 0.015 0.001 0.002 0.008 0.004 0.002 
 122   (0.097) 0.018 0.097 0.091 0.006 0.133 0.082 0.087 0.117 
 120   (0.015) 0.000 0.014 0.013 0.001 0.002 0.010 0.004 0.283 
 136   (0.015) 0.000 0.015 0.013 0.001 0.002 0.007 0.014 0.002 

Locus 26 : 26 
7 alleles
0.2% missing data
 165   (0.242) 0.145 0.241 0.232 0.059 0.272 0.222 0.338 0.326 
 183   (0.353) 0.547 0.355 0.366 0.425 0.304 0.343 0.459 0.296 
 179   (0.082) 0.061 0.082 0.081 0.005 0.073 0.074 0.029 0.337 
 175   (0.252) 0.245 0.250 0.249 0.446 0.341 0.252 0.147 0.032 
 181   (0.056) 0.001 0.057 0.060 0.064 0.008 0.100 0.025 0.007 
 185   (0.009) 0.000 0.008 0.007 0.001 0.001 0.008 0.001 0.001 
 157   (0.006) 0.000 0.006 0.005 0.000 0.001 0.002 0.001 0.001 

Locus 27 : 27 
4 alleles
0.2% missing data
 142   (0.648) 0.680 0.652 0.658 0.741 0.761 0.619 0.637 0.317 
 148   (0.201) 0.099 0.198 0.197 0.069 0.098 0.223 0.254 0.665 
 138   (0.043) 0.209 0.041 0.035 0.003 0.022 0.029 0.034 0.006 
 150   (0.109) 0.012 0.109 0.111 0.187 0.120 0.128 0.076 0.012 

Locus 28 : 28 
6 alleles
0.9% missing data
 260   (0.390) 0.365 0.399 0.402 0.378 0.515 0.306 0.331 0.144 
 262   (0.503) 0.627 0.494 0.493 0.547 0.389 0.607 0.629 0.842 
 256   (0.075) 0.008 0.076 0.075 0.073 0.064 0.065 0.034 0.011 
 258   (0.011) 0.000 0.012 0.013 0.001 0.001 0.005 0.002 0.001 
 266   (0.006) 0.000 0.006 0.004 0.000 0.006 0.002 0.001 0.001 
 264   (0.015) 0.000 0.014 0.012 0.001 0.024 0.015 0.003 0.001 

Locus 29 : 29 
7 alleles
0.2% missing data
 146   (0.292) 0.188 0.297 0.297 0.334 0.243 0.291 0.340 0.037 
 150   (0.434) 0.637 0.432 0.435 0.295 0.525 0.506 0.389 0.145 
 140   (0.170) 0.107 0.171 0.171 0.061 0.176 0.139 0.140 0.807 
 148   (0.056) 0.060 0.054 0.051 0.306 0.024 0.034 0.098 0.006 
 152   (0.031) 0.001 0.031 0.034 0.002 0.030 0.024 0.011 0.003 
 151   (0.009) 0.006 0.008 0.007 0.001 0.001 0.004 0.004 0.001 
 142   (0.008) 0.001 0.007 0.005 0.001 0.001 0.003 0.018 0.001 

Locus 30 : 30 
6 alleles
0.2% missing data
 125   (0.295) 0.457 0.302 0.309 0.033 0.080 0.335 0.274 0.142 
 129   (0.422) 0.488 0.416 0.415 0.780 0.593 0.396 0.454 0.214 
 123   (0.145) 0.052 0.143 0.138 0.102 0.240 0.151 0.110 0.017 
 121   (0.012) 0.000 0.012 0.009 0.001 0.001 0.006 0.003 0.042 
 127   (0.089) 0.002 0.091 0.094 0.082 0.049 0.071 0.152 0.580 
 131   (0.037) 0.001 0.037 0.036 0.003 0.037 0.041 0.008 0.004 

Locus 31 : 31 
6 alleles
0.2% missing data
 159   (0.163) 0.134 0.159 0.155 0.011 0.278 0.206 0.267 0.019 
 155   (0.556) 0.699 0.564 0.575 0.712 0.424 0.527 0.456 0.523 
 157   (0.185) 0.097 0.181 0.183 0.024 0.208 0.206 0.252 0.119 
 153   (0.060) 0.067 0.060 0.056 0.004 0.086 0.038 0.012 0.103 
 151   (0.031) 0.002 0.029 0.026 0.248 0.004 0.021 0.011 0.236 
 163   (0.006) 0.001 0.006 0.005 0.001 0.001 0.003 0.001 0.001 

Locus 32 : 32 
5 alleles
0.0% missing data
 146   (0.335) 0.070 0.338 0.343 0.314 0.345 0.358 0.238 0.576 
 150   (0.563) 0.860 0.560 0.558 0.636 0.595 0.582 0.515 0.413 
 148   (0.057) 0.069 0.057 0.059 0.048 0.018 0.029 0.148 0.006 
 154   (0.034) 0.001 0.034 0.032 0.002 0.008 0.025 0.097 0.004 
 152   (0.011) 0.000 0.010 0.009 0.001 0.035 0.005 0.002 0.001 

Locus 33 : 33 
7 alleles
0.0% missing data
 180   (0.469) 0.570 0.473 0.473 0.663 0.360 0.429 0.484 0.688 
 196   (0.105) 0.185 0.105 0.095 0.007 0.153 0.093 0.067 0.012 
 184   (0.188) 0.159 0.186 0.181 0.075 0.280 0.197 0.234 0.274 
 194   (0.007) 0.037 0.006 0.005 0.000 0.001 0.002 0.001 0.001 
 192   (0.144) 0.006 0.146 0.164 0.184 0.157 0.180 0.137 0.016 
 190   (0.017) 0.000 0.016 0.012 0.001 0.036 0.014 0.026 0.002 
 198   (0.070) 0.043 0.069 0.069 0.070 0.013 0.084 0.051 0.008 

Locus 34 : 34 
6 alleles
0.0% missing data
 110   (0.182) 0.332 0.184 0.188 0.076 0.106 0.150 0.192 0.212 
 112   (0.352) 0.514 0.355 0.366 0.064 0.387 0.351 0.363 0.040 
 106   (0.271) 0.120 0.263 0.256 0.698 0.404 0.337 0.346 0.232 
  90   (0.040) 0.024 0.039 0.036 0.002 0.014 0.037 0.026 0.395 
 108   (0.146) 0.009 0.151 0.146 0.115 0.088 0.121 0.072 0.121 
  96   (0.010) 0.000 0.009 0.008 0.045 0.001 0.004 0.002 0.001 

Locus 35 : 35 
9 alleles
0.0% missing data
 166   (0.049) 0.256 0.047 0.040 0.003 0.101 0.026 0.077 0.006 
 176   (0.097) 0.154 0.097 0.096 0.018 0.011 0.099 0.221 0.011 
 172   (0.318) 0.428 0.321 0.328 0.579 0.407 0.291 0.151 0.041 
 170   (0.264) 0.151 0.262 0.254 0.324 0.227 0.247 0.443 0.619 
 174   (0.149) 0.005 0.149 0.153 0.068 0.168 0.231 0.080 0.017 
 178   (0.045) 0.005 0.046 0.050 0.003 0.026 0.033 0.010 0.006 
 168   (0.053) 0.001 0.054 0.056 0.004 0.022 0.061 0.014 0.297 
 186   (0.019) 0.000 0.019 0.018 0.001 0.038 0.010 0.003 0.002 
 158   (0.006) 0.000 0.006 0.005 0.000 0.001 0.002 0.001 0.001 

Locus 36 : 36 
6 alleles
0.0% missing data
  89   (0.570) 0.649 0.573 0.584 0.512 0.670 0.582 0.529 0.377 
  95   (0.057) 0.072 0.056 0.047 0.004 0.072 0.030 0.067 0.006 
  85   (0.159) 0.223 0.154 0.157 0.232 0.134 0.174 0.173 0.494 
  81   (0.072) 0.007 0.073 0.075 0.005 0.025 0.095 0.142 0.009 
  83   (0.126) 0.049 0.127 0.123 0.245 0.095 0.112 0.085 0.015 
  91   (0.017) 0.000 0.016 0.014 0.001 0.004 0.007 0.003 0.099 

Locus 37 : 37 
10 alleles
0.0% missing data
 161   (0.340) 0.539 0.335 0.337 0.377 0.260 0.435 0.413 0.424 
 165   (0.234) 0.174 0.241 0.235 0.105 0.260 0.179 0.192 0.134 
 159   (0.012) 0.030 0.012 0.010 0.001 0.003 0.005 0.002 0.001 
 173   (0.257) 0.128 0.254 0.255 0.506 0.300 0.237 0.361 0.224 
 169   (0.099) 0.120 0.100 0.106 0.006 0.132 0.110 0.022 0.211 
 167   (0.018) 0.008 0.017 0.017 0.002 0.004 0.014 0.003 0.002 
 168   (0.011) 0.000 0.012 0.011 0.001 0.001 0.004 0.002 0.001 
 155   (0.016) 0.000 0.017 0.019 0.001 0.002 0.009 0.003 0.002 
 177   (0.006) 0.000 0.006 0.005 0.000 0.001 0.004 0.001 0.001 
 175   (0.007) 0.000 0.006 0.004 0.000 0.036 0.002 0.001 0.001 

Locus 38 : 38 
6 alleles
0.4% missing data
  87   (0.086) 0.155 0.082 0.071 0.128 0.052 0.069 0.108 0.551 
  89   (0.437) 0.609 0.445 0.457 0.100 0.564 0.492 0.279 0.052 
  91   (0.165) 0.118 0.164 0.164 0.182 0.092 0.173 0.180 0.211 
  81   (0.124) 0.078 0.125 0.130 0.116 0.073 0.093 0.225 0.014 
  85   (0.181) 0.038 0.178 0.173 0.474 0.218 0.170 0.207 0.171 
  83   (0.006) 0.002 0.006 0.004 0.000 0.001 0.002 0.001 0.001 

Locus 39 : 39 
4 alleles
0.4% missing data
 167   (0.789) 0.913 0.785 0.784 0.857 0.793 0.826 0.926 0.690 
 161   (0.179) 0.086 0.184 0.186 0.140 0.148 0.153 0.068 0.307 
 165   (0.025) 0.001 0.025 0.025 0.002 0.058 0.019 0.006 0.003 
 177   (0.006) 0.000 0.006 0.005 0.001 0.001 0.002 0.001 0.001 

Locus 40 : 40 
6 alleles
0.2% missing data
 228   (0.406) 0.554 0.403 0.403 0.238 0.521 0.397 0.458 0.541 
 238   (0.350) 0.303 0.354 0.360 0.120 0.291 0.380 0.258 0.087 
 224   (0.019) 0.078 0.018 0.018 0.001 0.004 0.010 0.053 0.002 
 236   (0.103) 0.062 0.101 0.094 0.384 0.052 0.073 0.098 0.357 
 232   (0.012) 0.000 0.012 0.012 0.001 0.001 0.022 0.002 0.001 
 240   (0.110) 0.002 0.112 0.113 0.256 0.131 0.118 0.131 0.013 

Locus 41 : 41 
7 alleles
0.0% missing data
 128   (0.116) 0.135 0.114 0.113 0.036 0.188 0.119 0.089 0.013 
 130   (0.534) 0.611 0.538 0.549 0.774 0.452 0.560 0.529 0.062 
 114   (0.050) 0.096 0.049 0.043 0.003 0.006 0.038 0.063 0.495 
 132   (0.122) 0.148 0.120 0.117 0.053 0.212 0.129 0.139 0.015 
 118   (0.059) 0.002 0.057 0.056 0.127 0.072 0.063 0.013 0.206 
 134   (0.113) 0.008 0.117 0.117 0.007 0.069 0.088 0.166 0.209 
 136   (0.006) 0.000 0.006 0.005 0.000 0.001 0.002 0.001 0.001 

Locus 42 : 42 
6 alleles
1.3% missing data
 102   (0.273) 0.402 0.272 0.258 0.474 0.338 0.210 0.391 0.568 
 104   (0.415) 0.190 0.422 0.441 0.414 0.503 0.429 0.344 0.051 
  92   (0.112) 0.123 0.110 0.114 0.007 0.058 0.172 0.103 0.054 
  96   (0.069) 0.094 0.067 0.066 0.004 0.021 0.080 0.052 0.105 
  98   (0.125) 0.192 0.123 0.117 0.100 0.078 0.106 0.108 0.221 
 106   (0.006) 0.000 0.006 0.005 0.001 0.001 0.003 0.002 0.001 

Locus 43 : 43 
6 alleles
1.6% missing data
 101   (0.301) 0.415 0.298 0.286 0.187 0.294 0.349 0.434 0.036 
 103   (0.323) 0.216 0.327 0.335 0.350 0.432 0.229 0.272 0.235 
  99   (0.148) 0.059 0.148 0.163 0.009 0.078 0.210 0.138 0.417 
  95   (0.204) 0.309 0.203 0.195 0.453 0.192 0.199 0.151 0.178 
  97   (0.017) 0.000 0.017 0.016 0.001 0.002 0.010 0.003 0.135 
  91   (0.007) 0.000 0.006 0.005 0.000 0.001 0.003 0.001 0.001 

Locus 44 : 44 
7 alleles
0.2% missing data
 177   (0.079) 0.075 0.080 0.077 0.005 0.048 0.055 0.061 0.010 
 191   (0.291) 0.171 0.299 0.319 0.104 0.190 0.297 0.292 0.281 
 181   (0.564) 0.753 0.556 0.538 0.858 0.719 0.608 0.630 0.525 
 179   (0.043) 0.001 0.045 0.049 0.003 0.005 0.032 0.014 0.182 
 183   (0.009) 0.000 0.009 0.009 0.001 0.001 0.004 0.002 0.001 
 193   (0.007) 0.000 0.006 0.004 0.000 0.036 0.002 0.001 0.001 
 189   (0.006) 0.000 0.005 0.004 0.029 0.001 0.002 0.001 0.001 

Locus 45 : 45 
6 alleles
0.9% missing data
 205   (0.470) 0.523 0.475 0.488 0.409 0.512 0.436 0.542 0.257 
 211   (0.233) 0.223 0.232 0.241 0.275 0.146 0.292 0.205 0.341 
 207   (0.135) 0.137 0.137 0.127 0.199 0.212 0.097 0.076 0.016 
 201   (0.074) 0.069 0.071 0.067 0.005 0.066 0.093 0.076 0.375 
 215   (0.079) 0.048 0.076 0.068 0.112 0.064 0.076 0.100 0.010 
 202   (0.009) 0.000 0.009 0.009 0.001 0.001 0.006 0.002 0.001 

Locus 46 : 46 
10 alleles
1.1% missing data
 144   (0.057) 0.222 0.054 0.050 0.126 0.044 0.072 0.016 0.007 
 158   (0.155) 0.147 0.155 0.155 0.086 0.087 0.152 0.260 0.020 
 168   (0.143) 0.193 0.146 0.138 0.109 0.037 0.127 0.117 0.215 
 166   (0.130) 0.303 0.127 0.124 0.382 0.193 0.103 0.077 0.126 
 142   (0.375) 0.129 0.380 0.393 0.288 0.577 0.349 0.475 0.049 
 170   (0.013) 0.001 0.012 0.012 0.001 0.002 0.028 0.005 0.002 
 156   (0.027) 0.001 0.028 0.027 0.002 0.008 0.013 0.006 0.467 
 162   (0.048) 0.001 0.046 0.045 0.003 0.030 0.052 0.031 0.109 
 164   (0.046) 0.002 0.046 0.050 0.003 0.022 0.100 0.012 0.005 
 160   (0.006) 0.000 0.006 0.005 0.000 0.001 0.003 0.001 0.001 

Locus 47 : 47 
7 alleles
8.7% missing data
 149   (0.356) 0.224 0.361 0.363 0.341 0.396 0.331 0.132 0.351 
 151   (0.177) 0.249 0.176 0.179 0.012 0.138 0.174 0.404 0.090 
 153   (0.184) 0.318 0.182 0.186 0.027 0.357 0.176 0.157 0.029 
 147   (0.026) 0.031 0.025 0.025 0.002 0.003 0.042 0.007 0.004 
 145   (0.238) 0.175 0.238 0.230 0.616 0.104 0.246 0.296 0.523 
 152   (0.007) 0.002 0.006 0.005 0.000 0.001 0.003 0.002 0.002 
 143   (0.013) 0.000 0.012 0.012 0.001 0.001 0.026 0.003 0.002 

Values of parameters used in structure:
DATAFILE=temp2_no_plains.str,	OUTFILE=k8/temp2_no_plains_k8_run4,	NUMINDS=450,	NUMLOCI=47,	MISSING=-9,	LABEL=1,	POPDATA=1,	POPFLAG=0,	PHENOTYPE=0,	EXTRACOLS=0,	MAXPOPS=8,	BURNIN=500000,	NUMREPS=750000,	USEPOPINFO=0,	INFERALPHA=1,	INFERLAMBDA=0,	POPSPECIFICLAMBDA=0,	POPALPHAS=0,	COMPUTEPROB=1,	NOADMIX=0,	ADMBURNIN=500,	UPDATEFREQ=100,	PRINTLIKES=0,	INTERMEDSAVE=0,	PRINTKLD=0,	PRINTNET=1,	PRINTLAMBDA=1,	ANCESTDIST=0,	NUMBOXES=1000,	ANCESTPINT=0.90000,	GENSBACK=2,	MIGRPRIOR=0.01000,	PRINTQHAT=0,	PRINTQSUM=1,	ALPHA=1.0000,	FREQSCORR=1,	FPRIORMEAN=0.0100,	FPRIORSD=0.0500,	ONEFST=0,	LAMBDA=1.0000,	UNIFPRIORALPHA=1,	ALPHAMAX=10.0000,	ALPHAPRIORA=1.0000,	ALPHAPRIORB=2.0000,	ALPHAPROPSD=0.0250,	STARTATPOPINFO=0,	RANDOMIZE=0,	LINKAGE=0,	METROFREQ=10,	REPORTHITRATE=0,	MARKOVPHASE=0,	PHASED=1,	PLOIDY=2,	PHASEINFO=0	LOCPRIOR=0, 	LOCPRIORINIT=1.000000, 	LOCDATA=0, 	LOCISPOP=1, 	LOCPRIORSTEP=0.100000, 	MAXLOCPRIOR=20.000000, 	SEED=597365,	
[STRAT parameters]:    NUMSIMSTATS=1000,	PHENOTYPECOL=-9,	POOLFREQ=10,	LOCUSxONLY=0,	EMERROR=0.00100,	MISSINGPHENO=-9,	