

----------------------------------------------------
STRUCTURE by Pritchard, Stephens and Donnelly (2000)
     and Falush, Stephens and Pritchard (2003)
       Code by Pritchard, Falush and Hubisz
             Version 2.3.4 (Jul 2012)
----------------------------------------------------



Command line arguments:   structure -D 639842 -K 10 -m mainparams -o k10/temp2_no_plains_k10_run3 
Input File:    temp2_no_plains.str

Run parameters:
   450 individuals
   47 loci
   10 populations assumed
   500000 Burn-in period
   750000 Reps
RANDOMIZE turned off


--------------------------------------------
Proportion of membership of each pre-defined
 population in each of the 10 clusters

Given    Inferred Clusters                                                        Number of
 Pop       1      2      3      4      5      6      7      8      9     10      Individuals

  1:     0.004  0.012  0.011  0.037  0.008  0.010  0.009  0.007  0.891  0.011       63
  2:     0.007  0.017  0.014  0.011  0.008  0.015  0.010  0.011  0.897  0.011       20
  3:     0.004  0.035  0.020  0.120  0.007  0.020  0.013  0.010  0.753  0.018       21
  4:     0.004  0.012  0.008  0.538  0.005  0.007  0.008  0.007  0.402  0.008       31
  5:     0.004  0.006  0.007  0.016  0.004  0.007  0.009  0.006  0.933  0.007       21
  6:     0.004  0.823  0.021  0.011  0.012  0.020  0.044  0.036  0.011  0.019       25
  7:     0.012  0.025  0.081  0.129  0.017  0.067  0.013  0.072  0.519  0.065        8
  8:     0.008  0.009  0.013  0.015  0.005  0.013  0.022  0.007  0.897  0.011       17
  9:     0.003  0.006  0.005  0.004  0.957  0.005  0.004  0.006  0.005  0.005       29
 10:     0.980  0.002  0.003  0.002  0.002  0.003  0.002  0.002  0.002  0.003        9
 11:     0.009  0.070  0.243  0.016  0.014  0.321  0.044  0.033  0.011  0.240       26
 12:     0.009  0.030  0.212  0.014  0.012  0.187  0.208  0.098  0.015  0.215       74
 13:     0.007  0.024  0.114  0.014  0.013  0.122  0.490  0.080  0.021  0.114       35
 14:     0.010  0.030  0.062  0.017  0.009  0.053  0.694  0.036  0.030  0.059       24
 15:     0.010  0.045  0.260  0.013  0.027  0.303  0.049  0.022  0.022  0.249       43
 16:     0.003  0.012  0.217  0.014  0.008  0.453  0.024  0.016  0.021  0.232        4
--------------------------------------------

Allele-freq. divergence among pops (Net nucleotide distance),
computed using point estimates of P.

      1       2       3       4       5       6       7       8       9      10      
 1      -    0.1039  0.0978  0.1397  0.1304  0.0973  0.1231  0.1374  0.1379  0.0989  
 2   0.1039     -    0.0168  0.0530  0.0586  0.0175  0.0317  0.0409  0.0406  0.0175  
 3   0.0978  0.0168     -    0.0376  0.0534  0.0014  0.0158  0.0281  0.0272  0.0001  
 4   0.1397  0.0530  0.0376     -    0.0903  0.0370  0.0560  0.0583  0.0385  0.0383  
 5   0.1304  0.0586  0.0534  0.0903     -    0.0530  0.0682  0.0793  0.0767  0.0548  
 6   0.0973  0.0175  0.0014  0.0370  0.0530     -    0.0154  0.0276  0.0286  0.0019  
 7   0.1231  0.0317  0.0158  0.0560  0.0682  0.0154     -    0.0356  0.0415  0.0167  
 8   0.1374  0.0409  0.0281  0.0583  0.0793  0.0276  0.0356     -    0.0524  0.0289  
 9   0.1379  0.0406  0.0272  0.0385  0.0767  0.0286  0.0415  0.0524     -    0.0278  
10   0.0989  0.0175  0.0001  0.0383  0.0548  0.0019  0.0167  0.0289  0.0278     -    

Average distances (expected heterozygosity) between individuals in same cluster:
cluster  1  : 0.5359 
cluster  2  : 0.6000 
cluster  3  : 0.6375 
cluster  4  : 0.5432 
cluster  5  : 0.5469 
cluster  6  : 0.6407 
cluster  7  : 0.5788 
cluster  8  : 0.5751 
cluster  9  : 0.5465 
cluster 10  : 0.6339 

--------------------------------------------
Estimated Ln Prob of Data   = -48022.8
Mean value of ln likelihood = -46681.6
Variance of ln likelihood   = 2682.5
Mean value of alpha         = 0.0344

Mean value of Fst_1         = 0.3045
Mean value of Fst_2         = 0.0814
Mean value of Fst_3         = 0.0180
Mean value of Fst_4         = 0.1675
Mean value of Fst_5         = 0.2065
Mean value of Fst_6         = 0.0125
Mean value of Fst_7         = 0.0689
Mean value of Fst_8         = 0.1484
Mean value of Fst_9         = 0.1268
Mean value of Fst_10         = 0.0228


Inferred ancestry of individuals:
        Label (%Miss) Pop:  Inferred clusters
  1      221    (0)    1 :  0.003 0.016 0.007 0.008 0.002 0.007 0.008 0.003 0.939 0.007 
  2      222    (0)    1 :  0.004 0.007 0.009 0.542 0.009 0.009 0.007 0.011 0.392 0.008 
  3      223    (0)    1 :  0.003 0.008 0.012 0.007 0.003 0.009 0.007 0.007 0.929 0.014 
  4      224    (0)    1 :  0.001 0.004 0.003 0.005 0.004 0.003 0.002 0.003 0.972 0.003 
  5      225    (0)    1 :  0.002 0.004 0.005 0.006 0.004 0.005 0.003 0.004 0.964 0.005 
  6      226    (0)    1 :  0.004 0.012 0.006 0.003 0.002 0.004 0.003 0.004 0.954 0.006 
  7      227    (0)    1 :  0.015 0.035 0.014 0.003 0.005 0.011 0.005 0.005 0.893 0.014 
  8      228    (0)    1 :  0.003 0.006 0.008 0.006 0.005 0.009 0.012 0.007 0.936 0.008 
  9      234    (0)    1 :  0.003 0.004 0.004 0.008 0.002 0.004 0.004 0.004 0.964 0.004 
 10      235    (0)    1 :  0.004 0.004 0.003 0.009 0.002 0.003 0.003 0.002 0.966 0.003 
 11      236    (0)    1 :  0.002 0.004 0.002 0.003 0.002 0.002 0.002 0.001 0.979 0.002 
 12      237    (0)    1 :  0.002 0.003 0.005 0.009 0.002 0.004 0.004 0.004 0.963 0.004 
 13      238    (0)    1 :  0.003 0.025 0.010 0.040 0.012 0.009 0.006 0.008 0.878 0.009 
 14      239    (0)    1 :  0.008 0.081 0.036 0.012 0.016 0.025 0.012 0.005 0.772 0.033 
 15      240    (0)    1 :  0.002 0.006 0.003 0.005 0.002 0.003 0.003 0.003 0.969 0.003 
 16      242    (0)    1 :  0.001 0.015 0.144 0.295 0.002 0.086 0.024 0.013 0.279 0.140 
 17      243    (0)    1 :  0.014 0.019 0.012 0.014 0.015 0.012 0.005 0.009 0.889 0.012 
 18      244    (0)    1 :  0.012 0.023 0.010 0.016 0.003 0.009 0.002 0.003 0.910 0.011 
 19      245    (0)    1 :  0.013 0.014 0.016 0.004 0.009 0.015 0.016 0.017 0.879 0.016 
 20      246    (0)    1 :  0.005 0.003 0.004 0.012 0.003 0.004 0.002 0.003 0.960 0.004 
 21      248    (0)    1 :  0.003 0.006 0.009 0.042 0.024 0.008 0.004 0.003 0.893 0.009 
 22      249    (0)    1 :  0.001 0.004 0.003 0.003 0.002 0.002 0.002 0.004 0.978 0.003 
 23      250    (0)    1 :  0.006 0.010 0.013 0.004 0.011 0.015 0.014 0.009 0.905 0.013 
 24      251    (0)    1 :  0.004 0.004 0.005 0.017 0.003 0.004 0.010 0.003 0.946 0.005 
 25      252    (0)    1 :  0.001 0.007 0.009 0.004 0.045 0.009 0.012 0.018 0.886 0.009 
 26      253    (0)    1 :  0.003 0.010 0.032 0.003 0.024 0.027 0.004 0.005 0.858 0.035 
 27      254    (0)    1 :  0.002 0.008 0.006 0.005 0.003 0.006 0.004 0.004 0.957 0.006 
 28      255    (0)    1 :  0.003 0.044 0.013 0.192 0.005 0.014 0.007 0.006 0.702 0.013 
 29      256    (0)    1 :  0.003 0.004 0.009 0.069 0.002 0.009 0.005 0.011 0.881 0.008 
 30      257    (0)    1 :  0.003 0.017 0.010 0.007 0.009 0.009 0.011 0.005 0.920 0.009 
 31      258    (0)    1 :  0.002 0.011 0.009 0.020 0.003 0.007 0.011 0.004 0.925 0.008 
 32      259    (0)    1 :  0.003 0.007 0.012 0.013 0.003 0.014 0.009 0.005 0.923 0.012 
 33      260    (0)    1 :  0.005 0.020 0.005 0.004 0.067 0.005 0.004 0.004 0.880 0.005 
 34      261    (0)    1 :  0.003 0.022 0.014 0.006 0.011 0.018 0.077 0.013 0.825 0.012 
 35      262    (0)    1 :  0.001 0.003 0.002 0.006 0.003 0.002 0.003 0.003 0.975 0.002 
 36      263    (0)    1 :  0.004 0.039 0.005 0.013 0.027 0.005 0.004 0.006 0.891 0.005 
 37      264    (0)    1 :  0.001 0.006 0.005 0.012 0.003 0.005 0.006 0.012 0.945 0.004 
 38      265    (0)    1 :  0.002 0.018 0.005 0.018 0.030 0.006 0.005 0.006 0.905 0.004 
 39      266    (0)    1 :  0.001 0.002 0.003 0.006 0.002 0.003 0.003 0.003 0.974 0.003 
 40      267    (0)    1 :  0.002 0.003 0.004 0.024 0.001 0.003 0.003 0.003 0.954 0.004 
 41      268    (0)    1 :  0.008 0.007 0.007 0.004 0.050 0.006 0.005 0.005 0.901 0.007 
 42      269    (0)    1 :  0.001 0.004 0.003 0.006 0.002 0.003 0.003 0.003 0.971 0.003 
 43      270    (0)    1 :  0.002 0.006 0.004 0.004 0.002 0.003 0.004 0.011 0.961 0.004 
 44      271    (0)    1 :  0.004 0.015 0.024 0.010 0.012 0.028 0.016 0.016 0.852 0.023 
 45      272    (0)    1 :  0.008 0.009 0.026 0.451 0.005 0.033 0.027 0.021 0.399 0.021 
 46      273    (0)    1 :  0.002 0.038 0.014 0.012 0.003 0.013 0.012 0.009 0.884 0.014 
 47      274    (0)    1 :  0.003 0.008 0.005 0.004 0.006 0.005 0.006 0.004 0.955 0.004 
 48      275    (2)    1 :  0.002 0.007 0.005 0.010 0.002 0.004 0.004 0.003 0.958 0.005 
 49      276    (0)    1 :  0.002 0.005 0.006 0.006 0.004 0.006 0.007 0.007 0.951 0.006 
 50      277    (0)    1 :  0.001 0.009 0.011 0.003 0.002 0.010 0.032 0.014 0.909 0.009 
 51      278    (0)    1 :  0.008 0.006 0.010 0.015 0.005 0.010 0.023 0.004 0.910 0.010 
 52      279    (0)    1 :  0.002 0.007 0.012 0.018 0.003 0.016 0.006 0.005 0.917 0.013 
 53      280    (0)    1 :  0.003 0.015 0.010 0.006 0.005 0.009 0.017 0.006 0.921 0.009 
 54      287    (0)    1 :  0.004 0.013 0.012 0.005 0.006 0.013 0.008 0.007 0.920 0.012 
 55      290    (0)    1 :  0.006 0.010 0.011 0.093 0.003 0.013 0.011 0.013 0.831 0.010 
 56      291    (0)    1 :  0.003 0.007 0.007 0.003 0.006 0.008 0.024 0.005 0.931 0.007 
 57      295    (0)    1 :  0.001 0.005 0.004 0.006 0.003 0.004 0.017 0.004 0.953 0.004 
 58      296    (0)    1 :  0.002 0.003 0.005 0.008 0.004 0.004 0.003 0.008 0.957 0.005 
 59      872    (2)    1 :  0.006 0.005 0.005 0.100 0.007 0.005 0.005 0.007 0.855 0.005 
 60      873    (4)    1 :  0.004 0.013 0.013 0.028 0.003 0.013 0.003 0.027 0.883 0.012 
 61      874    (2)    1 :  0.002 0.006 0.006 0.016 0.003 0.005 0.011 0.010 0.937 0.006 
 62      875    (0)    1 :  0.016 0.005 0.005 0.013 0.002 0.005 0.004 0.003 0.941 0.005 
 63      876    (6)    1 :  0.001 0.023 0.012 0.005 0.013 0.009 0.011 0.009 0.904 0.012 
 64      070    (0)   10 :  0.972 0.003 0.004 0.003 0.002 0.005 0.002 0.002 0.002 0.004 
 65      071    (0)   10 :  0.972 0.004 0.003 0.002 0.006 0.003 0.003 0.002 0.002 0.003 
 66      072    (0)   10 :  0.985 0.002 0.002 0.002 0.001 0.002 0.002 0.001 0.002 0.002 
 67      151    (0)   10 :  0.987 0.002 0.001 0.001 0.002 0.001 0.002 0.001 0.001 0.001 
 68      152    (0)   10 :  0.966 0.004 0.005 0.002 0.002 0.006 0.004 0.003 0.003 0.005 
 69      153    (2)   10 :  0.987 0.002 0.001 0.002 0.001 0.001 0.001 0.001 0.001 0.001 
 70      788    (4)   10 :  0.979 0.003 0.003 0.002 0.002 0.003 0.003 0.002 0.002 0.003 
 71      789    (2)   10 :  0.983 0.002 0.002 0.002 0.003 0.002 0.002 0.001 0.002 0.002 
 72      790    (0)   10 :  0.984 0.002 0.002 0.002 0.001 0.002 0.001 0.001 0.002 0.002 
 73      010    (0)   11 :  0.002 0.009 0.171 0.007 0.004 0.545 0.005 0.011 0.005 0.242 
 74      024    (0)   11 :  0.006 0.011 0.355 0.005 0.010 0.362 0.021 0.009 0.006 0.215 
 75      051    (0)   11 :  0.015 0.275 0.167 0.007 0.008 0.327 0.005 0.011 0.005 0.180 
 76      090    (0)   11 :  0.006 0.054 0.308 0.008 0.005 0.357 0.011 0.016 0.007 0.229 
 77      102    (0)   11 :  0.002 0.020 0.261 0.036 0.003 0.273 0.170 0.024 0.030 0.180 
 78      111    (0)   11 :  0.002 0.011 0.266 0.026 0.004 0.404 0.012 0.007 0.006 0.262 
 79      113    (0)   11 :  0.006 0.092 0.177 0.034 0.005 0.406 0.046 0.014 0.006 0.214 
 80      138    (0)   11 :  0.039 0.020 0.326 0.003 0.073 0.102 0.010 0.004 0.008 0.413 
 81      150    (0)   11 :  0.014 0.111 0.149 0.010 0.004 0.050 0.427 0.038 0.024 0.173 
 82      173    (2)   11 :  0.022 0.267 0.207 0.007 0.016 0.229 0.045 0.039 0.006 0.163 
 83      174    (2)   11 :  0.026 0.017 0.241 0.024 0.003 0.343 0.005 0.005 0.007 0.328 
 84      175    (0)   11 :  0.007 0.028 0.236 0.010 0.003 0.458 0.007 0.009 0.002 0.240 
 85      176    (0)   11 :  0.005 0.008 0.217 0.019 0.010 0.500 0.008 0.005 0.018 0.209 
 86      177    (0)   11 :  0.004 0.403 0.177 0.009 0.002 0.224 0.016 0.005 0.003 0.157 
 87      180    (0)   11 :  0.004 0.174 0.204 0.123 0.007 0.260 0.006 0.005 0.027 0.191 
 88      184    (0)   11 :  0.013 0.014 0.326 0.004 0.005 0.086 0.025 0.068 0.006 0.452 
 89      195    (0)   11 :  0.006 0.015 0.208 0.004 0.015 0.504 0.015 0.009 0.006 0.218 
 90      198    (0)   11 :  0.003 0.018 0.338 0.013 0.006 0.257 0.008 0.005 0.013 0.339 
 91      203    (0)   11 :  0.009 0.012 0.207 0.011 0.005 0.507 0.011 0.029 0.008 0.201 
 92      211    (0)   11 :  0.003 0.009 0.254 0.005 0.084 0.385 0.028 0.006 0.029 0.196 
 93      220    (0)   11 :  0.002 0.110 0.255 0.011 0.009 0.243 0.108 0.051 0.005 0.205 
 94      233    (0)   11 :  0.005 0.023 0.295 0.004 0.036 0.330 0.113 0.013 0.010 0.169 
 95      331    (0)   11 :  0.007 0.031 0.228 0.006 0.005 0.479 0.008 0.014 0.006 0.216 
 96      349    (0)   11 :  0.009 0.076 0.119 0.011 0.006 0.203 0.012 0.442 0.007 0.116 
 97      410    (0)   11 :  0.003 0.019 0.311 0.011 0.027 0.210 0.004 0.006 0.007 0.402 
 98      417    (2)   11 :  0.002 0.007 0.318 0.007 0.005 0.290 0.008 0.010 0.028 0.325 
 99      421    (0)   12 :  0.002 0.005 0.010 0.004 0.005 0.011 0.933 0.007 0.012 0.011 
100      423    (0)   12 :  0.008 0.012 0.237 0.011 0.002 0.456 0.005 0.051 0.006 0.212 
101      424    (0)   12 :  0.002 0.452 0.175 0.037 0.003 0.097 0.008 0.009 0.015 0.202 
102      433    (0)   12 :  0.002 0.008 0.245 0.004 0.016 0.082 0.354 0.011 0.004 0.274 
103      462    (0)   12 :  0.002 0.115 0.224 0.009 0.024 0.252 0.121 0.028 0.008 0.217 
104      463    (0)   12 :  0.003 0.007 0.251 0.005 0.004 0.294 0.007 0.146 0.015 0.268 
105      467    (0)   12 :  0.007 0.013 0.011 0.005 0.014 0.013 0.889 0.019 0.018 0.012 
106      468    (0)   12 :  0.003 0.009 0.008 0.007 0.002 0.008 0.043 0.893 0.019 0.008 
107      469    (0)   12 :  0.002 0.008 0.177 0.012 0.002 0.117 0.434 0.007 0.068 0.173 
108      472    (0)   12 :  0.004 0.010 0.322 0.003 0.008 0.399 0.017 0.009 0.008 0.220 
109      473    (0)   12 :  0.003 0.009 0.038 0.005 0.008 0.043 0.009 0.839 0.003 0.043 
110      474    (0)   12 :  0.002 0.009 0.017 0.004 0.020 0.007 0.105 0.800 0.015 0.022 
111      475    (0)   12 :  0.004 0.011 0.120 0.006 0.003 0.290 0.367 0.032 0.004 0.163 
112      476    (2)   12 :  0.019 0.007 0.011 0.007 0.016 0.013 0.105 0.808 0.005 0.011 
113      477    (0)   12 :  0.005 0.007 0.320 0.006 0.018 0.411 0.018 0.022 0.008 0.186 
114      478    (0)   12 :  0.002 0.018 0.281 0.070 0.003 0.374 0.059 0.004 0.013 0.176 
115      479    (0)   12 :  0.003 0.013 0.276 0.005 0.003 0.027 0.251 0.021 0.025 0.375 
116      480    (0)   12 :  0.002 0.005 0.006 0.005 0.002 0.007 0.953 0.011 0.003 0.007 
117      481    (0)   12 :  0.042 0.015 0.294 0.010 0.003 0.237 0.042 0.026 0.006 0.325 
118      482    (0)   12 :  0.002 0.012 0.232 0.005 0.039 0.416 0.049 0.004 0.006 0.235 
119      489    (0)   12 :  0.005 0.009 0.240 0.006 0.015 0.415 0.044 0.018 0.005 0.243 
120      490    (0)   12 :  0.003 0.016 0.406 0.010 0.003 0.029 0.010 0.005 0.017 0.501 
121      491    (0)   12 :  0.009 0.098 0.264 0.004 0.121 0.232 0.019 0.017 0.005 0.231 
122      492    (0)   12 :  0.005 0.011 0.030 0.033 0.013 0.036 0.089 0.736 0.015 0.031 
123      493    (0)   12 :  0.012 0.032 0.171 0.005 0.007 0.233 0.322 0.080 0.016 0.122 
124      494    (0)   12 :  0.023 0.020 0.283 0.004 0.039 0.144 0.166 0.017 0.005 0.299 
125      498    (0)   12 :  0.007 0.008 0.287 0.014 0.004 0.224 0.012 0.109 0.023 0.313 
126      499    (0)   12 :  0.004 0.057 0.202 0.006 0.007 0.466 0.013 0.009 0.010 0.226 
127      709    (0)   12 :  0.088 0.012 0.289 0.009 0.011 0.211 0.013 0.010 0.010 0.345 
128      710    (4)   12 :  0.006 0.004 0.249 0.004 0.003 0.423 0.081 0.017 0.007 0.206 
129      711    (2)   12 :  0.007 0.139 0.210 0.075 0.003 0.329 0.015 0.008 0.022 0.193 
130      712    (4)   12 :  0.002 0.010 0.414 0.008 0.003 0.009 0.008 0.004 0.008 0.534 
131      713    (0)   12 :  0.004 0.008 0.245 0.006 0.008 0.500 0.004 0.023 0.005 0.197 
132      714    (2)   12 :  0.013 0.018 0.018 0.007 0.002 0.022 0.743 0.153 0.010 0.014 
133      715    (4)   12 :  0.013 0.022 0.021 0.016 0.036 0.016 0.813 0.004 0.039 0.020 
134      716    (0)   12 :  0.003 0.005 0.019 0.004 0.003 0.015 0.907 0.018 0.004 0.022 
135      717    (2)   12 :  0.003 0.012 0.119 0.165 0.013 0.246 0.304 0.013 0.007 0.119 
136      718    (4)   12 :  0.002 0.018 0.381 0.006 0.002 0.032 0.019 0.008 0.015 0.517 
137      719    (0)   12 :  0.002 0.003 0.005 0.002 0.002 0.005 0.971 0.003 0.004 0.004 
138      720    (2)   12 :  0.002 0.011 0.023 0.006 0.009 0.029 0.876 0.018 0.009 0.016 
139      721    (0)   12 :  0.033 0.027 0.149 0.006 0.007 0.208 0.181 0.229 0.006 0.155 
140      722    (4)   12 :  0.002 0.005 0.006 0.006 0.002 0.004 0.940 0.019 0.011 0.005 
141      723    (0)   12 :  0.008 0.004 0.023 0.008 0.007 0.022 0.901 0.006 0.004 0.019 
142      724    (0)   12 :  0.006 0.009 0.026 0.013 0.010 0.023 0.818 0.037 0.039 0.020 
143      725    (0)   12 :  0.004 0.012 0.240 0.010 0.010 0.483 0.022 0.010 0.005 0.204 
144      726    (0)   12 :  0.007 0.011 0.235 0.003 0.005 0.272 0.095 0.215 0.005 0.152 
145      727    (0)   12 :  0.008 0.016 0.311 0.003 0.013 0.281 0.040 0.041 0.005 0.282 
146      728    (2)   12 :  0.093 0.011 0.278 0.015 0.006 0.385 0.013 0.005 0.008 0.186 
147      729    (6)   12 :  0.005 0.020 0.381 0.006 0.004 0.287 0.037 0.005 0.006 0.250 
148      730    (2)   12 :  0.006 0.012 0.396 0.009 0.004 0.047 0.030 0.003 0.012 0.481 
149      731    (2)   12 :  0.002 0.005 0.401 0.004 0.002 0.026 0.005 0.006 0.008 0.541 
150      732    (0)   12 :  0.003 0.014 0.239 0.012 0.006 0.375 0.136 0.023 0.010 0.181 
151      733    (0)   12 :  0.005 0.016 0.303 0.010 0.003 0.308 0.081 0.005 0.016 0.254 
152      734    (2)   12 :  0.009 0.110 0.280 0.007 0.099 0.249 0.023 0.007 0.008 0.208 
153      735    (4)   12 :  0.003 0.035 0.298 0.009 0.008 0.362 0.029 0.034 0.006 0.216 
154      736    (2)   12 :  0.016 0.018 0.338 0.004 0.021 0.171 0.007 0.006 0.004 0.414 
155      737    (0)   12 :  0.011 0.016 0.380 0.029 0.003 0.039 0.004 0.017 0.012 0.490 
156      738    (2)   12 :  0.003 0.081 0.326 0.005 0.005 0.176 0.008 0.005 0.008 0.384 
157      739    (8)   12 :  0.013 0.013 0.372 0.005 0.006 0.067 0.026 0.010 0.010 0.478 
158      740    (4)   12 :  0.002 0.004 0.366 0.005 0.002 0.054 0.067 0.004 0.006 0.489 
159      741    (2)   12 :  0.002 0.012 0.270 0.103 0.024 0.187 0.073 0.022 0.075 0.232 
160      742    (4)   12 :  0.006 0.084 0.310 0.018 0.005 0.188 0.011 0.006 0.010 0.360 
161      743    (2)   12 :  0.002 0.006 0.009 0.005 0.009 0.010 0.940 0.004 0.005 0.009 
162      744    (0)   12 :  0.028 0.008 0.223 0.005 0.005 0.410 0.093 0.008 0.004 0.218 
163      745    (0)   12 :  0.016 0.009 0.146 0.025 0.005 0.192 0.443 0.010 0.058 0.096 
164      746    (2)   12 :  0.004 0.012 0.343 0.041 0.005 0.170 0.007 0.006 0.005 0.407 
165      747    (2)   12 :  0.006 0.054 0.326 0.008 0.020 0.103 0.010 0.010 0.031 0.432 
166      748    (0)   12 :  0.007 0.063 0.092 0.035 0.017 0.082 0.006 0.476 0.157 0.064 
167      749    (2)   12 :  0.012 0.105 0.250 0.008 0.019 0.388 0.008 0.003 0.010 0.197 
168      750    (4)   12 :  0.005 0.013 0.331 0.021 0.005 0.324 0.011 0.005 0.009 0.276 
169      751    (0)   12 :  0.016 0.078 0.290 0.009 0.007 0.351 0.016 0.011 0.013 0.210 
170      752    (2)   12 :  0.002 0.006 0.009 0.004 0.003 0.006 0.070 0.880 0.011 0.010 
171      753    (4)   12 :  0.012 0.045 0.185 0.007 0.037 0.398 0.033 0.079 0.036 0.169 
172      754    (2)   12 :  0.003 0.004 0.425 0.003 0.003 0.006 0.004 0.003 0.003 0.545 
173      155    (0)   13 :  0.004 0.009 0.282 0.007 0.040 0.407 0.014 0.016 0.025 0.196 
174      156    (2)   13 :  0.109 0.009 0.177 0.007 0.005 0.435 0.013 0.004 0.016 0.225 
175      157    (2)   13 :  0.002 0.007 0.408 0.006 0.008 0.017 0.008 0.014 0.004 0.526 
176      158    (0)   13 :  0.004 0.042 0.295 0.010 0.007 0.405 0.019 0.004 0.008 0.205 
177      159    (0)   13 :  0.009 0.009 0.331 0.009 0.003 0.292 0.013 0.016 0.026 0.291 
178      160    (0)   13 :  0.003 0.049 0.277 0.003 0.008 0.043 0.172 0.073 0.016 0.356 
179      161    (0)   13 :  0.003 0.011 0.383 0.003 0.010 0.090 0.026 0.016 0.005 0.453 
180      162    (0)   13 :  0.007 0.022 0.159 0.008 0.006 0.385 0.248 0.032 0.007 0.127 
181      163    (2)   13 :  0.009 0.067 0.193 0.009 0.003 0.438 0.007 0.006 0.003 0.265 
182      164    (0)   13 :  0.002 0.015 0.257 0.012 0.021 0.358 0.016 0.062 0.052 0.205 
183      165    (2)   13 :  0.004 0.004 0.230 0.007 0.005 0.481 0.006 0.007 0.007 0.249 
184      427    (0)   13 :  0.010 0.013 0.010 0.003 0.069 0.011 0.863 0.005 0.008 0.009 
185      428    (0)   13 :  0.003 0.024 0.006 0.004 0.004 0.009 0.918 0.014 0.010 0.007 
186      429    (0)   13 :  0.003 0.005 0.007 0.008 0.003 0.007 0.952 0.005 0.004 0.005 
187      430    (0)   13 :  0.002 0.108 0.198 0.040 0.004 0.225 0.040 0.185 0.030 0.167 
188      431    (0)   13 :  0.002 0.011 0.017 0.023 0.004 0.014 0.865 0.011 0.037 0.016 
189      435    (0)   13 :  0.002 0.003 0.004 0.003 0.002 0.004 0.966 0.009 0.003 0.004 
190      436    (0)   13 :  0.002 0.004 0.006 0.004 0.004 0.006 0.939 0.022 0.008 0.006 
191      437    (0)   13 :  0.002 0.005 0.025 0.006 0.005 0.019 0.788 0.046 0.081 0.024 
192      438    (0)   13 :  0.007 0.016 0.035 0.016 0.002 0.030 0.751 0.069 0.046 0.027 
193      439    (0)   13 :  0.007 0.019 0.126 0.042 0.004 0.091 0.505 0.058 0.012 0.137 
194      441    (0)   13 :  0.001 0.003 0.003 0.007 0.002 0.003 0.005 0.969 0.003 0.003 
195      442    (0)   13 :  0.005 0.013 0.014 0.003 0.173 0.018 0.744 0.010 0.009 0.010 
196      443    (4)   13 :  0.003 0.013 0.011 0.004 0.002 0.007 0.926 0.011 0.011 0.012 
197      444    (4)   13 :  0.005 0.007 0.006 0.003 0.010 0.006 0.947 0.003 0.008 0.006 
198      445    (2)   13 :  0.008 0.004 0.159 0.006 0.004 0.184 0.458 0.020 0.064 0.093 
199      446    (0)   13 :  0.003 0.006 0.005 0.003 0.005 0.006 0.960 0.003 0.003 0.005 
200      447    (0)   13 :  0.004 0.006 0.010 0.003 0.004 0.010 0.936 0.004 0.014 0.009 
201      449    (0)   13 :  0.002 0.003 0.004 0.005 0.006 0.003 0.965 0.004 0.006 0.003 
202      460    (0)   13 :  0.003 0.007 0.015 0.007 0.005 0.022 0.855 0.056 0.016 0.014 
203      461    (0)   13 :  0.002 0.051 0.160 0.015 0.009 0.075 0.455 0.016 0.029 0.187 
204      484    (0)   13 :  0.008 0.258 0.112 0.204 0.015 0.087 0.057 0.012 0.153 0.094 
205      485    (0)   13 :  0.002 0.003 0.010 0.003 0.004 0.009 0.947 0.008 0.004 0.011 
206      486    (0)   13 :  0.001 0.002 0.002 0.003 0.002 0.002 0.002 0.983 0.002 0.002 
207      487    (0)   13 :  0.003 0.016 0.044 0.008 0.011 0.062 0.780 0.028 0.006 0.044 
208      178    (0)   14 :  0.010 0.012 0.094 0.003 0.006 0.072 0.655 0.069 0.004 0.076 
209      422    (0)   14 :  0.003 0.005 0.009 0.005 0.003 0.006 0.947 0.004 0.010 0.010 
210      425    (0)   14 :  0.001 0.008 0.023 0.003 0.003 0.020 0.901 0.017 0.005 0.019 
211      426    (0)   14 :  0.129 0.330 0.157 0.004 0.023 0.144 0.074 0.007 0.004 0.127 
212      432    (0)   14 :  0.011 0.055 0.132 0.014 0.011 0.160 0.502 0.012 0.013 0.090 
213      434    (0)   14 :  0.003 0.006 0.005 0.011 0.006 0.005 0.949 0.004 0.006 0.006 
214      440    (0)   14 :  0.002 0.042 0.064 0.009 0.016 0.119 0.648 0.033 0.004 0.062 
215      448    (2)   14 :  0.002 0.009 0.008 0.018 0.019 0.006 0.911 0.006 0.014 0.008 
216      456    (0)   14 :  0.003 0.026 0.189 0.096 0.010 0.234 0.238 0.010 0.074 0.119 
217      457    (0)   14 :  0.006 0.023 0.069 0.027 0.005 0.073 0.659 0.067 0.024 0.048 
218      458    (0)   14 :  0.007 0.065 0.243 0.005 0.018 0.117 0.223 0.032 0.014 0.276 
219      459    (0)   14 :  0.003 0.012 0.019 0.004 0.005 0.016 0.908 0.007 0.008 0.017 
220      464    (0)   14 :  0.005 0.004 0.009 0.004 0.007 0.011 0.935 0.014 0.003 0.009 
221      465    (0)   14 :  0.001 0.005 0.028 0.008 0.002 0.013 0.872 0.030 0.004 0.036 
222      466    (0)   14 :  0.002 0.008 0.029 0.007 0.005 0.021 0.864 0.013 0.026 0.027 
223      470    (0)   14 :  0.002 0.007 0.007 0.005 0.004 0.006 0.888 0.070 0.003 0.007 
224      471    (0)   14 :  0.018 0.032 0.015 0.023 0.003 0.019 0.864 0.007 0.007 0.012 
225      483    (0)   14 :  0.003 0.016 0.031 0.005 0.011 0.023 0.870 0.006 0.005 0.030 
226      488    (0)   14 :  0.003 0.017 0.160 0.004 0.007 0.038 0.233 0.312 0.023 0.203 
227      495    (0)   14 :  0.001 0.007 0.013 0.018 0.003 0.008 0.920 0.005 0.011 0.013 
228      496    (0)   14 :  0.003 0.007 0.037 0.005 0.002 0.017 0.800 0.074 0.003 0.052 
229      497    (0)   14 :  0.003 0.003 0.014 0.090 0.035 0.015 0.820 0.004 0.006 0.010 
230      500    (0)   14 :  0.004 0.009 0.129 0.023 0.003 0.122 0.063 0.049 0.456 0.142 
231      879    (0)   14 :  0.003 0.016 0.013 0.003 0.013 0.011 0.921 0.006 0.004 0.010 
232      036    (0)   15 :  0.004 0.006 0.370 0.004 0.002 0.371 0.016 0.006 0.007 0.214 
233      063    (2)   15 :  0.004 0.046 0.218 0.038 0.016 0.398 0.026 0.020 0.012 0.222 
234      094    (4)   15 :  0.005 0.015 0.352 0.009 0.009 0.095 0.027 0.012 0.068 0.408 
235      103    (4)   15 :  0.003 0.004 0.210 0.031 0.005 0.478 0.007 0.009 0.005 0.249 
236      112    (0)   15 :  0.004 0.047 0.294 0.007 0.006 0.279 0.006 0.010 0.007 0.340 
237      114    (2)   15 :  0.003 0.005 0.258 0.004 0.004 0.360 0.039 0.016 0.005 0.306 
238      120    (0)   15 :  0.003 0.018 0.385 0.006 0.004 0.041 0.010 0.015 0.018 0.500 
239      127    (2)   15 :  0.003 0.119 0.228 0.005 0.007 0.216 0.008 0.213 0.008 0.194 
240      147    (0)   15 :  0.067 0.341 0.180 0.006 0.007 0.226 0.018 0.009 0.003 0.143 
241      166    (0)   15 :  0.028 0.087 0.222 0.009 0.018 0.377 0.030 0.008 0.005 0.215 
242      167    (0)   15 :  0.006 0.007 0.191 0.087 0.004 0.383 0.129 0.023 0.007 0.162 
243      168    (0)   15 :  0.003 0.004 0.287 0.005 0.005 0.487 0.012 0.005 0.005 0.188 
244      169    (2)   15 :  0.005 0.068 0.164 0.007 0.005 0.269 0.296 0.012 0.012 0.164 
245      170    (0)   15 :  0.005 0.017 0.235 0.005 0.036 0.399 0.008 0.024 0.014 0.256 
246      171    (2)   15 :  0.011 0.025 0.145 0.009 0.004 0.526 0.006 0.004 0.051 0.218 
247      172    (0)   15 :  0.012 0.017 0.395 0.013 0.004 0.033 0.011 0.004 0.016 0.495 
248      185    (0)   15 :  0.005 0.027 0.162 0.009 0.005 0.498 0.082 0.012 0.004 0.196 
249      199    (2)   15 :  0.006 0.009 0.149 0.003 0.234 0.382 0.006 0.043 0.007 0.162 
250      339    (0)   15 :  0.009 0.019 0.142 0.026 0.008 0.292 0.355 0.035 0.006 0.107 
251      355    (0)   15 :  0.016 0.009 0.192 0.005 0.083 0.473 0.004 0.004 0.003 0.210 
252      356    (0)   15 :  0.004 0.005 0.391 0.003 0.005 0.035 0.005 0.050 0.004 0.499 
253      357    (0)   15 :  0.014 0.023 0.287 0.004 0.018 0.264 0.010 0.038 0.008 0.333 
254      358    (0)   15 :  0.006 0.013 0.341 0.046 0.004 0.373 0.011 0.016 0.008 0.182 
255      359    (0)   15 :  0.002 0.019 0.293 0.022 0.009 0.308 0.008 0.005 0.004 0.330 
256      360    (0)   15 :  0.010 0.025 0.252 0.003 0.005 0.437 0.035 0.007 0.015 0.211 
257      361    (0)   15 :  0.002 0.013 0.386 0.007 0.003 0.026 0.053 0.007 0.005 0.498 
258      362    (0)   15 :  0.005 0.094 0.206 0.011 0.006 0.225 0.096 0.006 0.211 0.139 
259      363    (0)   15 :  0.014 0.589 0.095 0.009 0.053 0.114 0.015 0.017 0.007 0.087 
260      364    (0)   15 :  0.004 0.018 0.199 0.008 0.061 0.203 0.011 0.092 0.222 0.183 
261      365    (0)   15 :  0.010 0.006 0.352 0.005 0.003 0.338 0.042 0.020 0.008 0.215 
262      366    (0)   15 :  0.030 0.018 0.372 0.014 0.003 0.294 0.005 0.004 0.004 0.255 
263      367    (0)   15 :  0.010 0.006 0.243 0.017 0.003 0.463 0.007 0.030 0.013 0.211 
264      368    (0)   15 :  0.017 0.007 0.175 0.017 0.004 0.494 0.005 0.068 0.027 0.187 
265      369    (0)   15 :  0.004 0.008 0.142 0.005 0.005 0.587 0.005 0.003 0.003 0.239 
266      370    (0)   15 :  0.012 0.014 0.371 0.028 0.007 0.126 0.010 0.006 0.005 0.421 
267      371    (0)   15 :  0.003 0.005 0.288 0.010 0.006 0.445 0.010 0.003 0.016 0.214 
268      372    (0)   15 :  0.004 0.054 0.017 0.003 0.324 0.018 0.544 0.003 0.012 0.020 
269      373    (0)   15 :  0.003 0.005 0.348 0.008 0.041 0.281 0.018 0.004 0.005 0.288 
270      380    (0)   15 :  0.006 0.043 0.351 0.009 0.011 0.270 0.010 0.005 0.022 0.272 
271      388    (0)   15 :  0.008 0.028 0.409 0.011 0.021 0.162 0.007 0.005 0.010 0.340 
272      418    (0)   15 :  0.007 0.022 0.313 0.004 0.044 0.325 0.012 0.030 0.022 0.221 
273      419    (0)   15 :  0.007 0.008 0.311 0.006 0.003 0.387 0.031 0.024 0.007 0.217 
274      420    (0)   15 :  0.041 0.016 0.275 0.012 0.062 0.252 0.082 0.021 0.039 0.199 
275      409    (0)   16 :  0.002 0.009 0.193 0.006 0.004 0.478 0.019 0.008 0.014 0.267 
276      414    (0)   16 :  0.002 0.014 0.190 0.008 0.008 0.517 0.008 0.008 0.019 0.226 
277      415    (2)   16 :  0.003 0.011 0.209 0.010 0.013 0.459 0.006 0.041 0.006 0.243 
278      416    (0)   16 :  0.003 0.013 0.276 0.032 0.010 0.361 0.061 0.008 0.045 0.191 
279      571    (0)    2 :  0.003 0.024 0.006 0.016 0.004 0.006 0.017 0.023 0.896 0.005 
280      572    (0)    2 :  0.006 0.040 0.013 0.044 0.004 0.015 0.003 0.013 0.849 0.012 
281      573    (2)    2 :  0.001 0.003 0.007 0.006 0.003 0.007 0.005 0.007 0.956 0.006 
282      574    (0)    2 :  0.002 0.005 0.007 0.008 0.002 0.009 0.005 0.007 0.947 0.007 
283      575    (2)    2 :  0.008 0.071 0.012 0.014 0.008 0.014 0.008 0.006 0.848 0.011 
284      576    (0)    2 :  0.001 0.003 0.003 0.005 0.003 0.003 0.003 0.002 0.976 0.002 
285      577    (0)    2 :  0.002 0.006 0.006 0.016 0.008 0.006 0.007 0.008 0.936 0.005 
286      578    (0)    2 :  0.002 0.004 0.003 0.004 0.006 0.003 0.005 0.004 0.967 0.003 
287      579    (0)    2 :  0.002 0.004 0.003 0.003 0.003 0.003 0.008 0.002 0.969 0.003 
288      580    (0)    2 :  0.002 0.003 0.003 0.004 0.002 0.003 0.004 0.002 0.975 0.003 
289      581    (0)    2 :  0.002 0.002 0.003 0.006 0.002 0.003 0.005 0.002 0.972 0.003 
290      582    (4)    2 :  0.056 0.009 0.023 0.015 0.020 0.025 0.021 0.004 0.807 0.020 
291      583    (0)    2 :  0.010 0.050 0.133 0.010 0.017 0.124 0.021 0.036 0.509 0.090 
292      584    (0)    2 :  0.003 0.007 0.007 0.007 0.007 0.008 0.030 0.005 0.919 0.007 
293      585    (0)    2 :  0.002 0.007 0.004 0.013 0.002 0.004 0.008 0.009 0.947 0.004 
294      586    (2)    2 :  0.002 0.006 0.003 0.008 0.010 0.004 0.007 0.005 0.951 0.003 
295      587    (0)    2 :  0.002 0.003 0.003 0.003 0.002 0.003 0.003 0.003 0.976 0.003 
296      588    (0)    2 :  0.012 0.016 0.017 0.010 0.011 0.024 0.010 0.019 0.867 0.015 
297      589    (0)    2 :  0.005 0.065 0.025 0.010 0.025 0.031 0.022 0.007 0.789 0.020 
298      590    (0)    2 :  0.008 0.003 0.005 0.027 0.010 0.005 0.006 0.046 0.886 0.005 
299      527    (2)    3 :  0.006 0.006 0.007 0.032 0.011 0.009 0.008 0.024 0.889 0.006 
300      528    (4)    3 :  0.003 0.348 0.028 0.072 0.009 0.025 0.005 0.005 0.479 0.026 
301      529    (4)    3 :  0.008 0.083 0.013 0.014 0.004 0.014 0.018 0.007 0.826 0.012 
302      530    (0)    3 :  0.004 0.011 0.008 0.008 0.005 0.007 0.003 0.004 0.942 0.008 
303      531    (2)    3 :  0.005 0.019 0.007 0.010 0.004 0.006 0.004 0.004 0.934 0.007 
304      532    (4)    3 :  0.002 0.101 0.016 0.020 0.002 0.014 0.004 0.025 0.798 0.017 
305      533    (0)    3 :  0.003 0.021 0.064 0.042 0.002 0.068 0.024 0.005 0.713 0.058 
306      534    (2)    3 :  0.002 0.006 0.006 0.059 0.005 0.006 0.004 0.003 0.903 0.006 
307      535    (2)    3 :  0.005 0.026 0.012 0.009 0.002 0.013 0.008 0.008 0.905 0.012 
308      536    (2)    3 :  0.011 0.003 0.006 0.008 0.002 0.005 0.005 0.003 0.951 0.006 
309      537    (2)    3 :  0.002 0.006 0.005 0.007 0.013 0.006 0.007 0.003 0.946 0.005 
310      538    (2)    3 :  0.002 0.006 0.056 0.054 0.005 0.053 0.023 0.009 0.733 0.058 
311      539    (2)    3 :  0.002 0.005 0.004 0.158 0.002 0.004 0.003 0.010 0.808 0.004 
312      540    (2)    3 :  0.001 0.006 0.014 0.010 0.002 0.012 0.013 0.006 0.921 0.015 
313      541    (2)    3 :  0.002 0.040 0.011 0.056 0.003 0.008 0.026 0.006 0.837 0.011 
314      542    (2)    3 :  0.004 0.015 0.021 0.069 0.010 0.019 0.036 0.009 0.797 0.019 
315      543    (0)    3 :  0.002 0.012 0.070 0.029 0.014 0.072 0.052 0.008 0.688 0.051 
316      544    (2)    3 :  0.002 0.003 0.005 0.021 0.002 0.003 0.003 0.002 0.955 0.004 
317      545    (2)    3 :  0.001 0.005 0.007 0.927 0.002 0.007 0.006 0.012 0.027 0.006 
318      546    (4)    3 :  0.002 0.004 0.014 0.908 0.002 0.016 0.005 0.023 0.014 0.012 
319      547    (6)    3 :  0.017 0.011 0.039 0.012 0.034 0.045 0.017 0.037 0.751 0.038 
320      019    (0)    4 :  0.005 0.020 0.008 0.810 0.004 0.008 0.031 0.003 0.104 0.008 
321      064    (0)    4 :  0.001 0.002 0.002 0.953 0.002 0.002 0.003 0.003 0.029 0.002 
322      065    (0)    4 :  0.001 0.003 0.002 0.024 0.002 0.002 0.003 0.002 0.959 0.002 
323      066    (0)    4 :  0.002 0.005 0.011 0.631 0.003 0.011 0.018 0.010 0.298 0.010 
324      067    (0)    4 :  0.007 0.018 0.008 0.905 0.011 0.008 0.017 0.006 0.013 0.007 
325      068    (0)    4 :  0.002 0.015 0.008 0.030 0.028 0.008 0.008 0.034 0.861 0.008 
326      069    (0)    4 :  0.001 0.007 0.006 0.797 0.004 0.005 0.005 0.019 0.150 0.006 
327      107    (0)    4 :  0.001 0.005 0.004 0.553 0.002 0.004 0.007 0.005 0.416 0.003 
328      110    (0)    4 :  0.003 0.007 0.002 0.974 0.002 0.002 0.002 0.002 0.003 0.002 
329      121    (0)    4 :  0.001 0.013 0.004 0.025 0.003 0.004 0.005 0.003 0.937 0.004 
330      137    (0)    4 :  0.010 0.004 0.007 0.940 0.002 0.009 0.007 0.005 0.008 0.007 
331      146    (0)    4 :  0.003 0.007 0.026 0.559 0.003 0.013 0.005 0.003 0.350 0.032 
332      149    (0)    4 :  0.003 0.005 0.004 0.964 0.002 0.004 0.006 0.002 0.005 0.004 
333      154    (0)    4 :  0.002 0.005 0.007 0.693 0.022 0.009 0.007 0.004 0.242 0.008 
334      179    (0)    4 :  0.002 0.005 0.004 0.536 0.004 0.004 0.005 0.010 0.426 0.004 
335      181    (0)    4 :  0.002 0.003 0.004 0.801 0.002 0.004 0.003 0.002 0.175 0.004 
336      182    (0)    4 :  0.003 0.030 0.014 0.119 0.015 0.014 0.006 0.019 0.768 0.014 
337      186    (0)    4 :  0.006 0.099 0.022 0.640 0.004 0.017 0.011 0.013 0.167 0.021 
338      193    (0)    4 :  0.002 0.006 0.008 0.396 0.004 0.008 0.008 0.004 0.557 0.007 
339      320    (0)    4 :  0.003 0.007 0.007 0.916 0.011 0.005 0.005 0.003 0.035 0.008 
340      341    (0)    4 :  0.002 0.004 0.008 0.050 0.004 0.007 0.013 0.008 0.897 0.008 
341      376    (0)    4 :  0.003 0.022 0.012 0.179 0.003 0.010 0.004 0.013 0.740 0.012 
342      395    (0)    4 :  0.007 0.014 0.008 0.627 0.004 0.007 0.020 0.006 0.300 0.007 
343      396    (0)    4 :  0.003 0.002 0.003 0.029 0.002 0.003 0.002 0.004 0.949 0.003 
344      397    (0)    4 :  0.008 0.005 0.004 0.058 0.006 0.005 0.004 0.003 0.903 0.004 
345      398    (0)    4 :  0.004 0.011 0.006 0.373 0.004 0.005 0.004 0.003 0.583 0.006 
346      399    (0)    4 :  0.002 0.012 0.005 0.008 0.003 0.005 0.003 0.007 0.948 0.006 
347      400    (0)    4 :  0.002 0.012 0.009 0.917 0.003 0.007 0.003 0.010 0.028 0.009 
348      401    (0)    4 :  0.003 0.004 0.013 0.821 0.002 0.013 0.005 0.009 0.119 0.012 
349      402    (0)    4 :  0.002 0.006 0.003 0.970 0.003 0.003 0.002 0.004 0.003 0.003 
350      403    (0)    4 :  0.011 0.023 0.016 0.391 0.004 0.009 0.015 0.009 0.503 0.019 
351      073    (0)    5 :  0.002 0.006 0.004 0.006 0.002 0.004 0.006 0.004 0.961 0.004 
352      074    (0)    5 :  0.002 0.002 0.005 0.004 0.005 0.007 0.005 0.002 0.964 0.005 
353      075    (0)    5 :  0.003 0.005 0.006 0.010 0.004 0.005 0.006 0.004 0.950 0.006 
354      076    (0)    5 :  0.005 0.012 0.006 0.008 0.006 0.006 0.006 0.005 0.941 0.006 
355      077    (0)    5 :  0.003 0.005 0.006 0.014 0.008 0.007 0.011 0.008 0.931 0.006 
356      078    (0)    5 :  0.005 0.006 0.026 0.011 0.005 0.024 0.008 0.005 0.884 0.026 
357      079    (0)    5 :  0.001 0.008 0.013 0.016 0.003 0.013 0.006 0.011 0.919 0.011 
358      080    (0)    5 :  0.002 0.012 0.005 0.006 0.019 0.006 0.003 0.006 0.938 0.005 
359      081    (0)    5 :  0.014 0.008 0.008 0.036 0.004 0.008 0.023 0.004 0.887 0.007 
360      082    (0)    5 :  0.002 0.005 0.003 0.022 0.003 0.003 0.003 0.004 0.951 0.003 
361      083    (0)    5 :  0.003 0.006 0.006 0.021 0.002 0.007 0.004 0.006 0.940 0.006 
362      084    (0)    5 :  0.005 0.003 0.004 0.010 0.002 0.004 0.008 0.003 0.957 0.004 
363      085    (0)    5 :  0.015 0.009 0.016 0.039 0.003 0.013 0.055 0.036 0.797 0.016 
364      404    (0)    5 :  0.003 0.005 0.004 0.009 0.003 0.004 0.005 0.003 0.962 0.004 
365      405    (0)    5 :  0.008 0.004 0.005 0.005 0.002 0.005 0.008 0.002 0.958 0.004 
366      406    (0)    5 :  0.007 0.006 0.007 0.004 0.004 0.008 0.003 0.006 0.949 0.007 
367      407    (0)    5 :  0.003 0.003 0.005 0.090 0.003 0.005 0.007 0.003 0.877 0.005 
368      408    (0)    5 :  0.001 0.004 0.004 0.004 0.005 0.004 0.005 0.003 0.965 0.004 
369      411    (2)    5 :  0.002 0.002 0.003 0.006 0.003 0.003 0.004 0.003 0.972 0.003 
370      412    (0)    5 :  0.005 0.013 0.008 0.007 0.008 0.007 0.013 0.011 0.921 0.008 
371      413    (0)    5 :  0.002 0.002 0.005 0.013 0.002 0.005 0.004 0.002 0.960 0.005 
372      591    (0)    6 :  0.007 0.951 0.006 0.002 0.004 0.005 0.007 0.006 0.004 0.006 
373      592    (0)    6 :  0.003 0.843 0.013 0.004 0.006 0.008 0.090 0.006 0.011 0.016 
374      593    (0)    6 :  0.006 0.946 0.006 0.006 0.002 0.007 0.006 0.005 0.010 0.007 
375      594    (0)    6 :  0.005 0.833 0.024 0.010 0.011 0.021 0.030 0.004 0.037 0.025 
376      595    (0)    6 :  0.004 0.908 0.013 0.014 0.011 0.017 0.005 0.006 0.009 0.012 
377      596    (0)    6 :  0.007 0.932 0.007 0.005 0.021 0.006 0.004 0.006 0.006 0.007 
378      597    (0)    6 :  0.002 0.888 0.010 0.026 0.007 0.010 0.013 0.004 0.032 0.010 
379      598    (0)    6 :  0.002 0.718 0.066 0.030 0.031 0.043 0.014 0.026 0.006 0.063 
380      599    (0)    6 :  0.006 0.812 0.006 0.003 0.003 0.007 0.147 0.005 0.006 0.006 
381      600    (0)    6 :  0.004 0.949 0.005 0.007 0.012 0.006 0.003 0.004 0.004 0.006 
382      601    (0)    6 :  0.002 0.873 0.014 0.024 0.002 0.017 0.026 0.008 0.019 0.013 
383      602    (0)    6 :  0.004 0.914 0.012 0.014 0.005 0.013 0.010 0.010 0.007 0.010 
384      603    (0)    6 :  0.008 0.157 0.047 0.005 0.009 0.063 0.633 0.036 0.009 0.035 
385      604    (0)    6 :  0.003 0.923 0.013 0.007 0.009 0.012 0.003 0.008 0.009 0.013 
386      605    (0)    6 :  0.004 0.816 0.051 0.006 0.027 0.022 0.009 0.005 0.008 0.052 
387      606    (0)    6 :  0.020 0.922 0.010 0.003 0.007 0.007 0.010 0.003 0.004 0.012 
388      607    (0)    6 :  0.003 0.786 0.006 0.013 0.009 0.005 0.003 0.161 0.008 0.007 
389      608    (0)    6 :  0.003 0.945 0.005 0.004 0.003 0.006 0.009 0.015 0.005 0.006 
390      609    (0)    6 :  0.004 0.948 0.008 0.004 0.003 0.008 0.005 0.009 0.004 0.008 
391      610    (0)    6 :  0.003 0.529 0.122 0.007 0.011 0.130 0.025 0.065 0.022 0.085 
392      611    (2)    6 :  0.003 0.916 0.008 0.009 0.007 0.009 0.004 0.022 0.014 0.008 
393      612    (0)    6 :  0.002 0.681 0.012 0.047 0.039 0.018 0.007 0.169 0.009 0.014 
394      755    (0)    6 :  0.002 0.504 0.042 0.010 0.049 0.040 0.013 0.286 0.021 0.033 
395      756    (0)    6 :  0.003 0.937 0.006 0.003 0.003 0.006 0.009 0.012 0.014 0.006 
396      757    (0)    6 :  0.002 0.934 0.010 0.005 0.005 0.009 0.008 0.008 0.008 0.010 
397      002    (0)    7 :  0.003 0.006 0.007 0.326 0.002 0.007 0.005 0.011 0.625 0.008 
398      099    (2)    7 :  0.012 0.006 0.326 0.004 0.107 0.314 0.014 0.004 0.002 0.211 
399      641    (2)    7 :  0.020 0.091 0.112 0.266 0.004 0.115 0.012 0.069 0.222 0.088 
400      642    (0)    7 :  0.003 0.015 0.008 0.005 0.003 0.007 0.011 0.006 0.933 0.009 
401      643    (2)    7 :  0.003 0.022 0.025 0.007 0.003 0.012 0.018 0.006 0.878 0.025 
402      644    (0)    7 :  0.004 0.006 0.011 0.020 0.009 0.007 0.017 0.010 0.906 0.011 
403      645    (0)    7 :  0.044 0.038 0.096 0.013 0.003 0.029 0.019 0.136 0.522 0.102 
404      646    (0)    7 :  0.010 0.013 0.061 0.390 0.008 0.044 0.008 0.335 0.064 0.067 
405      006    (0)    8 :  0.004 0.008 0.021 0.004 0.003 0.029 0.009 0.023 0.882 0.019 
406      011    (0)    8 :  0.002 0.003 0.003 0.003 0.003 0.003 0.003 0.002 0.975 0.003 
407      033    (2)    8 :  0.006 0.016 0.010 0.015 0.003 0.009 0.009 0.007 0.915 0.010 
408      048    (0)    8 :  0.008 0.015 0.013 0.011 0.005 0.019 0.216 0.008 0.692 0.012 
409      061    (0)    8 :  0.031 0.012 0.065 0.008 0.003 0.060 0.018 0.011 0.736 0.057 
410      088    (0)    8 :  0.005 0.013 0.011 0.012 0.007 0.010 0.014 0.004 0.912 0.011 
411      091    (0)    8 :  0.002 0.006 0.008 0.003 0.003 0.010 0.005 0.008 0.946 0.007 
412      098    (0)    8 :  0.009 0.017 0.005 0.015 0.003 0.005 0.017 0.007 0.918 0.004 
413      104    (0)    8 :  0.002 0.002 0.003 0.050 0.002 0.003 0.005 0.003 0.927 0.003 
414      196    (0)    8 :  0.016 0.015 0.010 0.012 0.006 0.009 0.008 0.004 0.910 0.009 
415      197    (0)    8 :  0.008 0.012 0.027 0.021 0.014 0.031 0.016 0.007 0.842 0.022 
416      201    (0)    8 :  0.002 0.004 0.007 0.007 0.001 0.006 0.006 0.003 0.958 0.007 
417      202    (0)    8 :  0.022 0.006 0.014 0.012 0.013 0.015 0.018 0.003 0.885 0.011 
418      204    (0)    8 :  0.004 0.003 0.006 0.022 0.002 0.004 0.008 0.007 0.938 0.006 
419      231    (0)    8 :  0.001 0.008 0.005 0.054 0.004 0.005 0.013 0.009 0.896 0.005 
420      328    (0)    8 :  0.004 0.005 0.005 0.003 0.002 0.004 0.005 0.003 0.963 0.005 
421      346    (0)    8 :  0.003 0.007 0.004 0.005 0.007 0.005 0.004 0.003 0.957 0.004 
422      212    (0)    9 :  0.001 0.002 0.003 0.003 0.976 0.003 0.004 0.003 0.002 0.003 
423      213    (0)    9 :  0.003 0.003 0.005 0.002 0.963 0.004 0.006 0.005 0.005 0.005 
424      214    (0)    9 :  0.001 0.005 0.005 0.006 0.962 0.005 0.004 0.003 0.004 0.006 
425      215    (0)    9 :  0.003 0.004 0.004 0.004 0.963 0.004 0.005 0.003 0.005 0.003 
426      216    (0)    9 :  0.002 0.003 0.003 0.002 0.971 0.003 0.004 0.004 0.004 0.003 
427      217    (0)    9 :  0.002 0.003 0.006 0.004 0.958 0.005 0.004 0.006 0.005 0.006 
428      218    (0)    9 :  0.002 0.003 0.003 0.002 0.975 0.003 0.003 0.003 0.003 0.003 
429      332    (0)    9 :  0.005 0.017 0.010 0.008 0.890 0.007 0.010 0.032 0.011 0.010 
430      333    (0)    9 :  0.011 0.030 0.013 0.015 0.882 0.013 0.006 0.007 0.011 0.012 
431      334    (0)    9 :  0.003 0.007 0.005 0.002 0.955 0.004 0.005 0.008 0.007 0.004 
432      335    (0)    9 :  0.002 0.003 0.003 0.002 0.977 0.003 0.004 0.002 0.002 0.003 
433      336    (0)    9 :  0.014 0.004 0.002 0.005 0.960 0.002 0.002 0.004 0.003 0.002 
434      337    (0)    9 :  0.002 0.011 0.005 0.008 0.950 0.005 0.003 0.003 0.008 0.005 
435      673    (0)    9 :  0.001 0.002 0.001 0.001 0.987 0.001 0.002 0.001 0.002 0.001 
436      674    (0)    9 :  0.002 0.005 0.004 0.005 0.957 0.005 0.003 0.011 0.003 0.004 
437      675    (0)    9 :  0.004 0.005 0.004 0.002 0.963 0.004 0.006 0.004 0.004 0.004 
438      676    (0)    9 :  0.001 0.006 0.005 0.002 0.958 0.004 0.008 0.006 0.003 0.006 
439      677    (0)    9 :  0.002 0.004 0.004 0.003 0.968 0.004 0.004 0.003 0.006 0.003 
440      678    (0)    9 :  0.004 0.004 0.011 0.013 0.925 0.013 0.008 0.003 0.009 0.010 
441      679    (0)    9 :  0.002 0.009 0.009 0.002 0.928 0.009 0.004 0.024 0.005 0.008 
442      680    (0)    9 :  0.005 0.012 0.005 0.003 0.945 0.005 0.007 0.009 0.005 0.004 
443      681    (0)    9 :  0.002 0.006 0.006 0.004 0.956 0.005 0.004 0.005 0.006 0.006 
444      682    (0)    9 :  0.004 0.002 0.002 0.002 0.979 0.002 0.002 0.002 0.002 0.002 
445      683    (0)    9 :  0.002 0.007 0.005 0.003 0.959 0.005 0.004 0.005 0.005 0.004 
446      684    (0)    9 :  0.003 0.006 0.005 0.003 0.962 0.005 0.005 0.004 0.002 0.004 
447      685    (0)    9 :  0.003 0.009 0.005 0.006 0.957 0.006 0.003 0.003 0.003 0.005 
448      686    (0)    9 :  0.003 0.003 0.002 0.002 0.979 0.002 0.002 0.002 0.002 0.002 
449      687    (0)    9 :  0.002 0.003 0.002 0.002 0.979 0.002 0.003 0.002 0.002 0.002 
450      688    (0)    9 :  0.002 0.005 0.004 0.004 0.959 0.003 0.007 0.006 0.007 0.004 


Estimated Allele Frequencies in each cluster
First column gives estimated ancestral frequencies


Locus 1 : 1 
4 alleles
0.0% missing data
  89   (0.540) 0.068 0.555 0.541 0.304 0.639 0.549 0.563 0.627 0.625 0.536 
  91   (0.374) 0.702 0.426 0.388 0.576 0.312 0.374 0.375 0.352 0.317 0.399 
  99   (0.018) 0.130 0.003 0.012 0.002 0.001 0.014 0.020 0.005 0.000 0.010 
  93   (0.068) 0.100 0.016 0.059 0.118 0.048 0.063 0.042 0.016 0.058 0.054 

Locus 2 : 2 
6 alleles
1.1% missing data
 136   (0.355) 0.190 0.411 0.410 0.712 0.455 0.363 0.072 0.176 0.523 0.428 
 134   (0.235) 0.027 0.388 0.216 0.168 0.380 0.209 0.255 0.506 0.149 0.211 
 138   (0.304) 0.771 0.166 0.275 0.108 0.159 0.313 0.511 0.251 0.258 0.264 
 140   (0.062) 0.008 0.018 0.059 0.008 0.004 0.068 0.044 0.027 0.069 0.061 
 132   (0.022) 0.002 0.004 0.021 0.002 0.001 0.032 0.003 0.005 0.001 0.018 
 142   (0.023) 0.002 0.013 0.019 0.002 0.001 0.015 0.115 0.036 0.001 0.019 

Locus 3 : 3 
6 alleles
0.0% missing data
 181   (0.255) 0.181 0.399 0.224 0.097 0.071 0.252 0.353 0.232 0.224 0.218 
 187   (0.345) 0.773 0.179 0.347 0.541 0.263 0.363 0.186 0.297 0.521 0.346 
 179   (0.247) 0.030 0.385 0.262 0.345 0.016 0.242 0.225 0.316 0.231 0.270 
 191   (0.031) 0.003 0.006 0.023 0.003 0.193 0.028 0.006 0.008 0.021 0.021 
 175   (0.045) 0.005 0.009 0.063 0.004 0.003 0.039 0.137 0.036 0.001 0.068 
 185   (0.077) 0.008 0.022 0.080 0.009 0.454 0.076 0.093 0.111 0.002 0.077 

Locus 4 : 4 
12 alleles
0.2% missing data
 253   (0.500) 0.596 0.602 0.508 0.436 0.466 0.524 0.528 0.499 0.745 0.521 
 249   (0.023) 0.003 0.004 0.018 0.026 0.001 0.024 0.003 0.005 0.072 0.017 
 271   (0.040) 0.005 0.011 0.039 0.052 0.003 0.037 0.008 0.024 0.027 0.036 
 241   (0.149) 0.184 0.149 0.156 0.358 0.150 0.138 0.134 0.199 0.025 0.158 
 257   (0.006) 0.001 0.001 0.005 0.003 0.000 0.004 0.001 0.001 0.000 0.004 
 269   (0.175) 0.201 0.185 0.167 0.099 0.102 0.170 0.268 0.237 0.128 0.162 
 245   (0.006) 0.001 0.001 0.005 0.001 0.000 0.005 0.001 0.001 0.000 0.003 
 247   (0.067) 0.007 0.037 0.072 0.007 0.275 0.078 0.050 0.025 0.002 0.068 
 239   (0.011) 0.001 0.004 0.012 0.001 0.001 0.008 0.001 0.002 0.000 0.014 
 273   (0.008) 0.001 0.001 0.011 0.001 0.000 0.005 0.001 0.002 0.000 0.011 
 267   (0.007) 0.001 0.001 0.004 0.015 0.000 0.004 0.001 0.002 0.000 0.003 
 255   (0.007) 0.001 0.003 0.004 0.001 0.000 0.004 0.005 0.002 0.000 0.003 

Locus 5 : 5 
6 alleles
0.7% missing data
 103   (0.849) 0.982 0.919 0.838 0.954 0.978 0.830 0.952 0.943 0.990 0.837 
 104   (0.068) 0.008 0.030 0.073 0.037 0.004 0.078 0.029 0.030 0.008 0.073 
 105   (0.045) 0.005 0.039 0.056 0.005 0.003 0.057 0.014 0.014 0.001 0.061 
 102   (0.017) 0.003 0.007 0.016 0.002 0.001 0.017 0.002 0.004 0.000 0.013 
 107   (0.012) 0.001 0.003 0.011 0.001 0.001 0.011 0.001 0.002 0.000 0.010 
 101   (0.010) 0.001 0.003 0.006 0.001 0.013 0.006 0.001 0.007 0.000 0.005 

Locus 6 : 6 
5 alleles
0.2% missing data
 141   (0.264) 0.030 0.304 0.240 0.310 0.135 0.249 0.229 0.659 0.592 0.231 
 145   (0.423) 0.416 0.446 0.458 0.134 0.263 0.456 0.576 0.157 0.183 0.476 
 135   (0.225) 0.544 0.142 0.220 0.360 0.287 0.218 0.182 0.140 0.186 0.214 
 147   (0.076) 0.009 0.107 0.070 0.194 0.313 0.068 0.011 0.042 0.039 0.067 
 137   (0.011) 0.001 0.002 0.013 0.002 0.001 0.009 0.002 0.002 0.000 0.012 

Locus 7 : 7 
10 alleles
1.3% missing data
  93   (0.218) 0.790 0.210 0.222 0.398 0.069 0.192 0.290 0.306 0.346 0.222 
 103   (0.322) 0.045 0.521 0.324 0.278 0.511 0.331 0.352 0.212 0.383 0.321 
  91   (0.065) 0.010 0.049 0.060 0.007 0.154 0.066 0.036 0.040 0.031 0.063 
  97   (0.195) 0.129 0.158 0.170 0.178 0.254 0.210 0.144 0.162 0.157 0.163 
  85   (0.048) 0.007 0.018 0.047 0.010 0.003 0.047 0.039 0.012 0.043 0.044 
  89   (0.076) 0.010 0.031 0.078 0.121 0.005 0.066 0.096 0.250 0.038 0.079 
  83   (0.052) 0.006 0.010 0.081 0.005 0.003 0.061 0.040 0.013 0.001 0.091 
 105   (0.010) 0.001 0.002 0.008 0.001 0.001 0.014 0.001 0.003 0.000 0.008 
 101   (0.007) 0.001 0.001 0.005 0.001 0.000 0.007 0.001 0.001 0.000 0.004 
  99   (0.007) 0.001 0.001 0.004 0.001 0.000 0.006 0.001 0.001 0.000 0.004 

Locus 8 : 8 
8 alleles
0.0% missing data
 129   (0.560) 0.206 0.420 0.582 0.486 0.638 0.583 0.707 0.567 0.699 0.589 
 141   (0.056) 0.006 0.092 0.042 0.141 0.211 0.047 0.020 0.013 0.092 0.036 
 149   (0.075) 0.008 0.019 0.072 0.033 0.015 0.069 0.067 0.209 0.135 0.072 
 143   (0.258) 0.689 0.459 0.260 0.335 0.132 0.254 0.194 0.180 0.073 0.259 
 127   (0.015) 0.049 0.003 0.012 0.001 0.001 0.018 0.002 0.003 0.000 0.011 
 131   (0.012) 0.040 0.002 0.007 0.001 0.002 0.009 0.008 0.003 0.000 0.006 
 133   (0.018) 0.002 0.003 0.020 0.002 0.001 0.016 0.003 0.024 0.000 0.020 
 145   (0.007) 0.001 0.001 0.005 0.001 0.000 0.004 0.001 0.001 0.000 0.006 

Locus 9 : 9 
5 alleles
0.0% missing data
 191   (0.394) 0.339 0.467 0.371 0.591 0.540 0.399 0.315 0.381 0.573 0.365 
 195   (0.143) 0.351 0.238 0.135 0.041 0.054 0.120 0.300 0.048 0.180 0.128 
 189   (0.451) 0.309 0.292 0.483 0.366 0.405 0.473 0.383 0.567 0.245 0.496 
 197   (0.007) 0.001 0.001 0.007 0.001 0.000 0.004 0.001 0.001 0.000 0.007 
 193   (0.007) 0.001 0.001 0.004 0.001 0.000 0.004 0.001 0.002 0.002 0.003 

Locus 10 : 10 
7 alleles
0.2% missing data
 232   (0.256) 0.223 0.152 0.271 0.367 0.278 0.279 0.170 0.082 0.299 0.274 
 238   (0.558) 0.373 0.672 0.547 0.455 0.347 0.557 0.753 0.835 0.566 0.545 
 252   (0.106) 0.014 0.126 0.115 0.170 0.035 0.087 0.068 0.066 0.118 0.116 
 254   (0.044) 0.386 0.042 0.037 0.005 0.257 0.040 0.005 0.009 0.016 0.037 
 250   (0.011) 0.002 0.002 0.010 0.001 0.001 0.013 0.001 0.002 0.000 0.009 
 236   (0.007) 0.001 0.002 0.005 0.001 0.001 0.005 0.001 0.001 0.000 0.004 
 248   (0.019) 0.002 0.003 0.016 0.002 0.082 0.019 0.002 0.004 0.000 0.015 

Locus 11 : 11 
4 alleles
0.0% missing data
  87   (0.699) 0.965 0.646 0.691 0.571 0.537 0.707 0.838 0.872 0.630 0.690 
  89   (0.239) 0.029 0.341 0.238 0.358 0.381 0.246 0.136 0.088 0.315 0.236 
  91   (0.047) 0.005 0.010 0.057 0.069 0.081 0.037 0.024 0.013 0.055 0.060 
  85   (0.014) 0.001 0.002 0.014 0.001 0.001 0.011 0.002 0.027 0.000 0.014 

Locus 12 : 12 
13 alleles
0.2% missing data
 160   (0.212) 0.587 0.068 0.204 0.198 0.712 0.220 0.255 0.276 0.110 0.200 
 162   (0.257) 0.072 0.471 0.257 0.101 0.232 0.248 0.263 0.386 0.238 0.259 
 147   (0.049) 0.005 0.087 0.034 0.346 0.003 0.044 0.036 0.014 0.117 0.031 
 158   (0.231) 0.028 0.188 0.246 0.314 0.024 0.246 0.189 0.111 0.500 0.251 
 161   (0.103) 0.122 0.152 0.118 0.026 0.019 0.087 0.124 0.038 0.025 0.118 
 170   (0.048) 0.005 0.010 0.055 0.006 0.003 0.055 0.038 0.017 0.008 0.060 
 143   (0.029) 0.173 0.005 0.031 0.003 0.002 0.034 0.004 0.009 0.001 0.032 
 154   (0.016) 0.002 0.006 0.014 0.002 0.001 0.024 0.002 0.008 0.000 0.015 
 149   (0.021) 0.002 0.005 0.014 0.002 0.001 0.017 0.062 0.133 0.001 0.012 
 153   (0.012) 0.001 0.003 0.011 0.001 0.001 0.011 0.001 0.002 0.000 0.010 
 150   (0.007) 0.001 0.001 0.003 0.001 0.000 0.004 0.008 0.001 0.000 0.003 
 159   (0.009) 0.001 0.002 0.007 0.001 0.001 0.005 0.017 0.004 0.000 0.007 
 164   (0.007) 0.001 0.001 0.005 0.001 0.000 0.005 0.001 0.001 0.000 0.003 

Locus 13 : 13 
5 alleles
0.0% missing data
 108   (0.197) 0.341 0.161 0.222 0.152 0.199 0.203 0.112 0.058 0.177 0.231 
 115   (0.453) 0.096 0.496 0.462 0.313 0.290 0.445 0.530 0.561 0.576 0.460 
 113   (0.337) 0.561 0.341 0.306 0.534 0.510 0.342 0.356 0.378 0.247 0.301 
 109   (0.006) 0.001 0.001 0.005 0.001 0.000 0.005 0.001 0.001 0.000 0.004 
 110   (0.007) 0.001 0.001 0.005 0.001 0.000 0.005 0.001 0.001 0.000 0.004 

Locus 14 : 14 
5 alleles
0.9% missing data
 227   (0.144) 0.258 0.044 0.125 0.320 0.019 0.139 0.339 0.081 0.248 0.117 
 231   (0.154) 0.266 0.436 0.148 0.107 0.349 0.164 0.025 0.048 0.091 0.146 
 229   (0.500) 0.098 0.300 0.557 0.457 0.418 0.508 0.497 0.762 0.482 0.580 
 225   (0.140) 0.227 0.150 0.124 0.027 0.209 0.134 0.094 0.090 0.085 0.116 
 233   (0.062) 0.151 0.069 0.047 0.089 0.005 0.054 0.045 0.018 0.095 0.041 

Locus 15 : 15 
5 alleles
0.2% missing data
 143   (0.845) 0.725 0.868 0.854 0.975 0.815 0.835 0.864 0.928 0.968 0.854 
 157   (0.007) 0.001 0.001 0.004 0.001 0.000 0.004 0.001 0.001 0.017 0.003 
 145   (0.084) 0.267 0.118 0.077 0.018 0.006 0.086 0.065 0.057 0.013 0.076 
 147   (0.048) 0.006 0.009 0.046 0.005 0.148 0.062 0.068 0.011 0.001 0.046 
 133   (0.016) 0.002 0.003 0.019 0.001 0.031 0.013 0.002 0.003 0.000 0.021 

Locus 16 : 16 
5 alleles
0.2% missing data
 156   (0.229) 0.514 0.313 0.273 0.087 0.495 0.205 0.215 0.088 0.293 0.285 
 158   (0.546) 0.259 0.489 0.533 0.736 0.204 0.556 0.648 0.542 0.491 0.525 
 160   (0.130) 0.015 0.136 0.109 0.166 0.112 0.133 0.107 0.335 0.171 0.109 
 154   (0.087) 0.211 0.060 0.079 0.010 0.188 0.102 0.020 0.028 0.045 0.076 
 152   (0.009) 0.001 0.002 0.006 0.001 0.001 0.005 0.010 0.007 0.000 0.006 

Locus 17 : 17 
5 alleles
0.0% missing data
 102   (0.207) 0.025 0.184 0.180 0.172 0.199 0.193 0.190 0.385 0.240 0.172 
  90   (0.675) 0.576 0.790 0.701 0.800 0.793 0.657 0.784 0.410 0.713 0.708 
  88   (0.070) 0.008 0.015 0.067 0.023 0.005 0.083 0.010 0.193 0.046 0.066 
 100   (0.042) 0.390 0.010 0.047 0.004 0.003 0.063 0.008 0.011 0.001 0.051 
 104   (0.007) 0.001 0.001 0.004 0.001 0.000 0.004 0.007 0.002 0.000 0.003 

Locus 18 : 18 
7 alleles
0.0% missing data
 142   (0.128) 0.014 0.027 0.142 0.386 0.008 0.126 0.077 0.090 0.429 0.144 
 146   (0.086) 0.010 0.082 0.084 0.025 0.224 0.068 0.073 0.140 0.180 0.086 
 140   (0.286) 0.274 0.491 0.264 0.418 0.179 0.310 0.271 0.325 0.090 0.268 
 127   (0.300) 0.548 0.239 0.337 0.095 0.064 0.317 0.314 0.210 0.226 0.341 
 148   (0.093) 0.010 0.112 0.072 0.048 0.213 0.088 0.064 0.166 0.055 0.065 
 138   (0.055) 0.139 0.036 0.048 0.023 0.004 0.048 0.042 0.021 0.019 0.047 
 150   (0.052) 0.005 0.014 0.053 0.005 0.307 0.043 0.160 0.048 0.001 0.050 

Locus 19 : 19 
7 alleles
0.0% missing data
 188   (0.193) 0.021 0.075 0.199 0.184 0.171 0.208 0.168 0.059 0.126 0.194 
 190   (0.119) 0.012 0.238 0.097 0.318 0.199 0.090 0.188 0.241 0.386 0.092 
 194   (0.576) 0.955 0.600 0.590 0.486 0.482 0.592 0.545 0.323 0.486 0.600 
 200   (0.085) 0.009 0.076 0.091 0.008 0.005 0.091 0.095 0.372 0.002 0.094 
 192   (0.007) 0.001 0.005 0.005 0.001 0.000 0.005 0.001 0.001 0.000 0.004 
 202   (0.014) 0.001 0.003 0.012 0.001 0.142 0.011 0.002 0.002 0.000 0.010 
 196   (0.007) 0.001 0.001 0.006 0.001 0.000 0.004 0.001 0.001 0.000 0.006 

Locus 20 : 20 
6 alleles
0.9% missing data
 252   (0.709) 0.386 0.735 0.752 0.704 0.723 0.727 0.759 0.709 0.842 0.767 
 250   (0.082) 0.344 0.073 0.060 0.053 0.145 0.077 0.069 0.100 0.095 0.054 
 244   (0.020) 0.005 0.008 0.016 0.002 0.001 0.014 0.009 0.006 0.016 0.015 
 254   (0.074) 0.105 0.057 0.072 0.010 0.082 0.062 0.107 0.023 0.032 0.068 
 246   (0.090) 0.157 0.122 0.077 0.227 0.047 0.086 0.052 0.157 0.005 0.073 
 248   (0.025) 0.003 0.005 0.023 0.004 0.002 0.034 0.005 0.005 0.010 0.023 

Locus 21 : 21 
7 alleles
0.2% missing data
 173   (0.292) 0.122 0.320 0.306 0.154 0.215 0.257 0.557 0.143 0.362 0.305 
 177   (0.273) 0.277 0.087 0.256 0.631 0.169 0.301 0.232 0.478 0.272 0.252 
 175   (0.138) 0.476 0.313 0.135 0.023 0.254 0.129 0.074 0.042 0.029 0.130 
 167   (0.196) 0.113 0.147 0.214 0.177 0.123 0.189 0.118 0.106 0.331 0.223 
 163   (0.036) 0.004 0.017 0.033 0.004 0.224 0.035 0.010 0.010 0.002 0.034 
 159   (0.020) 0.002 0.004 0.018 0.002 0.001 0.039 0.003 0.005 0.000 0.020 
 165   (0.046) 0.006 0.113 0.038 0.008 0.014 0.050 0.006 0.216 0.004 0.036 

Locus 22 : 22 
11 alleles
0.7% missing data
 146   (0.247) 0.077 0.174 0.247 0.221 0.142 0.239 0.298 0.285 0.262 0.240 
 154   (0.007) 0.001 0.001 0.004 0.002 0.000 0.004 0.001 0.001 0.063 0.003 
 166   (0.096) 0.115 0.081 0.084 0.265 0.006 0.111 0.034 0.035 0.029 0.078 
 152   (0.420) 0.500 0.497 0.448 0.440 0.369 0.403 0.597 0.569 0.609 0.461 
 150   (0.028) 0.112 0.005 0.023 0.010 0.002 0.029 0.007 0.010 0.007 0.021 
 164   (0.031) 0.004 0.052 0.027 0.043 0.002 0.026 0.005 0.007 0.011 0.028 
 148   (0.009) 0.171 0.001 0.006 0.001 0.001 0.006 0.001 0.002 0.000 0.005 
 158   (0.084) 0.010 0.129 0.092 0.010 0.109 0.099 0.019 0.061 0.016 0.098 
 162   (0.050) 0.007 0.053 0.050 0.005 0.072 0.058 0.015 0.024 0.001 0.049 
 156   (0.015) 0.002 0.004 0.009 0.002 0.296 0.010 0.012 0.003 0.000 0.008 
 142   (0.013) 0.001 0.002 0.010 0.001 0.001 0.014 0.010 0.003 0.000 0.009 

Locus 23 : 23 
7 alleles
0.9% missing data
 152   (0.013) 0.001 0.002 0.007 0.089 0.001 0.008 0.002 0.002 0.056 0.006 
 156   (0.123) 0.015 0.123 0.163 0.095 0.034 0.128 0.045 0.036 0.034 0.172 
 144   (0.172) 0.593 0.189 0.152 0.156 0.631 0.161 0.270 0.063 0.174 0.148 
 160   (0.104) 0.013 0.138 0.080 0.293 0.104 0.095 0.098 0.293 0.170 0.075 
 154   (0.554) 0.373 0.533 0.568 0.363 0.228 0.568 0.580 0.587 0.560 0.572 
 158   (0.025) 0.003 0.013 0.021 0.003 0.002 0.033 0.004 0.017 0.006 0.021 
 146   (0.009) 0.002 0.002 0.008 0.001 0.000 0.007 0.001 0.002 0.000 0.006 

Locus 24 : 24 
4 alleles
0.4% missing data
  77   (0.082) 0.009 0.080 0.083 0.022 0.051 0.065 0.072 0.106 0.304 0.088 
  83   (0.469) 0.684 0.585 0.434 0.581 0.918 0.460 0.422 0.607 0.471 0.421 
  81   (0.367) 0.297 0.283 0.381 0.362 0.025 0.398 0.406 0.264 0.202 0.385 
  85   (0.082) 0.009 0.052 0.102 0.035 0.006 0.077 0.100 0.023 0.023 0.106 

Locus 25 : 25 
6 alleles
0.4% missing data
 132   (0.329) 0.187 0.445 0.305 0.135 0.456 0.342 0.339 0.218 0.546 0.295 
 124   (0.524) 0.406 0.425 0.568 0.831 0.535 0.513 0.522 0.687 0.380 0.589 
 126   (0.021) 0.002 0.005 0.016 0.019 0.001 0.018 0.003 0.004 0.054 0.013 
 122   (0.096) 0.117 0.106 0.087 0.012 0.006 0.101 0.132 0.083 0.019 0.082 
 120   (0.015) 0.286 0.004 0.012 0.001 0.001 0.013 0.002 0.003 0.000 0.012 
 136   (0.015) 0.002 0.016 0.011 0.002 0.001 0.013 0.002 0.006 0.000 0.009 

Locus 26 : 26 
7 alleles
0.2% missing data
 165   (0.242) 0.326 0.335 0.235 0.157 0.057 0.238 0.286 0.194 0.148 0.230 
 183   (0.350) 0.294 0.450 0.334 0.449 0.424 0.364 0.299 0.483 0.559 0.337 
 179   (0.084) 0.339 0.020 0.084 0.101 0.005 0.077 0.064 0.074 0.056 0.086 
 175   (0.259) 0.034 0.165 0.255 0.287 0.449 0.251 0.344 0.236 0.236 0.245 
 181   (0.048) 0.006 0.027 0.080 0.005 0.064 0.057 0.006 0.010 0.001 0.092 
 185   (0.009) 0.001 0.001 0.008 0.001 0.001 0.008 0.001 0.002 0.000 0.007 
 157   (0.007) 0.001 0.001 0.005 0.001 0.000 0.005 0.001 0.001 0.000 0.004 

Locus 27 : 27 
4 alleles
0.2% missing data
 142   (0.652) 0.315 0.672 0.630 0.602 0.741 0.666 0.776 0.683 0.685 0.625 
 148   (0.198) 0.667 0.255 0.212 0.185 0.067 0.198 0.100 0.057 0.095 0.218 
 138   (0.046) 0.006 0.020 0.036 0.200 0.004 0.038 0.022 0.029 0.208 0.030 
 150   (0.104) 0.012 0.053 0.121 0.012 0.188 0.098 0.102 0.230 0.013 0.127 

Locus 28 : 28 
6 alleles
0.9% missing data
 260   (0.388) 0.142 0.308 0.343 0.508 0.377 0.414 0.522 0.459 0.343 0.332 
 262   (0.508) 0.844 0.647 0.560 0.480 0.549 0.476 0.379 0.489 0.648 0.569 
 256   (0.072) 0.011 0.040 0.069 0.008 0.073 0.080 0.064 0.046 0.008 0.072 
 258   (0.011) 0.001 0.002 0.009 0.001 0.001 0.014 0.001 0.002 0.000 0.008 
 266   (0.007) 0.001 0.001 0.004 0.001 0.000 0.004 0.007 0.001 0.000 0.003 
 264   (0.015) 0.001 0.003 0.015 0.001 0.001 0.012 0.026 0.003 0.000 0.016 

Locus 29 : 29 
7 alleles
0.2% missing data
 146   (0.280) 0.035 0.343 0.277 0.317 0.333 0.301 0.250 0.329 0.171 0.276 
 150   (0.446) 0.145 0.412 0.490 0.419 0.293 0.433 0.524 0.324 0.667 0.499 
 140   (0.167) 0.808 0.170 0.155 0.034 0.060 0.171 0.167 0.177 0.116 0.155 
 148   (0.058) 0.007 0.049 0.041 0.215 0.311 0.051 0.026 0.109 0.039 0.037 
 152   (0.031) 0.003 0.005 0.027 0.003 0.002 0.035 0.032 0.039 0.001 0.025 
 151   (0.009) 0.001 0.002 0.005 0.011 0.001 0.005 0.001 0.013 0.005 0.004 
 142   (0.008) 0.001 0.018 0.004 0.001 0.001 0.005 0.001 0.009 0.001 0.004 

Locus 30 : 30 
6 alleles
0.2% missing data
 125   (0.286) 0.141 0.305 0.314 0.304 0.031 0.325 0.081 0.102 0.477 0.323 
 129   (0.432) 0.215 0.421 0.409 0.635 0.782 0.405 0.598 0.527 0.467 0.404 
 123   (0.147) 0.018 0.118 0.155 0.048 0.102 0.137 0.257 0.086 0.052 0.156 
 121   (0.013) 0.042 0.003 0.009 0.001 0.001 0.009 0.002 0.003 0.000 0.008 
 127   (0.083) 0.580 0.143 0.072 0.008 0.081 0.084 0.032 0.248 0.002 0.071 
 131   (0.039) 0.005 0.009 0.041 0.004 0.003 0.041 0.029 0.034 0.001 0.037 

Locus 31 : 31 
6 alleles
0.2% missing data
 159   (0.169) 0.019 0.288 0.194 0.114 0.011 0.150 0.277 0.169 0.138 0.201 
 155   (0.555) 0.519 0.430 0.535 0.845 0.713 0.592 0.440 0.391 0.676 0.533 
 157   (0.181) 0.117 0.253 0.194 0.031 0.022 0.166 0.187 0.393 0.105 0.193 
 153   (0.059) 0.108 0.013 0.047 0.006 0.004 0.063 0.091 0.038 0.077 0.044 
 151   (0.030) 0.236 0.014 0.026 0.003 0.249 0.025 0.004 0.007 0.003 0.026 
 163   (0.007) 0.001 0.001 0.004 0.001 0.001 0.004 0.002 0.002 0.001 0.003 

Locus 32 : 32 
5 alleles
0.0% missing data
 146   (0.321) 0.577 0.271 0.340 0.058 0.314 0.346 0.360 0.222 0.073 0.351 
 150   (0.577) 0.412 0.510 0.583 0.859 0.637 0.564 0.580 0.535 0.856 0.582 
 148   (0.058) 0.006 0.109 0.039 0.077 0.046 0.050 0.014 0.224 0.070 0.033 
 154   (0.033) 0.004 0.108 0.030 0.005 0.002 0.032 0.008 0.012 0.001 0.028 
 152   (0.011) 0.001 0.002 0.008 0.001 0.001 0.008 0.038 0.008 0.000 0.006 

Locus 33 : 33 
7 alleles
0.0% missing data
 180   (0.467) 0.689 0.511 0.449 0.367 0.664 0.478 0.351 0.480 0.597 0.444 
 196   (0.107) 0.012 0.053 0.103 0.206 0.007 0.103 0.167 0.029 0.184 0.101 
 184   (0.194) 0.274 0.273 0.191 0.126 0.074 0.191 0.311 0.083 0.161 0.192 
 194   (0.010) 0.001 0.002 0.006 0.030 0.001 0.006 0.001 0.002 0.036 0.005 
 192   (0.136) 0.015 0.110 0.161 0.014 0.183 0.142 0.124 0.382 0.006 0.168 
 190   (0.018) 0.002 0.029 0.018 0.002 0.001 0.012 0.035 0.005 0.000 0.019 
 198   (0.067) 0.007 0.021 0.073 0.255 0.070 0.070 0.013 0.019 0.015 0.072 

Locus 34 : 34 
6 alleles
0.0% missing data
 110   (0.183) 0.210 0.216 0.163 0.171 0.074 0.189 0.085 0.222 0.356 0.164 
 112   (0.358) 0.040 0.295 0.352 0.721 0.062 0.370 0.399 0.350 0.486 0.355 
 106   (0.279) 0.232 0.403 0.310 0.087 0.702 0.246 0.414 0.242 0.124 0.312 
  90   (0.037) 0.397 0.008 0.034 0.005 0.002 0.028 0.008 0.150 0.024 0.032 
 108   (0.133) 0.119 0.076 0.135 0.016 0.114 0.160 0.094 0.034 0.009 0.133 
  96   (0.010) 0.001 0.002 0.006 0.001 0.045 0.007 0.001 0.002 0.000 0.005 

Locus 35 : 35 
9 alleles
0.0% missing data
 166   (0.058) 0.008 0.059 0.040 0.179 0.004 0.043 0.110 0.065 0.264 0.033 
 176   (0.098) 0.012 0.206 0.101 0.355 0.017 0.094 0.012 0.038 0.124 0.103 
 172   (0.326) 0.042 0.151 0.306 0.224 0.583 0.340 0.405 0.384 0.452 0.297 
 170   (0.266) 0.612 0.501 0.252 0.155 0.324 0.263 0.239 0.151 0.151 0.250 
 174   (0.134) 0.015 0.054 0.189 0.017 0.065 0.131 0.143 0.325 0.005 0.209 
 178   (0.041) 0.005 0.009 0.037 0.063 0.003 0.045 0.026 0.012 0.002 0.037 
 168   (0.051) 0.303 0.016 0.056 0.005 0.003 0.057 0.023 0.020 0.001 0.056 
 186   (0.019) 0.002 0.003 0.014 0.002 0.001 0.021 0.041 0.004 0.000 0.012 
 158   (0.007) 0.001 0.001 0.005 0.001 0.000 0.006 0.001 0.001 0.000 0.004 

Locus 36 : 36 
6 alleles
0.0% missing data
  89   (0.568) 0.375 0.511 0.571 0.717 0.510 0.583 0.652 0.721 0.638 0.576 
  95   (0.057) 0.006 0.079 0.044 0.021 0.004 0.053 0.077 0.027 0.079 0.039 
  85   (0.166) 0.494 0.146 0.168 0.216 0.232 0.144 0.145 0.185 0.225 0.169 
  81   (0.068) 0.009 0.165 0.088 0.007 0.004 0.069 0.021 0.018 0.007 0.094 
  83   (0.125) 0.015 0.097 0.118 0.037 0.247 0.138 0.100 0.046 0.051 0.113 
  91   (0.016) 0.101 0.003 0.012 0.002 0.001 0.014 0.005 0.003 0.000 0.009 

Locus 37 : 37 
10 alleles
0.0% missing data
 161   (0.342) 0.426 0.392 0.388 0.511 0.376 0.322 0.242 0.422 0.542 0.400 
 165   (0.231) 0.133 0.190 0.207 0.279 0.103 0.255 0.278 0.092 0.163 0.197 
 159   (0.014) 0.002 0.002 0.009 0.010 0.001 0.011 0.004 0.003 0.032 0.007 
 173   (0.254) 0.222 0.383 0.243 0.084 0.509 0.246 0.285 0.413 0.133 0.241 
 169   (0.102) 0.211 0.022 0.107 0.110 0.007 0.108 0.144 0.054 0.120 0.110 
 167   (0.018) 0.002 0.004 0.016 0.002 0.002 0.017 0.003 0.007 0.010 0.016 
 168   (0.011) 0.001 0.002 0.009 0.001 0.001 0.013 0.001 0.002 0.000 0.008 
 155   (0.014) 0.001 0.003 0.012 0.001 0.001 0.021 0.002 0.003 0.000 0.013 
 177   (0.007) 0.001 0.001 0.005 0.001 0.000 0.005 0.001 0.003 0.000 0.005 
 175   (0.007) 0.001 0.001 0.004 0.001 0.000 0.004 0.041 0.001 0.000 0.003 

Locus 38 : 38 
6 alleles
0.4% missing data
  87   (0.094) 0.553 0.114 0.080 0.138 0.128 0.076 0.035 0.082 0.158 0.075 
  89   (0.435) 0.051 0.230 0.471 0.664 0.097 0.465 0.581 0.381 0.598 0.483 
  91   (0.161) 0.208 0.205 0.165 0.028 0.183 0.162 0.090 0.129 0.133 0.164 
  81   (0.123) 0.014 0.217 0.103 0.088 0.116 0.120 0.070 0.267 0.076 0.098 
  85   (0.181) 0.173 0.232 0.177 0.081 0.476 0.174 0.224 0.139 0.031 0.177 
  83   (0.007) 0.001 0.001 0.004 0.001 0.000 0.004 0.001 0.002 0.003 0.003 

Locus 39 : 39 
4 alleles
0.4% missing data
 167   (0.792) 0.688 0.940 0.808 0.925 0.856 0.765 0.782 0.854 0.911 0.810 
 161   (0.175) 0.309 0.053 0.165 0.071 0.141 0.205 0.153 0.129 0.088 0.164 
 165   (0.026) 0.003 0.006 0.022 0.003 0.002 0.024 0.064 0.016 0.001 0.022 
 177   (0.007) 0.001 0.001 0.005 0.001 0.001 0.006 0.001 0.001 0.000 0.004 

Locus 40 : 40 
6 alleles
0.2% missing data
 228   (0.411) 0.542 0.443 0.396 0.653 0.235 0.387 0.517 0.569 0.534 0.396 
 238   (0.346) 0.085 0.277 0.377 0.274 0.119 0.364 0.306 0.124 0.311 0.380 
 224   (0.022) 0.002 0.014 0.013 0.043 0.001 0.015 0.003 0.140 0.083 0.011 
 236   (0.101) 0.357 0.110 0.084 0.016 0.386 0.098 0.045 0.098 0.069 0.079 
 232   (0.013) 0.001 0.002 0.018 0.003 0.001 0.010 0.002 0.003 0.000 0.019 
 240   (0.107) 0.013 0.154 0.112 0.011 0.258 0.125 0.127 0.066 0.003 0.115 

Locus 41 : 41 
7 alleles
0.0% missing data
 128   (0.121) 0.014 0.079 0.121 0.069 0.036 0.108 0.187 0.207 0.143 0.121 
 130   (0.528) 0.061 0.513 0.545 0.589 0.775 0.549 0.443 0.533 0.617 0.551 
 114   (0.052) 0.498 0.072 0.045 0.036 0.003 0.046 0.006 0.013 0.104 0.043 
 132   (0.126) 0.015 0.151 0.125 0.286 0.051 0.121 0.231 0.031 0.126 0.125 
 118   (0.059) 0.205 0.012 0.061 0.006 0.128 0.051 0.062 0.098 0.002 0.061 
 134   (0.107) 0.206 0.172 0.099 0.013 0.007 0.120 0.070 0.117 0.008 0.096 
 136   (0.007) 0.001 0.001 0.005 0.001 0.000 0.005 0.001 0.001 0.000 0.004 

Locus 42 : 42 
6 alleles
1.3% missing data
 102   (0.283) 0.566 0.399 0.245 0.417 0.474 0.276 0.338 0.269 0.395 0.234 
 104   (0.400) 0.049 0.332 0.416 0.163 0.414 0.430 0.494 0.597 0.196 0.424 
  92   (0.114) 0.054 0.091 0.144 0.269 0.008 0.106 0.059 0.047 0.101 0.150 
  96   (0.070) 0.106 0.058 0.073 0.077 0.004 0.066 0.023 0.028 0.098 0.075 
  98   (0.127) 0.223 0.119 0.117 0.074 0.100 0.117 0.085 0.056 0.209 0.114 
 106   (0.007) 0.001 0.002 0.004 0.001 0.001 0.005 0.001 0.003 0.001 0.004 

Locus 43 : 43 
6 alleles
1.6% missing data
 101   (0.303) 0.036 0.452 0.334 0.206 0.186 0.282 0.286 0.315 0.446 0.336 
 103   (0.319) 0.236 0.281 0.277 0.378 0.350 0.338 0.452 0.214 0.196 0.268 
  99   (0.143) 0.416 0.072 0.167 0.214 0.009 0.151 0.073 0.348 0.035 0.176 
  95   (0.211) 0.178 0.190 0.205 0.200 0.453 0.205 0.187 0.118 0.322 0.204 
  97   (0.017) 0.134 0.003 0.013 0.002 0.001 0.018 0.002 0.004 0.000 0.012 
  91   (0.007) 0.001 0.001 0.005 0.001 0.000 0.006 0.001 0.001 0.000 0.004 

Locus 44 : 44 
7 alleles
0.2% missing data
 177   (0.080) 0.010 0.063 0.069 0.160 0.005 0.086 0.051 0.018 0.060 0.064 
 191   (0.287) 0.280 0.298 0.290 0.117 0.102 0.328 0.162 0.365 0.181 0.292 
 181   (0.569) 0.525 0.622 0.589 0.718 0.859 0.528 0.739 0.553 0.758 0.597 
 179   (0.041) 0.183 0.013 0.038 0.004 0.003 0.043 0.005 0.060 0.001 0.036 
 183   (0.009) 0.001 0.002 0.007 0.001 0.001 0.008 0.002 0.002 0.000 0.006 
 193   (0.007) 0.001 0.001 0.004 0.001 0.000 0.004 0.041 0.001 0.000 0.003 
 189   (0.007) 0.001 0.001 0.003 0.001 0.030 0.004 0.001 0.001 0.000 0.003 

Locus 45 : 45 
6 alleles
0.9% missing data
 205   (0.465) 0.255 0.534 0.441 0.545 0.407 0.497 0.528 0.481 0.521 0.437 
 211   (0.231) 0.343 0.198 0.267 0.110 0.275 0.229 0.134 0.278 0.239 0.274 
 207   (0.137) 0.016 0.091 0.124 0.187 0.200 0.134 0.227 0.051 0.126 0.119 
 201   (0.076) 0.374 0.078 0.083 0.121 0.005 0.059 0.051 0.093 0.065 0.086 
 215   (0.083) 0.010 0.097 0.080 0.035 0.113 0.070 0.060 0.096 0.049 0.078 
 202   (0.008) 0.001 0.001 0.006 0.001 0.000 0.011 0.001 0.002 0.000 0.006 

Locus 46 : 46 
10 alleles
1.1% missing data
 144   (0.064) 0.008 0.016 0.069 0.071 0.127 0.050 0.037 0.053 0.239 0.074 
 158   (0.151) 0.020 0.255 0.142 0.377 0.084 0.153 0.059 0.286 0.111 0.143 
 168   (0.141) 0.214 0.130 0.135 0.070 0.108 0.156 0.038 0.040 0.210 0.133 
 166   (0.135) 0.129 0.093 0.122 0.119 0.385 0.121 0.212 0.038 0.325 0.120 
 142   (0.373) 0.049 0.440 0.360 0.323 0.288 0.392 0.588 0.552 0.110 0.347 
 170   (0.014) 0.002 0.005 0.021 0.001 0.001 0.009 0.002 0.003 0.002 0.023 
 156   (0.027) 0.461 0.006 0.021 0.018 0.002 0.030 0.008 0.006 0.001 0.018 
 162   (0.045) 0.112 0.040 0.052 0.004 0.003 0.038 0.033 0.010 0.001 0.053 
 164   (0.043) 0.005 0.014 0.074 0.015 0.003 0.047 0.022 0.010 0.001 0.083 
 160   (0.007) 0.001 0.002 0.005 0.001 0.000 0.005 0.001 0.001 0.000 0.004 

Locus 47 : 47 
7 alleles
8.7% missing data
 149   (0.342) 0.356 0.095 0.341 0.199 0.339 0.359 0.403 0.452 0.227 0.334 
 151   (0.181) 0.087 0.363 0.170 0.554 0.012 0.170 0.121 0.320 0.206 0.168 
 153   (0.197) 0.031 0.185 0.184 0.134 0.028 0.198 0.370 0.134 0.343 0.180 
 147   (0.028) 0.004 0.005 0.037 0.031 0.002 0.021 0.003 0.009 0.031 0.041 
 145   (0.233) 0.519 0.348 0.245 0.079 0.618 0.239 0.101 0.078 0.190 0.249 
 152   (0.007) 0.001 0.002 0.004 0.002 0.000 0.004 0.001 0.003 0.002 0.004 
 143   (0.012) 0.002 0.002 0.019 0.001 0.001 0.009 0.001 0.003 0.000 0.024 

Values of parameters used in structure:
DATAFILE=temp2_no_plains.str,	OUTFILE=k10/temp2_no_plains_k10_run3,	NUMINDS=450,	NUMLOCI=47,	MISSING=-9,	LABEL=1,	POPDATA=1,	POPFLAG=0,	PHENOTYPE=0,	EXTRACOLS=0,	MAXPOPS=10,	BURNIN=500000,	NUMREPS=750000,	USEPOPINFO=0,	INFERALPHA=1,	INFERLAMBDA=0,	POPSPECIFICLAMBDA=0,	POPALPHAS=0,	COMPUTEPROB=1,	NOADMIX=0,	ADMBURNIN=500,	UPDATEFREQ=100,	PRINTLIKES=0,	INTERMEDSAVE=0,	PRINTKLD=0,	PRINTNET=1,	PRINTLAMBDA=1,	ANCESTDIST=0,	NUMBOXES=1000,	ANCESTPINT=0.90000,	GENSBACK=2,	MIGRPRIOR=0.01000,	PRINTQHAT=0,	PRINTQSUM=1,	ALPHA=1.0000,	FREQSCORR=1,	FPRIORMEAN=0.0100,	FPRIORSD=0.0500,	ONEFST=0,	LAMBDA=1.0000,	UNIFPRIORALPHA=1,	ALPHAMAX=10.0000,	ALPHAPRIORA=1.0000,	ALPHAPRIORB=2.0000,	ALPHAPROPSD=0.0250,	STARTATPOPINFO=0,	RANDOMIZE=0,	LINKAGE=0,	METROFREQ=10,	REPORTHITRATE=0,	MARKOVPHASE=0,	PHASED=1,	PLOIDY=2,	PHASEINFO=0	LOCPRIOR=0, 	LOCPRIORINIT=1.000000, 	LOCDATA=0, 	LOCISPOP=1, 	LOCPRIORSTEP=0.100000, 	MAXLOCPRIOR=20.000000, 	SEED=639842,	
[STRAT parameters]:    NUMSIMSTATS=1000,	PHENOTYPECOL=-9,	POOLFREQ=10,	LOCUSxONLY=0,	EMERROR=0.00100,	MISSINGPHENO=-9,	