

----------------------------------------------------
STRUCTURE by Pritchard, Stephens and Donnelly (2000)
     and Falush, Stephens and Pritchard (2003)
       Code by Pritchard, Falush and Hubisz
             Version 2.3.4 (Jul 2012)
----------------------------------------------------



Command line arguments:   structure -D 437764 -K 5 -m mainparams -o k5/temp2_no_plains_k5_run4 
Input File:    temp2_no_plains.str

Run parameters:
   450 individuals
   47 loci
   5 populations assumed
   500000 Burn-in period
   750000 Reps
RANDOMIZE turned off


--------------------------------------------
Proportion of membership of each pre-defined
 population in each of the 5 clusters

Given    Inferred Clusters                     Number of
 Pop       1      2      3      4      5      Individuals

  1:     0.009  0.964  0.010  0.004  0.014       63
  2:     0.007  0.953  0.012  0.006  0.022       20
  3:     0.007  0.943  0.015  0.004  0.032       21
  4:     0.006  0.966  0.008  0.005  0.016       31
  5:     0.004  0.978  0.008  0.004  0.006       21
  6:     0.020  0.029  0.171  0.009  0.771       25
  7:     0.015  0.755  0.026  0.016  0.187        8
  8:     0.005  0.962  0.017  0.007  0.010       17
  9:     0.983  0.005  0.005  0.003  0.005       29
 10:     0.002  0.002  0.002  0.991  0.003        9
 11:     0.014  0.012  0.110  0.007  0.856       26
 12:     0.011  0.017  0.381  0.009  0.582       74
 13:     0.014  0.024  0.653  0.008  0.301       35
 14:     0.009  0.040  0.855  0.007  0.089       24
 15:     0.026  0.025  0.114  0.010  0.825       43
 16:     0.009  0.037  0.096  0.003  0.855        4
--------------------------------------------

Allele-freq. divergence among pops (Net nucleotide distance),
computed using point estimates of P.

      1       2       3       4       5      
 1      -    0.0706  0.0613  0.1272  0.0489  
 2   0.0706     -    0.0322  0.1305  0.0238  
 3   0.0613  0.0322     -    0.1151  0.0115  
 4   0.1272  0.1305  0.1151     -    0.0942  
 5   0.0489  0.0238  0.0115  0.0942     -    

Average distances (expected heterozygosity) between individuals in same cluster:
cluster  1  : 0.5503 
cluster  2  : 0.5574 
cluster  3  : 0.5942 
cluster  4  : 0.5377 
cluster  5  : 0.6411 

--------------------------------------------
Estimated Ln Prob of Data   = -47961.5
Mean value of ln likelihood = -47566.9
Variance of ln likelihood   = 789.2
Mean value of alpha         = 0.0320

Mean value of Fst_1         = 0.1948
Mean value of Fst_2         = 0.1134
Mean value of Fst_3         = 0.0463
Mean value of Fst_4         = 0.2978
Mean value of Fst_5         = 0.0041


Inferred ancestry of individuals:
        Label (%Miss) Pop:  Inferred clusters
  1      221    (0)    1 :  0.002 0.982 0.007 0.002 0.006 
  2      222    (0)    1 :  0.008 0.977 0.005 0.004 0.006 
  3      223    (0)    1 :  0.002 0.977 0.008 0.003 0.008 
  4      224    (0)    1 :  0.005 0.989 0.002 0.001 0.003 
  5      225    (0)    1 :  0.004 0.987 0.003 0.002 0.004 
  6      226    (0)    1 :  0.002 0.985 0.003 0.004 0.005 
  7      227    (0)    1 :  0.005 0.959 0.006 0.015 0.014 
  8      228    (0)    1 :  0.005 0.973 0.011 0.003 0.008 
  9      234    (0)    1 :  0.002 0.989 0.004 0.002 0.003 
 10      235    (0)    1 :  0.002 0.990 0.003 0.003 0.003 
 11      236    (0)    1 :  0.002 0.993 0.002 0.002 0.002 
 12      237    (0)    1 :  0.002 0.989 0.004 0.001 0.003 
 13      238    (0)    1 :  0.008 0.978 0.006 0.003 0.007 
 14      239    (0)    1 :  0.025 0.885 0.014 0.011 0.065 
 15      240    (0)    1 :  0.002 0.990 0.003 0.002 0.003 
 16      242    (0)    1 :  0.002 0.602 0.039 0.001 0.355 
 17      243    (0)    1 :  0.013 0.960 0.006 0.011 0.009 
 18      244    (0)    1 :  0.003 0.977 0.002 0.009 0.008 
 19      245    (0)    1 :  0.012 0.921 0.022 0.020 0.025 
 20      246    (0)    1 :  0.003 0.989 0.002 0.003 0.003 
 21      248    (0)    1 :  0.029 0.956 0.004 0.002 0.008 
 22      249    (0)    1 :  0.002 0.992 0.003 0.001 0.003 
 23      250    (0)    1 :  0.011 0.953 0.017 0.005 0.012 
 24      251    (0)    1 :  0.002 0.985 0.006 0.003 0.003 
 25      252    (0)    1 :  0.059 0.913 0.017 0.001 0.010 
 26      253    (0)    1 :  0.036 0.907 0.006 0.003 0.046 
 27      254    (0)    1 :  0.003 0.984 0.004 0.002 0.006 
 28      255    (0)    1 :  0.004 0.979 0.005 0.002 0.010 
 29      256    (0)    1 :  0.001 0.989 0.004 0.002 0.004 
 30      257    (0)    1 :  0.009 0.969 0.009 0.003 0.010 
 31      258    (0)    1 :  0.003 0.982 0.008 0.001 0.006 
 32      259    (0)    1 :  0.003 0.980 0.006 0.002 0.008 
 33      260    (0)    1 :  0.057 0.929 0.004 0.005 0.005 
 34      261    (0)    1 :  0.012 0.908 0.065 0.003 0.013 
 35      262    (0)    1 :  0.002 0.992 0.002 0.001 0.002 
 36      263    (0)    1 :  0.020 0.967 0.004 0.004 0.005 
 37      264    (0)    1 :  0.003 0.986 0.005 0.001 0.004 
 38      265    (0)    1 :  0.023 0.966 0.004 0.002 0.005 
 39      266    (0)    1 :  0.002 0.992 0.003 0.001 0.002 
 40      267    (0)    1 :  0.001 0.992 0.003 0.002 0.003 
 41      268    (0)    1 :  0.053 0.928 0.006 0.007 0.006 
 42      269    (0)    1 :  0.002 0.991 0.003 0.001 0.003 
 43      270    (0)    1 :  0.002 0.990 0.004 0.002 0.003 
 44      271    (0)    1 :  0.010 0.953 0.017 0.003 0.017 
 45      272    (0)    1 :  0.004 0.957 0.021 0.005 0.013 
 46      273    (0)    1 :  0.003 0.971 0.011 0.002 0.014 
 47      274    (0)    1 :  0.005 0.982 0.006 0.003 0.004 
 48      275    (2)    1 :  0.002 0.989 0.004 0.001 0.004 
 49      276    (0)    1 :  0.004 0.982 0.007 0.002 0.005 
 50      277    (0)    1 :  0.002 0.930 0.058 0.001 0.009 
 51      278    (0)    1 :  0.004 0.965 0.017 0.007 0.007 
 52      279    (0)    1 :  0.003 0.981 0.006 0.002 0.009 
 53      280    (0)    1 :  0.004 0.974 0.012 0.002 0.008 
 54      287    (0)    1 :  0.006 0.969 0.008 0.004 0.013 
 55      290    (0)    1 :  0.002 0.978 0.009 0.004 0.007 
 56      291    (0)    1 :  0.006 0.962 0.020 0.003 0.008 
 57      295    (0)    1 :  0.003 0.982 0.011 0.001 0.003 
 58      296    (0)    1 :  0.004 0.987 0.004 0.002 0.003 
 59      872    (2)    1 :  0.005 0.983 0.004 0.004 0.004 
 60      873    (4)    1 :  0.003 0.973 0.004 0.004 0.015 
 61      874    (2)    1 :  0.003 0.982 0.010 0.001 0.004 
 62      875    (0)    1 :  0.002 0.977 0.004 0.014 0.004 
 63      876    (6)    1 :  0.015 0.953 0.017 0.001 0.014 
 64      070    (0)   10 :  0.001 0.002 0.002 0.990 0.004 
 65      071    (0)   10 :  0.005 0.002 0.003 0.987 0.003 
 66      072    (0)   10 :  0.001 0.001 0.002 0.994 0.002 
 67      151    (0)   10 :  0.001 0.001 0.002 0.995 0.001 
 68      152    (0)   10 :  0.002 0.003 0.004 0.985 0.006 
 69      153    (2)   10 :  0.001 0.001 0.001 0.995 0.001 
 70      788    (4)   10 :  0.002 0.002 0.003 0.990 0.002 
 71      789    (2)   10 :  0.003 0.002 0.002 0.992 0.002 
 72      790    (0)   10 :  0.001 0.002 0.001 0.994 0.002 
 73      010    (0)   11 :  0.004 0.006 0.009 0.002 0.980 
 74      024    (0)   11 :  0.011 0.006 0.053 0.006 0.923 
 75      051    (0)   11 :  0.007 0.005 0.007 0.012 0.970 
 76      090    (0)   11 :  0.004 0.007 0.019 0.006 0.964 
 77      102    (0)   11 :  0.003 0.032 0.513 0.002 0.450 
 78      111    (0)   11 :  0.003 0.010 0.017 0.002 0.968 
 79      113    (0)   11 :  0.004 0.007 0.107 0.006 0.877 
 80      138    (0)   11 :  0.075 0.008 0.022 0.018 0.877 
 81      150    (0)   11 :  0.004 0.020 0.924 0.011 0.041 
 82      173    (2)   11 :  0.016 0.007 0.118 0.025 0.834 
 83      174    (2)   11 :  0.003 0.008 0.005 0.023 0.961 
 84      175    (0)   11 :  0.003 0.003 0.007 0.007 0.980 
 85      176    (0)   11 :  0.012 0.027 0.017 0.005 0.938 
 86      177    (0)   11 :  0.002 0.004 0.022 0.003 0.970 
 87      180    (0)   11 :  0.005 0.040 0.006 0.003 0.946 
 88      184    (0)   11 :  0.005 0.006 0.118 0.010 0.860 
 89      195    (0)   11 :  0.013 0.006 0.030 0.005 0.946 
 90      198    (0)   11 :  0.005 0.014 0.010 0.002 0.968 
 91      203    (0)   11 :  0.005 0.009 0.026 0.008 0.953 
 92      211    (0)   11 :  0.092 0.025 0.036 0.003 0.843 
 93      220    (0)   11 :  0.009 0.007 0.440 0.002 0.542 
 94      233    (0)   11 :  0.058 0.009 0.294 0.007 0.633 
 95      331    (0)   11 :  0.004 0.005 0.011 0.007 0.973 
 96      349    (0)   11 :  0.005 0.007 0.024 0.005 0.959 
 97      410    (0)   11 :  0.019 0.008 0.004 0.002 0.965 
 98      417    (2)   11 :  0.005 0.034 0.020 0.002 0.940 
 99      421    (0)   12 :  0.005 0.011 0.974 0.002 0.008 
100      423    (0)   12 :  0.002 0.006 0.007 0.008 0.977 
101      424    (0)   12 :  0.002 0.017 0.008 0.002 0.970 
102      433    (0)   12 :  0.022 0.005 0.819 0.002 0.152 
103      462    (0)   12 :  0.020 0.009 0.280 0.002 0.690 
104      463    (0)   12 :  0.003 0.012 0.017 0.002 0.965 
105      467    (0)   12 :  0.009 0.011 0.967 0.005 0.008 
106      468    (0)   12 :  0.002 0.016 0.957 0.004 0.021 
107      469    (0)   12 :  0.002 0.071 0.810 0.002 0.114 
108      472    (0)   12 :  0.007 0.006 0.042 0.004 0.941 
109      473    (0)   12 :  0.008 0.004 0.045 0.002 0.941 
110      474    (0)   12 :  0.010 0.009 0.972 0.001 0.007 
111      475    (0)   12 :  0.003 0.004 0.914 0.003 0.076 
112      476    (2)   12 :  0.022 0.005 0.950 0.009 0.014 
113      477    (0)   12 :  0.019 0.012 0.085 0.005 0.880 
114      478    (0)   12 :  0.003 0.027 0.107 0.002 0.861 
115      479    (0)   12 :  0.004 0.030 0.918 0.004 0.045 
116      480    (0)   12 :  0.002 0.003 0.988 0.002 0.006 
117      481    (0)   12 :  0.003 0.007 0.135 0.045 0.809 
118      482    (0)   12 :  0.038 0.006 0.099 0.002 0.855 
119      489    (0)   12 :  0.014 0.005 0.124 0.004 0.853 
120      490    (0)   12 :  0.003 0.026 0.014 0.003 0.953 
121      491    (0)   12 :  0.098 0.005 0.038 0.008 0.852 
122      492    (0)   12 :  0.017 0.030 0.860 0.004 0.089 
123      493    (0)   12 :  0.006 0.009 0.919 0.012 0.054 
124      494    (0)   12 :  0.032 0.005 0.683 0.036 0.244 
125      498    (0)   12 :  0.003 0.019 0.026 0.006 0.945 
126      499    (0)   12 :  0.006 0.007 0.015 0.003 0.969 
127      709    (0)   12 :  0.009 0.011 0.018 0.061 0.901 
128      710    (4)   12 :  0.003 0.007 0.501 0.018 0.472 
129      711    (2)   12 :  0.003 0.034 0.016 0.006 0.940 
130      712    (4)   12 :  0.003 0.019 0.033 0.002 0.943 
131      713    (0)   12 :  0.007 0.005 0.006 0.004 0.978 
132      714    (2)   12 :  0.002 0.007 0.974 0.008 0.008 
133      715    (4)   12 :  0.027 0.040 0.903 0.009 0.020 
134      716    (0)   12 :  0.003 0.003 0.984 0.002 0.007 
135      717    (2)   12 :  0.010 0.015 0.620 0.003 0.353 
136      718    (4)   12 :  0.002 0.021 0.068 0.002 0.907 
137      719    (0)   12 :  0.002 0.004 0.988 0.002 0.004 
138      720    (2)   12 :  0.010 0.008 0.965 0.002 0.015 
139      721    (0)   12 :  0.007 0.006 0.824 0.043 0.121 
140      722    (4)   12 :  0.002 0.009 0.984 0.002 0.004 
141      723    (0)   12 :  0.006 0.004 0.971 0.007 0.011 
142      724    (0)   12 :  0.007 0.043 0.931 0.003 0.015 
143      725    (0)   12 :  0.010 0.007 0.023 0.003 0.957 
144      726    (0)   12 :  0.005 0.005 0.696 0.008 0.286 
145      727    (0)   12 :  0.014 0.006 0.313 0.008 0.659 
146      728    (2)   12 :  0.006 0.012 0.036 0.100 0.845 
147      729    (6)   12 :  0.004 0.006 0.029 0.004 0.957 
148      730    (2)   12 :  0.005 0.022 0.047 0.007 0.919 
149      731    (2)   12 :  0.002 0.013 0.010 0.002 0.972 
150      732    (0)   12 :  0.006 0.013 0.356 0.003 0.622 
151      733    (0)   12 :  0.003 0.021 0.132 0.004 0.840 
152      734    (2)   12 :  0.072 0.008 0.030 0.007 0.883 
153      735    (4)   12 :  0.008 0.007 0.101 0.003 0.881 
154      736    (2)   12 :  0.014 0.004 0.010 0.010 0.961 
155      737    (0)   12 :  0.003 0.018 0.009 0.011 0.960 
156      738    (2)   12 :  0.004 0.008 0.009 0.002 0.976 
157      739    (8)   12 :  0.006 0.012 0.088 0.009 0.884 
158      740    (4)   12 :  0.003 0.008 0.158 0.002 0.829 
159      741    (2)   12 :  0.023 0.120 0.139 0.002 0.717 
160      742    (4)   12 :  0.004 0.011 0.011 0.004 0.970 
161      743    (2)   12 :  0.010 0.005 0.971 0.002 0.012 
162      744    (0)   12 :  0.005 0.005 0.437 0.062 0.491 
163      745    (0)   12 :  0.006 0.072 0.828 0.023 0.072 
164      746    (2)   12 :  0.005 0.007 0.006 0.003 0.979 
165      747    (2)   12 :  0.018 0.035 0.017 0.005 0.926 
166      748    (0)   12 :  0.014 0.096 0.033 0.004 0.853 
167      749    (2)   12 :  0.014 0.009 0.007 0.009 0.962 
168      750    (4)   12 :  0.004 0.012 0.012 0.004 0.968 
169      751    (0)   12 :  0.006 0.012 0.016 0.012 0.954 
170      752    (2)   12 :  0.002 0.019 0.963 0.003 0.013 
171      753    (4)   12 :  0.044 0.041 0.168 0.011 0.736 
172      754    (2)   12 :  0.004 0.005 0.010 0.003 0.978 
173      155    (0)   13 :  0.045 0.029 0.025 0.004 0.897 
174      156    (2)   13 :  0.006 0.027 0.020 0.131 0.816 
175      157    (2)   13 :  0.007 0.005 0.012 0.002 0.974 
176      158    (0)   13 :  0.007 0.009 0.023 0.004 0.959 
177      159    (0)   13 :  0.003 0.034 0.021 0.008 0.934 
178      160    (0)   13 :  0.010 0.013 0.768 0.003 0.206 
179      161    (0)   13 :  0.009 0.005 0.072 0.003 0.912 
180      162    (0)   13 :  0.006 0.007 0.769 0.009 0.210 
181      163    (2)   13 :  0.003 0.004 0.008 0.008 0.978 
182      164    (0)   13 :  0.020 0.048 0.028 0.002 0.902 
183      165    (2)   13 :  0.006 0.010 0.009 0.006 0.970 
184      427    (0)   13 :  0.084 0.006 0.888 0.010 0.013 
185      428    (0)   13 :  0.004 0.008 0.979 0.003 0.006 
186      429    (0)   13 :  0.002 0.005 0.982 0.003 0.007 
187      430    (0)   13 :  0.004 0.072 0.253 0.002 0.668 
188      431    (0)   13 :  0.003 0.026 0.960 0.002 0.009 
189      435    (0)   13 :  0.002 0.003 0.991 0.002 0.003 
190      436    (0)   13 :  0.003 0.006 0.986 0.001 0.004 
191      437    (0)   13 :  0.004 0.027 0.962 0.001 0.006 
192      438    (0)   13 :  0.002 0.025 0.959 0.005 0.010 
193      439    (0)   13 :  0.004 0.014 0.919 0.006 0.057 
194      441    (0)   13 :  0.003 0.009 0.949 0.001 0.037 
195      442    (0)   13 :  0.184 0.008 0.789 0.005 0.014 
196      443    (4)   13 :  0.002 0.008 0.982 0.003 0.006 
197      444    (4)   13 :  0.012 0.006 0.970 0.005 0.006 
198      445    (2)   13 :  0.003 0.055 0.887 0.009 0.046 
199      446    (0)   13 :  0.006 0.003 0.981 0.003 0.006 
200      447    (0)   13 :  0.004 0.011 0.974 0.003 0.008 
201      449    (0)   13 :  0.004 0.006 0.985 0.002 0.003 
202      460    (0)   13 :  0.004 0.012 0.973 0.002 0.008 
203      461    (0)   13 :  0.008 0.041 0.809 0.002 0.140 
204      484    (0)   13 :  0.013 0.278 0.075 0.008 0.625 
205      485    (0)   13 :  0.004 0.004 0.985 0.002 0.006 
206      486    (0)   13 :  0.004 0.012 0.915 0.002 0.067 
207      487    (0)   13 :  0.008 0.005 0.966 0.003 0.018 
208      178    (0)   14 :  0.005 0.003 0.968 0.005 0.019 
209      422    (0)   14 :  0.003 0.010 0.980 0.002 0.005 
210      425    (0)   14 :  0.003 0.004 0.977 0.001 0.014 
211      426    (0)   14 :  0.022 0.004 0.114 0.085 0.776 
212      432    (0)   14 :  0.011 0.017 0.783 0.012 0.177 
213      434    (0)   14 :  0.006 0.006 0.979 0.003 0.006 
214      440    (0)   14 :  0.018 0.004 0.905 0.002 0.071 
215      448    (2)   14 :  0.018 0.015 0.958 0.002 0.006 
216      456    (0)   14 :  0.012 0.271 0.400 0.003 0.314 
217      457    (0)   14 :  0.004 0.018 0.952 0.005 0.020 
218      458    (0)   14 :  0.019 0.013 0.580 0.008 0.381 
219      459    (0)   14 :  0.004 0.007 0.974 0.003 0.012 
220      464    (0)   14 :  0.005 0.003 0.984 0.003 0.005 
221      465    (0)   14 :  0.002 0.003 0.987 0.001 0.007 
222      466    (0)   14 :  0.004 0.015 0.965 0.001 0.014 
223      470    (0)   14 :  0.004 0.003 0.987 0.002 0.005 
224      471    (0)   14 :  0.003 0.008 0.957 0.015 0.017 
225      483    (0)   14 :  0.012 0.005 0.940 0.003 0.040 
226      488    (0)   14 :  0.006 0.013 0.948 0.003 0.031 
227      495    (0)   14 :  0.003 0.011 0.976 0.001 0.010 
228      496    (0)   14 :  0.002 0.003 0.983 0.002 0.010 
229      497    (0)   14 :  0.043 0.010 0.935 0.003 0.009 
230      500    (0)   14 :  0.003 0.502 0.311 0.003 0.181 
231      879    (0)   14 :  0.013 0.004 0.968 0.003 0.012 
232      036    (0)   15 :  0.002 0.010 0.023 0.004 0.960 
233      063    (2)   15 :  0.013 0.019 0.085 0.004 0.879 
234      094    (4)   15 :  0.008 0.097 0.088 0.004 0.803 
235      103    (4)   15 :  0.006 0.007 0.008 0.003 0.976 
236      112    (0)   15 :  0.004 0.006 0.006 0.003 0.981 
237      114    (2)   15 :  0.005 0.006 0.132 0.002 0.855 
238      120    (0)   15 :  0.004 0.033 0.031 0.002 0.929 
239      127    (2)   15 :  0.006 0.008 0.014 0.002 0.970 
240      147    (0)   15 :  0.005 0.003 0.013 0.036 0.943 
241      166    (0)   15 :  0.014 0.005 0.029 0.025 0.927 
242      167    (0)   15 :  0.006 0.016 0.613 0.008 0.356 
243      168    (0)   15 :  0.004 0.005 0.023 0.003 0.964 
244      169    (2)   15 :  0.005 0.010 0.502 0.005 0.478 
245      170    (0)   15 :  0.027 0.011 0.013 0.004 0.944 
246      171    (2)   15 :  0.004 0.065 0.008 0.013 0.910 
247      172    (0)   15 :  0.004 0.031 0.026 0.011 0.928 
248      185    (0)   15 :  0.006 0.005 0.126 0.004 0.858 
249      199    (2)   15 :  0.271 0.009 0.022 0.006 0.693 
250      339    (0)   15 :  0.006 0.007 0.883 0.009 0.095 
251      355    (0)   15 :  0.071 0.003 0.004 0.014 0.907 
252      356    (0)   15 :  0.005 0.003 0.010 0.004 0.978 
253      357    (0)   15 :  0.013 0.008 0.014 0.010 0.954 
254      358    (0)   15 :  0.004 0.011 0.019 0.007 0.959 
255      359    (0)   15 :  0.008 0.004 0.008 0.002 0.978 
256      360    (0)   15 :  0.004 0.013 0.069 0.011 0.903 
257      361    (0)   15 :  0.004 0.007 0.382 0.002 0.606 
258      362    (0)   15 :  0.008 0.243 0.109 0.005 0.636 
259      363    (0)   15 :  0.032 0.008 0.023 0.010 0.928 
260      364    (0)   15 :  0.052 0.201 0.028 0.003 0.715 
261      365    (0)   15 :  0.003 0.014 0.362 0.034 0.587 
262      366    (0)   15 :  0.003 0.005 0.007 0.028 0.958 
263      367    (0)   15 :  0.003 0.013 0.013 0.008 0.963 
264      368    (0)   15 :  0.004 0.041 0.008 0.017 0.930 
265      369    (0)   15 :  0.004 0.003 0.006 0.004 0.982 
266      370    (0)   15 :  0.007 0.007 0.014 0.013 0.958 
267      371    (0)   15 :  0.007 0.022 0.012 0.003 0.956 
268      372    (0)   15 :  0.335 0.010 0.626 0.004 0.025 
269      373    (0)   15 :  0.039 0.006 0.036 0.003 0.917 
270      380    (0)   15 :  0.008 0.024 0.010 0.005 0.953 
271      388    (0)   15 :  0.014 0.009 0.007 0.006 0.964 
272      418    (0)   15 :  0.042 0.021 0.024 0.007 0.906 
273      419    (0)   15 :  0.003 0.008 0.074 0.007 0.907 
274      420    (0)   15 :  0.057 0.037 0.383 0.066 0.457 
275      409    (0)   16 :  0.004 0.019 0.067 0.002 0.908 
276      414    (0)   16 :  0.008 0.027 0.018 0.003 0.945 
277      415    (2)   16 :  0.010 0.006 0.010 0.004 0.969 
278      416    (0)   16 :  0.012 0.097 0.291 0.004 0.597 
279      571    (0)    2 :  0.003 0.974 0.014 0.003 0.006 
280      572    (0)    2 :  0.004 0.974 0.004 0.005 0.013 
281      573    (2)    2 :  0.003 0.986 0.004 0.001 0.006 
282      574    (0)    2 :  0.002 0.986 0.005 0.002 0.005 
283      575    (2)    2 :  0.006 0.962 0.010 0.009 0.013 
284      576    (0)    2 :  0.003 0.991 0.003 0.001 0.003 
285      577    (0)    2 :  0.005 0.983 0.006 0.002 0.004 
286      578    (0)    2 :  0.006 0.985 0.005 0.001 0.003 
287      579    (0)    2 :  0.003 0.985 0.007 0.002 0.003 
288      580    (0)    2 :  0.002 0.990 0.004 0.002 0.003 
289      581    (0)    2 :  0.002 0.990 0.004 0.002 0.002 
290      582    (4)    2 :  0.020 0.900 0.013 0.050 0.017 
291      583    (0)    2 :  0.026 0.587 0.087 0.011 0.290 
292      584    (0)    2 :  0.006 0.968 0.016 0.003 0.007 
293      585    (0)    2 :  0.002 0.986 0.007 0.002 0.003 
294      586    (2)    2 :  0.008 0.980 0.006 0.002 0.003 
295      587    (0)    2 :  0.002 0.991 0.003 0.002 0.003 
296      588    (0)    2 :  0.010 0.952 0.010 0.012 0.016 
297      589    (0)    2 :  0.028 0.908 0.027 0.005 0.032 
298      590    (0)    2 :  0.007 0.979 0.005 0.006 0.003 
299      527    (2)    3 :  0.007 0.974 0.008 0.005 0.005 
300      528    (4)    3 :  0.010 0.916 0.009 0.004 0.061 
301      529    (4)    3 :  0.004 0.962 0.016 0.007 0.011 
302      530    (0)    3 :  0.005 0.981 0.003 0.004 0.007 
303      531    (2)    3 :  0.003 0.983 0.004 0.004 0.006 
304      532    (4)    3 :  0.003 0.955 0.005 0.002 0.035 
305      533    (0)    3 :  0.003 0.925 0.022 0.003 0.047 
306      534    (2)    3 :  0.004 0.987 0.003 0.001 0.004 
307      535    (2)    3 :  0.002 0.971 0.010 0.004 0.012 
308      536    (2)    3 :  0.002 0.983 0.004 0.007 0.004 
309      537    (2)    3 :  0.011 0.977 0.005 0.002 0.004 
310      538    (2)    3 :  0.005 0.929 0.027 0.002 0.037 
311      539    (2)    3 :  0.002 0.989 0.003 0.002 0.004 
312      540    (2)    3 :  0.002 0.974 0.013 0.001 0.010 
313      541    (2)    3 :  0.002 0.976 0.013 0.002 0.007 
314      542    (2)    3 :  0.010 0.944 0.030 0.004 0.012 
315      543    (0)    3 :  0.018 0.787 0.071 0.002 0.122 
316      544    (2)    3 :  0.002 0.991 0.003 0.002 0.003 
317      545    (2)    3 :  0.002 0.950 0.016 0.002 0.030 
318      546    (4)    3 :  0.002 0.760 0.021 0.003 0.215 
319      547    (6)    3 :  0.041 0.894 0.018 0.014 0.034 
320      019    (0)    4 :  0.003 0.971 0.014 0.004 0.009 
321      064    (0)    4 :  0.004 0.989 0.003 0.002 0.003 
322      065    (0)    4 :  0.001 0.993 0.002 0.001 0.002 
323      066    (0)    4 :  0.003 0.974 0.013 0.002 0.009 
324      067    (0)    4 :  0.019 0.921 0.016 0.006 0.038 
325      068    (0)    4 :  0.019 0.965 0.007 0.002 0.006 
326      069    (0)    4 :  0.002 0.988 0.004 0.001 0.005 
327      107    (0)    4 :  0.003 0.984 0.007 0.001 0.005 
328      110    (0)    4 :  0.005 0.885 0.010 0.020 0.081 
329      121    (0)    4 :  0.003 0.989 0.004 0.001 0.003 
330      137    (0)    4 :  0.003 0.917 0.025 0.030 0.025 
331      146    (0)    4 :  0.002 0.962 0.008 0.004 0.024 
332      149    (0)    4 :  0.005 0.941 0.014 0.005 0.035 
333      154    (0)    4 :  0.030 0.957 0.005 0.002 0.006 
334      179    (0)    4 :  0.004 0.987 0.004 0.002 0.004 
335      181    (0)    4 :  0.002 0.988 0.003 0.003 0.004 
336      182    (0)    4 :  0.012 0.972 0.005 0.002 0.009 
337      186    (0)    4 :  0.004 0.916 0.019 0.009 0.052 
338      193    (0)    4 :  0.003 0.985 0.005 0.001 0.005 
339      320    (0)    4 :  0.006 0.979 0.005 0.003 0.008 
340      341    (0)    4 :  0.004 0.974 0.012 0.002 0.007 
341      376    (0)    4 :  0.003 0.981 0.005 0.003 0.009 
342      395    (0)    4 :  0.002 0.977 0.011 0.005 0.006 
343      396    (0)    4 :  0.001 0.991 0.002 0.003 0.002 
344      397    (0)    4 :  0.005 0.981 0.003 0.007 0.004 
345      398    (0)    4 :  0.003 0.987 0.003 0.003 0.004 
346      399    (0)    4 :  0.003 0.986 0.004 0.002 0.005 
347      400    (0)    4 :  0.003 0.963 0.004 0.003 0.028 
348      401    (0)    4 :  0.003 0.979 0.006 0.002 0.010 
349      402    (0)    4 :  0.009 0.897 0.007 0.008 0.079 
350      403    (0)    4 :  0.003 0.970 0.011 0.008 0.008 
351      073    (0)    5 :  0.002 0.986 0.006 0.002 0.004 
352      074    (0)    5 :  0.005 0.985 0.004 0.002 0.005 
353      075    (0)    5 :  0.004 0.983 0.005 0.003 0.005 
354      076    (0)    5 :  0.006 0.979 0.006 0.004 0.006 
355      077    (0)    5 :  0.008 0.974 0.009 0.003 0.006 
356      078    (0)    5 :  0.005 0.966 0.006 0.005 0.017 
357      079    (0)    5 :  0.003 0.976 0.007 0.001 0.014 
358      080    (0)    5 :  0.018 0.971 0.003 0.002 0.005 
359      081    (0)    5 :  0.003 0.969 0.012 0.010 0.005 
360      082    (0)    5 :  0.003 0.990 0.003 0.002 0.003 
361      083    (0)    5 :  0.002 0.988 0.004 0.002 0.005 
362      084    (0)    5 :  0.002 0.986 0.005 0.004 0.003 
363      085    (0)    5 :  0.003 0.909 0.065 0.013 0.010 
364      404    (0)    5 :  0.002 0.988 0.004 0.002 0.003 
365      405    (0)    5 :  0.002 0.981 0.006 0.007 0.004 
366      406    (0)    5 :  0.003 0.980 0.003 0.006 0.007 
367      407    (0)    5 :  0.003 0.987 0.004 0.003 0.003 
368      408    (0)    5 :  0.006 0.984 0.004 0.001 0.004 
369      411    (2)    5 :  0.003 0.990 0.004 0.002 0.002 
370      412    (0)    5 :  0.008 0.967 0.012 0.005 0.008 
371      413    (0)    5 :  0.002 0.989 0.004 0.002 0.003 
372      591    (0)    6 :  0.008 0.007 0.278 0.035 0.671 
373      592    (0)    6 :  0.017 0.027 0.838 0.006 0.112 
374      593    (0)    6 :  0.004 0.035 0.045 0.022 0.894 
375      594    (0)    6 :  0.018 0.073 0.326 0.009 0.574 
376      595    (0)    6 :  0.014 0.015 0.006 0.005 0.960 
377      596    (0)    6 :  0.120 0.030 0.030 0.016 0.804 
378      597    (0)    6 :  0.009 0.143 0.053 0.003 0.792 
379      598    (0)    6 :  0.023 0.011 0.029 0.001 0.936 
380      599    (0)    6 :  0.006 0.009 0.923 0.017 0.045 
381      600    (0)    6 :  0.037 0.007 0.006 0.007 0.943 
382      601    (0)    6 :  0.003 0.056 0.112 0.003 0.826 
383      602    (0)    6 :  0.013 0.034 0.051 0.008 0.895 
384      603    (0)    6 :  0.009 0.006 0.939 0.009 0.037 
385      604    (0)    6 :  0.016 0.014 0.006 0.003 0.961 
386      605    (0)    6 :  0.024 0.010 0.008 0.004 0.954 
387      606    (0)    6 :  0.015 0.007 0.031 0.035 0.913 
388      607    (0)    6 :  0.028 0.023 0.008 0.004 0.937 
389      608    (0)    6 :  0.007 0.013 0.207 0.005 0.768 
390      609    (0)    6 :  0.005 0.009 0.011 0.004 0.972 
391      610    (0)    6 :  0.008 0.023 0.036 0.003 0.931 
392      611    (2)    6 :  0.011 0.051 0.013 0.004 0.921 
393      612    (0)    6 :  0.053 0.016 0.046 0.002 0.883 
394      755    (0)    6 :  0.039 0.029 0.060 0.002 0.871 
395      756    (0)    6 :  0.006 0.078 0.181 0.008 0.728 
396      757    (0)    6 :  0.009 0.011 0.028 0.003 0.949 
397      002    (0)    7 :  0.001 0.987 0.004 0.003 0.005 
398      099    (2)    7 :  0.093 0.002 0.014 0.010 0.881 
399      641    (2)    7 :  0.004 0.627 0.035 0.036 0.298 
400      642    (0)    7 :  0.003 0.977 0.010 0.003 0.008 
401      643    (2)    7 :  0.003 0.959 0.020 0.003 0.016 
402      644    (0)    7 :  0.007 0.972 0.012 0.003 0.006 
403      645    (0)    7 :  0.003 0.834 0.059 0.053 0.051 
404      646    (0)    7 :  0.010 0.682 0.058 0.022 0.228 
405      006    (0)    8 :  0.003 0.959 0.015 0.003 0.020 
406      011    (0)    8 :  0.002 0.989 0.003 0.002 0.003 
407      033    (2)    8 :  0.003 0.977 0.009 0.005 0.007 
408      048    (0)    8 :  0.005 0.824 0.150 0.007 0.013 
409      061    (0)    8 :  0.003 0.905 0.022 0.026 0.043 
410      088    (0)    8 :  0.007 0.968 0.011 0.004 0.009 
411      091    (0)    8 :  0.003 0.980 0.005 0.002 0.009 
412      098    (0)    8 :  0.003 0.972 0.013 0.007 0.005 
413      104    (0)    8 :  0.002 0.990 0.004 0.002 0.002 
414      196    (0)    8 :  0.005 0.967 0.006 0.014 0.007 
415      197    (0)    8 :  0.011 0.956 0.011 0.007 0.015 
416      201    (0)    8 :  0.001 0.987 0.005 0.001 0.005 
417      202    (0)    8 :  0.015 0.935 0.014 0.026 0.010 
418      204    (0)    8 :  0.002 0.985 0.007 0.003 0.004 
419      231    (0)    8 :  0.003 0.984 0.008 0.001 0.003 
420      328    (0)    8 :  0.002 0.984 0.005 0.004 0.004 
421      346    (0)    8 :  0.006 0.983 0.004 0.003 0.005 
422      212    (0)    9 :  0.991 0.002 0.003 0.001 0.002 
423      213    (0)    9 :  0.985 0.004 0.005 0.003 0.004 
424      214    (0)    9 :  0.988 0.004 0.003 0.001 0.005 
425      215    (0)    9 :  0.984 0.005 0.005 0.003 0.003 
426      216    (0)    9 :  0.988 0.004 0.004 0.002 0.003 
427      217    (0)    9 :  0.985 0.004 0.004 0.001 0.005 
428      218    (0)    9 :  0.990 0.003 0.003 0.002 0.002 
429      332    (0)    9 :  0.954 0.014 0.016 0.006 0.011 
430      333    (0)    9 :  0.948 0.015 0.009 0.011 0.018 
431      334    (0)    9 :  0.983 0.005 0.005 0.002 0.005 
432      335    (0)    9 :  0.991 0.002 0.003 0.001 0.003 
433      336    (0)    9 :  0.980 0.003 0.002 0.012 0.002 
434      337    (0)    9 :  0.980 0.009 0.003 0.002 0.006 
435      673    (0)    9 :  0.995 0.001 0.001 0.001 0.001 
436      674    (0)    9 :  0.986 0.003 0.004 0.001 0.005 
437      675    (0)    9 :  0.983 0.003 0.006 0.004 0.004 
438      676    (0)    9 :  0.985 0.003 0.006 0.001 0.005 
439      677    (0)    9 :  0.987 0.004 0.003 0.002 0.003 
440      678    (0)    9 :  0.963 0.012 0.009 0.005 0.012 
441      679    (0)    9 :  0.973 0.005 0.007 0.002 0.013 
442      680    (0)    9 :  0.980 0.004 0.007 0.004 0.005 
443      681    (0)    9 :  0.984 0.005 0.004 0.002 0.005 
444      682    (0)    9 :  0.991 0.002 0.002 0.003 0.002 
445      683    (0)    9 :  0.985 0.004 0.004 0.002 0.005 
446      684    (0)    9 :  0.986 0.002 0.005 0.002 0.004 
447      685    (0)    9 :  0.985 0.003 0.003 0.003 0.006 
448      686    (0)    9 :  0.991 0.002 0.002 0.003 0.002 
449      687    (0)    9 :  0.992 0.002 0.002 0.002 0.002 
450      688    (0)    9 :  0.984 0.006 0.005 0.002 0.003 


Estimated Allele Frequencies in each cluster
First column gives estimated ancestral frequencies


Locus 1 : 1 
4 alleles
0.0% missing data
  89   (0.545) 0.635 0.578 0.534 0.070 0.562 
  91   (0.374) 0.314 0.357 0.410 0.702 0.371 
  99   (0.018) 0.001 0.000 0.017 0.128 0.012 
  93   (0.063) 0.050 0.064 0.039 0.099 0.055 

Locus 2 : 2 
6 alleles
1.1% missing data
 136   (0.387) 0.455 0.547 0.118 0.202 0.415 
 134   (0.254) 0.379 0.158 0.275 0.030 0.252 
 138   (0.263) 0.160 0.235 0.465 0.757 0.242 
 140   (0.059) 0.004 0.059 0.042 0.007 0.057 
 132   (0.023) 0.001 0.001 0.005 0.002 0.025 
 142   (0.015) 0.001 0.000 0.094 0.002 0.009 

Locus 3 : 3 
6 alleles
0.0% missing data
 181   (0.262) 0.079 0.207 0.325 0.183 0.256 
 187   (0.333) 0.266 0.516 0.215 0.768 0.332 
 179   (0.255) 0.017 0.256 0.253 0.032 0.268 
 191   (0.031) 0.191 0.018 0.006 0.003 0.025 
 175   (0.043) 0.003 0.001 0.117 0.005 0.042 
 185   (0.077) 0.443 0.002 0.083 0.008 0.077 

Locus 4 : 4 
12 alleles
0.2% missing data
 253   (0.509) 0.473 0.698 0.530 0.598 0.523 
 249   (0.020) 0.001 0.064 0.002 0.003 0.019 
 271   (0.034) 0.002 0.031 0.017 0.004 0.031 
 241   (0.157) 0.150 0.073 0.142 0.181 0.159 
 257   (0.007) 0.000 0.001 0.001 0.001 0.005 
 269   (0.169) 0.104 0.129 0.243 0.202 0.164 
 245   (0.007) 0.000 0.000 0.001 0.001 0.005 
 247   (0.065) 0.266 0.001 0.055 0.007 0.069 
 239   (0.011) 0.001 0.000 0.002 0.001 0.011 
 273   (0.009) 0.001 0.000 0.001 0.001 0.008 
 267   (0.007) 0.000 0.001 0.001 0.001 0.004 
 255   (0.007) 0.000 0.000 0.005 0.001 0.003 

Locus 5 : 5 
6 alleles
0.7% missing data
 103   (0.849) 0.976 0.984 0.938 0.982 0.842 
 104   (0.065) 0.004 0.014 0.031 0.009 0.070 
 105   (0.048) 0.003 0.001 0.026 0.005 0.054 
 102   (0.016) 0.001 0.000 0.003 0.002 0.016 
 107   (0.011) 0.001 0.000 0.001 0.001 0.011 
 101   (0.010) 0.014 0.000 0.001 0.001 0.007 

Locus 6 : 6 
5 alleles
0.2% missing data
 141   (0.258) 0.142 0.546 0.297 0.030 0.253 
 145   (0.446) 0.267 0.180 0.498 0.419 0.458 
 135   (0.207) 0.283 0.212 0.186 0.540 0.199 
 147   (0.078) 0.307 0.062 0.018 0.010 0.079 
 137   (0.011) 0.001 0.000 0.002 0.001 0.011 

Locus 7 : 7 
10 alleles
1.3% missing data
  93   (0.209) 0.072 0.352 0.289 0.782 0.199 
 103   (0.336) 0.507 0.369 0.356 0.048 0.344 
  91   (0.068) 0.151 0.028 0.032 0.010 0.067 
  97   (0.186) 0.257 0.160 0.135 0.133 0.188 
  85   (0.046) 0.003 0.037 0.033 0.007 0.044 
  89   (0.072) 0.005 0.052 0.107 0.010 0.070 
  83   (0.058) 0.004 0.001 0.043 0.007 0.067 
 105   (0.012) 0.001 0.000 0.004 0.002 0.010 
 101   (0.007) 0.000 0.000 0.001 0.001 0.005 
  99   (0.007) 0.000 0.000 0.001 0.001 0.005 

Locus 8 : 8 
8 alleles
0.0% missing data
 129   (0.545) 0.633 0.664 0.659 0.202 0.551 
 141   (0.056) 0.203 0.099 0.022 0.006 0.051 
 149   (0.073) 0.018 0.118 0.079 0.008 0.068 
 143   (0.273) 0.140 0.117 0.226 0.680 0.286 
 127   (0.016) 0.001 0.000 0.003 0.060 0.014 
 131   (0.013) 0.002 0.000 0.006 0.041 0.008 
 133   (0.017) 0.001 0.000 0.005 0.002 0.018 
 145   (0.007) 0.000 0.000 0.001 0.001 0.005 

Locus 9 : 9 
5 alleles
0.0% missing data
 191   (0.395) 0.539 0.570 0.333 0.344 0.397 
 195   (0.156) 0.058 0.160 0.231 0.349 0.146 
 189   (0.435) 0.403 0.268 0.434 0.306 0.449 
 197   (0.007) 0.000 0.000 0.001 0.001 0.005 
 193   (0.007) 0.000 0.003 0.001 0.001 0.003 

Locus 10 : 10 
7 alleles
0.2% missing data
 232   (0.261) 0.277 0.305 0.148 0.220 0.270 
 238   (0.554) 0.351 0.550 0.770 0.377 0.554 
 252   (0.105) 0.038 0.127 0.072 0.015 0.105 
 254   (0.043) 0.252 0.017 0.006 0.384 0.039 
 250   (0.011) 0.001 0.000 0.001 0.002 0.011 
 236   (0.007) 0.001 0.000 0.001 0.001 0.005 
 248   (0.019) 0.080 0.000 0.002 0.002 0.017 

Locus 11 : 11 
4 alleles
0.0% missing data
  87   (0.689) 0.538 0.623 0.822 0.963 0.687 
  89   (0.248) 0.380 0.321 0.152 0.031 0.256 
  91   (0.050) 0.080 0.056 0.025 0.005 0.043 
  85   (0.013) 0.001 0.000 0.002 0.001 0.014 

Locus 12 : 12 
13 alleles
0.2% missing data
 160   (0.194) 0.696 0.126 0.242 0.578 0.184 
 162   (0.274) 0.240 0.223 0.305 0.079 0.279 
 147   (0.048) 0.003 0.151 0.036 0.005 0.044 
 158   (0.226) 0.028 0.463 0.172 0.029 0.242 
 161   (0.113) 0.023 0.026 0.108 0.118 0.116 
 170   (0.049) 0.004 0.008 0.038 0.006 0.049 
 143   (0.029) 0.002 0.001 0.008 0.177 0.030 
 154   (0.016) 0.001 0.000 0.002 0.002 0.019 
 149   (0.017) 0.001 0.000 0.067 0.002 0.013 
 153   (0.011) 0.001 0.000 0.001 0.001 0.011 
 150   (0.007) 0.000 0.000 0.006 0.001 0.003 
 159   (0.009) 0.001 0.000 0.015 0.001 0.005 
 164   (0.007) 0.000 0.000 0.001 0.001 0.005 

Locus 13 : 13 
5 alleles
0.0% missing data
 108   (0.206) 0.197 0.172 0.116 0.337 0.211 
 115   (0.443) 0.295 0.544 0.532 0.099 0.446 
 113   (0.338) 0.507 0.283 0.350 0.563 0.333 
 109   (0.007) 0.000 0.000 0.001 0.001 0.005 
 110   (0.007) 0.000 0.000 0.001 0.001 0.005 

Locus 14 : 14 
5 alleles
0.9% missing data
 227   (0.122) 0.020 0.252 0.272 0.259 0.106 
 231   (0.194) 0.351 0.098 0.043 0.271 0.214 
 229   (0.499) 0.419 0.481 0.517 0.105 0.510 
 225   (0.128) 0.205 0.075 0.126 0.220 0.119 
 233   (0.058) 0.004 0.093 0.042 0.145 0.050 

Locus 15 : 15 
5 alleles
0.2% missing data
 143   (0.838) 0.819 0.968 0.875 0.720 0.845 
 157   (0.007) 0.000 0.014 0.001 0.001 0.004 
 145   (0.086) 0.006 0.017 0.067 0.271 0.086 
 147   (0.051) 0.144 0.001 0.055 0.007 0.050 
 133   (0.018) 0.031 0.000 0.002 0.002 0.015 

Locus 16 : 16 
5 alleles
0.2% missing data
 156   (0.259) 0.492 0.262 0.211 0.507 0.257 
 158   (0.515) 0.211 0.527 0.616 0.259 0.527 
 160   (0.130) 0.115 0.171 0.133 0.015 0.126 
 154   (0.088) 0.182 0.040 0.029 0.218 0.087 
 152   (0.007) 0.000 0.000 0.011 0.001 0.004 

Locus 17 : 17 
5 alleles
0.0% missing data
 102   (0.187) 0.200 0.229 0.223 0.023 0.181 
  90   (0.691) 0.791 0.725 0.717 0.568 0.694 
  88   (0.070) 0.006 0.045 0.038 0.008 0.073 
 100   (0.046) 0.003 0.001 0.017 0.400 0.049 
 104   (0.007) 0.000 0.000 0.006 0.001 0.003 

Locus 18 : 18 
7 alleles
0.0% missing data
 142   (0.114) 0.008 0.411 0.098 0.014 0.115 
 146   (0.078) 0.220 0.154 0.102 0.009 0.068 
 140   (0.307) 0.188 0.149 0.285 0.288 0.319 
 127   (0.306) 0.070 0.211 0.286 0.550 0.317 
 148   (0.092) 0.212 0.054 0.075 0.010 0.088 
 138   (0.051) 0.004 0.020 0.037 0.124 0.046 
 150   (0.052) 0.299 0.001 0.117 0.005 0.047 

Locus 19 : 19 
7 alleles
0.0% missing data
 188   (0.180) 0.170 0.134 0.153 0.021 0.182 
 190   (0.129) 0.203 0.372 0.182 0.014 0.116 
 194   (0.580) 0.484 0.492 0.515 0.954 0.590 
 200   (0.083) 0.006 0.002 0.147 0.009 0.090 
 192   (0.007) 0.000 0.000 0.001 0.001 0.005 
 202   (0.015) 0.136 0.000 0.002 0.001 0.012 
 196   (0.007) 0.000 0.000 0.001 0.001 0.005 

Locus 20 : 20 
6 alleles
0.9% missing data
 252   (0.704) 0.721 0.823 0.769 0.389 0.728 
 250   (0.079) 0.142 0.089 0.061 0.336 0.070 
 244   (0.019) 0.001 0.014 0.008 0.003 0.014 
 254   (0.073) 0.082 0.029 0.088 0.106 0.065 
 246   (0.099) 0.051 0.035 0.069 0.164 0.098 
 248   (0.026) 0.002 0.010 0.006 0.003 0.026 

Locus 21 : 21 
7 alleles
0.2% missing data
 173   (0.272) 0.212 0.330 0.485 0.122 0.261 
 177   (0.258) 0.172 0.322 0.256 0.270 0.256 
 175   (0.158) 0.256 0.032 0.081 0.478 0.166 
 167   (0.190) 0.123 0.304 0.126 0.114 0.192 
 163   (0.036) 0.214 0.002 0.010 0.004 0.035 
 159   (0.024) 0.001 0.001 0.006 0.003 0.027 
 165   (0.062) 0.022 0.009 0.036 0.009 0.063 

Locus 22 : 22 
11 alleles
0.7% missing data
 146   (0.216) 0.145 0.257 0.306 0.077 0.213 
 154   (0.008) 0.000 0.052 0.001 0.001 0.004 
 166   (0.092) 0.006 0.063 0.044 0.115 0.098 
 152   (0.441) 0.375 0.586 0.553 0.501 0.443 
 150   (0.027) 0.002 0.008 0.013 0.113 0.021 
 164   (0.030) 0.002 0.016 0.013 0.005 0.028 
 148   (0.009) 0.001 0.000 0.001 0.168 0.006 
 158   (0.096) 0.108 0.016 0.025 0.011 0.112 
 162   (0.051) 0.070 0.001 0.023 0.006 0.056 
 156   (0.015) 0.290 0.000 0.009 0.002 0.010 
 142   (0.013) 0.001 0.000 0.012 0.002 0.010 

Locus 23 : 23 
7 alleles
0.9% missing data
 152   (0.009) 0.001 0.060 0.001 0.001 0.005 
 156   (0.133) 0.039 0.045 0.058 0.017 0.148 
 144   (0.178) 0.615 0.171 0.211 0.583 0.165 
 160   (0.110) 0.107 0.185 0.116 0.014 0.103 
 154   (0.534) 0.236 0.534 0.602 0.379 0.546 
 158   (0.027) 0.002 0.006 0.010 0.004 0.025 
 146   (0.009) 0.001 0.000 0.001 0.002 0.008 

Locus 24 : 24 
4 alleles
0.4% missing data
  77   (0.084) 0.053 0.258 0.075 0.009 0.075 
  83   (0.486) 0.916 0.488 0.435 0.686 0.481 
  81   (0.346) 0.025 0.228 0.405 0.295 0.358 
  85   (0.084) 0.006 0.026 0.085 0.010 0.086 

Locus 25 : 25 
6 alleles
0.4% missing data
 132   (0.336) 0.451 0.482 0.324 0.194 0.334 
 124   (0.523) 0.539 0.449 0.551 0.414 0.531 
 126   (0.018) 0.001 0.048 0.002 0.002 0.016 
 122   (0.093) 0.006 0.020 0.118 0.119 0.093 
 120   (0.016) 0.001 0.000 0.002 0.270 0.013 
 136   (0.013) 0.001 0.000 0.002 0.001 0.013 

Locus 26 : 26 
7 alleles
0.2% missing data
 165   (0.249) 0.063 0.153 0.261 0.327 0.253 
 183   (0.365) 0.425 0.539 0.339 0.300 0.364 
 179   (0.075) 0.005 0.063 0.073 0.333 0.069 
 175   (0.236) 0.442 0.244 0.312 0.031 0.231 
 181   (0.059) 0.064 0.001 0.013 0.007 0.070 
 185   (0.009) 0.001 0.000 0.001 0.001 0.008 
 157   (0.007) 0.000 0.000 0.001 0.001 0.005 

Locus 27 : 27 
4 alleles
0.2% missing data
 142   (0.645) 0.740 0.674 0.742 0.317 0.642 
 148   (0.209) 0.072 0.110 0.111 0.666 0.218 
 138   (0.041) 0.003 0.201 0.019 0.005 0.036 
 150   (0.105) 0.185 0.014 0.128 0.012 0.103 

Locus 28 : 28 
6 alleles
0.9% missing data
 260   (0.360) 0.376 0.367 0.485 0.142 0.356 
 262   (0.535) 0.549 0.622 0.433 0.845 0.547 
 256   (0.072) 0.073 0.010 0.055 0.009 0.071 
 258   (0.011) 0.001 0.000 0.001 0.001 0.011 
 266   (0.007) 0.000 0.000 0.006 0.001 0.003 
 264   (0.015) 0.001 0.000 0.020 0.001 0.012 

Locus 29 : 29 
7 alleles
0.2% missing data
 146   (0.295) 0.335 0.194 0.249 0.039 0.311 
 150   (0.437) 0.298 0.623 0.514 0.151 0.440 
 140   (0.167) 0.062 0.109 0.160 0.798 0.165 
 148   (0.054) 0.302 0.066 0.038 0.007 0.047 
 152   (0.026) 0.002 0.001 0.037 0.003 0.024 
 151   (0.010) 0.001 0.006 0.001 0.001 0.006 
 142   (0.010) 0.001 0.002 0.001 0.001 0.007 

Locus 30 : 30 
6 alleles
0.2% missing data
 125   (0.295) 0.036 0.453 0.103 0.146 0.324 
 129   (0.421) 0.776 0.491 0.565 0.212 0.400 
 123   (0.144) 0.101 0.053 0.215 0.017 0.139 
 121   (0.013) 0.001 0.000 0.002 0.043 0.010 
 127   (0.093) 0.083 0.002 0.076 0.579 0.094 
 131   (0.033) 0.002 0.001 0.039 0.004 0.033 

Locus 31 : 31 
6 alleles
0.2% missing data
 159   (0.182) 0.013 0.137 0.259 0.022 0.187 
 155   (0.530) 0.713 0.694 0.445 0.532 0.536 
 157   (0.191) 0.028 0.101 0.220 0.119 0.195 
 153   (0.058) 0.004 0.064 0.070 0.099 0.051 
 151   (0.032) 0.241 0.003 0.004 0.227 0.028 
 163   (0.007) 0.001 0.001 0.002 0.001 0.004 

Locus 32 : 32 
5 alleles
0.0% missing data
 146   (0.332) 0.315 0.074 0.323 0.570 0.343 
 150   (0.553) 0.632 0.852 0.587 0.417 0.545 
 148   (0.066) 0.050 0.073 0.044 0.008 0.060 
 154   (0.040) 0.003 0.001 0.016 0.005 0.046 
 152   (0.009) 0.001 0.000 0.031 0.001 0.005 

Locus 33 : 33 
7 alleles
0.0% missing data
 180   (0.468) 0.659 0.562 0.381 0.686 0.474 
 196   (0.096) 0.006 0.184 0.132 0.011 0.093 
 184   (0.201) 0.078 0.161 0.261 0.277 0.195 
 194   (0.008) 0.000 0.035 0.001 0.001 0.004 
 192   (0.144) 0.185 0.006 0.173 0.016 0.154 
 190   (0.018) 0.001 0.000 0.033 0.002 0.014 
 198   (0.065) 0.070 0.052 0.019 0.008 0.066 

Locus 34 : 34 
6 alleles
0.0% missing data
 110   (0.185) 0.080 0.323 0.113 0.210 0.185 
 112   (0.339) 0.068 0.514 0.381 0.039 0.349 
 106   (0.296) 0.693 0.128 0.384 0.237 0.291 
  90   (0.037) 0.002 0.025 0.031 0.388 0.029 
 108   (0.132) 0.114 0.011 0.090 0.125 0.139 
  96   (0.010) 0.044 0.000 0.001 0.001 0.007 

Locus 35 : 35 
9 alleles
0.0% missing data
 166   (0.049) 0.004 0.248 0.090 0.006 0.039 
 176   (0.108) 0.021 0.159 0.016 0.013 0.124 
 172   (0.292) 0.570 0.418 0.383 0.039 0.280 
 170   (0.288) 0.326 0.159 0.247 0.624 0.287 
 174   (0.148) 0.071 0.006 0.173 0.017 0.160 
 178   (0.041) 0.003 0.008 0.030 0.005 0.039 
 168   (0.051) 0.003 0.001 0.027 0.293 0.053 
 186   (0.017) 0.001 0.000 0.035 0.002 0.013 
 158   (0.007) 0.000 0.000 0.001 0.001 0.005 

Locus 36 : 36 
6 alleles
0.0% missing data
  89   (0.558) 0.512 0.646 0.658 0.373 0.561 
  95   (0.055) 0.005 0.070 0.065 0.007 0.051 
  85   (0.166) 0.236 0.223 0.140 0.486 0.158 
  81   (0.083) 0.006 0.010 0.040 0.011 0.096 
  83   (0.122) 0.240 0.051 0.090 0.014 0.124 
  91   (0.016) 0.001 0.000 0.008 0.109 0.011 

Locus 37 : 37 
10 alleles
0.0% missing data
 161   (0.359) 0.380 0.535 0.283 0.426 0.371 
 165   (0.216) 0.108 0.176 0.242 0.135 0.220 
 159   (0.013) 0.001 0.028 0.006 0.002 0.008 
 173   (0.257) 0.501 0.133 0.316 0.226 0.259 
 169   (0.097) 0.007 0.118 0.116 0.206 0.093 
 167   (0.018) 0.002 0.008 0.006 0.002 0.015 
 168   (0.011) 0.001 0.000 0.001 0.001 0.011 
 155   (0.015) 0.001 0.000 0.002 0.001 0.016 
 177   (0.007) 0.000 0.000 0.001 0.001 0.005 
 175   (0.008) 0.000 0.000 0.027 0.001 0.004 

Locus 38 : 38 
6 alleles
0.4% missing data
  87   (0.088) 0.126 0.154 0.060 0.553 0.077 
  89   (0.411) 0.102 0.603 0.538 0.051 0.420 
  91   (0.174) 0.182 0.118 0.101 0.208 0.177 
  81   (0.131) 0.118 0.080 0.104 0.016 0.133 
  85   (0.190) 0.472 0.042 0.195 0.172 0.190 
  83   (0.007) 0.000 0.003 0.001 0.001 0.003 

Locus 39 : 39 
4 alleles
0.4% missing data
 167   (0.801) 0.860 0.914 0.803 0.693 0.809 
 161   (0.168) 0.137 0.084 0.148 0.304 0.165 
 165   (0.025) 0.002 0.001 0.048 0.003 0.021 
 177   (0.007) 0.001 0.000 0.001 0.001 0.005 

Locus 40 : 40 
6 alleles
0.2% missing data
 228   (0.413) 0.242 0.552 0.491 0.536 0.406 
 238   (0.336) 0.122 0.306 0.298 0.089 0.349 
 224   (0.024) 0.002 0.076 0.018 0.003 0.018 
 236   (0.103) 0.378 0.063 0.056 0.357 0.096 
 232   (0.013) 0.001 0.001 0.002 0.001 0.014 
 240   (0.110) 0.255 0.002 0.135 0.013 0.117 

Locus 41 : 41 
7 alleles
0.0% missing data
 128   (0.109) 0.037 0.132 0.184 0.013 0.101 
 130   (0.533) 0.772 0.614 0.458 0.063 0.549 
 114   (0.051) 0.003 0.094 0.007 0.494 0.051 
 132   (0.129) 0.056 0.148 0.190 0.016 0.122 
 118   (0.058) 0.125 0.002 0.068 0.206 0.051 
 134   (0.113) 0.007 0.010 0.091 0.208 0.121 
 136   (0.007) 0.000 0.000 0.001 0.001 0.005 

Locus 42 : 42 
6 alleles
1.3% missing data
 102   (0.278) 0.476 0.400 0.333 0.570 0.265 
 104   (0.399) 0.410 0.193 0.500 0.049 0.414 
  92   (0.121) 0.008 0.126 0.063 0.058 0.128 
  96   (0.070) 0.005 0.093 0.025 0.104 0.070 
  98   (0.125) 0.100 0.187 0.077 0.218 0.119 
 106   (0.007) 0.001 0.001 0.001 0.001 0.004 

Locus 43 : 43 
6 alleles
1.6% missing data
 101   (0.325) 0.193 0.412 0.297 0.040 0.336 
 103   (0.300) 0.349 0.220 0.401 0.229 0.295 
  99   (0.149) 0.010 0.067 0.110 0.419 0.156 
  95   (0.202) 0.446 0.300 0.189 0.174 0.193 
  97   (0.017) 0.001 0.000 0.003 0.137 0.015 
  91   (0.007) 0.000 0.000 0.001 0.001 0.005 

Locus 44 : 44 
7 alleles
0.2% missing data
 177   (0.071) 0.005 0.074 0.051 0.010 0.071 
 191   (0.290) 0.107 0.175 0.224 0.281 0.303 
 181   (0.576) 0.855 0.749 0.691 0.531 0.565 
 179   (0.039) 0.003 0.001 0.005 0.176 0.045 
 183   (0.009) 0.001 0.000 0.002 0.001 0.008 
 193   (0.008) 0.000 0.000 0.027 0.001 0.004 
 189   (0.007) 0.029 0.000 0.001 0.001 0.003 

Locus 45 : 45 
6 alleles
0.9% missing data
 205   (0.470) 0.413 0.523 0.500 0.261 0.482 
 211   (0.240) 0.272 0.222 0.176 0.339 0.246 
 207   (0.125) 0.197 0.134 0.181 0.016 0.119 
 201   (0.078) 0.005 0.071 0.064 0.373 0.075 
 215   (0.077) 0.113 0.050 0.079 0.011 0.072 
 202   (0.009) 0.001 0.000 0.001 0.001 0.008 

Locus 46 : 46 
10 alleles
1.1% missing data
 144   (0.058) 0.124 0.212 0.051 0.007 0.048 
 158   (0.170) 0.089 0.151 0.090 0.021 0.182 
 168   (0.138) 0.111 0.190 0.045 0.213 0.143 
 166   (0.123) 0.378 0.293 0.175 0.120 0.106 
 142   (0.363) 0.287 0.146 0.563 0.049 0.372 
 170   (0.017) 0.002 0.002 0.003 0.002 0.016 
 156   (0.025) 0.002 0.001 0.016 0.476 0.020 
 162   (0.047) 0.003 0.001 0.028 0.104 0.049 
 164   (0.053) 0.003 0.003 0.028 0.006 0.059 
 160   (0.007) 0.000 0.000 0.001 0.001 0.005 

Locus 47 : 47 
7 alleles
8.7% missing data
 149   (0.319) 0.336 0.224 0.377 0.344 0.314 
 151   (0.201) 0.015 0.259 0.166 0.101 0.209 
 153   (0.179) 0.029 0.307 0.322 0.028 0.172 
 147   (0.028) 0.002 0.031 0.004 0.005 0.027 
 145   (0.252) 0.616 0.176 0.130 0.519 0.258 
 152   (0.007) 0.001 0.003 0.001 0.002 0.004 
 143   (0.014) 0.001 0.000 0.002 0.002 0.015 

Values of parameters used in structure:
DATAFILE=temp2_no_plains.str,	OUTFILE=k5/temp2_no_plains_k5_run4,	NUMINDS=450,	NUMLOCI=47,	MISSING=-9,	LABEL=1,	POPDATA=1,	POPFLAG=0,	PHENOTYPE=0,	EXTRACOLS=0,	MAXPOPS=5,	BURNIN=500000,	NUMREPS=750000,	USEPOPINFO=0,	INFERALPHA=1,	INFERLAMBDA=0,	POPSPECIFICLAMBDA=0,	POPALPHAS=0,	COMPUTEPROB=1,	NOADMIX=0,	ADMBURNIN=500,	UPDATEFREQ=100,	PRINTLIKES=0,	INTERMEDSAVE=0,	PRINTKLD=0,	PRINTNET=1,	PRINTLAMBDA=1,	ANCESTDIST=0,	NUMBOXES=1000,	ANCESTPINT=0.90000,	GENSBACK=2,	MIGRPRIOR=0.01000,	PRINTQHAT=0,	PRINTQSUM=1,	ALPHA=1.0000,	FREQSCORR=1,	FPRIORMEAN=0.0100,	FPRIORSD=0.0500,	ONEFST=0,	LAMBDA=1.0000,	UNIFPRIORALPHA=1,	ALPHAMAX=10.0000,	ALPHAPRIORA=1.0000,	ALPHAPRIORB=2.0000,	ALPHAPROPSD=0.0250,	STARTATPOPINFO=0,	RANDOMIZE=0,	LINKAGE=0,	METROFREQ=10,	REPORTHITRATE=0,	MARKOVPHASE=0,	PHASED=1,	PLOIDY=2,	PHASEINFO=0	LOCPRIOR=0, 	LOCPRIORINIT=1.000000, 	LOCDATA=0, 	LOCISPOP=1, 	LOCPRIORSTEP=0.100000, 	MAXLOCPRIOR=20.000000, 	SEED=437764,	
[STRAT parameters]:    NUMSIMSTATS=1000,	PHENOTYPECOL=-9,	POOLFREQ=10,	LOCUSxONLY=0,	EMERROR=0.00100,	MISSINGPHENO=-9,	