locusID	N_alleles	Allele_freqencies
BMS1117	3	0.770042 0.146337 0.083621 
TGLA53	2	0.146452 0.853548 
BMC4214	2	0.146452 0.853548 
BM1225	3	0.479166 0.270833 0.250000 
BM47	1	1.000000 
BMS1315	2	0.354664 0.645336 
IL4	3	0.865214 0.053915 0.080872 
BM2113	4	0.020930 0.769769 0.104651 0.104651 
BMS1716	3	0.291670 0.520829 0.187501 
BM1706	3	0.105470 0.433681 0.460849 
BMS1675	1	1.000000 
BMS1857	4	0.125446 0.790923 0.020908 0.062723 
BMS1001	3	0.604167 0.354167 0.041667 
BMS601	3	0.654845 0.068810 0.276345 
BM720	5	0.125002 0.104168 0.291671 0.104168 0.374991 
ILSTS102	2	0.769769 0.230231 
BMS1074	3	0.707252 0.125463 0.167285 
BMS1172	2	0.437504 0.562496 
BMS2258	3	0.542142 0.372133 0.085725 
BM757	1	1.000000 
SPS115	4	0.375000 0.312500 0.250000 0.062500 
BMS527	4	0.146082 0.208689 0.520016 0.125213 
BM2830	5	0.062500 0.520833 0.270833 0.020833 0.125000 
INRA194	2	0.713838 0.286162 
BMS941	2	0.853704 0.146296 
INRA037	4	0.361968 0.051571 0.500948 0.085513 
BM4107	3	0.226866 0.313195 0.459939 
TGLA122	2	0.687498 0.312502 
HUJ246	2	0.924658 0.075342 
BMS528	2	0.937229 0.062771 
BM4440	4	0.020869 0.520016 0.250427 0.208689 
TGLA44	4	0.062644 0.373560 0.229695 0.334101 
BMS510	3	0.561805 0.146065 0.292130 
BMS1355	2	0.352575 0.647425 
BM1824	2	0.695537 0.304463 
BMS812	4	0.331627 0.208867 0.229753 0.229753 
BMS2639	2	0.391379 0.608621 
BMS410	3	0.457294 0.417466 0.125240 
AGLA232	4	0.395833 0.187500 0.187500 0.229167 
BM17132	3	0.083633 0.790918 0.125449 
BM711	2	0.292745 0.707255 
INRA133	3	0.681767 0.191533 0.126700 
RM372	3	0.561806 0.146064 0.292131 
BM4311	4	0.645830 0.062501 0.270836 0.020834 
BMS1747	4	0.104167 0.458333 0.250000 0.187500 
BL1036	3	0.481011 0.205286 0.313703 
BM1862	3	0.209504 0.457206 0.333290 
BMS1862	4	0.627536 0.209511 0.069837 0.093116 
URB011	4	0.547340 0.037722 0.377217 0.037722 
