Iteration	log-likelihood
0	-3266.1229
1	-2444.8126
2	-1124.5973
3	-1047.0188
4	-1028.3317
5	-1021.086
6	-1017.4827
7	-1015.3934
8	-1014.0518
9	-1013.1254
10	-1012.4504
11	-1011.9385
12	-1011.5385
13	-1011.2197
14	-1010.9621
15	-1010.7525
16	-1010.5813
17	-1010.4413
18	-1010.3265
19	-1010.2321
20	-1010.1542
21	-1010.0896
22	-1010.0359
23	-1009.9908
24	-1009.953
25	-1009.921
26	-1009.8939
27	-1009.8708
28	-1009.851
29	-1009.8341
30	-1009.8196
31	-1009.807
32	-1009.7962
33	-1009.7868
34	-1009.7786
35	-1009.7716
36	-1009.7654
37	-1009.76
38	-1009.7552
39	-1009.7511
40	-1009.7474
41	-1009.7442
42	-1009.7413
43	-1009.7388
44	-1009.7365
45	-1009.7345
46	-1009.7328
47	-1009.7312
48	-1009.7297
49	-1009.7284
50	-1009.7273
51	-1009.7262
52	-1009.7253
