locusID	N_alleles	Alleles
BMS1117	3	89 91 93 
TGLA53	3	136 140 138 
BMC4214	4	187 191 179 181 
BM1225	3	253 249 269 
BM47	2	103 104 
BMS1315	4	145 135 141 147 
IL4	5	85 97 93 103 89 
BM2113	4	129 141 149 143 
BMS1716	4	191 195 189 193 
BM1706	2	238 232 
BMS1675	3	87 91 89 
BMS1857	5	158 161 160 162 147 
BMS1001	3	115 113 108 
BMS601	5	172 176 174 178 180 
BM720	4	227 233 229 231 
ILSTS102	2	143 145 
BMS1074	4	156 158 160 154 
BMS1172	2	90 102 
BMS2258	5	127 142 146 140 138 
BM757	3	190 194 188 
SPS115	4	250 252 254 248 
BMS527	3	167 173 177 
BM2830	5	146 158 152 154 166 
INRA194	4	144 160 154 152 
BMS941	3	81 83 77 
INRA037	4	124 126 132 122 
BM4107	4	175 183 165 179 
TGLA122	4	142 138 148 150 
HUJ246	2	262 260 
BMS528	3	146 150 148 
BM4440	2	125 129 
TGLA44	4	153 155 159 157 
BMS510	4	91 92 94 95 
BMS1355	2	150 148 
BM1824	3	180 184 196 
BMS812	4	110 112 106 90 
BMS2639	4	166 176 172 170 
BMS410	3	89 95 85 
AGLA232	4	161 165 169 173 
BM17132	5	81 91 89 87 85 
BM711	2	167 161 
INRA133	4	228 238 236 224 
RM372	4	128 130 114 132 
BM4311	5	102 104 92 96 98 
BMS1747	3	95 101 103 
BL1036	3	181 191 177 
BM1862	5	207 215 205 211 201 
BMS1862	5	158 166 168 144 142 
URB011	4	153 145 149 151 
