

----------------------------------------------------
STRUCTURE by Pritchard, Stephens and Donnelly (2000)
     and Falush, Stephens and Pritchard (2003)
       Code by Pritchard, Falush and Hubisz
             Version 2.3.4 (Jul 2012)
----------------------------------------------------



Command line arguments:   structure -D 413337 -K 5 -m mainparams -o k5/a2_k5_run10 
Input File:    a2.str

Run parameters:
   263 individuals
   47 loci
   5 populations assumed
   500000 Burn-in period
   750000 Reps
RANDOMIZE turned off


--------------------------------------------
Proportion of membership of each pre-defined
 population in each of the 5 clusters

Given    Inferred Clusters                     Number of
 Pop       1      2      3      4      5      Individuals

  1:     0.005  0.978  0.006  0.006  0.005       36
  2:     0.945  0.003  0.018  0.018  0.015       21
  3:     0.042  0.014  0.426  0.443  0.075       26
  4:     0.030  0.013  0.312  0.321  0.324       74
  5:     0.037  0.011  0.167  0.159  0.625       35
  6:     0.044  0.006  0.071  0.072  0.806       24
  7:     0.073  0.025  0.423  0.388  0.091       43
  8:     0.041  0.006  0.426  0.487  0.039        4
--------------------------------------------

Allele-freq. divergence among pops (Net nucleotide distance),
computed using point estimates of P.

      1       2       3       4       5      
 1      -    0.1130  0.0192  0.0198  0.0315  
 2   0.1130     -    0.0746  0.0762  0.1075  
 3   0.0192  0.0746     -    0.0006  0.0127  
 4   0.0198  0.0762  0.0006     -    0.0144  
 5   0.0315  0.1075  0.0127  0.0144     -    

Average distances (expected heterozygosity) between individuals in same cluster:
cluster  1  : 0.5793 
cluster  2  : 0.6344 
cluster  3  : 0.6461 
cluster  4  : 0.6385 
cluster  5  : 0.5878 

--------------------------------------------
Estimated Ln Prob of Data   = -30130.7
Mean value of ln likelihood = -29393.2
Variance of ln likelihood   = 1475.0
Mean value of alpha         = 0.0390

Mean value of Fst_1         = 0.0921
Mean value of Fst_2         = 0.1719
Mean value of Fst_3         = 0.0082
Mean value of Fst_4         = 0.0160
Mean value of Fst_5         = 0.0625


Inferred ancestry of individuals:
        Label (%Miss) Pop:  Inferred clusters
  1      001    (0)    1 :  0.003 0.987 0.004 0.004 0.002 
  2      005    (0)    1 :  0.002 0.991 0.003 0.003 0.002 
  3      106    (0)    1 :  0.004 0.986 0.003 0.004 0.002 
  4      192    (0)    1 :  0.012 0.933 0.025 0.024 0.006 
  5      229    (0)    1 :  0.005 0.973 0.008 0.009 0.006 
  6      319    (0)    1 :  0.003 0.985 0.004 0.005 0.003 
  7      327    (0)    1 :  0.003 0.988 0.003 0.004 0.002 
  8      340    (0)    1 :  0.004 0.981 0.006 0.007 0.003 
  9      345    (0)    1 :  0.006 0.978 0.006 0.007 0.003 
 10      375    (0)    1 :  0.002 0.988 0.004 0.003 0.003 
 11      501    (4)    1 :  0.002 0.987 0.004 0.004 0.003 
 12      502    (0)    1 :  0.008 0.977 0.005 0.005 0.004 
 13      503    (2)    1 :  0.003 0.989 0.003 0.003 0.002 
 14      504    (0)    1 :  0.003 0.981 0.004 0.004 0.007 
 15      505    (0)    1 :  0.011 0.953 0.016 0.018 0.003 
 16      506    (2)    1 :  0.003 0.976 0.008 0.008 0.005 
 17      507    (4)    1 :  0.003 0.988 0.003 0.004 0.002 
 18      508    (0)    1 :  0.005 0.965 0.010 0.010 0.010 
 19      509    (2)    1 :  0.003 0.988 0.003 0.003 0.003 
 20      510    (2)    1 :  0.004 0.973 0.007 0.005 0.011 
 21      511    (4)    1 :  0.003 0.988 0.003 0.003 0.004 
 22      512    (4)    1 :  0.003 0.987 0.004 0.004 0.003 
 23      513    (0)    1 :  0.003 0.985 0.005 0.005 0.003 
 24      514    (0)    1 :  0.002 0.976 0.007 0.006 0.009 
 25      515    (2)    1 :  0.003 0.989 0.003 0.003 0.002 
 26      516    (2)    1 :  0.004 0.976 0.006 0.006 0.007 
 27      517    (0)    1 :  0.001 0.989 0.002 0.002 0.005 
 28      518    (0)    1 :  0.005 0.976 0.007 0.007 0.005 
 29      519    (0)    1 :  0.003 0.986 0.004 0.004 0.003 
 30      520    (2)    1 :  0.004 0.985 0.003 0.003 0.004 
 31      521    (2)    1 :  0.004 0.987 0.003 0.004 0.003 
 32      522    (0)    1 :  0.012 0.962 0.007 0.006 0.012 
 33      523    (2)    1 :  0.008 0.972 0.007 0.008 0.005 
 34      524    (0)    1 :  0.042 0.898 0.020 0.015 0.023 
 35      525    (0)    1 :  0.002 0.989 0.003 0.003 0.002 
 36      526    (2)    1 :  0.002 0.989 0.003 0.003 0.003 
 37      527    (2)    2 :  0.947 0.009 0.009 0.010 0.025 
 38      528    (4)    2 :  0.949 0.002 0.018 0.023 0.007 
 39      529    (4)    2 :  0.868 0.003 0.047 0.031 0.051 
 40      530    (0)    2 :  0.965 0.005 0.011 0.014 0.005 
 41      531    (2)    2 :  0.964 0.005 0.012 0.013 0.007 
 42      532    (4)    2 :  0.968 0.003 0.012 0.012 0.005 
 43      533    (0)    2 :  0.968 0.006 0.009 0.010 0.007 
 44      534    (2)    2 :  0.982 0.003 0.006 0.005 0.005 
 45      535    (2)    2 :  0.976 0.002 0.007 0.007 0.008 
 46      536    (2)    2 :  0.972 0.002 0.008 0.009 0.008 
 47      537    (2)    2 :  0.953 0.002 0.010 0.011 0.025 
 48      538    (2)    2 :  0.758 0.004 0.095 0.115 0.028 
 49      539    (2)    2 :  0.991 0.001 0.003 0.002 0.003 
 50      540    (2)    2 :  0.966 0.002 0.009 0.011 0.012 
 51      541    (2)    2 :  0.948 0.003 0.009 0.011 0.029 
 52      542    (2)    2 :  0.935 0.003 0.015 0.016 0.030 
 53      543    (0)    2 :  0.861 0.002 0.060 0.041 0.035 
 54      544    (2)    2 :  0.986 0.003 0.004 0.004 0.003 
 55      545    (2)    2 :  0.972 0.002 0.009 0.009 0.008 
 56      546    (4)    2 :  0.967 0.002 0.013 0.011 0.006 
 57      547    (6)    2 :  0.953 0.003 0.015 0.013 0.015 
 58      010    (0)    3 :  0.006 0.011 0.418 0.556 0.008 
 59      024    (0)    3 :  0.009 0.038 0.526 0.370 0.056 
 60      051    (0)    3 :  0.010 0.031 0.343 0.607 0.008 
 61      090    (0)    3 :  0.015 0.017 0.574 0.372 0.022 
 62      102    (0)    3 :  0.402 0.002 0.226 0.161 0.208 
 63      111    (0)    3 :  0.014 0.004 0.344 0.622 0.017 
 64      113    (0)    3 :  0.057 0.005 0.314 0.559 0.064 
 65      138    (0)    3 :  0.018 0.007 0.389 0.570 0.016 
 66      150    (0)    3 :  0.058 0.040 0.036 0.036 0.830 
 67      173    (2)    3 :  0.010 0.027 0.462 0.368 0.132 
 68      174    (2)    3 :  0.022 0.020 0.260 0.693 0.005 
 69      175    (0)    3 :  0.006 0.055 0.493 0.436 0.010 
 70      176    (0)    3 :  0.037 0.004 0.512 0.429 0.017 
 71      177    (0)    3 :  0.009 0.007 0.309 0.658 0.017 
 72      180    (0)    3 :  0.091 0.002 0.289 0.610 0.007 
 73      184    (0)    3 :  0.007 0.010 0.486 0.413 0.085 
 74      195    (0)    3 :  0.006 0.006 0.572 0.393 0.023 
 75      198    (0)    3 :  0.046 0.007 0.290 0.648 0.009 
 76      203    (0)    3 :  0.031 0.003 0.597 0.339 0.030 
 77      211    (0)    3 :  0.087 0.005 0.444 0.434 0.032 
 78      220    (0)    3 :  0.010 0.006 0.510 0.313 0.161 
 79      233    (0)    3 :  0.014 0.003 0.590 0.255 0.138 
 80      331    (0)    3 :  0.017 0.029 0.542 0.400 0.012 
 81      349    (0)    3 :  0.012 0.024 0.669 0.275 0.021 
 82      410    (0)    3 :  0.025 0.005 0.495 0.470 0.005 
 83      417    (2)    3 :  0.075 0.005 0.387 0.521 0.012 
 84      421    (0)    4 :  0.008 0.001 0.011 0.010 0.970 
 85      423    (0)    4 :  0.033 0.007 0.648 0.305 0.007 
 86      424    (0)    4 :  0.052 0.008 0.374 0.555 0.010 
 87      433    (0)    4 :  0.016 0.016 0.176 0.303 0.489 
 88      462    (0)    4 :  0.037 0.007 0.346 0.440 0.170 
 89      463    (0)    4 :  0.032 0.022 0.498 0.433 0.016 
 90      467    (0)    4 :  0.010 0.008 0.011 0.011 0.961 
 91      468    (0)    4 :  0.017 0.008 0.133 0.033 0.809 
 92      469    (0)    4 :  0.193 0.003 0.203 0.140 0.462 
 93      472    (0)    4 :  0.008 0.022 0.535 0.405 0.029 
 94      473    (0)    4 :  0.006 0.013 0.644 0.280 0.057 
 95      474    (0)    4 :  0.012 0.002 0.007 0.007 0.972 
 96      475    (0)    4 :  0.008 0.010 0.170 0.161 0.651 
 97      476    (2)    4 :  0.005 0.032 0.019 0.013 0.931 
 98      477    (0)    4 :  0.012 0.010 0.686 0.247 0.046 
 99      478    (0)    4 :  0.022 0.003 0.595 0.301 0.079 
100      479    (0)    4 :  0.093 0.002 0.082 0.113 0.709 
101      480    (0)    4 :  0.005 0.002 0.008 0.008 0.978 
102      481    (0)    4 :  0.012 0.008 0.557 0.376 0.046 
103      482    (0)    4 :  0.005 0.004 0.291 0.657 0.043 
104      489    (0)    4 :  0.011 0.026 0.466 0.441 0.057 
105      490    (0)    4 :  0.108 0.010 0.208 0.659 0.015 
106      491    (0)    4 :  0.006 0.002 0.536 0.415 0.041 
107      492    (0)    4 :  0.017 0.022 0.069 0.063 0.829 
108      493    (0)    4 :  0.018 0.030 0.089 0.060 0.803 
109      494    (0)    4 :  0.009 0.025 0.205 0.441 0.319 
110      498    (0)    4 :  0.033 0.010 0.538 0.390 0.029 
111      499    (0)    4 :  0.016 0.007 0.462 0.493 0.023 
112      709    (0)    4 :  0.010 0.015 0.485 0.472 0.018 
113      710    (4)    4 :  0.017 0.064 0.474 0.179 0.265 
114      711    (2)    4 :  0.060 0.003 0.456 0.460 0.020 
115      712    (4)    4 :  0.037 0.004 0.243 0.699 0.018 
116      713    (0)    4 :  0.012 0.025 0.699 0.259 0.006 
117      714    (2)    4 :  0.007 0.007 0.013 0.011 0.962 
118      715    (4)    4 :  0.028 0.004 0.020 0.031 0.917 
119      716    (0)    4 :  0.007 0.002 0.010 0.011 0.970 
120      717    (2)    4 :  0.008 0.006 0.240 0.194 0.552 
121      718    (4)    4 :  0.026 0.005 0.449 0.465 0.055 
122      719    (0)    4 :  0.004 0.003 0.005 0.005 0.984 
123      720    (2)    4 :  0.008 0.006 0.025 0.017 0.944 
124      721    (0)    4 :  0.020 0.014 0.236 0.225 0.505 
125      722    (4)    4 :  0.012 0.002 0.005 0.004 0.977 
126      723    (0)    4 :  0.005 0.003 0.021 0.013 0.957 
127      724    (0)    4 :  0.011 0.024 0.019 0.017 0.929 
128      725    (0)    4 :  0.005 0.019 0.563 0.382 0.030 
129      726    (0)    4 :  0.007 0.038 0.274 0.178 0.503 
130      727    (0)    4 :  0.006 0.002 0.252 0.630 0.109 
131      728    (2)    4 :  0.036 0.010 0.520 0.417 0.017 
132      729    (6)    4 :  0.009 0.004 0.541 0.411 0.035 
133      730    (2)    4 :  0.031 0.004 0.231 0.699 0.035 
134      731    (2)    4 :  0.012 0.004 0.483 0.490 0.010 
135      732    (0)    4 :  0.016 0.009 0.394 0.364 0.216 
136      733    (0)    4 :  0.026 0.011 0.408 0.482 0.073 
137      734    (2)    4 :  0.020 0.026 0.327 0.591 0.036 
138      735    (4)    4 :  0.010 0.002 0.615 0.307 0.065 
139      736    (2)    4 :  0.007 0.008 0.287 0.690 0.008 
140      737    (0)    4 :  0.021 0.003 0.315 0.653 0.007 
141      738    (2)    4 :  0.026 0.005 0.472 0.486 0.011 
142      739    (8)    4 :  0.017 0.003 0.265 0.676 0.038 
143      740    (4)    4 :  0.019 0.006 0.497 0.384 0.094 
144      741    (2)    4 :  0.064 0.007 0.274 0.475 0.180 
145      742    (4)    4 :  0.038 0.006 0.273 0.670 0.012 
146      743    (2)    4 :  0.006 0.004 0.011 0.013 0.967 
147      744    (0)    4 :  0.006 0.136 0.265 0.292 0.300 
148      745    (0)    4 :  0.236 0.005 0.127 0.082 0.551 
149      746    (2)    4 :  0.010 0.005 0.517 0.461 0.007 
150      747    (2)    4 :  0.175 0.007 0.295 0.505 0.019 
151      748    (0)    4 :  0.167 0.017 0.493 0.265 0.057 
152      749    (2)    4 :  0.045 0.092 0.436 0.414 0.013 
153      750    (4)    4 :  0.031 0.011 0.418 0.526 0.014 
154      751    (0)    4 :  0.026 0.003 0.600 0.352 0.019 
155      752    (2)    4 :  0.014 0.003 0.099 0.025 0.859 
156      753    (4)    4 :  0.025 0.005 0.617 0.268 0.085 
157      754    (2)    4 :  0.008 0.006 0.250 0.729 0.007 
158      155    (0)    5 :  0.044 0.012 0.643 0.277 0.024 
159      156    (2)    5 :  0.009 0.015 0.463 0.503 0.010 
160      157    (2)    5 :  0.009 0.031 0.279 0.664 0.017 
161      158    (0)    5 :  0.015 0.005 0.410 0.549 0.022 
162      159    (0)    5 :  0.025 0.012 0.674 0.272 0.018 
163      160    (0)    5 :  0.014 0.005 0.125 0.156 0.700 
164      161    (0)    5 :  0.010 0.181 0.325 0.401 0.081 
165      162    (0)    5 :  0.007 0.004 0.187 0.085 0.718 
166      163    (2)    5 :  0.006 0.003 0.335 0.648 0.008 
167      164    (0)    5 :  0.127 0.018 0.583 0.241 0.031 
168      165    (2)    5 :  0.014 0.021 0.350 0.605 0.009 
169      427    (0)    5 :  0.007 0.004 0.013 0.011 0.964 
170      428    (0)    5 :  0.006 0.002 0.008 0.006 0.978 
171      429    (0)    5 :  0.007 0.002 0.009 0.007 0.975 
172      430    (0)    5 :  0.134 0.010 0.391 0.308 0.158 
173      431    (0)    5 :  0.030 0.003 0.014 0.013 0.940 
174      435    (0)    5 :  0.003 0.001 0.004 0.004 0.988 
175      436    (0)    5 :  0.011 0.003 0.005 0.005 0.976 
176      437    (0)    5 :  0.057 0.003 0.011 0.009 0.920 
177      438    (0)    5 :  0.019 0.003 0.020 0.016 0.942 
178      439    (0)    5 :  0.054 0.003 0.104 0.100 0.739 
179      441    (0)    5 :  0.009 0.005 0.129 0.027 0.829 
180      442    (0)    5 :  0.012 0.003 0.029 0.019 0.937 
181      443    (4)    5 :  0.012 0.002 0.008 0.008 0.970 
182      444    (4)    5 :  0.009 0.008 0.009 0.008 0.966 
183      445    (2)    5 :  0.016 0.003 0.175 0.070 0.735 
184      446    (0)    5 :  0.007 0.004 0.007 0.009 0.973 
185      447    (0)    5 :  0.018 0.001 0.010 0.010 0.960 
186      449    (0)    5 :  0.006 0.002 0.004 0.004 0.985 
187      460    (0)    5 :  0.028 0.004 0.016 0.010 0.941 
188      461    (0)    5 :  0.116 0.008 0.117 0.115 0.644 
189      484    (0)    5 :  0.413 0.005 0.173 0.330 0.080 
190      485    (0)    5 :  0.005 0.002 0.008 0.008 0.976 
191      486    (0)    5 :  0.007 0.007 0.162 0.037 0.787 
192      487    (0)    5 :  0.014 0.003 0.048 0.047 0.888 
193      178    (0)    6 :  0.005 0.015 0.043 0.046 0.890 
194      422    (0)    6 :  0.007 0.002 0.007 0.010 0.974 
195      425    (0)    6 :  0.005 0.002 0.018 0.018 0.956 
196      426    (0)    6 :  0.005 0.020 0.362 0.553 0.060 
197      432    (0)    6 :  0.038 0.007 0.232 0.131 0.592 
198      434    (0)    6 :  0.005 0.002 0.005 0.006 0.981 
199      440    (0)    6 :  0.008 0.004 0.071 0.056 0.861 
200      448    (2)    6 :  0.014 0.002 0.008 0.008 0.968 
201      456    (0)    6 :  0.036 0.003 0.413 0.221 0.326 
202      457    (0)    6 :  0.105 0.004 0.034 0.017 0.841 
203      458    (0)    6 :  0.020 0.005 0.199 0.272 0.504 
204      459    (0)    6 :  0.014 0.005 0.017 0.018 0.947 
205      464    (0)    6 :  0.003 0.006 0.007 0.007 0.977 
206      465    (0)    6 :  0.005 0.003 0.011 0.013 0.968 
207      466    (0)    6 :  0.041 0.002 0.029 0.029 0.899 
208      470    (0)    6 :  0.005 0.003 0.006 0.006 0.981 
209      471    (0)    6 :  0.007 0.004 0.014 0.015 0.960 
210      483    (0)    6 :  0.015 0.010 0.040 0.086 0.848 
211      488    (0)    6 :  0.030 0.003 0.052 0.036 0.878 
212      495    (0)    6 :  0.025 0.004 0.011 0.013 0.948 
213      496    (0)    6 :  0.004 0.004 0.010 0.013 0.970 
214      497    (0)    6 :  0.029 0.005 0.021 0.012 0.934 
215      500    (0)    6 :  0.620 0.034 0.080 0.109 0.157 
216      879    (0)    6 :  0.012 0.006 0.018 0.036 0.929 
217      036    (0)    7 :  0.010 0.004 0.704 0.263 0.019 
218      063    (2)    7 :  0.024 0.004 0.391 0.528 0.053 
219      094    (4)    7 :  0.382 0.032 0.251 0.275 0.060 
220      103    (4)    7 :  0.010 0.013 0.351 0.617 0.008 
221      112    (0)    7 :  0.027 0.006 0.369 0.590 0.007 
222      114    (2)    7 :  0.009 0.003 0.582 0.367 0.039 
223      120    (0)    7 :  0.151 0.004 0.279 0.543 0.024 
224      127    (2)    7 :  0.020 0.006 0.607 0.349 0.018 
225      147    (0)    7 :  0.004 0.008 0.433 0.539 0.016 
226      166    (0)    7 :  0.024 0.074 0.407 0.444 0.051 
227      167    (0)    7 :  0.006 0.007 0.236 0.246 0.505 
228      168    (0)    7 :  0.011 0.009 0.724 0.240 0.016 
229      169    (2)    7 :  0.012 0.005 0.226 0.292 0.465 
230      170    (0)    7 :  0.011 0.023 0.421 0.530 0.016 
231      171    (2)    7 :  0.300 0.012 0.265 0.414 0.008 
232      172    (0)    7 :  0.062 0.005 0.239 0.675 0.020 
233      185    (0)    7 :  0.011 0.006 0.500 0.336 0.146 
234      199    (2)    7 :  0.010 0.012 0.702 0.267 0.010 
235      339    (0)    7 :  0.009 0.003 0.088 0.060 0.840 
236      355    (0)    7 :  0.006 0.038 0.647 0.304 0.005 
237      356    (0)    7 :  0.004 0.083 0.291 0.611 0.010 
238      357    (0)    7 :  0.021 0.006 0.615 0.343 0.015 
239      358    (0)    7 :  0.037 0.004 0.643 0.293 0.023 
240      359    (0)    7 :  0.019 0.005 0.470 0.498 0.008 
241      360    (0)    7 :  0.042 0.027 0.482 0.381 0.068 
242      361    (0)    7 :  0.016 0.003 0.238 0.632 0.112 
243      362    (0)    7 :  0.536 0.031 0.196 0.129 0.108 
244      363    (0)    7 :  0.007 0.009 0.418 0.541 0.025 
245      364    (0)    7 :  0.418 0.101 0.307 0.150 0.024 
246      365    (0)    7 :  0.304 0.179 0.287 0.140 0.090 
247      366    (0)    7 :  0.020 0.006 0.470 0.498 0.006 
248      367    (0)    7 :  0.042 0.002 0.666 0.281 0.010 
249      368    (0)    7 :  0.191 0.107 0.474 0.218 0.009 
250      369    (0)    7 :  0.010 0.016 0.565 0.402 0.006 
251      370    (0)    7 :  0.009 0.054 0.274 0.640 0.022 
252      371    (0)    7 :  0.124 0.003 0.567 0.294 0.012 
253      372    (0)    7 :  0.035 0.012 0.081 0.121 0.752 
254      373    (0)    7 :  0.020 0.085 0.355 0.507 0.033 
255      380    (0)    7 :  0.019 0.009 0.331 0.630 0.010 
256      388    (0)    7 :  0.021 0.044 0.326 0.599 0.010 
257      418    (0)    7 :  0.024 0.005 0.681 0.269 0.021 
258      419    (0)    7 :  0.009 0.006 0.679 0.263 0.043 
259      420    (0)    7 :  0.111 0.011 0.369 0.354 0.156 
260      409    (0)    8 :  0.021 0.005 0.356 0.595 0.024 
261      414    (0)    8 :  0.058 0.003 0.491 0.436 0.012 
262      415    (2)    8 :  0.013 0.013 0.453 0.510 0.011 
263      416    (0)    8 :  0.073 0.003 0.407 0.406 0.110 


Estimated Allele Frequencies in each cluster
First column gives estimated ancestral frequencies


Locus 1 : 1 
4 alleles
0.0% missing data
  89   (0.553) 0.616 0.298 0.564 0.548 0.546 
  91   (0.366) 0.309 0.672 0.363 0.390 0.394 
  93   (0.063) 0.073 0.029 0.058 0.053 0.040 
  99   (0.017) 0.003 0.001 0.015 0.009 0.019 

Locus 2 : 2 
6 alleles
1.9% missing data
 136   (0.369) 0.681 0.453 0.383 0.422 0.088 
 140   (0.074) 0.027 0.121 0.070 0.070 0.044 
 138   (0.286) 0.183 0.227 0.279 0.265 0.476 
 134   (0.216) 0.094 0.187 0.216 0.203 0.286 
 142   (0.025) 0.004 0.011 0.019 0.017 0.102 
 132   (0.029) 0.010 0.002 0.033 0.023 0.004 

Locus 3 : 3 
6 alleles
0.0% missing data
 187   (0.325) 0.481 0.351 0.330 0.352 0.201 
 181   (0.236) 0.166 0.078 0.237 0.219 0.321 
 185   (0.089) 0.022 0.256 0.086 0.084 0.094 
 175   (0.062) 0.015 0.241 0.054 0.057 0.128 
 179   (0.250) 0.297 0.061 0.256 0.263 0.246 
 191   (0.038) 0.020 0.013 0.036 0.025 0.011 

Locus 4 : 4 
10 alleles
0.4% missing data
 241   (0.153) 0.053 0.518 0.152 0.156 0.151 
 271   (0.044) 0.023 0.114 0.041 0.035 0.011 
 249   (0.025) 0.004 0.065 0.024 0.017 0.002 
 253   (0.503) 0.713 0.185 0.518 0.524 0.523 
 245   (0.012) 0.002 0.065 0.008 0.006 0.001 
 269   (0.158) 0.170 0.035 0.155 0.152 0.255 
 247   (0.073) 0.016 0.016 0.076 0.084 0.052 
 267   (0.008) 0.015 0.001 0.005 0.003 0.001 
 239   (0.014) 0.002 0.001 0.013 0.012 0.002 
 273   (0.010) 0.002 0.001 0.009 0.011 0.001 

Locus 5 : 5 
6 alleles
0.4% missing data
 103   (0.817) 0.924 0.739 0.824 0.817 0.948 
 105   (0.059) 0.020 0.161 0.058 0.069 0.018 
 107   (0.019) 0.003 0.026 0.017 0.012 0.002 
 104   (0.078) 0.048 0.072 0.077 0.077 0.030 
 102   (0.018) 0.003 0.001 0.018 0.021 0.002 
 101   (0.008) 0.001 0.001 0.007 0.005 0.001 

Locus 6 : 6 
5 alleles
0.0% missing data
 135   (0.226) 0.207 0.637 0.217 0.211 0.170 
 147   (0.070) 0.026 0.120 0.068 0.071 0.015 
 137   (0.016) 0.003 0.090 0.011 0.012 0.002 
 141   (0.270) 0.586 0.127 0.261 0.217 0.288 
 145   (0.418) 0.179 0.027 0.442 0.490 0.525 

Locus 7 : 7 
10 alleles
1.5% missing data
  89   (0.078) 0.026 0.288 0.072 0.071 0.118 
 101   (0.013) 0.002 0.126 0.008 0.008 0.001 
  97   (0.201) 0.261 0.256 0.204 0.174 0.135 
 105   (0.019) 0.003 0.091 0.016 0.011 0.002 
  91   (0.073) 0.017 0.059 0.074 0.071 0.032 
  93   (0.202) 0.324 0.129 0.194 0.196 0.300 
  99   (0.013) 0.002 0.026 0.009 0.006 0.001 
 103   (0.277) 0.276 0.018 0.294 0.333 0.341 
  85   (0.049) 0.074 0.003 0.045 0.049 0.030 
  83   (0.076) 0.015 0.005 0.083 0.083 0.041 

Locus 8 : 8 
8 alleles
0.0% missing data
 143   (0.250) 0.143 0.290 0.258 0.257 0.207 
 127   (0.020) 0.004 0.097 0.016 0.015 0.002 
 149   (0.093) 0.091 0.294 0.087 0.070 0.081 
 129   (0.551) 0.685 0.314 0.561 0.587 0.676 
 141   (0.044) 0.059 0.003 0.041 0.041 0.023 
 133   (0.022) 0.014 0.001 0.022 0.019 0.003 
 145   (0.008) 0.001 0.000 0.006 0.005 0.001 
 131   (0.012) 0.002 0.001 0.008 0.006 0.007 

Locus 9 : 9 
4 alleles
0.0% missing data
 189   (0.472) 0.393 0.345 0.482 0.504 0.435 
 191   (0.387) 0.523 0.349 0.391 0.370 0.316 
 195   (0.132) 0.083 0.305 0.121 0.121 0.248 
 197   (0.008) 0.001 0.001 0.006 0.005 0.001 

Locus 10 : 10 
7 alleles
0.8% missing data
 238   (0.556) 0.615 0.744 0.551 0.539 0.776 
 232   (0.253) 0.246 0.123 0.264 0.283 0.151 
 250   (0.018) 0.003 0.029 0.015 0.014 0.002 
 252   (0.100) 0.089 0.018 0.100 0.107 0.063 
 254   (0.044) 0.042 0.085 0.042 0.035 0.005 
 236   (0.008) 0.001 0.001 0.007 0.005 0.001 
 248   (0.020) 0.003 0.001 0.021 0.017 0.002 

Locus 11 : 11 
4 alleles
0.0% missing data
  87   (0.692) 0.648 0.502 0.700 0.682 0.836 
  85   (0.022) 0.004 0.167 0.020 0.015 0.002 
  89   (0.230) 0.252 0.155 0.233 0.249 0.140 
  91   (0.055) 0.096 0.176 0.047 0.054 0.021 

Locus 12 : 12 
13 alleles
0.8% missing data
 160   (0.201) 0.103 0.439 0.200 0.211 0.273 
 143   (0.038) 0.007 0.163 0.039 0.029 0.005 
 161   (0.102) 0.034 0.253 0.098 0.112 0.106 
 170   (0.065) 0.027 0.030 0.064 0.059 0.038 
 158   (0.239) 0.393 0.092 0.244 0.255 0.167 
 147   (0.039) 0.157 0.003 0.033 0.029 0.034 
 162   (0.229) 0.261 0.015 0.245 0.249 0.275 
 154   (0.022) 0.006 0.002 0.024 0.020 0.002 
 149   (0.023) 0.005 0.001 0.021 0.013 0.075 
 153   (0.014) 0.002 0.001 0.014 0.010 0.001 
 150   (0.008) 0.001 0.001 0.005 0.003 0.007 
 159   (0.011) 0.002 0.001 0.007 0.005 0.017 
 164   (0.008) 0.002 0.000 0.007 0.004 0.001 

Locus 13 : 13 
5 alleles
0.0% missing data
 115   (0.459) 0.589 0.378 0.459 0.446 0.525 
 113   (0.326) 0.305 0.336 0.324 0.309 0.364 
 108   (0.198) 0.103 0.285 0.205 0.235 0.109 
 109   (0.008) 0.001 0.001 0.006 0.005 0.001 
 110   (0.008) 0.001 0.001 0.006 0.005 0.001 

Locus 14 : 14 
5 alleles
2.3% missing data
 229   (0.545) 0.619 0.484 0.547 0.559 0.529 
 231   (0.148) 0.152 0.347 0.158 0.173 0.018 
 233   (0.055) 0.049 0.096 0.049 0.035 0.042 
 225   (0.128) 0.067 0.065 0.124 0.121 0.113 
 227   (0.124) 0.113 0.008 0.121 0.111 0.299 

Locus 15 : 15 
5 alleles
0.8% missing data
 143   (0.827) 0.947 0.651 0.838 0.835 0.879 
 145   (0.090) 0.022 0.181 0.088 0.087 0.060 
 147   (0.061) 0.015 0.167 0.055 0.054 0.059 
 157   (0.008) 0.013 0.001 0.005 0.003 0.001 
 133   (0.014) 0.002 0.001 0.014 0.020 0.001 

Locus 16 : 16 
5 alleles
0.0% missing data
 154   (0.090) 0.100 0.385 0.090 0.087 0.021 
 156   (0.222) 0.200 0.159 0.223 0.274 0.215 
 160   (0.131) 0.150 0.125 0.127 0.104 0.134 
 158   (0.547) 0.549 0.331 0.554 0.531 0.618 
 152   (0.009) 0.002 0.001 0.006 0.004 0.013 

Locus 17 : 17 
5 alleles
0.0% missing data
  88   (0.091) 0.036 0.453 0.093 0.075 0.031 
  90   (0.649) 0.528 0.336 0.657 0.702 0.731 
 100   (0.056) 0.014 0.163 0.057 0.068 0.013 
 102   (0.195) 0.421 0.047 0.189 0.152 0.218 
 104   (0.009) 0.001 0.001 0.005 0.003 0.007 

Locus 18 : 18 
7 alleles
0.0% missing data
 127   (0.302) 0.173 0.376 0.313 0.334 0.290 
 140   (0.287) 0.193 0.308 0.296 0.310 0.258 
 150   (0.062) 0.014 0.212 0.055 0.049 0.136 
 148   (0.093) 0.097 0.070 0.088 0.074 0.078 
 142   (0.138) 0.387 0.026 0.138 0.138 0.087 
 146   (0.068) 0.097 0.004 0.065 0.053 0.110 
 138   (0.049) 0.039 0.003 0.045 0.043 0.040 

Locus 19 : 19 
8 alleles
0.4% missing data
 194   (0.568) 0.614 0.560 0.578 0.577 0.523 
 200   (0.106) 0.031 0.303 0.103 0.093 0.142 
 190   (0.109) 0.281 0.044 0.099 0.091 0.177 
 202   (0.018) 0.003 0.042 0.014 0.016 0.002 
 198   (0.009) 0.001 0.038 0.005 0.003 0.001 
 188   (0.174) 0.068 0.012 0.189 0.207 0.154 
 192   (0.008) 0.001 0.001 0.006 0.007 0.001 
 196   (0.008) 0.001 0.001 0.006 0.006 0.001 

Locus 20 : 20 
6 alleles
0.8% missing data
 246   (0.101) 0.055 0.209 0.099 0.096 0.059 
 250   (0.079) 0.142 0.418 0.070 0.053 0.066 
 254   (0.067) 0.052 0.235 0.057 0.054 0.079 
 252   (0.703) 0.742 0.091 0.729 0.753 0.784 
 244   (0.022) 0.004 0.046 0.016 0.015 0.007 
 248   (0.027) 0.006 0.002 0.029 0.029 0.004 

Locus 21 : 21 
7 alleles
0.4% missing data
 167   (0.190) 0.220 0.074 0.194 0.212 0.120 
 175   (0.139) 0.041 0.497 0.138 0.140 0.080 
 173   (0.279) 0.435 0.205 0.265 0.253 0.491 
 163   (0.043) 0.010 0.107 0.039 0.036 0.015 
 177   (0.269) 0.278 0.042 0.280 0.291 0.260 
 165   (0.050) 0.012 0.073 0.049 0.042 0.027 
 159   (0.031) 0.005 0.002 0.035 0.026 0.007 

Locus 22 : 22 
11 alleles
1.1% missing data
 150   (0.031) 0.006 0.104 0.029 0.024 0.008 
 158   (0.096) 0.031 0.425 0.102 0.099 0.020 
 142   (0.021) 0.004 0.030 0.017 0.011 0.010 
 162   (0.066) 0.012 0.134 0.068 0.068 0.020 
 156   (0.021) 0.004 0.115 0.016 0.011 0.015 
 164   (0.032) 0.019 0.069 0.027 0.026 0.004 
 152   (0.409) 0.552 0.102 0.411 0.445 0.565 
 146   (0.211) 0.151 0.014 0.220 0.212 0.320 
 154   (0.009) 0.046 0.001 0.005 0.003 0.001 
 166   (0.096) 0.174 0.006 0.099 0.095 0.036 
 148   (0.008) 0.001 0.001 0.006 0.006 0.001 

Locus 23 : 23 
7 alleles
1.5% missing data
 154   (0.557) 0.564 0.195 0.577 0.557 0.578 
 156   (0.136) 0.116 0.414 0.138 0.168 0.044 
 144   (0.169) 0.252 0.235 0.156 0.147 0.238 
 158   (0.031) 0.006 0.139 0.029 0.028 0.005 
 160   (0.088) 0.058 0.016 0.085 0.087 0.132 
 152   (0.008) 0.002 0.001 0.006 0.004 0.002 
 146   (0.011) 0.002 0.001 0.009 0.009 0.001 

Locus 24 : 24 
4 alleles
0.8% missing data
  83   (0.440) 0.386 0.588 0.445 0.446 0.445 
  81   (0.392) 0.311 0.376 0.399 0.386 0.389 
  85   (0.096) 0.094 0.032 0.090 0.108 0.086 
  77   (0.073) 0.209 0.005 0.067 0.060 0.079 

Locus 25 : 25 
6 alleles
0.4% missing data
 124   (0.541) 0.491 0.485 0.548 0.570 0.557 
 126   (0.025) 0.029 0.013 0.020 0.015 0.003 
 122   (0.101) 0.060 0.455 0.091 0.089 0.112 
 120   (0.022) 0.003 0.026 0.020 0.017 0.002 
 132   (0.295) 0.408 0.019 0.307 0.300 0.324 
 136   (0.015) 0.008 0.001 0.014 0.009 0.002 

Locus 26 : 26 
7 alleles
0.4% missing data
 179   (0.099) 0.067 0.278 0.095 0.072 0.073 
 181   (0.072) 0.015 0.264 0.076 0.086 0.011 
 185   (0.013) 0.002 0.102 0.009 0.007 0.001 
 183   (0.340) 0.448 0.223 0.344 0.352 0.328 
 165   (0.231) 0.172 0.117 0.229 0.231 0.270 
 175   (0.236) 0.294 0.016 0.240 0.248 0.316 
 157   (0.008) 0.001 0.001 0.007 0.004 0.001 

Locus 27 : 27 
4 alleles
0.4% missing data
 142   (0.633) 0.636 0.534 0.641 0.630 0.754 
 148   (0.203) 0.173 0.272 0.208 0.231 0.092 
 150   (0.123) 0.075 0.165 0.118 0.111 0.132 
 138   (0.042) 0.117 0.029 0.033 0.029 0.022 

Locus 28 : 28 
6 alleles
0.8% missing data
 260   (0.378) 0.381 0.229 0.381 0.351 0.512 
 262   (0.491) 0.568 0.683 0.497 0.545 0.399 
 256   (0.089) 0.043 0.085 0.086 0.076 0.059 
 258   (0.014) 0.003 0.001 0.014 0.010 0.001 
 266   (0.008) 0.001 0.001 0.005 0.003 0.007 
 264   (0.020) 0.003 0.001 0.016 0.015 0.022 

Locus 29 : 29 
7 alleles
0.4% missing data
 140   (0.179) 0.130 0.389 0.179 0.157 0.160 
 146   (0.284) 0.232 0.320 0.290 0.315 0.253 
 150   (0.431) 0.532 0.248 0.438 0.453 0.506 
 148   (0.058) 0.047 0.041 0.054 0.046 0.040 
 142   (0.008) 0.016 0.001 0.005 0.003 0.001 
 151   (0.011) 0.038 0.001 0.008 0.005 0.001 
 152   (0.028) 0.006 0.002 0.027 0.020 0.038 

Locus 30 : 30 
6 alleles
0.0% missing data
 127   (0.096) 0.023 0.527 0.097 0.080 0.063 
 131   (0.046) 0.014 0.129 0.039 0.040 0.036 
 125   (0.294) 0.459 0.136 0.310 0.336 0.073 
 129   (0.401) 0.454 0.094 0.398 0.397 0.594 
 123   (0.151) 0.047 0.113 0.146 0.138 0.232 
 121   (0.012) 0.002 0.001 0.010 0.008 0.001 

Locus 31 : 31 
6 alleles
0.4% missing data
 153   (0.069) 0.048 0.300 0.061 0.058 0.077 
 155   (0.535) 0.619 0.425 0.554 0.548 0.436 
 159   (0.180) 0.162 0.200 0.172 0.180 0.262 
 157   (0.176) 0.153 0.060 0.177 0.182 0.221 
 151   (0.032) 0.005 0.015 0.032 0.029 0.003 
 163   (0.008) 0.013 0.001 0.005 0.003 0.001 

Locus 32 : 32 
5 alleles
0.0% missing data
 146   (0.349) 0.158 0.640 0.356 0.366 0.322 
 154   (0.044) 0.022 0.065 0.041 0.044 0.009 
 150   (0.540) 0.680 0.256 0.545 0.552 0.592 
 148   (0.055) 0.139 0.039 0.050 0.033 0.042 
 152   (0.012) 0.002 0.001 0.008 0.005 0.036 

Locus 33 : 33 
7 alleles
0.0% missing data
 180   (0.437) 0.425 0.370 0.451 0.444 0.375 
 184   (0.189) 0.192 0.178 0.183 0.202 0.258 
 192   (0.167) 0.034 0.166 0.177 0.165 0.181 
 198   (0.069) 0.085 0.254 0.068 0.071 0.012 
 196   (0.113) 0.231 0.030 0.105 0.106 0.138 
 194   (0.009) 0.030 0.001 0.005 0.003 0.001 
 190   (0.016) 0.003 0.001 0.012 0.009 0.036 

Locus 34 : 34 
6 alleles
0.0% missing data
 108   (0.150) 0.035 0.589 0.154 0.143 0.089 
 110   (0.184) 0.221 0.114 0.188 0.163 0.104 
 106   (0.262) 0.240 0.237 0.253 0.289 0.385 
 112   (0.362) 0.498 0.058 0.367 0.365 0.392 
  90   (0.033) 0.005 0.002 0.032 0.035 0.029 
  96   (0.009) 0.001 0.001 0.007 0.005 0.001 

Locus 35 : 35 
9 alleles
0.0% missing data
 168   (0.065) 0.011 0.315 0.064 0.071 0.025 
 176   (0.091) 0.109 0.100 0.096 0.090 0.010 
 170   (0.245) 0.248 0.341 0.245 0.266 0.208 
 172   (0.310) 0.384 0.176 0.312 0.301 0.406 
 174   (0.164) 0.037 0.049 0.174 0.185 0.180 
 186   (0.021) 0.004 0.011 0.015 0.011 0.042 
 166   (0.048) 0.164 0.003 0.040 0.034 0.099 
 178   (0.047) 0.040 0.003 0.047 0.036 0.028 
 158   (0.008) 0.002 0.000 0.006 0.004 0.001 

Locus 36 : 36 
6 alleles
0.0% missing data
  83   (0.119) 0.048 0.313 0.118 0.126 0.086 
  89   (0.571) 0.651 0.603 0.573 0.579 0.669 
  85   (0.156) 0.168 0.018 0.162 0.152 0.143 
  95   (0.059) 0.069 0.031 0.051 0.042 0.069 
  91   (0.021) 0.010 0.030 0.017 0.012 0.005 
  81   (0.073) 0.053 0.005 0.079 0.088 0.027 

Locus 37 : 37 
10 alleles
0.0% missing data
 161   (0.354) 0.567 0.699 0.352 0.387 0.270 
 165   (0.231) 0.270 0.119 0.233 0.221 0.242 
 173   (0.234) 0.090 0.171 0.239 0.232 0.316 
 169   (0.100) 0.058 0.007 0.104 0.107 0.125 
 168   (0.014) 0.003 0.001 0.014 0.010 0.002 
 155   (0.019) 0.003 0.001 0.021 0.017 0.002 
 167   (0.018) 0.003 0.001 0.017 0.013 0.005 
 159   (0.012) 0.002 0.001 0.010 0.006 0.005 
 177   (0.008) 0.001 0.001 0.006 0.005 0.001 
 175   (0.009) 0.001 0.001 0.005 0.004 0.032 

Locus 38 : 38 
5 alleles
1.1% missing data
  85   (0.178) 0.083 0.217 0.177 0.175 0.205 
  89   (0.473) 0.708 0.238 0.469 0.477 0.560 
  87   (0.080) 0.085 0.433 0.070 0.073 0.057 
  91   (0.159) 0.079 0.104 0.166 0.175 0.092 
  81   (0.110) 0.045 0.008 0.119 0.100 0.086 

Locus 39 : 39 
4 alleles
1.1% missing data
 167   (0.764) 0.841 0.417 0.776 0.790 0.795 
 161   (0.187) 0.137 0.437 0.184 0.178 0.152 
 165   (0.041) 0.020 0.146 0.033 0.026 0.052 
 177   (0.009) 0.002 0.001 0.006 0.005 0.001 

Locus 40 : 40 
6 alleles
0.8% missing data
 236   (0.098) 0.054 0.261 0.094 0.086 0.051 
 240   (0.119) 0.021 0.509 0.118 0.127 0.133 
 228   (0.401) 0.473 0.138 0.403 0.386 0.508 
 238   (0.344) 0.425 0.075 0.355 0.375 0.288 
 224   (0.024) 0.024 0.016 0.018 0.011 0.018 
 232   (0.013) 0.002 0.001 0.012 0.015 0.001 

Locus 41 : 41 
7 alleles
0.0% missing data
 130   (0.537) 0.587 0.736 0.549 0.543 0.446 
 134   (0.124) 0.055 0.177 0.124 0.115 0.085 
 118   (0.067) 0.013 0.069 0.063 0.060 0.076 
 114   (0.045) 0.080 0.003 0.045 0.048 0.005 
 132   (0.109) 0.141 0.007 0.106 0.124 0.200 
 128   (0.110) 0.123 0.007 0.107 0.106 0.187 
 136   (0.008) 0.001 0.001 0.007 0.004 0.001 

Locus 42 : 42 
5 alleles
1.5% missing data
  96   (0.079) 0.137 0.178 0.074 0.074 0.020 
  98   (0.126) 0.194 0.266 0.120 0.111 0.077 
  92   (0.125) 0.132 0.292 0.121 0.137 0.057 
 104   (0.436) 0.215 0.249 0.452 0.441 0.507 
 102   (0.233) 0.322 0.015 0.234 0.237 0.340 

Locus 43 : 43 
6 alleles
2.3% missing data
 101   (0.304) 0.404 0.357 0.298 0.332 0.289 
 103   (0.304) 0.167 0.120 0.318 0.261 0.416 
  95   (0.202) 0.337 0.333 0.193 0.203 0.185 
  99   (0.160) 0.086 0.176 0.165 0.180 0.107 
  97   (0.022) 0.005 0.012 0.019 0.018 0.003 
  91   (0.009) 0.001 0.001 0.006 0.006 0.001 

Locus 44 : 44 
6 alleles
0.4% missing data
 191   (0.297) 0.227 0.635 0.305 0.311 0.209 
 181   (0.538) 0.688 0.148 0.538 0.567 0.698 
 179   (0.055) 0.010 0.105 0.060 0.045 0.006 
 177   (0.084) 0.071 0.099 0.078 0.064 0.052 
 193   (0.014) 0.002 0.012 0.008 0.005 0.033 
 183   (0.012) 0.002 0.001 0.011 0.007 0.002 

Locus 45 : 45 
6 alleles
1.5% missing data
 205   (0.465) 0.389 0.324 0.483 0.476 0.517 
 215   (0.076) 0.069 0.181 0.069 0.066 0.058 
 211   (0.235) 0.224 0.371 0.240 0.256 0.173 
 202   (0.015) 0.003 0.010 0.012 0.011 0.002 
 201   (0.071) 0.111 0.043 0.064 0.073 0.067 
 207   (0.139) 0.204 0.072 0.132 0.118 0.184 

Locus 46 : 46 
10 alleles
1.1% missing data
 142   (0.349) 0.192 0.147 0.362 0.361 0.569 
 164   (0.061) 0.011 0.188 0.060 0.084 0.026 
 162   (0.058) 0.010 0.158 0.056 0.049 0.029 
 156   (0.030) 0.006 0.089 0.026 0.020 0.017 
 168   (0.137) 0.201 0.217 0.139 0.149 0.036 
 158   (0.149) 0.083 0.115 0.153 0.164 0.091 
 170   (0.020) 0.003 0.044 0.016 0.019 0.002 
 166   (0.129) 0.249 0.031 0.126 0.096 0.182 
 144   (0.060) 0.243 0.010 0.053 0.054 0.048 
 160   (0.008) 0.001 0.000 0.007 0.005 0.001 

Locus 47 : 47 
6 alleles
16.0% missing data
 149   (0.364) 0.193 0.755 0.367 0.345 0.397 
 145   (0.220) 0.227 0.050 0.229 0.248 0.110 
 151   (0.177) 0.188 0.095 0.175 0.176 0.168 
 153   (0.187) 0.368 0.045 0.179 0.182 0.320 
 143   (0.024) 0.010 0.053 0.021 0.021 0.002 
 147   (0.027) 0.013 0.002 0.029 0.029 0.003 

Values of parameters used in structure:
DATAFILE=a2.str,	OUTFILE=k5/a2_k5_run10,	NUMINDS=263,	NUMLOCI=47,	MISSING=-9,	LABEL=1,	POPDATA=1,	POPFLAG=0,	PHENOTYPE=0,	EXTRACOLS=0,	MAXPOPS=5,	BURNIN=500000,	NUMREPS=750000,	USEPOPINFO=0,	INFERALPHA=1,	INFERLAMBDA=0,	POPSPECIFICLAMBDA=0,	POPALPHAS=0,	COMPUTEPROB=1,	NOADMIX=0,	ADMBURNIN=500,	UPDATEFREQ=100,	PRINTLIKES=0,	INTERMEDSAVE=0,	PRINTKLD=0,	PRINTNET=1,	PRINTLAMBDA=1,	ANCESTDIST=0,	NUMBOXES=1000,	ANCESTPINT=0.90000,	GENSBACK=2,	MIGRPRIOR=0.01000,	PRINTQHAT=0,	PRINTQSUM=1,	ALPHA=1.0000,	FREQSCORR=1,	FPRIORMEAN=0.0100,	FPRIORSD=0.0500,	ONEFST=0,	LAMBDA=1.0000,	UNIFPRIORALPHA=1,	ALPHAMAX=10.0000,	ALPHAPRIORA=1.0000,	ALPHAPRIORB=2.0000,	ALPHAPROPSD=0.0250,	STARTATPOPINFO=0,	RANDOMIZE=0,	LINKAGE=0,	METROFREQ=10,	REPORTHITRATE=0,	MARKOVPHASE=0,	PHASED=1,	PLOIDY=2,	PHASEINFO=0	LOCPRIOR=0, 	LOCPRIORINIT=1.000000, 	LOCDATA=0, 	LOCISPOP=1, 	LOCPRIORSTEP=0.100000, 	MAXLOCPRIOR=20.000000, 	SEED=413337,	
[STRAT parameters]:    NUMSIMSTATS=1000,	PHENOTYPECOL=-9,	POOLFREQ=10,	LOCUSxONLY=0,	EMERROR=0.00100,	MISSINGPHENO=-9,	