

----------------------------------------------------
STRUCTURE by Pritchard, Stephens and Donnelly (2000)
     and Falush, Stephens and Pritchard (2003)
       Code by Pritchard, Falush and Hubisz
             Version 2.3.4 (Jul 2012)
----------------------------------------------------



Command line arguments:   structure -D 941344 -K 6 -m mainparams -o k6/a2_k6_run1 
Input File:    a2.str

Run parameters:
   263 individuals
   47 loci
   6 populations assumed
   500000 Burn-in period
   750000 Reps
RANDOMIZE turned off


--------------------------------------------
Proportion of membership of each pre-defined
 population in each of the 6 clusters

Given    Inferred Clusters                            Number of
 Pop       1      2      3      4      5      6      Individuals

  1:     0.005  0.972  0.007  0.006  0.005  0.006       36
  2:     0.016  0.003  0.015  0.018  0.928  0.019       21
  3:     0.060  0.016  0.181  0.343  0.040  0.360       26
  4:     0.262  0.013  0.174  0.272  0.028  0.252       74
  5:     0.539  0.011  0.148  0.134  0.033  0.135       35
  6:     0.764  0.006  0.045  0.065  0.045  0.074       24
  7:     0.080  0.024  0.134  0.335  0.065  0.361       43
  8:     0.038  0.007  0.347  0.279  0.037  0.292        4
--------------------------------------------

Allele-freq. divergence among pops (Net nucleotide distance),
computed using point estimates of P.

      1       2       3       4       5       6      
 1      -    0.1117  0.0162  0.0163  0.0344  0.0144  
 2   0.1117     -    0.0861  0.0776  0.1153  0.0750  
 3   0.0162  0.0861     -    0.0099  0.0266  0.0074  
 4   0.0163  0.0776  0.0099     -    0.0211  0.0006  
 5   0.0344  0.1153  0.0266  0.0211     -    0.0202  
 6   0.0144  0.0750  0.0074  0.0006  0.0202     -    

Average distances (expected heterozygosity) between individuals in same cluster:
cluster  1  : 0.5835 
cluster  2  : 0.6336 
cluster  3  : 0.6200 
cluster  4  : 0.6368 
cluster  5  : 0.5770 
cluster  6  : 0.6469 

--------------------------------------------
Estimated Ln Prob of Data   = -30252.8
Mean value of ln likelihood = -29255.8
Variance of ln likelihood   = 1994.0
Mean value of alpha         = 0.0396

Mean value of Fst_1         = 0.0687
Mean value of Fst_2         = 0.1745
Mean value of Fst_3         = 0.0668
Mean value of Fst_4         = 0.0195
Mean value of Fst_5         = 0.0971
Mean value of Fst_6         = 0.0079


Inferred ancestry of individuals:
        Label (%Miss) Pop:  Inferred clusters
  1      001    (0)    1 :  0.002 0.984 0.003 0.004 0.003 0.004 
  2      005    (0)    1 :  0.002 0.988 0.003 0.003 0.002 0.003 
  3      106    (0)    1 :  0.002 0.983 0.003 0.004 0.004 0.003 
  4      192    (0)    1 :  0.006 0.921 0.014 0.023 0.012 0.024 
  5      229    (0)    1 :  0.006 0.966 0.007 0.008 0.005 0.008 
  6      319    (0)    1 :  0.003 0.981 0.003 0.005 0.003 0.005 
  7      327    (0)    1 :  0.002 0.984 0.003 0.004 0.003 0.003 
  8      340    (0)    1 :  0.003 0.976 0.005 0.006 0.004 0.006 
  9      345    (0)    1 :  0.004 0.972 0.005 0.007 0.006 0.007 
 10      375    (0)    1 :  0.003 0.985 0.003 0.004 0.002 0.004 
 11      501    (4)    1 :  0.003 0.982 0.005 0.004 0.002 0.004 
 12      502    (0)    1 :  0.004 0.963 0.014 0.005 0.009 0.005 
 13      503    (2)    1 :  0.002 0.985 0.005 0.003 0.003 0.003 
 14      504    (0)    1 :  0.008 0.975 0.004 0.004 0.003 0.005 
 15      505    (0)    1 :  0.003 0.947 0.008 0.017 0.011 0.015 
 16      506    (2)    1 :  0.005 0.970 0.005 0.009 0.003 0.008 
 17      507    (4)    1 :  0.002 0.984 0.004 0.004 0.003 0.003 
 18      508    (0)    1 :  0.008 0.954 0.014 0.009 0.005 0.009 
 19      509    (2)    1 :  0.003 0.984 0.003 0.004 0.003 0.003 
 20      510    (2)    1 :  0.010 0.966 0.008 0.005 0.004 0.007 
 21      511    (4)    1 :  0.004 0.983 0.004 0.003 0.003 0.003 
 22      512    (4)    1 :  0.003 0.983 0.003 0.004 0.003 0.004 
 23      513    (0)    1 :  0.004 0.980 0.004 0.005 0.003 0.005 
 24      514    (0)    1 :  0.009 0.972 0.005 0.006 0.002 0.007 
 25      515    (2)    1 :  0.002 0.986 0.003 0.003 0.003 0.003 
 26      516    (2)    1 :  0.007 0.967 0.010 0.006 0.004 0.006 
 27      517    (0)    1 :  0.005 0.987 0.002 0.002 0.001 0.002 
 28      518    (0)    1 :  0.005 0.968 0.008 0.007 0.005 0.007 
 29      519    (0)    1 :  0.003 0.982 0.004 0.004 0.003 0.004 
 30      520    (2)    1 :  0.005 0.981 0.003 0.003 0.004 0.003 
 31      521    (2)    1 :  0.003 0.984 0.003 0.004 0.004 0.003 
 32      522    (0)    1 :  0.011 0.949 0.016 0.005 0.012 0.006 
 33      523    (2)    1 :  0.006 0.965 0.006 0.008 0.008 0.008 
 34      524    (0)    1 :  0.013 0.873 0.046 0.014 0.037 0.017 
 35      525    (0)    1 :  0.002 0.986 0.003 0.003 0.002 0.003 
 36      526    (2)    1 :  0.003 0.987 0.002 0.003 0.002 0.003 
 37      527    (2)    2 :  0.024 0.009 0.035 0.009 0.913 0.010 
 38      528    (4)    2 :  0.007 0.002 0.014 0.026 0.930 0.020 
 39      529    (4)    2 :  0.057 0.003 0.025 0.033 0.837 0.046 
 40      530    (0)    2 :  0.004 0.006 0.015 0.014 0.949 0.012 
 41      531    (2)    2 :  0.007 0.005 0.006 0.014 0.956 0.012 
 42      532    (4)    2 :  0.005 0.003 0.008 0.013 0.957 0.014 
 43      533    (0)    2 :  0.009 0.006 0.005 0.011 0.960 0.009 
 44      534    (2)    2 :  0.005 0.003 0.006 0.005 0.976 0.005 
 45      535    (2)    2 :  0.008 0.002 0.007 0.008 0.968 0.008 
 46      536    (2)    2 :  0.009 0.002 0.006 0.010 0.964 0.009 
 47      537    (2)    2 :  0.031 0.002 0.011 0.010 0.938 0.009 
 48      538    (2)    2 :  0.019 0.003 0.059 0.111 0.695 0.112 
 49      539    (2)    2 :  0.003 0.001 0.002 0.002 0.989 0.002 
 50      540    (2)    2 :  0.012 0.002 0.013 0.011 0.953 0.010 
 51      541    (2)    2 :  0.034 0.003 0.008 0.012 0.933 0.009 
 52      542    (2)    2 :  0.035 0.003 0.012 0.017 0.914 0.019 
 53      543    (0)    2 :  0.041 0.002 0.033 0.036 0.832 0.056 
 54      544    (2)    2 :  0.004 0.003 0.003 0.004 0.983 0.004 
 55      545    (2)    2 :  0.007 0.002 0.017 0.008 0.957 0.009 
 56      546    (4)    2 :  0.006 0.002 0.018 0.010 0.950 0.014 
 57      547    (6)    2 :  0.015 0.003 0.020 0.015 0.930 0.016 
 58      010    (0)    3 :  0.008 0.012 0.221 0.384 0.006 0.369 
 59      024    (0)    3 :  0.032 0.029 0.034 0.277 0.009 0.619 
 60      051    (0)    3 :  0.007 0.035 0.099 0.491 0.010 0.358 
 61      090    (0)    3 :  0.016 0.019 0.467 0.216 0.012 0.271 
 62      102    (0)    3 :  0.150 0.002 0.227 0.111 0.367 0.144 
 63      111    (0)    3 :  0.018 0.004 0.058 0.555 0.013 0.353 
 64      113    (0)    3 :  0.069 0.006 0.079 0.446 0.057 0.343 
 65      138    (0)    3 :  0.017 0.007 0.043 0.548 0.018 0.365 
 66      150    (0)    3 :  0.738 0.049 0.028 0.059 0.067 0.058 
 67      173    (2)    3 :  0.068 0.021 0.074 0.282 0.009 0.545 
 68      174    (2)    3 :  0.005 0.025 0.025 0.604 0.023 0.318 
 69      175    (0)    3 :  0.009 0.049 0.044 0.299 0.006 0.594 
 70      176    (0)    3 :  0.012 0.004 0.050 0.319 0.034 0.581 
 71      177    (0)    3 :  0.019 0.007 0.017 0.495 0.009 0.453 
 72      180    (0)    3 :  0.007 0.002 0.035 0.558 0.088 0.310 
 73      184    (0)    3 :  0.058 0.010 0.152 0.394 0.007 0.379 
 74      195    (0)    3 :  0.025 0.007 0.258 0.287 0.006 0.416 
 75      198    (0)    3 :  0.009 0.007 0.029 0.592 0.040 0.322 
 76      203    (0)    3 :  0.016 0.003 0.464 0.218 0.032 0.266 
 77      211    (0)    3 :  0.040 0.004 0.021 0.332 0.072 0.531 
 78      220    (0)    3 :  0.127 0.006 0.415 0.223 0.010 0.219 
 79      233    (0)    3 :  0.079 0.003 0.399 0.199 0.013 0.307 
 80      331    (0)    3 :  0.010 0.034 0.477 0.215 0.017 0.248 
 81      349    (0)    3 :  0.011 0.051 0.686 0.090 0.013 0.148 
 82      410    (0)    3 :  0.006 0.005 0.034 0.387 0.025 0.543 
 83      417    (2)    3 :  0.010 0.005 0.275 0.345 0.065 0.300 
 84      421    (0)    4 :  0.945 0.001 0.026 0.010 0.007 0.010 
 85      423    (0)    4 :  0.006 0.008 0.243 0.250 0.041 0.450 
 86      424    (0)    4 :  0.013 0.010 0.037 0.483 0.061 0.397 
 87      433    (0)    4 :  0.563 0.018 0.030 0.225 0.013 0.151 
 88      462    (0)    4 :  0.116 0.007 0.096 0.324 0.034 0.423 
 89      463    (0)    4 :  0.010 0.026 0.343 0.239 0.035 0.347 
 90      467    (0)    4 :  0.946 0.008 0.013 0.010 0.011 0.011 
 91      468    (0)    4 :  0.042 0.003 0.921 0.008 0.014 0.012 
 92      469    (0)    4 :  0.498 0.003 0.035 0.110 0.164 0.191 
 93      472    (0)    4 :  0.023 0.020 0.040 0.342 0.008 0.566 
 94      473    (0)    4 :  0.008 0.008 0.933 0.021 0.004 0.025 
 95      474    (0)    4 :  0.711 0.002 0.250 0.010 0.018 0.009 
 96      475    (0)    4 :  0.370 0.010 0.319 0.138 0.008 0.155 
 97      476    (2)    4 :  0.562 0.034 0.359 0.014 0.005 0.025 
 98      477    (0)    4 :  0.030 0.009 0.525 0.207 0.010 0.219 
 99      478    (0)    4 :  0.116 0.003 0.279 0.211 0.018 0.373 
100      479    (0)    4 :  0.614 0.002 0.025 0.182 0.083 0.094 
101      480    (0)    4 :  0.960 0.002 0.015 0.009 0.005 0.009 
102      481    (0)    4 :  0.050 0.009 0.120 0.380 0.012 0.429 
103      482    (0)    4 :  0.061 0.005 0.045 0.566 0.005 0.318 
104      489    (0)    4 :  0.037 0.024 0.082 0.333 0.011 0.513 
105      490    (0)    4 :  0.014 0.008 0.007 0.648 0.071 0.253 
106      491    (0)    4 :  0.040 0.002 0.157 0.366 0.006 0.429 
107      492    (0)    4 :  0.426 0.020 0.383 0.050 0.017 0.105 
108      493    (0)    4 :  0.735 0.029 0.063 0.069 0.017 0.087 
109      494    (0)    4 :  0.206 0.021 0.043 0.466 0.008 0.255 
110      498    (0)    4 :  0.021 0.010 0.100 0.331 0.032 0.506 
111      499    (0)    4 :  0.019 0.008 0.236 0.354 0.017 0.366 
112      709    (0)    4 :  0.022 0.016 0.065 0.452 0.010 0.435 
113      710    (4)    4 :  0.186 0.052 0.328 0.163 0.014 0.257 
114      711    (2)    4 :  0.021 0.004 0.283 0.316 0.060 0.315 
115      712    (4)    4 :  0.015 0.003 0.012 0.667 0.028 0.275 
116      713    (0)    4 :  0.005 0.034 0.354 0.243 0.013 0.351 
117      714    (2)    4 :  0.888 0.009 0.061 0.014 0.009 0.019 
118      715    (4)    4 :  0.922 0.004 0.007 0.023 0.026 0.018 
119      716    (0)    4 :  0.961 0.002 0.010 0.010 0.006 0.011 
120      717    (2)    4 :  0.411 0.005 0.389 0.084 0.008 0.103 
121      718    (4)    4 :  0.058 0.005 0.064 0.482 0.026 0.364 
122      719    (0)    4 :  0.978 0.002 0.006 0.005 0.004 0.005 
123      720    (2)    4 :  0.896 0.006 0.047 0.016 0.008 0.026 
124      721    (0)    4 :  0.219 0.009 0.469 0.125 0.018 0.161 
125      722    (4)    4 :  0.953 0.002 0.020 0.005 0.015 0.005 
126      723    (0)    4 :  0.948 0.003 0.009 0.014 0.005 0.020 
127      724    (0)    4 :  0.898 0.030 0.021 0.019 0.011 0.021 
128      725    (0)    4 :  0.031 0.020 0.186 0.286 0.005 0.472 
129      726    (0)    4 :  0.139 0.015 0.572 0.123 0.006 0.146 
130      727    (0)    4 :  0.077 0.003 0.061 0.557 0.006 0.297 
131      728    (2)    4 :  0.016 0.009 0.030 0.309 0.029 0.606 
132      729    (6)    4 :  0.055 0.004 0.062 0.343 0.009 0.527 
133      730    (2)    4 :  0.045 0.004 0.007 0.657 0.022 0.265 
134      731    (2)    4 :  0.009 0.004 0.050 0.518 0.011 0.407 
135      732    (0)    4 :  0.163 0.009 0.035 0.257 0.014 0.522 
136      733    (0)    4 :  0.114 0.012 0.101 0.353 0.030 0.390 
137      734    (2)    4 :  0.053 0.033 0.055 0.458 0.019 0.382 
138      735    (4)    4 :  0.032 0.002 0.623 0.178 0.008 0.157 
139      736    (2)    4 :  0.008 0.009 0.036 0.603 0.007 0.338 
140      737    (0)    4 :  0.006 0.003 0.018 0.639 0.020 0.314 
141      738    (2)    4 :  0.012 0.004 0.017 0.496 0.025 0.445 
142      739    (8)    4 :  0.026 0.003 0.022 0.633 0.017 0.299 
143      740    (4)    4 :  0.125 0.007 0.026 0.370 0.019 0.453 
144      741    (2)    4 :  0.133 0.006 0.093 0.408 0.060 0.300 
145      742    (4)    4 :  0.013 0.006 0.038 0.615 0.038 0.289 
146      743    (2)    4 :  0.962 0.004 0.008 0.012 0.006 0.010 
147      744    (0)    4 :  0.249 0.115 0.027 0.250 0.006 0.353 
148      745    (0)    4 :  0.368 0.004 0.300 0.063 0.181 0.085 
149      746    (2)    4 :  0.007 0.005 0.180 0.418 0.010 0.380 
150      747    (2)    4 :  0.014 0.006 0.079 0.481 0.147 0.274 
151      748    (0)    4 :  0.017 0.014 0.451 0.104 0.201 0.212 
152      749    (2)    4 :  0.016 0.103 0.051 0.334 0.051 0.446 
153      750    (4)    4 :  0.015 0.011 0.053 0.483 0.030 0.408 
154      751    (0)    4 :  0.019 0.003 0.284 0.306 0.029 0.359 
155      752    (2)    4 :  0.117 0.002 0.822 0.014 0.014 0.029 
156      753    (4)    4 :  0.029 0.004 0.702 0.146 0.017 0.103 
157      754    (2)    4 :  0.007 0.006 0.007 0.691 0.007 0.283 
158      155    (0)    5 :  0.022 0.012 0.054 0.268 0.046 0.598 
159      156    (2)    5 :  0.010 0.015 0.042 0.339 0.009 0.586 
160      157    (2)    5 :  0.014 0.031 0.023 0.638 0.008 0.286 
161      158    (0)    5 :  0.028 0.005 0.013 0.418 0.015 0.520 
162      159    (0)    5 :  0.016 0.013 0.386 0.244 0.025 0.315 
163      160    (0)    5 :  0.584 0.004 0.116 0.164 0.013 0.118 
164      161    (0)    5 :  0.105 0.195 0.027 0.347 0.010 0.316 
165      162    (0)    5 :  0.523 0.003 0.242 0.098 0.007 0.126 
166      163    (2)    5 :  0.007 0.004 0.057 0.570 0.006 0.356 
167      164    (0)    5 :  0.017 0.014 0.611 0.142 0.089 0.127 
168      165    (2)    5 :  0.008 0.020 0.037 0.518 0.012 0.404 
169      427    (0)    5 :  0.955 0.004 0.013 0.010 0.007 0.010 
170      428    (0)    5 :  0.963 0.002 0.017 0.006 0.006 0.006 
171      429    (0)    5 :  0.970 0.002 0.007 0.006 0.007 0.008 
172      430    (0)    5 :  0.060 0.007 0.435 0.176 0.097 0.226 
173      431    (0)    5 :  0.929 0.003 0.009 0.014 0.030 0.015 
174      435    (0)    5 :  0.978 0.001 0.009 0.004 0.003 0.004 
175      436    (0)    5 :  0.964 0.003 0.011 0.005 0.012 0.005 
176      437    (0)    5 :  0.870 0.003 0.025 0.013 0.072 0.018 
177      438    (0)    5 :  0.795 0.004 0.132 0.021 0.024 0.025 
178      439    (0)    5 :  0.510 0.003 0.186 0.118 0.051 0.133 
179      441    (0)    5 :  0.019 0.002 0.962 0.004 0.006 0.006 
180      442    (0)    5 :  0.895 0.003 0.045 0.017 0.011 0.029 
181      443    (4)    5 :  0.954 0.002 0.014 0.010 0.012 0.008 
182      444    (4)    5 :  0.964 0.007 0.006 0.007 0.009 0.007 
183      445    (2)    5 :  0.433 0.003 0.413 0.057 0.015 0.079 
184      446    (0)    5 :  0.973 0.003 0.004 0.007 0.006 0.006 
185      447    (0)    5 :  0.960 0.001 0.007 0.009 0.015 0.009 
186      449    (0)    5 :  0.980 0.002 0.004 0.004 0.006 0.004 
187      460    (0)    5 :  0.827 0.005 0.108 0.011 0.034 0.015 
188      461    (0)    5 :  0.697 0.008 0.021 0.087 0.096 0.092 
189      484    (0)    5 :  0.077 0.005 0.039 0.291 0.389 0.200 
190      485    (0)    5 :  0.966 0.002 0.010 0.008 0.005 0.009 
191      486    (0)    5 :  0.009 0.002 0.976 0.004 0.004 0.006 
192      487    (0)    5 :  0.767 0.003 0.119 0.046 0.017 0.048 
193      178    (0)    6 :  0.668 0.013 0.171 0.071 0.006 0.070 
194      422    (0)    6 :  0.971 0.002 0.005 0.009 0.006 0.007 
195      425    (0)    6 :  0.935 0.002 0.016 0.020 0.005 0.021 
196      426    (0)    6 :  0.065 0.020 0.021 0.472 0.005 0.417 
197      432    (0)    6 :  0.552 0.007 0.131 0.096 0.037 0.176 
198      434    (0)    6 :  0.976 0.002 0.006 0.006 0.005 0.006 
199      440    (0)    6 :  0.782 0.004 0.102 0.046 0.008 0.059 
200      448    (2)    6 :  0.961 0.002 0.007 0.008 0.014 0.008 
201      456    (0)    6 :  0.318 0.003 0.035 0.192 0.028 0.424 
202      457    (0)    6 :  0.644 0.004 0.159 0.020 0.148 0.026 
203      458    (0)    6 :  0.492 0.005 0.022 0.239 0.019 0.223 
204      459    (0)    6 :  0.941 0.005 0.010 0.016 0.012 0.016 
205      464    (0)    6 :  0.962 0.006 0.013 0.007 0.003 0.008 
206      465    (0)    6 :  0.947 0.003 0.018 0.015 0.005 0.012 
207      466    (0)    6 :  0.839 0.002 0.039 0.029 0.052 0.040 
208      470    (0)    6 :  0.935 0.003 0.044 0.006 0.005 0.006 
209      471    (0)    6 :  0.942 0.004 0.016 0.015 0.007 0.016 
210      483    (0)    6 :  0.854 0.010 0.009 0.078 0.013 0.037 
211      488    (0)    6 :  0.760 0.003 0.113 0.048 0.033 0.044 
212      495    (0)    6 :  0.948 0.003 0.005 0.013 0.021 0.010 
213      496    (0)    6 :  0.930 0.004 0.031 0.017 0.004 0.014 
214      497    (0)    6 :  0.904 0.005 0.026 0.012 0.031 0.022 
215      500    (0)    6 :  0.083 0.033 0.085 0.101 0.602 0.096 
216      879    (0)    6 :  0.932 0.006 0.007 0.030 0.010 0.015 
217      036    (0)    7 :  0.020 0.004 0.033 0.279 0.009 0.656 
218      063    (2)    7 :  0.048 0.004 0.074 0.424 0.024 0.427 
219      094    (4)    7 :  0.065 0.026 0.052 0.294 0.335 0.228 
220      103    (4)    7 :  0.007 0.013 0.046 0.531 0.009 0.394 
221      112    (0)    7 :  0.007 0.007 0.051 0.547 0.029 0.360 
222      114    (2)    7 :  0.029 0.003 0.102 0.323 0.009 0.535 
223      120    (0)    7 :  0.020 0.004 0.046 0.552 0.113 0.266 
224      127    (2)    7 :  0.014 0.006 0.140 0.283 0.018 0.538 
225      147    (0)    7 :  0.016 0.007 0.029 0.471 0.004 0.472 
226      166    (0)    7 :  0.058 0.075 0.056 0.367 0.022 0.422 
227      167    (0)    7 :  0.295 0.007 0.250 0.234 0.006 0.208 
228      168    (0)    7 :  0.016 0.013 0.404 0.224 0.011 0.332 
229      169    (2)    7 :  0.527 0.006 0.077 0.191 0.011 0.189 
230      170    (0)    7 :  0.014 0.027 0.179 0.441 0.012 0.326 
231      171    (2)    7 :  0.009 0.013 0.103 0.317 0.307 0.251 
232      172    (0)    7 :  0.020 0.005 0.007 0.653 0.043 0.272 
233      185    (0)    7 :  0.111 0.005 0.271 0.255 0.010 0.347 
234      199    (2)    7 :  0.009 0.011 0.599 0.199 0.009 0.172 
235      339    (0)    7 :  0.643 0.003 0.156 0.087 0.013 0.097 
236      355    (0)    7 :  0.005 0.045 0.262 0.269 0.006 0.413 
237      356    (0)    7 :  0.008 0.095 0.033 0.579 0.004 0.280 
238      357    (0)    7 :  0.014 0.006 0.100 0.296 0.021 0.563 
239      358    (0)    7 :  0.016 0.004 0.084 0.261 0.032 0.603 
240      359    (0)    7 :  0.008 0.005 0.024 0.468 0.019 0.476 
241      360    (0)    7 :  0.064 0.026 0.020 0.299 0.032 0.560 
242      361    (0)    7 :  0.083 0.003 0.017 0.623 0.012 0.262 
243      362    (0)    7 :  0.134 0.028 0.076 0.117 0.502 0.142 
244      363    (0)    7 :  0.020 0.009 0.093 0.440 0.007 0.431 
245      364    (0)    7 :  0.015 0.082 0.160 0.134 0.356 0.253 
246      365    (0)    7 :  0.058 0.147 0.034 0.141 0.240 0.380 
247      366    (0)    7 :  0.006 0.006 0.008 0.417 0.016 0.548 
248      367    (0)    7 :  0.006 0.002 0.565 0.193 0.043 0.189 
249      368    (0)    7 :  0.006 0.095 0.307 0.174 0.144 0.273 
250      369    (0)    7 :  0.006 0.016 0.066 0.312 0.010 0.590 
251      370    (0)    7 :  0.020 0.053 0.021 0.588 0.008 0.311 
252      371    (0)    7 :  0.013 0.003 0.062 0.247 0.119 0.556 
253      372    (0)    7 :  0.811 0.011 0.012 0.075 0.031 0.059 
254      373    (0)    7 :  0.038 0.087 0.015 0.375 0.019 0.468 
255      380    (0)    7 :  0.011 0.010 0.022 0.501 0.019 0.436 
256      388    (0)    7 :  0.010 0.043 0.012 0.533 0.022 0.380 
257      418    (0)    7 :  0.017 0.006 0.515 0.213 0.023 0.227 
258      419    (0)    7 :  0.036 0.007 0.535 0.205 0.008 0.211 
259      420    (0)    7 :  0.104 0.010 0.066 0.282 0.106 0.432 
260      409    (0)    8 :  0.023 0.005 0.267 0.389 0.019 0.297 
261      414    (0)    8 :  0.011 0.003 0.438 0.227 0.054 0.267 
262      415    (2)    8 :  0.008 0.016 0.323 0.294 0.016 0.343 
263      416    (0)    8 :  0.108 0.003 0.360 0.208 0.060 0.260 


Estimated Allele Frequencies in each cluster
First column gives estimated ancestral frequencies


Locus 1 : 1 
4 alleles
0.0% missing data
  89   (0.556) 0.553 0.297 0.576 0.536 0.617 0.556 
  91   (0.369) 0.389 0.674 0.348 0.404 0.310 0.378 
  93   (0.059) 0.039 0.029 0.057 0.052 0.071 0.054 
  99   (0.016) 0.018 0.001 0.020 0.008 0.003 0.012 

Locus 2 : 2 
6 alleles
1.9% missing data
 136   (0.364) 0.088 0.454 0.247 0.436 0.691 0.391 
 140   (0.074) 0.048 0.121 0.047 0.066 0.026 0.073 
 138   (0.290) 0.492 0.226 0.306 0.257 0.180 0.278 
 134   (0.216) 0.264 0.185 0.331 0.202 0.090 0.209 
 142   (0.029) 0.105 0.011 0.033 0.021 0.005 0.024 
 132   (0.027) 0.004 0.002 0.036 0.018 0.008 0.025 

Locus 3 : 3 
6 alleles
0.0% missing data
 187   (0.325) 0.194 0.352 0.289 0.355 0.485 0.338 
 181   (0.249) 0.324 0.078 0.240 0.215 0.165 0.243 
 185   (0.086) 0.096 0.259 0.106 0.079 0.020 0.082 
 175   (0.065) 0.135 0.240 0.040 0.065 0.015 0.062 
 179   (0.240) 0.240 0.059 0.290 0.263 0.296 0.244 
 191   (0.036) 0.010 0.012 0.035 0.022 0.018 0.030 

Locus 4 : 4 
10 alleles
0.4% missing data
 241   (0.152) 0.151 0.521 0.144 0.164 0.053 0.153 
 271   (0.044) 0.009 0.113 0.039 0.034 0.020 0.040 
 249   (0.025) 0.003 0.066 0.017 0.016 0.004 0.023 
 253   (0.501) 0.522 0.182 0.539 0.517 0.721 0.510 
 245   (0.012) 0.001 0.065 0.003 0.006 0.002 0.009 
 269   (0.159) 0.261 0.035 0.183 0.155 0.166 0.156 
 247   (0.075) 0.050 0.015 0.065 0.081 0.016 0.080 
 267   (0.008) 0.001 0.000 0.002 0.003 0.015 0.005 
 239   (0.014) 0.002 0.001 0.005 0.012 0.002 0.014 
 273   (0.010) 0.001 0.001 0.003 0.012 0.002 0.010 

Locus 5 : 5 
6 alleles
0.4% missing data
 103   (0.817) 0.948 0.738 0.896 0.815 0.924 0.817 
 105   (0.059) 0.016 0.162 0.038 0.070 0.019 0.063 
 107   (0.019) 0.002 0.026 0.006 0.013 0.003 0.017 
 104   (0.078) 0.031 0.072 0.051 0.077 0.049 0.076 
 102   (0.019) 0.002 0.001 0.006 0.021 0.003 0.020 
 101   (0.008) 0.001 0.000 0.004 0.005 0.001 0.007 

Locus 6 : 6 
5 alleles
0.0% missing data
 135   (0.227) 0.176 0.639 0.184 0.208 0.206 0.219 
 147   (0.071) 0.012 0.120 0.045 0.073 0.026 0.072 
 137   (0.015) 0.002 0.090 0.005 0.013 0.003 0.013 
 141   (0.265) 0.232 0.124 0.460 0.208 0.593 0.241 
 145   (0.422) 0.578 0.027 0.306 0.499 0.173 0.454 

Locus 7 : 7 
10 alleles
1.5% missing data
  89   (0.081) 0.101 0.287 0.145 0.073 0.024 0.076 
 101   (0.012) 0.001 0.127 0.003 0.008 0.002 0.010 
  97   (0.196) 0.129 0.256 0.227 0.159 0.261 0.186 
 105   (0.018) 0.002 0.091 0.012 0.010 0.003 0.015 
  91   (0.072) 0.032 0.060 0.062 0.070 0.016 0.072 
  93   (0.204) 0.299 0.128 0.211 0.207 0.329 0.200 
  99   (0.012) 0.001 0.026 0.006 0.006 0.002 0.009 
 103   (0.277) 0.356 0.017 0.262 0.328 0.277 0.299 
  85   (0.050) 0.034 0.003 0.017 0.052 0.072 0.050 
  83   (0.078) 0.043 0.005 0.052 0.086 0.014 0.083 

Locus 8 : 8 
8 alleles
0.0% missing data
 143   (0.250) 0.202 0.291 0.240 0.257 0.142 0.255 
 127   (0.020) 0.002 0.096 0.009 0.013 0.004 0.018 
 149   (0.090) 0.066 0.296 0.144 0.064 0.092 0.079 
 129   (0.554) 0.693 0.312 0.549 0.598 0.687 0.568 
 141   (0.045) 0.026 0.003 0.024 0.038 0.060 0.044 
 133   (0.022) 0.003 0.001 0.029 0.019 0.012 0.020 
 145   (0.008) 0.001 0.000 0.002 0.005 0.001 0.007 
 131   (0.011) 0.007 0.001 0.004 0.006 0.002 0.009 

Locus 9 : 9 
4 alleles
0.0% missing data
 189   (0.482) 0.422 0.342 0.485 0.516 0.386 0.497 
 191   (0.381) 0.304 0.350 0.415 0.358 0.532 0.373 
 195   (0.129) 0.272 0.307 0.098 0.121 0.081 0.123 
 197   (0.008) 0.001 0.001 0.002 0.005 0.001 0.007 

Locus 10 : 10 
7 alleles
0.8% missing data
 238   (0.565) 0.762 0.744 0.686 0.531 0.615 0.555 
 232   (0.249) 0.162 0.123 0.185 0.283 0.247 0.263 
 250   (0.018) 0.002 0.029 0.007 0.013 0.003 0.016 
 252   (0.097) 0.066 0.017 0.072 0.115 0.089 0.099 
 254   (0.043) 0.005 0.085 0.031 0.037 0.042 0.040 
 236   (0.008) 0.001 0.000 0.003 0.005 0.001 0.007 
 248   (0.020) 0.002 0.001 0.016 0.017 0.003 0.019 

Locus 11 : 11 
4 alleles
0.0% missing data
  87   (0.693) 0.826 0.499 0.799 0.678 0.641 0.690 
  85   (0.021) 0.002 0.167 0.029 0.013 0.004 0.016 
  89   (0.233) 0.147 0.156 0.151 0.252 0.257 0.242 
  91   (0.053) 0.025 0.178 0.021 0.057 0.098 0.051 

Locus 12 : 12 
13 alleles
0.8% missing data
 160   (0.212) 0.280 0.439 0.200 0.219 0.096 0.213 
 143   (0.035) 0.004 0.162 0.042 0.027 0.006 0.032 
 161   (0.103) 0.118 0.254 0.055 0.114 0.032 0.107 
 170   (0.064) 0.039 0.030 0.055 0.056 0.026 0.062 
 158   (0.242) 0.178 0.093 0.168 0.259 0.398 0.252 
 147   (0.039) 0.037 0.003 0.022 0.029 0.162 0.034 
 162   (0.217) 0.258 0.014 0.330 0.240 0.261 0.225 
 154   (0.022) 0.002 0.002 0.018 0.020 0.005 0.022 
 149   (0.026) 0.055 0.002 0.091 0.013 0.005 0.020 
 153   (0.014) 0.001 0.001 0.010 0.011 0.002 0.013 
 150   (0.008) 0.007 0.000 0.002 0.003 0.001 0.006 
 159   (0.011) 0.019 0.001 0.004 0.006 0.002 0.008 
 164   (0.008) 0.001 0.000 0.003 0.004 0.001 0.006 

Locus 13 : 13 
5 alleles
0.0% missing data
 115   (0.454) 0.522 0.377 0.529 0.442 0.589 0.446 
 113   (0.332) 0.363 0.336 0.356 0.298 0.308 0.323 
 108   (0.198) 0.113 0.287 0.110 0.251 0.100 0.218 
 109   (0.008) 0.001 0.001 0.002 0.005 0.001 0.007 
 110   (0.008) 0.001 0.000 0.003 0.005 0.001 0.007 

Locus 14 : 14 
5 alleles
2.3% missing data
 229   (0.546) 0.507 0.481 0.610 0.570 0.618 0.553 
 231   (0.141) 0.017 0.349 0.121 0.172 0.152 0.151 
 233   (0.049) 0.040 0.096 0.056 0.031 0.048 0.041 
 225   (0.136) 0.106 0.065 0.110 0.120 0.070 0.132 
 227   (0.128) 0.329 0.009 0.103 0.108 0.111 0.122 

Locus 15 : 15 
5 alleles
0.8% missing data
 143   (0.825) 0.872 0.648 0.894 0.837 0.948 0.828 
 145   (0.091) 0.062 0.183 0.066 0.083 0.021 0.091 
 147   (0.062) 0.064 0.168 0.033 0.053 0.016 0.060 
 157   (0.008) 0.001 0.001 0.003 0.004 0.013 0.006 
 133   (0.013) 0.001 0.001 0.004 0.023 0.002 0.016 

Locus 16 : 16 
5 alleles
0.0% missing data
 154   (0.089) 0.021 0.388 0.063 0.083 0.103 0.089 
 156   (0.213) 0.230 0.158 0.150 0.291 0.198 0.233 
 160   (0.129) 0.110 0.123 0.223 0.095 0.149 0.118 
 158   (0.560) 0.625 0.330 0.560 0.527 0.549 0.554 
 152   (0.009) 0.014 0.001 0.004 0.004 0.002 0.006 

Locus 17 : 17 
5 alleles
0.0% missing data
  88   (0.079) 0.010 0.455 0.158 0.065 0.032 0.073 
  90   (0.657) 0.763 0.336 0.554 0.717 0.525 0.677 
 100   (0.057) 0.010 0.163 0.035 0.069 0.013 0.063 
 102   (0.199) 0.210 0.045 0.251 0.145 0.429 0.182 
 104   (0.008) 0.007 0.001 0.003 0.004 0.001 0.006 

Locus 18 : 18 
7 alleles
0.0% missing data
 127   (0.296) 0.305 0.377 0.258 0.340 0.167 0.310 
 140   (0.295) 0.251 0.308 0.297 0.307 0.194 0.306 
 150   (0.060) 0.147 0.214 0.060 0.047 0.012 0.054 
 148   (0.092) 0.070 0.069 0.128 0.068 0.099 0.084 
 142   (0.137) 0.080 0.025 0.138 0.138 0.393 0.137 
 146   (0.070) 0.105 0.004 0.093 0.055 0.095 0.063 
 138   (0.050) 0.042 0.003 0.025 0.045 0.040 0.048 

Locus 19 : 19 
8 alleles
0.4% missing data
 194   (0.563) 0.549 0.560 0.481 0.575 0.612 0.570 
 200   (0.111) 0.111 0.302 0.219 0.089 0.030 0.103 
 190   (0.108) 0.172 0.044 0.160 0.092 0.286 0.098 
 202   (0.017) 0.002 0.043 0.005 0.015 0.003 0.016 
 198   (0.008) 0.001 0.038 0.002 0.003 0.001 0.006 
 188   (0.176) 0.164 0.011 0.128 0.212 0.066 0.193 
 192   (0.008) 0.001 0.000 0.002 0.006 0.001 0.007 
 196   (0.008) 0.001 0.001 0.002 0.007 0.001 0.007 

Locus 20 : 20 
6 alleles
0.8% missing data
 246   (0.099) 0.048 0.209 0.133 0.090 0.054 0.096 
 250   (0.075) 0.064 0.420 0.084 0.049 0.145 0.063 
 254   (0.067) 0.086 0.233 0.038 0.055 0.051 0.062 
 252   (0.708) 0.790 0.089 0.719 0.764 0.741 0.732 
 244   (0.021) 0.008 0.047 0.007 0.015 0.003 0.018 
 248   (0.028) 0.005 0.002 0.020 0.027 0.006 0.029 

Locus 21 : 21 
7 alleles
0.4% missing data
 167   (0.192) 0.123 0.074 0.154 0.214 0.223 0.199 
 175   (0.144) 0.087 0.501 0.071 0.144 0.042 0.147 
 173   (0.277) 0.532 0.204 0.221 0.266 0.435 0.266 
 163   (0.044) 0.016 0.107 0.024 0.036 0.009 0.042 
 177   (0.271) 0.233 0.041 0.374 0.286 0.277 0.280 
 165   (0.043) 0.005 0.071 0.119 0.032 0.009 0.040 
 159   (0.029) 0.005 0.002 0.038 0.021 0.005 0.028 

Locus 22 : 22 
11 alleles
1.1% missing data
 150   (0.029) 0.008 0.104 0.030 0.020 0.005 0.026 
 158   (0.091) 0.019 0.427 0.096 0.092 0.029 0.093 
 142   (0.021) 0.011 0.029 0.012 0.011 0.003 0.017 
 162   (0.062) 0.019 0.135 0.058 0.066 0.011 0.063 
 156   (0.021) 0.016 0.115 0.007 0.011 0.004 0.017 
 164   (0.031) 0.004 0.068 0.014 0.028 0.019 0.029 
 152   (0.415) 0.578 0.100 0.423 0.465 0.552 0.430 
 146   (0.213) 0.313 0.014 0.279 0.209 0.149 0.213 
 154   (0.009) 0.001 0.001 0.002 0.003 0.048 0.006 
 166   (0.099) 0.030 0.006 0.076 0.090 0.179 0.100 
 148   (0.008) 0.001 0.000 0.002 0.006 0.001 0.007 

Locus 23 : 23 
7 alleles
1.5% missing data
 154   (0.554) 0.574 0.192 0.623 0.549 0.563 0.556 
 156   (0.131) 0.042 0.416 0.082 0.181 0.116 0.145 
 144   (0.168) 0.263 0.238 0.117 0.143 0.256 0.158 
 158   (0.032) 0.004 0.138 0.027 0.025 0.006 0.031 
 160   (0.096) 0.114 0.015 0.146 0.089 0.056 0.093 
 152   (0.008) 0.002 0.000 0.003 0.004 0.002 0.006 
 146   (0.011) 0.001 0.001 0.003 0.009 0.002 0.010 

Locus 24 : 24 
4 alleles
0.8% missing data
  83   (0.436) 0.430 0.588 0.542 0.434 0.380 0.435 
  81   (0.394) 0.389 0.376 0.369 0.387 0.310 0.395 
  85   (0.096) 0.096 0.031 0.043 0.113 0.095 0.101 
  77   (0.073) 0.084 0.005 0.046 0.066 0.214 0.069 

Locus 25 : 25 
6 alleles
0.4% missing data
 124   (0.540) 0.535 0.483 0.605 0.584 0.488 0.551 
 126   (0.025) 0.003 0.013 0.008 0.015 0.030 0.021 
 122   (0.106) 0.121 0.458 0.065 0.087 0.061 0.100 
 120   (0.022) 0.002 0.026 0.010 0.018 0.003 0.020 
 132   (0.292) 0.337 0.019 0.303 0.288 0.411 0.295 
 136   (0.015) 0.002 0.001 0.009 0.009 0.007 0.013 

Locus 26 : 26 
7 alleles
0.4% missing data
 179   (0.098) 0.076 0.280 0.075 0.073 0.069 0.089 
 181   (0.071) 0.011 0.265 0.034 0.094 0.014 0.079 
 185   (0.012) 0.001 0.102 0.004 0.008 0.002 0.010 
 183   (0.335) 0.304 0.220 0.428 0.345 0.448 0.338 
 165   (0.238) 0.279 0.116 0.200 0.234 0.174 0.237 
 175   (0.237) 0.327 0.016 0.257 0.242 0.292 0.240 
 157   (0.008) 0.001 0.000 0.002 0.004 0.001 0.007 

Locus 27 : 27 
4 alleles
0.4% missing data
 142   (0.633) 0.758 0.533 0.682 0.625 0.637 0.632 
 148   (0.203) 0.099 0.274 0.134 0.232 0.172 0.215 
 150   (0.122) 0.119 0.164 0.168 0.116 0.068 0.117 
 138   (0.042) 0.024 0.029 0.017 0.028 0.123 0.036 

Locus 28 : 28 
6 alleles
0.8% missing data
 260   (0.380) 0.521 0.228 0.442 0.331 0.383 0.368 
 262   (0.490) 0.386 0.684 0.463 0.566 0.568 0.513 
 256   (0.088) 0.061 0.085 0.072 0.074 0.041 0.083 
 258   (0.014) 0.001 0.001 0.014 0.008 0.003 0.012 
 266   (0.008) 0.007 0.001 0.002 0.003 0.001 0.006 
 264   (0.020) 0.024 0.001 0.006 0.017 0.003 0.017 

Locus 29 : 29 
7 alleles
0.4% missing data
 140   (0.178) 0.160 0.391 0.188 0.152 0.129 0.170 
 146   (0.291) 0.251 0.321 0.279 0.314 0.233 0.303 
 150   (0.426) 0.527 0.246 0.394 0.462 0.529 0.437 
 148   (0.058) 0.032 0.040 0.079 0.044 0.047 0.052 
 142   (0.008) 0.001 0.000 0.002 0.003 0.016 0.006 
 151   (0.010) 0.001 0.001 0.005 0.004 0.041 0.007 
 152   (0.028) 0.028 0.002 0.053 0.019 0.006 0.024 

Locus 30 : 30 
6 alleles
0.0% missing data
 127   (0.092) 0.039 0.530 0.176 0.075 0.021 0.086 
 131   (0.049) 0.033 0.129 0.035 0.041 0.014 0.046 
 125   (0.296) 0.077 0.136 0.202 0.339 0.462 0.316 
 129   (0.398) 0.600 0.091 0.469 0.394 0.454 0.393 
 123   (0.154) 0.249 0.112 0.114 0.143 0.046 0.149 
 121   (0.012) 0.001 0.001 0.005 0.008 0.002 0.010 

Locus 31 : 31 
6 alleles
0.4% missing data
 153   (0.070) 0.085 0.303 0.045 0.056 0.047 0.063 
 155   (0.533) 0.427 0.423 0.545 0.536 0.620 0.541 
 159   (0.181) 0.282 0.201 0.130 0.190 0.163 0.181 
 157   (0.176) 0.201 0.059 0.259 0.185 0.151 0.177 
 151   (0.032) 0.004 0.015 0.019 0.030 0.005 0.031 
 163   (0.008) 0.001 0.000 0.003 0.004 0.013 0.006 

Locus 32 : 32 
5 alleles
0.0% missing data
 146   (0.345) 0.344 0.642 0.292 0.367 0.152 0.352 
 154   (0.045) 0.009 0.066 0.025 0.042 0.021 0.045 
 150   (0.546) 0.598 0.255 0.530 0.558 0.683 0.552 
 148   (0.049) 0.014 0.036 0.140 0.027 0.141 0.040 
 152   (0.014) 0.035 0.001 0.014 0.007 0.002 0.010 

Locus 33 : 33 
7 alleles
0.0% missing data
 180   (0.442) 0.356 0.369 0.475 0.438 0.428 0.446 
 184   (0.191) 0.276 0.179 0.131 0.210 0.192 0.196 
 192   (0.156) 0.157 0.166 0.285 0.162 0.029 0.156 
 198   (0.069) 0.014 0.255 0.047 0.071 0.082 0.069 
 196   (0.118) 0.156 0.030 0.054 0.106 0.234 0.115 
 194   (0.009) 0.001 0.001 0.002 0.004 0.031 0.006 
 190   (0.016) 0.040 0.001 0.005 0.010 0.003 0.013 

Locus 34 : 34 
6 alleles
0.0% missing data
 108   (0.155) 0.099 0.591 0.096 0.137 0.034 0.156 
 110   (0.173) 0.102 0.113 0.212 0.153 0.223 0.166 
 106   (0.264) 0.406 0.236 0.213 0.307 0.236 0.271 
 112   (0.365) 0.384 0.056 0.399 0.362 0.499 0.365 
  90   (0.035) 0.008 0.002 0.072 0.037 0.006 0.035 
  96   (0.008) 0.001 0.000 0.008 0.004 0.001 0.006 

Locus 35 : 35 
9 alleles
0.0% missing data
 168   (0.064) 0.023 0.317 0.050 0.070 0.011 0.067 
 176   (0.090) 0.010 0.100 0.072 0.091 0.106 0.091 
 170   (0.244) 0.222 0.342 0.187 0.268 0.247 0.253 
 172   (0.304) 0.409 0.174 0.364 0.292 0.382 0.300 
 174   (0.171) 0.167 0.049 0.210 0.197 0.037 0.181 
 186   (0.021) 0.044 0.011 0.012 0.012 0.003 0.017 
 166   (0.052) 0.100 0.003 0.050 0.035 0.170 0.044 
 178   (0.044) 0.025 0.003 0.052 0.031 0.040 0.040 
 158   (0.008) 0.001 0.000 0.003 0.004 0.002 0.007 

Locus 36 : 36 
6 alleles
0.0% missing data
  83   (0.124) 0.088 0.314 0.078 0.126 0.047 0.128 
  89   (0.575) 0.668 0.605 0.627 0.574 0.658 0.576 
  85   (0.149) 0.136 0.017 0.197 0.153 0.167 0.148 
  95   (0.059) 0.078 0.030 0.026 0.041 0.072 0.053 
  91   (0.021) 0.004 0.030 0.013 0.011 0.008 0.017 
  81   (0.070) 0.025 0.004 0.059 0.094 0.048 0.078 

Locus 37 : 37 
10 alleles
0.0% missing data
 161   (0.357) 0.251 0.702 0.341 0.402 0.575 0.369 
 165   (0.237) 0.255 0.119 0.180 0.221 0.269 0.235 
 173   (0.236) 0.306 0.169 0.313 0.228 0.088 0.234 
 169   (0.094) 0.138 0.006 0.103 0.099 0.054 0.097 
 168   (0.014) 0.002 0.001 0.007 0.009 0.003 0.013 
 155   (0.019) 0.002 0.001 0.018 0.015 0.003 0.018 
 167   (0.016) 0.004 0.001 0.020 0.011 0.003 0.014 
 159   (0.010) 0.004 0.001 0.012 0.005 0.002 0.008 
 177   (0.008) 0.001 0.000 0.003 0.005 0.001 0.006 
 175   (0.009) 0.037 0.001 0.002 0.004 0.001 0.006 

Locus 38 : 38 
5 alleles
1.1% missing data
  85   (0.175) 0.223 0.216 0.147 0.177 0.077 0.174 
  89   (0.484) 0.563 0.237 0.450 0.484 0.719 0.484 
  87   (0.084) 0.053 0.436 0.053 0.077 0.087 0.080 
  91   (0.155) 0.091 0.104 0.155 0.172 0.076 0.163 
  81   (0.102) 0.070 0.007 0.194 0.090 0.041 0.099 

Locus 39 : 39 
4 alleles
1.1% missing data
 167   (0.763) 0.791 0.415 0.800 0.795 0.844 0.774 
 161   (0.190) 0.150 0.437 0.170 0.177 0.136 0.188 
 165   (0.038) 0.059 0.148 0.028 0.023 0.018 0.032 
 177   (0.008) 0.001 0.001 0.002 0.005 0.002 0.007 

Locus 40 : 40 
6 alleles
0.8% missing data
 236   (0.101) 0.051 0.262 0.092 0.079 0.054 0.096 
 240   (0.124) 0.144 0.513 0.078 0.130 0.022 0.125 
 228   (0.399) 0.505 0.135 0.485 0.383 0.477 0.392 
 238   (0.341) 0.296 0.074 0.278 0.381 0.427 0.358 
 224   (0.022) 0.003 0.014 0.063 0.010 0.019 0.016 
 232   (0.013) 0.001 0.001 0.005 0.017 0.002 0.014 

Locus 41 : 41 
7 alleles
0.0% missing data
 130   (0.526) 0.448 0.735 0.550 0.534 0.586 0.530 
 134   (0.129) 0.070 0.177 0.129 0.117 0.056 0.127 
 118   (0.066) 0.080 0.070 0.067 0.060 0.013 0.062 
 114   (0.047) 0.005 0.003 0.025 0.047 0.080 0.049 
 132   (0.109) 0.218 0.007 0.066 0.128 0.144 0.116 
 128   (0.114) 0.178 0.007 0.160 0.109 0.121 0.110 
 136   (0.008) 0.001 0.000 0.002 0.004 0.001 0.007 

Locus 42 : 42 
5 alleles
1.5% missing data
  96   (0.077) 0.021 0.179 0.043 0.076 0.142 0.075 
  98   (0.125) 0.077 0.266 0.102 0.110 0.194 0.118 
  92   (0.120) 0.062 0.293 0.073 0.146 0.133 0.125 
 104   (0.434) 0.487 0.246 0.554 0.437 0.206 0.438 
 102   (0.244) 0.353 0.016 0.229 0.231 0.325 0.244 

Locus 43 : 43 
6 alleles
2.3% missing data
 101   (0.311) 0.297 0.358 0.258 0.343 0.403 0.320 
 103   (0.298) 0.432 0.119 0.351 0.244 0.164 0.283 
  95   (0.205) 0.194 0.335 0.143 0.207 0.341 0.204 
  99   (0.156) 0.074 0.176 0.236 0.183 0.085 0.165 
  97   (0.022) 0.003 0.011 0.010 0.018 0.005 0.020 
  91   (0.008) 0.001 0.000 0.002 0.006 0.001 0.007 

Locus 44 : 44 
6 alleles
0.4% missing data
 191   (0.286) 0.179 0.635 0.381 0.301 0.223 0.291 
 181   (0.551) 0.721 0.147 0.483 0.587 0.693 0.564 
 179   (0.052) 0.006 0.106 0.070 0.039 0.009 0.048 
 177   (0.086) 0.056 0.100 0.051 0.061 0.072 0.078 
 193   (0.014) 0.038 0.012 0.004 0.006 0.002 0.009 
 183   (0.011) 0.001 0.001 0.011 0.006 0.002 0.009 

Locus 45 : 45 
6 alleles
1.5% missing data
 205   (0.462) 0.518 0.323 0.534 0.461 0.389 0.467 
 215   (0.080) 0.059 0.181 0.049 0.070 0.069 0.075 
 211   (0.232) 0.145 0.371 0.272 0.264 0.220 0.241 
 202   (0.015) 0.002 0.010 0.007 0.011 0.003 0.013 
 201   (0.070) 0.070 0.042 0.051 0.077 0.113 0.069 
 207   (0.141) 0.205 0.073 0.086 0.117 0.205 0.134 

Locus 46 : 46 
10 alleles
1.1% missing data
 142   (0.351) 0.560 0.145 0.498 0.345 0.184 0.354 
 164   (0.058) 0.025 0.189 0.025 0.094 0.010 0.068 
 162   (0.056) 0.033 0.159 0.037 0.051 0.009 0.053 
 156   (0.031) 0.014 0.089 0.021 0.020 0.006 0.027 
 168   (0.144) 0.040 0.218 0.072 0.150 0.201 0.149 
 158   (0.149) 0.084 0.115 0.172 0.162 0.083 0.155 
 170   (0.019) 0.002 0.045 0.006 0.021 0.003 0.018 
 166   (0.121) 0.202 0.030 0.118 0.093 0.249 0.110 
 144   (0.063) 0.039 0.009 0.047 0.060 0.253 0.060 
 160   (0.008) 0.001 0.000 0.005 0.005 0.001 0.006 

Locus 47 : 47 
6 alleles
16.0% missing data
 149   (0.367) 0.392 0.757 0.401 0.342 0.188 0.361 
 145   (0.225) 0.115 0.050 0.140 0.255 0.231 0.238 
 151   (0.178) 0.141 0.093 0.259 0.174 0.184 0.176 
 153   (0.180) 0.346 0.044 0.172 0.174 0.376 0.175 
 143   (0.024) 0.002 0.054 0.009 0.022 0.010 0.022 
 147   (0.026) 0.003 0.002 0.020 0.033 0.012 0.028 

Values of parameters used in structure:
DATAFILE=a2.str,	OUTFILE=k6/a2_k6_run1,	NUMINDS=263,	NUMLOCI=47,	MISSING=-9,	LABEL=1,	POPDATA=1,	POPFLAG=0,	PHENOTYPE=0,	EXTRACOLS=0,	MAXPOPS=6,	BURNIN=500000,	NUMREPS=750000,	USEPOPINFO=0,	INFERALPHA=1,	INFERLAMBDA=0,	POPSPECIFICLAMBDA=0,	POPALPHAS=0,	COMPUTEPROB=1,	NOADMIX=0,	ADMBURNIN=500,	UPDATEFREQ=100,	PRINTLIKES=0,	INTERMEDSAVE=0,	PRINTKLD=0,	PRINTNET=1,	PRINTLAMBDA=1,	ANCESTDIST=0,	NUMBOXES=1000,	ANCESTPINT=0.90000,	GENSBACK=2,	MIGRPRIOR=0.01000,	PRINTQHAT=0,	PRINTQSUM=1,	ALPHA=1.0000,	FREQSCORR=1,	FPRIORMEAN=0.0100,	FPRIORSD=0.0500,	ONEFST=0,	LAMBDA=1.0000,	UNIFPRIORALPHA=1,	ALPHAMAX=10.0000,	ALPHAPRIORA=1.0000,	ALPHAPRIORB=2.0000,	ALPHAPROPSD=0.0250,	STARTATPOPINFO=0,	RANDOMIZE=0,	LINKAGE=0,	METROFREQ=10,	REPORTHITRATE=0,	MARKOVPHASE=0,	PHASED=1,	PLOIDY=2,	PHASEINFO=0	LOCPRIOR=0, 	LOCPRIORINIT=1.000000, 	LOCDATA=0, 	LOCISPOP=1, 	LOCPRIORSTEP=0.100000, 	MAXLOCPRIOR=20.000000, 	SEED=941344,	
[STRAT parameters]:    NUMSIMSTATS=1000,	PHENOTYPECOL=-9,	POOLFREQ=10,	LOCUSxONLY=0,	EMERROR=0.00100,	MISSINGPHENO=-9,	