

----------------------------------------------------
STRUCTURE by Pritchard, Stephens and Donnelly (2000)
     and Falush, Stephens and Pritchard (2003)
       Code by Pritchard, Falush and Hubisz
             Version 2.3.4 (Jul 2012)
----------------------------------------------------



Command line arguments:   structure -D 461970 -K 7 -m mainparams -o k7/a2_k7_run4 
Input File:    a2.str

Run parameters:
   263 individuals
   47 loci
   7 populations assumed
   500000 Burn-in period
   750000 Reps
RANDOMIZE turned off


--------------------------------------------
Proportion of membership of each pre-defined
 population in each of the 7 clusters

Given    Inferred Clusters                                   Number of
 Pop       1      2      3      4      5      6      7      Individuals

  1:     0.004  0.006  0.965  0.005  0.006  0.006  0.009       36
  2:     0.016  0.020  0.003  0.911  0.018  0.018  0.013       21
  3:     0.050  0.304  0.017  0.037  0.293  0.265  0.034       26
  4:     0.228  0.206  0.012  0.026  0.213  0.216  0.099       74
  5:     0.516  0.119  0.012  0.035  0.118  0.118  0.082       35
  6:     0.716  0.072  0.006  0.045  0.060  0.064  0.036       24
  7:     0.063  0.308  0.024  0.055  0.273  0.258  0.019       43
  8:     0.033  0.250  0.006  0.030  0.365  0.298  0.018        4
--------------------------------------------

Allele-freq. divergence among pops (Net nucleotide distance),
computed using point estimates of P.

      1       2       3       4       5       6       7      
 1      -    0.0145  0.1150  0.0365  0.0161  0.0159  0.0389  
 2   0.0145     -    0.0766  0.0211  0.0004  0.0006  0.0311  
 3   0.1150  0.0766     -    0.1175  0.0789  0.0796  0.1104  
 4   0.0365  0.0211  0.1175     -    0.0214  0.0212  0.0507  
 5   0.0161  0.0004  0.0789  0.0214     -    0.0001  0.0335  
 6   0.0159  0.0006  0.0796  0.0212  0.0001     -    0.0336  
 7   0.0389  0.0311  0.1104  0.0507  0.0335  0.0336     -    

Average distances (expected heterozygosity) between individuals in same cluster:
cluster  1  : 0.5810 
cluster  2  : 0.6468 
cluster  3  : 0.6328 
cluster  4  : 0.5753 
cluster  5  : 0.6375 
cluster  6  : 0.6361 
cluster  7  : 0.5638 

--------------------------------------------
Estimated Ln Prob of Data   = -30519.9
Mean value of ln likelihood = -29129.4
Variance of ln likelihood   = 2781.0
Mean value of alpha         = 0.0396

Mean value of Fst_1         = 0.0720
Mean value of Fst_2         = 0.0089
Mean value of Fst_3         = 0.1774
Mean value of Fst_4         = 0.1008
Mean value of Fst_5         = 0.0222
Mean value of Fst_6         = 0.0242
Mean value of Fst_7         = 0.1701


Inferred ancestry of individuals:
        Label (%Miss) Pop:  Inferred clusters
  1      001    (0)    1 :  0.002 0.004 0.981 0.003 0.004 0.004 0.002 
  2      005    (0)    1 :  0.002 0.003 0.986 0.002 0.003 0.003 0.002 
  3      106    (0)    1 :  0.002 0.003 0.980 0.005 0.003 0.004 0.002 
  4      192    (0)    1 :  0.007 0.022 0.914 0.012 0.021 0.019 0.005 
  5      229    (0)    1 :  0.007 0.008 0.960 0.005 0.008 0.008 0.005 
  6      319    (0)    1 :  0.003 0.005 0.977 0.003 0.005 0.005 0.002 
  7      327    (0)    1 :  0.002 0.003 0.981 0.003 0.004 0.004 0.002 
  8      340    (0)    1 :  0.003 0.006 0.970 0.004 0.006 0.006 0.005 
  9      345    (0)    1 :  0.003 0.007 0.966 0.006 0.007 0.007 0.004 
 10      375    (0)    1 :  0.002 0.004 0.981 0.002 0.004 0.003 0.003 
 11      501    (4)    1 :  0.003 0.004 0.976 0.002 0.004 0.004 0.007 
 12      502    (0)    1 :  0.003 0.005 0.940 0.008 0.005 0.005 0.035 
 13      503    (2)    1 :  0.002 0.003 0.982 0.003 0.003 0.003 0.005 
 14      504    (0)    1 :  0.009 0.005 0.970 0.003 0.005 0.004 0.004 
 15      505    (0)    1 :  0.003 0.015 0.937 0.011 0.015 0.015 0.004 
 16      506    (2)    1 :  0.005 0.008 0.964 0.003 0.008 0.008 0.005 
 17      507    (4)    1 :  0.002 0.004 0.978 0.004 0.004 0.004 0.004 
 18      508    (0)    1 :  0.007 0.008 0.936 0.004 0.008 0.008 0.027 
 19      509    (2)    1 :  0.003 0.003 0.980 0.003 0.004 0.003 0.004 
 20      510    (2)    1 :  0.010 0.007 0.962 0.004 0.006 0.006 0.006 
 21      511    (4)    1 :  0.003 0.003 0.979 0.003 0.003 0.003 0.006 
 22      512    (4)    1 :  0.003 0.004 0.980 0.003 0.004 0.004 0.003 
 23      513    (0)    1 :  0.004 0.005 0.976 0.003 0.005 0.005 0.003 
 24      514    (0)    1 :  0.009 0.007 0.967 0.002 0.007 0.006 0.003 
 25      515    (2)    1 :  0.002 0.003 0.983 0.003 0.003 0.003 0.003 
 26      516    (2)    1 :  0.006 0.006 0.957 0.004 0.006 0.006 0.015 
 27      517    (0)    1 :  0.006 0.003 0.984 0.001 0.002 0.002 0.002 
 28      518    (0)    1 :  0.005 0.007 0.962 0.005 0.007 0.007 0.006 
 29      519    (0)    1 :  0.003 0.004 0.978 0.003 0.004 0.004 0.005 
 30      520    (2)    1 :  0.006 0.003 0.978 0.004 0.003 0.003 0.002 
 31      521    (2)    1 :  0.003 0.003 0.981 0.004 0.003 0.003 0.003 
 32      522    (0)    1 :  0.010 0.007 0.934 0.012 0.006 0.006 0.025 
 33      523    (2)    1 :  0.006 0.008 0.959 0.008 0.007 0.007 0.005 
 34      524    (0)    1 :  0.010 0.014 0.835 0.029 0.011 0.012 0.088 
 35      525    (0)    1 :  0.002 0.003 0.983 0.002 0.003 0.003 0.003 
 36      526    (2)    1 :  0.003 0.003 0.984 0.002 0.003 0.003 0.002 
 37      527    (2)    2 :  0.019 0.011 0.009 0.851 0.010 0.009 0.091 
 38      528    (4)    2 :  0.007 0.022 0.002 0.908 0.028 0.027 0.006 
 39      529    (4)    2 :  0.052 0.056 0.003 0.814 0.032 0.033 0.009 
 40      530    (0)    2 :  0.004 0.011 0.006 0.939 0.015 0.014 0.009 
 41      531    (2)    2 :  0.006 0.011 0.005 0.948 0.012 0.013 0.004 
 42      532    (4)    2 :  0.005 0.013 0.003 0.947 0.012 0.013 0.008 
 43      533    (0)    2 :  0.009 0.011 0.006 0.951 0.010 0.010 0.003 
 44      534    (2)    2 :  0.005 0.005 0.003 0.973 0.005 0.005 0.004 
 45      535    (2)    2 :  0.007 0.008 0.002 0.961 0.008 0.009 0.005 
 46      536    (2)    2 :  0.009 0.009 0.002 0.956 0.010 0.010 0.004 
 47      537    (2)    2 :  0.033 0.010 0.002 0.926 0.011 0.012 0.007 
 48      538    (2)    2 :  0.020 0.109 0.003 0.649 0.100 0.100 0.018 
 49      539    (2)    2 :  0.003 0.002 0.001 0.987 0.002 0.002 0.002 
 50      540    (2)    2 :  0.012 0.009 0.002 0.947 0.011 0.011 0.009 
 51      541    (2)    2 :  0.039 0.010 0.003 0.919 0.012 0.012 0.005 
 52      542    (2)    2 :  0.037 0.019 0.003 0.897 0.018 0.019 0.007 
 53      543    (0)    2 :  0.041 0.065 0.002 0.810 0.038 0.036 0.008 
 54      544    (2)    2 :  0.004 0.004 0.003 0.980 0.004 0.004 0.003 
 55      545    (2)    2 :  0.006 0.008 0.002 0.938 0.008 0.008 0.028 
 56      546    (4)    2 :  0.005 0.014 0.002 0.930 0.011 0.010 0.027 
 57      547    (6)    2 :  0.016 0.017 0.003 0.907 0.016 0.015 0.027 
 58      010    (0)    3 :  0.006 0.246 0.011 0.006 0.437 0.284 0.010 
 59      024    (0)    3 :  0.030 0.453 0.034 0.008 0.231 0.230 0.014 
 60      051    (0)    3 :  0.007 0.280 0.031 0.010 0.373 0.286 0.013 
 61      090    (0)    3 :  0.015 0.380 0.016 0.012 0.275 0.286 0.016 
 62      102    (0)    3 :  0.130 0.208 0.002 0.337 0.133 0.156 0.034 
 63      111    (0)    3 :  0.018 0.257 0.004 0.014 0.363 0.336 0.008 
 64      113    (0)    3 :  0.053 0.253 0.005 0.047 0.363 0.262 0.018 
 65      138    (0)    3 :  0.013 0.199 0.007 0.017 0.346 0.413 0.004 
 66      150    (0)    3 :  0.554 0.080 0.041 0.063 0.099 0.133 0.030 
 67      173    (2)    3 :  0.054 0.434 0.022 0.008 0.227 0.209 0.046 
 68      174    (2)    3 :  0.005 0.201 0.026 0.027 0.429 0.307 0.006 
 69      175    (0)    3 :  0.008 0.423 0.051 0.005 0.274 0.230 0.010 
 70      176    (0)    3 :  0.010 0.372 0.004 0.028 0.322 0.258 0.006 
 71      177    (0)    3 :  0.021 0.342 0.007 0.009 0.323 0.292 0.006 
 72      180    (0)    3 :  0.007 0.253 0.002 0.093 0.341 0.298 0.006 
 73      184    (0)    3 :  0.030 0.203 0.008 0.006 0.309 0.362 0.081 
 74      195    (0)    3 :  0.020 0.350 0.006 0.006 0.360 0.249 0.009 
 75      198    (0)    3 :  0.009 0.224 0.008 0.045 0.360 0.349 0.005 
 76      203    (0)    3 :  0.014 0.366 0.003 0.028 0.303 0.236 0.051 
 77      211    (0)    3 :  0.033 0.355 0.004 0.059 0.293 0.249 0.006 
 78      220    (0)    3 :  0.105 0.345 0.005 0.009 0.234 0.265 0.036 
 79      233    (0)    3 :  0.125 0.426 0.003 0.013 0.206 0.209 0.018 
 80      331    (0)    3 :  0.010 0.329 0.029 0.014 0.319 0.283 0.017 
 81      349    (0)    3 :  0.011 0.195 0.102 0.017 0.134 0.118 0.421 
 82      410    (0)    3 :  0.006 0.422 0.006 0.024 0.282 0.254 0.007 
 83      417    (2)    3 :  0.010 0.295 0.004 0.065 0.290 0.324 0.011 
 84      421    (0)    4 :  0.950 0.010 0.001 0.007 0.012 0.011 0.008 
 85      423    (0)    4 :  0.006 0.458 0.009 0.038 0.223 0.214 0.053 
 86      424    (0)    4 :  0.014 0.302 0.010 0.066 0.305 0.298 0.007 
 87      433    (0)    4 :  0.413 0.147 0.015 0.011 0.181 0.225 0.008 
 88      462    (0)    4 :  0.122 0.309 0.007 0.033 0.251 0.239 0.040 
 89      463    (0)    4 :  0.009 0.277 0.027 0.034 0.265 0.206 0.183 
 90      467    (0)    4 :  0.920 0.014 0.009 0.012 0.012 0.012 0.021 
 91      468    (0)    4 :  0.051 0.010 0.003 0.016 0.009 0.009 0.902 
 92      469    (0)    4 :  0.497 0.137 0.003 0.152 0.093 0.111 0.007 
 93      472    (0)    4 :  0.021 0.507 0.020 0.008 0.213 0.220 0.011 
 94      473    (0)    4 :  0.011 0.047 0.013 0.005 0.044 0.052 0.827 
 95      474    (0)    4 :  0.188 0.012 0.002 0.029 0.019 0.030 0.719 
 96      475    (0)    4 :  0.339 0.172 0.009 0.008 0.232 0.181 0.058 
 97      476    (2)    4 :  0.100 0.016 0.029 0.005 0.012 0.013 0.824 
 98      477    (0)    4 :  0.030 0.448 0.010 0.010 0.224 0.263 0.015 
 99      478    (0)    4 :  0.106 0.345 0.003 0.016 0.279 0.246 0.006 
100      479    (0)    4 :  0.301 0.080 0.002 0.040 0.252 0.315 0.011 
101      480    (0)    4 :  0.951 0.008 0.002 0.005 0.008 0.008 0.018 
102      481    (0)    4 :  0.033 0.321 0.009 0.012 0.298 0.311 0.016 
103      482    (0)    4 :  0.074 0.234 0.005 0.005 0.375 0.301 0.006 
104      489    (0)    4 :  0.046 0.388 0.025 0.011 0.262 0.240 0.027 
105      490    (0)    4 :  0.012 0.114 0.007 0.058 0.370 0.433 0.006 
106      491    (0)    4 :  0.029 0.415 0.002 0.006 0.255 0.270 0.024 
107      492    (0)    4 :  0.071 0.040 0.020 0.018 0.031 0.031 0.788 
108      493    (0)    4 :  0.447 0.195 0.023 0.025 0.136 0.124 0.049 
109      494    (0)    4 :  0.230 0.170 0.027 0.009 0.267 0.284 0.014 
110      498    (0)    4 :  0.016 0.354 0.011 0.028 0.248 0.251 0.092 
111      499    (0)    4 :  0.014 0.319 0.007 0.015 0.363 0.265 0.016 
112      709    (0)    4 :  0.016 0.333 0.018 0.010 0.308 0.305 0.010 
113      710    (4)    4 :  0.183 0.388 0.050 0.014 0.154 0.190 0.021 
114      711    (2)    4 :  0.023 0.290 0.003 0.057 0.323 0.296 0.008 
115      712    (4)    4 :  0.011 0.113 0.003 0.017 0.383 0.468 0.005 
116      713    (0)    4 :  0.005 0.454 0.029 0.013 0.249 0.221 0.028 
117      714    (2)    4 :  0.782 0.026 0.010 0.010 0.019 0.021 0.132 
118      715    (4)    4 :  0.897 0.018 0.005 0.029 0.023 0.024 0.004 
119      716    (0)    4 :  0.915 0.017 0.002 0.006 0.020 0.023 0.015 
120      717    (2)    4 :  0.470 0.154 0.005 0.008 0.194 0.152 0.016 
121      718    (4)    4 :  0.028 0.137 0.004 0.016 0.371 0.437 0.008 
122      719    (0)    4 :  0.976 0.005 0.002 0.004 0.005 0.005 0.004 
123      720    (2)    4 :  0.893 0.032 0.006 0.009 0.020 0.021 0.018 
124      721    (0)    4 :  0.130 0.199 0.007 0.018 0.191 0.186 0.268 
125      722    (4)    4 :  0.938 0.005 0.002 0.014 0.005 0.006 0.030 
126      723    (0)    4 :  0.927 0.026 0.003 0.005 0.017 0.017 0.005 
127      724    (0)    4 :  0.857 0.031 0.032 0.012 0.019 0.019 0.029 
128      725    (0)    4 :  0.029 0.331 0.018 0.005 0.331 0.272 0.014 
129      726    (0)    4 :  0.132 0.258 0.015 0.006 0.159 0.187 0.243 
130      727    (0)    4 :  0.048 0.216 0.002 0.006 0.354 0.345 0.029 
131      728    (2)    4 :  0.015 0.487 0.008 0.024 0.234 0.226 0.005 
132      729    (6)    4 :  0.057 0.491 0.004 0.009 0.214 0.220 0.005 
133      730    (2)    4 :  0.052 0.121 0.004 0.022 0.369 0.429 0.003 
134      731    (2)    4 :  0.006 0.144 0.004 0.007 0.387 0.445 0.006 
135      732    (0)    4 :  0.120 0.391 0.009 0.014 0.228 0.220 0.018 
136      733    (0)    4 :  0.101 0.269 0.012 0.025 0.293 0.296 0.005 
137      734    (2)    4 :  0.040 0.299 0.031 0.016 0.322 0.285 0.006 
138      735    (4)    4 :  0.045 0.335 0.002 0.010 0.268 0.292 0.048 
139      736    (2)    4 :  0.007 0.213 0.010 0.007 0.391 0.365 0.006 
140      737    (0)    4 :  0.005 0.143 0.003 0.018 0.376 0.436 0.018 
141      738    (2)    4 :  0.010 0.243 0.005 0.022 0.341 0.375 0.005 
142      739    (8)    4 :  0.024 0.150 0.003 0.015 0.376 0.419 0.013 
143      740    (4)    4 :  0.091 0.201 0.006 0.014 0.330 0.354 0.004 
144      741    (2)    4 :  0.156 0.213 0.007 0.061 0.255 0.274 0.034 
145      742    (4)    4 :  0.014 0.179 0.008 0.049 0.384 0.360 0.006 
146      743    (2)    4 :  0.954 0.010 0.004 0.005 0.011 0.011 0.005 
147      744    (0)    4 :  0.210 0.246 0.102 0.006 0.228 0.200 0.008 
148      745    (0)    4 :  0.489 0.118 0.004 0.183 0.092 0.101 0.012 
149      746    (2)    4 :  0.008 0.243 0.005 0.009 0.346 0.383 0.007 
150      747    (2)    4 :  0.012 0.166 0.006 0.117 0.319 0.368 0.013 
151      748    (0)    4 :  0.010 0.151 0.014 0.235 0.098 0.093 0.399 
152      749    (2)    4 :  0.018 0.346 0.110 0.052 0.267 0.202 0.004 
153      750    (4)    4 :  0.017 0.349 0.011 0.030 0.298 0.290 0.006 
154      751    (0)    4 :  0.020 0.422 0.003 0.024 0.266 0.253 0.011 
155      752    (2)    4 :  0.054 0.008 0.002 0.013 0.009 0.010 0.903 
156      753    (4)    4 :  0.041 0.289 0.004 0.021 0.304 0.247 0.095 
157      754    (2)    4 :  0.005 0.110 0.005 0.005 0.395 0.476 0.004 
158      155    (0)    5 :  0.020 0.465 0.012 0.045 0.210 0.232 0.017 
159      156    (2)    5 :  0.009 0.297 0.013 0.007 0.391 0.279 0.004 
160      157    (2)    5 :  0.012 0.136 0.029 0.008 0.368 0.433 0.014 
161      158    (0)    5 :  0.024 0.426 0.005 0.014 0.284 0.242 0.004 
162      159    (0)    5 :  0.016 0.378 0.015 0.026 0.248 0.303 0.014 
163      160    (0)    5 :  0.246 0.112 0.003 0.012 0.251 0.325 0.052 
164      161    (0)    5 :  0.069 0.188 0.203 0.009 0.250 0.269 0.012 
165      162    (0)    5 :  0.355 0.222 0.003 0.008 0.214 0.157 0.042 
166      163    (2)    5 :  0.009 0.242 0.004 0.006 0.412 0.319 0.009 
167      164    (0)    5 :  0.022 0.324 0.017 0.115 0.209 0.230 0.082 
168      165    (2)    5 :  0.008 0.266 0.020 0.012 0.369 0.317 0.008 
169      427    (0)    5 :  0.952 0.011 0.004 0.006 0.010 0.011 0.005 
170      428    (0)    5 :  0.956 0.008 0.002 0.006 0.008 0.007 0.012 
171      429    (0)    5 :  0.966 0.008 0.002 0.006 0.006 0.006 0.006 
172      430    (0)    5 :  0.047 0.255 0.007 0.096 0.192 0.201 0.201 
173      431    (0)    5 :  0.904 0.018 0.003 0.035 0.016 0.017 0.007 
174      435    (0)    5 :  0.972 0.004 0.001 0.003 0.004 0.004 0.011 
175      436    (0)    5 :  0.937 0.008 0.003 0.014 0.006 0.007 0.025 
176      437    (0)    5 :  0.773 0.028 0.003 0.096 0.019 0.026 0.055 
177      438    (0)    5 :  0.818 0.037 0.004 0.025 0.026 0.031 0.058 
178      439    (0)    5 :  0.466 0.121 0.003 0.049 0.129 0.144 0.088 
179      441    (0)    5 :  0.008 0.004 0.002 0.005 0.003 0.003 0.975 
180      442    (0)    5 :  0.904 0.030 0.003 0.011 0.020 0.019 0.014 
181      443    (4)    5 :  0.940 0.009 0.002 0.012 0.011 0.012 0.013 
182      444    (4)    5 :  0.962 0.007 0.007 0.008 0.007 0.007 0.003 
183      445    (2)    5 :  0.551 0.199 0.003 0.018 0.090 0.125 0.015 
184      446    (0)    5 :  0.972 0.006 0.003 0.005 0.006 0.006 0.003 
185      447    (0)    5 :  0.953 0.009 0.001 0.015 0.010 0.009 0.004 
186      449    (0)    5 :  0.975 0.004 0.002 0.006 0.004 0.004 0.005 
187      460    (0)    5 :  0.843 0.020 0.005 0.035 0.016 0.016 0.064 
188      461    (0)    5 :  0.569 0.087 0.007 0.093 0.104 0.129 0.011 
189      484    (0)    5 :  0.112 0.151 0.005 0.395 0.156 0.163 0.017 
190      485    (0)    5 :  0.952 0.010 0.003 0.005 0.010 0.010 0.011 
191      486    (0)    5 :  0.002 0.002 0.001 0.002 0.002 0.002 0.989 
192      487    (0)    5 :  0.749 0.066 0.003 0.017 0.069 0.065 0.031 
193      178    (0)    6 :  0.593 0.103 0.014 0.006 0.077 0.116 0.091 
194      422    (0)    6 :  0.963 0.007 0.002 0.006 0.009 0.010 0.004 
195      425    (0)    6 :  0.897 0.026 0.003 0.005 0.025 0.023 0.022 
196      426    (0)    6 :  0.054 0.361 0.022 0.005 0.283 0.270 0.006 
197      432    (0)    6 :  0.592 0.150 0.008 0.034 0.106 0.100 0.010 
198      434    (0)    6 :  0.974 0.005 0.002 0.004 0.005 0.005 0.005 
199      440    (0)    6 :  0.721 0.078 0.003 0.009 0.087 0.071 0.031 
200      448    (2)    6 :  0.958 0.007 0.002 0.013 0.007 0.007 0.006 
201      456    (0)    6 :  0.267 0.359 0.003 0.025 0.161 0.177 0.008 
202      457    (0)    6 :  0.660 0.046 0.004 0.171 0.033 0.035 0.052 
203      458    (0)    6 :  0.271 0.226 0.005 0.017 0.223 0.231 0.026 
204      459    (0)    6 :  0.928 0.016 0.005 0.012 0.015 0.016 0.009 
205      464    (0)    6 :  0.941 0.010 0.009 0.003 0.010 0.010 0.017 
206      465    (0)    6 :  0.875 0.024 0.003 0.006 0.028 0.031 0.032 
207      466    (0)    6 :  0.837 0.037 0.002 0.047 0.027 0.034 0.016 
208      470    (0)    6 :  0.844 0.008 0.003 0.005 0.008 0.008 0.124 
209      471    (0)    6 :  0.937 0.015 0.004 0.006 0.016 0.014 0.008 
210      483    (0)    6 :  0.878 0.025 0.010 0.011 0.035 0.033 0.007 
211      488    (0)    6 :  0.350 0.090 0.003 0.045 0.124 0.174 0.215 
212      495    (0)    6 :  0.926 0.010 0.003 0.027 0.014 0.014 0.005 
213      496    (0)    6 :  0.788 0.022 0.004 0.004 0.044 0.060 0.076 
214      497    (0)    6 :  0.922 0.018 0.005 0.024 0.013 0.013 0.006 
215      500    (0)    6 :  0.069 0.073 0.031 0.592 0.075 0.078 0.083 
216      879    (0)    6 :  0.939 0.011 0.006 0.009 0.014 0.014 0.008 
217      036    (0)    7 :  0.019 0.538 0.004 0.008 0.189 0.235 0.007 
218      063    (2)    7 :  0.041 0.315 0.004 0.022 0.309 0.290 0.020 
219      094    (4)    7 :  0.039 0.141 0.020 0.251 0.245 0.288 0.016 
220      103    (4)    7 :  0.008 0.258 0.013 0.009 0.379 0.322 0.010 
221      112    (0)    7 :  0.007 0.259 0.007 0.026 0.362 0.326 0.012 
222      114    (2)    7 :  0.026 0.386 0.003 0.009 0.281 0.274 0.021 
223      120    (0)    7 :  0.011 0.121 0.003 0.050 0.366 0.436 0.012 
224      127    (2)    7 :  0.010 0.427 0.006 0.015 0.218 0.216 0.108 
225      147    (0)    7 :  0.017 0.381 0.008 0.004 0.315 0.266 0.009 
226      166    (0)    7 :  0.034 0.295 0.066 0.018 0.318 0.261 0.008 
227      167    (0)    7 :  0.215 0.252 0.006 0.005 0.272 0.219 0.032 
228      168    (0)    7 :  0.017 0.463 0.011 0.011 0.247 0.247 0.005 
229      169    (2)    7 :  0.334 0.200 0.004 0.011 0.246 0.194 0.011 
230      170    (0)    7 :  0.014 0.251 0.027 0.013 0.380 0.292 0.024 
231      171    (2)    7 :  0.007 0.190 0.009 0.194 0.351 0.245 0.004 
232      172    (0)    7 :  0.013 0.116 0.005 0.028 0.381 0.454 0.004 
233      185    (0)    7 :  0.100 0.289 0.005 0.009 0.341 0.240 0.015 
234      199    (2)    7 :  0.008 0.354 0.013 0.008 0.334 0.263 0.019 
235      339    (0)    7 :  0.426 0.189 0.003 0.012 0.179 0.138 0.053 
236      355    (0)    7 :  0.004 0.314 0.038 0.005 0.378 0.256 0.005 
237      356    (0)    7 :  0.006 0.132 0.105 0.004 0.333 0.372 0.049 
238      357    (0)    7 :  0.012 0.459 0.007 0.021 0.236 0.229 0.036 
239      358    (0)    7 :  0.013 0.528 0.004 0.031 0.194 0.208 0.022 
240      359    (0)    7 :  0.008 0.334 0.005 0.018 0.315 0.316 0.005 
241      360    (0)    7 :  0.055 0.416 0.023 0.029 0.246 0.224 0.008 
242      361    (0)    7 :  0.055 0.125 0.003 0.011 0.363 0.435 0.007 
243      362    (0)    7 :  0.133 0.167 0.024 0.439 0.113 0.119 0.005 
244      363    (0)    7 :  0.016 0.377 0.008 0.007 0.311 0.255 0.026 
245      364    (0)    7 :  0.013 0.219 0.078 0.333 0.139 0.148 0.070 
246      365    (0)    7 :  0.056 0.324 0.144 0.226 0.106 0.126 0.019 
247      366    (0)    7 :  0.006 0.463 0.006 0.018 0.247 0.256 0.005 
248      367    (0)    7 :  0.008 0.361 0.002 0.051 0.288 0.265 0.026 
249      368    (0)    7 :  0.006 0.263 0.090 0.113 0.260 0.205 0.063 
250      369    (0)    7 :  0.005 0.318 0.015 0.009 0.394 0.256 0.004 
251      370    (0)    7 :  0.019 0.167 0.060 0.008 0.347 0.395 0.006 
252      371    (0)    7 :  0.013 0.397 0.002 0.104 0.250 0.229 0.004 
253      372    (0)    7 :  0.742 0.061 0.011 0.030 0.080 0.071 0.004 
254      373    (0)    7 :  0.040 0.400 0.093 0.021 0.219 0.223 0.004 
255      380    (0)    7 :  0.010 0.362 0.011 0.017 0.292 0.300 0.007 
256      388    (0)    7 :  0.011 0.249 0.044 0.022 0.331 0.339 0.005 
257      418    (0)    7 :  0.018 0.500 0.006 0.025 0.193 0.241 0.018 
258      419    (0)    7 :  0.044 0.484 0.007 0.009 0.212 0.233 0.012 
259      420    (0)    7 :  0.077 0.398 0.010 0.099 0.185 0.196 0.036 
260      409    (0)    8 :  0.021 0.221 0.005 0.017 0.395 0.333 0.008 
261      414    (0)    8 :  0.010 0.234 0.003 0.039 0.400 0.305 0.010 
262      415    (2)    8 :  0.007 0.260 0.012 0.014 0.373 0.288 0.046 
263      416    (0)    8 :  0.096 0.283 0.003 0.052 0.293 0.265 0.008 


Estimated Allele Frequencies in each cluster
First column gives estimated ancestral frequencies


Locus 1 : 1 
4 alleles
0.0% missing data
  89   (0.550) 0.563 0.554 0.296 0.613 0.539 0.538 0.607 
  91   (0.371) 0.370 0.373 0.674 0.312 0.397 0.398 0.374 
  93   (0.061) 0.045 0.058 0.029 0.073 0.055 0.054 0.014 
  99   (0.017) 0.022 0.015 0.001 0.003 0.009 0.011 0.004 

Locus 2 : 2 
6 alleles
1.9% missing data
 136   (0.352) 0.077 0.367 0.454 0.699 0.413 0.420 0.136 
 140   (0.075) 0.046 0.072 0.123 0.026 0.069 0.064 0.025 
 138   (0.303) 0.499 0.300 0.226 0.175 0.276 0.272 0.276 
 134   (0.213) 0.262 0.208 0.185 0.088 0.197 0.198 0.507 
 142   (0.029) 0.112 0.024 0.011 0.005 0.020 0.020 0.051 
 132   (0.028) 0.004 0.029 0.002 0.008 0.026 0.025 0.006 

Locus 3 : 3 
6 alleles
0.0% missing data
 187   (0.328) 0.184 0.333 0.352 0.487 0.346 0.340 0.257 
 181   (0.238) 0.342 0.239 0.077 0.163 0.219 0.212 0.263 
 185   (0.088) 0.100 0.084 0.261 0.020 0.078 0.078 0.123 
 175   (0.062) 0.136 0.058 0.240 0.014 0.063 0.069 0.049 
 179   (0.247) 0.226 0.250 0.058 0.299 0.268 0.275 0.297 
 191   (0.036) 0.012 0.035 0.012 0.018 0.026 0.026 0.011 

Locus 4 : 4 
10 alleles
0.4% missing data
 241   (0.153) 0.140 0.153 0.523 0.052 0.155 0.160 0.180 
 271   (0.043) 0.008 0.042 0.113 0.019 0.036 0.037 0.026 
 249   (0.024) 0.003 0.022 0.066 0.004 0.018 0.018 0.004 
 253   (0.500) 0.528 0.512 0.181 0.729 0.525 0.519 0.509 
 245   (0.012) 0.001 0.009 0.065 0.002 0.006 0.006 0.002 
 269   (0.161) 0.264 0.157 0.034 0.160 0.155 0.156 0.239 
 247   (0.076) 0.052 0.078 0.015 0.015 0.079 0.078 0.031 
 267   (0.008) 0.001 0.006 0.000 0.015 0.003 0.003 0.002 
 239   (0.014) 0.002 0.013 0.001 0.002 0.013 0.013 0.003 
 273   (0.010) 0.001 0.009 0.001 0.002 0.010 0.011 0.002 

Locus 5 : 5 
6 alleles
0.4% missing data
 103   (0.816) 0.950 0.819 0.737 0.925 0.825 0.828 0.954 
 105   (0.059) 0.015 0.060 0.162 0.019 0.067 0.064 0.017 
 107   (0.019) 0.002 0.017 0.026 0.003 0.013 0.013 0.003 
 104   (0.079) 0.031 0.079 0.073 0.048 0.073 0.073 0.019 
 102   (0.019) 0.002 0.019 0.001 0.003 0.018 0.017 0.004 
 101   (0.008) 0.001 0.007 0.000 0.001 0.005 0.005 0.003 

Locus 6 : 6 
5 alleles
0.0% missing data
 135   (0.229) 0.181 0.221 0.643 0.208 0.208 0.207 0.131 
 147   (0.071) 0.010 0.070 0.120 0.026 0.067 0.066 0.037 
 137   (0.015) 0.002 0.012 0.091 0.003 0.011 0.011 0.003 
 141   (0.264) 0.219 0.251 0.120 0.597 0.222 0.227 0.690 
 145   (0.422) 0.588 0.446 0.026 0.167 0.492 0.489 0.139 

Locus 7 : 7 
10 alleles
1.5% missing data
  89   (0.076) 0.089 0.070 0.285 0.021 0.067 0.068 0.301 
 101   (0.012) 0.001 0.009 0.127 0.002 0.007 0.007 0.002 
  97   (0.196) 0.144 0.194 0.257 0.264 0.176 0.168 0.180 
 105   (0.018) 0.002 0.016 0.092 0.003 0.012 0.011 0.004 
  91   (0.071) 0.034 0.071 0.062 0.016 0.070 0.065 0.043 
  93   (0.204) 0.295 0.199 0.126 0.329 0.204 0.214 0.267 
  99   (0.012) 0.001 0.010 0.026 0.002 0.006 0.006 0.002 
 103   (0.289) 0.353 0.306 0.018 0.278 0.328 0.324 0.173 
  85   (0.050) 0.038 0.047 0.003 0.072 0.044 0.044 0.010 
  83   (0.071) 0.042 0.078 0.005 0.013 0.087 0.093 0.018 

Locus 8 : 8 
8 alleles
0.0% missing data
 143   (0.252) 0.205 0.259 0.292 0.143 0.258 0.263 0.165 
 127   (0.019) 0.002 0.017 0.096 0.003 0.014 0.013 0.004 
 149   (0.088) 0.066 0.080 0.297 0.093 0.067 0.068 0.213 
 129   (0.556) 0.689 0.566 0.309 0.685 0.591 0.589 0.576 
 141   (0.044) 0.026 0.042 0.003 0.061 0.038 0.036 0.010 
 133   (0.022) 0.003 0.020 0.001 0.010 0.020 0.021 0.029 
 145   (0.008) 0.001 0.007 0.000 0.001 0.005 0.005 0.001 
 131   (0.011) 0.008 0.009 0.001 0.002 0.006 0.006 0.003 

Locus 9 : 9 
4 alleles
0.0% missing data
 189   (0.483) 0.381 0.491 0.339 0.378 0.509 0.506 0.584 
 191   (0.380) 0.322 0.379 0.351 0.541 0.367 0.365 0.369 
 195   (0.129) 0.296 0.123 0.309 0.080 0.117 0.122 0.046 
 197   (0.008) 0.001 0.007 0.000 0.001 0.006 0.006 0.001 

Locus 10 : 10 
7 alleles
0.8% missing data
 238   (0.568) 0.745 0.562 0.744 0.615 0.549 0.548 0.874 
 232   (0.246) 0.174 0.255 0.123 0.248 0.278 0.273 0.064 
 250   (0.018) 0.002 0.016 0.029 0.003 0.013 0.012 0.003 
 252   (0.097) 0.071 0.099 0.017 0.089 0.101 0.108 0.045 
 254   (0.043) 0.005 0.041 0.085 0.041 0.038 0.038 0.008 
 236   (0.008) 0.001 0.007 0.000 0.001 0.005 0.005 0.002 
 248   (0.020) 0.002 0.020 0.001 0.003 0.017 0.016 0.004 

Locus 11 : 11 
4 alleles
0.0% missing data
  87   (0.696) 0.831 0.697 0.495 0.639 0.689 0.690 0.893 
  85   (0.021) 0.002 0.018 0.169 0.004 0.015 0.016 0.028 
  89   (0.232) 0.142 0.238 0.157 0.255 0.247 0.243 0.066 
  91   (0.051) 0.024 0.047 0.178 0.102 0.049 0.051 0.012 

Locus 12 : 12 
13 alleles
0.8% missing data
 160   (0.209) 0.273 0.210 0.438 0.089 0.210 0.206 0.274 
 143   (0.037) 0.005 0.037 0.163 0.007 0.033 0.035 0.012 
 161   (0.102) 0.122 0.101 0.254 0.031 0.103 0.109 0.032 
 170   (0.063) 0.038 0.063 0.029 0.026 0.063 0.061 0.023 
 158   (0.234) 0.186 0.239 0.093 0.395 0.249 0.246 0.120 
 147   (0.040) 0.035 0.036 0.003 0.164 0.030 0.028 0.013 
 162   (0.229) 0.251 0.237 0.014 0.272 0.250 0.257 0.342 
 154   (0.021) 0.002 0.022 0.002 0.005 0.021 0.018 0.007 
 149   (0.025) 0.061 0.021 0.002 0.005 0.014 0.014 0.165 
 153   (0.014) 0.002 0.014 0.001 0.002 0.012 0.012 0.003 
 150   (0.008) 0.008 0.006 0.000 0.001 0.003 0.003 0.002 
 159   (0.011) 0.017 0.008 0.001 0.002 0.006 0.007 0.005 
 164   (0.008) 0.001 0.007 0.000 0.001 0.004 0.004 0.002 

Locus 13 : 13 
5 alleles
0.0% missing data
 115   (0.458) 0.529 0.454 0.376 0.590 0.450 0.459 0.551 
 113   (0.331) 0.357 0.327 0.335 0.311 0.311 0.304 0.395 
 108   (0.195) 0.112 0.205 0.288 0.097 0.230 0.228 0.052 
 109   (0.008) 0.001 0.007 0.001 0.001 0.004 0.004 0.001 
 110   (0.008) 0.001 0.007 0.000 0.001 0.004 0.005 0.001 

Locus 14 : 14 
5 alleles
2.3% missing data
 229   (0.531) 0.497 0.530 0.479 0.614 0.551 0.560 0.784 
 231   (0.148) 0.019 0.156 0.351 0.155 0.166 0.157 0.040 
 233   (0.053) 0.048 0.048 0.097 0.051 0.038 0.039 0.011 
 225   (0.137) 0.095 0.137 0.064 0.070 0.125 0.125 0.096 
 227   (0.131) 0.341 0.128 0.009 0.110 0.120 0.119 0.070 

Locus 15 : 15 
5 alleles
0.8% missing data
 143   (0.830) 0.859 0.837 0.645 0.949 0.843 0.852 0.946 
 145   (0.088) 0.068 0.087 0.185 0.020 0.082 0.078 0.034 
 147   (0.059) 0.070 0.056 0.169 0.016 0.053 0.047 0.015 
 157   (0.008) 0.001 0.006 0.000 0.013 0.003 0.003 0.002 
 133   (0.015) 0.002 0.014 0.001 0.002 0.019 0.019 0.003 

Locus 16 : 16 
5 alleles
0.0% missing data
 154   (0.089) 0.019 0.088 0.391 0.105 0.084 0.080 0.023 
 156   (0.221) 0.232 0.227 0.159 0.200 0.264 0.276 0.080 
 160   (0.125) 0.099 0.118 0.122 0.150 0.113 0.107 0.329 
 158   (0.555) 0.637 0.558 0.328 0.544 0.534 0.531 0.561 
 152   (0.010) 0.011 0.008 0.001 0.002 0.005 0.006 0.006 

Locus 17 : 17 
5 alleles
0.0% missing data
  88   (0.081) 0.011 0.080 0.460 0.031 0.069 0.066 0.202 
  90   (0.655) 0.790 0.666 0.334 0.519 0.700 0.707 0.405 
 100   (0.056) 0.011 0.058 0.163 0.011 0.066 0.060 0.016 
 102   (0.199) 0.181 0.191 0.043 0.438 0.161 0.163 0.375 
 104   (0.008) 0.007 0.006 0.001 0.001 0.004 0.003 0.002 

Locus 18 : 18 
7 alleles
0.0% missing data
 127   (0.297) 0.310 0.307 0.378 0.162 0.336 0.337 0.158 
 140   (0.287) 0.258 0.291 0.307 0.188 0.299 0.283 0.352 
 150   (0.061) 0.162 0.055 0.216 0.012 0.048 0.051 0.042 
 148   (0.092) 0.058 0.087 0.068 0.102 0.070 0.067 0.203 
 142   (0.139) 0.085 0.138 0.024 0.400 0.136 0.142 0.112 
 146   (0.075) 0.085 0.072 0.005 0.096 0.068 0.076 0.119 
 138   (0.049) 0.041 0.048 0.003 0.040 0.043 0.044 0.015 

Locus 19 : 19 
8 alleles
0.4% missing data
 194   (0.571) 0.551 0.582 0.562 0.614 0.593 0.594 0.283 
 200   (0.103) 0.087 0.099 0.301 0.025 0.092 0.093 0.416 
 190   (0.106) 0.182 0.095 0.044 0.289 0.087 0.088 0.252 
 202   (0.018) 0.002 0.016 0.043 0.003 0.012 0.012 0.003 
 198   (0.008) 0.001 0.006 0.038 0.001 0.003 0.003 0.002 
 188   (0.178) 0.175 0.189 0.011 0.066 0.201 0.198 0.041 
 192   (0.008) 0.001 0.007 0.000 0.001 0.005 0.005 0.001 
 196   (0.008) 0.001 0.006 0.001 0.001 0.006 0.006 0.001 

Locus 20 : 20 
6 alleles
0.8% missing data
 246   (0.100) 0.050 0.095 0.210 0.054 0.088 0.085 0.170 
 250   (0.078) 0.069 0.070 0.421 0.146 0.057 0.053 0.076 
 254   (0.066) 0.091 0.060 0.234 0.050 0.054 0.057 0.020 
 252   (0.708) 0.778 0.730 0.086 0.742 0.760 0.765 0.724 
 244   (0.021) 0.008 0.018 0.047 0.003 0.013 0.013 0.005 
 248   (0.027) 0.004 0.028 0.002 0.005 0.028 0.027 0.005 

Locus 21 : 21 
7 alleles
0.4% missing data
 167   (0.191) 0.119 0.195 0.073 0.224 0.210 0.215 0.099 
 175   (0.141) 0.084 0.142 0.502 0.042 0.138 0.136 0.033 
 173   (0.284) 0.541 0.277 0.205 0.437 0.272 0.291 0.142 
 163   (0.043) 0.016 0.041 0.107 0.009 0.036 0.035 0.012 
 177   (0.271) 0.230 0.274 0.041 0.274 0.278 0.266 0.510 
 165   (0.042) 0.005 0.039 0.070 0.009 0.036 0.032 0.197 
 159   (0.028) 0.005 0.031 0.002 0.005 0.030 0.025 0.008 

Locus 22 : 22 
11 alleles
1.1% missing data
 150   (0.030) 0.007 0.028 0.104 0.005 0.026 0.024 0.010 
 158   (0.092) 0.021 0.095 0.429 0.028 0.100 0.097 0.046 
 142   (0.021) 0.012 0.018 0.029 0.003 0.011 0.012 0.005 
 162   (0.064) 0.017 0.067 0.137 0.011 0.066 0.062 0.023 
 156   (0.021) 0.018 0.016 0.116 0.003 0.011 0.010 0.004 
 164   (0.031) 0.004 0.028 0.068 0.018 0.026 0.026 0.007 
 152   (0.407) 0.576 0.409 0.097 0.549 0.439 0.443 0.593 
 146   (0.220) 0.312 0.226 0.014 0.152 0.222 0.230 0.274 
 154   (0.008) 0.001 0.006 0.000 0.049 0.003 0.003 0.001 
 166   (0.097) 0.031 0.101 0.006 0.180 0.092 0.088 0.036 
 148   (0.008) 0.001 0.007 0.000 0.001 0.005 0.005 0.001 

Locus 23 : 23 
7 alleles
1.5% missing data
 154   (0.560) 0.569 0.571 0.188 0.562 0.573 0.575 0.597 
 156   (0.131) 0.043 0.135 0.419 0.116 0.159 0.167 0.037 
 144   (0.167) 0.277 0.160 0.242 0.260 0.148 0.144 0.058 
 158   (0.032) 0.004 0.030 0.137 0.006 0.027 0.025 0.017 
 160   (0.092) 0.104 0.088 0.013 0.053 0.081 0.078 0.288 
 152   (0.008) 0.002 0.007 0.000 0.001 0.004 0.004 0.001 
 146   (0.010) 0.001 0.009 0.001 0.002 0.007 0.007 0.002 

Locus 24 : 24 
4 alleles
0.8% missing data
  83   (0.439) 0.430 0.440 0.588 0.377 0.432 0.427 0.656 
  81   (0.392) 0.396 0.397 0.376 0.313 0.399 0.396 0.261 
  85   (0.096) 0.100 0.095 0.031 0.094 0.100 0.102 0.026 
  77   (0.072) 0.073 0.068 0.004 0.216 0.070 0.074 0.058 

Locus 25 : 25 
6 alleles
0.4% missing data
 124   (0.534) 0.525 0.539 0.481 0.484 0.569 0.585 0.700 
 126   (0.024) 0.003 0.021 0.013 0.029 0.014 0.014 0.005 
 122   (0.106) 0.121 0.099 0.460 0.060 0.083 0.081 0.077 
 120   (0.022) 0.002 0.020 0.026 0.003 0.018 0.017 0.004 
 132   (0.299) 0.346 0.307 0.019 0.417 0.306 0.293 0.210 
 136   (0.015) 0.002 0.013 0.001 0.007 0.010 0.010 0.004 

Locus 26 : 26 
7 alleles
0.4% missing data
 179   (0.097) 0.067 0.093 0.283 0.070 0.083 0.088 0.049 
 181   (0.062) 0.008 0.068 0.264 0.012 0.088 0.091 0.012 
 185   (0.012) 0.001 0.009 0.103 0.002 0.007 0.007 0.002 
 183   (0.336) 0.306 0.337 0.219 0.445 0.350 0.339 0.496 
 165   (0.238) 0.285 0.237 0.114 0.175 0.227 0.227 0.198 
 175   (0.247) 0.331 0.249 0.016 0.295 0.241 0.244 0.241 
 157   (0.008) 0.001 0.007 0.000 0.001 0.004 0.004 0.001 

Locus 27 : 27 
4 alleles
0.4% missing data
 142   (0.637) 0.772 0.641 0.533 0.637 0.633 0.628 0.692 
 148   (0.202) 0.099 0.209 0.276 0.171 0.220 0.219 0.055 
 150   (0.120) 0.104 0.116 0.161 0.064 0.122 0.128 0.239 
 138   (0.041) 0.024 0.035 0.029 0.128 0.025 0.025 0.014 

Locus 28 : 28 
6 alleles
0.8% missing data
 260   (0.387) 0.523 0.386 0.228 0.382 0.360 0.348 0.459 
 262   (0.485) 0.382 0.493 0.685 0.571 0.529 0.545 0.482 
 256   (0.087) 0.061 0.086 0.085 0.039 0.081 0.077 0.051 
 258   (0.014) 0.001 0.013 0.001 0.003 0.011 0.010 0.003 
 266   (0.008) 0.007 0.006 0.000 0.001 0.003 0.003 0.002 
 264   (0.019) 0.026 0.016 0.001 0.003 0.015 0.016 0.004 

Locus 29 : 29 
7 alleles
0.4% missing data
 140   (0.179) 0.156 0.177 0.392 0.125 0.162 0.161 0.191 
 146   (0.283) 0.254 0.288 0.322 0.233 0.296 0.285 0.335 
 150   (0.432) 0.522 0.441 0.244 0.528 0.463 0.480 0.313 
 148   (0.058) 0.034 0.052 0.039 0.047 0.045 0.042 0.106 
 142   (0.008) 0.001 0.006 0.000 0.016 0.003 0.003 0.002 
 151   (0.010) 0.001 0.007 0.001 0.044 0.004 0.004 0.005 
 152   (0.031) 0.032 0.029 0.002 0.006 0.025 0.024 0.048 

Locus 30 : 30 
6 alleles
0.0% missing data
 127   (0.090) 0.031 0.086 0.531 0.020 0.078 0.076 0.278 
 131   (0.051) 0.028 0.047 0.130 0.015 0.040 0.040 0.041 
 125   (0.290) 0.078 0.304 0.137 0.461 0.326 0.321 0.082 
 129   (0.407) 0.605 0.403 0.089 0.458 0.404 0.403 0.518 
 123   (0.151) 0.257 0.149 0.112 0.044 0.145 0.153 0.079 
 121   (0.011) 0.001 0.011 0.001 0.002 0.007 0.008 0.002 

Locus 31 : 31 
6 alleles
0.4% missing data
 153   (0.070) 0.089 0.064 0.305 0.046 0.054 0.051 0.043 
 155   (0.536) 0.450 0.548 0.423 0.624 0.549 0.536 0.404 
 159   (0.178) 0.277 0.174 0.201 0.163 0.185 0.194 0.138 
 157   (0.177) 0.180 0.176 0.056 0.150 0.179 0.187 0.406 
 151   (0.031) 0.004 0.032 0.014 0.005 0.030 0.029 0.007 
 163   (0.008) 0.001 0.006 0.000 0.012 0.004 0.003 0.002 

Locus 32 : 32 
5 alleles
0.0% missing data
 146   (0.346) 0.354 0.352 0.646 0.147 0.361 0.359 0.209 
 154   (0.046) 0.010 0.044 0.066 0.020 0.039 0.038 0.012 
 150   (0.547) 0.588 0.551 0.255 0.689 0.562 0.567 0.517 
 148   (0.047) 0.011 0.042 0.032 0.142 0.031 0.029 0.251 
 152   (0.014) 0.037 0.011 0.001 0.002 0.007 0.008 0.012 

Locus 33 : 33 
7 alleles
0.0% missing data
 180   (0.440) 0.350 0.449 0.368 0.426 0.448 0.443 0.467 
 184   (0.189) 0.306 0.185 0.179 0.192 0.194 0.189 0.084 
 192   (0.160) 0.131 0.165 0.166 0.029 0.170 0.178 0.398 
 198   (0.070) 0.013 0.069 0.257 0.081 0.068 0.069 0.016 
 196   (0.115) 0.163 0.111 0.029 0.238 0.103 0.103 0.030 
 194   (0.009) 0.001 0.006 0.000 0.032 0.003 0.003 0.001 
 190   (0.017) 0.037 0.014 0.001 0.003 0.013 0.015 0.004 

Locus 34 : 34 
6 alleles
0.0% missing data
 108   (0.147) 0.098 0.150 0.592 0.030 0.148 0.139 0.037 
 110   (0.176) 0.084 0.174 0.114 0.228 0.171 0.166 0.217 
 106   (0.267) 0.415 0.264 0.237 0.232 0.279 0.297 0.223 
 112   (0.368) 0.395 0.373 0.055 0.503 0.366 0.360 0.389 
  90   (0.034) 0.007 0.032 0.002 0.005 0.032 0.033 0.132 
  96   (0.008) 0.001 0.007 0.000 0.001 0.005 0.005 0.002 

Locus 35 : 35 
9 alleles
0.0% missing data
 168   (0.066) 0.024 0.067 0.319 0.011 0.066 0.065 0.025 
 176   (0.087) 0.010 0.089 0.099 0.101 0.096 0.099 0.025 
 170   (0.249) 0.229 0.250 0.345 0.246 0.258 0.249 0.144 
 172   (0.318) 0.408 0.316 0.174 0.389 0.305 0.301 0.368 
 174   (0.152) 0.146 0.160 0.045 0.032 0.182 0.196 0.361 
 186   (0.022) 0.043 0.020 0.011 0.004 0.015 0.014 0.006 
 166   (0.052) 0.110 0.046 0.003 0.175 0.033 0.034 0.055 
 178   (0.046) 0.029 0.046 0.003 0.041 0.040 0.039 0.014 
 158   (0.008) 0.001 0.007 0.000 0.002 0.005 0.004 0.001 

Locus 36 : 36 
6 alleles
0.0% missing data
  83   (0.124) 0.092 0.125 0.315 0.046 0.121 0.116 0.037 
  89   (0.577) 0.656 0.579 0.604 0.660 0.580 0.572 0.723 
  85   (0.148) 0.145 0.148 0.016 0.168 0.156 0.163 0.200 
  95   (0.059) 0.079 0.053 0.030 0.075 0.042 0.040 0.018 
  91   (0.021) 0.006 0.018 0.030 0.008 0.012 0.012 0.004 
  81   (0.071) 0.022 0.076 0.004 0.043 0.090 0.096 0.017 

Locus 37 : 37 
10 alleles
0.0% missing data
 161   (0.348) 0.243 0.348 0.705 0.580 0.375 0.383 0.415 
 165   (0.239) 0.269 0.240 0.118 0.270 0.224 0.215 0.094 
 173   (0.239) 0.292 0.242 0.166 0.086 0.232 0.235 0.417 
 169   (0.098) 0.143 0.100 0.006 0.051 0.110 0.111 0.057 
 168   (0.013) 0.001 0.013 0.001 0.002 0.011 0.010 0.002 
 155   (0.018) 0.002 0.019 0.001 0.003 0.018 0.016 0.004 
 167   (0.017) 0.003 0.016 0.001 0.003 0.015 0.016 0.004 
 159   (0.011) 0.004 0.010 0.001 0.002 0.006 0.007 0.002 
 177   (0.008) 0.001 0.007 0.000 0.001 0.005 0.005 0.003 
 175   (0.009) 0.040 0.006 0.001 0.001 0.003 0.003 0.001 

Locus 38 : 38 
5 alleles
1.1% missing data
  85   (0.176) 0.227 0.175 0.216 0.073 0.178 0.176 0.119 
  89   (0.476) 0.576 0.478 0.235 0.723 0.481 0.485 0.426 
  87   (0.087) 0.038 0.081 0.438 0.088 0.072 0.072 0.091 
  91   (0.157) 0.087 0.161 0.104 0.076 0.171 0.175 0.112 
  81   (0.104) 0.072 0.105 0.007 0.040 0.098 0.093 0.251 

Locus 39 : 39 
4 alleles
1.1% missing data
 167   (0.763) 0.783 0.774 0.413 0.847 0.786 0.799 0.831 
 161   (0.191) 0.154 0.187 0.436 0.133 0.182 0.169 0.153 
 165   (0.038) 0.062 0.032 0.151 0.018 0.027 0.027 0.015 
 177   (0.008) 0.001 0.007 0.000 0.002 0.005 0.005 0.001 

Locus 40 : 40 
6 alleles
0.8% missing data
 236   (0.098) 0.045 0.095 0.264 0.052 0.083 0.078 0.109 
 240   (0.126) 0.137 0.127 0.517 0.022 0.126 0.124 0.060 
 228   (0.395) 0.509 0.392 0.131 0.478 0.387 0.390 0.600 
 238   (0.347) 0.305 0.358 0.074 0.429 0.379 0.381 0.107 
 224   (0.020) 0.002 0.016 0.014 0.017 0.011 0.010 0.123 
 232   (0.013) 0.001 0.012 0.001 0.002 0.015 0.016 0.002 

Locus 41 : 41 
7 alleles
0.0% missing data
 130   (0.528) 0.442 0.534 0.736 0.584 0.546 0.546 0.500 
 134   (0.128) 0.073 0.127 0.177 0.056 0.116 0.111 0.128 
 118   (0.067) 0.070 0.064 0.070 0.013 0.059 0.062 0.100 
 114   (0.046) 0.005 0.047 0.003 0.081 0.044 0.043 0.012 
 132   (0.110) 0.228 0.112 0.007 0.145 0.123 0.122 0.025 
 128   (0.112) 0.181 0.108 0.007 0.119 0.107 0.112 0.233 
 136   (0.008) 0.001 0.007 0.000 0.001 0.004 0.004 0.001 

Locus 42 : 42 
5 alleles
1.5% missing data
  96   (0.074) 0.022 0.071 0.180 0.145 0.072 0.071 0.024 
  98   (0.125) 0.082 0.120 0.266 0.197 0.112 0.114 0.051 
  92   (0.117) 0.062 0.116 0.295 0.133 0.131 0.137 0.036 
 104   (0.434) 0.484 0.442 0.243 0.201 0.443 0.444 0.659 
 102   (0.250) 0.350 0.251 0.016 0.323 0.242 0.234 0.229 

Locus 43 : 43 
6 alleles
2.3% missing data
 101   (0.308) 0.288 0.306 0.359 0.400 0.320 0.328 0.313 
 103   (0.304) 0.443 0.312 0.119 0.166 0.285 0.276 0.241 
  95   (0.207) 0.191 0.203 0.336 0.345 0.203 0.206 0.091 
  99   (0.151) 0.074 0.152 0.174 0.083 0.171 0.169 0.348 
  97   (0.021) 0.002 0.020 0.011 0.004 0.016 0.015 0.006 
  91   (0.008) 0.001 0.007 0.000 0.001 0.005 0.005 0.001 

Locus 44 : 44 
6 alleles
0.4% missing data
 191   (0.298) 0.162 0.302 0.635 0.222 0.313 0.303 0.397 
 181   (0.540) 0.733 0.542 0.145 0.692 0.565 0.577 0.522 
 179   (0.055) 0.006 0.055 0.108 0.010 0.043 0.045 0.058 
 177   (0.083) 0.056 0.081 0.100 0.073 0.066 0.062 0.019 
 193   (0.013) 0.041 0.009 0.011 0.002 0.005 0.005 0.002 
 183   (0.011) 0.002 0.010 0.001 0.002 0.008 0.008 0.002 

Locus 45 : 45 
6 alleles
1.5% missing data
 205   (0.467) 0.534 0.477 0.322 0.393 0.467 0.455 0.528 
 215   (0.077) 0.056 0.073 0.182 0.070 0.067 0.069 0.053 
 211   (0.232) 0.138 0.236 0.372 0.216 0.260 0.268 0.286 
 202   (0.014) 0.002 0.012 0.009 0.002 0.011 0.010 0.003 
 201   (0.072) 0.054 0.069 0.042 0.112 0.074 0.078 0.081 
 207   (0.138) 0.216 0.133 0.073 0.206 0.121 0.120 0.048 

Locus 46 : 46 
10 alleles
1.1% missing data
 142   (0.360) 0.577 0.365 0.144 0.180 0.357 0.356 0.570 
 164   (0.058) 0.024 0.061 0.191 0.010 0.079 0.082 0.013 
 162   (0.054) 0.033 0.053 0.161 0.009 0.051 0.056 0.011 
 156   (0.030) 0.011 0.029 0.088 0.006 0.023 0.022 0.008 
 168   (0.141) 0.039 0.144 0.219 0.196 0.142 0.138 0.038 
 158   (0.147) 0.063 0.148 0.114 0.082 0.155 0.146 0.265 
 170   (0.019) 0.002 0.017 0.045 0.003 0.018 0.019 0.004 
 166   (0.123) 0.215 0.119 0.030 0.253 0.112 0.114 0.035 
 144   (0.060) 0.035 0.056 0.008 0.259 0.058 0.063 0.055 
 160   (0.008) 0.001 0.007 0.000 0.001 0.005 0.005 0.001 

Locus 47 : 47 
6 alleles
16.0% missing data
 149   (0.364) 0.398 0.362 0.761 0.188 0.346 0.347 0.429 
 145   (0.219) 0.105 0.232 0.049 0.220 0.248 0.249 0.066 
 151   (0.179) 0.132 0.175 0.089 0.183 0.172 0.171 0.372 
 153   (0.193) 0.360 0.186 0.044 0.390 0.181 0.175 0.120 
 143   (0.023) 0.002 0.021 0.054 0.009 0.020 0.021 0.005 
 147   (0.023) 0.003 0.025 0.002 0.009 0.032 0.036 0.007 

Values of parameters used in structure:
DATAFILE=a2.str,	OUTFILE=k7/a2_k7_run4,	NUMINDS=263,	NUMLOCI=47,	MISSING=-9,	LABEL=1,	POPDATA=1,	POPFLAG=0,	PHENOTYPE=0,	EXTRACOLS=0,	MAXPOPS=7,	BURNIN=500000,	NUMREPS=750000,	USEPOPINFO=0,	INFERALPHA=1,	INFERLAMBDA=0,	POPSPECIFICLAMBDA=0,	POPALPHAS=0,	COMPUTEPROB=1,	NOADMIX=0,	ADMBURNIN=500,	UPDATEFREQ=100,	PRINTLIKES=0,	INTERMEDSAVE=0,	PRINTKLD=0,	PRINTNET=1,	PRINTLAMBDA=1,	ANCESTDIST=0,	NUMBOXES=1000,	ANCESTPINT=0.90000,	GENSBACK=2,	MIGRPRIOR=0.01000,	PRINTQHAT=0,	PRINTQSUM=1,	ALPHA=1.0000,	FREQSCORR=1,	FPRIORMEAN=0.0100,	FPRIORSD=0.0500,	ONEFST=0,	LAMBDA=1.0000,	UNIFPRIORALPHA=1,	ALPHAMAX=10.0000,	ALPHAPRIORA=1.0000,	ALPHAPRIORB=2.0000,	ALPHAPROPSD=0.0250,	STARTATPOPINFO=0,	RANDOMIZE=0,	LINKAGE=0,	METROFREQ=10,	REPORTHITRATE=0,	MARKOVPHASE=0,	PHASED=1,	PLOIDY=2,	PHASEINFO=0	LOCPRIOR=0, 	LOCPRIORINIT=1.000000, 	LOCDATA=0, 	LOCISPOP=1, 	LOCPRIORSTEP=0.100000, 	MAXLOCPRIOR=20.000000, 	SEED=461970,	
[STRAT parameters]:    NUMSIMSTATS=1000,	PHENOTYPECOL=-9,	POOLFREQ=10,	LOCUSxONLY=0,	EMERROR=0.00100,	MISSINGPHENO=-9,	