

----------------------------------------------------
STRUCTURE by Pritchard, Stephens and Donnelly (2000)
     and Falush, Stephens and Pritchard (2003)
       Code by Pritchard, Falush and Hubisz
             Version 2.3.4 (Jul 2012)
----------------------------------------------------



Command line arguments:   structure -D 107077 -K 3 -m mainparams -o k3/a2_k3_run2 
Input File:    a2.str

Run parameters:
   275 individuals
   47 loci
   3 populations assumed
   500000 Burn-in period
   750000 Reps
RANDOMIZE turned off


--------------------------------------------
Proportion of membership of each pre-defined
 population in each of the 3 clusters

Given    Inferred Clusters       Number of
 Pop       1      2      3      Individuals

  1:     0.988  0.005  0.007       36
  2:     0.003  0.031  0.967       21
  3:     0.023  0.127  0.850       27
  4:     0.020  0.397  0.583       77
  5:     0.015  0.660  0.325       39
  6:     0.007  0.876  0.117       26
  7:     0.030  0.122  0.848       44
  8:     0.007  0.050  0.943        5
--------------------------------------------

Allele-freq. divergence among pops (Net nucleotide distance),
computed using point estimates of P.

      1       2       3      
 1      -    0.1038  0.0779  
 2   0.1038     -    0.0137  
 3   0.0779  0.0137     -    

Average distances (expected heterozygosity) between individuals in same cluster:
cluster  1  : 0.6370 
cluster  2  : 0.5920 
cluster  3  : 0.6360 

--------------------------------------------
Estimated Ln Prob of Data   = -31369.7
Mean value of ln likelihood = -31111.2
Variance of ln likelihood   = 516.9
Mean value of alpha         = 0.0425

Mean value of Fst_1         = 0.1664
Mean value of Fst_2         = 0.0616
Mean value of Fst_3         = 0.0148


Inferred ancestry of individuals:
        Label (%Miss) Pop:  Inferred clusters
  1      001    (0)    1 :  0.993 0.002 0.004 
  2      005    (0)    1 :  0.995 0.002 0.003 
  3      110    (0)    1 :  0.994 0.002 0.004 
  4      205    (0)    1 :  0.965 0.008 0.028 
  5      242    (0)    1 :  0.985 0.006 0.009 
  6      332    (0)    1 :  0.993 0.003 0.004 
  7      340    (0)    1 :  0.994 0.002 0.004 
  8      355    (0)    1 :  0.990 0.003 0.006 
  9      360    (0)    1 :  0.989 0.004 0.007 
 10      391    (0)    1 :  0.994 0.003 0.004 
 11      525    (4)    1 :  0.993 0.004 0.004 
 12      526    (0)    1 :  0.990 0.005 0.006 
 13      527    (2)    1 :  0.995 0.002 0.003 
 14      528    (0)    1 :  0.989 0.007 0.004 
 15      529    (0)    1 :  0.978 0.003 0.019 
 16      530    (2)    1 :  0.988 0.005 0.007 
 17      531    (4)    1 :  0.994 0.002 0.004 
 18      532    (0)    1 :  0.980 0.010 0.010 
 19      533    (2)    1 :  0.994 0.003 0.003 
 20      534    (2)    1 :  0.984 0.011 0.005 
 21      535    (4)    1 :  0.993 0.004 0.003 
 22      536    (4)    1 :  0.993 0.003 0.004 
 23      537    (0)    1 :  0.992 0.004 0.005 
 24      538    (0)    1 :  0.987 0.009 0.005 
 25      539    (2)    1 :  0.994 0.003 0.003 
 26      540    (2)    1 :  0.985 0.008 0.006 
 27      541    (0)    1 :  0.994 0.004 0.002 
 28      542    (0)    1 :  0.988 0.006 0.006 
 29      543    (0)    1 :  0.993 0.003 0.004 
 30      544    (2)    1 :  0.992 0.005 0.003 
 31      545    (2)    1 :  0.994 0.003 0.004 
 32      546    (0)    1 :  0.976 0.016 0.008 
 33      547    (2)    1 :  0.985 0.006 0.009 
 34      548    (0)    1 :  0.940 0.031 0.029 
 35      549    (0)    1 :  0.994 0.003 0.003 
 36      550    (2)    1 :  0.994 0.003 0.003 
 37      551    (2)    2 :  0.006 0.076 0.918 
 38      552    (4)    2 :  0.002 0.010 0.988 
 39      553    (4)    2 :  0.002 0.073 0.925 
 40      554    (0)    2 :  0.003 0.008 0.989 
 41      555    (2)    2 :  0.003 0.008 0.989 
 42      556    (4)    2 :  0.003 0.007 0.990 
 43      557    (0)    2 :  0.003 0.014 0.983 
 44      558    (2)    2 :  0.003 0.017 0.980 
 45      559    (2)    2 :  0.002 0.036 0.962 
 46      560    (2)    2 :  0.002 0.021 0.977 
 47      561    (2)    2 :  0.002 0.063 0.936 
 48      562    (2)    2 :  0.002 0.015 0.983 
 49      563    (2)    2 :  0.002 0.011 0.987 
 50      564    (2)    2 :  0.002 0.034 0.965 
 51      565    (2)    2 :  0.003 0.114 0.883 
 52      566    (2)    2 :  0.002 0.051 0.947 
 53      567    (0)    2 :  0.002 0.042 0.956 
 54      568    (2)    2 :  0.004 0.010 0.986 
 55      569    (2)    2 :  0.002 0.012 0.985 
 56      570    (4)    2 :  0.002 0.010 0.988 
 57      571    (6)    2 :  0.003 0.018 0.979 
 58      010    (0)    3 :  0.020 0.013 0.967 
 59      025    (0)    3 :  0.084 0.137 0.779 
 60      052    (0)    3 :  0.051 0.011 0.938 
 61      094    (0)    3 :  0.031 0.048 0.921 
 62      106    (0)    3 :  0.002 0.193 0.805 
 63      115    (0)    3 :  0.005 0.026 0.970 
 64      117    (0)    3 :  0.006 0.050 0.944 
 65      142    (0)    3 :  0.007 0.022 0.971 
 66      154    (0)    3 :  0.033 0.924 0.042 
 67      186    (2)    3 :  0.057 0.244 0.698 
 68      187    (2)    3 :  0.025 0.005 0.969 
 69      188    (0)    3 :  0.130 0.016 0.854 
 70      189    (0)    3 :  0.005 0.025 0.970 
 71      190    (0)    3 :  0.011 0.030 0.959 
 72      193    (0)    3 :  0.002 0.006 0.992 
 73      197    (0)    3 :  0.025 0.329 0.647 
 74      208    (0)    3 :  0.012 0.053 0.936 
 75      211    (0)    3 :  0.008 0.013 0.979 
 76      216    (0)    3 :  0.003 0.021 0.976 
 77      224    (0)    3 :  0.004 0.020 0.976 
 78      233    (0)    3 :  0.011 0.365 0.624 
 79      246    (0)    3 :  0.004 0.242 0.754 
 80      344    (0)    3 :  0.036 0.013 0.950 
 81      364    (0)    3 :  0.045 0.044 0.911 
 82      428    (0)    3 :  0.006 0.005 0.989 
 83      435    (2)    3 :  0.006 0.555 0.439 
 84      436    (2)    3 :  0.005 0.015 0.980 
 85      440    (0)    4 :  0.002 0.988 0.010 
 86      442    (0)    4 :  0.011 0.008 0.981 
 87      443    (0)    4 :  0.007 0.010 0.982 
 88      452    (0)    4 :  0.028 0.804 0.169 
 89      481    (0)    4 :  0.008 0.155 0.836 
 90      482    (0)    4 :  0.023 0.014 0.963 
 91      486    (0)    4 :  0.008 0.981 0.011 
 92      487    (0)    4 :  0.010 0.957 0.033 
 93      488    (0)    4 :  0.003 0.465 0.532 
 94      491    (0)    4 :  0.051 0.229 0.720 
 95      492    (0)    4 :  0.026 0.078 0.896 
 96      493    (0)    4 :  0.002 0.991 0.007 
 97      494    (0)    4 :  0.014 0.806 0.180 
 98      495    (2)    4 :  0.035 0.952 0.013 
 99      496    (0)    4 :  0.024 0.198 0.778 
100      497    (0)    4 :  0.003 0.092 0.905 
101      498    (0)    4 :  0.002 0.852 0.146 
102      499    (0)    4 :  0.048 0.250 0.702 
103      500    (0)    4 :  0.002 0.989 0.009 
104      501    (0)    4 :  0.011 0.056 0.933 
105      502    (0)    4 :  0.007 0.095 0.898 
106      512    (0)    4 :  0.036 0.084 0.880 
107      513    (0)    4 :  0.008 0.016 0.976 
108      514    (0)    4 :  0.002 0.154 0.843 
109      515    (0)    4 :  0.031 0.893 0.077 
110      516    (0)    4 :  0.029 0.927 0.043 
111      517    (0)    4 :  0.055 0.771 0.174 
112      522    (0)    4 :  0.011 0.040 0.949 
113      523    (0)    4 :  0.008 0.024 0.968 
114      748    (0)    4 :  0.026 0.034 0.941 
115      749    (4)    4 :  0.152 0.621 0.227 
116      750    (2)    4 :  0.004 0.017 0.979 
117      751    (4)    4 :  0.006 0.035 0.960 
118      752    (0)    4 :  0.027 0.007 0.966 
119      753    (2)    4 :  0.039 0.007 0.954 
120      754    (2)    4 :  0.006 0.981 0.012 
121      755    (4)    4 :  0.004 0.976 0.021 
122      756    (0)    4 :  0.002 0.989 0.009 
123      757    (2)    4 :  0.009 0.733 0.258 
124      758    (4)    4 :  0.008 0.085 0.908 
125      759    (0)    4 :  0.002 0.993 0.004 
126      760    (2)    4 :  0.008 0.966 0.026 
127      761    (0)    4 :  0.019 0.777 0.204 
128      762    (4)    4 :  0.002 0.992 0.006 
129      763    (0)    4 :  0.003 0.989 0.008 
130      764    (0)    4 :  0.008 0.985 0.006 
131      765    (0)    4 :  0.002 0.993 0.005 
132      767    (0)    4 :  0.035 0.050 0.914 
133      768    (0)    4 :  0.070 0.815 0.116 
134      769    (0)    4 :  0.004 0.509 0.487 
135      770    (2)    4 :  0.013 0.025 0.962 
136      771    (6)    4 :  0.007 0.129 0.864 
137      772    (2)    4 :  0.005 0.071 0.924 
138      773    (2)    4 :  0.006 0.018 0.976 
139      774    (0)    4 :  0.014 0.399 0.587 
140      775    (0)    4 :  0.016 0.136 0.849 
141      776    (2)    4 :  0.042 0.080 0.878 
142      777    (4)    4 :  0.004 0.168 0.828 
143      778    (2)    4 :  0.011 0.014 0.975 
144      779    (0)    4 :  0.004 0.012 0.984 
145      780    (2)    4 :  0.006 0.013 0.982 
146      781    (8)    4 :  0.003 0.074 0.922 
147      782    (4)    4 :  0.012 0.224 0.763 
148      783    (2)    4 :  0.010 0.252 0.738 
149      784    (4)    4 :  0.007 0.014 0.979 
150      785    (2)    4 :  0.004 0.981 0.015 
151      786    (0)    4 :  0.244 0.641 0.115 
152      787    (0)    4 :  0.006 0.641 0.353 
153      788    (2)    4 :  0.006 0.008 0.985 
154      789    (2)    4 :  0.005 0.018 0.977 
155      790    (0)    4 :  0.010 0.037 0.953 
156      791    (2)    4 :  0.094 0.014 0.893 
157      792    (4)    4 :  0.016 0.017 0.967 
158      793    (0)    4 :  0.003 0.018 0.979 
159      794    (2)    4 :  0.003 0.975 0.022 
160      795    (4)    4 :  0.007 0.159 0.833 
161      796    (2)    4 :  0.012 0.012 0.976 
162      167    (0)    5 :  0.018 0.027 0.956 
163      168    (2)    5 :  0.027 0.014 0.959 
164      169    (2)    5 :  0.069 0.059 0.872 
165      170    (0)    5 :  0.007 0.038 0.955 
166      171    (0)    5 :  0.017 0.021 0.962 
167      172    (0)    5 :  0.005 0.968 0.027 
168      173    (0)    5 :  0.005 0.967 0.028 
169      174    (0)    5 :  0.271 0.229 0.499 
170      175    (0)    5 :  0.004 0.922 0.074 
171      176    (2)    5 :  0.005 0.010 0.984 
172      177    (0)    5 :  0.015 0.023 0.962 
173      178    (2)    5 :  0.037 0.013 0.950 
174      446    (0)    5 :  0.005 0.985 0.011 
175      447    (0)    5 :  0.002 0.991 0.006 
176      448    (0)    5 :  0.002 0.989 0.008 
177      449    (0)    5 :  0.009 0.179 0.812 
178      450    (0)    5 :  0.003 0.979 0.018 
179      454    (0)    5 :  0.002 0.995 0.004 
180      455    (0)    5 :  0.003 0.990 0.006 
181      456    (0)    5 :  0.003 0.982 0.015 
182      457    (0)    5 :  0.003 0.976 0.021 
183      458    (0)    5 :  0.003 0.878 0.119 
184      460    (0)    5 :  0.007 0.971 0.022 
185      461    (0)    5 :  0.003 0.970 0.026 
186      462    (4)    5 :  0.002 0.988 0.009 
187      463    (4)    5 :  0.009 0.981 0.010 
188      464    (2)    5 :  0.004 0.932 0.065 
189      465    (0)    5 :  0.004 0.988 0.008 
190      466    (0)    5 :  0.002 0.985 0.014 
191      468    (0)    5 :  0.002 0.993 0.005 
192      479    (0)    5 :  0.005 0.981 0.015 
193      480    (0)    5 :  0.011 0.762 0.227 
194      504    (0)    5 :  0.003 0.022 0.975 
195      505    (0)    5 :  0.003 0.021 0.976 
196      506    (0)    5 :  0.002 0.992 0.006 
197      507    (0)    5 :  0.010 0.945 0.045 
198      508    (0)    5 :  0.003 0.963 0.034 
199      509    (0)    5 :  0.002 0.992 0.006 
200      510    (0)    5 :  0.003 0.021 0.976 
201      191    (0)    6 :  0.015 0.970 0.015 
202      441    (0)    6 :  0.002 0.990 0.009 
203      444    (0)    6 :  0.003 0.986 0.012 
204      445    (0)    6 :  0.045 0.234 0.720 
205      451    (0)    6 :  0.009 0.731 0.260 
206      453    (0)    6 :  0.002 0.991 0.007 
207      459    (0)    6 :  0.004 0.946 0.050 
208      467    (2)    6 :  0.002 0.989 0.009 
209      475    (0)    6 :  0.004 0.360 0.635 
210      476    (0)    6 :  0.004 0.940 0.056 
211      477    (0)    6 :  0.008 0.818 0.175 
212      478    (0)    6 :  0.005 0.981 0.015 
213      483    (0)    6 :  0.005 0.990 0.005 
214      484    (0)    6 :  0.003 0.990 0.007 
215      485    (0)    6 :  0.002 0.941 0.057 
216      489    (0)    6 :  0.003 0.991 0.006 
217      490    (0)    6 :  0.005 0.980 0.015 
218      503    (0)    6 :  0.012 0.900 0.088 
219      511    (0)    6 :  0.003 0.986 0.011 
220      518    (0)    6 :  0.004 0.976 0.020 
221      519    (0)    6 :  0.004 0.987 0.009 
222      520    (0)    6 :  0.003 0.987 0.011 
223      521    (0)    6 :  0.007 0.977 0.017 
224      524    (0)    6 :  0.008 0.197 0.795 
225      766    (0)    6 :  0.008 0.985 0.006 
226      928    (0)    6 :  0.007 0.962 0.031 
227      037    (0)    7 :  0.006 0.030 0.964 
228      064    (2)    7 :  0.005 0.066 0.929 
229      098    (4)    7 :  0.009 0.060 0.931 
230      107    (4)    7 :  0.022 0.013 0.965 
231      116    (0)    7 :  0.007 0.006 0.987 
232      118    (2)    7 :  0.004 0.067 0.929 
233      124    (0)    7 :  0.003 0.016 0.981 
234      131    (2)    7 :  0.007 0.018 0.975 
235      151    (0)    7 :  0.011 0.025 0.964 
236      179    (0)    7 :  0.111 0.073 0.816 
237      180    (0)    7 :  0.012 0.803 0.185 
238      181    (0)    7 :  0.018 0.041 0.941 
239      182    (2)    7 :  0.007 0.728 0.265 
240      183    (0)    7 :  0.034 0.027 0.939 
241      184    (2)    7 :  0.005 0.008 0.987 
242      185    (0)    7 :  0.006 0.022 0.972 
243      198    (0)    7 :  0.008 0.157 0.835 
244      212    (2)    7 :  0.021 0.019 0.960 
245      354    (0)    7 :  0.003 0.975 0.022 
246      370    (0)    7 :  0.067 0.007 0.927 
247      371    (0)    7 :  0.171 0.024 0.805 
248      372    (0)    7 :  0.009 0.023 0.968 
249      373    (0)    7 :  0.007 0.034 0.959 
250      374    (0)    7 :  0.006 0.007 0.987 
251      375    (0)    7 :  0.031 0.060 0.909 
252      376    (0)    7 :  0.005 0.257 0.738 
253      377    (0)    7 :  0.007 0.023 0.970 
254      378    (0)    7 :  0.010 0.043 0.947 
255      379    (0)    7 :  0.014 0.047 0.939 
256      380    (0)    7 :  0.019 0.024 0.958 
257      381    (0)    7 :  0.128 0.141 0.731 
258      382    (0)    7 :  0.008 0.009 0.983 
259      383    (0)    7 :  0.002 0.012 0.986 
260      384    (0)    7 :  0.084 0.009 0.908 
261      385    (0)    7 :  0.026 0.006 0.968 
262      386    (0)    7 :  0.098 0.078 0.824 
263      387    (0)    7 :  0.003 0.012 0.985 
264      388    (0)    7 :  0.013 0.905 0.082 
265      389    (0)    7 :  0.176 0.093 0.731 
266      396    (0)    7 :  0.013 0.012 0.975 
267      404    (0)    7 :  0.070 0.013 0.917 
268      437    (0)    7 :  0.010 0.056 0.934 
269      438    (0)    7 :  0.020 0.222 0.758 
270      439    (0)    7 :  0.010 0.110 0.880 
271      426    (0)    8 :  0.006 0.043 0.951 
272      427    (0)    8 :  0.003 0.021 0.976 
273      432    (0)    8 :  0.003 0.015 0.982 
274      433    (2)    8 :  0.020 0.015 0.966 
275      434    (0)    8 :  0.004 0.155 0.841 


Estimated Allele Frequencies in each cluster
First column gives estimated ancestral frequencies


Locus 1 : 1 
4 alleles
0.0% missing data
  89   (0.544) 0.301 0.537 0.590 
  91   (0.364) 0.668 0.406 0.342 
  93   (0.071) 0.029 0.038 0.059 
  99   (0.022) 0.001 0.019 0.009 

Locus 2 : 2 
6 alleles
1.8% missing data
 136   (0.372) 0.453 0.118 0.472 
 140   (0.080) 0.120 0.047 0.062 
 138   (0.280) 0.228 0.453 0.245 
 134   (0.209) 0.185 0.277 0.184 
 142   (0.031) 0.012 0.101 0.009 
 132   (0.027) 0.002 0.004 0.027 

Locus 3 : 3 
6 alleles
0.0% missing data
 187   (0.329) 0.353 0.211 0.373 
 181   (0.222) 0.079 0.301 0.222 
 185   (0.093) 0.256 0.090 0.070 
 175   (0.072) 0.236 0.127 0.041 
 179   (0.243) 0.063 0.260 0.266 
 191   (0.039) 0.014 0.011 0.028 

Locus 4 : 4 
10 alleles
0.4% missing data
 241   (0.163) 0.511 0.143 0.150 
 271   (0.051) 0.111 0.017 0.039 
 249   (0.028) 0.065 0.002 0.018 
 253   (0.468) 0.190 0.533 0.538 
 245   (0.015) 0.066 0.001 0.004 
 269   (0.161) 0.036 0.240 0.162 
 247   (0.073) 0.017 0.059 0.066 
 267   (0.011) 0.001 0.001 0.005 
 239   (0.017) 0.001 0.002 0.011 
 273   (0.014) 0.002 0.001 0.008 

Locus 5 : 5 
6 alleles
0.4% missing data
 103   (0.804) 0.735 0.944 0.845 
 105   (0.064) 0.158 0.017 0.055 
 107   (0.023) 0.026 0.002 0.013 
 104   (0.075) 0.079 0.033 0.066 
 102   (0.022) 0.001 0.004 0.017 
 101   (0.011) 0.001 0.001 0.005 

Locus 6 : 6 
5 alleles
0.0% missing data
 135   (0.225) 0.636 0.165 0.202 
 147   (0.069) 0.120 0.016 0.060 
 137   (0.021) 0.089 0.003 0.008 
 141   (0.313) 0.130 0.300 0.318 
 145   (0.372) 0.025 0.517 0.411 

Locus 7 : 7 
10 alleles
1.5% missing data
  89   (0.088) 0.284 0.104 0.062 
 101   (0.017) 0.124 0.001 0.005 
  97   (0.198) 0.254 0.123 0.215 
 105   (0.022) 0.094 0.003 0.010 
  91   (0.071) 0.059 0.028 0.065 
  93   (0.224) 0.135 0.302 0.222 
  99   (0.017) 0.026 0.001 0.006 
 103   (0.246) 0.016 0.363 0.293 
  85   (0.051) 0.003 0.027 0.051 
  83   (0.067) 0.005 0.049 0.071 

Locus 8 : 8 
8 alleles
0.0% missing data
 143   (0.228) 0.293 0.209 0.230 
 127   (0.024) 0.096 0.002 0.013 
 149   (0.101) 0.292 0.090 0.079 
 129   (0.553) 0.314 0.665 0.605 
 141   (0.045) 0.003 0.024 0.042 
 133   (0.021) 0.001 0.003 0.020 
 145   (0.011) 0.001 0.001 0.005 
 131   (0.016) 0.001 0.007 0.006 

Locus 9 : 9 
4 alleles
0.0% missing data
 189   (0.456) 0.343 0.456 0.475 
 191   (0.386) 0.356 0.309 0.411 
 195   (0.146) 0.301 0.234 0.109 
 197   (0.012) 0.001 0.002 0.004 

Locus 10 : 10 
7 alleles
0.7% missing data
 238   (0.563) 0.737 0.767 0.548 
 232   (0.237) 0.124 0.155 0.270 
 250   (0.023) 0.031 0.002 0.011 
 252   (0.102) 0.019 0.068 0.107 
 254   (0.042) 0.087 0.004 0.038 
 236   (0.011) 0.001 0.002 0.005 
 248   (0.021) 0.001 0.002 0.021 

Locus 11 : 11 
4 alleles
0.4% missing data
  87   (0.674) 0.503 0.824 0.683 
  85   (0.027) 0.163 0.002 0.014 
  89   (0.226) 0.156 0.150 0.242 
  91   (0.073) 0.178 0.024 0.061 

Locus 12 : 12 
13 alleles
0.7% missing data
 160   (0.206) 0.431 0.260 0.193 
 143   (0.038) 0.168 0.006 0.028 
 161   (0.110) 0.251 0.104 0.094 
 170   (0.064) 0.031 0.040 0.054 
 158   (0.227) 0.095 0.178 0.273 
 147   (0.054) 0.004 0.032 0.057 
 162   (0.201) 0.013 0.287 0.244 
 154   (0.022) 0.002 0.002 0.024 
 149   (0.027) 0.002 0.066 0.013 
 153   (0.015) 0.001 0.001 0.011 
 150   (0.011) 0.001 0.006 0.002 
 159   (0.013) 0.001 0.016 0.003 
 164   (0.011) 0.001 0.001 0.005 

Locus 13 : 13 
5 alleles
0.0% missing data
 115   (0.462) 0.377 0.536 0.472 
 113   (0.322) 0.335 0.349 0.318 
 108   (0.191) 0.286 0.110 0.198 
 109   (0.014) 0.001 0.003 0.007 
 110   (0.012) 0.001 0.001 0.005 

Locus 14 : 14 
5 alleles
2.2% missing data
 229   (0.544) 0.488 0.534 0.554 
 231   (0.140) 0.342 0.020 0.178 
 233   (0.061) 0.095 0.041 0.040 
 225   (0.124) 0.066 0.122 0.108 
 227   (0.131) 0.009 0.282 0.120 

Locus 15 : 15 
5 alleles
0.7% missing data
 143   (0.807) 0.654 0.886 0.856 
 145   (0.095) 0.179 0.058 0.079 
 147   (0.068) 0.165 0.052 0.046 
 157   (0.012) 0.001 0.001 0.005 
 133   (0.018) 0.001 0.002 0.014 

Locus 16 : 16 
5 alleles
0.0% missing data
 154   (0.094) 0.381 0.024 0.093 
 156   (0.233) 0.162 0.241 0.231 
 160   (0.134) 0.124 0.125 0.120 
 158   (0.525) 0.331 0.594 0.553 
 152   (0.013) 0.001 0.017 0.003 

Locus 17 : 17 
5 alleles
0.0% missing data
  88   (0.088) 0.449 0.032 0.073 
  90   (0.629) 0.336 0.725 0.658 
 100   (0.063) 0.165 0.017 0.050 
 102   (0.209) 0.049 0.220 0.216 
 104   (0.012) 0.001 0.006 0.002 

Locus 18 : 18 
7 alleles
0.0% missing data
 127   (0.297) 0.370 0.305 0.305 
 140   (0.269) 0.306 0.243 0.283 
 150   (0.070) 0.214 0.126 0.040 
 148   (0.098) 0.071 0.075 0.090 
 142   (0.151) 0.032 0.092 0.183 
 146   (0.066) 0.004 0.121 0.056 
 138   (0.049) 0.003 0.038 0.044 

Locus 19 : 19 
8 alleles
0.4% missing data
 194   (0.540) 0.561 0.516 0.584 
 200   (0.108) 0.297 0.149 0.078 
 190   (0.141) 0.047 0.166 0.135 
 202   (0.022) 0.045 0.002 0.011 
 198   (0.012) 0.037 0.001 0.002 
 188   (0.154) 0.011 0.165 0.180 
 192   (0.011) 0.001 0.001 0.005 
 196   (0.011) 0.001 0.001 0.005 

Locus 20 : 20 
6 alleles
0.7% missing data
 246   (0.107) 0.209 0.054 0.094 
 250   (0.097) 0.411 0.062 0.073 
 254   (0.077) 0.235 0.076 0.049 
 252   (0.659) 0.095 0.787 0.745 
 244   (0.031) 0.049 0.017 0.012 
 248   (0.028) 0.002 0.005 0.026 

Locus 21 : 21 
7 alleles
0.4% missing data
 167   (0.184) 0.077 0.127 0.207 
 175   (0.131) 0.500 0.086 0.116 
 173   (0.299) 0.204 0.491 0.283 
 163   (0.050) 0.103 0.016 0.035 
 177   (0.247) 0.043 0.246 0.287 
 165   (0.055) 0.071 0.027 0.038 
 159   (0.034) 0.002 0.007 0.035 

Locus 22 : 22 
11 alleles
1.5% missing data
 150   (0.039) 0.105 0.012 0.024 
 158   (0.088) 0.414 0.017 0.092 
 142   (0.027) 0.035 0.015 0.010 
 162   (0.069) 0.134 0.023 0.060 
 156   (0.028) 0.114 0.014 0.009 
 164   (0.033) 0.072 0.005 0.022 
 152   (0.418) 0.106 0.548 0.461 
 146   (0.178) 0.012 0.326 0.188 
 154   (0.016) 0.001 0.001 0.011 
 166   (0.091) 0.006 0.038 0.118 
 148   (0.012) 0.001 0.001 0.005 

Locus 23 : 23 
7 alleles
1.5% missing data
 154   (0.510) 0.197 0.579 0.561 
 156   (0.140) 0.409 0.050 0.147 
 144   (0.194) 0.231 0.233 0.175 
 158   (0.035) 0.144 0.006 0.022 
 160   (0.096) 0.017 0.128 0.084 
 152   (0.012) 0.001 0.002 0.004 
 146   (0.014) 0.001 0.001 0.008 

Locus 24 : 24 
4 alleles
0.7% missing data
  83   (0.435) 0.584 0.440 0.437 
  81   (0.377) 0.377 0.390 0.382 
  85   (0.102) 0.034 0.089 0.092 
  77   (0.086) 0.005 0.080 0.089 

Locus 25 : 25 
6 alleles
0.4% missing data
 124   (0.545) 0.484 0.563 0.553 
 126   (0.028) 0.013 0.002 0.019 
 122   (0.105) 0.456 0.101 0.075 
 120   (0.026) 0.026 0.002 0.016 
 132   (0.279) 0.019 0.329 0.326 
 136   (0.017) 0.001 0.002 0.011 

Locus 26 : 26 
7 alleles
0.4% missing data
 179   (0.109) 0.277 0.087 0.089 
 181   (0.077) 0.261 0.018 0.072 
 185   (0.018) 0.100 0.001 0.006 
 183   (0.348) 0.227 0.329 0.370 
 165   (0.220) 0.120 0.267 0.214 
 175   (0.217) 0.015 0.297 0.246 
 157   (0.012) 0.001 0.001 0.005 

Locus 27 : 27 
4 alleles
0.4% missing data
 142   (0.611) 0.540 0.737 0.624 
 148   (0.199) 0.270 0.097 0.217 
 150   (0.127) 0.161 0.132 0.106 
 138   (0.064) 0.029 0.034 0.052 

Locus 28 : 28 
6 alleles
0.7% missing data
 260   (0.363) 0.226 0.515 0.361 
 262   (0.495) 0.682 0.405 0.534 
 256   (0.090) 0.089 0.053 0.079 
 258   (0.016) 0.001 0.001 0.011 
 266   (0.011) 0.001 0.006 0.002 
 264   (0.025) 0.002 0.019 0.012 

Locus 29 : 29 
7 alleles
0.4% missing data
 140   (0.173) 0.382 0.156 0.162 
 146   (0.278) 0.321 0.238 0.297 
 150   (0.424) 0.251 0.522 0.455 
 148   (0.062) 0.042 0.041 0.048 
 142   (0.011) 0.001 0.001 0.005 
 151   (0.016) 0.001 0.001 0.011 
 152   (0.035) 0.002 0.041 0.022 

Locus 30 : 30 
6 alleles
0.0% missing data
 127   (0.103) 0.513 0.067 0.078 
 131   (0.054) 0.132 0.033 0.031 
 125   (0.280) 0.140 0.080 0.370 
 129   (0.400) 0.099 0.587 0.398 
 123   (0.148) 0.115 0.231 0.116 
 121   (0.015) 0.001 0.002 0.008 

Locus 31 : 31 
6 alleles
0.4% missing data
 153   (0.078) 0.293 0.068 0.053 
 155   (0.506) 0.428 0.434 0.567 
 159   (0.197) 0.202 0.246 0.181 
 157   (0.175) 0.061 0.245 0.167 
 151   (0.033) 0.016 0.004 0.027 
 163   (0.011) 0.001 0.001 0.005 

Locus 32 : 32 
5 alleles
0.0% missing data
 146   (0.336) 0.632 0.315 0.329 
 154   (0.051) 0.065 0.008 0.049 
 150   (0.523) 0.261 0.603 0.556 
 148   (0.075) 0.041 0.043 0.063 
 152   (0.015) 0.001 0.032 0.003 

Locus 33 : 33 
7 alleles
0.0% missing data
 180   (0.403) 0.369 0.368 0.445 
 184   (0.198) 0.179 0.246 0.188 
 192   (0.167) 0.165 0.212 0.152 
 198   (0.070) 0.253 0.014 0.069 
 196   (0.128) 0.032 0.127 0.131 
 194   (0.014) 0.001 0.001 0.008 
 190   (0.020) 0.001 0.031 0.007 

Locus 34 : 34 
6 alleles
0.0% missing data
 108   (0.147) 0.583 0.099 0.129 
 110   (0.175) 0.115 0.111 0.184 
 106   (0.279) 0.240 0.376 0.260 
 112   (0.351) 0.059 0.379 0.399 
  90   (0.036) 0.003 0.033 0.024 
  96   (0.012) 0.001 0.002 0.005 

Locus 35 : 35 
9 alleles
0.0% missing data
 168   (0.070) 0.315 0.027 0.056 
 176   (0.078) 0.098 0.009 0.102 
 170   (0.241) 0.338 0.196 0.255 
 172   (0.303) 0.177 0.424 0.311 
 174   (0.158) 0.051 0.178 0.162 
 186   (0.026) 0.012 0.038 0.008 
 166   (0.065) 0.004 0.095 0.058 
 178   (0.047) 0.003 0.031 0.044 
 158   (0.011) 0.001 0.001 0.005 

Locus 36 : 36 
6 alleles
0.0% missing data
  83   (0.128) 0.308 0.097 0.112 
  89   (0.567) 0.606 0.671 0.586 
  85   (0.147) 0.020 0.135 0.164 
  95   (0.065) 0.032 0.064 0.046 
  91   (0.027) 0.029 0.006 0.013 
  81   (0.066) 0.004 0.027 0.079 

Locus 37 : 37 
10 alleles
0.0% missing data
 161   (0.371) 0.690 0.271 0.411 
 165   (0.224) 0.119 0.233 0.237 
 173   (0.212) 0.178 0.326 0.198 
 169   (0.090) 0.006 0.112 0.094 
 168   (0.016) 0.001 0.002 0.011 
 155   (0.023) 0.001 0.002 0.023 
 167   (0.024) 0.002 0.013 0.012 
 159   (0.015) 0.001 0.007 0.005 
 177   (0.011) 0.001 0.001 0.005 
 175   (0.014) 0.001 0.032 0.003 

Locus 38 : 38 
5 alleles
1.1% missing data
  85   (0.185) 0.208 0.195 0.169 
  89   (0.472) 0.244 0.558 0.496 
  87   (0.090) 0.436 0.063 0.067 
  91   (0.157) 0.105 0.094 0.166 
  81   (0.096) 0.007 0.089 0.103 

Locus 39 : 39 
4 alleles
1.1% missing data
 167   (0.746) 0.426 0.797 0.795 
 161   (0.192) 0.431 0.150 0.175 
 165   (0.050) 0.143 0.052 0.025 
 177   (0.012) 0.001 0.001 0.005 

Locus 40 : 40 
6 alleles
0.7% missing data
 236   (0.098) 0.258 0.045 0.085 
 240   (0.129) 0.511 0.147 0.097 
 228   (0.395) 0.140 0.495 0.412 
 238   (0.330) 0.076 0.293 0.380 
 224   (0.032) 0.015 0.018 0.014 
 232   (0.016) 0.001 0.001 0.011 

Locus 41 : 41 
7 alleles
0.0% missing data
 130   (0.526) 0.732 0.441 0.558 
 134   (0.120) 0.177 0.082 0.107 
 118   (0.071) 0.072 0.090 0.047 
 114   (0.041) 0.003 0.005 0.057 
 132   (0.114) 0.007 0.187 0.112 
 128   (0.116) 0.008 0.193 0.115 
 136   (0.011) 0.001 0.001 0.005 

Locus 42 : 42 
5 alleles
1.5% missing data
  96   (0.088) 0.177 0.021 0.088 
  98   (0.151) 0.262 0.084 0.145 
  92   (0.132) 0.292 0.060 0.126 
 104   (0.403) 0.254 0.504 0.396 
 102   (0.225) 0.015 0.331 0.245 

Locus 43 : 43 
6 alleles
2.2% missing data
 101   (0.316) 0.361 0.286 0.333 
 103   (0.270) 0.120 0.404 0.269 
  95   (0.226) 0.328 0.197 0.227 
  99   (0.151) 0.177 0.110 0.150 
  97   (0.025) 0.014 0.002 0.016 
  91   (0.012) 0.001 0.001 0.005 

Locus 44 : 44 
6 alleles
0.4% missing data
 191   (0.296) 0.626 0.226 0.294 
 181   (0.533) 0.151 0.677 0.576 
 179   (0.052) 0.105 0.006 0.052 
 177   (0.083) 0.104 0.056 0.066 
 193   (0.020) 0.012 0.033 0.004 
 183   (0.015) 0.001 0.002 0.008 

Locus 45 : 45 
6 alleles
1.5% missing data
 205   (0.437) 0.325 0.509 0.471 
 215   (0.079) 0.177 0.059 0.061 
 211   (0.232) 0.370 0.178 0.245 
 202   (0.020) 0.012 0.002 0.009 
 201   (0.084) 0.044 0.077 0.070 
 207   (0.148) 0.072 0.176 0.143 

Locus 46 : 46 
10 alleles
1.1% missing data
 142   (0.318) 0.148 0.546 0.331 
 164   (0.069) 0.188 0.028 0.058 
 162   (0.060) 0.153 0.036 0.043 
 156   (0.035) 0.089 0.020 0.016 
 168   (0.131) 0.210 0.036 0.162 
 158   (0.137) 0.115 0.089 0.147 
 170   (0.024) 0.049 0.003 0.012 
 166   (0.133) 0.032 0.191 0.133 
 144   (0.083) 0.015 0.050 0.091 
 160   (0.011) 0.001 0.001 0.005 

Locus 47 : 47 
6 alleles
15.3% missing data
 149   (0.348) 0.748 0.393 0.322 
 145   (0.216) 0.053 0.128 0.260 
 151   (0.178) 0.095 0.170 0.175 
 153   (0.203) 0.049 0.304 0.196 
 143   (0.028) 0.054 0.002 0.018 
 147   (0.026) 0.002 0.002 0.029 

Values of parameters used in structure:
DATAFILE=a2.str,	OUTFILE=k3/a2_k3_run2,	NUMINDS=275,	NUMLOCI=47,	MISSING=-9,	LABEL=1,	POPDATA=1,	POPFLAG=0,	PHENOTYPE=0,	EXTRACOLS=0,	MAXPOPS=3,	BURNIN=500000,	NUMREPS=750000,	USEPOPINFO=0,	INFERALPHA=1,	INFERLAMBDA=0,	POPSPECIFICLAMBDA=0,	POPALPHAS=0,	COMPUTEPROB=1,	NOADMIX=0,	ADMBURNIN=500,	UPDATEFREQ=100,	PRINTLIKES=0,	INTERMEDSAVE=0,	PRINTKLD=0,	PRINTNET=1,	PRINTLAMBDA=1,	ANCESTDIST=0,	NUMBOXES=1000,	ANCESTPINT=0.90000,	GENSBACK=2,	MIGRPRIOR=0.01000,	PRINTQHAT=0,	PRINTQSUM=1,	ALPHA=1.0000,	FREQSCORR=1,	FPRIORMEAN=0.0100,	FPRIORSD=0.0500,	ONEFST=0,	LAMBDA=1.0000,	UNIFPRIORALPHA=1,	ALPHAMAX=10.0000,	ALPHAPRIORA=1.0000,	ALPHAPRIORB=2.0000,	ALPHAPROPSD=0.0250,	STARTATPOPINFO=0,	RANDOMIZE=0,	LINKAGE=0,	METROFREQ=10,	REPORTHITRATE=0,	MARKOVPHASE=0,	PHASED=1,	PLOIDY=2,	PHASEINFO=0	LOCPRIOR=0, 	LOCPRIORINIT=1.000000, 	LOCDATA=0, 	LOCISPOP=1, 	LOCPRIORSTEP=0.100000, 	MAXLOCPRIOR=20.000000, 	SEED=107077,	
[STRAT parameters]:    NUMSIMSTATS=1000,	PHENOTYPECOL=-9,	POOLFREQ=10,	LOCUSxONLY=0,	EMERROR=0.00100,	MISSINGPHENO=-9,	