locusID	N_alleles	Allele_freqencies
BMS1117	2	0.589179 0.410821 
TGLA53	4	0.241324 0.211554 0.414036 0.133086 
BMC4214	3	0.244007 0.526701 0.229292 
BM1225	3	0.821692 0.148590 0.029718 
BM47	1	1.000000 
BMS1315	4	0.692728 0.170581 0.105242 0.031449 
IL4	4	0.465698 0.326518 0.178101 0.029683 
BM2113	3	0.713862 0.151136 0.135002 
BMS1716	3	0.673117 0.148583 0.178300 
BM1706	4	0.223671 0.242196 0.502725 0.031408 
BMS1675	3	0.324907 0.059214 0.615879 
BMS1857	4	0.271086 0.390966 0.277509 0.060439 
BMS1001	3	0.472024 0.330648 0.197328 
BMS601	3	0.793045 0.118260 0.088695 
BM720	4	0.592309 0.177248 0.030536 0.199907 
ILSTS102	1	1.000000 
BMS1074	4	0.419516 0.239726 0.269691 0.071067 
BMS1172	3	0.118288 0.674709 0.207003 
BMS2258	5	0.475607 0.119037 0.197041 0.089278 0.119037 
BM757	3	0.326339 0.465999 0.207662 
SPS115	3	0.821692 0.118872 0.059436 
BMS527	3	0.500000 0.294118 0.205883 
BM2830	2	0.506861 0.493139 
INRA194	5	0.776409 0.029996 0.133604 0.029996 0.029996 
BMS941	4	0.388292 0.342265 0.239505 0.029938 
INRA037	2	0.863810 0.136190 
BM4107	4	0.305813 0.375318 0.285388 0.033480 
TGLA122	3	0.207595 0.525859 0.266546 
HUJ246	2	0.683450 0.316550 
BMS528	4	0.473670 0.378142 0.118551 0.029638 
BM4440	3	0.484754 0.401142 0.114103 
TGLA44	4	0.118349 0.147936 0.236690 0.497024 
BMS510	3	0.645035 0.266204 0.088762 
BMS1355	3	0.880736 0.059632 0.059632 
BM1824	3	0.471419 0.204775 0.323806 
BMS812	5	0.094215 0.370778 0.230275 0.273327 0.031405 
BMS2639	5	0.358653 0.163144 0.268990 0.179326 0.029888 
BMS410	4	0.149562 0.431663 0.119650 0.299125 
AGLA232	4	0.210831 0.330239 0.278218 0.180712 
BM17132	3	0.763279 0.127395 0.109325 
BM711	2	0.940360 0.059640 
INRA133	3	0.655006 0.149957 0.195037 
RM372	4	0.118531 0.266694 0.585142 0.029633 
BM4311	4	0.355816 0.267392 0.257950 0.118841 
BMS1747	4	0.441053 0.323601 0.205928 0.029418 
BL1036	3	0.940601 0.029700 0.029700 
BM1862	4	0.792022 0.118844 0.059422 0.029711 
BMS1862	5	0.188598 0.194644 0.449065 0.136260 0.031433 
URB011	5	0.269788 0.297884 0.029976 0.149882 0.252469 
