

----------------------------------------------------
STRUCTURE by Pritchard, Stephens and Donnelly (2000)
     and Falush, Stephens and Pritchard (2003)
       Code by Pritchard, Falush and Hubisz
             Version 2.3.4 (Jul 2012)
----------------------------------------------------



Command line arguments:   structure -D 268087 -K 2 -m mainparams -o k2/subw2_k2_run7 
Input File:    subw2.str

Run parameters:
   93 individuals
   47 loci
   2 populations assumed
   500000 Burn-in period
   750000 Reps
RANDOMIZE turned off


--------------------------------------------
Proportion of membership of each pre-defined
 population in each of the 2 clusters

Given    Inferred Clusters       Number of
 Pop       1      2             Individuals

  1:     0.691  0.309              10
  2:     0.497  0.503              24
  3:     0.370  0.630              11
  4:     0.283  0.717              18
  5:     0.678  0.322              25
  6:     0.670  0.330               5
--------------------------------------------

Allele-freq. divergence among pops (Net nucleotide distance),
computed using point estimates of P.

      1       2      
 1      -    0.0268  
 2   0.0268     -    

Average distances (expected heterozygosity) between individuals in same cluster:
cluster  1  : 0.6661 
cluster  2  : 0.5611 

--------------------------------------------
Estimated Ln Prob of Data   = -10845.7
Mean value of ln likelihood = -10529.9
Variance of ln likelihood   = 631.6
Mean value of alpha         = 1.2306

Mean value of Fst_1         = 0.0002
Mean value of Fst_2         = 0.1397


Inferred ancestry of individuals:
        Label (%Miss) Pop:  Inferred clusters
  1      435    (2)    1 :  0.522 0.478 
  2      188    (0)    1 :  0.837 0.163 
  3      117    (0)    1 :  0.492 0.508 
  4      142    (0)    1 :  0.709 0.291 
  5      189    (0)    1 :  0.762 0.238 
  6      216    (0)    1 :  0.737 0.263 
  7      115    (0)    1 :  0.561 0.439 
  8       10    (0)    1 :  0.794 0.206 
  9      344    (0)    1 :  0.798 0.202 
 10       25    (0)    1 :  0.700 0.300 
 11      751    (4)    2 :  0.527 0.473 
 12      495    (2)    2 :  0.348 0.652 
 13      788    (2)    2 :  0.871 0.129 
 14      756    (0)    2 :  0.258 0.742 
 15      783    (2)    2 :  0.480 0.520 
 16      765    (0)    2 :  0.122 0.878 
 17      795    (4)    2 :  0.665 0.335 
 18      782    (4)    2 :  0.675 0.325 
 19      442    (0)    2 :  0.862 0.138 
 20      791    (2)    2 :  0.781 0.219 
 21      500    (0)    2 :  0.143 0.857 
 22      774    (0)    2 :  0.506 0.494 
 23      501    (0)    2 :  0.743 0.257 
 24      793    (0)    2 :  0.641 0.359 
 25      785    (2)    2 :  0.101 0.899 
 26      515    (0)    2 :  0.430 0.570 
 27      772    (2)    2 :  0.342 0.658 
 28      755    (4)    2 :  0.156 0.844 
 29      759    (0)    2 :  0.123 0.877 
 30      789    (2)    2 :  0.647 0.353 
 31      512    (0)    2 :  0.677 0.323 
 32      498    (0)    2 :  0.415 0.585 
 33      499    (0)    2 :  0.560 0.440 
 34      753    (2)    2 :  0.861 0.139 
 35      455    (0)    3 :  0.176 0.824 
 36      458    (0)    3 :  0.410 0.590 
 37      464    (2)    3 :  0.614 0.386 
 38      466    (0)    3 :  0.147 0.853 
 39      465    (0)    3 :  0.111 0.889 
 40      169    (2)    3 :  0.606 0.394 
 41      479    (0)    3 :  0.235 0.765 
 42      178    (2)    3 :  0.745 0.255 
 43      505    (0)    3 :  0.420 0.580 
 44      510    (0)    3 :  0.420 0.580 
 45      509    (0)    3 :  0.186 0.814 
 46      475    (0)    4 :  0.500 0.500 
 47      445    (0)    4 :  0.599 0.401 
 48      451    (0)    4 :  0.481 0.519 
 49      478    (0)    4 :  0.127 0.873 
 50      484    (0)    4 :  0.254 0.746 
 51      444    (0)    4 :  0.197 0.803 
 52      928    (0)    4 :  0.127 0.873 
 53      519    (0)    4 :  0.229 0.771 
 54      524    (0)    4 :  0.562 0.438 
 55      453    (0)    4 :  0.106 0.894 
 56      467    (2)    4 :  0.151 0.849 
 57      191    (0)    4 :  0.293 0.707 
 58      476    (0)    4 :  0.406 0.594 
 59      766    (0)    4 :  0.223 0.777 
 60      490    (0)    4 :  0.257 0.743 
 61      459    (0)    4 :  0.329 0.671 
 62      441    (0)    4 :  0.114 0.886 
 63      518    (0)    4 :  0.138 0.862 
 64      383    (0)    5 :  0.866 0.134 
 65       98    (4)    5 :  0.619 0.381 
 66      371    (0)    5 :  0.796 0.204 
 67      437    (0)    5 :  0.818 0.182 
 68      388    (0)    5 :  0.269 0.731 
 69      375    (0)    5 :  0.624 0.376 
 70      378    (0)    5 :  0.490 0.510 
 71      354    (0)    5 :  0.343 0.657 
 72      183    (0)    5 :  0.743 0.257 
 73      384    (0)    5 :  0.833 0.167 
 74      389    (0)    5 :  0.762 0.238 
 75      151    (0)    5 :  0.686 0.314 
 76      107    (4)    5 :  0.709 0.291 
 77       37    (0)    5 :  0.665 0.335 
 78      438    (0)    5 :  0.725 0.275 
 79      380    (0)    5 :  0.774 0.226 
 80      180    (0)    5 :  0.456 0.544 
 81       64    (2)    5 :  0.692 0.308 
 82      198    (0)    5 :  0.442 0.558 
 83      382    (0)    5 :  0.847 0.153 
 84      386    (0)    5 :  0.702 0.298 
 85      385    (0)    5 :  0.845 0.155 
 86      131    (2)    5 :  0.786 0.214 
 87      179    (0)    5 :  0.683 0.317 
 88      372    (0)    5 :  0.777 0.223 
 89      426    (0)    6 :  0.621 0.379 
 90      434    (0)    6 :  0.549 0.451 
 91      432    (0)    6 :  0.650 0.350 
 92      433    (2)    6 :  0.792 0.208 
 93      427    (0)    6 :  0.737 0.263 


Estimated Allele Frequencies in each cluster
First column gives estimated ancestral frequencies


Locus 1 : 1 
4 alleles
0.0% missing data
  89   (0.559) 0.559 0.545 
  91   (0.349) 0.349 0.412 
  93   (0.059) 0.059 0.039 
  99   (0.034) 0.033 0.004 

Locus 2 : 2 
6 alleles
3.2% missing data
 136   (0.460) 0.461 0.132 
 138   (0.252) 0.252 0.459 
 134   (0.146) 0.146 0.263 
 140   (0.073) 0.073 0.049 
 132   (0.034) 0.034 0.004 
 142   (0.036) 0.035 0.093 

Locus 3 : 3 
6 alleles
0.0% missing data
 179   (0.208) 0.208 0.316 
 185   (0.092) 0.092 0.120 
 181   (0.210) 0.210 0.288 
 175   (0.079) 0.079 0.082 
 187   (0.378) 0.379 0.191 
 191   (0.033) 0.033 0.004 

Locus 4 : 4 
8 alleles
0.0% missing data
 241   (0.212) 0.212 0.169 
 271   (0.033) 0.033 0.004 
 253   (0.429) 0.430 0.460 
 269   (0.179) 0.179 0.318 
 247   (0.096) 0.096 0.045 
 245   (0.017) 0.017 0.002 
 273   (0.017) 0.017 0.001 
 249   (0.017) 0.017 0.002 

Locus 5 : 5 
6 alleles
1.1% missing data
 103   (0.761) 0.762 0.940 
 105   (0.064) 0.064 0.016 
 104   (0.114) 0.114 0.038 
 102   (0.025) 0.025 0.003 
 107   (0.017) 0.017 0.002 
 101   (0.017) 0.017 0.002 

Locus 6 : 6 
5 alleles
0.0% missing data
 141   (0.290) 0.291 0.208 
 145   (0.386) 0.386 0.590 
 135   (0.217) 0.217 0.183 
 147   (0.081) 0.081 0.016 
 137   (0.025) 0.025 0.004 

Locus 7 : 7 
9 alleles
2.2% missing data
  93   (0.203) 0.203 0.273 
 103   (0.219) 0.219 0.378 
  89   (0.120) 0.120 0.079 
  91   (0.078) 0.078 0.020 
  97   (0.199) 0.199 0.154 
  83   (0.110) 0.111 0.053 
  85   (0.038) 0.038 0.041 
 105   (0.016) 0.016 0.001 
 101   (0.016) 0.016 0.002 

Locus 8 : 8 
7 alleles
0.0% missing data
 129   (0.480) 0.480 0.785 
 143   (0.262) 0.262 0.150 
 127   (0.025) 0.025 0.002 
 149   (0.122) 0.122 0.038 
 141   (0.070) 0.070 0.020 
 133   (0.025) 0.025 0.003 
 131   (0.017) 0.017 0.002 

Locus 9 : 9 
4 alleles
0.0% missing data
 189   (0.462) 0.462 0.445 
 191   (0.414) 0.414 0.281 
 195   (0.108) 0.107 0.272 
 197   (0.017) 0.017 0.002 

Locus 10 : 10 
6 alleles
0.0% missing data
 238   (0.512) 0.512 0.754 
 232   (0.303) 0.303 0.158 
 254   (0.034) 0.034 0.004 
 250   (0.025) 0.025 0.002 
 252   (0.101) 0.101 0.080 
 248   (0.025) 0.025 0.002 

Locus 11 : 11 
4 alleles
1.1% missing data
  87   (0.685) 0.685 0.834 
  89   (0.253) 0.253 0.131 
  85   (0.018) 0.017 0.002 
  91   (0.045) 0.045 0.034 

Locus 12 : 12 
11 alleles
1.1% missing data
 161   (0.113) 0.113 0.105 
 162   (0.229) 0.229 0.253 
 147   (0.073) 0.073 0.040 
 160   (0.225) 0.225 0.304 
 170   (0.061) 0.062 0.014 
 154   (0.032) 0.032 0.004 
 158   (0.163) 0.164 0.230 
 143   (0.032) 0.032 0.003 
 149   (0.033) 0.033 0.033 
 153   (0.016) 0.016 0.002 
 159   (0.022) 0.022 0.011 

Locus 13 : 13 
4 alleles
0.0% missing data
 115   (0.386) 0.386 0.438 
 113   (0.387) 0.388 0.392 
 108   (0.210) 0.210 0.168 
 109   (0.017) 0.017 0.002 

Locus 14 : 14 
5 alleles
0.0% missing data
 227   (0.076) 0.075 0.263 
 231   (0.145) 0.145 0.040 
 225   (0.137) 0.137 0.080 
 229   (0.574) 0.574 0.593 
 233   (0.068) 0.068 0.024 

Locus 15 : 15 
4 alleles
0.0% missing data
 143   (0.801) 0.802 0.920 
 147   (0.075) 0.075 0.055 
 145   (0.106) 0.106 0.023 
 133   (0.018) 0.018 0.002 

Locus 16 : 16 
4 alleles
0.0% missing data
 158   (0.514) 0.514 0.674 
 156   (0.232) 0.232 0.224 
 160   (0.136) 0.135 0.087 
 154   (0.118) 0.119 0.015 

Locus 17 : 17 
5 alleles
0.0% missing data
  90   (0.606) 0.606 0.821 
 100   (0.049) 0.049 0.008 
  88   (0.083) 0.083 0.012 
 102   (0.245) 0.245 0.154 
 104   (0.017) 0.017 0.005 

Locus 18 : 18 
7 alleles
0.0% missing data
 148   (0.103) 0.102 0.073 
 150   (0.063) 0.062 0.122 
 127   (0.262) 0.262 0.410 
 140   (0.280) 0.281 0.242 
 138   (0.065) 0.065 0.039 
 142   (0.126) 0.126 0.052 
 146   (0.101) 0.101 0.062 

Locus 19 : 19 
5 alleles
0.0% missing data
 188   (0.200) 0.200 0.189 
 194   (0.596) 0.597 0.536 
 200   (0.104) 0.104 0.096 
 190   (0.083) 0.083 0.178 
 202   (0.017) 0.016 0.001 

Locus 20 : 20 
6 alleles
1.1% missing data
 252   (0.690) 0.690 0.848 
 246   (0.088) 0.088 0.047 
 254   (0.090) 0.090 0.049 
 248   (0.057) 0.057 0.011 
 244   (0.031) 0.031 0.011 
 250   (0.044) 0.044 0.034 

Locus 21 : 21 
7 alleles
0.0% missing data
 167   (0.185) 0.185 0.080 
 173   (0.173) 0.172 0.585 
 175   (0.126) 0.125 0.075 
 177   (0.351) 0.351 0.239 
 165   (0.050) 0.050 0.006 
 159   (0.075) 0.075 0.008 
 163   (0.041) 0.040 0.008 

Locus 22 : 22 
9 alleles
1.1% missing data
 152   (0.378) 0.378 0.717 
 166   (0.163) 0.163 0.058 
 146   (0.221) 0.221 0.187 
 158   (0.114) 0.115 0.017 
 162   (0.034) 0.034 0.004 
 142   (0.024) 0.024 0.010 
 150   (0.033) 0.033 0.005 
 148   (0.017) 0.016 0.001 
 164   (0.017) 0.017 0.001 

Locus 23 : 23 
7 alleles
0.0% missing data
 154   (0.542) 0.543 0.493 
 158   (0.034) 0.034 0.003 
 156   (0.165) 0.165 0.089 
 144   (0.133) 0.133 0.303 
 160   (0.084) 0.084 0.107 
 152   (0.017) 0.016 0.002 
 146   (0.024) 0.024 0.002 

Locus 24 : 24 
4 alleles
1.1% missing data
  81   (0.442) 0.443 0.356 
  83   (0.392) 0.392 0.495 
  85   (0.094) 0.093 0.080 
  77   (0.072) 0.072 0.069 

Locus 25 : 25 
6 alleles
0.0% missing data
 124   (0.523) 0.523 0.663 
 132   (0.262) 0.262 0.251 
 122   (0.140) 0.140 0.077 
 120   (0.025) 0.025 0.003 
 126   (0.034) 0.034 0.005 
 136   (0.017) 0.017 0.001 

Locus 26 : 26 
6 alleles
0.0% missing data
 179   (0.129) 0.130 0.039 
 165   (0.237) 0.237 0.324 
 183   (0.368) 0.368 0.331 
 181   (0.092) 0.092 0.012 
 175   (0.157) 0.157 0.292 
 157   (0.017) 0.017 0.002 

Locus 27 : 27 
4 alleles
0.0% missing data
 142   (0.598) 0.598 0.745 
 148   (0.222) 0.222 0.139 
 150   (0.134) 0.134 0.073 
 138   (0.046) 0.046 0.043 

Locus 28 : 28 
5 alleles
0.0% missing data
 260   (0.387) 0.387 0.487 
 262   (0.446) 0.446 0.429 
 256   (0.120) 0.120 0.067 
 258   (0.025) 0.025 0.002 
 264   (0.022) 0.022 0.014 

Locus 29 : 29 
5 alleles
0.0% missing data
 150   (0.356) 0.356 0.553 
 146   (0.297) 0.297 0.288 
 140   (0.233) 0.234 0.102 
 152   (0.065) 0.065 0.031 
 148   (0.049) 0.048 0.026 

Locus 30 : 30 
5 alleles
0.0% missing data
 125   (0.389) 0.390 0.127 
 129   (0.341) 0.340 0.567 
 123   (0.127) 0.127 0.252 
 131   (0.057) 0.057 0.014 
 127   (0.087) 0.087 0.039 

Locus 31 : 31 
5 alleles
0.0% missing data
 155   (0.610) 0.611 0.386 
 159   (0.166) 0.165 0.296 
 157   (0.108) 0.108 0.215 
 151   (0.041) 0.041 0.005 
 153   (0.075) 0.075 0.099 

Locus 32 : 32 
5 alleles
0.0% missing data
 146   (0.368) 0.369 0.353 
 150   (0.493) 0.493 0.601 
 148   (0.063) 0.063 0.017 
 152   (0.029) 0.028 0.016 
 154   (0.047) 0.047 0.013 

Locus 33 : 33 
6 alleles
0.0% missing data
 184   (0.117) 0.117 0.303 
 192   (0.167) 0.167 0.113 
 180   (0.489) 0.490 0.396 
 196   (0.092) 0.092 0.144 
 198   (0.095) 0.096 0.019 
 190   (0.039) 0.039 0.026 

Locus 34 : 34 
5 alleles
0.0% missing data
 106   (0.225) 0.225 0.406 
 112   (0.348) 0.348 0.403 
 108   (0.154) 0.153 0.121 
  90   (0.040) 0.040 0.009 
 110   (0.233) 0.234 0.062 

Locus 35 : 35 
8 alleles
0.0% missing data
 172   (0.283) 0.283 0.438 
 178   (0.047) 0.047 0.008 
 174   (0.184) 0.185 0.124 
 176   (0.094) 0.094 0.017 
 170   (0.225) 0.225 0.284 
 186   (0.036) 0.035 0.043 
 168   (0.071) 0.071 0.029 
 166   (0.060) 0.059 0.057 

Locus 36 : 36 
5 alleles
0.0% missing data
  89   (0.534) 0.534 0.734 
  83   (0.191) 0.191 0.107 
  95   (0.052) 0.052 0.047 
  81   (0.070) 0.070 0.017 
  85   (0.152) 0.152 0.095 

Locus 37 : 37 
8 alleles
0.0% missing data
 161   (0.348) 0.349 0.239 
 173   (0.254) 0.254 0.263 
 165   (0.196) 0.196 0.284 
 155   (0.041) 0.040 0.006 
 169   (0.108) 0.108 0.189 
 168   (0.016) 0.016 0.002 
 175   (0.020) 0.020 0.016 
 159   (0.016) 0.016 0.002 

Locus 38 : 38 
5 alleles
0.0% missing data
  81   (0.133) 0.133 0.035 
  89   (0.371) 0.371 0.564 
  85   (0.191) 0.191 0.267 
  91   (0.212) 0.212 0.092 
  87   (0.093) 0.093 0.042 

Locus 39 : 39 
3 alleles
1.1% missing data
 167   (0.743) 0.743 0.837 
 161   (0.213) 0.213 0.127 
 165   (0.044) 0.044 0.036 

Locus 40 : 40 
5 alleles
1.1% missing data
 228   (0.387) 0.387 0.487 
 236   (0.107) 0.107 0.037 
 238   (0.327) 0.327 0.318 
 240   (0.154) 0.154 0.156 
 224   (0.026) 0.026 0.002 

Locus 41 : 41 
7 alleles
0.0% missing data
 128   (0.106) 0.106 0.161 
 130   (0.518) 0.518 0.497 
 118   (0.047) 0.047 0.042 
 132   (0.098) 0.097 0.246 
 114   (0.048) 0.048 0.006 
 134   (0.166) 0.167 0.046 
 136   (0.017) 0.017 0.002 

Locus 42 : 42 
5 alleles
2.2% missing data
 104   (0.445) 0.445 0.454 
  92   (0.131) 0.131 0.070 
 102   (0.191) 0.190 0.342 
  98   (0.127) 0.126 0.112 
  96   (0.106) 0.107 0.022 

Locus 43 : 43 
5 alleles
4.3% missing data
 103   (0.264) 0.264 0.420 
  97   (0.027) 0.026 0.002 
 101   (0.240) 0.239 0.269 
  95   (0.276) 0.276 0.212 
  99   (0.193) 0.194 0.096 

Locus 44 : 44 
5 alleles
0.0% missing data
 181   (0.466) 0.466 0.718 
 191   (0.357) 0.358 0.198 
 179   (0.083) 0.083 0.010 
 177   (0.071) 0.070 0.048 
 193   (0.023) 0.023 0.026 

Locus 45 : 45 
6 alleles
2.2% missing data
 205   (0.537) 0.538 0.580 
 207   (0.112) 0.112 0.138 
 211   (0.226) 0.226 0.247 
 215   (0.042) 0.042 0.005 
 201   (0.058) 0.058 0.025 
 202   (0.025) 0.024 0.004 

Locus 46 : 46 
10 alleles
1.1% missing data
 142   (0.245) 0.245 0.604 
 158   (0.171) 0.171 0.067 
 164   (0.066) 0.066 0.023 
 168   (0.174) 0.174 0.076 
 144   (0.079) 0.079 0.031 
 166   (0.131) 0.131 0.155 
 170   (0.024) 0.024 0.004 
 162   (0.063) 0.063 0.030 
 160   (0.016) 0.015 0.002 
 156   (0.031) 0.030 0.009 

Locus 47 : 47 
6 alleles
6.5% missing data
 145   (0.258) 0.258 0.146 
 149   (0.275) 0.275 0.421 
 151   (0.169) 0.169 0.131 
 153   (0.217) 0.217 0.294 
 147   (0.045) 0.045 0.004 
 143   (0.036) 0.036 0.004 

Values of parameters used in structure:
DATAFILE=subw2.str,	OUTFILE=k2/subw2_k2_run7,	NUMINDS=93,	NUMLOCI=47,	MISSING=-9,	LABEL=1,	POPDATA=1,	POPFLAG=0,	PHENOTYPE=0,	EXTRACOLS=0,	MAXPOPS=2,	BURNIN=500000,	NUMREPS=750000,	USEPOPINFO=0,	INFERALPHA=1,	INFERLAMBDA=0,	POPSPECIFICLAMBDA=0,	POPALPHAS=0,	COMPUTEPROB=1,	NOADMIX=0,	ADMBURNIN=500,	UPDATEFREQ=100,	PRINTLIKES=0,	INTERMEDSAVE=0,	PRINTKLD=0,	PRINTNET=1,	PRINTLAMBDA=1,	ANCESTDIST=0,	NUMBOXES=1000,	ANCESTPINT=0.90000,	GENSBACK=2,	MIGRPRIOR=0.01000,	PRINTQHAT=0,	PRINTQSUM=1,	ALPHA=1.0000,	FREQSCORR=1,	FPRIORMEAN=0.0100,	FPRIORSD=0.0500,	ONEFST=0,	LAMBDA=1.0000,	UNIFPRIORALPHA=1,	ALPHAMAX=10.0000,	ALPHAPRIORA=1.0000,	ALPHAPRIORB=2.0000,	ALPHAPROPSD=0.0250,	STARTATPOPINFO=0,	RANDOMIZE=0,	LINKAGE=0,	METROFREQ=10,	REPORTHITRATE=0,	MARKOVPHASE=0,	PHASED=1,	PLOIDY=2,	PHASEINFO=0	LOCPRIOR=0, 	LOCPRIORINIT=1.000000, 	LOCDATA=0, 	LOCISPOP=1, 	LOCPRIORSTEP=0.100000, 	MAXLOCPRIOR=20.000000, 	SEED=268087,	
[STRAT parameters]:    NUMSIMSTATS=1000,	PHENOTYPECOL=-9,	POOLFREQ=10,	LOCUSxONLY=0,	EMERROR=0.00100,	MISSINGPHENO=-9,	