

----------------------------------------------------
STRUCTURE by Pritchard, Stephens and Donnelly (2000)
     and Falush, Stephens and Pritchard (2003)
       Code by Pritchard, Falush and Hubisz
             Version 2.3.4 (Jul 2012)
----------------------------------------------------



Command line arguments:   structure -D 252043 -K 3 -m mainparams -o k3/subw2_k3_run9 
Input File:    subw2.str

Run parameters:
   93 individuals
   47 loci
   3 populations assumed
   500000 Burn-in period
   750000 Reps
RANDOMIZE turned off


--------------------------------------------
Proportion of membership of each pre-defined
 population in each of the 3 clusters

Given    Inferred Clusters       Number of
 Pop       1      2      3      Individuals

  1:     0.095  0.473  0.433       10
  2:     0.367  0.324  0.310       24
  3:     0.515  0.222  0.262       11
  4:     0.700  0.162  0.138       18
  5:     0.144  0.452  0.403       25
  6:     0.078  0.410  0.512        5
--------------------------------------------

Allele-freq. divergence among pops (Net nucleotide distance),
computed using point estimates of P.

      1       2       3      
 1      -    0.0168  0.0181  
 2   0.0168     -    0.0002  
 3   0.0181  0.0002     -    

Average distances (expected heterozygosity) between individuals in same cluster:
cluster  1  : 0.5782 
cluster  2  : 0.6465 
cluster  3  : 0.6390 

--------------------------------------------
Estimated Ln Prob of Data   = -10914.9
Mean value of ln likelihood = -10413.6
Variance of ln likelihood   = 1002.6
Mean value of alpha         = 0.1683

Mean value of Fst_1         = 0.0852
Mean value of Fst_2         = 0.0141
Mean value of Fst_3         = 0.0242


Inferred ancestry of individuals:
        Label (%Miss) Pop:  Inferred clusters
  1      435    (2)    1 :  0.181 0.469 0.349 
  2      188    (0)    1 :  0.041 0.580 0.379 
  3      117    (0)    1 :  0.236 0.342 0.423 
  4      142    (0)    1 :  0.054 0.403 0.543 
  5      189    (0)    1 :  0.055 0.549 0.395 
  6      216    (0)    1 :  0.049 0.519 0.431 
  7      115    (0)    1 :  0.137 0.448 0.415 
  8       10    (0)    1 :  0.032 0.404 0.564 
  9      344    (0)    1 :  0.033 0.475 0.492 
 10       25    (0)    1 :  0.131 0.535 0.334 
 11      751    (4)    2 :  0.103 0.348 0.548 
 12      495    (2)    2 :  0.674 0.175 0.151 
 13      788    (2)    2 :  0.022 0.544 0.434 
 14      756    (0)    2 :  0.818 0.094 0.088 
 15      783    (2)    2 :  0.217 0.327 0.456 
 16      765    (0)    2 :  0.956 0.022 0.022 
 17      795    (4)    2 :  0.052 0.434 0.514 
 18      782    (4)    2 :  0.105 0.468 0.427 
 19      442    (0)    2 :  0.021 0.576 0.403 
 20      791    (2)    2 :  0.043 0.543 0.414 
 21      500    (0)    2 :  0.922 0.039 0.040 
 22      774    (0)    2 :  0.332 0.364 0.305 
 23      501    (0)    2 :  0.047 0.502 0.451 
 24      793    (0)    2 :  0.067 0.444 0.488 
 25      785    (2)    2 :  0.947 0.026 0.027 
 26      515    (0)    2 :  0.588 0.211 0.201 
 27      772    (2)    2 :  0.395 0.255 0.351 
 28      755    (4)    2 :  0.854 0.067 0.079 
 29      759    (0)    2 :  0.956 0.022 0.022 
 30      789    (2)    2 :  0.053 0.369 0.577 
 31      512    (0)    2 :  0.090 0.502 0.408 
 32      498    (0)    2 :  0.297 0.398 0.304 
 33      499    (0)    2 :  0.221 0.451 0.328 
 34      753    (2)    2 :  0.023 0.583 0.394 
 35      455    (0)    3 :  0.897 0.053 0.050 
 36      458    (0)    3 :  0.531 0.243 0.226 
 37      464    (2)    3 :  0.105 0.393 0.501 
 38      466    (0)    3 :  0.922 0.041 0.038 
 39      465    (0)    3 :  0.951 0.024 0.024 
 40      169    (2)    3 :  0.127 0.377 0.496 
 41      479    (0)    3 :  0.761 0.105 0.134 
 42      178    (2)    3 :  0.029 0.357 0.614 
 43      505    (0)    3 :  0.228 0.399 0.374 
 44      510    (0)    3 :  0.228 0.398 0.374 
 45      509    (0)    3 :  0.887 0.057 0.056 
 46      475    (0)    4 :  0.314 0.415 0.271 
 47      445    (0)    4 :  0.194 0.500 0.306 
 48      451    (0)    4 :  0.378 0.363 0.258 
 49      478    (0)    4 :  0.938 0.032 0.030 
 50      484    (0)    4 :  0.873 0.068 0.059 
 51      444    (0)    4 :  0.926 0.039 0.035 
 52      928    (0)    4 :  0.925 0.038 0.038 
 53      519    (0)    4 :  0.854 0.073 0.072 
 54      524    (0)    4 :  0.149 0.400 0.451 
 55      453    (0)    4 :  0.948 0.025 0.027 
 56      467    (2)    4 :  0.907 0.046 0.047 
 57      191    (0)    4 :  0.725 0.141 0.134 
 58      476    (0)    4 :  0.303 0.349 0.348 
 59      766    (0)    4 :  0.863 0.068 0.069 
 60      490    (0)    4 :  0.726 0.135 0.139 
 61      459    (0)    4 :  0.694 0.161 0.145 
 62      441    (0)    4 :  0.936 0.031 0.033 
 63      518    (0)    4 :  0.942 0.029 0.029 
 64      383    (0)    5 :  0.021 0.428 0.551 
 65       98    (4)    5 :  0.161 0.462 0.377 
 66      371    (0)    5 :  0.060 0.499 0.441 
 67      437    (0)    5 :  0.028 0.419 0.552 
 68      388    (0)    5 :  0.706 0.143 0.151 
 69      375    (0)    5 :  0.117 0.533 0.351 
 70      378    (0)    5 :  0.226 0.454 0.320 
 71      354    (0)    5 :  0.720 0.159 0.121 
 72      183    (0)    5 :  0.055 0.425 0.519 
 73      384    (0)    5 :  0.030 0.572 0.398 
 74      389    (0)    5 :  0.077 0.469 0.454 
 75      151    (0)    5 :  0.078 0.567 0.355 
 76      107    (4)    5 :  0.041 0.357 0.602 
 77       37    (0)    5 :  0.087 0.575 0.338 
 78      438    (0)    5 :  0.049 0.406 0.545 
 79      380    (0)    5 :  0.047 0.574 0.380 
 80      180    (0)    5 :  0.468 0.264 0.268 
 81       64    (2)    5 :  0.063 0.428 0.510 
 82      198    (0)    5 :  0.277 0.380 0.343 
 83      382    (0)    5 :  0.027 0.625 0.348 
 84      386    (0)    5 :  0.054 0.415 0.531 
 85      385    (0)    5 :  0.026 0.556 0.418 
 86      131    (2)    5 :  0.052 0.601 0.347 
 87      179    (0)    5 :  0.089 0.525 0.386 
 88      372    (0)    5 :  0.051 0.476 0.473 
 89      426    (0)    6 :  0.054 0.355 0.591 
 90      434    (0)    6 :  0.189 0.357 0.454 
 91      432    (0)    6 :  0.056 0.378 0.566 
 92      433    (2)    6 :  0.045 0.436 0.519 
 93      427    (0)    6 :  0.049 0.521 0.430 


Estimated Allele Frequencies in each cluster
First column gives estimated ancestral frequencies


Locus 1 : 1 
4 alleles
0.0% missing data
  89   (0.559) 0.530 0.564 0.561 
  91   (0.359) 0.419 0.357 0.361 
  93   (0.055) 0.046 0.052 0.049 
  99   (0.027) 0.005 0.027 0.030 

Locus 2 : 2 
6 alleles
3.2% missing data
 136   (0.379) 0.113 0.402 0.407 
 138   (0.312) 0.429 0.312 0.315 
 134   (0.178) 0.269 0.168 0.162 
 140   (0.068) 0.057 0.064 0.067 
 132   (0.031) 0.006 0.029 0.030 
 142   (0.033) 0.126 0.024 0.019 

Locus 3 : 3 
6 alleles
0.0% missing data
 179   (0.237) 0.286 0.241 0.244 
 185   (0.097) 0.122 0.095 0.100 
 181   (0.233) 0.297 0.224 0.206 
 175   (0.085) 0.087 0.078 0.073 
 187   (0.320) 0.204 0.335 0.347 
 191   (0.028) 0.005 0.028 0.029 

Locus 4 : 4 
8 alleles
0.0% missing data
 241   (0.207) 0.170 0.208 0.195 
 271   (0.029) 0.005 0.028 0.023 
 253   (0.418) 0.442 0.437 0.466 
 269   (0.213) 0.332 0.202 0.191 
 247   (0.082) 0.042 0.086 0.093 
 245   (0.017) 0.003 0.013 0.010 
 273   (0.017) 0.003 0.013 0.011 
 249   (0.017) 0.003 0.013 0.010 

Locus 5 : 5 
6 alleles
1.1% missing data
 103   (0.808) 0.935 0.812 0.800 
 105   (0.051) 0.013 0.054 0.059 
 104   (0.082) 0.043 0.088 0.106 
 102   (0.024) 0.004 0.020 0.015 
 107   (0.017) 0.003 0.013 0.010 
 101   (0.017) 0.003 0.013 0.010 

Locus 6 : 6 
5 alleles
0.0% missing data
 141   (0.278) 0.183 0.287 0.281 
 145   (0.431) 0.581 0.431 0.438 
 135   (0.201) 0.207 0.198 0.197 
 147   (0.067) 0.024 0.065 0.064 
 137   (0.023) 0.005 0.020 0.021 

Locus 7 : 7 
9 alleles
2.2% missing data
  93   (0.228) 0.256 0.228 0.221 
 103   (0.240) 0.364 0.248 0.273 
  89   (0.107) 0.105 0.100 0.092 
  91   (0.071) 0.028 0.066 0.059 
  97   (0.182) 0.131 0.199 0.204 
  83   (0.098) 0.062 0.097 0.096 
  85   (0.041) 0.050 0.034 0.030 
 105   (0.017) 0.003 0.014 0.011 
 101   (0.016) 0.003 0.014 0.014 

Locus 8 : 8 
7 alleles
0.0% missing data
 129   (0.537) 0.755 0.551 0.562 
 143   (0.231) 0.155 0.235 0.239 
 127   (0.024) 0.004 0.021 0.019 
 149   (0.104) 0.049 0.101 0.101 
 141   (0.064) 0.030 0.057 0.051 
 133   (0.024) 0.004 0.020 0.018 
 131   (0.017) 0.003 0.013 0.011 

Locus 9 : 9 
4 alleles
0.0% missing data
 189   (0.465) 0.463 0.457 0.441 
 191   (0.379) 0.236 0.401 0.427 
 195   (0.139) 0.298 0.128 0.121 
 197   (0.017) 0.003 0.014 0.012 

Locus 10 : 10 
6 alleles
0.0% missing data
 238   (0.567) 0.757 0.563 0.552 
 232   (0.261) 0.148 0.273 0.285 
 254   (0.027) 0.004 0.027 0.031 
 250   (0.023) 0.004 0.021 0.021 
 252   (0.098) 0.083 0.095 0.095 
 248   (0.024) 0.004 0.021 0.016 

Locus 11 : 11 
4 alleles
1.1% missing data
  87   (0.706) 0.836 0.711 0.719 
  89   (0.231) 0.120 0.235 0.230 
  85   (0.017) 0.003 0.014 0.013 
  91   (0.046) 0.040 0.040 0.038 

Locus 12 : 12 
11 alleles
1.1% missing data
 161   (0.117) 0.115 0.109 0.099 
 162   (0.218) 0.224 0.239 0.266 
 147   (0.065) 0.050 0.063 0.056 
 160   (0.245) 0.284 0.249 0.245 
 170   (0.053) 0.019 0.053 0.051 
 154   (0.030) 0.005 0.027 0.023 
 158   (0.177) 0.224 0.177 0.187 
 143   (0.028) 0.005 0.028 0.025 
 149   (0.032) 0.046 0.028 0.026 
 153   (0.016) 0.003 0.014 0.012 
 159   (0.019) 0.025 0.013 0.010 

Locus 13 : 13 
4 alleles
0.0% missing data
 115   (0.407) 0.420 0.411 0.398 
 113   (0.370) 0.410 0.376 0.388 
 108   (0.206) 0.166 0.200 0.204 
 109   (0.017) 0.004 0.013 0.011 

Locus 14 : 14 
5 alleles
0.0% missing data
 227   (0.115) 0.281 0.104 0.092 
 231   (0.122) 0.029 0.130 0.128 
 225   (0.129) 0.088 0.127 0.117 
 229   (0.579) 0.580 0.581 0.599 
 233   (0.056) 0.023 0.058 0.063 

Locus 15 : 15 
4 alleles
0.0% missing data
 143   (0.826) 0.905 0.834 0.837 
 147   (0.073) 0.070 0.065 0.060 
 145   (0.084) 0.022 0.087 0.091 
 133   (0.017) 0.003 0.014 0.012 

Locus 16 : 16 
4 alleles
0.0% missing data
 158   (0.571) 0.670 0.560 0.536 
 156   (0.227) 0.197 0.234 0.257 
 160   (0.115) 0.119 0.111 0.106 
 154   (0.087) 0.015 0.095 0.102 

Locus 17 : 17 
5 alleles
0.0% missing data
  90   (0.664) 0.785 0.668 0.664 
 100   (0.039) 0.008 0.040 0.046 
  88   (0.067) 0.015 0.068 0.070 
 102   (0.213) 0.179 0.212 0.210 
 104   (0.017) 0.013 0.012 0.009 

Locus 18 : 18 
7 alleles
0.0% missing data
 148   (0.095) 0.087 0.093 0.083 
 150   (0.073) 0.139 0.065 0.061 
 127   (0.305) 0.372 0.309 0.312 
 140   (0.270) 0.230 0.278 0.284 
 138   (0.061) 0.057 0.054 0.046 
 142   (0.103) 0.047 0.110 0.123 
 146   (0.093) 0.069 0.091 0.091 

Locus 19 : 19 
5 alleles
0.0% missing data
 188   (0.205) 0.192 0.200 0.190 
 194   (0.576) 0.493 0.602 0.620 
 200   (0.103) 0.117 0.095 0.087 
 190   (0.098) 0.195 0.091 0.092 
 202   (0.017) 0.003 0.013 0.012 

Locus 20 : 20 
6 alleles
1.1% missing data
 252   (0.716) 0.807 0.738 0.751 
 246   (0.084) 0.055 0.079 0.075 
 254   (0.080) 0.060 0.076 0.074 
 248   (0.047) 0.012 0.047 0.051 
 244   (0.030) 0.019 0.024 0.020 
 250   (0.042) 0.047 0.036 0.030 

Locus 21 : 21 
7 alleles
0.0% missing data
 167   (0.154) 0.079 0.162 0.171 
 173   (0.273) 0.583 0.260 0.249 
 175   (0.122) 0.084 0.113 0.099 
 177   (0.315) 0.224 0.328 0.347 
 165   (0.041) 0.007 0.042 0.044 
 159   (0.057) 0.009 0.062 0.061 
 163   (0.038) 0.014 0.033 0.028 

Locus 22 : 22 
9 alleles
1.1% missing data
 152   (0.449) 0.725 0.443 0.443 
 166   (0.140) 0.050 0.146 0.140 
 146   (0.205) 0.173 0.216 0.231 
 158   (0.088) 0.016 0.095 0.098 
 162   (0.031) 0.006 0.027 0.022 
 142   (0.023) 0.018 0.018 0.014 
 150   (0.030) 0.006 0.028 0.028 
 148   (0.017) 0.003 0.013 0.010 
 164   (0.017) 0.003 0.014 0.012 

Locus 23 : 23 
7 alleles
0.0% missing data
 154   (0.526) 0.499 0.534 0.527 
 158   (0.030) 0.005 0.028 0.024 
 156   (0.136) 0.067 0.150 0.174 
 144   (0.176) 0.313 0.167 0.157 
 160   (0.091) 0.108 0.088 0.092 
 152   (0.017) 0.005 0.013 0.010 
 146   (0.024) 0.004 0.020 0.015 

Locus 24 : 24 
4 alleles
1.1% missing data
  81   (0.420) 0.356 0.426 0.428 
  83   (0.413) 0.462 0.424 0.440 
  85   (0.091) 0.100 0.082 0.077 
  77   (0.076) 0.082 0.067 0.055 

Locus 25 : 25 
6 alleles
0.0% missing data
 124   (0.542) 0.630 0.561 0.584 
 132   (0.257) 0.264 0.255 0.253 
 122   (0.128) 0.093 0.123 0.114 
 120   (0.024) 0.004 0.020 0.017 
 126   (0.031) 0.006 0.027 0.021 
 136   (0.017) 0.003 0.014 0.011 

Locus 26 : 26 
6 alleles
0.0% missing data
 179   (0.115) 0.041 0.114 0.105 
 165   (0.258) 0.337 0.250 0.244 
 183   (0.352) 0.297 0.371 0.391 
 181   (0.075) 0.014 0.075 0.073 
 175   (0.183) 0.308 0.176 0.176 
 157   (0.017) 0.003 0.013 0.010 

Locus 27 : 27 
4 alleles
0.0% missing data
 142   (0.619) 0.735 0.628 0.642 
 148   (0.209) 0.128 0.213 0.213 
 150   (0.126) 0.084 0.120 0.109 
 138   (0.046) 0.054 0.040 0.035 

Locus 28 : 28 
5 alleles
0.0% missing data
 260   (0.406) 0.484 0.410 0.406 
 262   (0.442) 0.395 0.454 0.472 
 256   (0.111) 0.090 0.102 0.091 
 258   (0.023) 0.004 0.021 0.021 
 264   (0.019) 0.028 0.013 0.010 

Locus 29 : 29 
5 alleles
0.0% missing data
 150   (0.401) 0.522 0.408 0.416 
 146   (0.297) 0.275 0.298 0.306 
 140   (0.197) 0.124 0.199 0.191 
 152   (0.058) 0.042 0.054 0.051 
 148   (0.047) 0.036 0.041 0.035 

Locus 30 : 30 
5 alleles
0.0% missing data
 125   (0.316) 0.105 0.342 0.357 
 129   (0.395) 0.569 0.389 0.380 
 123   (0.160) 0.254 0.150 0.150 
 131   (0.049) 0.024 0.045 0.043 
 127   (0.081) 0.047 0.075 0.070 

Locus 31 : 31 
5 alleles
0.0% missing data
 155   (0.546) 0.340 0.580 0.612 
 159   (0.199) 0.322 0.183 0.161 
 157   (0.138) 0.220 0.127 0.123 
 151   (0.035) 0.006 0.035 0.035 
 153   (0.083) 0.112 0.075 0.068 

Locus 32 : 32 
5 alleles
0.0% missing data
 146   (0.370) 0.326 0.379 0.383 
 150   (0.508) 0.610 0.509 0.518 
 148   (0.054) 0.022 0.053 0.046 
 152   (0.025) 0.030 0.019 0.016 
 154   (0.043) 0.012 0.040 0.037 

Locus 33 : 33 
6 alleles
0.0% missing data
 184   (0.165) 0.308 0.153 0.147 
 192   (0.151) 0.136 0.149 0.142 
 180   (0.467) 0.354 0.490 0.501 
 196   (0.111) 0.149 0.102 0.093 
 198   (0.068) 0.015 0.075 0.089 
 190   (0.039) 0.038 0.032 0.027 

Locus 34 : 34 
5 alleles
0.0% missing data
 106   (0.274) 0.393 0.268 0.268 
 112   (0.358) 0.397 0.363 0.359 
 108   (0.148) 0.132 0.142 0.139 
  90   (0.039) 0.016 0.032 0.026 
 110   (0.181) 0.062 0.194 0.209 

Locus 35 : 35 
8 alleles
0.0% missing data
 172   (0.306) 0.423 0.314 0.335 
 178   (0.042) 0.012 0.040 0.037 
 174   (0.165) 0.133 0.167 0.167 
 176   (0.079) 0.017 0.080 0.073 
 170   (0.247) 0.257 0.252 0.250 
 186   (0.033) 0.064 0.026 0.021 
 168   (0.065) 0.033 0.063 0.060 
 166   (0.062) 0.062 0.057 0.056 

Locus 36 : 36 
5 alleles
0.0% missing data
  89   (0.565) 0.717 0.579 0.586 
  83   (0.173) 0.115 0.170 0.172 
  95   (0.052) 0.062 0.045 0.040 
  81   (0.063) 0.016 0.061 0.056 
  85   (0.146) 0.090 0.145 0.145 

Locus 37 : 37 
8 alleles
0.0% missing data
 161   (0.318) 0.232 0.328 0.335 
 173   (0.247) 0.282 0.249 0.244 
 165   (0.225) 0.270 0.223 0.222 
 155   (0.033) 0.007 0.034 0.030 
 169   (0.125) 0.175 0.127 0.137 
 168   (0.017) 0.003 0.013 0.010 
 175   (0.018) 0.028 0.013 0.009 
 159   (0.017) 0.003 0.014 0.013 

Locus 38 : 38 
5 alleles
0.0% missing data
  81   (0.114) 0.040 0.113 0.105 
  89   (0.407) 0.550 0.412 0.425 
  85   (0.220) 0.254 0.216 0.207 
  91   (0.173) 0.099 0.181 0.196 
  87   (0.086) 0.057 0.077 0.068 

Locus 39 : 39 
3 alleles
1.1% missing data
 167   (0.765) 0.809 0.774 0.790 
 161   (0.195) 0.138 0.193 0.180 
 165   (0.040) 0.054 0.033 0.030 

Locus 40 : 40 
5 alleles
1.1% missing data
 228   (0.412) 0.457 0.419 0.428 
 236   (0.091) 0.053 0.088 0.080 
 238   (0.321) 0.324 0.322 0.321 
 240   (0.152) 0.162 0.150 0.155 
 224   (0.024) 0.004 0.021 0.017 

Locus 41 : 41 
7 alleles
0.0% missing data
 128   (0.128) 0.157 0.121 0.116 
 130   (0.500) 0.459 0.526 0.551 
 118   (0.043) 0.059 0.037 0.034 
 132   (0.125) 0.265 0.116 0.115 
 114   (0.042) 0.008 0.041 0.036 
 134   (0.145) 0.048 0.146 0.137 
 136   (0.017) 0.003 0.013 0.010 

Locus 42 : 42 
5 alleles
2.2% missing data
 104   (0.439) 0.441 0.452 0.464 
  92   (0.118) 0.068 0.119 0.125 
 102   (0.228) 0.359 0.214 0.203 
  98   (0.129) 0.113 0.125 0.114 
  96   (0.086) 0.019 0.090 0.094 

Locus 43 : 43 
5 alleles
4.3% missing data
 103   (0.298) 0.442 0.290 0.271 
  97   (0.025) 0.004 0.022 0.018 
 101   (0.255) 0.284 0.243 0.227 
  95   (0.266) 0.181 0.277 0.291 
  99   (0.155) 0.089 0.168 0.193 

Locus 44 : 44 
5 alleles
0.0% missing data
 181   (0.544) 0.684 0.539 0.533 
 191   (0.305) 0.198 0.321 0.335 
 179   (0.064) 0.011 0.068 0.071 
 177   (0.067) 0.065 0.059 0.051 
 193   (0.020) 0.042 0.014 0.010 

Locus 45 : 45 
6 alleles
2.2% missing data
 205   (0.530) 0.552 0.553 0.578 
 207   (0.119) 0.164 0.107 0.089 
 211   (0.237) 0.231 0.237 0.236 
 215   (0.037) 0.007 0.035 0.032 
 201   (0.053) 0.040 0.047 0.043 
 202   (0.024) 0.006 0.021 0.022 

Locus 46 : 46 
10 alleles
1.1% missing data
 142   (0.328) 0.556 0.336 0.345 
 158   (0.146) 0.084 0.146 0.142 
 164   (0.059) 0.037 0.053 0.049 
 168   (0.149) 0.071 0.156 0.152 
 144   (0.063) 0.018 0.070 0.079 
 166   (0.132) 0.169 0.128 0.126 
 170   (0.021) 0.004 0.020 0.022 
 162   (0.058) 0.038 0.054 0.052 
 160   (0.016) 0.003 0.014 0.012 
 156   (0.028) 0.019 0.024 0.020 

Locus 47 : 47 
6 alleles
6.5% missing data
 145   (0.227) 0.146 0.237 0.230 
 149   (0.320) 0.415 0.311 0.308 
 151   (0.161) 0.134 0.160 0.161 
 153   (0.223) 0.293 0.227 0.238 
 147   (0.038) 0.006 0.036 0.034 
 143   (0.030) 0.005 0.029 0.030 

Values of parameters used in structure:
DATAFILE=subw2.str,	OUTFILE=k3/subw2_k3_run9,	NUMINDS=93,	NUMLOCI=47,	MISSING=-9,	LABEL=1,	POPDATA=1,	POPFLAG=0,	PHENOTYPE=0,	EXTRACOLS=0,	MAXPOPS=3,	BURNIN=500000,	NUMREPS=750000,	USEPOPINFO=0,	INFERALPHA=1,	INFERLAMBDA=0,	POPSPECIFICLAMBDA=0,	POPALPHAS=0,	COMPUTEPROB=1,	NOADMIX=0,	ADMBURNIN=500,	UPDATEFREQ=100,	PRINTLIKES=0,	INTERMEDSAVE=0,	PRINTKLD=0,	PRINTNET=1,	PRINTLAMBDA=1,	ANCESTDIST=0,	NUMBOXES=1000,	ANCESTPINT=0.90000,	GENSBACK=2,	MIGRPRIOR=0.01000,	PRINTQHAT=0,	PRINTQSUM=1,	ALPHA=1.0000,	FREQSCORR=1,	FPRIORMEAN=0.0100,	FPRIORSD=0.0500,	ONEFST=0,	LAMBDA=1.0000,	UNIFPRIORALPHA=1,	ALPHAMAX=10.0000,	ALPHAPRIORA=1.0000,	ALPHAPRIORB=2.0000,	ALPHAPROPSD=0.0250,	STARTATPOPINFO=0,	RANDOMIZE=0,	LINKAGE=0,	METROFREQ=10,	REPORTHITRATE=0,	MARKOVPHASE=0,	PHASED=1,	PLOIDY=2,	PHASEINFO=0	LOCPRIOR=0, 	LOCPRIORINIT=1.000000, 	LOCDATA=0, 	LOCISPOP=1, 	LOCPRIORSTEP=0.100000, 	MAXLOCPRIOR=20.000000, 	SEED=252043,	
[STRAT parameters]:    NUMSIMSTATS=1000,	PHENOTYPECOL=-9,	POOLFREQ=10,	LOCUSxONLY=0,	EMERROR=0.00100,	MISSINGPHENO=-9,	