

----------------------------------------------------
STRUCTURE by Pritchard, Stephens and Donnelly (2000)
     and Falush, Stephens and Pritchard (2003)
       Code by Pritchard, Falush and Hubisz
             Version 2.3.4 (Jul 2012)
----------------------------------------------------



Command line arguments:   structure -D 114332 -K 1 -m mainparams -o k1/subw2_k1_run7 
Input File:    subw2.str

Run parameters:
   93 individuals
   47 loci
   1 populations assumed
   500000 Burn-in period
   750000 Reps
RANDOMIZE turned off


--------------------------------------------
Proportion of membership of each pre-defined
 population in each of the 1 clusters

Given    Inferred Clusters       Number of
 Pop       1                    Individuals

  1:     1.000                     10
  2:     1.000                     24
  3:     1.000                     11
  4:     1.000                     18
  5:     1.000                     25
  6:     1.000                      5
--------------------------------------------

Allele-freq. divergence among pops (Net nucleotide distance),
computed using point estimates of P.

      1      
 1      -    

Average distances (expected heterozygosity) between individuals in same cluster:
cluster  1  : 0.6300 

--------------------------------------------
Estimated Ln Prob of Data   = -10750.3
Mean value of ln likelihood = -10694.6
Variance of ln likelihood   = 111.4

Mean value of Fst_1         = 0.0002


Inferred ancestry of individuals:
        Label (%Miss) Pop:  Inferred clusters
  1      435    (2)    1 :  1.000 
  2      188    (0)    1 :  1.000 
  3      117    (0)    1 :  1.000 
  4      142    (0)    1 :  1.000 
  5      189    (0)    1 :  1.000 
  6      216    (0)    1 :  1.000 
  7      115    (0)    1 :  1.000 
  8       10    (0)    1 :  1.000 
  9      344    (0)    1 :  1.000 
 10       25    (0)    1 :  1.000 
 11      751    (4)    2 :  1.000 
 12      495    (2)    2 :  1.000 
 13      788    (2)    2 :  1.000 
 14      756    (0)    2 :  1.000 
 15      783    (2)    2 :  1.000 
 16      765    (0)    2 :  1.000 
 17      795    (4)    2 :  1.000 
 18      782    (4)    2 :  1.000 
 19      442    (0)    2 :  1.000 
 20      791    (2)    2 :  1.000 
 21      500    (0)    2 :  1.000 
 22      774    (0)    2 :  1.000 
 23      501    (0)    2 :  1.000 
 24      793    (0)    2 :  1.000 
 25      785    (2)    2 :  1.000 
 26      515    (0)    2 :  1.000 
 27      772    (2)    2 :  1.000 
 28      755    (4)    2 :  1.000 
 29      759    (0)    2 :  1.000 
 30      789    (2)    2 :  1.000 
 31      512    (0)    2 :  1.000 
 32      498    (0)    2 :  1.000 
 33      499    (0)    2 :  1.000 
 34      753    (2)    2 :  1.000 
 35      455    (0)    3 :  1.000 
 36      458    (0)    3 :  1.000 
 37      464    (2)    3 :  1.000 
 38      466    (0)    3 :  1.000 
 39      465    (0)    3 :  1.000 
 40      169    (2)    3 :  1.000 
 41      479    (0)    3 :  1.000 
 42      178    (2)    3 :  1.000 
 43      505    (0)    3 :  1.000 
 44      510    (0)    3 :  1.000 
 45      509    (0)    3 :  1.000 
 46      475    (0)    4 :  1.000 
 47      445    (0)    4 :  1.000 
 48      451    (0)    4 :  1.000 
 49      478    (0)    4 :  1.000 
 50      484    (0)    4 :  1.000 
 51      444    (0)    4 :  1.000 
 52      928    (0)    4 :  1.000 
 53      519    (0)    4 :  1.000 
 54      524    (0)    4 :  1.000 
 55      453    (0)    4 :  1.000 
 56      467    (2)    4 :  1.000 
 57      191    (0)    4 :  1.000 
 58      476    (0)    4 :  1.000 
 59      766    (0)    4 :  1.000 
 60      490    (0)    4 :  1.000 
 61      459    (0)    4 :  1.000 
 62      441    (0)    4 :  1.000 
 63      518    (0)    4 :  1.000 
 64      383    (0)    5 :  1.000 
 65       98    (4)    5 :  1.000 
 66      371    (0)    5 :  1.000 
 67      437    (0)    5 :  1.000 
 68      388    (0)    5 :  1.000 
 69      375    (0)    5 :  1.000 
 70      378    (0)    5 :  1.000 
 71      354    (0)    5 :  1.000 
 72      183    (0)    5 :  1.000 
 73      384    (0)    5 :  1.000 
 74      389    (0)    5 :  1.000 
 75      151    (0)    5 :  1.000 
 76      107    (4)    5 :  1.000 
 77       37    (0)    5 :  1.000 
 78      438    (0)    5 :  1.000 
 79      380    (0)    5 :  1.000 
 80      180    (0)    5 :  1.000 
 81       64    (2)    5 :  1.000 
 82      198    (0)    5 :  1.000 
 83      382    (0)    5 :  1.000 
 84      386    (0)    5 :  1.000 
 85      385    (0)    5 :  1.000 
 86      131    (2)    5 :  1.000 
 87      179    (0)    5 :  1.000 
 88      372    (0)    5 :  1.000 
 89      426    (0)    6 :  1.000 
 90      434    (0)    6 :  1.000 
 91      432    (0)    6 :  1.000 
 92      433    (2)    6 :  1.000 
 93      427    (0)    6 :  1.000 


Estimated Allele Frequencies in each cluster
First column gives estimated ancestral frequencies


Locus 1 : 1 
4 alleles
0.0% missing data
  89   (0.553) 0.553 
  91   (0.379) 0.379 
  93   (0.048) 0.048 
  99   (0.021) 0.021 

Locus 2 : 2 
6 alleles
3.2% missing data
 136   (0.311) 0.311 
 138   (0.350) 0.350 
 134   (0.199) 0.199 
 140   (0.059) 0.059 
 132   (0.022) 0.021 
 142   (0.059) 0.059 

Locus 3 : 3 
6 alleles
0.0% missing data
 179   (0.259) 0.259 
 185   (0.102) 0.102 
 181   (0.245) 0.245 
 175   (0.077) 0.077 
 187   (0.295) 0.295 
 191   (0.021) 0.021 

Locus 4 : 4 
8 alleles
0.0% missing data
 241   (0.191) 0.191 
 271   (0.020) 0.020 
 253   (0.444) 0.444 
 269   (0.242) 0.242 
 247   (0.072) 0.071 
 245   (0.011) 0.010 
 273   (0.010) 0.010 
 249   (0.010) 0.010 

Locus 5 : 5 
6 alleles
1.1% missing data
 103   (0.841) 0.842 
 105   (0.042) 0.042 
 104   (0.079) 0.079 
 102   (0.016) 0.016 
 107   (0.011) 0.011 
 101   (0.011) 0.010 

Locus 6 : 6 
5 alleles
0.0% missing data
 141   (0.251) 0.251 
 145   (0.482) 0.482 
 135   (0.199) 0.199 
 147   (0.052) 0.052 
 137   (0.016) 0.016 

Locus 7 : 7 
9 alleles
2.2% missing data
  93   (0.236) 0.236 
 103   (0.293) 0.294 
  89   (0.099) 0.099 
  91   (0.053) 0.052 
  97   (0.178) 0.178 
  83   (0.084) 0.084 
  85   (0.037) 0.037 
 105   (0.011) 0.011 
 101   (0.011) 0.010 

Locus 8 : 8 
7 alleles
0.0% missing data
 129   (0.621) 0.622 
 143   (0.207) 0.207 
 127   (0.016) 0.015 
 149   (0.083) 0.083 
 141   (0.047) 0.047 
 133   (0.016) 0.015 
 131   (0.011) 0.010 

Locus 9 : 9 
4 alleles
0.0% missing data
 189   (0.453) 0.453 
 191   (0.352) 0.352 
 195   (0.184) 0.184 
 197   (0.011) 0.010 

Locus 10 : 10 
6 alleles
0.0% missing data
 238   (0.625) 0.625 
 232   (0.233) 0.234 
 254   (0.021) 0.021 
 250   (0.016) 0.016 
 252   (0.089) 0.089 
 248   (0.016) 0.016 

Locus 11 : 11 
4 alleles
1.1% missing data
  87   (0.755) 0.755 
  89   (0.197) 0.197 
  85   (0.011) 0.011 
  91   (0.038) 0.037 

Locus 12 : 12 
11 alleles
1.1% missing data
 161   (0.107) 0.107 
 162   (0.241) 0.241 
 147   (0.057) 0.057 
 160   (0.261) 0.261 
 170   (0.041) 0.041 
 154   (0.021) 0.020 
 158   (0.195) 0.196 
 143   (0.021) 0.020 
 149   (0.031) 0.031 
 153   (0.010) 0.010 
 159   (0.015) 0.015 

Locus 13 : 13 
4 alleles
0.0% missing data
 115   (0.411) 0.411 
 113   (0.389) 0.389 
 108   (0.190) 0.190 
 109   (0.011) 0.010 

Locus 14 : 14 
5 alleles
0.0% missing data
 227   (0.162) 0.162 
 231   (0.099) 0.099 
 225   (0.110) 0.110 
 229   (0.582) 0.582 
 233   (0.047) 0.047 

Locus 15 : 15 
4 alleles
0.0% missing data
 143   (0.858) 0.858 
 147   (0.063) 0.063 
 145   (0.069) 0.069 
 133   (0.011) 0.011 

Locus 16 : 16 
4 alleles
0.0% missing data
 158   (0.589) 0.589 
 156   (0.227) 0.227 
 160   (0.110) 0.110 
 154   (0.074) 0.074 

Locus 17 : 17 
5 alleles
0.0% missing data
  90   (0.707) 0.708 
 100   (0.031) 0.031 
  88   (0.052) 0.052 
 102   (0.199) 0.199 
 104   (0.011) 0.011 

Locus 18 : 18 
7 alleles
0.0% missing data
 148   (0.088) 0.088 
 150   (0.088) 0.088 
 127   (0.331) 0.331 
 140   (0.264) 0.265 
 138   (0.052) 0.052 
 142   (0.093) 0.093 
 146   (0.083) 0.083 

Locus 19 : 19 
5 alleles
0.0% missing data
 188   (0.194) 0.194 
 194   (0.570) 0.570 
 200   (0.099) 0.099 
 190   (0.126) 0.126 
 202   (0.011) 0.010 

Locus 20 : 20 
6 alleles
1.1% missing data
 252   (0.768) 0.769 
 246   (0.069) 0.069 
 254   (0.068) 0.068 
 248   (0.037) 0.037 
 244   (0.021) 0.021 
 250   (0.037) 0.037 

Locus 21 : 21 
7 alleles
0.0% missing data
 167   (0.135) 0.135 
 173   (0.367) 0.367 
 175   (0.099) 0.099 
 177   (0.295) 0.295 
 165   (0.031) 0.031 
 159   (0.047) 0.047 
 163   (0.026) 0.026 

Locus 22 : 22 
9 alleles
1.1% missing data
 152   (0.532) 0.532 
 166   (0.115) 0.115 
 146   (0.202) 0.203 
 158   (0.073) 0.073 
 162   (0.021) 0.021 
 142   (0.016) 0.016 
 150   (0.021) 0.021 
 148   (0.011) 0.011 
 164   (0.010) 0.010 

Locus 23 : 23 
7 alleles
0.0% missing data
 154   (0.517) 0.518 
 158   (0.021) 0.021 
 156   (0.130) 0.130 
 144   (0.213) 0.213 
 160   (0.094) 0.093 
 152   (0.011) 0.011 
 146   (0.016) 0.016 

Locus 24 : 24 
4 alleles
1.1% missing data
  81   (0.404) 0.404 
  83   (0.441) 0.441 
  85   (0.086) 0.085 
  77   (0.069) 0.069 

Locus 25 : 25 
6 alleles
0.0% missing data
 124   (0.589) 0.589 
 132   (0.255) 0.255 
 122   (0.109) 0.109 
 120   (0.016) 0.016 
 126   (0.021) 0.021 
 136   (0.011) 0.010 

Locus 26 : 26 
6 alleles
0.0% missing data
 179   (0.089) 0.089 
 165   (0.275) 0.276 
 183   (0.348) 0.349 
 181   (0.057) 0.057 
 175   (0.219) 0.219 
 157   (0.011) 0.011 

Locus 27 : 27 
4 alleles
0.0% missing data
 142   (0.668) 0.668 
 148   (0.185) 0.185 
 150   (0.105) 0.105 
 138   (0.042) 0.042 

Locus 28 : 28 
5 alleles
0.0% missing data
 260   (0.434) 0.434 
 262   (0.440) 0.440 
 256   (0.095) 0.095 
 258   (0.016) 0.015 
 264   (0.016) 0.016 

Locus 29 : 29 
5 alleles
0.0% missing data
 150   (0.450) 0.451 
 146   (0.293) 0.293 
 140   (0.173) 0.173 
 152   (0.047) 0.047 
 148   (0.037) 0.037 

Locus 30 : 30 
5 alleles
0.0% missing data
 125   (0.271) 0.272 
 129   (0.445) 0.445 
 123   (0.184) 0.184 
 131   (0.037) 0.036 
 127   (0.063) 0.063 

Locus 31 : 31 
5 alleles
0.0% missing data
 155   (0.508) 0.508 
 159   (0.225) 0.225 
 157   (0.157) 0.157 
 151   (0.026) 0.026 
 153   (0.084) 0.084 

Locus 32 : 32 
5 alleles
0.0% missing data
 146   (0.362) 0.362 
 150   (0.543) 0.544 
 148   (0.042) 0.042 
 152   (0.021) 0.021 
 154   (0.031) 0.031 

Locus 33 : 33 
6 alleles
0.0% missing data
 184   (0.204) 0.204 
 192   (0.140) 0.140 
 180   (0.448) 0.449 
 196   (0.114) 0.114 
 198   (0.062) 0.062 
 190   (0.032) 0.032 

Locus 34 : 34 
5 alleles
0.0% missing data
 106   (0.309) 0.309 
 112   (0.371) 0.371 
 108   (0.136) 0.136 
  90   (0.026) 0.026 
 110   (0.158) 0.158 

Locus 35 : 35 
8 alleles
0.0% missing data
 172   (0.356) 0.356 
 178   (0.031) 0.031 
 174   (0.154) 0.154 
 176   (0.062) 0.062 
 170   (0.252) 0.252 
 186   (0.036) 0.036 
 168   (0.052) 0.052 
 166   (0.057) 0.057 

Locus 36 : 36 
5 alleles
0.0% missing data
  89   (0.628) 0.628 
  83   (0.152) 0.152 
  95   (0.047) 0.047 
  81   (0.047) 0.047 
  85   (0.126) 0.126 

Locus 37 : 37 
8 alleles
0.0% missing data
 161   (0.298) 0.298 
 173   (0.257) 0.257 
 165   (0.238) 0.238 
 155   (0.026) 0.026 
 169   (0.144) 0.144 
 168   (0.010) 0.010 
 175   (0.016) 0.015 
 159   (0.010) 0.010 

Locus 38 : 38 
5 alleles
0.0% missing data
  81   (0.089) 0.089 
  89   (0.460) 0.461 
  85   (0.225) 0.225 
  91   (0.157) 0.157 
  87   (0.068) 0.068 

Locus 39 : 39 
3 alleles
1.1% missing data
 167   (0.791) 0.792 
 161   (0.171) 0.171 
 165   (0.038) 0.038 

Locus 40 : 40 
5 alleles
1.1% missing data
 228   (0.433) 0.433 
 236   (0.074) 0.074 
 238   (0.323) 0.323 
 240   (0.154) 0.154 
 224   (0.016) 0.016 

Locus 41 : 41 
7 alleles
0.0% missing data
 128   (0.130) 0.130 
 130   (0.508) 0.508 
 118   (0.041) 0.041 
 132   (0.165) 0.165 
 114   (0.031) 0.031 
 134   (0.115) 0.115 
 136   (0.010) 0.010 

Locus 42 : 42 
5 alleles
2.2% missing data
 104   (0.449) 0.450 
  92   (0.102) 0.101 
 102   (0.262) 0.262 
  98   (0.118) 0.118 
  96   (0.070) 0.069 

Locus 43 : 43 
5 alleles
4.3% missing data
 103   (0.339) 0.339 
  97   (0.017) 0.017 
 101   (0.251) 0.251 
  95   (0.245) 0.245 
  99   (0.147) 0.147 

Locus 44 : 44 
5 alleles
0.0% missing data
 181   (0.587) 0.587 
 191   (0.282) 0.282 
 179   (0.053) 0.053 
 177   (0.057) 0.057 
 193   (0.021) 0.021 

Locus 45 : 45 
6 alleles
2.2% missing data
 205   (0.558) 0.559 
 207   (0.122) 0.122 
 211   (0.234) 0.234 
 215   (0.027) 0.027 
 201   (0.043) 0.043 
 202   (0.016) 0.016 

Locus 46 : 46 
10 alleles
1.1% missing data
 142   (0.412) 0.413 
 158   (0.123) 0.123 
 164   (0.046) 0.046 
 168   (0.129) 0.129 
 144   (0.056) 0.056 
 166   (0.139) 0.139 
 170   (0.016) 0.016 
 162   (0.047) 0.047 
 160   (0.010) 0.010 
 156   (0.021) 0.021 

Locus 47 : 47 
6 alleles
6.5% missing data
 145   (0.207) 0.207 
 149   (0.343) 0.343 
 151   (0.150) 0.150 
 153   (0.250) 0.250 
 147   (0.028) 0.028 
 143   (0.022) 0.022 

Values of parameters used in structure:
DATAFILE=subw2.str,	OUTFILE=k1/subw2_k1_run7,	NUMINDS=93,	NUMLOCI=47,	MISSING=-9,	LABEL=1,	POPDATA=1,	POPFLAG=0,	PHENOTYPE=0,	EXTRACOLS=0,	MAXPOPS=1,	BURNIN=500000,	NUMREPS=750000,	USEPOPINFO=0,	INFERALPHA=1,	INFERLAMBDA=0,	POPSPECIFICLAMBDA=0,	POPALPHAS=0,	COMPUTEPROB=1,	NOADMIX=0,	ADMBURNIN=500,	UPDATEFREQ=100,	PRINTLIKES=0,	INTERMEDSAVE=0,	PRINTKLD=0,	PRINTNET=1,	PRINTLAMBDA=1,	ANCESTDIST=0,	NUMBOXES=1000,	ANCESTPINT=0.90000,	GENSBACK=2,	MIGRPRIOR=0.01000,	PRINTQHAT=0,	PRINTQSUM=1,	ALPHA=1.0000,	FREQSCORR=1,	FPRIORMEAN=0.0100,	FPRIORSD=0.0500,	ONEFST=0,	LAMBDA=1.0000,	UNIFPRIORALPHA=1,	ALPHAMAX=10.0000,	ALPHAPRIORA=1.0000,	ALPHAPRIORB=2.0000,	ALPHAPROPSD=0.0250,	STARTATPOPINFO=0,	RANDOMIZE=0,	LINKAGE=0,	METROFREQ=10,	REPORTHITRATE=0,	MARKOVPHASE=0,	PHASED=1,	PLOIDY=2,	PHASEINFO=0	LOCPRIOR=0, 	LOCPRIORINIT=1.000000, 	LOCDATA=0, 	LOCISPOP=1, 	LOCPRIORSTEP=0.100000, 	MAXLOCPRIOR=20.000000, 	SEED=114332,	
[STRAT parameters]:    NUMSIMSTATS=1000,	PHENOTYPECOL=-9,	POOLFREQ=10,	LOCUSxONLY=0,	EMERROR=0.00100,	MISSINGPHENO=-9,	