

----------------------------------------------------
STRUCTURE by Pritchard, Stephens and Donnelly (2000)
     and Falush, Stephens and Pritchard (2003)
       Code by Pritchard, Falush and Hubisz
             Version 2.3.4 (Jul 2012)
----------------------------------------------------



Command line arguments:   structure -D 608702 -K 2 -m mainparams -o k2/subw2_k2_run6 
Input File:    subw2.str

Run parameters:
   93 individuals
   47 loci
   2 populations assumed
   500000 Burn-in period
   750000 Reps
RANDOMIZE turned off


--------------------------------------------
Proportion of membership of each pre-defined
 population in each of the 2 clusters

Given    Inferred Clusters       Number of
 Pop       1      2             Individuals

  1:     0.706  0.294              10
  2:     0.503  0.497              24
  3:     0.367  0.633              11
  4:     0.272  0.728              18
  5:     0.693  0.307              25
  6:     0.690  0.310               5
--------------------------------------------

Allele-freq. divergence among pops (Net nucleotide distance),
computed using point estimates of P.

      1       2      
 1      -    0.0246  
 2   0.0246     -    

Average distances (expected heterozygosity) between individuals in same cluster:
cluster  1  : 0.6634 
cluster  2  : 0.5653 

--------------------------------------------
Estimated Ln Prob of Data   = -10816.2
Mean value of ln likelihood = -10525.7
Variance of ln likelihood   = 581.1
Mean value of alpha         = 1.0561

Mean value of Fst_1         = 0.0007
Mean value of Fst_2         = 0.1283


Inferred ancestry of individuals:
        Label (%Miss) Pop:  Inferred clusters
  1      435    (2)    1 :  0.537 0.463 
  2      188    (0)    1 :  0.849 0.151 
  3      117    (0)    1 :  0.499 0.501 
  4      142    (0)    1 :  0.730 0.270 
  5      189    (0)    1 :  0.778 0.222 
  6      216    (0)    1 :  0.754 0.246 
  7      115    (0)    1 :  0.568 0.432 
  8       10    (0)    1 :  0.816 0.184 
  9      344    (0)    1 :  0.816 0.184 
 10       25    (0)    1 :  0.715 0.285 
 11      751    (4)    2 :  0.544 0.456 
 12      495    (2)    2 :  0.336 0.664 
 13      788    (2)    2 :  0.885 0.115 
 14      756    (0)    2 :  0.241 0.759 
 15      783    (2)    2 :  0.488 0.512 
 16      765    (0)    2 :  0.108 0.892 
 17      795    (4)    2 :  0.693 0.307 
 18      782    (4)    2 :  0.695 0.305 
 19      442    (0)    2 :  0.876 0.124 
 20      791    (2)    2 :  0.799 0.201 
 21      500    (0)    2 :  0.131 0.869 
 22      774    (0)    2 :  0.500 0.500 
 23      501    (0)    2 :  0.768 0.232 
 24      793    (0)    2 :  0.663 0.337 
 25      785    (2)    2 :  0.092 0.908 
 26      515    (0)    2 :  0.423 0.577 
 27      772    (2)    2 :  0.344 0.656 
 28      755    (4)    2 :  0.142 0.858 
 29      759    (0)    2 :  0.108 0.892 
 30      789    (2)    2 :  0.676 0.324 
 31      512    (0)    2 :  0.697 0.303 
 32      498    (0)    2 :  0.413 0.587 
 33      499    (0)    2 :  0.577 0.423 
 34      753    (2)    2 :  0.874 0.126 
 35      455    (0)    3 :  0.158 0.842 
 36      458    (0)    3 :  0.404 0.596 
 37      464    (2)    3 :  0.631 0.369 
 38      466    (0)    3 :  0.131 0.869 
 39      465    (0)    3 :  0.097 0.903 
 40      169    (2)    3 :  0.622 0.378 
 41      479    (0)    3 :  0.221 0.779 
 42      178    (2)    3 :  0.775 0.225 
 43      505    (0)    3 :  0.414 0.586 
 44      510    (0)    3 :  0.414 0.586 
 45      509    (0)    3 :  0.172 0.828 
 46      475    (0)    4 :  0.498 0.502 
 47      445    (0)    4 :  0.612 0.388 
 48      451    (0)    4 :  0.466 0.534 
 49      478    (0)    4 :  0.112 0.888 
 50      484    (0)    4 :  0.232 0.768 
 51      444    (0)    4 :  0.176 0.824 
 52      928    (0)    4 :  0.113 0.887 
 53      519    (0)    4 :  0.216 0.784 
 54      524    (0)    4 :  0.575 0.425 
 55      453    (0)    4 :  0.094 0.906 
 56      467    (2)    4 :  0.138 0.862 
 57      191    (0)    4 :  0.283 0.717 
 58      476    (0)    4 :  0.400 0.600 
 59      766    (0)    4 :  0.202 0.798 
 60      490    (0)    4 :  0.245 0.755 
 61      459    (0)    4 :  0.319 0.681 
 62      441    (0)    4 :  0.101 0.899 
 63      518    (0)    4 :  0.120 0.880 
 64      383    (0)    5 :  0.880 0.120 
 65       98    (4)    5 :  0.637 0.363 
 66      371    (0)    5 :  0.810 0.190 
 67      437    (0)    5 :  0.836 0.164 
 68      388    (0)    5 :  0.252 0.748 
 69      375    (0)    5 :  0.644 0.356 
 70      378    (0)    5 :  0.496 0.504 
 71      354    (0)    5 :  0.327 0.673 
 72      183    (0)    5 :  0.764 0.236 
 73      384    (0)    5 :  0.848 0.152 
 74      389    (0)    5 :  0.777 0.223 
 75      151    (0)    5 :  0.709 0.291 
 76      107    (4)    5 :  0.739 0.261 
 77       37    (0)    5 :  0.688 0.312 
 78      438    (0)    5 :  0.745 0.255 
 79      380    (0)    5 :  0.793 0.207 
 80      180    (0)    5 :  0.455 0.545 
 81       64    (2)    5 :  0.710 0.290 
 82      198    (0)    5 :  0.460 0.540 
 83      382    (0)    5 :  0.863 0.137 
 84      386    (0)    5 :  0.729 0.271 
 85      385    (0)    5 :  0.862 0.138 
 86      131    (2)    5 :  0.802 0.198 
 87      179    (0)    5 :  0.704 0.296 
 88      372    (0)    5 :  0.797 0.203 
 89      426    (0)    6 :  0.649 0.351 
 90      434    (0)    6 :  0.556 0.444 
 91      432    (0)    6 :  0.677 0.323 
 92      433    (2)    6 :  0.811 0.189 
 93      427    (0)    6 :  0.755 0.245 


Estimated Allele Frequencies in each cluster
First column gives estimated ancestral frequencies


Locus 1 : 1 
4 alleles
0.0% missing data
  89   (0.558) 0.559 0.544 
  91   (0.351) 0.350 0.412 
  93   (0.058) 0.057 0.040 
  99   (0.033) 0.033 0.004 

Locus 2 : 2 
6 alleles
3.2% missing data
 136   (0.448) 0.452 0.137 
 138   (0.262) 0.261 0.452 
 134   (0.150) 0.149 0.261 
 140   (0.072) 0.071 0.050 
 132   (0.034) 0.034 0.004 
 142   (0.034) 0.033 0.095 

Locus 3 : 3 
6 alleles
0.0% missing data
 179   (0.206) 0.206 0.315 
 185   (0.093) 0.093 0.120 
 181   (0.211) 0.211 0.286 
 175   (0.078) 0.077 0.083 
 187   (0.379) 0.382 0.191 
 191   (0.032) 0.032 0.004 

Locus 4 : 4 
8 alleles
0.0% missing data
 241   (0.211) 0.211 0.170 
 271   (0.032) 0.032 0.004 
 253   (0.432) 0.433 0.457 
 269   (0.179) 0.178 0.318 
 247   (0.096) 0.096 0.046 
 245   (0.017) 0.016 0.002 
 273   (0.017) 0.016 0.002 
 249   (0.017) 0.016 0.002 

Locus 5 : 5 
6 alleles
1.1% missing data
 103   (0.766) 0.767 0.937 
 105   (0.062) 0.062 0.017 
 104   (0.112) 0.112 0.040 
 102   (0.025) 0.025 0.003 
 107   (0.017) 0.017 0.002 
 101   (0.017) 0.017 0.002 

Locus 6 : 6 
5 alleles
0.0% missing data
 141   (0.288) 0.288 0.209 
 145   (0.393) 0.393 0.583 
 135   (0.214) 0.214 0.186 
 147   (0.080) 0.080 0.017 
 137   (0.025) 0.025 0.004 

Locus 7 : 7 
9 alleles
2.2% missing data
  93   (0.207) 0.207 0.271 
 103   (0.225) 0.226 0.372 
  89   (0.116) 0.117 0.082 
  91   (0.075) 0.076 0.022 
  97   (0.197) 0.198 0.154 
  83   (0.109) 0.109 0.054 
  85   (0.037) 0.036 0.043 
 105   (0.016) 0.016 0.002 
 101   (0.016) 0.016 0.002 

Locus 8 : 8 
7 alleles
0.0% missing data
 129   (0.486) 0.486 0.780 
 143   (0.259) 0.260 0.151 
 127   (0.025) 0.025 0.002 
 149   (0.120) 0.120 0.040 
 141   (0.069) 0.068 0.022 
 133   (0.025) 0.025 0.003 
 131   (0.017) 0.016 0.002 

Locus 9 : 9 
4 alleles
0.0% missing data
 189   (0.459) 0.459 0.447 
 191   (0.415) 0.416 0.278 
 195   (0.109) 0.108 0.273 
 197   (0.017) 0.017 0.002 

Locus 10 : 10 
6 alleles
0.0% missing data
 238   (0.520) 0.520 0.749 
 232   (0.298) 0.299 0.160 
 254   (0.033) 0.033 0.004 
 250   (0.025) 0.025 0.003 
 252   (0.099) 0.099 0.082 
 248   (0.025) 0.025 0.002 

Locus 11 : 11 
4 alleles
1.1% missing data
  87   (0.687) 0.687 0.830 
  89   (0.251) 0.252 0.132 
  85   (0.017) 0.017 0.002 
  91   (0.044) 0.044 0.035 

Locus 12 : 12 
11 alleles
1.1% missing data
 161   (0.111) 0.111 0.106 
 162   (0.230) 0.231 0.251 
 147   (0.071) 0.071 0.042 
 160   (0.224) 0.225 0.304 
 170   (0.060) 0.060 0.015 
 154   (0.031) 0.031 0.004 
 158   (0.170) 0.170 0.225 
 143   (0.031) 0.031 0.003 
 149   (0.033) 0.032 0.034 
 153   (0.016) 0.016 0.002 
 159   (0.021) 0.021 0.012 

Locus 13 : 13 
4 alleles
0.0% missing data
 115   (0.385) 0.385 0.439 
 113   (0.389) 0.389 0.392 
 108   (0.210) 0.210 0.167 
 109   (0.017) 0.016 0.002 

Locus 14 : 14 
5 alleles
0.0% missing data
 227   (0.077) 0.076 0.264 
 231   (0.143) 0.144 0.041 
 225   (0.136) 0.136 0.082 
 229   (0.578) 0.579 0.587 
 233   (0.066) 0.065 0.026 

Locus 15 : 15 
4 alleles
0.0% missing data
 143   (0.805) 0.806 0.917 
 147   (0.074) 0.074 0.057 
 145   (0.103) 0.104 0.025 
 133   (0.017) 0.017 0.002 

Locus 16 : 16 
4 alleles
0.0% missing data
 158   (0.520) 0.520 0.670 
 156   (0.233) 0.232 0.223 
 160   (0.132) 0.131 0.091 
 154   (0.115) 0.116 0.015 

Locus 17 : 17 
5 alleles
0.0% missing data
  90   (0.612) 0.612 0.816 
 100   (0.049) 0.049 0.008 
  88   (0.082) 0.082 0.012 
 102   (0.240) 0.240 0.158 
 104   (0.017) 0.016 0.006 

Locus 18 : 18 
7 alleles
0.0% missing data
 148   (0.101) 0.100 0.075 
 150   (0.065) 0.064 0.121 
 127   (0.265) 0.265 0.406 
 140   (0.283) 0.284 0.239 
 138   (0.064) 0.064 0.041 
 142   (0.123) 0.124 0.053 
 146   (0.100) 0.100 0.064 

Locus 19 : 19 
5 alleles
0.0% missing data
 188   (0.199) 0.198 0.191 
 194   (0.598) 0.600 0.531 
 200   (0.103) 0.103 0.099 
 190   (0.083) 0.082 0.178 
 202   (0.017) 0.016 0.002 

Locus 20 : 20 
6 alleles
1.1% missing data
 252   (0.697) 0.699 0.841 
 246   (0.087) 0.087 0.049 
 254   (0.086) 0.086 0.051 
 248   (0.055) 0.055 0.012 
 244   (0.031) 0.030 0.012 
 250   (0.043) 0.042 0.036 

Locus 21 : 21 
7 alleles
0.0% missing data
 167   (0.182) 0.183 0.081 
 173   (0.181) 0.180 0.580 
 175   (0.122) 0.122 0.077 
 177   (0.351) 0.352 0.238 
 165   (0.049) 0.049 0.007 
 159   (0.074) 0.074 0.008 
 163   (0.040) 0.040 0.009 

Locus 22 : 22 
9 alleles
1.1% missing data
 152   (0.388) 0.388 0.711 
 166   (0.158) 0.159 0.062 
 146   (0.221) 0.221 0.187 
 158   (0.112) 0.113 0.017 
 162   (0.033) 0.033 0.004 
 142   (0.023) 0.023 0.011 
 150   (0.032) 0.032 0.005 
 148   (0.017) 0.016 0.002 
 164   (0.016) 0.016 0.002 

Locus 23 : 23 
7 alleles
0.0% missing data
 154   (0.536) 0.538 0.496 
 158   (0.033) 0.033 0.003 
 156   (0.164) 0.165 0.089 
 144   (0.142) 0.141 0.298 
 160   (0.085) 0.084 0.109 
 152   (0.016) 0.016 0.003 
 146   (0.024) 0.024 0.002 

Locus 24 : 24 
4 alleles
1.1% missing data
  81   (0.441) 0.442 0.356 
  83   (0.395) 0.395 0.490 
  85   (0.092) 0.091 0.082 
  77   (0.072) 0.071 0.071 

Locus 25 : 25 
6 alleles
0.0% missing data
 124   (0.527) 0.527 0.658 
 132   (0.260) 0.260 0.253 
 122   (0.138) 0.138 0.079 
 120   (0.025) 0.025 0.003 
 126   (0.033) 0.033 0.005 
 136   (0.017) 0.017 0.002 

Locus 26 : 26 
6 alleles
0.0% missing data
 179   (0.128) 0.128 0.041 
 165   (0.239) 0.238 0.324 
 183   (0.368) 0.369 0.329 
 181   (0.089) 0.089 0.013 
 175   (0.159) 0.158 0.291 
 157   (0.017) 0.017 0.002 

Locus 27 : 27 
4 alleles
0.0% missing data
 142   (0.602) 0.603 0.739 
 148   (0.221) 0.222 0.140 
 150   (0.133) 0.133 0.074 
 138   (0.043) 0.042 0.046 

Locus 28 : 28 
5 alleles
0.0% missing data
 260   (0.390) 0.390 0.484 
 262   (0.444) 0.445 0.430 
 256   (0.119) 0.119 0.069 
 258   (0.025) 0.025 0.002 
 264   (0.021) 0.020 0.015 

Locus 29 : 29 
5 alleles
0.0% missing data
 150   (0.364) 0.364 0.547 
 146   (0.298) 0.298 0.287 
 140   (0.227) 0.228 0.106 
 152   (0.063) 0.062 0.032 
 148   (0.048) 0.048 0.028 

Locus 30 : 30 
5 alleles
0.0% missing data
 125   (0.384) 0.386 0.130 
 129   (0.346) 0.345 0.565 
 123   (0.132) 0.131 0.250 
 131   (0.054) 0.054 0.015 
 127   (0.085) 0.084 0.040 

Locus 31 : 31 
5 alleles
0.0% missing data
 155   (0.606) 0.609 0.384 
 159   (0.167) 0.166 0.296 
 157   (0.111) 0.110 0.214 
 151   (0.041) 0.041 0.005 
 153   (0.075) 0.074 0.100 

Locus 32 : 32 
5 alleles
0.0% missing data
 146   (0.371) 0.372 0.349 
 150   (0.494) 0.495 0.600 
 148   (0.061) 0.061 0.019 
 152   (0.028) 0.027 0.017 
 154   (0.046) 0.045 0.014 

Locus 33 : 33 
6 alleles
0.0% missing data
 184   (0.123) 0.122 0.300 
 192   (0.164) 0.164 0.115 
 180   (0.489) 0.491 0.394 
 196   (0.093) 0.092 0.145 
 198   (0.093) 0.094 0.019 
 190   (0.038) 0.038 0.027 

Locus 34 : 34 
5 alleles
0.0% missing data
 106   (0.228) 0.227 0.404 
 112   (0.351) 0.351 0.399 
 108   (0.151) 0.151 0.123 
  90   (0.040) 0.040 0.010 
 110   (0.230) 0.231 0.064 

Locus 35 : 35 
8 alleles
0.0% missing data
 172   (0.290) 0.290 0.433 
 178   (0.047) 0.047 0.009 
 174   (0.179) 0.179 0.127 
 176   (0.093) 0.093 0.017 
 170   (0.227) 0.228 0.281 
 186   (0.035) 0.034 0.045 
 168   (0.070) 0.070 0.030 
 166   (0.059) 0.059 0.058 

Locus 36 : 36 
5 alleles
0.0% missing data
  89   (0.538) 0.538 0.730 
  83   (0.190) 0.190 0.107 
  95   (0.050) 0.050 0.049 
  81   (0.070) 0.070 0.018 
  85   (0.152) 0.153 0.096 

Locus 37 : 37 
8 alleles
0.0% missing data
 161   (0.344) 0.345 0.242 
 173   (0.252) 0.252 0.264 
 165   (0.203) 0.203 0.279 
 155   (0.039) 0.039 0.006 
 169   (0.110) 0.109 0.188 
 168   (0.016) 0.016 0.002 
 175   (0.020) 0.019 0.017 
 159   (0.016) 0.016 0.002 

Locus 38 : 38 
5 alleles
0.0% missing data
  81   (0.130) 0.130 0.037 
  89   (0.375) 0.374 0.561 
  85   (0.194) 0.194 0.265 
  91   (0.210) 0.211 0.094 
  87   (0.091) 0.091 0.043 

Locus 39 : 39 
3 alleles
1.1% missing data
 167   (0.749) 0.750 0.833 
 161   (0.208) 0.208 0.130 
 165   (0.043) 0.042 0.038 

Locus 40 : 40 
5 alleles
1.1% missing data
 228   (0.390) 0.390 0.483 
 236   (0.103) 0.103 0.040 
 238   (0.325) 0.326 0.320 
 240   (0.156) 0.156 0.154 
 224   (0.025) 0.025 0.003 

Locus 41 : 41 
7 alleles
0.0% missing data
 128   (0.108) 0.107 0.160 
 130   (0.517) 0.518 0.495 
 118   (0.045) 0.044 0.044 
 132   (0.102) 0.101 0.244 
 114   (0.048) 0.048 0.007 
 134   (0.165) 0.166 0.048 
 136   (0.016) 0.016 0.002 

Locus 42 : 42 
5 alleles
2.2% missing data
 104   (0.447) 0.448 0.452 
  92   (0.129) 0.129 0.071 
 102   (0.194) 0.193 0.341 
  98   (0.126) 0.125 0.113 
  96   (0.105) 0.105 0.023 

Locus 43 : 43 
5 alleles
4.3% missing data
 103   (0.269) 0.269 0.418 
  97   (0.026) 0.026 0.003 
 101   (0.237) 0.236 0.272 
  95   (0.278) 0.278 0.209 
  99   (0.190) 0.191 0.098 

Locus 44 : 44 
5 alleles
0.0% missing data
 181   (0.476) 0.476 0.712 
 191   (0.352) 0.353 0.200 
 179   (0.081) 0.082 0.010 
 177   (0.069) 0.068 0.050 
 193   (0.022) 0.021 0.028 

Locus 45 : 45 
6 alleles
2.2% missing data
 205   (0.541) 0.542 0.576 
 207   (0.112) 0.111 0.140 
 211   (0.224) 0.224 0.248 
 215   (0.041) 0.041 0.006 
 201   (0.058) 0.058 0.026 
 202   (0.025) 0.024 0.004 

Locus 46 : 46 
10 alleles
1.1% missing data
 142   (0.259) 0.259 0.592 
 158   (0.168) 0.169 0.070 
 164   (0.065) 0.065 0.025 
 168   (0.169) 0.170 0.078 
 144   (0.076) 0.076 0.032 
 166   (0.130) 0.130 0.156 
 170   (0.024) 0.024 0.005 
 162   (0.062) 0.062 0.031 
 160   (0.016) 0.016 0.002 
 156   (0.030) 0.030 0.010 

Locus 47 : 47 
6 alleles
6.5% missing data
 145   (0.254) 0.255 0.149 
 149   (0.285) 0.284 0.416 
 151   (0.169) 0.169 0.131 
 153   (0.215) 0.214 0.295 
 147   (0.044) 0.044 0.005 
 143   (0.035) 0.035 0.004 

Values of parameters used in structure:
DATAFILE=subw2.str,	OUTFILE=k2/subw2_k2_run6,	NUMINDS=93,	NUMLOCI=47,	MISSING=-9,	LABEL=1,	POPDATA=1,	POPFLAG=0,	PHENOTYPE=0,	EXTRACOLS=0,	MAXPOPS=2,	BURNIN=500000,	NUMREPS=750000,	USEPOPINFO=0,	INFERALPHA=1,	INFERLAMBDA=0,	POPSPECIFICLAMBDA=0,	POPALPHAS=0,	COMPUTEPROB=1,	NOADMIX=0,	ADMBURNIN=500,	UPDATEFREQ=100,	PRINTLIKES=0,	INTERMEDSAVE=0,	PRINTKLD=0,	PRINTNET=1,	PRINTLAMBDA=1,	ANCESTDIST=0,	NUMBOXES=1000,	ANCESTPINT=0.90000,	GENSBACK=2,	MIGRPRIOR=0.01000,	PRINTQHAT=0,	PRINTQSUM=1,	ALPHA=1.0000,	FREQSCORR=1,	FPRIORMEAN=0.0100,	FPRIORSD=0.0500,	ONEFST=0,	LAMBDA=1.0000,	UNIFPRIORALPHA=1,	ALPHAMAX=10.0000,	ALPHAPRIORA=1.0000,	ALPHAPRIORB=2.0000,	ALPHAPROPSD=0.0250,	STARTATPOPINFO=0,	RANDOMIZE=0,	LINKAGE=0,	METROFREQ=10,	REPORTHITRATE=0,	MARKOVPHASE=0,	PHASED=1,	PLOIDY=2,	PHASEINFO=0	LOCPRIOR=0, 	LOCPRIORINIT=1.000000, 	LOCDATA=0, 	LOCISPOP=1, 	LOCPRIORSTEP=0.100000, 	MAXLOCPRIOR=20.000000, 	SEED=608702,	
[STRAT parameters]:    NUMSIMSTATS=1000,	PHENOTYPECOL=-9,	POOLFREQ=10,	LOCUSxONLY=0,	EMERROR=0.00100,	MISSINGPHENO=-9,	