

----------------------------------------------------
STRUCTURE by Pritchard, Stephens and Donnelly (2000)
     and Falush, Stephens and Pritchard (2003)
       Code by Pritchard, Falush and Hubisz
             Version 2.3.4 (Jul 2012)
----------------------------------------------------



Command line arguments:   structure -D 334910 -K 5 -m mainparams -o k5/subw2_k5_run8 
Input File:    subw2.str

Run parameters:
   93 individuals
   47 loci
   5 populations assumed
   500000 Burn-in period
   750000 Reps
RANDOMIZE turned off


--------------------------------------------
Proportion of membership of each pre-defined
 population in each of the 5 clusters

Given    Inferred Clusters                     Number of
 Pop       1      2      3      4      5      Individuals

  1:     0.089  0.007  0.154  0.420  0.330       10
  2:     0.245  0.133  0.036  0.305  0.282       24
  3:     0.460  0.038  0.014  0.199  0.289       11
  4:     0.691  0.054  0.021  0.146  0.088       18
  5:     0.130  0.009  0.025  0.470  0.366       25
  6:     0.046  0.009  0.210  0.215  0.520        5
--------------------------------------------

Allele-freq. divergence among pops (Net nucleotide distance),
computed using point estimates of P.

      1       2       3       4       5      
 1      -    0.0632  0.0704  0.0121  0.0149  
 2   0.0632     -    0.1492  0.0662  0.0690  
 3   0.0704  0.1492     -    0.0645  0.0672  
 4   0.0121  0.0662  0.0645     -    0.0013  
 5   0.0149  0.0690  0.0672  0.0013     -    

Average distances (expected heterozygosity) between individuals in same cluster:
cluster  1  : 0.5914 
cluster  2  : 0.4671 
cluster  3  : 0.4871 
cluster  4  : 0.6473 
cluster  5  : 0.6345 

--------------------------------------------
Estimated Ln Prob of Data   = -10798.9
Mean value of ln likelihood = -10180.9
Variance of ln likelihood   = 1236.2
Mean value of alpha         = 0.0460

Mean value of Fst_1         = 0.0661
Mean value of Fst_2         = 0.3595
Mean value of Fst_3         = 0.3653
Mean value of Fst_4         = 0.0076
Mean value of Fst_5         = 0.0249


Inferred ancestry of individuals:
        Label (%Miss) Pop:  Inferred clusters
  1      435    (2)    1 :  0.164 0.015 0.236 0.425 0.160 
  2      188    (0)    1 :  0.019 0.008 0.014 0.711 0.248 
  3      117    (0)    1 :  0.159 0.011 0.016 0.331 0.483 
  4      142    (0)    1 :  0.018 0.007 0.074 0.280 0.622 
  5      189    (0)    1 :  0.048 0.003 0.101 0.630 0.218 
  6      216    (0)    1 :  0.003 0.002 0.990 0.003 0.002 
  7      115    (0)    1 :  0.107 0.007 0.014 0.547 0.324 
  8       10    (0)    1 :  0.012 0.011 0.039 0.291 0.647 
  9      344    (0)    1 :  0.011 0.005 0.048 0.499 0.437 
 10       25    (0)    1 :  0.354 0.004 0.007 0.480 0.155 
 11      751    (4)    2 :  0.032 0.021 0.007 0.206 0.735 
 12      495    (2)    2 :  0.897 0.003 0.077 0.014 0.009 
 13      788    (2)    2 :  0.006 0.008 0.050 0.518 0.418 
 14      756    (0)    2 :  0.767 0.082 0.021 0.080 0.050 
 15      783    (2)    2 :  0.269 0.006 0.009 0.207 0.509 
 16      765    (0)    2 :  0.003 0.991 0.002 0.002 0.002 
 17      795    (4)    2 :  0.020 0.008 0.038 0.398 0.537 
 18      782    (4)    2 :  0.021 0.043 0.006 0.435 0.495 
 19      442    (0)    2 :  0.008 0.004 0.082 0.684 0.221 
 20      791    (2)    2 :  0.015 0.007 0.029 0.612 0.338 
 21      500    (0)    2 :  0.168 0.709 0.041 0.037 0.045 
 22      774    (0)    2 :  0.497 0.006 0.007 0.315 0.175 
 23      501    (0)    2 :  0.013 0.013 0.016 0.509 0.448 
 24      793    (0)    2 :  0.015 0.014 0.030 0.450 0.491 
 25      785    (2)    2 :  0.902 0.065 0.014 0.010 0.010 
 26      515    (0)    2 :  0.929 0.005 0.009 0.030 0.027 
 27      772    (2)    2 :  0.137 0.044 0.009 0.248 0.561 
 28      755    (4)    2 :  0.911 0.017 0.009 0.028 0.035 
 29      759    (0)    2 :  0.003 0.991 0.002 0.002 0.002 
 30      789    (2)    2 :  0.012 0.015 0.012 0.208 0.753 
 31      512    (0)    2 :  0.039 0.010 0.030 0.622 0.299 
 32      498    (0)    2 :  0.079 0.073 0.036 0.591 0.221 
 33      499    (0)    2 :  0.116 0.057 0.015 0.597 0.213 
 34      753    (2)    2 :  0.013 0.003 0.301 0.520 0.164 
 35      455    (0)    3 :  0.954 0.010 0.017 0.012 0.007 
 36      458    (0)    3 :  0.462 0.033 0.009 0.306 0.190 
 37      464    (2)    3 :  0.024 0.023 0.023 0.267 0.662 
 38      466    (0)    3 :  0.943 0.023 0.008 0.014 0.011 
 39      465    (0)    3 :  0.975 0.006 0.004 0.008 0.008 
 40      169    (2)    3 :  0.065 0.006 0.005 0.239 0.686 
 41      479    (0)    3 :  0.725 0.028 0.006 0.081 0.160 
 42      178    (2)    3 :  0.008 0.007 0.005 0.180 0.800 
 43      505    (0)    3 :  0.026 0.099 0.032 0.522 0.320 
 44      510    (0)    3 :  0.027 0.100 0.032 0.524 0.318 
 45      509    (0)    3 :  0.855 0.083 0.008 0.032 0.021 
 46      475    (0)    4 :  0.449 0.005 0.009 0.399 0.139 
 47      445    (0)    4 :  0.316 0.005 0.024 0.517 0.137 
 48      451    (0)    4 :  0.145 0.039 0.011 0.605 0.199 
 49      478    (0)    4 :  0.237 0.662 0.007 0.062 0.033 
 50      484    (0)    4 :  0.973 0.004 0.004 0.010 0.009 
 51      444    (0)    4 :  0.957 0.019 0.003 0.010 0.010 
 52      928    (0)    4 :  0.898 0.048 0.012 0.025 0.017 
 53      519    (0)    4 :  0.961 0.006 0.009 0.014 0.010 
 54      524    (0)    4 :  0.058 0.024 0.009 0.424 0.485 
 55      453    (0)    4 :  0.978 0.005 0.005 0.006 0.007 
 56      467    (2)    4 :  0.939 0.019 0.003 0.021 0.018 
 57      191    (0)    4 :  0.885 0.017 0.014 0.047 0.037 
 58      476    (0)    4 :  0.157 0.038 0.217 0.272 0.316 
 59      766    (0)    4 :  0.962 0.006 0.006 0.014 0.013 
 60      490    (0)    4 :  0.799 0.012 0.011 0.096 0.082 
 61      459    (0)    4 :  0.842 0.012 0.010 0.078 0.058 
 62      441    (0)    4 :  0.921 0.043 0.011 0.013 0.012 
 63      518    (0)    4 :  0.961 0.013 0.008 0.010 0.009 
 64      383    (0)    5 :  0.006 0.006 0.039 0.324 0.626 
 65       98    (4)    5 :  0.076 0.009 0.007 0.578 0.331 
 66      371    (0)    5 :  0.041 0.005 0.004 0.440 0.510 
 67      437    (0)    5 :  0.011 0.003 0.022 0.240 0.723 
 68      388    (0)    5 :  0.778 0.013 0.009 0.101 0.098 
 69      375    (0)    5 :  0.031 0.011 0.017 0.727 0.215 
 70      378    (0)    5 :  0.081 0.018 0.201 0.538 0.162 
 71      354    (0)    5 :  0.907 0.006 0.049 0.025 0.013 
 72      183    (0)    5 :  0.013 0.026 0.006 0.339 0.615 
 73      384    (0)    5 :  0.009 0.005 0.020 0.736 0.231 
 74      389    (0)    5 :  0.087 0.004 0.018 0.358 0.533 
 75      151    (0)    5 :  0.032 0.008 0.007 0.729 0.223 
 76      107    (4)    5 :  0.009 0.018 0.004 0.179 0.789 
 77       37    (0)    5 :  0.026 0.008 0.006 0.784 0.176 
 78      438    (0)    5 :  0.014 0.007 0.019 0.233 0.727 
 79      380    (0)    5 :  0.014 0.008 0.020 0.746 0.213 
 80      180    (0)    5 :  0.656 0.012 0.022 0.134 0.176 
 81       64    (2)    5 :  0.050 0.006 0.019 0.458 0.467 
 82      198    (0)    5 :  0.285 0.013 0.064 0.397 0.241 
 83      382    (0)    5 :  0.007 0.010 0.003 0.813 0.166 
 84      386    (0)    5 :  0.025 0.004 0.004 0.314 0.652 
 85      385    (0)    5 :  0.009 0.004 0.028 0.696 0.263 
 86      131    (2)    5 :  0.018 0.006 0.007 0.791 0.179 
 87      179    (0)    5 :  0.043 0.011 0.031 0.688 0.227 
 88      372    (0)    5 :  0.019 0.009 0.009 0.369 0.594 
 89      426    (0)    6 :  0.015 0.015 0.009 0.197 0.764 
 90      434    (0)    6 :  0.180 0.006 0.010 0.271 0.534 
 91      432    (0)    6 :  0.018 0.008 0.025 0.261 0.688 
 92      433    (2)    6 :  0.015 0.015 0.014 0.344 0.612 
 93      427    (0)    6 :  0.002 0.002 0.991 0.003 0.002 


Estimated Allele Frequencies in each cluster
First column gives estimated ancestral frequencies


Locus 1 : 1 
4 alleles
0.0% missing data
  89   (0.570) 0.517 0.533 0.516 0.577 0.564 
  91   (0.361) 0.430 0.453 0.123 0.361 0.370 
  93   (0.044) 0.048 0.009 0.355 0.038 0.030 
  99   (0.024) 0.005 0.005 0.006 0.024 0.036 

Locus 2 : 2 
6 alleles
3.2% missing data
 136   (0.375) 0.141 0.097 0.146 0.402 0.404 
 138   (0.313) 0.446 0.192 0.479 0.307 0.315 
 134   (0.178) 0.235 0.460 0.344 0.168 0.157 
 140   (0.067) 0.035 0.236 0.015 0.064 0.073 
 132   (0.030) 0.010 0.006 0.008 0.028 0.031 
 142   (0.036) 0.132 0.010 0.008 0.031 0.020 

Locus 3 : 3 
6 alleles
0.0% missing data
 179   (0.253) 0.259 0.385 0.112 0.254 0.258 
 185   (0.094) 0.133 0.022 0.042 0.092 0.112 
 181   (0.245) 0.264 0.450 0.087 0.245 0.203 
 175   (0.088) 0.082 0.074 0.035 0.085 0.077 
 187   (0.294) 0.255 0.065 0.717 0.300 0.317 
 191   (0.026) 0.006 0.005 0.007 0.025 0.033 

Locus 4 : 4 
8 alleles
0.0% missing data
 241   (0.190) 0.169 0.094 0.723 0.187 0.161 
 271   (0.027) 0.007 0.005 0.059 0.027 0.016 
 253   (0.430) 0.381 0.811 0.117 0.441 0.512 
 269   (0.223) 0.368 0.063 0.069 0.221 0.187 
 247   (0.082) 0.060 0.019 0.022 0.082 0.094 
 245   (0.016) 0.007 0.003 0.003 0.013 0.009 
 273   (0.016) 0.004 0.003 0.003 0.014 0.013 
 249   (0.016) 0.004 0.003 0.003 0.015 0.008 

Locus 5 : 5 
6 alleles
1.1% missing data
 103   (0.823) 0.918 0.966 0.960 0.822 0.778 
 105   (0.049) 0.014 0.010 0.013 0.051 0.064 
 104   (0.070) 0.055 0.014 0.016 0.073 0.127 
 102   (0.024) 0.005 0.004 0.005 0.023 0.013 
 107   (0.017) 0.004 0.003 0.003 0.015 0.009 
 101   (0.017) 0.004 0.003 0.003 0.015 0.009 

Locus 6 : 6 
5 alleles
0.0% missing data
 141   (0.275) 0.198 0.073 0.500 0.280 0.260 
 145   (0.445) 0.504 0.872 0.418 0.442 0.456 
 135   (0.198) 0.249 0.039 0.060 0.198 0.193 
 147   (0.061) 0.042 0.012 0.017 0.060 0.068 
 137   (0.022) 0.008 0.004 0.005 0.020 0.023 

Locus 7 : 7 
9 alleles
2.2% missing data
  93   (0.233) 0.236 0.308 0.425 0.232 0.205 
 103   (0.242) 0.339 0.514 0.070 0.243 0.304 
  89   (0.103) 0.134 0.022 0.026 0.102 0.083 
  91   (0.068) 0.024 0.063 0.020 0.069 0.062 
  97   (0.183) 0.139 0.049 0.416 0.187 0.189 
  83   (0.094) 0.077 0.025 0.026 0.095 0.099 
  85   (0.045) 0.044 0.013 0.010 0.043 0.033 
 105   (0.016) 0.003 0.003 0.005 0.014 0.009 
 101   (0.016) 0.003 0.003 0.003 0.014 0.017 

Locus 8 : 8 
7 alleles
0.0% missing data
 129   (0.547) 0.718 0.793 0.864 0.545 0.555 
 143   (0.232) 0.163 0.156 0.085 0.238 0.247 
 127   (0.023) 0.005 0.005 0.005 0.022 0.019 
 149   (0.100) 0.057 0.026 0.024 0.102 0.107 
 141   (0.059) 0.048 0.012 0.013 0.057 0.046 
 133   (0.022) 0.005 0.004 0.006 0.021 0.018 
 131   (0.016) 0.004 0.003 0.003 0.015 0.009 

Locus 9 : 9 
4 alleles
0.0% missing data
 189   (0.461) 0.461 0.560 0.506 0.460 0.422 
 191   (0.377) 0.273 0.099 0.122 0.393 0.442 
 195   (0.145) 0.262 0.337 0.368 0.132 0.123 
 197   (0.017) 0.004 0.004 0.003 0.014 0.013 

Locus 10 : 10 
6 alleles
0.0% missing data
 238   (0.579) 0.722 0.894 0.552 0.577 0.545 
 232   (0.255) 0.174 0.063 0.382 0.261 0.281 
 254   (0.024) 0.005 0.004 0.007 0.024 0.036 
 250   (0.022) 0.005 0.004 0.006 0.020 0.024 
 252   (0.098) 0.089 0.031 0.038 0.096 0.102 
 248   (0.023) 0.005 0.004 0.015 0.022 0.013 

Locus 11 : 11 
4 alleles
1.1% missing data
  87   (0.706) 0.809 0.883 0.883 0.705 0.724 
  89   (0.229) 0.156 0.053 0.100 0.236 0.218 
  85   (0.017) 0.004 0.003 0.004 0.015 0.016 
  91   (0.048) 0.030 0.061 0.013 0.045 0.042 

Locus 12 : 12 
11 alleles
1.1% missing data
 161   (0.116) 0.128 0.027 0.040 0.117 0.096 
 162   (0.220) 0.184 0.486 0.089 0.228 0.292 
 147   (0.058) 0.054 0.012 0.358 0.053 0.037 
 160   (0.256) 0.311 0.111 0.139 0.263 0.237 
 170   (0.047) 0.020 0.015 0.276 0.043 0.044 
 154   (0.028) 0.007 0.005 0.007 0.029 0.018 
 158   (0.179) 0.220 0.274 0.046 0.179 0.204 
 143   (0.028) 0.006 0.005 0.009 0.029 0.022 
 149   (0.036) 0.036 0.060 0.028 0.031 0.029 
 153   (0.015) 0.003 0.003 0.004 0.014 0.012 
 159   (0.017) 0.032 0.003 0.004 0.013 0.008 

Locus 13 : 13 
4 alleles
0.0% missing data
 115   (0.422) 0.377 0.511 0.523 0.425 0.388 
 113   (0.366) 0.423 0.440 0.427 0.362 0.386 
 108   (0.196) 0.195 0.045 0.047 0.198 0.217 
 109   (0.016) 0.005 0.004 0.004 0.014 0.009 

Locus 14 : 14 
5 alleles
0.0% missing data
 227   (0.128) 0.287 0.075 0.073 0.123 0.089 
 231   (0.123) 0.036 0.033 0.071 0.131 0.120 
 225   (0.121) 0.105 0.027 0.385 0.116 0.092 
 229   (0.573) 0.545 0.851 0.446 0.576 0.630 
 233   (0.055) 0.027 0.013 0.025 0.054 0.069 

Locus 15 : 15 
4 alleles
0.0% missing data
 143   (0.828) 0.894 0.956 0.958 0.830 0.830 
 147   (0.073) 0.077 0.016 0.017 0.070 0.060 
 145   (0.083) 0.025 0.025 0.021 0.086 0.096 
 133   (0.016) 0.004 0.003 0.003 0.014 0.013 

Locus 16 : 16 
4 alleles
0.0% missing data
 158   (0.583) 0.631 0.856 0.538 0.580 0.523 
 156   (0.225) 0.203 0.103 0.067 0.229 0.292 
 160   (0.114) 0.149 0.025 0.053 0.111 0.094 
 154   (0.079) 0.017 0.015 0.342 0.081 0.091 

Locus 17 : 17 
5 alleles
0.0% missing data
  90   (0.679) 0.726 0.937 0.896 0.680 0.656 
 100   (0.037) 0.009 0.007 0.009 0.037 0.052 
  88   (0.064) 0.021 0.012 0.028 0.065 0.075 
 102   (0.204) 0.226 0.040 0.064 0.206 0.209 
 104   (0.016) 0.017 0.004 0.004 0.013 0.008 

Locus 18 : 18 
7 alleles
0.0% missing data
 148   (0.079) 0.092 0.048 0.467 0.073 0.055 
 150   (0.071) 0.153 0.017 0.023 0.066 0.069 
 127   (0.331) 0.264 0.820 0.109 0.339 0.330 
 140   (0.271) 0.267 0.061 0.327 0.276 0.280 
 138   (0.059) 0.072 0.012 0.020 0.056 0.039 
 142   (0.099) 0.067 0.020 0.034 0.101 0.130 
 146   (0.089) 0.085 0.022 0.022 0.089 0.097 

Locus 19 : 19 
5 alleles
0.0% missing data
 188   (0.214) 0.183 0.284 0.080 0.213 0.188 
 194   (0.564) 0.538 0.172 0.862 0.577 0.615 
 200   (0.098) 0.147 0.027 0.029 0.094 0.076 
 190   (0.108) 0.127 0.514 0.025 0.102 0.107 
 202   (0.016) 0.004 0.003 0.004 0.014 0.014 

Locus 20 : 20 
6 alleles
1.1% missing data
 252   (0.721) 0.849 0.531 0.922 0.728 0.750 
 246   (0.082) 0.027 0.191 0.022 0.083 0.074 
 254   (0.078) 0.027 0.254 0.022 0.077 0.080 
 248   (0.046) 0.021 0.009 0.012 0.045 0.053 
 244   (0.029) 0.026 0.007 0.007 0.026 0.016 
 250   (0.043) 0.050 0.009 0.015 0.041 0.026 

Locus 21 : 21 
7 alleles
0.0% missing data
 167   (0.136) 0.093 0.029 0.380 0.137 0.170 
 173   (0.306) 0.513 0.729 0.115 0.299 0.266 
 175   (0.121) 0.093 0.030 0.038 0.121 0.096 
 177   (0.311) 0.261 0.187 0.099 0.318 0.354 
 165   (0.039) 0.009 0.007 0.013 0.039 0.047 
 159   (0.050) 0.011 0.009 0.346 0.049 0.043 
 163   (0.037) 0.020 0.009 0.009 0.036 0.023 

Locus 22 : 22 
9 alleles
1.1% missing data
 152   (0.452) 0.678 0.816 0.775 0.443 0.446 
 166   (0.143) 0.066 0.039 0.066 0.150 0.128 
 146   (0.203) 0.202 0.049 0.081 0.207 0.245 
 158   (0.088) 0.020 0.018 0.037 0.095 0.099 
 162   (0.030) 0.010 0.006 0.009 0.030 0.019 
 142   (0.023) 0.009 0.062 0.006 0.020 0.013 
 150   (0.029) 0.008 0.005 0.019 0.028 0.029 
 148   (0.016) 0.003 0.003 0.004 0.015 0.008 
 164   (0.016) 0.004 0.003 0.004 0.014 0.014 

Locus 23 : 23 
7 alleles
0.0% missing data
 154   (0.513) 0.556 0.157 0.848 0.516 0.511 
 158   (0.030) 0.006 0.005 0.008 0.030 0.022 
 156   (0.134) 0.080 0.031 0.053 0.140 0.195 
 144   (0.194) 0.214 0.773 0.059 0.190 0.163 
 160   (0.091) 0.131 0.026 0.024 0.088 0.089 
 152   (0.016) 0.008 0.003 0.003 0.014 0.009 
 146   (0.023) 0.005 0.004 0.005 0.022 0.012 

Locus 24 : 24 
4 alleles
1.1% missing data
  81   (0.403) 0.358 0.379 0.806 0.404 0.408 
  83   (0.425) 0.454 0.580 0.142 0.429 0.458 
  85   (0.091) 0.106 0.022 0.023 0.088 0.085 
  77   (0.080) 0.083 0.019 0.029 0.080 0.049 

Locus 25 : 25 
6 alleles
0.0% missing data
 124   (0.544) 0.642 0.448 0.833 0.544 0.591 
 132   (0.263) 0.218 0.515 0.109 0.265 0.264 
 122   (0.124) 0.124 0.025 0.036 0.124 0.102 
 120   (0.023) 0.005 0.004 0.005 0.022 0.017 
 126   (0.030) 0.007 0.006 0.013 0.030 0.017 
 136   (0.016) 0.003 0.003 0.004 0.015 0.009 

Locus 26 : 26 
6 alleles
0.0% missing data
 179   (0.111) 0.050 0.026 0.120 0.114 0.094 
 165   (0.269) 0.289 0.545 0.104 0.266 0.257 
 183   (0.361) 0.295 0.375 0.404 0.366 0.393 
 181   (0.073) 0.017 0.014 0.024 0.077 0.075 
 175   (0.170) 0.346 0.037 0.344 0.162 0.171 
 157   (0.016) 0.004 0.003 0.003 0.015 0.009 

Locus 27 : 27 
4 alleles
0.0% missing data
 142   (0.620) 0.723 0.845 0.586 0.620 0.652 
 148   (0.207) 0.120 0.111 0.356 0.209 0.214 
 150   (0.127) 0.098 0.027 0.046 0.128 0.102 
 138   (0.046) 0.059 0.018 0.012 0.043 0.032 

Locus 28 : 28 
5 alleles
0.0% missing data
 260   (0.414) 0.476 0.555 0.460 0.413 0.394 
 262   (0.443) 0.376 0.414 0.471 0.451 0.492 
 256   (0.104) 0.112 0.024 0.059 0.102 0.084 
 258   (0.022) 0.005 0.004 0.007 0.021 0.021 
 264   (0.018) 0.032 0.004 0.004 0.014 0.008 

Locus 29 : 29 
5 alleles
0.0% missing data
 150   (0.413) 0.471 0.657 0.546 0.411 0.430 
 146   (0.296) 0.310 0.085 0.086 0.303 0.313 
 140   (0.194) 0.162 0.039 0.087 0.198 0.181 
 152   (0.050) 0.017 0.208 0.270 0.044 0.042 
 148   (0.047) 0.040 0.010 0.011 0.045 0.033 

Locus 30 : 30 
5 alleles
0.0% missing data
 125   (0.312) 0.126 0.074 0.374 0.331 0.349 
 129   (0.401) 0.561 0.466 0.525 0.394 0.376 
 123   (0.165) 0.210 0.437 0.049 0.160 0.169 
 131   (0.043) 0.043 0.008 0.013 0.039 0.041 
 127   (0.078) 0.060 0.016 0.039 0.076 0.065 

Locus 31 : 31 
5 alleles
0.0% missing data
 155   (0.534) 0.314 0.539 0.807 0.551 0.613 
 159   (0.208) 0.312 0.368 0.099 0.201 0.157 
 157   (0.141) 0.238 0.067 0.051 0.136 0.127 
 151   (0.034) 0.007 0.007 0.011 0.034 0.038 
 153   (0.082) 0.129 0.020 0.032 0.078 0.065 

Locus 32 : 32 
5 alleles
0.0% missing data
 146   (0.379) 0.347 0.212 0.155 0.387 0.394 
 150   (0.519) 0.581 0.759 0.404 0.518 0.538 
 148   (0.037) 0.023 0.007 0.426 0.032 0.020 
 152   (0.023) 0.037 0.006 0.005 0.019 0.013 
 154   (0.042) 0.011 0.016 0.010 0.043 0.034 

Locus 33 : 33 
6 alleles
0.0% missing data
 184   (0.184) 0.257 0.432 0.048 0.179 0.167 
 192   (0.142) 0.149 0.070 0.377 0.137 0.126 
 180   (0.466) 0.373 0.435 0.522 0.475 0.486 
 196   (0.112) 0.164 0.036 0.029 0.110 0.086 
 198   (0.058) 0.016 0.012 0.014 0.064 0.108 
 190   (0.039) 0.042 0.015 0.010 0.035 0.026 

Locus 34 : 34 
5 alleles
0.0% missing data
 106   (0.292) 0.378 0.400 0.097 0.290 0.283 
 112   (0.347) 0.390 0.266 0.804 0.344 0.339 
 108   (0.150) 0.118 0.287 0.043 0.147 0.143 
  90   (0.036) 0.029 0.007 0.008 0.033 0.019 
 110   (0.176) 0.084 0.040 0.047 0.186 0.216 

Locus 35 : 35 
8 alleles
0.0% missing data
 172   (0.314) 0.376 0.650 0.126 0.318 0.366 
 178   (0.040) 0.015 0.009 0.061 0.040 0.031 
 174   (0.163) 0.120 0.185 0.340 0.162 0.164 
 176   (0.079) 0.022 0.016 0.037 0.085 0.063 
 170   (0.253) 0.270 0.106 0.393 0.253 0.243 
 186   (0.030) 0.075 0.006 0.011 0.026 0.017 
 168   (0.063) 0.047 0.014 0.017 0.061 0.057 
 166   (0.058) 0.074 0.016 0.015 0.055 0.059 

Locus 36 : 36 
5 alleles
0.0% missing data
  89   (0.570) 0.679 0.851 0.875 0.567 0.580 
  83   (0.168) 0.149 0.040 0.042 0.169 0.171 
  95   (0.054) 0.063 0.047 0.012 0.049 0.041 
  81   (0.063) 0.015 0.018 0.026 0.065 0.053 
  85   (0.146) 0.094 0.044 0.045 0.149 0.156 

Locus 37 : 37 
8 alleles
0.0% missing data
 161   (0.315) 0.278 0.082 0.110 0.327 0.343 
 173   (0.238) 0.319 0.086 0.450 0.234 0.228 
 165   (0.239) 0.200 0.598 0.075 0.242 0.233 
 155   (0.024) 0.007 0.004 0.320 0.020 0.013 
 169   (0.135) 0.182 0.034 0.034 0.136 0.151 
 168   (0.016) 0.007 0.003 0.003 0.013 0.009 
 175   (0.016) 0.003 0.189 0.003 0.013 0.008 
 159   (0.016) 0.003 0.003 0.004 0.014 0.015 

Locus 38 : 38 
5 alleles
0.0% missing data
  81   (0.113) 0.053 0.023 0.086 0.117 0.093 
  89   (0.423) 0.478 0.865 0.135 0.425 0.458 
  85   (0.226) 0.264 0.060 0.399 0.223 0.196 
  91   (0.160) 0.119 0.036 0.357 0.160 0.196 
  87   (0.078) 0.086 0.015 0.023 0.075 0.057 

Locus 39 : 39 
3 alleles
1.1% missing data
 167   (0.770) 0.850 0.549 0.636 0.773 0.816 
 161   (0.192) 0.086 0.444 0.354 0.194 0.156 
 165   (0.038) 0.064 0.008 0.010 0.033 0.029 

Locus 40 : 40 
5 alleles
1.1% missing data
 228   (0.409) 0.456 0.410 0.505 0.410 0.435 
 236   (0.081) 0.072 0.016 0.308 0.076 0.060 
 238   (0.331) 0.309 0.309 0.125 0.337 0.335 
 240   (0.156) 0.158 0.260 0.056 0.154 0.157 
 224   (0.023) 0.005 0.004 0.005 0.023 0.013 

Locus 41 : 41 
7 alleles
0.0% missing data
 128   (0.130) 0.074 0.649 0.042 0.129 0.116 
 130   (0.505) 0.490 0.221 0.603 0.515 0.565 
 118   (0.041) 0.069 0.008 0.011 0.036 0.036 
 132   (0.127) 0.284 0.080 0.039 0.120 0.127 
 114   (0.037) 0.011 0.007 0.261 0.033 0.023 
 134   (0.144) 0.069 0.032 0.042 0.151 0.125 
 136   (0.016) 0.003 0.003 0.003 0.015 0.009 

Locus 42 : 42 
5 alleles
2.2% missing data
 104   (0.445) 0.453 0.484 0.470 0.446 0.458 
  92   (0.114) 0.076 0.026 0.028 0.117 0.138 
 102   (0.236) 0.387 0.098 0.060 0.231 0.211 
  98   (0.123) 0.063 0.372 0.403 0.119 0.091 
  96   (0.082) 0.020 0.021 0.038 0.087 0.102 

Locus 43 : 43 
5 alleles
4.3% missing data
 103   (0.300) 0.467 0.304 0.489 0.290 0.246 
  97   (0.024) 0.005 0.005 0.008 0.024 0.015 
 101   (0.266) 0.279 0.255 0.088 0.265 0.232 
  95   (0.264) 0.203 0.069 0.370 0.268 0.293 
  99   (0.145) 0.046 0.367 0.045 0.154 0.214 

Locus 44 : 44 
5 alleles
0.0% missing data
 181   (0.578) 0.658 0.630 0.213 0.580 0.564 
 191   (0.279) 0.246 0.060 0.741 0.281 0.306 
 179   (0.061) 0.013 0.012 0.020 0.065 0.078 
 177   (0.064) 0.080 0.017 0.023 0.061 0.044 
 193   (0.017) 0.004 0.282 0.004 0.013 0.008 

Locus 45 : 45 
6 alleles
2.2% missing data
 205   (0.525) 0.581 0.426 0.585 0.531 0.593 
 207   (0.126) 0.109 0.442 0.041 0.125 0.080 
 211   (0.239) 0.247 0.107 0.344 0.239 0.228 
 215   (0.037) 0.009 0.007 0.011 0.037 0.029 
 201   (0.050) 0.046 0.013 0.012 0.047 0.047 
 202   (0.023) 0.008 0.005 0.007 0.021 0.023 

Locus 46 : 46 
10 alleles
1.1% missing data
 142   (0.327) 0.555 0.265 0.768 0.323 0.342 
 158   (0.142) 0.108 0.031 0.048 0.146 0.139 
 164   (0.055) 0.055 0.011 0.015 0.051 0.047 
 168   (0.156) 0.076 0.096 0.071 0.164 0.140 
 144   (0.062) 0.016 0.027 0.027 0.066 0.086 
 166   (0.143) 0.139 0.321 0.040 0.141 0.135 
 170   (0.020) 0.005 0.004 0.004 0.019 0.027 
 162   (0.053) 0.014 0.235 0.013 0.051 0.056 
 160   (0.016) 0.003 0.003 0.004 0.014 0.012 
 156   (0.027) 0.029 0.006 0.010 0.023 0.016 

Locus 47 : 47 
6 alleles
6.5% missing data
 145   (0.217) 0.171 0.056 0.482 0.220 0.193 
 149   (0.330) 0.409 0.438 0.078 0.330 0.324 
 151   (0.157) 0.174 0.038 0.039 0.158 0.153 
 153   (0.233) 0.232 0.456 0.385 0.230 0.255 
 147   (0.035) 0.008 0.007 0.010 0.035 0.039 
 143   (0.027) 0.006 0.005 0.005 0.027 0.037 

Values of parameters used in structure:
DATAFILE=subw2.str,	OUTFILE=k5/subw2_k5_run8,	NUMINDS=93,	NUMLOCI=47,	MISSING=-9,	LABEL=1,	POPDATA=1,	POPFLAG=0,	PHENOTYPE=0,	EXTRACOLS=0,	MAXPOPS=5,	BURNIN=500000,	NUMREPS=750000,	USEPOPINFO=0,	INFERALPHA=1,	INFERLAMBDA=0,	POPSPECIFICLAMBDA=0,	POPALPHAS=0,	COMPUTEPROB=1,	NOADMIX=0,	ADMBURNIN=500,	UPDATEFREQ=100,	PRINTLIKES=0,	INTERMEDSAVE=0,	PRINTKLD=0,	PRINTNET=1,	PRINTLAMBDA=1,	ANCESTDIST=0,	NUMBOXES=1000,	ANCESTPINT=0.90000,	GENSBACK=2,	MIGRPRIOR=0.01000,	PRINTQHAT=0,	PRINTQSUM=1,	ALPHA=1.0000,	FREQSCORR=1,	FPRIORMEAN=0.0100,	FPRIORSD=0.0500,	ONEFST=0,	LAMBDA=1.0000,	UNIFPRIORALPHA=1,	ALPHAMAX=10.0000,	ALPHAPRIORA=1.0000,	ALPHAPRIORB=2.0000,	ALPHAPROPSD=0.0250,	STARTATPOPINFO=0,	RANDOMIZE=0,	LINKAGE=0,	METROFREQ=10,	REPORTHITRATE=0,	MARKOVPHASE=0,	PHASED=1,	PLOIDY=2,	PHASEINFO=0	LOCPRIOR=0, 	LOCPRIORINIT=1.000000, 	LOCDATA=0, 	LOCISPOP=1, 	LOCPRIORSTEP=0.100000, 	MAXLOCPRIOR=20.000000, 	SEED=334910,	
[STRAT parameters]:    NUMSIMSTATS=1000,	PHENOTYPECOL=-9,	POOLFREQ=10,	LOCUSxONLY=0,	EMERROR=0.00100,	MISSINGPHENO=-9,	