

----------------------------------------------------
STRUCTURE by Pritchard, Stephens and Donnelly (2000)
     and Falush, Stephens and Pritchard (2003)
       Code by Pritchard, Falush and Hubisz
             Version 2.3.4 (Jul 2012)
----------------------------------------------------



Command line arguments:   structure -D 980982 -K 12 -m mainparams -o k12/temp1_k12_run3 
Input File:    temp1.str

Run parameters:
   395 individuals
   47 loci
   12 populations assumed
   500000 Burn-in period
   750000 Reps
RANDOMIZE turned off


--------------------------------------------
Proportion of membership of each pre-defined
 population in each of the 12 clusters

Given    Inferred Clusters                                                                      Number of
 Pop       1      2      3      4      5      6      7      8      9     10     11     12      Individuals

  1:     0.008  0.005  0.004  0.003  0.004  0.949  0.006  0.005  0.004  0.004  0.004  0.005       62
  2:     0.003  0.012  0.779  0.130  0.011  0.003  0.005  0.013  0.012  0.011  0.010  0.012       79
  3:     0.003  0.009  0.879  0.022  0.018  0.002  0.009  0.009  0.009  0.014  0.017  0.009       12
  4:     0.003  0.006  0.208  0.734  0.007  0.002  0.004  0.006  0.006  0.009  0.009  0.006       33
  5:     0.004  0.017  0.011  0.007  0.222  0.014  0.008  0.016  0.016  0.022  0.646  0.018       81
  6:     0.010  0.020  0.682  0.177  0.029  0.003  0.006  0.018  0.018  0.011  0.007  0.017        7
  7:     0.003  0.014  0.010  0.007  0.009  0.004  0.886  0.017  0.016  0.012  0.005  0.016       19
  8:     0.950  0.005  0.003  0.003  0.004  0.006  0.009  0.005  0.004  0.003  0.003  0.005       10
  9:     0.027  0.170  0.012  0.010  0.026  0.016  0.010  0.213  0.187  0.104  0.020  0.203       10
 10:     0.013  0.173  0.041  0.019  0.037  0.023  0.028  0.223  0.175  0.038  0.025  0.207       23
 11:     0.007  0.202  0.013  0.009  0.089  0.007  0.016  0.150  0.235  0.068  0.031  0.172       11
 12:     0.005  0.097  0.054  0.017  0.010  0.006  0.006  0.108  0.146  0.428  0.010  0.114       18
 13:     0.025  0.166  0.035  0.024  0.048  0.105  0.010  0.171  0.165  0.038  0.034  0.177       25
 14:     0.002  0.108  0.020  0.051  0.016  0.004  0.019  0.204  0.133  0.289  0.011  0.143        5
--------------------------------------------

Allele-freq. divergence among pops (Net nucleotide distance),
computed using point estimates of P.

      1       2       3       4       5       6       7       8       9      10      11      12      
 1      -    0.1049  0.1410  0.1422  0.1191  0.1107  0.1302  0.1065  0.1085  0.1324  0.1192  0.1054  
 2   0.1049     -    0.0253  0.0322  0.0157  0.0745  0.0560  0.0007  0.0003  0.0176  0.0193  0.0003  
 3   0.1410  0.0253     -    0.0203  0.0401  0.1242  0.0761  0.0247  0.0260  0.0401  0.0438  0.0251  
 4   0.1422  0.0322  0.0203     -    0.0476  0.1249  0.0810  0.0313  0.0326  0.0475  0.0552  0.0319  
 5   0.1191  0.0157  0.0401  0.0476     -    0.0971  0.0651  0.0161  0.0168  0.0322  0.0170  0.0157  
 6   0.1107  0.0745  0.1242  0.1249  0.0971     -    0.1157  0.0745  0.0769  0.1083  0.0912  0.0738  
 7   0.1302  0.0560  0.0761  0.0810  0.0651  0.1157     -    0.0549  0.0580  0.0689  0.0706  0.0554  
 8   0.1065  0.0007  0.0247  0.0313  0.0161  0.0745  0.0549     -    0.0007  0.0178  0.0209  0.0001  
 9   0.1085  0.0003  0.0260  0.0326  0.0168  0.0769  0.0580  0.0007     -    0.0179  0.0208  0.0003  
10   0.1324  0.0176  0.0401  0.0475  0.0322  0.1083  0.0689  0.0178  0.0179     -    0.0373  0.0176  
11   0.1192  0.0193  0.0438  0.0552  0.0170  0.0912  0.0706  0.0209  0.0208  0.0373     -    0.0200  
12   0.1054  0.0003  0.0251  0.0319  0.0157  0.0738  0.0554  0.0001  0.0003  0.0176  0.0200     -    

Average distances (expected heterozygosity) between individuals in same cluster:
cluster  1  : 0.5431 
cluster  2  : 0.6385 
cluster  3  : 0.5598 
cluster  4  : 0.5529 
cluster  5  : 0.5997 
cluster  6  : 0.6379 
cluster  7  : 0.5482 
cluster  8  : 0.6356 
cluster  9  : 0.6320 
cluster 10  : 0.5856 
cluster 11  : 0.5945 
cluster 12  : 0.6373 

--------------------------------------------
Estimated Ln Prob of Data   = -43473.9
Mean value of ln likelihood = -41744.5
Variance of ln likelihood   = 3458.7
Mean value of alpha         = 0.0322

Mean value of Fst_1         = 0.3056
Mean value of Fst_2         = 0.0411
Mean value of Fst_3         = 0.1270
Mean value of Fst_4         = 0.1393
Mean value of Fst_5         = 0.0950
Mean value of Fst_6         = 0.1764
Mean value of Fst_7         = 0.2071
Mean value of Fst_8         = 0.0360
Mean value of Fst_9         = 0.0506
Mean value of Fst_10         = 0.1105
Mean value of Fst_11         = 0.1028
Mean value of Fst_12         = 0.0377


Inferred ancestry of individuals:
        Label (%Miss) Pop:  Inferred clusters
  1      187    (0)    1 :  0.002 0.002 0.002 0.002 0.002 0.979 0.002 0.002 0.002 0.002 0.002 0.002 
  2      188    (0)    1 :  0.002 0.004 0.003 0.003 0.003 0.961 0.003 0.004 0.004 0.003 0.005 0.004 
  3      189    (0)    1 :  0.002 0.003 0.002 0.003 0.002 0.977 0.001 0.002 0.003 0.002 0.002 0.003 
  4      190    (0)    1 :  0.001 0.003 0.002 0.002 0.002 0.976 0.002 0.003 0.003 0.003 0.002 0.003 
  5      191    (0)    1 :  0.004 0.002 0.001 0.001 0.001 0.981 0.001 0.002 0.002 0.001 0.002 0.002 
  6      247    (0)    1 :  0.003 0.002 0.002 0.003 0.002 0.975 0.003 0.002 0.002 0.003 0.002 0.002 
  7      281    (0)    1 :  0.003 0.002 0.001 0.001 0.002 0.979 0.003 0.002 0.002 0.001 0.001 0.002 
  8      282    (0)    1 :  0.001 0.003 0.004 0.007 0.002 0.965 0.002 0.003 0.003 0.005 0.002 0.003 
  9      283    (0)    1 :  0.002 0.002 0.002 0.002 0.002 0.977 0.002 0.002 0.002 0.001 0.003 0.002 
 10      284    (0)    1 :  0.001 0.001 0.001 0.001 0.001 0.987 0.001 0.001 0.001 0.001 0.001 0.001 
 11      285    (0)    1 :  0.003 0.004 0.003 0.003 0.003 0.961 0.003 0.005 0.004 0.004 0.003 0.004 
 12      286    (0)    1 :  0.002 0.003 0.002 0.002 0.003 0.974 0.002 0.003 0.003 0.002 0.003 0.003 
 13      288    (0)    1 :  0.002 0.006 0.007 0.006 0.005 0.924 0.014 0.008 0.007 0.004 0.011 0.007 
 14      289    (0)    1 :  0.012 0.003 0.001 0.001 0.002 0.969 0.001 0.003 0.002 0.002 0.002 0.002 
 15      292    (0)    1 :  0.004 0.004 0.002 0.003 0.004 0.942 0.022 0.005 0.004 0.003 0.002 0.005 
 16      293    (0)    1 :  0.005 0.003 0.003 0.003 0.004 0.959 0.005 0.004 0.004 0.002 0.004 0.003 
 17      294    (0)    1 :  0.003 0.003 0.002 0.002 0.003 0.970 0.004 0.003 0.003 0.002 0.002 0.003 
 18      297    (0)    1 :  0.003 0.003 0.004 0.002 0.003 0.966 0.006 0.003 0.003 0.002 0.003 0.003 
 19      298    (0)    1 :  0.002 0.019 0.011 0.007 0.006 0.870 0.014 0.019 0.015 0.010 0.007 0.020 
 20      299    (0)    1 :  0.001 0.005 0.004 0.004 0.004 0.956 0.003 0.005 0.005 0.005 0.004 0.004 
 21      300    (0)    1 :  0.005 0.003 0.008 0.005 0.002 0.956 0.003 0.003 0.003 0.003 0.004 0.003 
 22      301    (0)    1 :  0.003 0.006 0.037 0.005 0.010 0.908 0.004 0.006 0.004 0.004 0.007 0.006 
 23      302    (0)    1 :  0.032 0.004 0.002 0.003 0.002 0.934 0.004 0.004 0.004 0.005 0.003 0.004 
 24      303    (0)    1 :  0.003 0.004 0.006 0.003 0.013 0.943 0.004 0.005 0.005 0.002 0.007 0.005 
 25      304    (0)    1 :  0.002 0.002 0.002 0.002 0.002 0.977 0.002 0.003 0.002 0.002 0.002 0.002 
 26      305    (0)    1 :  0.003 0.008 0.017 0.024 0.004 0.902 0.006 0.010 0.008 0.008 0.003 0.009 
 27      306    (0)    1 :  0.003 0.005 0.002 0.002 0.003 0.961 0.005 0.005 0.005 0.003 0.002 0.005 
 28      308    (0)    1 :  0.028 0.003 0.002 0.003 0.002 0.942 0.007 0.002 0.002 0.004 0.003 0.003 
 29      309    (0)    1 :  0.002 0.020 0.008 0.008 0.007 0.868 0.003 0.017 0.016 0.018 0.014 0.019 
 30      310    (0)    1 :  0.002 0.002 0.002 0.002 0.002 0.976 0.002 0.002 0.002 0.002 0.004 0.002 
 31      311    (0)    1 :  0.002 0.003 0.002 0.003 0.002 0.971 0.003 0.003 0.003 0.002 0.002 0.003 
 32      312    (0)    1 :  0.003 0.003 0.002 0.001 0.009 0.966 0.001 0.003 0.002 0.002 0.005 0.003 
 33      313    (0)    1 :  0.013 0.004 0.002 0.002 0.003 0.953 0.003 0.004 0.003 0.005 0.004 0.004 
 34      314    (0)    1 :  0.002 0.004 0.002 0.004 0.002 0.962 0.007 0.004 0.004 0.002 0.002 0.004 
 35      315    (0)    1 :  0.001 0.004 0.005 0.004 0.003 0.963 0.002 0.004 0.004 0.002 0.005 0.004 
 36      316    (0)    1 :  0.002 0.001 0.001 0.001 0.001 0.986 0.001 0.001 0.001 0.001 0.001 0.001 
 37      317    (0)    1 :  0.011 0.004 0.003 0.003 0.007 0.950 0.002 0.003 0.003 0.002 0.008 0.004 
 38      344    (0)    1 :  0.001 0.002 0.002 0.002 0.002 0.978 0.001 0.003 0.003 0.002 0.002 0.003 
 39      352    (0)    1 :  0.070 0.004 0.002 0.002 0.003 0.899 0.003 0.004 0.004 0.002 0.003 0.004 
 40      353    (0)    1 :  0.007 0.003 0.002 0.003 0.003 0.960 0.004 0.003 0.003 0.004 0.003 0.004 
 41      649    (0)    1 :  0.002 0.002 0.002 0.003 0.002 0.976 0.002 0.002 0.002 0.002 0.002 0.002 
 42      650    (0)    1 :  0.001 0.002 0.001 0.002 0.002 0.979 0.002 0.003 0.002 0.002 0.002 0.002 
 43      651    (0)    1 :  0.004 0.005 0.002 0.003 0.004 0.951 0.002 0.006 0.006 0.008 0.003 0.006 
 44      652    (0)    1 :  0.003 0.002 0.001 0.001 0.002 0.976 0.003 0.002 0.002 0.002 0.003 0.002 
 45      653    (0)    1 :  0.004 0.006 0.003 0.004 0.005 0.931 0.010 0.006 0.006 0.004 0.014 0.006 
 46      654    (0)    1 :  0.003 0.004 0.003 0.002 0.004 0.959 0.005 0.003 0.003 0.002 0.007 0.004 
 47      655    (0)    1 :  0.024 0.002 0.001 0.002 0.002 0.960 0.001 0.002 0.002 0.001 0.002 0.002 
 48      656    (0)    1 :  0.110 0.003 0.002 0.002 0.003 0.866 0.003 0.003 0.003 0.002 0.002 0.003 
 49      657    (0)    1 :  0.019 0.008 0.004 0.003 0.004 0.921 0.004 0.007 0.008 0.004 0.010 0.007 
 50      658    (0)    1 :  0.004 0.004 0.004 0.003 0.005 0.939 0.011 0.005 0.004 0.003 0.014 0.005 
 51      659    (0)    1 :  0.014 0.010 0.006 0.006 0.006 0.906 0.010 0.011 0.010 0.007 0.004 0.011 
 52      660    (0)    1 :  0.002 0.007 0.006 0.003 0.004 0.942 0.003 0.007 0.007 0.004 0.009 0.007 
 53      661    (0)    1 :  0.007 0.002 0.002 0.002 0.003 0.971 0.001 0.002 0.002 0.003 0.003 0.002 
 54      662    (0)    1 :  0.002 0.004 0.007 0.005 0.002 0.961 0.003 0.004 0.004 0.002 0.002 0.004 
 55      663    (0)    1 :  0.003 0.005 0.004 0.002 0.003 0.955 0.008 0.004 0.005 0.003 0.002 0.005 
 56      664    (0)    1 :  0.003 0.018 0.008 0.008 0.009 0.857 0.013 0.017 0.017 0.021 0.011 0.019 
 57      665    (0)    1 :  0.002 0.003 0.003 0.002 0.003 0.970 0.002 0.003 0.003 0.002 0.005 0.003 
 58      666    (0)    1 :  0.020 0.003 0.002 0.002 0.004 0.944 0.008 0.003 0.003 0.002 0.004 0.003 
 59      667    (0)    1 :  0.003 0.005 0.007 0.007 0.003 0.885 0.058 0.006 0.005 0.012 0.002 0.006 
 60      668    (0)    1 :  0.002 0.005 0.004 0.004 0.004 0.949 0.008 0.006 0.005 0.004 0.003 0.006 
 61      669    (0)    1 :  0.003 0.012 0.007 0.007 0.016 0.891 0.018 0.011 0.011 0.008 0.007 0.010 
 62      670    (0)    1 :  0.004 0.002 0.002 0.002 0.003 0.969 0.007 0.002 0.002 0.002 0.003 0.002 
 63      797    (0)   10 :  0.002 0.122 0.022 0.075 0.006 0.003 0.013 0.318 0.192 0.033 0.017 0.196 
 64      798    (0)   10 :  0.001 0.126 0.009 0.011 0.007 0.002 0.003 0.298 0.246 0.081 0.004 0.212 
 65      799    (0)   10 :  0.003 0.174 0.002 0.003 0.006 0.006 0.033 0.247 0.240 0.007 0.008 0.270 
 66      800    (0)   10 :  0.004 0.216 0.032 0.004 0.028 0.005 0.003 0.195 0.132 0.108 0.077 0.195 
 67      823    (0)   10 :  0.015 0.105 0.016 0.011 0.012 0.143 0.390 0.113 0.048 0.039 0.007 0.100 
 68      824    (0)   10 :  0.003 0.334 0.003 0.005 0.003 0.001 0.003 0.111 0.340 0.006 0.003 0.189 
 69      825    (0)   10 :  0.003 0.209 0.004 0.007 0.025 0.007 0.010 0.344 0.087 0.059 0.010 0.236 
 70      826    (0)   10 :  0.026 0.098 0.070 0.007 0.376 0.013 0.004 0.080 0.062 0.037 0.127 0.100 
 71      827    (0)   10 :  0.001 0.178 0.068 0.060 0.015 0.006 0.003 0.161 0.308 0.006 0.006 0.187 
 72      836    (0)   10 :  0.001 0.123 0.017 0.005 0.016 0.001 0.003 0.376 0.219 0.008 0.008 0.223 
 73      837    (0)   10 :  0.039 0.214 0.006 0.011 0.017 0.011 0.003 0.229 0.150 0.005 0.018 0.298 
 74      838    (0)   10 :  0.002 0.235 0.011 0.006 0.067 0.002 0.003 0.136 0.208 0.038 0.108 0.184 
 75      839    (0)   10 :  0.003 0.162 0.100 0.013 0.041 0.002 0.013 0.205 0.197 0.027 0.015 0.220 
 76      840    (0)   10 :  0.001 0.149 0.002 0.002 0.018 0.058 0.010 0.280 0.141 0.117 0.010 0.211 
 77      841    (0)   10 :  0.002 0.160 0.029 0.048 0.039 0.008 0.006 0.229 0.173 0.107 0.009 0.188 
 78      842    (0)   10 :  0.002 0.148 0.013 0.036 0.013 0.027 0.005 0.291 0.215 0.019 0.014 0.217 
 79      843    (0)   10 :  0.002 0.198 0.008 0.004 0.024 0.012 0.003 0.240 0.219 0.015 0.015 0.259 
 80      845    (0)   10 :  0.002 0.265 0.019 0.030 0.008 0.002 0.004 0.279 0.119 0.012 0.006 0.253 
 81      846    (0)   10 :  0.005 0.152 0.040 0.006 0.016 0.005 0.009 0.249 0.188 0.073 0.015 0.242 
 82      847    (2)   10 :  0.122 0.164 0.004 0.005 0.037 0.147 0.115 0.146 0.057 0.022 0.021 0.160 
 83      848    (0)   10 :  0.008 0.170 0.009 0.004 0.026 0.061 0.006 0.227 0.186 0.003 0.034 0.266 
 84      849    (0)   10 :  0.032 0.130 0.229 0.011 0.031 0.002 0.004 0.171 0.152 0.012 0.033 0.192 
 85      855    (0)   10 :  0.007 0.136 0.224 0.064 0.021 0.004 0.002 0.197 0.148 0.035 0.011 0.150 
 86      793    (0)   11 :  0.004 0.294 0.008 0.004 0.005 0.005 0.002 0.135 0.271 0.007 0.074 0.192 
 87      794    (0)   11 :  0.007 0.182 0.042 0.035 0.008 0.006 0.003 0.293 0.188 0.009 0.010 0.218 
 88      828    (0)   11 :  0.006 0.170 0.003 0.003 0.015 0.003 0.003 0.151 0.352 0.038 0.054 0.203 
 89      829    (4)   11 :  0.001 0.314 0.019 0.009 0.019 0.004 0.002 0.155 0.256 0.007 0.016 0.197 
 90      830    (0)   11 :  0.004 0.251 0.012 0.007 0.042 0.007 0.026 0.159 0.222 0.058 0.021 0.190 
 91      831    (2)   11 :  0.006 0.313 0.007 0.008 0.005 0.010 0.010 0.111 0.314 0.020 0.006 0.192 
 92      832    (0)   11 :  0.005 0.070 0.015 0.009 0.064 0.008 0.002 0.116 0.085 0.513 0.021 0.092 
 93      833    (2)   11 :  0.007 0.225 0.009 0.007 0.034 0.004 0.003 0.138 0.308 0.006 0.067 0.190 
 94      835    (0)   11 :  0.036 0.046 0.011 0.007 0.603 0.016 0.119 0.046 0.038 0.015 0.011 0.052 
 95      870    (0)   11 :  0.002 0.176 0.008 0.005 0.178 0.008 0.006 0.176 0.174 0.060 0.050 0.156 
 96      871    (0)   11 :  0.002 0.179 0.005 0.010 0.008 0.009 0.003 0.166 0.376 0.018 0.008 0.214 
 97      451    (0)   12 :  0.007 0.181 0.030 0.041 0.007 0.008 0.002 0.259 0.231 0.005 0.007 0.222 
 98      452    (4)   12 :  0.002 0.007 0.014 0.012 0.004 0.002 0.004 0.007 0.008 0.929 0.004 0.007 
 99      453    (4)   12 :  0.002 0.012 0.006 0.003 0.004 0.002 0.006 0.009 0.011 0.931 0.004 0.010 
100      454    (2)   12 :  0.007 0.199 0.009 0.007 0.009 0.012 0.009 0.160 0.320 0.045 0.015 0.207 
101      455    (4)   12 :  0.002 0.197 0.014 0.009 0.008 0.003 0.015 0.155 0.316 0.068 0.012 0.201 
102      795    (0)   12 :  0.001 0.009 0.007 0.004 0.008 0.001 0.004 0.011 0.010 0.921 0.011 0.010 
103      796    (0)   12 :  0.002 0.160 0.010 0.009 0.006 0.016 0.003 0.271 0.276 0.020 0.002 0.224 
104      802    (0)   12 :  0.001 0.013 0.057 0.010 0.013 0.005 0.003 0.014 0.013 0.854 0.004 0.013 
105      804    (0)   12 :  0.001 0.154 0.038 0.016 0.051 0.002 0.005 0.159 0.251 0.129 0.017 0.176 
106      805    (0)   12 :  0.002 0.159 0.146 0.033 0.007 0.043 0.011 0.152 0.241 0.012 0.021 0.174 
107      851    (0)   12 :  0.008 0.004 0.002 0.003 0.009 0.001 0.003 0.004 0.004 0.952 0.005 0.004 
108      852    (0)   12 :  0.001 0.007 0.009 0.004 0.004 0.001 0.003 0.007 0.009 0.939 0.007 0.008 
109      854    (0)   12 :  0.002 0.171 0.005 0.004 0.022 0.003 0.007 0.234 0.231 0.027 0.011 0.283 
110      858    (0)   12 :  0.001 0.186 0.038 0.032 0.005 0.001 0.007 0.186 0.319 0.012 0.005 0.209 
111      859    (0)   12 :  0.002 0.086 0.508 0.037 0.009 0.002 0.009 0.112 0.084 0.020 0.034 0.096 
112      860    (0)   12 :  0.037 0.186 0.044 0.026 0.006 0.005 0.004 0.186 0.292 0.013 0.006 0.194 
113      862    (0)   12 :  0.001 0.007 0.019 0.009 0.008 0.002 0.006 0.006 0.006 0.925 0.005 0.006 
114      863    (0)   12 :  0.001 0.009 0.012 0.042 0.007 0.001 0.003 0.009 0.009 0.894 0.006 0.008 
115      450    (0)   13 :  0.003 0.294 0.022 0.017 0.008 0.007 0.017 0.236 0.165 0.018 0.011 0.201 
116      791    (0)   13 :  0.003 0.181 0.011 0.005 0.024 0.049 0.006 0.206 0.199 0.054 0.010 0.252 
117      792    (0)   13 :  0.132 0.204 0.005 0.007 0.007 0.111 0.012 0.204 0.107 0.004 0.012 0.194 
118      803    (0)   13 :  0.279 0.069 0.003 0.003 0.260 0.078 0.012 0.073 0.087 0.009 0.046 0.082 
119      806    (0)   13 :  0.003 0.154 0.003 0.006 0.093 0.279 0.006 0.143 0.050 0.012 0.105 0.146 
120      807    (0)   13 :  0.002 0.155 0.004 0.004 0.006 0.007 0.006 0.266 0.272 0.008 0.005 0.267 
121      808    (0)   13 :  0.003 0.193 0.008 0.014 0.013 0.007 0.003 0.163 0.361 0.007 0.020 0.210 
122      809    (0)   13 :  0.023 0.090 0.009 0.009 0.167 0.102 0.008 0.082 0.046 0.097 0.272 0.095 
123      810    (0)   13 :  0.031 0.197 0.050 0.007 0.029 0.100 0.034 0.198 0.122 0.009 0.011 0.209 
124      811    (0)   13 :  0.004 0.152 0.009 0.005 0.017 0.268 0.005 0.216 0.112 0.013 0.009 0.190 
125      812    (0)   13 :  0.003 0.171 0.009 0.004 0.071 0.017 0.016 0.262 0.137 0.014 0.081 0.213 
126      813    (0)   13 :  0.002 0.141 0.026 0.025 0.009 0.214 0.004 0.094 0.116 0.233 0.039 0.097 
127      814    (0)   13 :  0.005 0.256 0.026 0.011 0.005 0.021 0.007 0.158 0.286 0.016 0.012 0.197 
128      834    (0)   13 :  0.004 0.178 0.011 0.011 0.006 0.021 0.002 0.234 0.241 0.007 0.005 0.281 
129      844    (0)   13 :  0.003 0.099 0.429 0.067 0.016 0.002 0.004 0.092 0.140 0.030 0.007 0.111 
130      850    (0)   13 :  0.005 0.103 0.003 0.004 0.010 0.350 0.008 0.083 0.188 0.105 0.023 0.119 
131      856    (0)   13 :  0.003 0.117 0.003 0.004 0.005 0.340 0.013 0.117 0.163 0.092 0.007 0.135 
132      857    (0)   13 :  0.006 0.093 0.008 0.003 0.208 0.350 0.016 0.085 0.055 0.068 0.007 0.101 
133      861    (0)   13 :  0.004 0.202 0.027 0.009 0.024 0.004 0.014 0.177 0.293 0.026 0.027 0.191 
134      864    (0)   13 :  0.006 0.208 0.017 0.008 0.005 0.005 0.016 0.342 0.139 0.007 0.004 0.242 
135      865    (0)   13 :  0.006 0.095 0.139 0.357 0.072 0.004 0.009 0.098 0.104 0.007 0.018 0.092 
136      866    (0)   13 :  0.007 0.163 0.003 0.008 0.019 0.041 0.003 0.256 0.123 0.094 0.095 0.188 
137      867    (0)   13 :  0.015 0.207 0.021 0.011 0.099 0.008 0.020 0.202 0.130 0.006 0.021 0.261 
138      868    (0)   13 :  0.020 0.312 0.006 0.009 0.006 0.029 0.003 0.110 0.314 0.006 0.005 0.179 
139      869    (0)   13 :  0.057 0.128 0.030 0.005 0.019 0.212 0.006 0.184 0.163 0.004 0.008 0.184 
140      004    (0)   14 :  0.002 0.083 0.028 0.067 0.035 0.004 0.047 0.153 0.101 0.382 0.008 0.089 
141      008    (0)   14 :  0.002 0.176 0.013 0.137 0.024 0.004 0.024 0.226 0.152 0.040 0.033 0.170 
142      013    (0)   14 :  0.005 0.148 0.047 0.034 0.009 0.004 0.010 0.278 0.178 0.071 0.009 0.209 
143      109    (0)   14 :  0.002 0.127 0.007 0.014 0.007 0.003 0.010 0.355 0.227 0.005 0.002 0.241 
144      348    (0)   14 :  0.001 0.008 0.003 0.003 0.003 0.003 0.004 0.008 0.006 0.949 0.004 0.008 
145      014    (0)    2 :  0.003 0.012 0.909 0.008 0.006 0.009 0.008 0.014 0.011 0.004 0.004 0.012 
146      015    (0)    2 :  0.001 0.013 0.840 0.055 0.019 0.006 0.003 0.017 0.015 0.004 0.009 0.017 
147      016    (0)    2 :  0.002 0.006 0.931 0.018 0.005 0.002 0.002 0.006 0.006 0.005 0.010 0.006 
148      017    (0)    2 :  0.002 0.021 0.772 0.108 0.014 0.002 0.005 0.018 0.020 0.006 0.012 0.019 
149      018    (0)    2 :  0.003 0.006 0.934 0.011 0.007 0.002 0.003 0.006 0.006 0.003 0.012 0.006 
150      023    (0)    2 :  0.003 0.009 0.924 0.008 0.007 0.003 0.003 0.007 0.009 0.005 0.013 0.009 
151      025    (0)    2 :  0.002 0.008 0.923 0.019 0.004 0.002 0.004 0.008 0.008 0.012 0.004 0.007 
152      026    (0)    2 :  0.001 0.002 0.972 0.005 0.003 0.001 0.002 0.003 0.003 0.003 0.002 0.003 
153      027    (0)    2 :  0.003 0.045 0.673 0.069 0.018 0.002 0.002 0.071 0.043 0.005 0.007 0.061 
154      028    (0)    2 :  0.002 0.006 0.938 0.005 0.005 0.002 0.003 0.005 0.005 0.003 0.020 0.005 
155      029    (0)    2 :  0.002 0.010 0.703 0.112 0.008 0.002 0.003 0.011 0.010 0.121 0.006 0.011 
156      030    (0)    2 :  0.002 0.007 0.933 0.004 0.009 0.003 0.005 0.009 0.007 0.006 0.008 0.008 
157      031    (0)    2 :  0.002 0.010 0.895 0.020 0.006 0.006 0.002 0.008 0.010 0.004 0.027 0.009 
158      032    (0)    2 :  0.006 0.008 0.861 0.038 0.023 0.001 0.012 0.008 0.006 0.023 0.006 0.008 
159      035    (0)    2 :  0.001 0.003 0.958 0.016 0.003 0.001 0.002 0.003 0.003 0.004 0.004 0.003 
160      037    (0)    2 :  0.002 0.005 0.950 0.007 0.006 0.001 0.003 0.005 0.005 0.005 0.007 0.005 
161      038    (0)    2 :  0.003 0.008 0.887 0.025 0.007 0.002 0.025 0.007 0.009 0.006 0.014 0.008 
162      039    (0)    2 :  0.002 0.003 0.958 0.017 0.005 0.001 0.002 0.003 0.003 0.002 0.003 0.003 
163      040    (0)    2 :  0.002 0.026 0.779 0.021 0.030 0.039 0.002 0.023 0.025 0.012 0.018 0.024 
164      041    (0)    2 :  0.002 0.011 0.558 0.359 0.012 0.005 0.002 0.010 0.011 0.005 0.016 0.010 
165      043    (0)    2 :  0.001 0.003 0.972 0.006 0.002 0.001 0.002 0.003 0.003 0.002 0.003 0.003 
166      045    (0)    2 :  0.002 0.005 0.951 0.007 0.004 0.001 0.003 0.005 0.005 0.007 0.006 0.005 
167      046    (0)    2 :  0.002 0.014 0.912 0.005 0.008 0.004 0.002 0.010 0.014 0.008 0.008 0.012 
168      047    (0)    2 :  0.001 0.007 0.893 0.052 0.007 0.002 0.003 0.008 0.008 0.002 0.008 0.008 
169      050    (0)    2 :  0.001 0.002 0.974 0.007 0.002 0.001 0.002 0.002 0.002 0.003 0.002 0.002 
170      052    (0)    2 :  0.002 0.005 0.048 0.911 0.005 0.001 0.003 0.005 0.005 0.006 0.004 0.005 
171      053    (0)    2 :  0.001 0.006 0.290 0.667 0.003 0.002 0.002 0.006 0.006 0.007 0.004 0.006 
172      054    (0)    2 :  0.007 0.017 0.770 0.091 0.034 0.005 0.003 0.017 0.016 0.011 0.013 0.016 
173      055    (0)    2 :  0.002 0.006 0.626 0.319 0.007 0.003 0.004 0.007 0.007 0.003 0.008 0.007 
174      056    (0)    2 :  0.003 0.005 0.942 0.006 0.005 0.001 0.002 0.005 0.006 0.015 0.004 0.005 
175      057    (0)    2 :  0.003 0.030 0.525 0.303 0.007 0.031 0.005 0.029 0.027 0.010 0.004 0.027 
176      058    (0)    2 :  0.003 0.015 0.830 0.017 0.017 0.002 0.034 0.019 0.013 0.022 0.010 0.016 
177      059    (0)    2 :  0.002 0.013 0.856 0.019 0.033 0.003 0.005 0.013 0.012 0.009 0.021 0.013 
178      060    (0)    2 :  0.002 0.005 0.947 0.010 0.005 0.002 0.003 0.005 0.005 0.005 0.007 0.005 
179      350    (0)    2 :  0.006 0.004 0.958 0.005 0.003 0.002 0.003 0.004 0.003 0.005 0.003 0.004 
180      351    (0)    2 :  0.001 0.010 0.607 0.302 0.007 0.001 0.002 0.012 0.014 0.007 0.021 0.013 
181      354    (0)    2 :  0.001 0.004 0.959 0.006 0.005 0.002 0.004 0.004 0.004 0.003 0.006 0.004 
182      374    (0)    2 :  0.002 0.049 0.713 0.020 0.009 0.002 0.010 0.063 0.051 0.017 0.007 0.056 
183      378    (0)    2 :  0.001 0.017 0.822 0.043 0.013 0.002 0.003 0.020 0.022 0.032 0.008 0.018 
184      381    (0)    2 :  0.002 0.005 0.939 0.017 0.008 0.001 0.002 0.005 0.005 0.003 0.005 0.006 
185      382    (0)    2 :  0.005 0.005 0.943 0.004 0.011 0.002 0.005 0.005 0.005 0.003 0.005 0.005 
186      384    (0)    2 :  0.001 0.004 0.956 0.006 0.004 0.006 0.002 0.004 0.004 0.004 0.004 0.004 
187      555    (0)    2 :  0.008 0.015 0.792 0.105 0.008 0.005 0.011 0.017 0.014 0.003 0.007 0.016 
188      671    (0)    2 :  0.004 0.042 0.644 0.011 0.058 0.002 0.034 0.044 0.041 0.070 0.009 0.041 
189      672    (0)    2 :  0.002 0.006 0.922 0.006 0.005 0.003 0.006 0.006 0.006 0.025 0.009 0.006 
190      705    (0)    2 :  0.002 0.003 0.952 0.009 0.003 0.001 0.011 0.003 0.003 0.006 0.003 0.003 
191      706    (0)    2 :  0.001 0.012 0.887 0.051 0.008 0.001 0.002 0.012 0.007 0.004 0.007 0.008 
192      707    (0)    2 :  0.004 0.005 0.930 0.023 0.009 0.002 0.004 0.005 0.005 0.005 0.003 0.005 
193      708    (0)    2 :  0.016 0.032 0.066 0.764 0.016 0.013 0.005 0.024 0.023 0.005 0.013 0.023 
194      758    (0)    2 :  0.004 0.018 0.834 0.050 0.010 0.001 0.004 0.019 0.020 0.011 0.012 0.017 
195      759    (0)    2 :  0.002 0.009 0.764 0.104 0.009 0.002 0.008 0.009 0.008 0.049 0.027 0.010 
196      760    (0)    2 :  0.002 0.010 0.795 0.127 0.006 0.001 0.002 0.008 0.011 0.016 0.012 0.009 
197      761    (0)    2 :  0.002 0.006 0.666 0.258 0.013 0.004 0.004 0.005 0.005 0.004 0.027 0.005 
198      762    (0)    2 :  0.002 0.004 0.954 0.005 0.004 0.002 0.005 0.004 0.004 0.004 0.007 0.004 
199      763    (0)    2 :  0.001 0.005 0.944 0.011 0.006 0.002 0.004 0.006 0.005 0.007 0.004 0.005 
200      764    (0)    2 :  0.003 0.003 0.965 0.010 0.002 0.001 0.003 0.003 0.003 0.002 0.003 0.003 
201      765    (0)    2 :  0.002 0.030 0.413 0.413 0.015 0.004 0.003 0.031 0.027 0.007 0.023 0.031 
202      766    (0)    2 :  0.001 0.002 0.950 0.032 0.002 0.001 0.002 0.002 0.002 0.002 0.002 0.002 
203      767    (0)    2 :  0.006 0.006 0.885 0.042 0.004 0.002 0.027 0.006 0.006 0.004 0.007 0.005 
204      768    (0)    2 :  0.002 0.004 0.914 0.052 0.004 0.003 0.003 0.004 0.004 0.003 0.004 0.004 
205      769    (0)    2 :  0.001 0.035 0.514 0.285 0.023 0.002 0.002 0.056 0.026 0.007 0.013 0.037 
206      770    (0)    2 :  0.003 0.026 0.038 0.774 0.024 0.002 0.002 0.024 0.032 0.006 0.043 0.026 
207      771    (0)    2 :  0.003 0.011 0.768 0.118 0.042 0.002 0.005 0.012 0.009 0.009 0.010 0.012 
208      772    (0)    2 :  0.002 0.083 0.387 0.058 0.060 0.001 0.003 0.096 0.103 0.103 0.010 0.094 
209      773    (0)    2 :  0.002 0.004 0.952 0.005 0.006 0.003 0.010 0.003 0.003 0.003 0.005 0.003 
210      774    (0)    2 :  0.003 0.010 0.907 0.005 0.009 0.003 0.002 0.010 0.010 0.005 0.027 0.010 
211      775    (0)    2 :  0.002 0.004 0.888 0.072 0.004 0.002 0.004 0.004 0.004 0.009 0.003 0.004 
212      776    (0)    2 :  0.002 0.004 0.966 0.004 0.003 0.002 0.002 0.003 0.003 0.004 0.004 0.003 
213      777    (0)    2 :  0.003 0.006 0.055 0.900 0.003 0.003 0.005 0.005 0.006 0.003 0.005 0.006 
214      778    (0)    2 :  0.002 0.003 0.965 0.006 0.003 0.001 0.005 0.003 0.003 0.004 0.003 0.003 
215      779    (0)    2 :  0.006 0.005 0.864 0.084 0.005 0.004 0.004 0.005 0.005 0.005 0.007 0.005 
216      780    (0)    2 :  0.001 0.009 0.932 0.015 0.003 0.003 0.002 0.009 0.009 0.004 0.003 0.010 
217      781    (0)    2 :  0.001 0.007 0.893 0.044 0.009 0.002 0.004 0.010 0.009 0.009 0.004 0.008 
218      782    (0)    2 :  0.001 0.010 0.591 0.325 0.010 0.002 0.012 0.010 0.010 0.015 0.005 0.009 
219      783    (0)    2 :  0.002 0.007 0.174 0.762 0.010 0.001 0.003 0.006 0.006 0.006 0.018 0.006 
220      784    (0)    2 :  0.002 0.016 0.319 0.575 0.009 0.006 0.007 0.018 0.018 0.009 0.004 0.018 
221      785    (0)    2 :  0.001 0.005 0.608 0.353 0.002 0.004 0.005 0.006 0.005 0.004 0.002 0.005 
222      786    (0)    2 :  0.001 0.003 0.956 0.013 0.005 0.002 0.003 0.003 0.003 0.003 0.003 0.003 
223      787    (0)    2 :  0.002 0.011 0.786 0.068 0.030 0.005 0.005 0.013 0.013 0.004 0.049 0.015 
224      115    (0)    3 :  0.001 0.005 0.828 0.127 0.007 0.002 0.002 0.006 0.005 0.007 0.005 0.005 
225      116    (0)    3 :  0.002 0.006 0.936 0.004 0.008 0.002 0.004 0.006 0.006 0.005 0.016 0.006 
226      117    (0)    3 :  0.002 0.016 0.869 0.013 0.009 0.002 0.004 0.019 0.022 0.010 0.013 0.019 
227      118    (0)    3 :  0.002 0.008 0.866 0.004 0.011 0.002 0.053 0.009 0.008 0.020 0.007 0.009 
228      119    (0)    3 :  0.007 0.009 0.851 0.006 0.020 0.002 0.007 0.010 0.011 0.008 0.060 0.010 
229      389    (0)    3 :  0.001 0.004 0.916 0.055 0.003 0.003 0.002 0.003 0.003 0.004 0.003 0.003 
230      548    (0)    3 :  0.004 0.006 0.930 0.005 0.008 0.003 0.008 0.007 0.007 0.004 0.010 0.007 
231      549    (0)    3 :  0.002 0.006 0.923 0.007 0.009 0.002 0.002 0.006 0.006 0.020 0.012 0.006 
232      550    (0)    3 :  0.004 0.022 0.694 0.027 0.086 0.006 0.012 0.022 0.019 0.034 0.049 0.024 
233      551    (0)    3 :  0.002 0.004 0.961 0.003 0.005 0.003 0.002 0.004 0.004 0.003 0.006 0.004 
234      552    (0)    3 :  0.002 0.017 0.834 0.009 0.039 0.001 0.003 0.013 0.017 0.040 0.010 0.015 
235      553    (0)    3 :  0.002 0.005 0.938 0.008 0.008 0.001 0.005 0.004 0.005 0.011 0.007 0.005 
236      009    (0)    4 :  0.003 0.003 0.176 0.795 0.002 0.002 0.002 0.003 0.003 0.003 0.004 0.003 
237      042    (0)    4 :  0.001 0.017 0.145 0.721 0.010 0.004 0.007 0.015 0.016 0.033 0.015 0.015 
238      044    (0)    4 :  0.002 0.013 0.024 0.873 0.012 0.005 0.003 0.011 0.014 0.008 0.022 0.012 
239      086    (0)    4 :  0.002 0.005 0.671 0.287 0.006 0.001 0.002 0.004 0.005 0.007 0.007 0.004 
240      087    (0)    4 :  0.001 0.004 0.004 0.967 0.003 0.001 0.002 0.004 0.004 0.004 0.003 0.004 
241      093    (0)    4 :  0.002 0.004 0.232 0.738 0.003 0.002 0.002 0.004 0.004 0.003 0.002 0.004 
242      095    (0)    4 :  0.004 0.020 0.104 0.697 0.027 0.002 0.008 0.021 0.016 0.005 0.075 0.020 
243      096    (0)    4 :  0.006 0.010 0.014 0.887 0.006 0.002 0.029 0.011 0.009 0.005 0.011 0.010 
244      097    (0)    4 :  0.002 0.006 0.082 0.864 0.008 0.001 0.003 0.006 0.006 0.006 0.009 0.006 
245      101    (0)    4 :  0.002 0.003 0.011 0.960 0.004 0.001 0.002 0.004 0.004 0.002 0.004 0.003 
246      183    (0)    4 :  0.002 0.003 0.006 0.968 0.003 0.001 0.003 0.003 0.003 0.004 0.003 0.003 
247      200    (0)    4 :  0.004 0.004 0.003 0.969 0.002 0.002 0.002 0.003 0.003 0.003 0.002 0.003 
248      210    (0)    4 :  0.002 0.003 0.009 0.961 0.003 0.001 0.002 0.003 0.004 0.005 0.002 0.004 
249      219    (0)    4 :  0.003 0.003 0.004 0.967 0.004 0.001 0.002 0.003 0.003 0.004 0.003 0.003 
250      230    (0)    4 :  0.002 0.004 0.009 0.957 0.005 0.001 0.002 0.004 0.004 0.005 0.004 0.003 
251      241    (0)    4 :  0.003 0.014 0.010 0.879 0.012 0.003 0.007 0.014 0.011 0.023 0.010 0.014 
252      307    (0)    4 :  0.003 0.008 0.564 0.357 0.010 0.003 0.004 0.007 0.009 0.018 0.011 0.007 
253      318    (0)    4 :  0.002 0.008 0.052 0.832 0.009 0.003 0.003 0.008 0.008 0.048 0.020 0.007 
254      323    (0)    4 :  0.002 0.004 0.009 0.961 0.003 0.002 0.002 0.004 0.004 0.003 0.002 0.004 
255      324    (0)    4 :  0.002 0.005 0.326 0.631 0.006 0.003 0.002 0.006 0.005 0.005 0.004 0.006 
256      325    (0)    4 :  0.002 0.005 0.199 0.753 0.004 0.010 0.003 0.005 0.005 0.004 0.004 0.005 
257      326    (0)    4 :  0.001 0.005 0.054 0.858 0.023 0.002 0.004 0.005 0.005 0.014 0.024 0.005 
258      338    (0)    4 :  0.001 0.006 0.010 0.951 0.005 0.001 0.003 0.006 0.004 0.004 0.003 0.005 
259      343    (0)    4 :  0.005 0.003 0.004 0.968 0.003 0.001 0.002 0.003 0.003 0.003 0.003 0.003 
260      379    (0)    4 :  0.001 0.005 0.021 0.943 0.003 0.001 0.003 0.006 0.005 0.006 0.002 0.005 
261      383    (0)    4 :  0.002 0.005 0.394 0.566 0.005 0.002 0.002 0.004 0.006 0.005 0.005 0.004 
262      385    (0)    4 :  0.001 0.004 0.006 0.962 0.003 0.001 0.003 0.004 0.005 0.004 0.002 0.004 
263      386    (0)    4 :  0.001 0.004 0.005 0.964 0.003 0.001 0.004 0.004 0.003 0.004 0.002 0.004 
264      387    (0)    4 :  0.021 0.006 0.020 0.900 0.008 0.003 0.016 0.006 0.006 0.003 0.004 0.006 
265      554    (0)    4 :  0.001 0.003 0.917 0.047 0.005 0.001 0.006 0.003 0.003 0.005 0.004 0.003 
266      877    (0)    4 :  0.002 0.003 0.963 0.009 0.003 0.002 0.002 0.003 0.003 0.003 0.004 0.003 
267      878    (0)    4 :  0.003 0.006 0.925 0.011 0.006 0.001 0.002 0.006 0.006 0.007 0.021 0.006 
268      880    (0)    4 :  0.001 0.009 0.875 0.005 0.018 0.002 0.008 0.009 0.009 0.036 0.018 0.010 
269      122    (0)    5 :  0.001 0.032 0.014 0.010 0.631 0.004 0.008 0.024 0.040 0.168 0.034 0.033 
270      123    (0)    5 :  0.005 0.015 0.002 0.003 0.349 0.035 0.002 0.012 0.010 0.008 0.547 0.013 
271      124    (0)    5 :  0.011 0.007 0.011 0.011 0.237 0.002 0.017 0.008 0.007 0.006 0.675 0.009 
272      125    (0)    5 :  0.001 0.005 0.003 0.003 0.005 0.001 0.002 0.004 0.004 0.004 0.964 0.005 
273      126    (0)    5 :  0.001 0.005 0.005 0.004 0.732 0.001 0.001 0.005 0.005 0.227 0.008 0.005 
274      128    (0)    5 :  0.003 0.034 0.003 0.004 0.199 0.004 0.016 0.032 0.027 0.012 0.634 0.031 
275      129    (0)    5 :  0.002 0.021 0.011 0.018 0.035 0.004 0.064 0.018 0.019 0.030 0.756 0.021 
276      130    (0)    5 :  0.001 0.011 0.026 0.009 0.604 0.001 0.005 0.012 0.010 0.020 0.290 0.011 
277      131    (0)    5 :  0.002 0.005 0.004 0.004 0.774 0.001 0.002 0.006 0.006 0.004 0.186 0.006 
278      132    (0)    5 :  0.006 0.005 0.018 0.008 0.746 0.001 0.008 0.005 0.005 0.005 0.188 0.005 
279      133    (0)    5 :  0.001 0.045 0.024 0.015 0.537 0.001 0.046 0.032 0.038 0.178 0.044 0.037 
280      134    (0)    5 :  0.013 0.009 0.006 0.004 0.890 0.003 0.003 0.009 0.010 0.006 0.037 0.010 
281      135    (0)    5 :  0.002 0.028 0.007 0.004 0.034 0.043 0.005 0.028 0.036 0.012 0.768 0.033 
282      136    (0)    5 :  0.005 0.013 0.004 0.002 0.012 0.029 0.006 0.014 0.015 0.007 0.880 0.013 
283      139    (0)    5 :  0.002 0.012 0.005 0.009 0.798 0.002 0.010 0.013 0.010 0.011 0.113 0.013 
284      140    (0)    5 :  0.002 0.036 0.015 0.009 0.120 0.007 0.015 0.040 0.029 0.013 0.667 0.046 
285      141    (0)    5 :  0.004 0.034 0.010 0.012 0.304 0.004 0.005 0.034 0.024 0.014 0.517 0.038 
286      142    (0)    5 :  0.002 0.006 0.015 0.022 0.094 0.002 0.005 0.006 0.006 0.003 0.833 0.006 
287      143    (0)    5 :  0.008 0.010 0.034 0.026 0.083 0.004 0.017 0.010 0.008 0.011 0.777 0.011 
288      144    (0)    5 :  0.003 0.009 0.005 0.004 0.862 0.002 0.005 0.010 0.008 0.009 0.074 0.010 
289      145    (0)    5 :  0.030 0.014 0.004 0.003 0.624 0.003 0.004 0.015 0.011 0.007 0.272 0.013 
290      148    (0)    5 :  0.002 0.029 0.009 0.006 0.008 0.007 0.003 0.032 0.032 0.008 0.833 0.030 
291      556    (0)    5 :  0.002 0.014 0.014 0.007 0.541 0.005 0.005 0.014 0.011 0.012 0.361 0.014 
292      557    (0)    5 :  0.023 0.008 0.006 0.005 0.026 0.006 0.003 0.006 0.007 0.005 0.899 0.007 
293      558    (0)    5 :  0.009 0.012 0.004 0.003 0.341 0.003 0.005 0.010 0.011 0.009 0.581 0.011 
294      559    (0)    5 :  0.001 0.011 0.008 0.005 0.034 0.002 0.011 0.013 0.011 0.020 0.873 0.011 
295      560    (0)    5 :  0.002 0.015 0.010 0.007 0.013 0.003 0.002 0.014 0.018 0.005 0.896 0.016 
296      561    (0)    5 :  0.001 0.003 0.006 0.006 0.009 0.001 0.003 0.003 0.003 0.003 0.958 0.003 
297      562    (0)    5 :  0.004 0.056 0.005 0.005 0.475 0.004 0.005 0.032 0.053 0.014 0.302 0.045 
298      563    (0)    5 :  0.006 0.069 0.005 0.003 0.127 0.064 0.008 0.057 0.050 0.023 0.514 0.074 
299      564    (0)    5 :  0.002 0.047 0.060 0.025 0.428 0.002 0.011 0.073 0.073 0.022 0.195 0.063 
300      565    (0)    5 :  0.001 0.003 0.003 0.002 0.022 0.002 0.003 0.004 0.003 0.003 0.948 0.004 
301      566    (0)    5 :  0.002 0.036 0.014 0.008 0.188 0.003 0.002 0.042 0.043 0.019 0.592 0.050 
302      567    (0)    5 :  0.002 0.007 0.003 0.003 0.005 0.008 0.003 0.008 0.007 0.004 0.942 0.008 
303      568    (0)    5 :  0.002 0.012 0.008 0.003 0.072 0.003 0.016 0.015 0.013 0.006 0.837 0.014 
304      569    (0)    5 :  0.014 0.009 0.005 0.004 0.080 0.002 0.004 0.007 0.008 0.005 0.853 0.008 
305      570    (0)    5 :  0.001 0.004 0.007 0.010 0.012 0.001 0.002 0.004 0.004 0.004 0.948 0.004 
306      613    (0)    5 :  0.002 0.004 0.005 0.003 0.007 0.001 0.004 0.004 0.004 0.005 0.954 0.004 
307      614    (0)    5 :  0.001 0.012 0.004 0.003 0.014 0.020 0.002 0.013 0.014 0.011 0.891 0.014 
308      615    (0)    5 :  0.005 0.012 0.018 0.027 0.007 0.006 0.003 0.012 0.011 0.032 0.855 0.012 
309      616    (0)    5 :  0.001 0.008 0.009 0.006 0.032 0.002 0.036 0.009 0.008 0.006 0.872 0.009 
310      617    (0)    5 :  0.004 0.031 0.019 0.015 0.128 0.008 0.004 0.026 0.026 0.009 0.693 0.037 
311      618    (0)    5 :  0.003 0.019 0.013 0.011 0.011 0.002 0.015 0.018 0.021 0.018 0.853 0.017 
312      619    (0)    5 :  0.007 0.084 0.002 0.002 0.006 0.651 0.003 0.088 0.052 0.004 0.004 0.097 
313      620    (0)    5 :  0.003 0.008 0.008 0.005 0.008 0.001 0.003 0.008 0.008 0.013 0.925 0.008 
314      621    (0)    5 :  0.001 0.008 0.017 0.013 0.101 0.001 0.003 0.009 0.008 0.067 0.763 0.008 
315      622    (0)    5 :  0.002 0.004 0.006 0.003 0.011 0.001 0.005 0.004 0.004 0.002 0.953 0.004 
316      623    (0)    5 :  0.002 0.003 0.004 0.005 0.005 0.002 0.002 0.003 0.003 0.005 0.964 0.003 
317      624    (0)    5 :  0.004 0.021 0.017 0.011 0.554 0.004 0.006 0.022 0.022 0.030 0.287 0.023 
318      625    (0)    5 :  0.002 0.012 0.016 0.005 0.600 0.003 0.003 0.011 0.011 0.251 0.077 0.010 
319      626    (0)    5 :  0.003 0.009 0.005 0.008 0.672 0.004 0.007 0.009 0.008 0.006 0.259 0.010 
320      627    (0)    5 :  0.003 0.033 0.026 0.008 0.212 0.017 0.012 0.034 0.027 0.014 0.576 0.037 
321      628    (0)    5 :  0.005 0.007 0.006 0.003 0.193 0.002 0.004 0.008 0.008 0.004 0.752 0.007 
322      629    (0)    5 :  0.002 0.012 0.007 0.003 0.139 0.003 0.012 0.011 0.012 0.010 0.778 0.012 
323      630    (0)    5 :  0.003 0.003 0.003 0.003 0.002 0.011 0.002 0.003 0.003 0.002 0.962 0.003 
324      631    (0)    5 :  0.004 0.005 0.003 0.003 0.510 0.003 0.031 0.005 0.004 0.004 0.420 0.005 
325      632    (0)    5 :  0.005 0.020 0.025 0.012 0.079 0.004 0.015 0.022 0.020 0.085 0.693 0.020 
326      633    (0)    5 :  0.007 0.059 0.007 0.007 0.113 0.005 0.011 0.055 0.074 0.011 0.584 0.066 
327      634    (0)    5 :  0.010 0.008 0.005 0.002 0.010 0.004 0.006 0.008 0.007 0.010 0.923 0.008 
328      635    (0)    5 :  0.003 0.006 0.004 0.002 0.030 0.002 0.003 0.005 0.006 0.011 0.919 0.006 
329      636    (0)    5 :  0.003 0.005 0.006 0.005 0.005 0.002 0.002 0.004 0.005 0.004 0.954 0.004 
330      637    (0)    5 :  0.001 0.020 0.009 0.006 0.852 0.003 0.004 0.026 0.040 0.006 0.010 0.022 
331      638    (0)    5 :  0.002 0.014 0.007 0.026 0.008 0.007 0.013 0.014 0.012 0.010 0.875 0.013 
332      639    (0)    5 :  0.002 0.032 0.014 0.004 0.794 0.004 0.008 0.039 0.025 0.017 0.027 0.034 
333      640    (0)    5 :  0.001 0.010 0.027 0.007 0.388 0.001 0.005 0.010 0.010 0.007 0.522 0.010 
334      689    (0)    5 :  0.001 0.006 0.005 0.010 0.014 0.003 0.003 0.006 0.006 0.009 0.932 0.006 
335      690    (0)    5 :  0.019 0.017 0.008 0.007 0.056 0.002 0.005 0.016 0.015 0.007 0.834 0.016 
336      691    (0)    5 :  0.001 0.009 0.029 0.010 0.018 0.002 0.001 0.008 0.011 0.023 0.878 0.009 
337      692    (0)    5 :  0.007 0.047 0.003 0.003 0.039 0.007 0.006 0.027 0.053 0.039 0.732 0.038 
338      693    (0)    5 :  0.002 0.006 0.004 0.003 0.013 0.002 0.003 0.005 0.006 0.006 0.946 0.006 
339      694    (0)    5 :  0.002 0.003 0.002 0.003 0.009 0.003 0.008 0.003 0.003 0.003 0.956 0.003 
340      695    (0)    5 :  0.001 0.004 0.008 0.006 0.127 0.001 0.003 0.004 0.004 0.003 0.836 0.004 
341      696    (0)    5 :  0.002 0.004 0.005 0.004 0.011 0.002 0.002 0.004 0.004 0.003 0.957 0.004 
342      697    (0)    5 :  0.002 0.005 0.012 0.005 0.026 0.001 0.008 0.005 0.004 0.008 0.920 0.004 
343      698    (0)    5 :  0.002 0.031 0.004 0.003 0.020 0.004 0.002 0.026 0.031 0.014 0.836 0.027 
344      699    (0)    5 :  0.001 0.005 0.004 0.005 0.023 0.001 0.003 0.005 0.005 0.003 0.941 0.005 
345      700    (0)    5 :  0.003 0.004 0.005 0.010 0.927 0.001 0.003 0.004 0.004 0.004 0.030 0.004 
346      701    (2)    5 :  0.003 0.035 0.007 0.006 0.121 0.006 0.006 0.025 0.026 0.030 0.705 0.028 
347      702    (0)    5 :  0.004 0.016 0.062 0.005 0.012 0.003 0.002 0.010 0.012 0.015 0.847 0.012 
348      703    (0)    5 :  0.003 0.006 0.003 0.007 0.025 0.003 0.002 0.006 0.005 0.021 0.915 0.006 
349      704    (0)    5 :  0.001 0.012 0.007 0.004 0.023 0.007 0.011 0.012 0.010 0.005 0.897 0.011 
350      390    (0)    6 :  0.018 0.004 0.923 0.026 0.008 0.001 0.003 0.004 0.003 0.004 0.002 0.004 
351      391    (0)    6 :  0.010 0.008 0.090 0.805 0.045 0.003 0.005 0.008 0.007 0.007 0.005 0.008 
352      392    (0)    6 :  0.032 0.093 0.138 0.320 0.119 0.003 0.027 0.082 0.078 0.011 0.023 0.075 
353      393    (0)    6 :  0.004 0.013 0.863 0.056 0.007 0.003 0.002 0.012 0.017 0.007 0.005 0.012 
354      394    (0)    6 :  0.003 0.008 0.924 0.005 0.008 0.008 0.003 0.011 0.009 0.009 0.003 0.009 
355      647    (0)    6 :  0.003 0.009 0.893 0.013 0.009 0.003 0.003 0.007 0.009 0.035 0.009 0.008 
356      648    (0)    6 :  0.001 0.005 0.943 0.014 0.007 0.001 0.003 0.005 0.005 0.007 0.004 0.005 
357      007    (0)    7 :  0.006 0.006 0.006 0.005 0.014 0.006 0.930 0.006 0.005 0.004 0.006 0.006 
358      012    (0)    7 :  0.004 0.022 0.008 0.008 0.033 0.009 0.843 0.018 0.012 0.020 0.006 0.018 
359      020    (0)    7 :  0.002 0.060 0.039 0.007 0.005 0.011 0.574 0.106 0.088 0.008 0.005 0.095 
360      021    (0)    7 :  0.001 0.002 0.002 0.002 0.003 0.001 0.976 0.002 0.002 0.004 0.002 0.002 
361      022    (0)    7 :  0.016 0.018 0.005 0.004 0.009 0.003 0.825 0.019 0.017 0.063 0.004 0.018 
362      034    (0)    7 :  0.004 0.007 0.008 0.007 0.044 0.002 0.896 0.007 0.006 0.005 0.007 0.007 
363      049    (0)    7 :  0.002 0.002 0.002 0.002 0.002 0.003 0.975 0.003 0.002 0.002 0.002 0.002 
364      062    (0)    7 :  0.001 0.002 0.002 0.001 0.002 0.002 0.980 0.003 0.002 0.002 0.002 0.002 
365      089    (0)    7 :  0.001 0.002 0.002 0.002 0.002 0.001 0.981 0.002 0.002 0.002 0.002 0.002 
366      092    (0)    7 :  0.001 0.001 0.002 0.002 0.002 0.001 0.984 0.001 0.001 0.002 0.002 0.001 
367      100    (0)    7 :  0.002 0.003 0.008 0.009 0.008 0.002 0.951 0.003 0.003 0.004 0.004 0.003 
368      105    (0)    7 :  0.001 0.007 0.005 0.011 0.004 0.007 0.936 0.008 0.007 0.002 0.003 0.007 
369      205    (0)    7 :  0.004 0.010 0.003 0.005 0.006 0.008 0.914 0.010 0.012 0.009 0.006 0.011 
370      206    (0)    7 :  0.002 0.043 0.067 0.034 0.014 0.003 0.635 0.040 0.044 0.063 0.017 0.037 
371      207    (0)    7 :  0.002 0.006 0.007 0.005 0.007 0.004 0.940 0.006 0.007 0.006 0.004 0.007 
372      208    (0)    7 :  0.002 0.016 0.012 0.012 0.011 0.003 0.869 0.019 0.017 0.016 0.005 0.018 
373      209    (0)    7 :  0.002 0.056 0.004 0.003 0.005 0.008 0.695 0.073 0.078 0.016 0.003 0.059 
374      377    (0)    7 :  0.002 0.003 0.004 0.003 0.003 0.002 0.964 0.003 0.003 0.006 0.006 0.003 
375      881    (0)    7 :  0.002 0.002 0.003 0.003 0.002 0.001 0.975 0.002 0.002 0.002 0.002 0.002 
376      003    (0)    8 :  0.940 0.004 0.002 0.001 0.010 0.003 0.017 0.004 0.005 0.006 0.002 0.005 
377      108    (0)    8 :  0.983 0.002 0.001 0.001 0.002 0.002 0.002 0.002 0.002 0.001 0.002 0.002 
378      194    (0)    8 :  0.910 0.006 0.008 0.011 0.007 0.022 0.010 0.006 0.006 0.005 0.004 0.006 
379      232    (0)    8 :  0.957 0.004 0.002 0.002 0.002 0.014 0.003 0.004 0.003 0.002 0.003 0.004 
380      321    (0)    8 :  0.973 0.002 0.002 0.002 0.002 0.007 0.002 0.002 0.002 0.002 0.002 0.002 
381      322    (0)    8 :  0.981 0.002 0.001 0.001 0.001 0.001 0.005 0.001 0.001 0.001 0.002 0.001 
382      329    (0)    8 :  0.982 0.002 0.001 0.002 0.002 0.001 0.001 0.002 0.002 0.001 0.002 0.002 
383      330    (0)    8 :  0.979 0.002 0.001 0.001 0.002 0.002 0.002 0.002 0.002 0.002 0.002 0.002 
384      342    (0)    8 :  0.914 0.014 0.004 0.004 0.004 0.004 0.002 0.015 0.015 0.003 0.005 0.016 
385      347    (0)    8 :  0.882 0.007 0.004 0.006 0.009 0.003 0.051 0.008 0.007 0.008 0.008 0.008 
386      801    (0)    9 :  0.005 0.227 0.010 0.003 0.013 0.015 0.024 0.249 0.140 0.025 0.069 0.221 
387      815    (0)    9 :  0.004 0.246 0.002 0.003 0.008 0.015 0.037 0.209 0.177 0.011 0.034 0.252 
388      816    (0)    9 :  0.001 0.065 0.056 0.019 0.100 0.001 0.006 0.056 0.064 0.551 0.020 0.062 
389      817    (0)    9 :  0.011 0.155 0.004 0.004 0.011 0.008 0.005 0.271 0.237 0.006 0.005 0.282 
390      818    (0)    9 :  0.002 0.170 0.011 0.005 0.041 0.003 0.003 0.248 0.255 0.011 0.030 0.221 
391      819    (0)    9 :  0.006 0.151 0.005 0.004 0.022 0.058 0.005 0.139 0.197 0.260 0.007 0.147 
392      820    (2)    9 :  0.001 0.135 0.015 0.004 0.009 0.002 0.011 0.347 0.202 0.007 0.009 0.258 
393      821    (0)    9 :  0.002 0.139 0.005 0.010 0.018 0.006 0.003 0.227 0.224 0.152 0.004 0.208 
394      822    (0)    9 :  0.235 0.191 0.005 0.010 0.012 0.028 0.005 0.127 0.215 0.011 0.007 0.154 
395      853    (0)    9 :  0.008 0.225 0.011 0.037 0.026 0.028 0.003 0.255 0.160 0.007 0.011 0.229 


Estimated Allele Frequencies in each cluster
First column gives estimated ancestral frequencies


Locus 1 : 1 
4 alleles
0.0% missing data
  91   (0.365) 0.567 0.383 0.394 0.160 0.390 0.608 0.325 0.354 0.368 0.193 0.566 0.362 
  89   (0.490) 0.094 0.478 0.520 0.692 0.515 0.364 0.632 0.488 0.482 0.642 0.411 0.485 
  93   (0.128) 0.041 0.125 0.085 0.147 0.092 0.027 0.042 0.142 0.137 0.161 0.022 0.136 
  99   (0.017) 0.299 0.014 0.001 0.001 0.003 0.001 0.002 0.016 0.013 0.004 0.001 0.017 

Locus 2 : 2 
6 alleles
0.0% missing data
 136   (0.385) 0.062 0.372 0.589 0.388 0.386 0.563 0.542 0.369 0.375 0.296 0.560 0.370 
 138   (0.241) 0.896 0.247 0.201 0.425 0.199 0.202 0.117 0.239 0.246 0.223 0.086 0.242 
 140   (0.073) 0.008 0.082 0.036 0.123 0.017 0.067 0.008 0.086 0.097 0.021 0.008 0.089 
 142   (0.029) 0.003 0.020 0.001 0.002 0.025 0.045 0.003 0.021 0.020 0.007 0.090 0.021 
 134   (0.254) 0.029 0.259 0.173 0.060 0.369 0.122 0.328 0.255 0.243 0.448 0.255 0.253 
 132   (0.019) 0.003 0.019 0.001 0.001 0.004 0.001 0.003 0.029 0.020 0.004 0.001 0.025 

Locus 3 : 3 
6 alleles
0.0% missing data
 179   (0.308) 0.032 0.334 0.350 0.300 0.620 0.101 0.031 0.309 0.345 0.365 0.420 0.319 
 185   (0.074) 0.011 0.092 0.003 0.006 0.026 0.177 0.199 0.085 0.101 0.022 0.019 0.092 
 187   (0.340) 0.785 0.309 0.501 0.485 0.124 0.404 0.479 0.347 0.313 0.253 0.198 0.331 
 175   (0.048) 0.005 0.041 0.002 0.004 0.019 0.218 0.009 0.049 0.043 0.100 0.031 0.050 
 191   (0.041) 0.005 0.040 0.002 0.144 0.008 0.021 0.217 0.027 0.033 0.087 0.003 0.030 
 181   (0.190) 0.162 0.185 0.141 0.061 0.203 0.078 0.065 0.183 0.165 0.173 0.329 0.178 

Locus 4 : 4 
12 alleles
0.0% missing data
 245   (0.014) 0.001 0.009 0.001 0.001 0.003 0.099 0.001 0.010 0.007 0.003 0.001 0.009 
 271   (0.047) 0.011 0.075 0.038 0.008 0.013 0.170 0.005 0.050 0.066 0.013 0.008 0.056 
 241   (0.164) 0.063 0.168 0.101 0.028 0.110 0.471 0.119 0.179 0.168 0.061 0.202 0.172 
 249   (0.041) 0.090 0.028 0.048 0.259 0.008 0.077 0.004 0.029 0.022 0.011 0.003 0.028 
 253   (0.444) 0.394 0.425 0.692 0.569 0.707 0.114 0.410 0.428 0.428 0.557 0.572 0.428 
 247   (0.054) 0.006 0.063 0.002 0.004 0.011 0.043 0.374 0.075 0.068 0.023 0.004 0.071 
 269   (0.186) 0.344 0.198 0.117 0.106 0.139 0.024 0.077 0.194 0.213 0.319 0.206 0.202 
 239   (0.012) 0.086 0.008 0.000 0.001 0.002 0.001 0.006 0.008 0.005 0.004 0.001 0.007 
 265   (0.009) 0.001 0.007 0.000 0.001 0.002 0.000 0.001 0.008 0.006 0.002 0.001 0.007 
 273   (0.012) 0.002 0.011 0.000 0.001 0.002 0.001 0.001 0.011 0.010 0.003 0.001 0.012 
 235   (0.008) 0.001 0.004 0.000 0.012 0.002 0.000 0.001 0.004 0.003 0.002 0.001 0.004 
 267   (0.009) 0.001 0.005 0.000 0.012 0.002 0.000 0.001 0.004 0.003 0.002 0.001 0.004 

Locus 5 : 5 
5 alleles
0.8% missing data
 103   (0.887) 0.989 0.898 0.989 0.904 0.952 0.747 0.892 0.905 0.915 0.967 0.804 0.906 
 105   (0.048) 0.005 0.055 0.002 0.004 0.032 0.190 0.005 0.049 0.047 0.015 0.170 0.048 
 104   (0.037) 0.003 0.028 0.007 0.081 0.010 0.038 0.004 0.027 0.020 0.010 0.024 0.025 
 107   (0.014) 0.001 0.007 0.001 0.009 0.003 0.024 0.001 0.007 0.005 0.003 0.001 0.007 
 102   (0.015) 0.001 0.012 0.001 0.001 0.003 0.001 0.098 0.013 0.012 0.004 0.001 0.014 

Locus 6 : 6 
6 alleles
0.0% missing data
 135   (0.292) 0.810 0.281 0.211 0.191 0.205 0.679 0.505 0.270 0.257 0.155 0.235 0.280 
 147   (0.066) 0.007 0.043 0.049 0.048 0.107 0.132 0.151 0.045 0.038 0.018 0.037 0.044 
 137   (0.016) 0.002 0.011 0.001 0.001 0.003 0.093 0.007 0.012 0.010 0.004 0.001 0.012 
 141   (0.303) 0.031 0.301 0.592 0.499 0.292 0.083 0.136 0.308 0.294 0.225 0.423 0.300 
 145   (0.314) 0.149 0.358 0.146 0.250 0.391 0.012 0.199 0.360 0.398 0.595 0.303 0.360 
 143   (0.009) 0.001 0.005 0.000 0.011 0.002 0.000 0.001 0.004 0.004 0.002 0.001 0.004 

Locus 7 : 7 
10 alleles
0.3% missing data
  89   (0.074) 0.008 0.077 0.057 0.015 0.036 0.268 0.009 0.076 0.081 0.024 0.041 0.079 
  93   (0.246) 0.339 0.222 0.360 0.397 0.189 0.249 0.175 0.229 0.219 0.192 0.149 0.233 
  97   (0.191) 0.186 0.182 0.257 0.103 0.150 0.144 0.290 0.186 0.176 0.238 0.075 0.184 
 101   (0.017) 0.002 0.017 0.001 0.007 0.004 0.098 0.002 0.012 0.014 0.004 0.001 0.013 
 105   (0.017) 0.130 0.014 0.001 0.001 0.003 0.119 0.002 0.010 0.011 0.004 0.001 0.011 
  91   (0.048) 0.291 0.029 0.051 0.004 0.018 0.090 0.141 0.030 0.023 0.011 0.044 0.028 
  99   (0.015) 0.002 0.011 0.001 0.001 0.005 0.018 0.002 0.012 0.010 0.008 0.001 0.011 
  83   (0.040) 0.004 0.037 0.002 0.003 0.021 0.001 0.053 0.049 0.038 0.137 0.022 0.041 
 103   (0.316) 0.036 0.353 0.265 0.324 0.566 0.012 0.324 0.360 0.379 0.373 0.578 0.358 
  85   (0.036) 0.004 0.059 0.006 0.143 0.008 0.001 0.004 0.037 0.050 0.009 0.086 0.042 

Locus 8 : 8 
10 alleles
0.0% missing data
 129   (0.565) 0.373 0.622 0.626 0.607 0.421 0.298 0.613 0.621 0.631 0.677 0.538 0.619 
 143   (0.235) 0.370 0.242 0.111 0.035 0.303 0.360 0.240 0.241 0.253 0.147 0.419 0.245 
 149   (0.056) 0.006 0.042 0.140 0.134 0.012 0.306 0.045 0.041 0.038 0.061 0.004 0.041 
 127   (0.019) 0.034 0.011 0.001 0.002 0.013 0.032 0.026 0.010 0.008 0.005 0.001 0.010 
 141   (0.070) 0.007 0.048 0.121 0.203 0.240 0.003 0.069 0.052 0.038 0.070 0.027 0.049 
 133   (0.014) 0.002 0.014 0.001 0.001 0.003 0.001 0.001 0.015 0.015 0.006 0.001 0.017 
 145   (0.012) 0.002 0.007 0.000 0.001 0.003 0.000 0.001 0.006 0.005 0.027 0.007 0.006 
 131   (0.012) 0.167 0.007 0.001 0.006 0.002 0.000 0.001 0.006 0.005 0.003 0.001 0.006 
 121   (0.009) 0.001 0.005 0.000 0.011 0.002 0.000 0.001 0.004 0.003 0.002 0.001 0.004 
 128   (0.008) 0.038 0.004 0.000 0.001 0.002 0.000 0.001 0.004 0.003 0.002 0.001 0.004 

Locus 9 : 9 
4 alleles
0.0% missing data
 191   (0.389) 0.382 0.352 0.594 0.604 0.546 0.342 0.471 0.374 0.328 0.267 0.411 0.352 
 195   (0.198) 0.140 0.171 0.134 0.166 0.168 0.367 0.041 0.174 0.178 0.301 0.404 0.175 
 189   (0.401) 0.476 0.468 0.269 0.228 0.275 0.290 0.487 0.445 0.488 0.426 0.183 0.465 
 193   (0.012) 0.001 0.008 0.003 0.002 0.011 0.001 0.001 0.008 0.006 0.006 0.001 0.008 

Locus 10 : 10 
7 alleles
0.0% missing data
 232   (0.224) 0.173 0.193 0.413 0.434 0.236 0.103 0.298 0.212 0.206 0.241 0.121 0.212 
 238   (0.526) 0.320 0.567 0.433 0.453 0.508 0.672 0.217 0.553 0.575 0.663 0.623 0.560 
 250   (0.030) 0.003 0.027 0.001 0.002 0.006 0.148 0.003 0.037 0.028 0.009 0.008 0.033 
 254   (0.069) 0.490 0.056 0.013 0.025 0.047 0.021 0.302 0.057 0.044 0.020 0.071 0.052 
 252   (0.129) 0.013 0.138 0.139 0.073 0.199 0.055 0.172 0.111 0.125 0.061 0.175 0.119 
 248   (0.014) 0.001 0.015 0.001 0.001 0.003 0.001 0.007 0.026 0.019 0.005 0.001 0.019 
 240   (0.009) 0.001 0.005 0.000 0.012 0.002 0.000 0.001 0.004 0.003 0.002 0.001 0.004 

Locus 11 : 11 
5 alleles
0.0% missing data
  89   (0.211) 0.188 0.227 0.256 0.160 0.243 0.069 0.276 0.184 0.216 0.284 0.219 0.202 
  91   (0.053) 0.005 0.049 0.106 0.106 0.010 0.289 0.103 0.040 0.045 0.022 0.004 0.042 
  87   (0.714) 0.804 0.710 0.637 0.732 0.742 0.564 0.609 0.761 0.726 0.690 0.775 0.741 
  85   (0.013) 0.001 0.009 0.001 0.001 0.002 0.077 0.001 0.009 0.008 0.003 0.001 0.010 
  83   (0.009) 0.001 0.006 0.000 0.001 0.002 0.000 0.010 0.006 0.005 0.002 0.001 0.006 

Locus 12 : 12 
13 alleles
0.0% missing data
 160   (0.257) 0.486 0.266 0.206 0.121 0.146 0.513 0.641 0.275 0.266 0.360 0.066 0.262 
 161   (0.097) 0.010 0.080 0.026 0.058 0.249 0.245 0.010 0.075 0.076 0.080 0.172 0.081 
 170   (0.039) 0.004 0.043 0.016 0.004 0.008 0.081 0.004 0.055 0.052 0.017 0.003 0.051 
 158   (0.222) 0.022 0.203 0.447 0.484 0.335 0.062 0.062 0.200 0.188 0.314 0.229 0.207 
 143   (0.026) 0.275 0.018 0.001 0.002 0.024 0.070 0.003 0.017 0.015 0.006 0.007 0.017 
 154   (0.019) 0.003 0.015 0.001 0.001 0.004 0.015 0.002 0.022 0.015 0.004 0.001 0.018 
 162   (0.238) 0.191 0.288 0.132 0.259 0.195 0.009 0.269 0.272 0.288 0.160 0.356 0.274 
 134   (0.009) 0.001 0.007 0.000 0.001 0.002 0.000 0.001 0.007 0.005 0.002 0.001 0.007 
 147   (0.046) 0.004 0.041 0.168 0.043 0.027 0.002 0.004 0.038 0.050 0.012 0.162 0.042 
 159   (0.013) 0.001 0.009 0.000 0.001 0.002 0.000 0.001 0.009 0.010 0.029 0.001 0.009 
 149   (0.016) 0.002 0.019 0.001 0.001 0.004 0.001 0.002 0.019 0.026 0.010 0.001 0.021 
 164   (0.009) 0.001 0.005 0.000 0.024 0.002 0.000 0.001 0.004 0.003 0.002 0.001 0.004 
 165   (0.009) 0.001 0.006 0.000 0.001 0.002 0.001 0.001 0.007 0.005 0.002 0.001 0.007 

Locus 13 : 13 
4 alleles
0.0% missing data
 113   (0.341) 0.465 0.295 0.323 0.398 0.402 0.286 0.477 0.316 0.296 0.389 0.369 0.314 
 115   (0.486) 0.135 0.538 0.512 0.420 0.469 0.442 0.480 0.539 0.553 0.346 0.442 0.535 
 108   (0.164) 0.400 0.161 0.165 0.182 0.126 0.271 0.042 0.139 0.146 0.263 0.188 0.146 
 110   (0.008) 0.001 0.006 0.000 0.001 0.004 0.001 0.001 0.006 0.004 0.002 0.001 0.006 

Locus 14 : 14 
10 alleles
0.0% missing data
 229   (0.423) 0.075 0.442 0.540 0.405 0.294 0.418 0.404 0.486 0.477 0.447 0.348 0.468 
 233   (0.061) 0.141 0.046 0.109 0.094 0.014 0.077 0.006 0.047 0.049 0.019 0.031 0.048 
 231   (0.186) 0.410 0.168 0.089 0.113 0.501 0.447 0.423 0.150 0.148 0.054 0.400 0.159 
 225   (0.144) 0.059 0.162 0.076 0.056 0.073 0.049 0.148 0.155 0.154 0.073 0.063 0.158 
 227   (0.144) 0.312 0.152 0.184 0.320 0.108 0.006 0.014 0.133 0.148 0.374 0.154 0.138 
 203   (0.008) 0.001 0.008 0.000 0.001 0.002 0.000 0.001 0.006 0.007 0.002 0.001 0.007 
 213   (0.009) 0.001 0.007 0.000 0.001 0.002 0.001 0.001 0.008 0.005 0.002 0.001 0.007 
 221   (0.009) 0.001 0.005 0.000 0.001 0.002 0.000 0.001 0.004 0.003 0.025 0.001 0.004 
 255   (0.009) 0.001 0.005 0.000 0.010 0.002 0.000 0.001 0.005 0.004 0.003 0.001 0.005 
 223   (0.009) 0.001 0.006 0.000 0.001 0.002 0.001 0.001 0.007 0.005 0.002 0.001 0.007 

Locus 15 : 15 
5 alleles
0.3% missing data
 143   (0.899) 0.726 0.922 0.994 0.946 0.893 0.774 0.856 0.923 0.935 0.974 0.923 0.927 
 147   (0.023) 0.002 0.025 0.001 0.002 0.004 0.097 0.044 0.019 0.020 0.005 0.002 0.019 
 145   (0.057) 0.270 0.039 0.002 0.051 0.098 0.128 0.006 0.041 0.033 0.016 0.074 0.039 
 157   (0.012) 0.001 0.009 0.002 0.001 0.003 0.000 0.001 0.012 0.008 0.003 0.001 0.010 
 133   (0.009) 0.001 0.005 0.000 0.001 0.002 0.000 0.093 0.004 0.003 0.002 0.001 0.004 

Locus 16 : 16 
5 alleles
0.0% missing data
 154   (0.081) 0.079 0.061 0.031 0.081 0.027 0.343 0.080 0.068 0.055 0.026 0.081 0.068 
 158   (0.483) 0.437 0.504 0.618 0.424 0.361 0.339 0.469 0.520 0.519 0.557 0.510 0.511 
 160   (0.142) 0.015 0.132 0.142 0.176 0.120 0.103 0.071 0.139 0.154 0.114 0.148 0.145 
 156   (0.285) 0.469 0.295 0.209 0.319 0.492 0.215 0.379 0.266 0.263 0.301 0.260 0.269 
 152   (0.008) 0.001 0.007 0.000 0.001 0.002 0.000 0.001 0.007 0.009 0.002 0.001 0.007 

Locus 17 : 17 
5 alleles
0.0% missing data
  88   (0.049) 0.005 0.043 0.039 0.004 0.032 0.348 0.005 0.044 0.038 0.042 0.006 0.042 
  90   (0.685) 0.533 0.685 0.752 0.677 0.771 0.404 0.629 0.678 0.681 0.694 0.840 0.684 
 100   (0.064) 0.441 0.090 0.003 0.006 0.016 0.180 0.006 0.087 0.096 0.027 0.005 0.090 
 102   (0.194) 0.021 0.175 0.206 0.312 0.180 0.068 0.359 0.183 0.178 0.234 0.148 0.176 
 104   (0.009) 0.001 0.006 0.000 0.001 0.002 0.000 0.001 0.009 0.006 0.002 0.001 0.008 

Locus 18 : 18 
7 alleles
0.0% missing data
 127   (0.317) 0.460 0.275 0.217 0.287 0.385 0.409 0.190 0.288 0.267 0.370 0.360 0.286 
 140   (0.266) 0.489 0.301 0.186 0.037 0.297 0.256 0.048 0.260 0.302 0.273 0.467 0.284 
 150   (0.051) 0.006 0.075 0.002 0.004 0.029 0.206 0.405 0.052 0.071 0.018 0.009 0.059 
 148   (0.103) 0.011 0.098 0.117 0.011 0.062 0.111 0.233 0.105 0.104 0.068 0.042 0.101 
 142   (0.100) 0.010 0.116 0.384 0.427 0.022 0.013 0.013 0.144 0.122 0.027 0.008 0.127 
 138   (0.064) 0.006 0.049 0.023 0.059 0.074 0.002 0.006 0.058 0.047 0.193 0.055 0.053 
 146   (0.099) 0.017 0.086 0.071 0.174 0.131 0.004 0.104 0.093 0.087 0.052 0.058 0.090 

Locus 19 : 19 
6 alleles
0.0% missing data
 194   (0.592) 0.672 0.563 0.513 0.619 0.698 0.614 0.598 0.607 0.581 0.457 0.633 0.596 
 202   (0.036) 0.086 0.028 0.001 0.003 0.007 0.084 0.147 0.032 0.027 0.009 0.003 0.033 
 200   (0.084) 0.208 0.120 0.003 0.007 0.059 0.245 0.009 0.084 0.113 0.252 0.030 0.096 
 198   (0.011) 0.001 0.008 0.000 0.001 0.003 0.008 0.001 0.008 0.006 0.003 0.001 0.008 
 190   (0.137) 0.018 0.109 0.393 0.259 0.122 0.044 0.107 0.104 0.101 0.145 0.290 0.104 
 188   (0.140) 0.015 0.173 0.088 0.112 0.110 0.006 0.137 0.165 0.172 0.135 0.043 0.162 

Locus 20 : 20 
6 alleles
0.0% missing data
 244   (0.033) 0.004 0.026 0.038 0.003 0.019 0.054 0.003 0.027 0.027 0.008 0.004 0.027 
 246   (0.132) 0.043 0.105 0.038 0.017 0.178 0.185 0.302 0.104 0.102 0.223 0.265 0.110 
 252   (0.641) 0.138 0.719 0.816 0.713 0.680 0.064 0.564 0.704 0.723 0.722 0.615 0.702 
 254   (0.085) 0.010 0.072 0.016 0.128 0.032 0.281 0.075 0.079 0.080 0.021 0.093 0.079 
 250   (0.094) 0.778 0.066 0.091 0.137 0.088 0.416 0.054 0.068 0.055 0.022 0.022 0.068 
 248   (0.015) 0.028 0.012 0.001 0.001 0.003 0.001 0.001 0.018 0.013 0.003 0.001 0.015 

Locus 21 : 21 
10 alleles
0.0% missing data
 173   (0.288) 0.197 0.319 0.235 0.466 0.203 0.219 0.129 0.308 0.325 0.367 0.204 0.311 
 175   (0.134) 0.154 0.116 0.053 0.045 0.174 0.339 0.068 0.114 0.106 0.113 0.308 0.113 
 167   (0.258) 0.074 0.300 0.321 0.338 0.230 0.103 0.255 0.283 0.315 0.301 0.211 0.287 
 165   (0.061) 0.010 0.048 0.011 0.005 0.158 0.127 0.007 0.056 0.043 0.041 0.169 0.051 
 163   (0.033) 0.003 0.030 0.001 0.003 0.009 0.127 0.355 0.034 0.031 0.008 0.005 0.037 
 159   (0.009) 0.001 0.005 0.000 0.001 0.002 0.022 0.001 0.005 0.004 0.002 0.001 0.005 
 177   (0.190) 0.559 0.168 0.379 0.130 0.214 0.064 0.166 0.186 0.166 0.162 0.088 0.182 
 169   (0.008) 0.001 0.004 0.000 0.012 0.002 0.000 0.001 0.004 0.003 0.002 0.001 0.004 
 171   (0.010) 0.001 0.005 0.000 0.001 0.006 0.000 0.001 0.005 0.004 0.003 0.013 0.005 
 161   (0.008) 0.001 0.005 0.000 0.001 0.002 0.000 0.017 0.004 0.003 0.002 0.001 0.004 

Locus 22 : 22 
11 alleles
0.3% missing data
 150   (0.048) 0.040 0.035 0.017 0.004 0.015 0.165 0.040 0.038 0.031 0.021 0.026 0.037 
 158   (0.093) 0.010 0.099 0.004 0.092 0.025 0.405 0.049 0.092 0.102 0.114 0.083 0.096 
 152   (0.423) 0.268 0.421 0.526 0.587 0.498 0.068 0.429 0.449 0.435 0.571 0.461 0.440 
 142   (0.014) 0.001 0.007 0.001 0.001 0.003 0.060 0.001 0.007 0.005 0.080 0.001 0.007 
 162   (0.034) 0.004 0.027 0.001 0.003 0.008 0.173 0.079 0.034 0.022 0.022 0.009 0.029 
 156   (0.021) 0.003 0.016 0.001 0.002 0.004 0.069 0.194 0.015 0.015 0.005 0.002 0.015 
 164   (0.045) 0.005 0.039 0.005 0.005 0.077 0.047 0.005 0.048 0.039 0.027 0.030 0.044 
 148   (0.017) 0.365 0.014 0.001 0.001 0.003 0.002 0.002 0.017 0.015 0.004 0.001 0.017 
 146   (0.209) 0.151 0.255 0.269 0.240 0.274 0.008 0.191 0.217 0.252 0.116 0.290 0.230 
 166   (0.083) 0.152 0.080 0.091 0.048 0.089 0.003 0.009 0.077 0.078 0.036 0.095 0.078 
 154   (0.013) 0.001 0.007 0.084 0.017 0.003 0.000 0.001 0.007 0.005 0.003 0.001 0.007 

Locus 23 : 23 
6 alleles
0.3% missing data
 154   (0.521) 0.275 0.566 0.490 0.586 0.636 0.240 0.261 0.579 0.598 0.373 0.650 0.577 
 158   (0.022) 0.003 0.015 0.021 0.002 0.005 0.096 0.003 0.016 0.012 0.006 0.002 0.015 
 144   (0.201) 0.691 0.183 0.175 0.144 0.218 0.233 0.479 0.170 0.168 0.293 0.148 0.172 
 156   (0.129) 0.018 0.137 0.052 0.029 0.091 0.357 0.013 0.139 0.129 0.136 0.150 0.137 
 160   (0.108) 0.012 0.088 0.224 0.186 0.046 0.074 0.243 0.086 0.082 0.187 0.049 0.087 
 152   (0.018) 0.002 0.012 0.038 0.053 0.004 0.001 0.002 0.011 0.011 0.005 0.001 0.011 

Locus 24 : 24 
4 alleles
0.3% missing data
  83   (0.509) 0.608 0.472 0.454 0.514 0.650 0.627 0.929 0.480 0.460 0.480 0.586 0.475 
  81   (0.339) 0.376 0.383 0.261 0.386 0.222 0.309 0.038 0.385 0.398 0.345 0.301 0.383 
  85   (0.056) 0.006 0.046 0.052 0.010 0.030 0.060 0.005 0.040 0.041 0.074 0.083 0.043 
  77   (0.096) 0.009 0.098 0.233 0.090 0.097 0.003 0.027 0.095 0.101 0.100 0.030 0.099 

Locus 25 : 25 
6 alleles
0.3% missing data
 124   (0.524) 0.378 0.556 0.384 0.502 0.578 0.555 0.348 0.524 0.574 0.561 0.593 0.546 
 122   (0.116) 0.014 0.112 0.016 0.047 0.099 0.397 0.030 0.128 0.103 0.037 0.134 0.119 
 120   (0.017) 0.396 0.011 0.001 0.001 0.003 0.018 0.002 0.010 0.010 0.004 0.001 0.010 
 126   (0.044) 0.006 0.039 0.034 0.058 0.015 0.019 0.005 0.038 0.031 0.017 0.004 0.037 
 132   (0.287) 0.205 0.274 0.565 0.390 0.302 0.010 0.614 0.290 0.277 0.353 0.267 0.280 
 136   (0.013) 0.001 0.008 0.000 0.001 0.002 0.000 0.001 0.010 0.006 0.028 0.001 0.009 

Locus 26 : 26 
6 alleles
0.0% missing data
 181   (0.047) 0.005 0.061 0.002 0.004 0.019 0.165 0.004 0.050 0.054 0.029 0.034 0.051 
 183   (0.377) 0.195 0.352 0.410 0.607 0.379 0.293 0.698 0.393 0.355 0.184 0.296 0.372 
 179   (0.074) 0.391 0.095 0.070 0.094 0.018 0.330 0.007 0.074 0.104 0.021 0.006 0.084 
 165   (0.258) 0.385 0.253 0.170 0.170 0.366 0.081 0.060 0.236 0.246 0.380 0.323 0.248 
 185   (0.014) 0.001 0.009 0.001 0.001 0.003 0.122 0.001 0.010 0.009 0.003 0.001 0.010 
 175   (0.229) 0.022 0.231 0.347 0.124 0.216 0.009 0.229 0.236 0.232 0.384 0.340 0.235 

Locus 27 : 27 
4 alleles
0.0% missing data
 142   (0.566) 0.491 0.589 0.658 0.785 0.482 0.401 0.732 0.549 0.585 0.709 0.639 0.559 
 148   (0.245) 0.488 0.231 0.168 0.052 0.425 0.284 0.079 0.258 0.232 0.100 0.233 0.250 
 150   (0.124) 0.013 0.131 0.007 0.017 0.062 0.183 0.182 0.148 0.141 0.080 0.118 0.144 
 138   (0.065) 0.008 0.048 0.167 0.146 0.032 0.132 0.007 0.045 0.042 0.111 0.010 0.047 

Locus 28 : 28 
5 alleles
0.0% missing data
 260   (0.423) 0.180 0.431 0.385 0.283 0.367 0.232 0.250 0.474 0.446 0.529 0.340 0.459 
 262   (0.488) 0.812 0.500 0.576 0.710 0.505 0.650 0.576 0.452 0.487 0.369 0.628 0.467 
 256   (0.065) 0.006 0.050 0.038 0.006 0.123 0.116 0.172 0.054 0.049 0.019 0.030 0.053 
 258   (0.015) 0.001 0.014 0.001 0.001 0.003 0.001 0.002 0.017 0.014 0.006 0.001 0.017 
 264   (0.009) 0.001 0.005 0.000 0.001 0.002 0.000 0.001 0.004 0.003 0.077 0.001 0.004 

Locus 29 : 29 
5 alleles
0.3% missing data
 146   (0.234) 0.024 0.210 0.116 0.118 0.241 0.369 0.449 0.237 0.200 0.341 0.236 0.225 
 140   (0.155) 0.780 0.136 0.128 0.035 0.077 0.404 0.149 0.131 0.135 0.141 0.284 0.135 
 150   (0.499) 0.185 0.553 0.701 0.769 0.621 0.176 0.239 0.529 0.564 0.482 0.394 0.534 
 148   (0.092) 0.009 0.081 0.054 0.076 0.057 0.049 0.161 0.078 0.079 0.031 0.084 0.081 
 152   (0.020) 0.003 0.021 0.001 0.002 0.004 0.001 0.002 0.026 0.022 0.005 0.002 0.025 

Locus 30 : 30 
6 alleles
0.0% missing data
 127   (0.060) 0.585 0.049 0.002 0.005 0.033 0.394 0.006 0.052 0.046 0.016 0.165 0.052 
 131   (0.025) 0.002 0.018 0.001 0.002 0.005 0.178 0.002 0.023 0.017 0.107 0.002 0.020 
 129   (0.499) 0.334 0.497 0.408 0.560 0.601 0.194 0.646 0.504 0.515 0.680 0.393 0.507 
 123   (0.115) 0.014 0.139 0.133 0.051 0.053 0.061 0.089 0.110 0.141 0.065 0.145 0.121 
 125   (0.291) 0.064 0.288 0.456 0.381 0.306 0.173 0.256 0.299 0.270 0.130 0.294 0.289 
 121   (0.010) 0.001 0.010 0.000 0.001 0.002 0.000 0.001 0.012 0.011 0.002 0.001 0.012 

Locus 31 : 31 
5 alleles
0.0% missing data
 155   (0.550) 0.667 0.537 0.634 0.566 0.560 0.551 0.583 0.580 0.534 0.465 0.410 0.564 
 157   (0.225) 0.242 0.212 0.167 0.237 0.299 0.088 0.058 0.214 0.220 0.278 0.336 0.215 
 153   (0.065) 0.032 0.069 0.046 0.142 0.014 0.198 0.007 0.060 0.070 0.082 0.005 0.061 
 159   (0.133) 0.015 0.164 0.152 0.052 0.120 0.150 0.013 0.127 0.161 0.164 0.246 0.141 
 151   (0.027) 0.043 0.019 0.002 0.002 0.007 0.013 0.340 0.018 0.015 0.010 0.002 0.019 

Locus 32 : 32 
4 alleles
0.0% missing data
 150   (0.566) 0.612 0.567 0.817 0.803 0.550 0.273 0.543 0.574 0.580 0.662 0.506 0.571 
 154   (0.053) 0.031 0.067 0.002 0.011 0.059 0.051 0.005 0.049 0.062 0.017 0.079 0.054 
 146   (0.303) 0.349 0.284 0.107 0.063 0.372 0.570 0.444 0.307 0.283 0.297 0.285 0.301 
 148   (0.077) 0.008 0.082 0.073 0.123 0.019 0.106 0.008 0.070 0.076 0.023 0.129 0.073 

Locus 33 : 33 
7 alleles
0.0% missing data
 180   (0.445) 0.773 0.440 0.512 0.700 0.342 0.323 0.737 0.433 0.431 0.480 0.469 0.429 
 190   (0.025) 0.003 0.017 0.001 0.002 0.049 0.047 0.002 0.019 0.016 0.006 0.012 0.019 
 184   (0.204) 0.187 0.190 0.170 0.181 0.194 0.128 0.047 0.187 0.187 0.121 0.298 0.193 
 198   (0.038) 0.006 0.037 0.070 0.006 0.008 0.297 0.077 0.030 0.033 0.011 0.003 0.031 
 192   (0.145) 0.016 0.157 0.006 0.012 0.244 0.198 0.122 0.178 0.172 0.252 0.119 0.167 
 196   (0.134) 0.015 0.154 0.209 0.098 0.162 0.006 0.013 0.149 0.157 0.129 0.099 0.156 
 194   (0.009) 0.001 0.005 0.033 0.001 0.002 0.000 0.001 0.004 0.003 0.002 0.001 0.004 

Locus 34 : 34 
7 alleles
0.0% missing data
 108   (0.101) 0.140 0.101 0.005 0.013 0.036 0.566 0.068 0.115 0.107 0.037 0.057 0.111 
 110   (0.252) 0.255 0.221 0.278 0.484 0.303 0.148 0.065 0.232 0.220 0.171 0.353 0.229 
 106   (0.301) 0.289 0.324 0.174 0.062 0.370 0.203 0.685 0.308 0.335 0.330 0.296 0.312 
 112   (0.289) 0.028 0.312 0.534 0.430 0.188 0.081 0.107 0.299 0.300 0.421 0.286 0.299 
  94   (0.014) 0.001 0.015 0.001 0.001 0.003 0.000 0.001 0.020 0.019 0.003 0.001 0.022 
  90   (0.035) 0.285 0.022 0.009 0.009 0.098 0.002 0.004 0.022 0.017 0.036 0.005 0.022 
  96   (0.009) 0.001 0.005 0.000 0.001 0.002 0.000 0.070 0.004 0.003 0.002 0.001 0.004 

Locus 35 : 35 
8 alleles
0.0% missing data
 168   (0.054) 0.403 0.088 0.002 0.004 0.013 0.381 0.005 0.072 0.094 0.014 0.004 0.079 
 170   (0.323) 0.532 0.299 0.200 0.139 0.404 0.287 0.587 0.293 0.279 0.180 0.544 0.300 
 172   (0.287) 0.030 0.269 0.385 0.526 0.177 0.187 0.375 0.284 0.262 0.548 0.103 0.270 
 174   (0.099) 0.010 0.136 0.007 0.015 0.054 0.043 0.009 0.132 0.157 0.064 0.080 0.133 
 186   (0.020) 0.002 0.023 0.001 0.002 0.004 0.069 0.002 0.017 0.026 0.006 0.001 0.020 
 176   (0.119) 0.012 0.102 0.144 0.053 0.314 0.030 0.012 0.118 0.103 0.033 0.225 0.115 
 178   (0.040) 0.004 0.042 0.024 0.005 0.009 0.002 0.004 0.045 0.041 0.074 0.003 0.042 
 166   (0.058) 0.006 0.042 0.237 0.257 0.026 0.002 0.006 0.040 0.038 0.081 0.040 0.040 

Locus 36 : 36 
6 alleles
0.0% missing data
  83   (0.116) 0.015 0.111 0.047 0.011 0.134 0.332 0.020 0.132 0.120 0.158 0.047 0.126 
  89   (0.549) 0.284 0.531 0.633 0.843 0.439 0.592 0.776 0.533 0.532 0.605 0.660 0.535 
  85   (0.200) 0.321 0.258 0.214 0.096 0.252 0.034 0.191 0.220 0.255 0.115 0.063 0.231 
  91   (0.015) 0.368 0.008 0.001 0.001 0.003 0.015 0.001 0.008 0.007 0.003 0.001 0.008 
  95   (0.077) 0.008 0.055 0.104 0.046 0.100 0.026 0.008 0.060 0.047 0.104 0.087 0.058 
  81   (0.042) 0.005 0.037 0.002 0.003 0.072 0.002 0.004 0.048 0.038 0.014 0.143 0.042 

Locus 37 : 37 
8 alleles
0.0% missing data
 161   (0.361) 0.076 0.355 0.513 0.486 0.362 0.562 0.402 0.349 0.370 0.240 0.360 0.357 
 173   (0.269) 0.428 0.249 0.114 0.063 0.399 0.206 0.522 0.259 0.227 0.433 0.435 0.248 
 165   (0.238) 0.071 0.255 0.243 0.246 0.209 0.224 0.060 0.244 0.253 0.202 0.195 0.251 
 159   (0.013) 0.001 0.007 0.034 0.002 0.003 0.004 0.001 0.007 0.005 0.004 0.001 0.007 
 169   (0.074) 0.036 0.090 0.093 0.174 0.017 0.003 0.010 0.104 0.099 0.035 0.006 0.096 
 167   (0.023) 0.004 0.033 0.002 0.007 0.006 0.001 0.002 0.027 0.037 0.029 0.002 0.030 
 175   (0.009) 0.001 0.005 0.000 0.001 0.002 0.000 0.001 0.004 0.003 0.052 0.001 0.004 
 168   (0.013) 0.383 0.007 0.001 0.021 0.002 0.000 0.001 0.006 0.005 0.003 0.001 0.006 

Locus 38 : 38 
7 alleles
0.0% missing data
  87   (0.141) 0.759 0.140 0.124 0.267 0.081 0.368 0.204 0.124 0.125 0.037 0.067 0.126 
  91   (0.161) 0.039 0.131 0.017 0.109 0.217 0.218 0.304 0.143 0.128 0.244 0.307 0.141 
  85   (0.208) 0.149 0.204 0.099 0.026 0.219 0.144 0.273 0.193 0.190 0.302 0.266 0.199 
  89   (0.374) 0.040 0.434 0.719 0.454 0.245 0.266 0.067 0.450 0.462 0.372 0.227 0.439 
  81   (0.090) 0.011 0.078 0.040 0.059 0.167 0.003 0.150 0.078 0.086 0.038 0.129 0.083 
  93   (0.016) 0.001 0.009 0.001 0.061 0.069 0.001 0.001 0.008 0.006 0.005 0.003 0.008 
  95   (0.009) 0.001 0.005 0.000 0.023 0.002 0.000 0.001 0.005 0.004 0.002 0.001 0.005 

Locus 39 : 39 
4 alleles
0.0% missing data
 161   (0.150) 0.177 0.141 0.033 0.145 0.110 0.520 0.096 0.144 0.148 0.131 0.027 0.149 
 167   (0.811) 0.818 0.826 0.958 0.844 0.881 0.425 0.900 0.820 0.820 0.859 0.970 0.812 
 165   (0.031) 0.004 0.028 0.008 0.003 0.007 0.055 0.003 0.032 0.028 0.007 0.002 0.034 
 155   (0.009) 0.001 0.005 0.001 0.008 0.002 0.000 0.001 0.005 0.004 0.003 0.001 0.005 

Locus 40 : 40 
7 alleles
0.3% missing data
 228   (0.401) 0.493 0.379 0.589 0.567 0.310 0.333 0.185 0.390 0.374 0.589 0.328 0.387 
 240   (0.099) 0.054 0.113 0.004 0.008 0.123 0.427 0.144 0.118 0.149 0.094 0.012 0.127 
 236   (0.091) 0.152 0.057 0.095 0.096 0.096 0.126 0.618 0.058 0.046 0.022 0.115 0.059 
 238   (0.345) 0.170 0.408 0.243 0.275 0.409 0.107 0.046 0.395 0.398 0.279 0.400 0.386 
 224   (0.045) 0.004 0.031 0.068 0.041 0.057 0.007 0.005 0.028 0.024 0.011 0.143 0.028 
 242   (0.012) 0.126 0.008 0.000 0.001 0.002 0.000 0.001 0.008 0.006 0.003 0.001 0.009 
 246   (0.009) 0.001 0.005 0.000 0.012 0.002 0.000 0.001 0.004 0.003 0.002 0.001 0.004 

Locus 41 : 41 
9 alleles
0.3% missing data
 130   (0.511) 0.089 0.537 0.434 0.541 0.488 0.657 0.395 0.557 0.538 0.409 0.456 0.552 
 134   (0.114) 0.305 0.145 0.007 0.010 0.179 0.254 0.012 0.129 0.136 0.156 0.108 0.127 
 118   (0.051) 0.067 0.047 0.002 0.005 0.014 0.074 0.260 0.045 0.054 0.042 0.013 0.048 
 132   (0.120) 0.011 0.096 0.256 0.144 0.134 0.008 0.308 0.105 0.100 0.062 0.198 0.101 
 128   (0.071) 0.007 0.058 0.221 0.128 0.087 0.003 0.012 0.053 0.050 0.297 0.035 0.053 
 114   (0.100) 0.519 0.097 0.076 0.114 0.089 0.004 0.010 0.092 0.106 0.026 0.176 0.099 
 122   (0.014) 0.001 0.010 0.002 0.056 0.003 0.001 0.001 0.011 0.008 0.004 0.001 0.010 
 120   (0.009) 0.001 0.005 0.000 0.001 0.002 0.000 0.001 0.004 0.004 0.002 0.008 0.004 
 119   (0.009) 0.001 0.005 0.000 0.001 0.004 0.000 0.001 0.005 0.004 0.002 0.005 0.005 

Locus 42 : 42 
8 alleles
0.0% missing data
  92   (0.129) 0.205 0.116 0.101 0.123 0.073 0.364 0.013 0.125 0.124 0.054 0.113 0.130 
  96   (0.068) 0.166 0.051 0.081 0.069 0.031 0.176 0.007 0.051 0.046 0.021 0.058 0.051 
  98   (0.148) 0.280 0.135 0.202 0.159 0.109 0.292 0.109 0.135 0.128 0.037 0.123 0.134 
 104   (0.364) 0.075 0.408 0.161 0.277 0.353 0.158 0.312 0.407 0.404 0.562 0.292 0.404 
 102   (0.259) 0.270 0.270 0.453 0.369 0.370 0.009 0.543 0.262 0.281 0.312 0.410 0.261 
 106   (0.008) 0.001 0.006 0.000 0.001 0.002 0.000 0.001 0.009 0.006 0.002 0.001 0.007 
  94   (0.010) 0.001 0.006 0.000 0.001 0.026 0.000 0.001 0.005 0.005 0.005 0.003 0.006 
 100   (0.013) 0.002 0.007 0.001 0.001 0.035 0.000 0.014 0.007 0.006 0.007 0.002 0.007 

Locus 43 : 43 
6 alleles
0.0% missing data
  95   (0.259) 0.048 0.250 0.325 0.512 0.247 0.396 0.422 0.251 0.253 0.183 0.213 0.248 
  99   (0.077) 0.339 0.073 0.064 0.006 0.024 0.301 0.008 0.074 0.068 0.020 0.064 0.074 
 101   (0.332) 0.031 0.332 0.347 0.292 0.326 0.228 0.169 0.331 0.322 0.545 0.439 0.334 
  97   (0.030) 0.366 0.026 0.001 0.002 0.015 0.028 0.014 0.023 0.021 0.013 0.003 0.022 
 103   (0.293) 0.216 0.315 0.263 0.176 0.386 0.047 0.387 0.318 0.332 0.237 0.280 0.317 
 105   (0.009) 0.001 0.005 0.000 0.011 0.002 0.000 0.001 0.004 0.003 0.002 0.001 0.004 

Locus 44 : 44 
8 alleles
0.0% missing data
 177   (0.068) 0.007 0.053 0.104 0.137 0.015 0.066 0.009 0.058 0.056 0.100 0.031 0.055 
 191   (0.277) 0.102 0.304 0.184 0.148 0.379 0.641 0.046 0.271 0.299 0.241 0.440 0.285 
 179   (0.023) 0.305 0.043 0.001 0.002 0.004 0.090 0.002 0.022 0.039 0.005 0.002 0.028 
 181   (0.580) 0.580 0.559 0.709 0.709 0.591 0.197 0.914 0.603 0.573 0.638 0.518 0.589 
 193   (0.016) 0.003 0.012 0.001 0.001 0.004 0.005 0.003 0.014 0.011 0.005 0.001 0.014 
 183   (0.012) 0.001 0.011 0.000 0.001 0.002 0.000 0.001 0.012 0.008 0.004 0.001 0.011 
 189   (0.016) 0.001 0.011 0.001 0.001 0.003 0.001 0.024 0.016 0.009 0.004 0.001 0.013 
 187   (0.009) 0.001 0.005 0.000 0.001 0.002 0.000 0.001 0.005 0.004 0.002 0.006 0.005 

Locus 45 : 45 
6 alleles
0.5% missing data
 205   (0.440) 0.316 0.478 0.496 0.341 0.457 0.330 0.278 0.477 0.490 0.605 0.442 0.477 
 211   (0.216) 0.162 0.222 0.204 0.320 0.297 0.378 0.157 0.196 0.213 0.141 0.279 0.206 
 207   (0.177) 0.048 0.161 0.176 0.125 0.086 0.109 0.446 0.192 0.169 0.201 0.105 0.182 
 201   (0.062) 0.463 0.056 0.046 0.087 0.021 0.052 0.006 0.051 0.060 0.020 0.055 0.053 
 215   (0.091) 0.010 0.071 0.078 0.126 0.136 0.062 0.111 0.076 0.058 0.030 0.118 0.072 
 202   (0.013) 0.001 0.012 0.001 0.001 0.003 0.069 0.001 0.009 0.010 0.004 0.001 0.010 

Locus 46 : 46 
10 alleles
0.0% missing data
 158   (0.195) 0.156 0.185 0.088 0.217 0.207 0.163 0.252 0.192 0.184 0.114 0.240 0.190 
 170   (0.022) 0.002 0.016 0.003 0.006 0.006 0.073 0.004 0.017 0.012 0.006 0.002 0.017 
 168   (0.151) 0.115 0.135 0.170 0.216 0.089 0.257 0.126 0.161 0.148 0.065 0.130 0.155 
 156   (0.030) 0.142 0.028 0.001 0.002 0.011 0.114 0.003 0.027 0.034 0.008 0.007 0.029 
 164   (0.040) 0.046 0.033 0.003 0.003 0.195 0.133 0.005 0.032 0.037 0.019 0.008 0.034 
 142   (0.279) 0.031 0.321 0.210 0.125 0.272 0.162 0.298 0.300 0.318 0.463 0.363 0.304 
 144   (0.056) 0.006 0.052 0.200 0.182 0.012 0.014 0.009 0.057 0.061 0.068 0.004 0.055 
 162   (0.055) 0.370 0.046 0.002 0.004 0.052 0.055 0.006 0.045 0.040 0.020 0.180 0.046 
 166   (0.160) 0.131 0.177 0.322 0.244 0.155 0.015 0.277 0.162 0.159 0.234 0.066 0.162 
 160   (0.013) 0.001 0.007 0.001 0.001 0.003 0.014 0.021 0.007 0.006 0.003 0.001 0.007 

Locus 47 : 47 
6 alleles
0.0% missing data
 149   (0.286) 0.475 0.285 0.107 0.094 0.176 0.739 0.216 0.319 0.291 0.414 0.110 0.305 
 145   (0.246) 0.357 0.241 0.220 0.207 0.221 0.075 0.663 0.210 0.237 0.332 0.392 0.226 
 151   (0.223) 0.142 0.218 0.371 0.086 0.349 0.122 0.030 0.211 0.206 0.169 0.354 0.216 
 143   (0.017) 0.002 0.013 0.001 0.001 0.003 0.029 0.002 0.015 0.013 0.004 0.001 0.016 
 153   (0.215) 0.023 0.234 0.273 0.611 0.248 0.035 0.088 0.235 0.245 0.079 0.141 0.229 
 147   (0.013) 0.001 0.009 0.028 0.001 0.003 0.001 0.001 0.009 0.007 0.003 0.001 0.009 

Values of parameters used in structure:
DATAFILE=temp1.str,	OUTFILE=k12/temp1_k12_run3,	NUMINDS=395,	NUMLOCI=47,	MISSING=-9,	LABEL=1,	POPDATA=1,	POPFLAG=0,	PHENOTYPE=0,	EXTRACOLS=0,	MAXPOPS=12,	BURNIN=500000,	NUMREPS=750000,	USEPOPINFO=0,	INFERALPHA=1,	INFERLAMBDA=0,	POPSPECIFICLAMBDA=0,	POPALPHAS=0,	COMPUTEPROB=1,	NOADMIX=0,	ADMBURNIN=500,	UPDATEFREQ=100,	PRINTLIKES=0,	INTERMEDSAVE=0,	PRINTKLD=0,	PRINTNET=1,	PRINTLAMBDA=1,	ANCESTDIST=0,	NUMBOXES=1000,	ANCESTPINT=0.90000,	GENSBACK=2,	MIGRPRIOR=0.01000,	PRINTQHAT=0,	PRINTQSUM=1,	ALPHA=1.0000,	FREQSCORR=1,	FPRIORMEAN=0.0100,	FPRIORSD=0.0500,	ONEFST=0,	LAMBDA=1.0000,	UNIFPRIORALPHA=1,	ALPHAMAX=10.0000,	ALPHAPRIORA=1.0000,	ALPHAPRIORB=2.0000,	ALPHAPROPSD=0.0250,	STARTATPOPINFO=0,	RANDOMIZE=0,	LINKAGE=0,	METROFREQ=10,	REPORTHITRATE=0,	MARKOVPHASE=0,	PHASED=1,	PLOIDY=2,	PHASEINFO=0	LOCPRIOR=0, 	LOCPRIORINIT=1.000000, 	LOCDATA=0, 	LOCISPOP=1, 	LOCPRIORSTEP=0.100000, 	MAXLOCPRIOR=20.000000, 	SEED=980982,	
[STRAT parameters]:    NUMSIMSTATS=1000,	PHENOTYPECOL=-9,	POOLFREQ=10,	LOCUSxONLY=0,	EMERROR=0.00100,	MISSINGPHENO=-9,	