

----------------------------------------------------
STRUCTURE by Pritchard, Stephens and Donnelly (2000)
     and Falush, Stephens and Pritchard (2003)
       Code by Pritchard, Falush and Hubisz
             Version 2.3.4 (Jul 2012)
----------------------------------------------------



Command line arguments:   structure -D 599303 -K 10 -m mainparams -o k10/temp1_k10_run9 
Input File:    temp1.str

Run parameters:
   395 individuals
   47 loci
   10 populations assumed
   500000 Burn-in period
   750000 Reps
RANDOMIZE turned off


--------------------------------------------
Proportion of membership of each pre-defined
 population in each of the 10 clusters

Given    Inferred Clusters                                                        Number of
 Pop       1      2      3      4      5      6      7      8      9     10      Individuals

  1:     0.957  0.004  0.006  0.005  0.005  0.004  0.008  0.004  0.005  0.004       62
  2:     0.003  0.009  0.006  0.010  0.010  0.010  0.003  0.011  0.012  0.926       79
  3:     0.003  0.033  0.015  0.011  0.014  0.011  0.003  0.021  0.014  0.876       12
  4:     0.003  0.009  0.005  0.009  0.009  0.008  0.004  0.009  0.008  0.937       33
  5:     0.013  0.802  0.008  0.021  0.073  0.019  0.004  0.034  0.017  0.010       81
  6:     0.004  0.010  0.006  0.022  0.023  0.026  0.011  0.014  0.011  0.874        7
  7:     0.004  0.005  0.897  0.014  0.013  0.016  0.003  0.014  0.025  0.010       19
  8:     0.006  0.003  0.009  0.004  0.004  0.004  0.957  0.003  0.005  0.003       10
  9:     0.014  0.021  0.009  0.196  0.138  0.190  0.027  0.120  0.273  0.013       10
 10:     0.019  0.038  0.027  0.155  0.137  0.176  0.011  0.046  0.340  0.050       23
 11:     0.007  0.041  0.016  0.247  0.179  0.307  0.007  0.087  0.093  0.016       11
 12:     0.007  0.010  0.006  0.161  0.077  0.132  0.005  0.442  0.094  0.065       18
 13:     0.092  0.041  0.010  0.182  0.155  0.188  0.024  0.041  0.208  0.059       25
 14:     0.004  0.009  0.023  0.115  0.091  0.136  0.002  0.321  0.258  0.041        5
--------------------------------------------

Allele-freq. divergence among pops (Net nucleotide distance),
computed using point estimates of P.

      1       2       3       4       5       6       7       8       9      10      
 1      -    0.0903  0.1137  0.0712  0.0732  0.0742  0.1090  0.1042  0.0734  0.1202  
 2   0.0903     -    0.0671  0.0181  0.0134  0.0191  0.1166  0.0329  0.0219  0.0417  
 3   0.1137  0.0671     -    0.0546  0.0532  0.0573  0.1282  0.0674  0.0546  0.0734  
 4   0.0712  0.0181  0.0546     -    0.0015  0.0004  0.1037  0.0155  0.0033  0.0259  
 5   0.0732  0.0134  0.0532  0.0015     -    0.0019  0.1024  0.0159  0.0038  0.0260  
 6   0.0742  0.0191  0.0573  0.0004  0.0019     -    0.1056  0.0164  0.0038  0.0265  
 7   0.1090  0.1166  0.1282  0.1037  0.1024  0.1056     -    0.1294  0.1073  0.1375  
 8   0.1042  0.0329  0.0674  0.0155  0.0159  0.0164  0.1294     -    0.0185  0.0370  
 9   0.0734  0.0219  0.0546  0.0033  0.0038  0.0038  0.1073  0.0185     -    0.0255  
10   0.1202  0.0417  0.0734  0.0259  0.0260  0.0265  0.1375  0.0370  0.0255     -    

Average distances (expected heterozygosity) between individuals in same cluster:
cluster  1  : 0.6389 
cluster  2  : 0.5974 
cluster  3  : 0.5500 
cluster  4  : 0.6403 
cluster  5  : 0.6392 
cluster  6  : 0.6349 
cluster  7  : 0.5449 
cluster  8  : 0.5903 
cluster  9  : 0.6323 
cluster 10  : 0.5637 

--------------------------------------------
Estimated Ln Prob of Data   = -44015.9
Mean value of ln likelihood = -42092.8
Variance of ln likelihood   = 3846.3
Mean value of alpha         = 0.0315

Mean value of Fst_1         = 0.1691
Mean value of Fst_2         = 0.0980
Mean value of Fst_3         = 0.2046
Mean value of Fst_4         = 0.0360
Mean value of Fst_5         = 0.0467
Mean value of Fst_6         = 0.0481
Mean value of Fst_7         = 0.3011
Mean value of Fst_8         = 0.1026
Mean value of Fst_9         = 0.0335
Mean value of Fst_10         = 0.1201


Inferred ancestry of individuals:
        Label (%Miss) Pop:  Inferred clusters
  1      187    (0)    1 :  0.983 0.002 0.002 0.002 0.002 0.002 0.002 0.002 0.002 0.002 
  2      188    (0)    1 :  0.969 0.004 0.003 0.004 0.004 0.004 0.002 0.003 0.004 0.003 
  3      189    (0)    1 :  0.982 0.002 0.001 0.002 0.002 0.003 0.002 0.002 0.002 0.002 
  4      190    (0)    1 :  0.980 0.002 0.002 0.003 0.002 0.002 0.001 0.003 0.003 0.002 
  5      191    (0)    1 :  0.984 0.002 0.001 0.002 0.002 0.002 0.004 0.001 0.002 0.001 
  6      247    (0)    1 :  0.980 0.002 0.002 0.002 0.002 0.002 0.003 0.002 0.002 0.002 
  7      281    (0)    1 :  0.982 0.001 0.003 0.002 0.002 0.002 0.003 0.001 0.002 0.001 
  8      282    (0)    1 :  0.974 0.002 0.002 0.003 0.003 0.003 0.001 0.005 0.003 0.004 
  9      283    (0)    1 :  0.981 0.003 0.002 0.002 0.002 0.002 0.002 0.001 0.002 0.002 
 10      284    (0)    1 :  0.990 0.001 0.001 0.001 0.001 0.001 0.001 0.001 0.001 0.001 
 11      285    (0)    1 :  0.967 0.003 0.003 0.004 0.004 0.004 0.003 0.004 0.005 0.003 
 12      286    (0)    1 :  0.979 0.003 0.002 0.002 0.003 0.003 0.002 0.002 0.003 0.002 
 13      288    (0)    1 :  0.933 0.010 0.014 0.008 0.007 0.006 0.002 0.004 0.008 0.008 
 14      289    (0)    1 :  0.973 0.002 0.001 0.003 0.002 0.003 0.011 0.002 0.002 0.001 
 15      292    (0)    1 :  0.949 0.002 0.020 0.004 0.005 0.004 0.004 0.004 0.005 0.002 
 16      293    (0)    1 :  0.967 0.004 0.005 0.004 0.004 0.004 0.005 0.002 0.004 0.003 
 17      294    (0)    1 :  0.975 0.002 0.004 0.003 0.003 0.003 0.003 0.002 0.003 0.002 
 18      297    (0)    1 :  0.972 0.003 0.006 0.003 0.003 0.003 0.003 0.002 0.003 0.003 
 19      298    (0)    1 :  0.878 0.006 0.016 0.022 0.019 0.019 0.002 0.011 0.017 0.010 
 20      299    (0)    1 :  0.965 0.005 0.002 0.005 0.005 0.004 0.001 0.005 0.004 0.004 
 21      300    (0)    1 :  0.967 0.003 0.003 0.003 0.003 0.003 0.005 0.003 0.003 0.006 
 22      301    (0)    1 :  0.926 0.008 0.004 0.007 0.009 0.005 0.003 0.004 0.006 0.030 
 23      302    (0)    1 :  0.945 0.003 0.004 0.004 0.004 0.004 0.028 0.004 0.003 0.002 
 24      303    (0)    1 :  0.958 0.008 0.004 0.005 0.007 0.004 0.003 0.003 0.005 0.004 
 25      304    (0)    1 :  0.981 0.002 0.002 0.002 0.002 0.002 0.002 0.002 0.002 0.002 
 26      305    (0)    1 :  0.922 0.003 0.006 0.009 0.008 0.008 0.003 0.008 0.011 0.023 
 27      306    (0)    1 :  0.967 0.002 0.005 0.005 0.004 0.005 0.003 0.003 0.005 0.002 
 28      308    (0)    1 :  0.949 0.003 0.007 0.003 0.003 0.002 0.025 0.004 0.002 0.002 
 29      309    (0)    1 :  0.881 0.014 0.003 0.022 0.021 0.020 0.002 0.016 0.013 0.008 
 30      310    (0)    1 :  0.981 0.004 0.002 0.002 0.002 0.002 0.002 0.002 0.002 0.002 
 31      311    (0)    1 :  0.977 0.002 0.003 0.003 0.003 0.003 0.002 0.002 0.002 0.003 
 32      312    (0)    1 :  0.976 0.006 0.001 0.002 0.004 0.002 0.003 0.002 0.003 0.002 
 33      313    (0)    1 :  0.959 0.004 0.003 0.004 0.004 0.003 0.012 0.005 0.004 0.002 
 34      314    (0)    1 :  0.969 0.002 0.007 0.004 0.004 0.003 0.002 0.002 0.004 0.003 
 35      315    (0)    1 :  0.971 0.005 0.002 0.004 0.003 0.004 0.001 0.002 0.004 0.004 
 36      316    (0)    1 :  0.989 0.001 0.001 0.001 0.001 0.001 0.002 0.001 0.001 0.001 
 37      317    (0)    1 :  0.961 0.008 0.002 0.003 0.004 0.004 0.010 0.002 0.003 0.003 
 38      344    (0)    1 :  0.982 0.002 0.001 0.003 0.002 0.003 0.001 0.002 0.003 0.002 
 39      352    (0)    1 :  0.904 0.002 0.003 0.004 0.004 0.004 0.069 0.002 0.005 0.002 
 40      353    (0)    1 :  0.966 0.003 0.004 0.003 0.003 0.003 0.007 0.004 0.004 0.002 
 41      649    (0)    1 :  0.981 0.002 0.002 0.002 0.002 0.002 0.002 0.002 0.002 0.002 
 42      650    (0)    1 :  0.983 0.002 0.002 0.002 0.002 0.002 0.001 0.002 0.003 0.001 
 43      651    (0)    1 :  0.959 0.004 0.002 0.006 0.005 0.006 0.003 0.008 0.006 0.002 
 44      652    (0)    1 :  0.980 0.003 0.003 0.002 0.002 0.002 0.003 0.002 0.003 0.001 
 45      653    (0)    1 :  0.945 0.011 0.010 0.006 0.005 0.006 0.004 0.004 0.005 0.003 
 46      654    (0)    1 :  0.968 0.006 0.005 0.004 0.004 0.003 0.002 0.002 0.003 0.003 
 47      655    (0)    1 :  0.966 0.001 0.001 0.002 0.002 0.002 0.021 0.001 0.002 0.001 
 48      656    (0)    1 :  0.874 0.002 0.002 0.002 0.003 0.002 0.107 0.002 0.004 0.002 
 49      657    (0)    1 :  0.931 0.008 0.004 0.008 0.007 0.008 0.019 0.004 0.007 0.004 
 50      658    (0)    1 :  0.951 0.011 0.010 0.004 0.004 0.004 0.004 0.003 0.005 0.003 
 51      659    (0)    1 :  0.915 0.004 0.010 0.012 0.010 0.011 0.015 0.007 0.011 0.006 
 52      660    (0)    1 :  0.954 0.008 0.003 0.006 0.006 0.007 0.002 0.004 0.006 0.005 
 53      661    (0)    1 :  0.976 0.003 0.001 0.002 0.002 0.002 0.007 0.003 0.002 0.002 
 54      662    (0)    1 :  0.970 0.002 0.003 0.004 0.003 0.004 0.002 0.002 0.004 0.006 
 55      663    (0)    1 :  0.962 0.002 0.008 0.005 0.004 0.005 0.003 0.003 0.005 0.003 
 56      664    (0)    1 :  0.869 0.010 0.014 0.018 0.016 0.016 0.003 0.022 0.023 0.008 
 57      665    (0)    1 :  0.975 0.006 0.002 0.003 0.003 0.003 0.002 0.002 0.002 0.003 
 58      666    (0)    1 :  0.953 0.004 0.007 0.003 0.004 0.003 0.019 0.002 0.003 0.002 
 59      667    (0)    1 :  0.891 0.002 0.061 0.005 0.005 0.005 0.003 0.013 0.007 0.007 
 60      668    (0)    1 :  0.958 0.003 0.008 0.006 0.005 0.005 0.002 0.004 0.006 0.004 
 61      669    (0)    1 :  0.906 0.008 0.018 0.012 0.014 0.012 0.003 0.010 0.009 0.007 
 62      670    (0)    1 :  0.974 0.003 0.007 0.002 0.002 0.002 0.004 0.002 0.002 0.002 
 63      797    (0)   10 :  0.003 0.015 0.014 0.068 0.062 0.152 0.002 0.027 0.600 0.058 
 64      798    (0)   10 :  0.002 0.005 0.003 0.109 0.085 0.164 0.001 0.093 0.529 0.010 
 65      799    (0)   10 :  0.006 0.008 0.031 0.061 0.060 0.157 0.003 0.006 0.666 0.003 
 66      800    (0)   10 :  0.004 0.089 0.003 0.222 0.182 0.156 0.004 0.116 0.206 0.016 
 67      823    (0)   10 :  0.117 0.008 0.378 0.107 0.124 0.076 0.012 0.043 0.120 0.014 
 68      824    (0)   10 :  0.001 0.003 0.003 0.267 0.177 0.532 0.003 0.007 0.004 0.004 
 69      825    (0)   10 :  0.006 0.012 0.011 0.296 0.271 0.186 0.003 0.057 0.154 0.005 
 70      826    (0)   10 :  0.009 0.304 0.004 0.130 0.225 0.085 0.023 0.056 0.129 0.035 
 71      827    (0)   10 :  0.008 0.008 0.004 0.319 0.127 0.253 0.002 0.009 0.094 0.177 
 72      836    (0)   10 :  0.001 0.010 0.003 0.062 0.059 0.169 0.001 0.012 0.670 0.013 
 73      837    (0)   10 :  0.010 0.019 0.003 0.171 0.191 0.152 0.035 0.005 0.405 0.009 
 74      838    (0)   10 :  0.002 0.161 0.003 0.247 0.194 0.268 0.002 0.048 0.065 0.011 
 75      839    (0)   10 :  0.002 0.022 0.011 0.067 0.075 0.148 0.003 0.038 0.536 0.098 
 76      840    (0)   10 :  0.046 0.011 0.009 0.186 0.149 0.164 0.001 0.138 0.295 0.002 
 77      841    (0)   10 :  0.007 0.011 0.007 0.163 0.117 0.162 0.002 0.205 0.278 0.046 
 78      842    (0)   10 :  0.021 0.017 0.005 0.158 0.131 0.160 0.002 0.026 0.455 0.024 
 79      843    (0)   10 :  0.011 0.017 0.003 0.106 0.117 0.165 0.002 0.016 0.556 0.007 
 80      845    (0)   10 :  0.002 0.007 0.004 0.271 0.225 0.187 0.002 0.014 0.243 0.045 
 81      846    (0)   10 :  0.004 0.016 0.009 0.076 0.094 0.146 0.004 0.073 0.554 0.024 
 82      847    (2)   10 :  0.116 0.023 0.093 0.190 0.190 0.117 0.112 0.015 0.139 0.004 
 83      848    (0)   10 :  0.057 0.047 0.007 0.098 0.120 0.140 0.008 0.004 0.512 0.007 
 84      849    (0)   10 :  0.002 0.051 0.004 0.065 0.079 0.129 0.027 0.013 0.446 0.183 
 85      855    (0)   10 :  0.005 0.015 0.002 0.132 0.107 0.179 0.007 0.043 0.158 0.351 
 86      793    (0)   11 :  0.005 0.076 0.002 0.264 0.216 0.388 0.004 0.010 0.029 0.008 
 87      794    (0)   11 :  0.006 0.010 0.003 0.212 0.164 0.206 0.007 0.011 0.318 0.064 
 88      828    (0)   11 :  0.003 0.056 0.003 0.362 0.108 0.348 0.005 0.043 0.068 0.003 
 89      829    (4)   11 :  0.005 0.023 0.002 0.277 0.239 0.363 0.001 0.012 0.049 0.029 
 90      830    (0)   11 :  0.005 0.025 0.025 0.248 0.203 0.331 0.004 0.079 0.067 0.012 
 91      831    (2)   11 :  0.009 0.006 0.009 0.262 0.176 0.493 0.006 0.022 0.008 0.009 
 92      832    (0)   11 :  0.008 0.030 0.002 0.052 0.063 0.066 0.005 0.647 0.114 0.014 
 93      833    (2)   11 :  0.004 0.054 0.003 0.310 0.153 0.422 0.006 0.006 0.033 0.008 
 94      835    (0)   11 :  0.014 0.083 0.115 0.122 0.323 0.093 0.037 0.037 0.157 0.019 
 95      870    (0)   11 :  0.007 0.081 0.006 0.213 0.210 0.277 0.002 0.072 0.125 0.007 
 96      871    (0)   11 :  0.009 0.008 0.003 0.394 0.111 0.396 0.002 0.017 0.053 0.007 
 97      451    (0)   12 :  0.007 0.006 0.002 0.257 0.171 0.293 0.007 0.006 0.198 0.053 
 98      452    (4)   12 :  0.002 0.004 0.005 0.007 0.006 0.007 0.002 0.941 0.008 0.017 
 99      453    (4)   12 :  0.002 0.004 0.007 0.009 0.008 0.012 0.002 0.944 0.007 0.005 
100      454    (2)   12 :  0.013 0.020 0.009 0.393 0.155 0.264 0.008 0.066 0.062 0.012 
101      455    (4)   12 :  0.003 0.014 0.016 0.385 0.152 0.276 0.002 0.083 0.051 0.018 
102      795    (0)   12 :  0.001 0.010 0.004 0.012 0.009 0.008 0.001 0.940 0.008 0.006 
103      796    (0)   12 :  0.014 0.003 0.003 0.263 0.158 0.285 0.002 0.025 0.236 0.011 
104      802    (0)   12 :  0.005 0.004 0.003 0.013 0.013 0.013 0.001 0.893 0.012 0.043 
105      804    (0)   12 :  0.002 0.025 0.006 0.326 0.143 0.203 0.001 0.162 0.089 0.043 
106      805    (0)   12 :  0.053 0.017 0.012 0.279 0.107 0.203 0.002 0.013 0.091 0.221 
107      851    (0)   12 :  0.001 0.007 0.003 0.004 0.006 0.005 0.008 0.960 0.003 0.003 
108      852    (0)   12 :  0.001 0.006 0.004 0.011 0.006 0.007 0.001 0.949 0.005 0.008 
109      854    (0)   12 :  0.003 0.013 0.007 0.112 0.111 0.164 0.002 0.027 0.556 0.005 
110      858    (0)   12 :  0.001 0.006 0.006 0.372 0.128 0.279 0.002 0.025 0.093 0.089 
111      859    (0)   12 :  0.002 0.031 0.010 0.103 0.070 0.088 0.002 0.033 0.115 0.547 
112      860    (0)   12 :  0.004 0.006 0.005 0.335 0.129 0.262 0.038 0.017 0.144 0.060 
113      862    (0)   12 :  0.002 0.005 0.006 0.005 0.006 0.005 0.001 0.947 0.006 0.016 
114      863    (0)   12 :  0.001 0.006 0.004 0.010 0.008 0.010 0.001 0.929 0.007 0.023 
115      450    (0)   13 :  0.006 0.010 0.016 0.268 0.247 0.227 0.003 0.017 0.173 0.032 
116      791    (0)   13 :  0.043 0.012 0.006 0.120 0.121 0.158 0.003 0.064 0.463 0.010 
117      792    (0)   13 :  0.081 0.010 0.011 0.266 0.249 0.136 0.114 0.004 0.123 0.006 
118      803    (0)   13 :  0.064 0.119 0.012 0.161 0.166 0.127 0.272 0.011 0.066 0.003 
119      806    (0)   13 :  0.223 0.102 0.006 0.196 0.222 0.113 0.003 0.012 0.119 0.004 
120      807    (0)   13 :  0.006 0.005 0.005 0.048 0.045 0.161 0.002 0.007 0.717 0.004 
121      808    (0)   13 :  0.006 0.018 0.003 0.365 0.121 0.370 0.003 0.008 0.096 0.011 
122      809    (0)   13 :  0.097 0.360 0.007 0.104 0.142 0.060 0.025 0.138 0.058 0.009 
123      810    (0)   13 :  0.074 0.014 0.033 0.189 0.198 0.142 0.032 0.009 0.279 0.031 
124      811    (0)   13 :  0.242 0.008 0.006 0.157 0.168 0.133 0.003 0.014 0.260 0.008 
125      812    (0)   13 :  0.013 0.111 0.015 0.144 0.158 0.137 0.003 0.014 0.397 0.008 
126      813    (0)   13 :  0.181 0.024 0.004 0.164 0.118 0.195 0.002 0.229 0.047 0.035 
127      814    (0)   13 :  0.017 0.010 0.006 0.278 0.173 0.428 0.005 0.014 0.044 0.024 
128      834    (0)   13 :  0.019 0.005 0.002 0.110 0.101 0.167 0.004 0.007 0.569 0.015 
129      844    (0)   13 :  0.002 0.007 0.004 0.099 0.054 0.112 0.003 0.037 0.117 0.566 
130      850    (0)   13 :  0.337 0.019 0.008 0.220 0.067 0.201 0.005 0.110 0.029 0.003 
131      856    (0)   13 :  0.312 0.006 0.012 0.220 0.114 0.121 0.003 0.093 0.114 0.003 
132      857    (0)   13 :  0.286 0.012 0.014 0.175 0.236 0.104 0.007 0.066 0.096 0.005 
133      861    (0)   13 :  0.004 0.026 0.013 0.279 0.153 0.373 0.004 0.034 0.088 0.025 
134      864    (0)   13 :  0.004 0.004 0.016 0.185 0.235 0.161 0.005 0.008 0.367 0.015 
135      865    (0)   13 :  0.006 0.019 0.010 0.106 0.076 0.116 0.009 0.009 0.053 0.597 
136      866    (0)   13 :  0.039 0.078 0.003 0.209 0.191 0.199 0.007 0.110 0.159 0.005 
137      867    (0)   13 :  0.007 0.036 0.019 0.170 0.263 0.145 0.015 0.008 0.313 0.026 
138      868    (0)   13 :  0.027 0.006 0.004 0.253 0.175 0.487 0.021 0.007 0.012 0.008 
139      869    (0)   13 :  0.194 0.009 0.005 0.068 0.080 0.121 0.050 0.005 0.453 0.014 
140      004    (0)   14 :  0.004 0.008 0.060 0.086 0.074 0.112 0.002 0.531 0.068 0.053 
141      008    (0)   14 :  0.004 0.024 0.029 0.266 0.180 0.217 0.002 0.035 0.175 0.068 
142      013    (0)   14 :  0.004 0.009 0.009 0.132 0.110 0.158 0.005 0.078 0.426 0.070 
143      109    (0)   14 :  0.003 0.002 0.011 0.085 0.082 0.187 0.002 0.006 0.612 0.010 
144      348    (0)   14 :  0.003 0.004 0.004 0.008 0.007 0.007 0.001 0.957 0.007 0.003 
145      014    (0)    2 :  0.012 0.005 0.009 0.017 0.015 0.016 0.003 0.004 0.015 0.904 
146      015    (0)    2 :  0.004 0.009 0.003 0.007 0.008 0.007 0.001 0.004 0.014 0.943 
147      016    (0)    2 :  0.002 0.011 0.002 0.006 0.005 0.006 0.002 0.005 0.007 0.954 
148      017    (0)    2 :  0.002 0.008 0.006 0.010 0.013 0.011 0.002 0.009 0.015 0.925 
149      018    (0)    2 :  0.003 0.018 0.004 0.007 0.007 0.007 0.004 0.005 0.006 0.940 
150      023    (0)    2 :  0.003 0.019 0.004 0.012 0.010 0.012 0.004 0.007 0.007 0.923 
151      025    (0)    2 :  0.002 0.004 0.005 0.009 0.007 0.009 0.002 0.011 0.007 0.945 
152      026    (0)    2 :  0.001 0.003 0.002 0.003 0.003 0.003 0.001 0.003 0.004 0.976 
153      027    (0)    2 :  0.003 0.008 0.002 0.040 0.043 0.038 0.003 0.006 0.077 0.781 
154      028    (0)    2 :  0.002 0.023 0.003 0.008 0.007 0.007 0.003 0.004 0.005 0.938 
155      029    (0)    2 :  0.002 0.005 0.003 0.005 0.006 0.006 0.001 0.060 0.008 0.902 
156      030    (0)    2 :  0.003 0.012 0.007 0.010 0.012 0.010 0.002 0.007 0.018 0.920 
157      031    (0)    2 :  0.011 0.017 0.003 0.007 0.008 0.007 0.002 0.007 0.006 0.931 
158      032    (0)    2 :  0.001 0.009 0.010 0.006 0.010 0.005 0.005 0.015 0.005 0.933 
159      035    (0)    2 :  0.001 0.003 0.002 0.003 0.003 0.003 0.001 0.004 0.003 0.978 
160      037    (0)    2 :  0.002 0.009 0.004 0.005 0.005 0.005 0.002 0.005 0.006 0.958 
161      038    (0)    2 :  0.002 0.015 0.030 0.007 0.007 0.008 0.003 0.005 0.004 0.919 
162      039    (0)    2 :  0.001 0.004 0.002 0.002 0.003 0.003 0.002 0.002 0.003 0.978 
163      040    (0)    2 :  0.026 0.013 0.002 0.014 0.018 0.017 0.002 0.008 0.022 0.877 
164      041    (0)    2 :  0.003 0.010 0.002 0.006 0.005 0.006 0.002 0.004 0.005 0.958 
165      043    (0)    2 :  0.001 0.003 0.002 0.003 0.003 0.003 0.001 0.003 0.003 0.980 
166      045    (0)    2 :  0.001 0.008 0.004 0.005 0.005 0.005 0.002 0.010 0.008 0.951 
167      046    (0)    2 :  0.004 0.013 0.002 0.020 0.017 0.027 0.002 0.010 0.014 0.892 
168      047    (0)    2 :  0.002 0.008 0.003 0.007 0.006 0.006 0.001 0.003 0.008 0.956 
169      050    (0)    2 :  0.001 0.002 0.002 0.002 0.002 0.002 0.001 0.003 0.002 0.983 
170      052    (0)    2 :  0.001 0.003 0.002 0.003 0.003 0.004 0.001 0.004 0.004 0.975 
171      053    (0)    2 :  0.002 0.003 0.001 0.003 0.003 0.003 0.001 0.004 0.004 0.976 
172      054    (0)    2 :  0.004 0.018 0.003 0.015 0.018 0.015 0.008 0.013 0.016 0.890 
173      055    (0)    2 :  0.002 0.006 0.003 0.004 0.004 0.004 0.002 0.003 0.005 0.967 
174      056    (0)    2 :  0.002 0.005 0.002 0.006 0.007 0.007 0.002 0.020 0.006 0.943 
175      057    (0)    2 :  0.023 0.004 0.005 0.021 0.015 0.021 0.002 0.007 0.016 0.886 
176      058    (0)    2 :  0.003 0.015 0.042 0.017 0.018 0.014 0.003 0.023 0.016 0.849 
177      059    (0)    2 :  0.003 0.033 0.006 0.013 0.019 0.014 0.002 0.009 0.011 0.889 
178      060    (0)    2 :  0.002 0.007 0.003 0.005 0.005 0.005 0.002 0.005 0.006 0.960 
179      350    (0)    2 :  0.002 0.003 0.004 0.005 0.005 0.004 0.007 0.007 0.004 0.959 
180      351    (0)    2 :  0.001 0.011 0.002 0.007 0.005 0.007 0.001 0.006 0.009 0.950 
181      354    (0)    2 :  0.002 0.009 0.005 0.004 0.005 0.004 0.001 0.003 0.004 0.963 
182      374    (0)    2 :  0.002 0.008 0.011 0.046 0.034 0.048 0.002 0.019 0.098 0.731 
183      378    (0)    2 :  0.002 0.006 0.003 0.013 0.011 0.015 0.001 0.021 0.015 0.912 
184      381    (0)    2 :  0.001 0.007 0.002 0.005 0.006 0.005 0.002 0.003 0.006 0.964 
185      382    (0)    2 :  0.002 0.009 0.008 0.007 0.011 0.007 0.005 0.005 0.008 0.939 
186      384    (0)    2 :  0.007 0.004 0.002 0.005 0.005 0.005 0.001 0.004 0.005 0.961 
187      555    (0)    2 :  0.005 0.006 0.010 0.008 0.009 0.009 0.006 0.003 0.012 0.933 
188      671    (0)    2 :  0.002 0.010 0.036 0.041 0.045 0.046 0.004 0.118 0.061 0.637 
189      672    (0)    2 :  0.005 0.012 0.008 0.010 0.009 0.009 0.002 0.037 0.006 0.902 
190      705    (0)    2 :  0.001 0.004 0.016 0.003 0.003 0.003 0.001 0.006 0.003 0.959 
191      706    (0)    2 :  0.001 0.005 0.002 0.004 0.004 0.004 0.001 0.004 0.005 0.970 
192      707    (0)    2 :  0.002 0.003 0.004 0.004 0.006 0.004 0.003 0.004 0.004 0.966 
193      708    (0)    2 :  0.019 0.008 0.004 0.027 0.029 0.025 0.026 0.004 0.016 0.843 
194      758    (0)    2 :  0.001 0.012 0.004 0.012 0.012 0.014 0.004 0.010 0.014 0.917 
195      759    (0)    2 :  0.002 0.016 0.006 0.007 0.006 0.007 0.001 0.027 0.006 0.921 
196      760    (0)    2 :  0.001 0.009 0.002 0.009 0.007 0.009 0.002 0.011 0.006 0.945 
197      761    (0)    2 :  0.004 0.015 0.004 0.004 0.005 0.004 0.002 0.004 0.004 0.953 
198      762    (0)    2 :  0.002 0.009 0.007 0.006 0.005 0.005 0.002 0.005 0.006 0.953 
199      763    (0)    2 :  0.002 0.005 0.004 0.006 0.006 0.006 0.001 0.006 0.006 0.958 
200      764    (0)    2 :  0.001 0.003 0.004 0.003 0.003 0.003 0.003 0.003 0.003 0.975 
201      765    (0)    2 :  0.003 0.009 0.003 0.012 0.011 0.010 0.002 0.006 0.012 0.931 
202      766    (0)    2 :  0.001 0.002 0.002 0.002 0.002 0.002 0.001 0.002 0.002 0.985 
203      767    (0)    2 :  0.002 0.007 0.028 0.005 0.005 0.005 0.006 0.004 0.005 0.934 
204      768    (0)    2 :  0.003 0.004 0.002 0.003 0.003 0.003 0.002 0.003 0.004 0.973 
205      769    (0)    2 :  0.002 0.010 0.002 0.010 0.011 0.010 0.001 0.005 0.016 0.932 
206      770    (0)    2 :  0.002 0.028 0.002 0.031 0.023 0.028 0.003 0.005 0.016 0.861 
207      771    (0)    2 :  0.002 0.009 0.004 0.010 0.017 0.008 0.002 0.007 0.009 0.931 
208      772    (0)    2 :  0.001 0.012 0.003 0.052 0.069 0.078 0.001 0.155 0.150 0.479 
209      773    (0)    2 :  0.004 0.007 0.015 0.004 0.005 0.004 0.002 0.003 0.004 0.951 
210      774    (0)    2 :  0.003 0.051 0.003 0.014 0.014 0.015 0.003 0.006 0.017 0.873 
211      775    (0)    2 :  0.001 0.002 0.003 0.003 0.003 0.003 0.001 0.007 0.003 0.973 
212      776    (0)    2 :  0.002 0.006 0.003 0.005 0.005 0.005 0.002 0.006 0.005 0.961 
213      777    (0)    2 :  0.002 0.003 0.004 0.003 0.003 0.003 0.002 0.002 0.003 0.975 
214      778    (0)    2 :  0.001 0.003 0.006 0.003 0.003 0.003 0.002 0.006 0.003 0.969 
215      779    (0)    2 :  0.003 0.006 0.004 0.004 0.005 0.004 0.006 0.005 0.004 0.960 
216      780    (0)    2 :  0.003 0.002 0.002 0.006 0.006 0.007 0.001 0.004 0.011 0.958 
217      781    (0)    2 :  0.003 0.005 0.004 0.008 0.008 0.007 0.001 0.010 0.011 0.943 
218      782    (0)    2 :  0.002 0.004 0.006 0.005 0.005 0.005 0.001 0.006 0.006 0.961 
219      783    (0)    2 :  0.001 0.006 0.003 0.004 0.004 0.004 0.002 0.004 0.003 0.969 
220      784    (0)    2 :  0.006 0.003 0.006 0.023 0.015 0.022 0.002 0.011 0.018 0.892 
221      785    (0)    2 :  0.004 0.002 0.005 0.004 0.004 0.004 0.001 0.003 0.005 0.968 
222      786    (0)    2 :  0.002 0.004 0.003 0.003 0.004 0.003 0.001 0.003 0.004 0.975 
223      787    (0)    2 :  0.006 0.046 0.005 0.010 0.014 0.010 0.002 0.005 0.017 0.887 
224      115    (0)    3 :  0.002 0.005 0.002 0.004 0.004 0.004 0.001 0.006 0.004 0.968 
225      116    (0)    3 :  0.002 0.032 0.004 0.007 0.009 0.008 0.003 0.007 0.009 0.919 
226      117    (0)    3 :  0.002 0.018 0.004 0.017 0.016 0.019 0.002 0.011 0.037 0.873 
227      118    (0)    3 :  0.002 0.013 0.119 0.018 0.019 0.014 0.003 0.037 0.018 0.757 
228      119    (0)    3 :  0.002 0.112 0.006 0.010 0.014 0.011 0.007 0.010 0.023 0.804 
229      389    (0)    3 :  0.003 0.003 0.001 0.003 0.003 0.003 0.001 0.003 0.003 0.976 
230      548    (0)    3 :  0.004 0.018 0.013 0.013 0.013 0.011 0.006 0.005 0.013 0.903 
231      549    (0)    3 :  0.002 0.014 0.002 0.006 0.007 0.006 0.002 0.024 0.005 0.933 
232      550    (0)    3 :  0.006 0.138 0.012 0.024 0.044 0.018 0.004 0.046 0.022 0.687 
233      551    (0)    3 :  0.004 0.015 0.003 0.006 0.007 0.006 0.003 0.004 0.009 0.942 
234      552    (0)    3 :  0.001 0.018 0.003 0.016 0.030 0.021 0.003 0.082 0.017 0.810 
235      553    (0)    3 :  0.001 0.010 0.006 0.006 0.008 0.007 0.003 0.017 0.005 0.936 
236      009    (0)    4 :  0.002 0.003 0.002 0.003 0.003 0.003 0.003 0.003 0.003 0.976 
237      042    (0)    4 :  0.004 0.014 0.008 0.018 0.016 0.014 0.001 0.019 0.015 0.890 
238      044    (0)    4 :  0.008 0.020 0.003 0.016 0.017 0.020 0.002 0.008 0.011 0.896 
239      086    (0)    4 :  0.001 0.005 0.002 0.003 0.004 0.003 0.002 0.005 0.002 0.973 
240      087    (0)    4 :  0.002 0.005 0.003 0.012 0.012 0.010 0.002 0.011 0.011 0.932 
241      093    (0)    4 :  0.002 0.002 0.002 0.003 0.003 0.003 0.002 0.002 0.003 0.977 
242      095    (0)    4 :  0.002 0.039 0.015 0.021 0.019 0.018 0.005 0.007 0.018 0.856 
243      096    (0)    4 :  0.003 0.009 0.046 0.012 0.011 0.012 0.005 0.006 0.014 0.882 
244      097    (0)    4 :  0.001 0.004 0.003 0.003 0.003 0.003 0.002 0.004 0.003 0.973 
245      101    (0)    4 :  0.001 0.005 0.002 0.004 0.004 0.004 0.002 0.002 0.004 0.973 
246      183    (0)    4 :  0.002 0.003 0.004 0.004 0.004 0.005 0.002 0.006 0.004 0.967 
247      200    (0)    4 :  0.002 0.002 0.003 0.010 0.009 0.010 0.006 0.004 0.006 0.947 
248      210    (0)    4 :  0.002 0.004 0.002 0.008 0.005 0.006 0.004 0.005 0.004 0.961 
249      219    (0)    4 :  0.003 0.007 0.005 0.011 0.010 0.011 0.008 0.013 0.008 0.924 
250      230    (0)    4 :  0.002 0.004 0.002 0.004 0.004 0.004 0.001 0.005 0.003 0.971 
251      241    (0)    4 :  0.004 0.013 0.010 0.034 0.033 0.023 0.003 0.023 0.023 0.834 
252      307    (0)    4 :  0.002 0.008 0.003 0.006 0.005 0.006 0.002 0.013 0.004 0.950 
253      318    (0)    4 :  0.004 0.011 0.002 0.011 0.009 0.009 0.002 0.028 0.007 0.917 
254      323    (0)    4 :  0.002 0.003 0.003 0.006 0.006 0.006 0.002 0.004 0.008 0.959 
255      324    (0)    4 :  0.003 0.003 0.002 0.003 0.003 0.003 0.002 0.003 0.004 0.973 
256      325    (0)    4 :  0.014 0.004 0.002 0.005 0.005 0.005 0.002 0.004 0.005 0.954 
257      326    (0)    4 :  0.002 0.039 0.004 0.005 0.011 0.005 0.001 0.011 0.005 0.917 
258      338    (0)    4 :  0.001 0.003 0.003 0.014 0.017 0.009 0.001 0.008 0.010 0.933 
259      343    (0)    4 :  0.001 0.005 0.004 0.006 0.006 0.006 0.014 0.005 0.009 0.945 
260      379    (0)    4 :  0.002 0.002 0.003 0.014 0.012 0.010 0.001 0.010 0.011 0.935 
261      383    (0)    4 :  0.002 0.003 0.002 0.004 0.003 0.004 0.002 0.004 0.002 0.974 
262      385    (0)    4 :  0.001 0.003 0.005 0.009 0.008 0.011 0.001 0.008 0.006 0.948 
263      386    (0)    4 :  0.001 0.003 0.005 0.017 0.018 0.010 0.001 0.010 0.012 0.923 
264      387    (0)    4 :  0.002 0.003 0.011 0.005 0.006 0.005 0.035 0.003 0.004 0.928 
265      554    (0)    4 :  0.001 0.004 0.006 0.003 0.003 0.003 0.001 0.005 0.003 0.972 
266      877    (0)    4 :  0.002 0.005 0.002 0.003 0.003 0.003 0.002 0.003 0.003 0.974 
267      878    (0)    4 :  0.001 0.028 0.002 0.006 0.006 0.007 0.004 0.006 0.006 0.933 
268      880    (0)    4 :  0.002 0.034 0.012 0.012 0.018 0.012 0.001 0.055 0.018 0.837 
269      122    (0)    5 :  0.004 0.229 0.009 0.075 0.228 0.080 0.001 0.333 0.023 0.017 
270      123    (0)    5 :  0.029 0.800 0.003 0.017 0.108 0.010 0.005 0.012 0.013 0.002 
271      124    (0)    5 :  0.002 0.882 0.014 0.006 0.060 0.006 0.009 0.005 0.007 0.009 
272      125    (0)    5 :  0.001 0.970 0.002 0.005 0.005 0.005 0.001 0.004 0.004 0.003 
273      126    (0)    5 :  0.002 0.124 0.001 0.008 0.223 0.007 0.001 0.620 0.008 0.005 
274      128    (0)    5 :  0.003 0.842 0.013 0.024 0.065 0.024 0.003 0.010 0.014 0.003 
275      129    (0)    5 :  0.004 0.802 0.070 0.020 0.021 0.015 0.002 0.032 0.019 0.014 
276      130    (0)    5 :  0.001 0.776 0.005 0.009 0.153 0.008 0.001 0.021 0.007 0.019 
277      131    (0)    5 :  0.002 0.763 0.002 0.006 0.201 0.006 0.002 0.007 0.006 0.004 
278      132    (0)    5 :  0.001 0.755 0.009 0.005 0.195 0.005 0.006 0.005 0.004 0.016 
279      133    (0)    5 :  0.001 0.253 0.075 0.054 0.229 0.083 0.001 0.219 0.054 0.030 
280      134    (0)    5 :  0.007 0.610 0.005 0.034 0.269 0.024 0.014 0.011 0.021 0.006 
281      135    (0)    5 :  0.037 0.828 0.004 0.032 0.025 0.033 0.002 0.011 0.022 0.006 
282      136    (0)    5 :  0.032 0.898 0.006 0.017 0.012 0.013 0.005 0.006 0.008 0.003 
283      139    (0)    5 :  0.003 0.687 0.014 0.014 0.215 0.012 0.003 0.018 0.026 0.007 
284      140    (0)    5 :  0.007 0.816 0.015 0.023 0.046 0.019 0.002 0.012 0.046 0.012 
285      141    (0)    5 :  0.004 0.810 0.004 0.018 0.096 0.018 0.004 0.011 0.026 0.009 
286      142    (0)    5 :  0.002 0.948 0.004 0.004 0.010 0.005 0.002 0.003 0.006 0.016 
287      143    (0)    5 :  0.004 0.898 0.015 0.007 0.016 0.007 0.007 0.009 0.008 0.031 
288      144    (0)    5 :  0.001 0.665 0.006 0.017 0.252 0.014 0.002 0.019 0.015 0.007 
289      145    (0)    5 :  0.003 0.707 0.004 0.020 0.190 0.015 0.026 0.017 0.015 0.004 
290      148    (0)    5 :  0.008 0.804 0.003 0.053 0.036 0.038 0.002 0.009 0.039 0.009 
291      556    (0)    5 :  0.003 0.778 0.006 0.010 0.154 0.009 0.002 0.014 0.013 0.011 
292      557    (0)    5 :  0.005 0.938 0.002 0.005 0.010 0.007 0.017 0.005 0.006 0.005 
293      558    (0)    5 :  0.002 0.857 0.005 0.008 0.092 0.010 0.007 0.008 0.007 0.003 
294      559    (0)    5 :  0.002 0.924 0.008 0.011 0.013 0.009 0.001 0.017 0.009 0.007 
295      560    (0)    5 :  0.003 0.913 0.002 0.022 0.015 0.018 0.002 0.005 0.011 0.009 
296      561    (0)    5 :  0.001 0.975 0.003 0.003 0.004 0.003 0.001 0.002 0.002 0.006 
297      562    (0)    5 :  0.005 0.627 0.005 0.043 0.189 0.079 0.004 0.019 0.023 0.006 
298      563    (0)    5 :  0.060 0.674 0.007 0.062 0.064 0.050 0.006 0.022 0.052 0.004 
299      564    (0)    5 :  0.002 0.489 0.014 0.092 0.170 0.057 0.002 0.033 0.070 0.070 
300      565    (0)    5 :  0.002 0.971 0.003 0.003 0.006 0.003 0.002 0.003 0.003 0.003 
301      566    (0)    5 :  0.003 0.814 0.002 0.016 0.047 0.028 0.002 0.021 0.056 0.011 
302      567    (0)    5 :  0.009 0.950 0.003 0.006 0.006 0.006 0.003 0.003 0.011 0.003 
303      568    (0)    5 :  0.003 0.918 0.015 0.012 0.015 0.011 0.002 0.006 0.014 0.005 
304      569    (0)    5 :  0.002 0.933 0.004 0.006 0.023 0.007 0.010 0.005 0.006 0.004 
305      570    (0)    5 :  0.001 0.968 0.002 0.004 0.005 0.004 0.001 0.004 0.003 0.008 
306      613    (0)    5 :  0.001 0.968 0.004 0.004 0.004 0.004 0.002 0.005 0.003 0.005 
307      614    (0)    5 :  0.017 0.917 0.002 0.013 0.012 0.012 0.001 0.010 0.012 0.003 
308      615    (0)    5 :  0.006 0.882 0.003 0.013 0.012 0.012 0.004 0.030 0.009 0.029 
309      616    (0)    5 :  0.002 0.910 0.035 0.007 0.013 0.007 0.001 0.006 0.010 0.008 
310      617    (0)    5 :  0.007 0.870 0.004 0.019 0.028 0.018 0.003 0.010 0.024 0.018 
311      618    (0)    5 :  0.002 0.868 0.014 0.026 0.020 0.025 0.003 0.017 0.009 0.015 
312      619    (0)    5 :  0.646 0.005 0.003 0.085 0.081 0.063 0.007 0.005 0.104 0.002 
313      620    (0)    5 :  0.002 0.936 0.003 0.010 0.008 0.009 0.004 0.014 0.008 0.007 
314      621    (0)    5 :  0.001 0.882 0.003 0.006 0.013 0.007 0.001 0.058 0.007 0.020 
315      622    (0)    5 :  0.001 0.969 0.004 0.004 0.005 0.004 0.002 0.002 0.003 0.005 
316      623    (0)    5 :  0.002 0.972 0.002 0.003 0.003 0.003 0.002 0.005 0.003 0.004 
317      624    (0)    5 :  0.003 0.744 0.006 0.018 0.150 0.016 0.003 0.032 0.016 0.013 
318      625    (0)    5 :  0.003 0.197 0.003 0.009 0.184 0.010 0.001 0.569 0.011 0.012 
319      626    (0)    5 :  0.003 0.786 0.006 0.007 0.170 0.006 0.003 0.007 0.008 0.006 
320      627    (0)    5 :  0.017 0.758 0.010 0.031 0.095 0.024 0.003 0.017 0.027 0.018 
321      628    (0)    5 :  0.002 0.912 0.004 0.007 0.049 0.007 0.004 0.004 0.007 0.005 
322      629    (0)    5 :  0.003 0.911 0.011 0.010 0.032 0.010 0.002 0.010 0.008 0.004 
323      630    (0)    5 :  0.017 0.958 0.002 0.004 0.004 0.004 0.003 0.003 0.003 0.003 
324      631    (0)    5 :  0.002 0.825 0.025 0.004 0.124 0.004 0.004 0.004 0.004 0.003 
325      632    (0)    5 :  0.004 0.773 0.014 0.018 0.025 0.017 0.005 0.104 0.018 0.022 
326      633    (0)    5 :  0.005 0.695 0.011 0.092 0.063 0.072 0.007 0.014 0.033 0.008 
327      634    (0)    5 :  0.005 0.932 0.006 0.009 0.010 0.008 0.011 0.010 0.008 0.003 
328      635    (0)    5 :  0.002 0.956 0.003 0.005 0.009 0.005 0.003 0.008 0.006 0.003 
329      636    (0)    5 :  0.002 0.963 0.003 0.004 0.005 0.005 0.003 0.004 0.003 0.007 
330      637    (0)    5 :  0.004 0.098 0.005 0.251 0.385 0.127 0.001 0.008 0.110 0.011 
331      638    (0)    5 :  0.007 0.901 0.013 0.016 0.014 0.014 0.002 0.008 0.014 0.011 
332      639    (0)    5 :  0.005 0.394 0.009 0.069 0.311 0.048 0.002 0.027 0.123 0.013 
333      640    (0)    5 :  0.001 0.868 0.004 0.006 0.086 0.006 0.001 0.006 0.007 0.015 
334      689    (0)    5 :  0.003 0.954 0.003 0.005 0.007 0.005 0.001 0.008 0.006 0.006 
335      690    (0)    5 :  0.002 0.900 0.005 0.011 0.025 0.015 0.016 0.007 0.013 0.007 
336      691    (0)    5 :  0.003 0.902 0.001 0.010 0.013 0.011 0.001 0.027 0.006 0.025 
337      692    (0)    5 :  0.007 0.774 0.005 0.049 0.029 0.067 0.007 0.047 0.011 0.003 
338      693    (0)    5 :  0.001 0.966 0.003 0.005 0.006 0.005 0.002 0.005 0.004 0.003 
339      694    (0)    5 :  0.003 0.968 0.006 0.003 0.005 0.003 0.002 0.003 0.003 0.003 
340      695    (0)    5 :  0.001 0.961 0.003 0.003 0.015 0.003 0.001 0.003 0.003 0.007 
341      696    (0)    5 :  0.002 0.972 0.002 0.003 0.005 0.003 0.002 0.003 0.003 0.004 
342      697    (0)    5 :  0.001 0.956 0.006 0.004 0.010 0.004 0.002 0.006 0.004 0.007 
343      698    (0)    5 :  0.003 0.868 0.002 0.023 0.026 0.034 0.002 0.017 0.020 0.004 
344      699    (0)    5 :  0.001 0.963 0.003 0.005 0.010 0.004 0.001 0.004 0.004 0.004 
345      700    (0)    5 :  0.002 0.696 0.005 0.007 0.257 0.006 0.004 0.007 0.005 0.011 
346      701    (2)    5 :  0.004 0.859 0.005 0.017 0.044 0.019 0.003 0.025 0.017 0.007 
347      702    (0)    5 :  0.004 0.897 0.002 0.012 0.013 0.016 0.005 0.015 0.008 0.029 
348      703    (0)    5 :  0.003 0.948 0.002 0.005 0.009 0.005 0.003 0.016 0.005 0.004 
349      704    (0)    5 :  0.007 0.932 0.010 0.011 0.011 0.009 0.001 0.005 0.008 0.006 
350      390    (0)    6 :  0.001 0.002 0.003 0.003 0.004 0.003 0.013 0.004 0.003 0.963 
351      391    (0)    6 :  0.003 0.007 0.004 0.007 0.013 0.006 0.008 0.006 0.007 0.940 
352      392    (0)    6 :  0.003 0.033 0.027 0.105 0.105 0.134 0.042 0.013 0.027 0.512 
353      393    (0)    6 :  0.003 0.004 0.002 0.010 0.007 0.009 0.003 0.006 0.007 0.950 
354      394    (0)    6 :  0.015 0.005 0.003 0.018 0.018 0.015 0.004 0.020 0.022 0.879 
355      647    (0)    6 :  0.004 0.010 0.003 0.009 0.009 0.010 0.003 0.039 0.005 0.909 
356      648    (0)    6 :  0.001 0.006 0.003 0.005 0.005 0.005 0.001 0.007 0.004 0.963 
357      007    (0)    7 :  0.006 0.008 0.946 0.006 0.008 0.006 0.006 0.003 0.007 0.005 
358      012    (0)    7 :  0.008 0.008 0.867 0.017 0.028 0.012 0.004 0.032 0.015 0.008 
359      020    (0)    7 :  0.009 0.005 0.568 0.034 0.027 0.069 0.002 0.008 0.252 0.027 
360      021    (0)    7 :  0.001 0.002 0.980 0.002 0.002 0.002 0.001 0.004 0.002 0.002 
361      022    (0)    7 :  0.003 0.004 0.837 0.019 0.016 0.018 0.015 0.070 0.015 0.004 
362      034    (0)    7 :  0.002 0.009 0.930 0.007 0.020 0.006 0.004 0.006 0.009 0.008 
363      049    (0)    7 :  0.002 0.002 0.980 0.002 0.002 0.002 0.002 0.002 0.003 0.002 
364      062    (0)    7 :  0.001 0.002 0.985 0.002 0.002 0.002 0.001 0.002 0.002 0.001 
365      089    (0)    7 :  0.001 0.002 0.985 0.002 0.002 0.002 0.001 0.001 0.002 0.002 
366      092    (0)    7 :  0.001 0.002 0.987 0.001 0.001 0.001 0.001 0.002 0.001 0.002 
367      100    (0)    7 :  0.002 0.005 0.965 0.003 0.004 0.003 0.002 0.004 0.003 0.009 
368      105    (0)    7 :  0.006 0.003 0.952 0.007 0.006 0.007 0.001 0.003 0.007 0.007 
369      205    (0)    7 :  0.008 0.006 0.922 0.013 0.010 0.012 0.004 0.009 0.012 0.004 
370      206    (0)    7 :  0.003 0.018 0.637 0.059 0.043 0.065 0.002 0.066 0.022 0.085 
371      207    (0)    7 :  0.004 0.005 0.950 0.007 0.007 0.006 0.002 0.006 0.007 0.006 
372      208    (0)    7 :  0.003 0.006 0.893 0.015 0.014 0.016 0.002 0.017 0.021 0.013 
373      209    (0)    7 :  0.007 0.003 0.707 0.064 0.044 0.066 0.002 0.017 0.086 0.003 
374      377    (0)    7 :  0.002 0.005 0.971 0.003 0.003 0.003 0.002 0.005 0.002 0.004 
375      881    (0)    7 :  0.001 0.002 0.981 0.002 0.002 0.002 0.002 0.002 0.002 0.003 
376      003    (0)    8 :  0.002 0.003 0.015 0.005 0.006 0.005 0.951 0.007 0.004 0.002 
377      108    (0)    8 :  0.002 0.002 0.002 0.002 0.002 0.002 0.986 0.001 0.001 0.001 
378      194    (0)    8 :  0.025 0.004 0.010 0.007 0.007 0.006 0.919 0.005 0.006 0.009 
379      232    (0)    8 :  0.013 0.003 0.003 0.003 0.003 0.003 0.964 0.003 0.004 0.002 
380      321    (0)    8 :  0.007 0.002 0.002 0.002 0.002 0.002 0.977 0.002 0.002 0.002 
381      322    (0)    8 :  0.001 0.002 0.004 0.002 0.001 0.001 0.985 0.001 0.001 0.001 
382      329    (0)    8 :  0.002 0.002 0.001 0.002 0.002 0.002 0.986 0.001 0.002 0.001 
383      330    (0)    8 :  0.002 0.002 0.002 0.002 0.002 0.002 0.983 0.002 0.002 0.001 
384      342    (0)    8 :  0.004 0.005 0.002 0.011 0.009 0.015 0.924 0.003 0.023 0.004 
385      347    (0)    8 :  0.003 0.009 0.053 0.007 0.007 0.007 0.892 0.008 0.009 0.004 
386      801    (0)    9 :  0.013 0.065 0.022 0.267 0.224 0.216 0.004 0.025 0.157 0.007 
387      815    (0)    9 :  0.011 0.024 0.027 0.333 0.237 0.207 0.003 0.010 0.145 0.003 
388      816    (0)    9 :  0.001 0.033 0.006 0.079 0.080 0.084 0.001 0.629 0.033 0.054 
389      817    (0)    9 :  0.007 0.005 0.005 0.058 0.057 0.159 0.010 0.006 0.688 0.004 
390      818    (0)    9 :  0.003 0.036 0.003 0.176 0.105 0.172 0.002 0.012 0.482 0.010 
391      819    (0)    9 :  0.045 0.006 0.005 0.239 0.109 0.254 0.005 0.250 0.082 0.005 
392      820    (2)    9 :  0.002 0.009 0.012 0.085 0.082 0.153 0.001 0.006 0.637 0.011 
393      821    (0)    9 :  0.006 0.005 0.003 0.176 0.115 0.151 0.002 0.237 0.298 0.007 
394      822    (0)    9 :  0.026 0.008 0.005 0.238 0.125 0.287 0.231 0.012 0.061 0.006 
395      853    (0)    9 :  0.024 0.016 0.003 0.309 0.246 0.213 0.008 0.009 0.147 0.026 


Estimated Allele Frequencies in each cluster
First column gives estimated ancestral frequencies


Locus 1 : 1 
4 alleles
0.0% missing data
  91   (0.369) 0.606 0.539 0.324 0.360 0.380 0.379 0.566 0.231 0.334 0.324 
  89   (0.483) 0.365 0.426 0.629 0.493 0.490 0.481 0.096 0.608 0.496 0.574 
  93   (0.129) 0.029 0.034 0.045 0.136 0.119 0.128 0.043 0.157 0.143 0.102 
  99   (0.019) 0.001 0.001 0.002 0.011 0.011 0.012 0.295 0.005 0.026 0.001 

Locus 2 : 2 
6 alleles
0.0% missing data
 136   (0.374) 0.562 0.526 0.539 0.368 0.368 0.365 0.063 0.311 0.379 0.531 
 138   (0.240) 0.203 0.100 0.118 0.241 0.239 0.254 0.893 0.233 0.227 0.269 
 140   (0.072) 0.067 0.007 0.008 0.098 0.064 0.090 0.009 0.020 0.084 0.063 
 142   (0.030) 0.045 0.080 0.003 0.023 0.022 0.018 0.003 0.008 0.019 0.001 
 134   (0.263) 0.123 0.286 0.329 0.252 0.292 0.253 0.030 0.423 0.252 0.135 
 132   (0.021) 0.001 0.001 0.002 0.017 0.015 0.018 0.003 0.004 0.040 0.001 

Locus 3 : 3 
6 alleles
0.0% missing data
 179   (0.288) 0.103 0.457 0.030 0.335 0.398 0.345 0.031 0.389 0.285 0.340 
 185   (0.086) 0.173 0.019 0.196 0.109 0.078 0.109 0.012 0.024 0.078 0.002 
 187   (0.336) 0.405 0.183 0.481 0.314 0.262 0.300 0.786 0.241 0.364 0.495 
 175   (0.052) 0.217 0.031 0.009 0.035 0.034 0.036 0.005 0.088 0.077 0.002 
 191   (0.046) 0.022 0.003 0.216 0.037 0.033 0.043 0.005 0.081 0.021 0.044 
 181   (0.192) 0.079 0.307 0.068 0.169 0.195 0.167 0.161 0.178 0.174 0.116 

Locus 4 : 4 
12 alleles
0.0% missing data
 245   (0.015) 0.099 0.001 0.001 0.009 0.009 0.007 0.001 0.003 0.011 0.000 
 271   (0.052) 0.168 0.008 0.005 0.061 0.053 0.081 0.011 0.014 0.044 0.029 
 241   (0.177) 0.469 0.186 0.122 0.176 0.158 0.171 0.066 0.075 0.182 0.075 
 249   (0.038) 0.077 0.003 0.004 0.026 0.024 0.022 0.090 0.009 0.024 0.115 
 253   (0.420) 0.117 0.600 0.413 0.438 0.501 0.418 0.396 0.563 0.397 0.659 
 247   (0.060) 0.042 0.004 0.367 0.067 0.050 0.065 0.006 0.024 0.090 0.002 
 269   (0.183) 0.025 0.195 0.078 0.186 0.172 0.205 0.340 0.298 0.220 0.112 
 239   (0.013) 0.001 0.001 0.005 0.008 0.008 0.006 0.085 0.004 0.007 0.000 
 265   (0.009) 0.000 0.001 0.001 0.007 0.006 0.006 0.001 0.002 0.008 0.000 
 273   (0.013) 0.001 0.001 0.001 0.012 0.009 0.009 0.002 0.003 0.008 0.000 
 235   (0.009) 0.000 0.001 0.001 0.005 0.005 0.004 0.001 0.002 0.004 0.003 
 267   (0.009) 0.000 0.001 0.001 0.005 0.005 0.004 0.001 0.002 0.005 0.003 

Locus 5 : 5 
5 alleles
0.8% missing data
 103   (0.880) 0.748 0.829 0.894 0.906 0.907 0.909 0.988 0.967 0.912 0.964 
 105   (0.053) 0.189 0.148 0.005 0.052 0.052 0.053 0.006 0.016 0.038 0.002 
 104   (0.036) 0.038 0.021 0.004 0.025 0.024 0.021 0.003 0.009 0.021 0.031 
 107   (0.014) 0.024 0.001 0.001 0.007 0.007 0.006 0.002 0.003 0.006 0.003 
 102   (0.017) 0.001 0.001 0.096 0.009 0.009 0.010 0.002 0.004 0.023 0.001 

Locus 6 : 6 
6 alleles
0.0% missing data
 135   (0.308) 0.678 0.231 0.504 0.263 0.273 0.268 0.807 0.162 0.291 0.201 
 147   (0.065) 0.132 0.043 0.149 0.048 0.067 0.038 0.007 0.017 0.052 0.050 
 137   (0.019) 0.091 0.001 0.007 0.011 0.011 0.010 0.002 0.004 0.019 0.001 
 141   (0.286) 0.086 0.410 0.140 0.267 0.280 0.279 0.030 0.221 0.331 0.567 
 145   (0.312) 0.012 0.315 0.199 0.404 0.364 0.400 0.153 0.592 0.302 0.178 
 143   (0.010) 0.000 0.001 0.001 0.005 0.005 0.004 0.001 0.003 0.005 0.003 

Locus 7 : 7 
10 alleles
0.3% missing data
  89   (0.079) 0.265 0.039 0.009 0.086 0.069 0.083 0.008 0.025 0.076 0.044 
  93   (0.240) 0.250 0.160 0.177 0.233 0.215 0.210 0.340 0.179 0.221 0.372 
  97   (0.196) 0.144 0.076 0.289 0.179 0.179 0.177 0.187 0.243 0.194 0.211 
 101   (0.018) 0.099 0.001 0.002 0.015 0.015 0.016 0.003 0.004 0.009 0.002 
 105   (0.019) 0.120 0.001 0.002 0.013 0.012 0.014 0.129 0.004 0.008 0.001 
  91   (0.053) 0.090 0.039 0.139 0.031 0.033 0.025 0.287 0.012 0.031 0.036 
  99   (0.017) 0.017 0.001 0.002 0.013 0.012 0.010 0.003 0.009 0.013 0.000 
  83   (0.044) 0.002 0.023 0.052 0.040 0.037 0.038 0.004 0.126 0.047 0.001 
 103   (0.296) 0.012 0.588 0.324 0.345 0.385 0.368 0.034 0.388 0.380 0.283 
  85   (0.038) 0.001 0.070 0.004 0.046 0.044 0.059 0.005 0.009 0.021 0.049 

Locus 8 : 8 
10 alleles
0.0% missing data
 129   (0.553) 0.299 0.514 0.604 0.598 0.545 0.625 0.372 0.664 0.616 0.625 
 143   (0.251) 0.358 0.399 0.242 0.268 0.272 0.263 0.369 0.152 0.248 0.079 
 149   (0.052) 0.306 0.003 0.046 0.039 0.034 0.034 0.005 0.056 0.038 0.142 
 127   (0.021) 0.032 0.001 0.027 0.012 0.014 0.009 0.034 0.005 0.011 0.001 
 141   (0.064) 0.002 0.073 0.075 0.046 0.101 0.037 0.007 0.085 0.044 0.148 
 133   (0.015) 0.001 0.001 0.001 0.013 0.011 0.012 0.002 0.006 0.023 0.000 
 145   (0.013) 0.001 0.006 0.001 0.007 0.007 0.006 0.002 0.025 0.006 0.000 
 131   (0.012) 0.001 0.001 0.001 0.007 0.007 0.006 0.171 0.003 0.006 0.001 
 121   (0.009) 0.000 0.001 0.001 0.005 0.005 0.004 0.001 0.002 0.004 0.003 
 128   (0.009) 0.000 0.001 0.001 0.005 0.005 0.003 0.038 0.002 0.004 0.000 

Locus 9 : 9 
4 alleles
0.0% missing data
 191   (0.377) 0.344 0.439 0.471 0.342 0.411 0.341 0.384 0.302 0.357 0.601 
 195   (0.194) 0.366 0.368 0.041 0.193 0.171 0.171 0.141 0.291 0.145 0.143 
 189   (0.416) 0.290 0.192 0.487 0.456 0.407 0.481 0.473 0.402 0.491 0.253 
 193   (0.014) 0.001 0.001 0.002 0.009 0.011 0.007 0.002 0.005 0.008 0.003 

Locus 10 : 10 
7 alleles
0.0% missing data
 232   (0.215) 0.105 0.136 0.299 0.201 0.202 0.185 0.175 0.260 0.250 0.418 
 238   (0.532) 0.670 0.598 0.221 0.579 0.556 0.585 0.320 0.646 0.526 0.440 
 250   (0.034) 0.147 0.007 0.003 0.026 0.023 0.027 0.003 0.009 0.052 0.001 
 254   (0.072) 0.022 0.068 0.298 0.056 0.059 0.051 0.486 0.020 0.047 0.015 
 252   (0.122) 0.056 0.189 0.169 0.120 0.144 0.133 0.013 0.057 0.084 0.122 
 248   (0.016) 0.001 0.001 0.008 0.013 0.011 0.015 0.001 0.005 0.037 0.000 
 240   (0.009) 0.000 0.001 0.001 0.005 0.005 0.004 0.001 0.003 0.005 0.003 

Locus 11 : 11 
5 alleles
0.0% missing data
  89   (0.211) 0.071 0.220 0.277 0.211 0.227 0.227 0.191 0.285 0.170 0.225 
  91   (0.050) 0.288 0.003 0.103 0.043 0.037 0.050 0.005 0.022 0.031 0.107 
  87   (0.716) 0.564 0.775 0.608 0.732 0.723 0.710 0.801 0.688 0.781 0.667 
  85   (0.014) 0.077 0.001 0.001 0.008 0.008 0.007 0.001 0.003 0.013 0.000 
  83   (0.009) 0.000 0.001 0.011 0.006 0.005 0.005 0.001 0.002 0.006 0.000 

Locus 12 : 12 
13 alleles
0.0% missing data
 160   (0.271) 0.512 0.070 0.640 0.281 0.248 0.284 0.488 0.346 0.262 0.174 
 161   (0.101) 0.245 0.176 0.010 0.089 0.135 0.086 0.011 0.114 0.081 0.037 
 170   (0.044) 0.081 0.003 0.004 0.045 0.034 0.041 0.004 0.019 0.077 0.012 
 158   (0.205) 0.063 0.264 0.064 0.174 0.229 0.173 0.021 0.299 0.213 0.464 
 143   (0.028) 0.070 0.011 0.003 0.020 0.022 0.016 0.272 0.007 0.014 0.001 
 154   (0.020) 0.015 0.001 0.002 0.015 0.013 0.015 0.003 0.004 0.029 0.001 
 162   (0.231) 0.009 0.333 0.268 0.262 0.246 0.297 0.192 0.156 0.266 0.169 
 134   (0.010) 0.000 0.001 0.001 0.007 0.006 0.006 0.001 0.002 0.007 0.000 
 147   (0.038) 0.001 0.138 0.004 0.052 0.032 0.041 0.004 0.011 0.022 0.134 
 159   (0.013) 0.000 0.001 0.001 0.013 0.008 0.009 0.001 0.026 0.006 0.000 
 149   (0.018) 0.001 0.001 0.002 0.030 0.016 0.022 0.002 0.011 0.012 0.001 
 164   (0.011) 0.000 0.001 0.001 0.006 0.006 0.005 0.001 0.003 0.005 0.007 
 165   (0.009) 0.001 0.001 0.001 0.006 0.006 0.005 0.001 0.002 0.007 0.000 

Locus 13 : 13 
4 alleles
0.0% missing data
 113   (0.344) 0.286 0.369 0.478 0.326 0.344 0.286 0.462 0.408 0.317 0.342 
 115   (0.487) 0.442 0.453 0.479 0.534 0.506 0.558 0.137 0.353 0.530 0.486 
 108   (0.160) 0.271 0.177 0.042 0.133 0.144 0.150 0.400 0.237 0.148 0.171 
 110   (0.009) 0.001 0.001 0.001 0.006 0.006 0.005 0.001 0.002 0.005 0.000 

Locus 14 : 14 
10 alleles
0.0% missing data
 229   (0.421) 0.419 0.330 0.405 0.447 0.396 0.452 0.075 0.461 0.521 0.499 
 233   (0.058) 0.078 0.026 0.006 0.051 0.038 0.043 0.139 0.019 0.043 0.106 
 231   (0.188) 0.445 0.436 0.423 0.157 0.262 0.163 0.411 0.056 0.152 0.097 
 225   (0.149) 0.050 0.066 0.147 0.153 0.136 0.160 0.061 0.071 0.153 0.068 
 227   (0.138) 0.006 0.139 0.014 0.161 0.140 0.155 0.310 0.359 0.103 0.226 
 203   (0.009) 0.000 0.001 0.001 0.008 0.007 0.008 0.001 0.003 0.005 0.000 
 213   (0.009) 0.001 0.001 0.001 0.007 0.006 0.006 0.001 0.002 0.008 0.000 
 221   (0.009) 0.000 0.001 0.001 0.005 0.005 0.004 0.001 0.022 0.004 0.000 
 255   (0.009) 0.000 0.001 0.001 0.006 0.005 0.005 0.001 0.003 0.005 0.002 
 223   (0.009) 0.001 0.001 0.001 0.006 0.005 0.005 0.001 0.002 0.007 0.000 

Locus 15 : 15 
5 alleles
0.3% missing data
 143   (0.890) 0.775 0.915 0.857 0.918 0.904 0.928 0.725 0.970 0.926 0.984 
 147   (0.026) 0.096 0.002 0.044 0.023 0.022 0.023 0.002 0.006 0.014 0.001 
 145   (0.061) 0.128 0.082 0.006 0.045 0.060 0.036 0.271 0.019 0.042 0.014 
 157   (0.013) 0.001 0.001 0.001 0.009 0.009 0.008 0.001 0.003 0.013 0.002 
 133   (0.010) 0.000 0.001 0.092 0.005 0.005 0.004 0.001 0.002 0.004 0.000 

Locus 16 : 16 
5 alleles
0.0% missing data
 154   (0.082) 0.341 0.070 0.080 0.055 0.053 0.052 0.081 0.024 0.081 0.046 
 158   (0.489) 0.339 0.480 0.471 0.518 0.470 0.522 0.434 0.527 0.528 0.557 
 160   (0.136) 0.104 0.145 0.071 0.152 0.125 0.129 0.014 0.111 0.144 0.153 
 156   (0.283) 0.216 0.304 0.377 0.264 0.346 0.290 0.470 0.335 0.241 0.244 
 152   (0.009) 0.000 0.001 0.001 0.011 0.006 0.008 0.001 0.002 0.005 0.000 

Locus 17 : 17 
5 alleles
0.0% missing data
  88   (0.057) 0.345 0.009 0.006 0.050 0.050 0.042 0.006 0.044 0.043 0.026 
  90   (0.680) 0.406 0.826 0.628 0.677 0.705 0.687 0.535 0.699 0.681 0.730 
 100   (0.072) 0.179 0.005 0.007 0.088 0.071 0.099 0.439 0.031 0.094 0.002 
 102   (0.182) 0.069 0.160 0.358 0.178 0.169 0.166 0.020 0.223 0.169 0.241 
 104   (0.009) 0.000 0.001 0.001 0.006 0.005 0.006 0.001 0.002 0.012 0.000 

Locus 18 : 18 
7 alleles
0.0% missing data
 127   (0.306) 0.409 0.369 0.192 0.264 0.300 0.244 0.461 0.376 0.304 0.241 
 140   (0.282) 0.256 0.444 0.052 0.308 0.301 0.327 0.488 0.268 0.242 0.132 
 150   (0.058) 0.204 0.010 0.397 0.073 0.064 0.085 0.007 0.023 0.038 0.002 
 148   (0.110) 0.111 0.046 0.236 0.122 0.096 0.106 0.012 0.068 0.084 0.083 
 142   (0.092) 0.014 0.006 0.012 0.095 0.082 0.112 0.009 0.024 0.176 0.407 
 138   (0.058) 0.002 0.058 0.006 0.041 0.054 0.041 0.006 0.189 0.063 0.033 
 146   (0.095) 0.004 0.067 0.106 0.097 0.103 0.085 0.017 0.053 0.093 0.102 

Locus 19 : 19 
6 alleles
0.0% missing data
 194   (0.585) 0.616 0.650 0.598 0.576 0.596 0.554 0.676 0.469 0.648 0.548 
 202   (0.041) 0.084 0.003 0.144 0.027 0.024 0.025 0.086 0.010 0.046 0.001 
 200   (0.094) 0.241 0.033 0.010 0.110 0.102 0.134 0.206 0.247 0.066 0.003 
 198   (0.013) 0.007 0.001 0.002 0.009 0.008 0.007 0.001 0.003 0.007 0.000 
 190   (0.127) 0.046 0.265 0.106 0.116 0.110 0.098 0.016 0.138 0.080 0.352 
 188   (0.140) 0.006 0.047 0.140 0.163 0.159 0.182 0.015 0.132 0.153 0.096 

Locus 20 : 20 
6 alleles
0.0% missing data
 244   (0.037) 0.054 0.006 0.004 0.030 0.028 0.029 0.005 0.010 0.029 0.026 
 246   (0.139) 0.184 0.251 0.302 0.112 0.130 0.105 0.046 0.234 0.114 0.025 
 252   (0.628) 0.067 0.628 0.563 0.706 0.693 0.727 0.139 0.710 0.669 0.791 
 254   (0.086) 0.280 0.081 0.075 0.076 0.060 0.072 0.011 0.021 0.094 0.050 
 250   (0.094) 0.414 0.033 0.055 0.065 0.079 0.056 0.772 0.021 0.067 0.107 
 248   (0.016) 0.001 0.001 0.001 0.010 0.009 0.011 0.028 0.003 0.028 0.000 

Locus 21 : 21 
10 alleles
0.0% missing data
 173   (0.281) 0.219 0.203 0.131 0.312 0.277 0.320 0.200 0.355 0.280 0.311 
 175   (0.140) 0.337 0.280 0.070 0.138 0.145 0.120 0.154 0.108 0.098 0.048 
 167   (0.246) 0.104 0.220 0.253 0.294 0.266 0.316 0.074 0.279 0.256 0.329 
 165   (0.066) 0.127 0.168 0.007 0.050 0.080 0.044 0.011 0.076 0.058 0.007 
 163   (0.038) 0.127 0.005 0.348 0.025 0.024 0.027 0.004 0.009 0.060 0.001 
 159   (0.010) 0.022 0.001 0.001 0.006 0.005 0.004 0.001 0.002 0.005 0.000 
 177   (0.191) 0.064 0.110 0.169 0.160 0.187 0.157 0.555 0.162 0.230 0.300 
 169   (0.009) 0.000 0.001 0.001 0.005 0.005 0.004 0.001 0.003 0.004 0.003 
 171   (0.010) 0.000 0.012 0.001 0.006 0.006 0.004 0.001 0.003 0.005 0.000 
 161   (0.009) 0.000 0.001 0.018 0.005 0.005 0.004 0.001 0.003 0.004 0.000 

Locus 22 : 22 
11 alleles
0.3% missing data
 150   (0.053) 0.165 0.023 0.042 0.036 0.034 0.031 0.042 0.027 0.044 0.011 
 158   (0.110) 0.404 0.071 0.057 0.116 0.090 0.111 0.012 0.112 0.091 0.025 
 152   (0.407) 0.071 0.479 0.426 0.425 0.431 0.415 0.267 0.534 0.464 0.548 
 142   (0.016) 0.060 0.001 0.001 0.008 0.008 0.006 0.001 0.072 0.007 0.000 
 162   (0.038) 0.172 0.009 0.078 0.030 0.027 0.025 0.005 0.024 0.027 0.001 
 156   (0.024) 0.069 0.002 0.190 0.018 0.016 0.017 0.003 0.006 0.012 0.001 
 164   (0.049) 0.047 0.034 0.005 0.034 0.053 0.037 0.005 0.050 0.065 0.004 
 148   (0.018) 0.002 0.001 0.002 0.011 0.011 0.013 0.360 0.004 0.031 0.001 
 146   (0.195) 0.008 0.283 0.189 0.240 0.246 0.265 0.152 0.130 0.185 0.264 
 166   (0.078) 0.003 0.097 0.008 0.076 0.079 0.076 0.151 0.038 0.069 0.080 
 154   (0.011) 0.000 0.001 0.001 0.006 0.006 0.004 0.001 0.003 0.005 0.065 

Locus 23 : 23 
6 alleles
0.3% missing data
 154   (0.517) 0.243 0.645 0.264 0.591 0.578 0.589 0.275 0.404 0.570 0.521 
 158   (0.025) 0.095 0.002 0.003 0.015 0.014 0.013 0.003 0.006 0.020 0.015 
 144   (0.199) 0.234 0.168 0.473 0.173 0.190 0.173 0.689 0.283 0.155 0.164 
 156   (0.137) 0.354 0.139 0.013 0.123 0.127 0.134 0.019 0.130 0.163 0.043 
 160   (0.108) 0.073 0.045 0.245 0.089 0.083 0.083 0.012 0.173 0.085 0.213 
 152   (0.014) 0.001 0.001 0.001 0.010 0.008 0.008 0.001 0.003 0.007 0.044 

Locus 24 : 24 
4 alleles
0.3% missing data
  83   (0.511) 0.627 0.604 0.929 0.484 0.531 0.459 0.607 0.494 0.477 0.469 
  81   (0.340) 0.310 0.279 0.038 0.381 0.333 0.409 0.378 0.341 0.383 0.299 
  85   (0.059) 0.060 0.070 0.006 0.048 0.046 0.042 0.006 0.066 0.037 0.040 
  77   (0.090) 0.003 0.046 0.027 0.087 0.091 0.090 0.009 0.098 0.102 0.192 

Locus 25 : 25 
6 alleles
0.3% missing data
 124   (0.523) 0.558 0.602 0.353 0.552 0.545 0.571 0.380 0.567 0.525 0.417 
 122   (0.127) 0.394 0.120 0.031 0.119 0.120 0.110 0.016 0.039 0.135 0.027 
 120   (0.019) 0.019 0.001 0.002 0.013 0.010 0.010 0.391 0.004 0.009 0.001 
 126   (0.043) 0.019 0.003 0.005 0.040 0.035 0.038 0.006 0.015 0.029 0.041 
 132   (0.275) 0.011 0.273 0.609 0.267 0.280 0.264 0.206 0.349 0.295 0.514 
 136   (0.014) 0.001 0.001 0.001 0.010 0.009 0.007 0.001 0.026 0.007 0.000 

Locus 26 : 26 
6 alleles
0.0% missing data
 181   (0.053) 0.164 0.031 0.005 0.055 0.048 0.066 0.005 0.031 0.041 0.002 
 183   (0.377) 0.294 0.305 0.696 0.357 0.370 0.344 0.198 0.195 0.426 0.471 
 179   (0.073) 0.329 0.005 0.007 0.107 0.069 0.112 0.390 0.021 0.045 0.080 
 165   (0.254) 0.083 0.340 0.061 0.252 0.281 0.244 0.383 0.376 0.211 0.170 
 185   (0.015) 0.122 0.001 0.001 0.011 0.010 0.010 0.001 0.003 0.009 0.000 
 175   (0.228) 0.009 0.317 0.230 0.218 0.222 0.224 0.022 0.374 0.268 0.278 

Locus 27 : 27 
4 alleles
0.0% missing data
 142   (0.543) 0.403 0.614 0.727 0.574 0.544 0.593 0.492 0.668 0.494 0.699 
 148   (0.258) 0.285 0.268 0.085 0.228 0.292 0.227 0.486 0.142 0.307 0.132 
 150   (0.138) 0.182 0.107 0.182 0.148 0.117 0.138 0.015 0.080 0.157 0.008 
 138   (0.061) 0.130 0.010 0.006 0.049 0.047 0.042 0.007 0.110 0.041 0.162 

Locus 28 : 28 
5 alleles
0.0% missing data
 260   (0.425) 0.233 0.335 0.252 0.421 0.413 0.425 0.179 0.536 0.534 0.350 
 262   (0.478) 0.649 0.613 0.574 0.500 0.495 0.507 0.811 0.370 0.382 0.623 
 256   (0.070) 0.116 0.050 0.172 0.059 0.076 0.051 0.007 0.020 0.059 0.026 
 258   (0.016) 0.001 0.001 0.002 0.014 0.012 0.013 0.001 0.006 0.020 0.000 
 264   (0.010) 0.000 0.001 0.001 0.005 0.005 0.004 0.001 0.068 0.004 0.000 

Locus 29 : 29 
5 alleles
0.3% missing data
 146   (0.238) 0.367 0.242 0.442 0.186 0.219 0.190 0.025 0.314 0.289 0.117 
 140   (0.166) 0.404 0.250 0.149 0.160 0.126 0.141 0.776 0.130 0.118 0.096 
 150   (0.485) 0.179 0.424 0.245 0.553 0.566 0.573 0.187 0.521 0.495 0.726 
 148   (0.088) 0.049 0.083 0.161 0.081 0.072 0.076 0.009 0.029 0.066 0.060 
 152   (0.023) 0.002 0.002 0.002 0.021 0.017 0.020 0.003 0.006 0.031 0.001 

Locus 30 : 30 
6 alleles
0.0% missing data
 127   (0.067) 0.390 0.145 0.006 0.055 0.049 0.051 0.579 0.017 0.055 0.002 
 131   (0.028) 0.177 0.002 0.003 0.019 0.018 0.017 0.003 0.098 0.028 0.001 
 129   (0.495) 0.196 0.418 0.644 0.529 0.526 0.502 0.339 0.690 0.492 0.455 
 123   (0.116) 0.062 0.126 0.089 0.141 0.111 0.151 0.014 0.062 0.085 0.108 
 125   (0.282) 0.175 0.309 0.257 0.251 0.290 0.270 0.064 0.131 0.315 0.434 
 121   (0.011) 0.000 0.001 0.001 0.006 0.006 0.008 0.001 0.002 0.024 0.000 

Locus 31 : 31 
5 alleles
0.0% missing data
 155   (0.558) 0.550 0.435 0.587 0.521 0.551 0.528 0.666 0.470 0.652 0.611 
 157   (0.217) 0.089 0.332 0.060 0.224 0.230 0.210 0.242 0.272 0.207 0.190 
 153   (0.062) 0.198 0.004 0.007 0.073 0.052 0.075 0.033 0.081 0.038 0.076 
 159   (0.132) 0.150 0.227 0.013 0.160 0.147 0.170 0.015 0.165 0.084 0.121 
 151   (0.031) 0.013 0.002 0.333 0.022 0.019 0.017 0.044 0.012 0.019 0.001 

Locus 32 : 32 
4 alleles
0.0% missing data
 150   (0.548) 0.276 0.509 0.547 0.556 0.555 0.557 0.610 0.668 0.591 0.815 
 154   (0.054) 0.051 0.080 0.005 0.055 0.058 0.072 0.033 0.018 0.043 0.003 
 146   (0.324) 0.566 0.303 0.441 0.316 0.326 0.290 0.350 0.293 0.307 0.093 
 148   (0.074) 0.106 0.107 0.007 0.073 0.062 0.081 0.007 0.021 0.059 0.089 

Locus 33 : 33 
7 alleles
0.0% missing data
 180   (0.436) 0.326 0.447 0.735 0.431 0.410 0.442 0.771 0.442 0.416 0.571 
 190   (0.026) 0.047 0.023 0.002 0.014 0.024 0.014 0.003 0.006 0.028 0.001 
 184   (0.199) 0.129 0.284 0.047 0.190 0.189 0.180 0.187 0.113 0.184 0.174 
 198   (0.043) 0.295 0.003 0.081 0.036 0.031 0.038 0.006 0.012 0.027 0.051 
 192   (0.154) 0.197 0.141 0.121 0.179 0.184 0.165 0.017 0.293 0.172 0.005 
 196   (0.132) 0.006 0.101 0.013 0.146 0.156 0.157 0.015 0.132 0.169 0.176 
 194   (0.011) 0.000 0.001 0.001 0.005 0.005 0.004 0.001 0.002 0.004 0.023 

Locus 34 : 34 
7 alleles
0.0% missing data
 108   (0.115) 0.562 0.048 0.067 0.118 0.095 0.110 0.140 0.043 0.128 0.005 
 110   (0.233) 0.148 0.356 0.065 0.207 0.233 0.206 0.258 0.173 0.244 0.341 
 106   (0.313) 0.204 0.306 0.685 0.352 0.345 0.345 0.293 0.323 0.289 0.136 
 112   (0.275) 0.083 0.266 0.108 0.283 0.266 0.302 0.028 0.422 0.272 0.508 
  94   (0.015) 0.001 0.001 0.001 0.009 0.009 0.014 0.001 0.003 0.041 0.000 
  90   (0.040) 0.002 0.023 0.004 0.026 0.047 0.020 0.279 0.034 0.022 0.010 
  96   (0.010) 0.000 0.001 0.069 0.005 0.005 0.004 0.001 0.002 0.004 0.000 

Locus 35 : 35 
8 alleles
0.0% missing data
 168   (0.062) 0.377 0.004 0.006 0.095 0.069 0.112 0.401 0.016 0.055 0.002 
 170   (0.324) 0.287 0.527 0.582 0.274 0.323 0.276 0.534 0.195 0.324 0.180 
 172   (0.281) 0.188 0.105 0.380 0.274 0.255 0.261 0.030 0.544 0.261 0.425 
 174   (0.105) 0.043 0.072 0.010 0.147 0.110 0.161 0.011 0.064 0.123 0.008 
 186   (0.022) 0.069 0.001 0.002 0.028 0.018 0.027 0.002 0.007 0.011 0.001 
 176   (0.114) 0.032 0.248 0.012 0.093 0.153 0.088 0.012 0.034 0.162 0.118 
 178   (0.044) 0.002 0.003 0.004 0.049 0.036 0.040 0.004 0.068 0.039 0.018 
 166   (0.049) 0.002 0.039 0.005 0.040 0.036 0.034 0.005 0.071 0.026 0.249 

Locus 36 : 36 
6 alleles
0.0% missing data
  83   (0.130) 0.329 0.059 0.022 0.124 0.125 0.120 0.017 0.178 0.152 0.033 
  89   (0.536) 0.592 0.623 0.772 0.540 0.501 0.516 0.286 0.578 0.523 0.700 
  85   (0.205) 0.034 0.089 0.193 0.244 0.256 0.281 0.323 0.136 0.201 0.177 
  91   (0.016) 0.016 0.001 0.002 0.008 0.008 0.007 0.362 0.003 0.010 0.000 
  95   (0.070) 0.027 0.092 0.007 0.045 0.063 0.042 0.007 0.091 0.064 0.089 
  81   (0.043) 0.002 0.137 0.004 0.039 0.046 0.034 0.005 0.014 0.049 0.001 

Locus 37 : 37 
8 alleles
0.0% missing data
 161   (0.355) 0.561 0.356 0.402 0.382 0.358 0.363 0.076 0.262 0.331 0.507 
 173   (0.280) 0.206 0.439 0.521 0.243 0.299 0.238 0.419 0.410 0.264 0.096 
 165   (0.233) 0.224 0.195 0.062 0.231 0.234 0.253 0.070 0.209 0.249 0.247 
 159   (0.015) 0.005 0.001 0.001 0.008 0.008 0.006 0.002 0.004 0.007 0.024 
 169   (0.070) 0.003 0.005 0.009 0.085 0.065 0.088 0.036 0.035 0.121 0.119 
 167   (0.024) 0.001 0.002 0.002 0.039 0.025 0.042 0.004 0.030 0.018 0.002 
 175   (0.010) 0.000 0.001 0.001 0.005 0.005 0.004 0.001 0.047 0.004 0.000 
 168   (0.014) 0.001 0.001 0.001 0.007 0.007 0.005 0.394 0.003 0.006 0.005 

Locus 38 : 38 
7 alleles
0.0% missing data
  87   (0.135) 0.367 0.069 0.203 0.125 0.122 0.138 0.756 0.034 0.105 0.168 
  91   (0.167) 0.216 0.296 0.304 0.133 0.155 0.123 0.042 0.226 0.169 0.044 
  85   (0.221) 0.144 0.259 0.272 0.207 0.215 0.203 0.150 0.310 0.188 0.072 
  89   (0.362) 0.268 0.221 0.068 0.426 0.373 0.442 0.039 0.373 0.451 0.644 
  81   (0.084) 0.003 0.138 0.150 0.092 0.099 0.080 0.010 0.038 0.073 0.046 
  93   (0.021) 0.001 0.016 0.002 0.011 0.030 0.009 0.002 0.016 0.009 0.019 
  95   (0.010) 0.000 0.001 0.001 0.006 0.005 0.004 0.001 0.002 0.005 0.007 

Locus 39 : 39 
4 alleles
0.0% missing data
 161   (0.161) 0.514 0.037 0.098 0.157 0.143 0.152 0.179 0.122 0.161 0.067 
 167   (0.794) 0.430 0.960 0.898 0.812 0.828 0.819 0.816 0.867 0.788 0.925 
 165   (0.035) 0.055 0.002 0.003 0.026 0.023 0.024 0.004 0.008 0.046 0.006 
 155   (0.010) 0.000 0.001 0.001 0.006 0.005 0.004 0.001 0.003 0.005 0.003 

Locus 40 : 40 
7 alleles
0.3% missing data
 228   (0.395) 0.333 0.323 0.189 0.359 0.358 0.365 0.493 0.582 0.409 0.585 
 240   (0.115) 0.425 0.023 0.144 0.164 0.124 0.141 0.058 0.100 0.129 0.003 
 236   (0.085) 0.126 0.115 0.613 0.052 0.069 0.043 0.150 0.020 0.055 0.096 
 238   (0.346) 0.108 0.405 0.047 0.388 0.404 0.419 0.170 0.284 0.375 0.252 
 224   (0.037) 0.007 0.133 0.004 0.025 0.033 0.022 0.004 0.009 0.019 0.060 
 242   (0.014) 0.001 0.001 0.001 0.008 0.007 0.006 0.124 0.003 0.009 0.000 
 246   (0.009) 0.000 0.001 0.001 0.005 0.005 0.004 0.001 0.002 0.004 0.003 

Locus 41 : 41 
9 alleles
0.3% missing data
 130   (0.512) 0.658 0.459 0.396 0.504 0.515 0.522 0.092 0.416 0.624 0.466 
 134   (0.125) 0.254 0.125 0.014 0.142 0.158 0.165 0.304 0.156 0.101 0.006 
 118   (0.058) 0.073 0.011 0.257 0.065 0.042 0.054 0.070 0.041 0.036 0.002 
 132   (0.110) 0.008 0.193 0.309 0.107 0.105 0.087 0.011 0.060 0.091 0.223 
 128   (0.066) 0.002 0.036 0.011 0.053 0.070 0.054 0.007 0.295 0.048 0.194 
 114   (0.094) 0.004 0.163 0.010 0.109 0.089 0.100 0.513 0.024 0.081 0.089 
 122   (0.015) 0.001 0.001 0.002 0.011 0.010 0.009 0.001 0.004 0.009 0.019 
 120   (0.010) 0.000 0.007 0.001 0.005 0.005 0.004 0.001 0.002 0.004 0.000 
 119   (0.009) 0.000 0.005 0.001 0.005 0.006 0.004 0.001 0.002 0.005 0.000 

Locus 42 : 42 
8 alleles
0.0% missing data
  92   (0.130) 0.363 0.107 0.013 0.111 0.101 0.109 0.205 0.064 0.156 0.108 
  96   (0.068) 0.175 0.054 0.007 0.056 0.049 0.044 0.162 0.021 0.045 0.076 
  98   (0.148) 0.291 0.117 0.107 0.131 0.133 0.126 0.280 0.037 0.141 0.189 
 104   (0.380) 0.160 0.288 0.313 0.423 0.406 0.426 0.078 0.546 0.391 0.194 
 102   (0.237) 0.009 0.421 0.542 0.257 0.274 0.275 0.269 0.304 0.240 0.431 
 106   (0.009) 0.000 0.001 0.001 0.006 0.006 0.006 0.001 0.002 0.012 0.000 
  94   (0.012) 0.000 0.007 0.002 0.007 0.014 0.006 0.001 0.007 0.006 0.000 
 100   (0.016) 0.001 0.005 0.016 0.009 0.018 0.007 0.002 0.019 0.008 0.000 

Locus 43 : 43 
6 alleles
0.0% missing data
  95   (0.251) 0.396 0.221 0.422 0.256 0.246 0.259 0.050 0.197 0.230 0.383 
  99   (0.090) 0.299 0.058 0.010 0.070 0.067 0.075 0.337 0.023 0.091 0.043 
 101   (0.326) 0.228 0.413 0.168 0.321 0.331 0.309 0.031 0.537 0.329 0.334 
  97   (0.034) 0.028 0.004 0.015 0.028 0.027 0.025 0.361 0.014 0.019 0.001 
 103   (0.290) 0.049 0.304 0.385 0.319 0.324 0.327 0.220 0.226 0.327 0.236 
 105   (0.009) 0.000 0.001 0.001 0.005 0.005 0.004 0.001 0.002 0.005 0.003 

Locus 44 : 44 
8 alleles
0.0% missing data
 177   (0.067) 0.066 0.026 0.009 0.062 0.046 0.049 0.007 0.092 0.048 0.115 
 191   (0.278) 0.638 0.434 0.047 0.302 0.323 0.314 0.104 0.252 0.245 0.174 
 179   (0.026) 0.090 0.002 0.002 0.035 0.029 0.053 0.304 0.005 0.012 0.001 
 181   (0.572) 0.200 0.530 0.913 0.560 0.566 0.548 0.579 0.633 0.647 0.708 
 193   (0.017) 0.006 0.001 0.003 0.011 0.010 0.011 0.003 0.005 0.020 0.001 
 183   (0.013) 0.000 0.001 0.001 0.012 0.010 0.010 0.001 0.005 0.011 0.000 
 189   (0.018) 0.001 0.001 0.024 0.013 0.012 0.011 0.002 0.004 0.013 0.001 
 187   (0.010) 0.000 0.005 0.001 0.006 0.005 0.005 0.001 0.002 0.005 0.000 

Locus 45 : 45 
6 alleles
0.5% missing data
 205   (0.443) 0.331 0.439 0.278 0.476 0.458 0.492 0.317 0.615 0.496 0.448 
 211   (0.214) 0.377 0.286 0.160 0.221 0.247 0.229 0.163 0.142 0.168 0.239 
 207   (0.186) 0.108 0.096 0.441 0.165 0.153 0.153 0.050 0.193 0.228 0.159 
 201   (0.060) 0.053 0.048 0.006 0.062 0.046 0.054 0.459 0.019 0.038 0.060 
 215   (0.084) 0.062 0.131 0.114 0.065 0.085 0.059 0.009 0.027 0.063 0.094 
 202   (0.015) 0.069 0.001 0.002 0.011 0.011 0.012 0.001 0.004 0.007 0.000 

Locus 46 : 46 
10 alleles
0.0% missing data
 158   (0.189) 0.164 0.239 0.250 0.180 0.191 0.175 0.156 0.120 0.189 0.127 
 170   (0.025) 0.071 0.002 0.005 0.017 0.017 0.014 0.003 0.006 0.019 0.004 
 168   (0.143) 0.256 0.124 0.124 0.124 0.112 0.122 0.115 0.067 0.211 0.186 
 156   (0.033) 0.113 0.007 0.003 0.042 0.026 0.032 0.140 0.010 0.020 0.001 
 164   (0.052) 0.132 0.038 0.006 0.061 0.090 0.044 0.051 0.034 0.034 0.002 
 142   (0.282) 0.164 0.349 0.298 0.316 0.301 0.337 0.032 0.431 0.275 0.182 
 144   (0.052) 0.015 0.003 0.009 0.068 0.043 0.060 0.005 0.062 0.038 0.197 
 162   (0.058) 0.055 0.159 0.006 0.047 0.049 0.043 0.364 0.020 0.044 0.002 
 166   (0.152) 0.016 0.078 0.278 0.138 0.164 0.165 0.132 0.246 0.164 0.300 
 160   (0.014) 0.014 0.001 0.021 0.008 0.008 0.006 0.001 0.003 0.007 0.000 

Locus 47 : 47 
6 alleles
0.0% missing data
 149   (0.305) 0.735 0.119 0.216 0.306 0.271 0.288 0.475 0.395 0.332 0.098 
 145   (0.236) 0.078 0.367 0.660 0.229 0.222 0.238 0.356 0.311 0.200 0.215 
 151   (0.223) 0.123 0.357 0.030 0.201 0.252 0.204 0.143 0.192 0.232 0.283 
 143   (0.019) 0.028 0.001 0.002 0.012 0.011 0.012 0.002 0.004 0.024 0.001 
 153   (0.202) 0.036 0.155 0.090 0.244 0.235 0.250 0.022 0.095 0.203 0.384 
 147   (0.015) 0.001 0.001 0.002 0.009 0.009 0.008 0.002 0.003 0.010 0.020 

Values of parameters used in structure:
DATAFILE=temp1.str,	OUTFILE=k10/temp1_k10_run9,	NUMINDS=395,	NUMLOCI=47,	MISSING=-9,	LABEL=1,	POPDATA=1,	POPFLAG=0,	PHENOTYPE=0,	EXTRACOLS=0,	MAXPOPS=10,	BURNIN=500000,	NUMREPS=750000,	USEPOPINFO=0,	INFERALPHA=1,	INFERLAMBDA=0,	POPSPECIFICLAMBDA=0,	POPALPHAS=0,	COMPUTEPROB=1,	NOADMIX=0,	ADMBURNIN=500,	UPDATEFREQ=100,	PRINTLIKES=0,	INTERMEDSAVE=0,	PRINTKLD=0,	PRINTNET=1,	PRINTLAMBDA=1,	ANCESTDIST=0,	NUMBOXES=1000,	ANCESTPINT=0.90000,	GENSBACK=2,	MIGRPRIOR=0.01000,	PRINTQHAT=0,	PRINTQSUM=1,	ALPHA=1.0000,	FREQSCORR=1,	FPRIORMEAN=0.0100,	FPRIORSD=0.0500,	ONEFST=0,	LAMBDA=1.0000,	UNIFPRIORALPHA=1,	ALPHAMAX=10.0000,	ALPHAPRIORA=1.0000,	ALPHAPRIORB=2.0000,	ALPHAPROPSD=0.0250,	STARTATPOPINFO=0,	RANDOMIZE=0,	LINKAGE=0,	METROFREQ=10,	REPORTHITRATE=0,	MARKOVPHASE=0,	PHASED=1,	PLOIDY=2,	PHASEINFO=0	LOCPRIOR=0, 	LOCPRIORINIT=1.000000, 	LOCDATA=0, 	LOCISPOP=1, 	LOCPRIORSTEP=0.100000, 	MAXLOCPRIOR=20.000000, 	SEED=599303,	
[STRAT parameters]:    NUMSIMSTATS=1000,	PHENOTYPECOL=-9,	POOLFREQ=10,	LOCUSxONLY=0,	EMERROR=0.00100,	MISSINGPHENO=-9,	