

----------------------------------------------------
STRUCTURE by Pritchard, Stephens and Donnelly (2000)
     and Falush, Stephens and Pritchard (2003)
       Code by Pritchard, Falush and Hubisz
             Version 2.3.4 (Jul 2012)
----------------------------------------------------



Command line arguments:   structure -D 378974 -K 13 -m mainparams -o k13/temp1_k13_run2 
Input File:    temp1.str

Run parameters:
   395 individuals
   47 loci
   13 populations assumed
   500000 Burn-in period
   750000 Reps
RANDOMIZE turned off


--------------------------------------------
Proportion of membership of each pre-defined
 population in each of the 13 clusters

Given    Inferred Clusters                                                                             Number of
 Pop       1      2      3      4      5      6      7      8      9     10     11     12     13      Individuals

  1:     0.004  0.008  0.004  0.005  0.946  0.003  0.004  0.004  0.003  0.004  0.004  0.006  0.004       62
  2:     0.013  0.003  0.010  0.014  0.003  0.130  0.012  0.012  0.054  0.306  0.334  0.007  0.101       79
  3:     0.008  0.002  0.011  0.008  0.002  0.018  0.008  0.012  0.488  0.264  0.022  0.014  0.144       12
  4:     0.006  0.003  0.010  0.006  0.002  0.592  0.007  0.009  0.066  0.240  0.041  0.004  0.013       33
  5:     0.021  0.004  0.824  0.021  0.014  0.007  0.022  0.035  0.013  0.009  0.013  0.008  0.009       81
  6:     0.033  0.008  0.013  0.025  0.005  0.190  0.033  0.018  0.022  0.222  0.085  0.007  0.340        7
  7:     0.015  0.003  0.005  0.018  0.005  0.006  0.015  0.012  0.008  0.009  0.011  0.887  0.006       19
  8:     0.005  0.947  0.004  0.005  0.006  0.003  0.005  0.004  0.003  0.002  0.003  0.010  0.004       10
  9:     0.207  0.028  0.023  0.247  0.019  0.010  0.232  0.125  0.012  0.010  0.070  0.012  0.006       10
 10:     0.184  0.015  0.047  0.284  0.028  0.017  0.202  0.048  0.020  0.018  0.090  0.032  0.015       23
 11:     0.316  0.008  0.047  0.163  0.009  0.008  0.262  0.084  0.011  0.010  0.058  0.017  0.007       11
 12:     0.143  0.005  0.010  0.113  0.006  0.015  0.170  0.417  0.016  0.030  0.042  0.006  0.027       18
 13:     0.189  0.026  0.060  0.206  0.120  0.021  0.196  0.045  0.022  0.012  0.060  0.011  0.032       25
 14:     0.128  0.002  0.012  0.233  0.004  0.029  0.131  0.309  0.007  0.039  0.081  0.019  0.006        5
--------------------------------------------

Allele-freq. divergence among pops (Net nucleotide distance),
computed using point estimates of P.

      1       2       3       4       5       6       7       8       9      10      11      12      13      
 1      -    0.1097  0.0198  0.0020  0.0794  0.0356  0.0004  0.0174  0.0480  0.0341  0.0158  0.0589  0.0506  
 2   0.1097     -    0.1185  0.1083  0.1114  0.1440  0.1085  0.1328  0.1524  0.1537  0.1319  0.1309  0.1499  
 3   0.0198  0.1185     -    0.0208  0.0929  0.0590  0.0195  0.0344  0.0600  0.0510  0.0330  0.0684  0.0738  
 4   0.0020  0.1083  0.0208     -    0.0766  0.0336  0.0011  0.0175  0.0442  0.0334  0.0136  0.0552  0.0488  
 5   0.0794  0.1114  0.0929  0.0766     -    0.1309  0.0773  0.1081  0.1368  0.1312  0.1069  0.1167  0.1509  
 6   0.0356  0.1440  0.0590  0.0336  0.1309     -    0.0342  0.0499  0.0602  0.0300  0.0248  0.0830  0.0523  
 7   0.0004  0.1085  0.0195  0.0011  0.0773  0.0342     -    0.0166  0.0464  0.0332  0.0151  0.0567  0.0499  
 8   0.0174  0.1328  0.0344  0.0175  0.1081  0.0499  0.0166     -    0.0624  0.0450  0.0313  0.0693  0.0585  
 9   0.0480  0.1524  0.0600  0.0442  0.1368  0.0602  0.0464  0.0624     -    0.0533  0.0403  0.0972  0.0725  
10   0.0341  0.1537  0.0510  0.0334  0.1312  0.0300  0.0332  0.0450  0.0533     -    0.0189  0.0808  0.0536  
11   0.0158  0.1319  0.0330  0.0136  0.1069  0.0248  0.0151  0.0313  0.0403  0.0189     -    0.0687  0.0445  
12   0.0589  0.1309  0.0684  0.0552  0.1167  0.0830  0.0567  0.0693  0.0972  0.0808  0.0687     -    0.1042  
13   0.0506  0.1499  0.0738  0.0488  0.1509  0.0523  0.0499  0.0585  0.0725  0.0536  0.0445  0.1042     -    

Average distances (expected heterozygosity) between individuals in same cluster:
cluster  1  : 0.6310 
cluster  2  : 0.5427 
cluster  3  : 0.5966 
cluster  4  : 0.6334 
cluster  5  : 0.6374 
cluster  6  : 0.5445 
cluster  7  : 0.6335 
cluster  8  : 0.5873 
cluster  9  : 0.5307 
cluster 10  : 0.5369 
cluster 11  : 0.5897 
cluster 12  : 0.5481 
cluster 13  : 0.5209 

--------------------------------------------
Estimated Ln Prob of Data   = -43817.6
Mean value of ln likelihood = -41438.2
Variance of ln likelihood   = 4758.9
Mean value of alpha         = 0.0337

Mean value of Fst_1         = 0.0500
Mean value of Fst_2         = 0.3093
Mean value of Fst_3         = 0.0966
Mean value of Fst_4         = 0.0341
Mean value of Fst_5         = 0.1832
Mean value of Fst_6         = 0.1392
Mean value of Fst_7         = 0.0401
Mean value of Fst_8         = 0.1043
Mean value of Fst_9         = 0.2057
Mean value of Fst_10         = 0.1611
Mean value of Fst_11         = 0.0963
Mean value of Fst_12         = 0.2067
Mean value of Fst_13         = 0.2282


Inferred ancestry of individuals:
        Label (%Miss) Pop:  Inferred clusters
  1      187    (0)    1 :  0.002 0.002 0.002 0.002 0.975 0.002 0.002 0.002 0.002 0.002 0.002 0.002 0.004 
  2      188    (0)    1 :  0.004 0.002 0.004 0.005 0.955 0.003 0.004 0.003 0.002 0.006 0.003 0.003 0.005 
  3      189    (0)    1 :  0.003 0.002 0.002 0.003 0.976 0.003 0.003 0.002 0.001 0.002 0.002 0.001 0.001 
  4      190    (0)    1 :  0.003 0.001 0.002 0.003 0.975 0.002 0.003 0.003 0.002 0.001 0.002 0.002 0.002 
  5      191    (0)    1 :  0.002 0.004 0.002 0.002 0.979 0.001 0.002 0.001 0.002 0.001 0.002 0.001 0.002 
  6      247    (0)    1 :  0.002 0.003 0.002 0.002 0.971 0.003 0.002 0.003 0.002 0.003 0.002 0.003 0.004 
  7      281    (0)    1 :  0.002 0.003 0.001 0.002 0.977 0.001 0.002 0.001 0.002 0.001 0.001 0.003 0.002 
  8      282    (0)    1 :  0.003 0.001 0.002 0.003 0.960 0.007 0.003 0.005 0.002 0.004 0.004 0.002 0.004 
  9      283    (0)    1 :  0.002 0.002 0.003 0.002 0.975 0.002 0.002 0.001 0.002 0.002 0.002 0.002 0.002 
 10      284    (0)    1 :  0.001 0.001 0.001 0.001 0.985 0.001 0.001 0.001 0.001 0.001 0.001 0.001 0.001 
 11      285    (0)    1 :  0.004 0.003 0.003 0.005 0.959 0.003 0.004 0.004 0.002 0.003 0.004 0.003 0.003 
 12      286    (0)    1 :  0.003 0.002 0.003 0.003 0.972 0.002 0.003 0.002 0.003 0.002 0.003 0.002 0.002 
 13      288    (0)    1 :  0.006 0.002 0.008 0.007 0.921 0.006 0.007 0.004 0.012 0.004 0.009 0.012 0.004 
 14      289    (0)    1 :  0.003 0.013 0.002 0.002 0.967 0.001 0.002 0.002 0.001 0.001 0.002 0.001 0.002 
 15      292    (0)    1 :  0.004 0.004 0.002 0.005 0.940 0.003 0.004 0.004 0.002 0.002 0.003 0.021 0.005 
 16      293    (0)    1 :  0.004 0.005 0.004 0.004 0.956 0.003 0.004 0.002 0.002 0.004 0.003 0.006 0.003 
 17      294    (0)    1 :  0.003 0.003 0.002 0.003 0.968 0.002 0.003 0.002 0.003 0.002 0.002 0.004 0.002 
 18      297    (0)    1 :  0.003 0.003 0.003 0.003 0.960 0.003 0.003 0.002 0.005 0.003 0.004 0.006 0.003 
 19      298    (0)    1 :  0.014 0.002 0.006 0.016 0.867 0.007 0.014 0.009 0.014 0.006 0.012 0.013 0.020 
 20      299    (0)    1 :  0.004 0.002 0.005 0.005 0.953 0.004 0.004 0.005 0.002 0.005 0.006 0.003 0.002 
 21      300    (0)    1 :  0.003 0.006 0.003 0.003 0.945 0.004 0.003 0.003 0.003 0.009 0.006 0.003 0.009 
 22      301    (0)    1 :  0.004 0.003 0.007 0.005 0.897 0.006 0.004 0.004 0.003 0.018 0.039 0.004 0.005 
 23      302    (0)    1 :  0.004 0.034 0.003 0.004 0.930 0.003 0.003 0.005 0.002 0.002 0.003 0.005 0.002 
 24      303    (0)    1 :  0.005 0.003 0.008 0.006 0.940 0.003 0.005 0.003 0.004 0.011 0.005 0.004 0.004 
 25      304    (0)    1 :  0.002 0.002 0.002 0.003 0.975 0.002 0.002 0.002 0.002 0.002 0.002 0.002 0.002 
 26      305    (0)    1 :  0.007 0.003 0.003 0.008 0.886 0.024 0.007 0.007 0.009 0.016 0.009 0.006 0.015 
 27      306    (0)    1 :  0.005 0.003 0.002 0.005 0.960 0.002 0.005 0.003 0.002 0.003 0.003 0.005 0.002 
 28      308    (0)    1 :  0.003 0.031 0.003 0.002 0.937 0.003 0.002 0.004 0.002 0.003 0.002 0.008 0.002 
 29      309    (0)    1 :  0.018 0.002 0.012 0.015 0.868 0.007 0.017 0.016 0.016 0.008 0.009 0.003 0.008 
 30      310    (0)    1 :  0.002 0.002 0.004 0.002 0.973 0.002 0.002 0.002 0.003 0.002 0.002 0.002 0.002 
 31      311    (0)    1 :  0.003 0.002 0.002 0.003 0.969 0.003 0.003 0.002 0.002 0.003 0.003 0.003 0.002 
 32      312    (0)    1 :  0.002 0.003 0.007 0.003 0.969 0.001 0.003 0.002 0.002 0.003 0.002 0.001 0.001 
 33      313    (0)    1 :  0.003 0.014 0.004 0.004 0.950 0.002 0.004 0.005 0.002 0.002 0.003 0.003 0.002 
 34      314    (0)    1 :  0.004 0.002 0.002 0.004 0.960 0.005 0.004 0.002 0.003 0.003 0.003 0.007 0.003 
 35      315    (0)    1 :  0.004 0.001 0.004 0.004 0.957 0.005 0.004 0.002 0.004 0.004 0.005 0.002 0.003 
 36      316    (0)    1 :  0.001 0.002 0.001 0.001 0.985 0.001 0.001 0.001 0.001 0.001 0.001 0.001 0.001 
 37      317    (0)    1 :  0.004 0.012 0.009 0.003 0.949 0.003 0.004 0.002 0.003 0.003 0.004 0.002 0.002 
 38      344    (0)    1 :  0.003 0.001 0.002 0.003 0.974 0.002 0.003 0.003 0.002 0.002 0.003 0.001 0.002 
 39      352    (0)    1 :  0.004 0.073 0.003 0.004 0.894 0.002 0.004 0.003 0.003 0.002 0.003 0.003 0.003 
 40      353    (0)    1 :  0.003 0.008 0.003 0.004 0.957 0.003 0.003 0.004 0.004 0.002 0.002 0.004 0.002 
 41      649    (0)    1 :  0.002 0.002 0.002 0.002 0.973 0.003 0.002 0.002 0.002 0.002 0.003 0.002 0.002 
 42      650    (0)    1 :  0.002 0.001 0.002 0.003 0.977 0.002 0.003 0.002 0.002 0.002 0.002 0.002 0.001 
 43      651    (0)    1 :  0.006 0.004 0.004 0.006 0.950 0.003 0.006 0.009 0.002 0.003 0.003 0.002 0.004 
 44      652    (0)    1 :  0.002 0.003 0.003 0.002 0.975 0.001 0.002 0.002 0.001 0.002 0.002 0.003 0.002 
 45      653    (0)    1 :  0.006 0.004 0.012 0.006 0.931 0.004 0.006 0.004 0.004 0.004 0.004 0.011 0.003 
 46      654    (0)    1 :  0.004 0.003 0.007 0.003 0.956 0.002 0.004 0.002 0.002 0.005 0.002 0.006 0.003 
 47      655    (0)    1 :  0.002 0.027 0.002 0.002 0.956 0.002 0.002 0.001 0.001 0.002 0.001 0.001 0.001 
 48      656    (0)    1 :  0.002 0.111 0.002 0.003 0.863 0.002 0.003 0.002 0.002 0.002 0.002 0.003 0.002 
 49      657    (0)    1 :  0.008 0.020 0.008 0.007 0.919 0.003 0.008 0.004 0.004 0.004 0.006 0.004 0.004 
 50      658    (0)    1 :  0.004 0.004 0.012 0.005 0.938 0.003 0.004 0.003 0.003 0.005 0.005 0.010 0.003 
 51      659    (0)    1 :  0.010 0.014 0.004 0.012 0.901 0.006 0.011 0.007 0.005 0.006 0.007 0.010 0.008 
 52      660    (0)    1 :  0.007 0.002 0.007 0.006 0.937 0.004 0.007 0.004 0.006 0.004 0.006 0.003 0.007 
 53      661    (0)    1 :  0.003 0.007 0.003 0.002 0.969 0.002 0.003 0.003 0.001 0.002 0.002 0.001 0.003 
 54      662    (0)    1 :  0.004 0.002 0.002 0.004 0.952 0.005 0.004 0.002 0.003 0.006 0.004 0.003 0.010 
 55      663    (0)    1 :  0.005 0.003 0.002 0.005 0.947 0.002 0.005 0.003 0.008 0.003 0.003 0.009 0.004 
 56      664    (0)    1 :  0.015 0.004 0.009 0.021 0.851 0.006 0.016 0.021 0.010 0.012 0.008 0.014 0.011 
 57      665    (0)    1 :  0.003 0.002 0.006 0.003 0.968 0.002 0.003 0.002 0.002 0.002 0.003 0.002 0.002 
 58      666    (0)    1 :  0.003 0.021 0.004 0.003 0.940 0.002 0.003 0.003 0.004 0.003 0.003 0.008 0.003 
 59      667    (0)    1 :  0.005 0.003 0.002 0.006 0.881 0.007 0.005 0.011 0.004 0.005 0.007 0.054 0.009 
 60      668    (0)    1 :  0.005 0.002 0.003 0.006 0.945 0.004 0.005 0.004 0.004 0.004 0.004 0.008 0.005 
 61      669    (0)    1 :  0.010 0.003 0.008 0.009 0.876 0.007 0.009 0.009 0.004 0.006 0.006 0.017 0.034 
 62      670    (0)    1 :  0.002 0.004 0.003 0.002 0.968 0.002 0.002 0.002 0.001 0.002 0.002 0.007 0.002 
 63      797    (0)   10 :  0.159 0.002 0.016 0.391 0.004 0.087 0.133 0.041 0.004 0.029 0.113 0.014 0.008 
 64      798    (0)   10 :  0.207 0.001 0.004 0.375 0.002 0.011 0.192 0.096 0.005 0.007 0.092 0.003 0.003 
 65      799    (0)   10 :  0.183 0.003 0.009 0.451 0.007 0.003 0.226 0.007 0.006 0.002 0.062 0.037 0.002 
 66      800    (0)   10 :  0.188 0.005 0.088 0.214 0.006 0.004 0.275 0.087 0.008 0.014 0.081 0.003 0.028 
 67      823    (0)   10 :  0.052 0.019 0.009 0.111 0.178 0.012 0.072 0.044 0.023 0.017 0.041 0.414 0.008 
 68      824    (0)   10 :  0.535 0.003 0.003 0.087 0.002 0.005 0.341 0.007 0.002 0.003 0.004 0.003 0.004 
 69      825    (0)   10 :  0.158 0.005 0.025 0.306 0.010 0.009 0.231 0.092 0.003 0.005 0.139 0.016 0.003 
 70      826    (0)   10 :  0.057 0.030 0.483 0.096 0.011 0.006 0.085 0.042 0.013 0.020 0.045 0.004 0.107 
 71      827    (0)   10 :  0.292 0.002 0.007 0.140 0.008 0.041 0.357 0.005 0.005 0.037 0.095 0.004 0.007 
 72      836    (0)   10 :  0.185 0.001 0.010 0.477 0.001 0.005 0.153 0.013 0.006 0.014 0.125 0.003 0.005 
 73      837    (0)   10 :  0.172 0.048 0.024 0.403 0.013 0.011 0.225 0.005 0.023 0.004 0.065 0.004 0.004 
 74      838    (0)   10 :  0.303 0.002 0.140 0.146 0.002 0.006 0.275 0.043 0.024 0.007 0.035 0.003 0.016 
 75      839    (0)   10 :  0.170 0.003 0.018 0.345 0.002 0.009 0.188 0.025 0.005 0.047 0.144 0.015 0.029 
 76      840    (0)   10 :  0.128 0.002 0.017 0.304 0.080 0.002 0.150 0.189 0.002 0.002 0.110 0.012 0.003 
 77      841    (0)   10 :  0.156 0.003 0.014 0.237 0.010 0.052 0.173 0.184 0.009 0.017 0.079 0.007 0.058 
 78      842    (0)   10 :  0.191 0.002 0.017 0.344 0.027 0.034 0.228 0.023 0.037 0.010 0.080 0.005 0.003 
 79      843    (0)   10 :  0.205 0.002 0.019 0.403 0.015 0.004 0.243 0.020 0.006 0.005 0.070 0.004 0.005 
 80      845    (0)   10 :  0.203 0.002 0.007 0.282 0.002 0.034 0.272 0.018 0.013 0.008 0.147 0.004 0.008 
 81      846    (0)   10 :  0.137 0.005 0.015 0.331 0.008 0.005 0.176 0.087 0.150 0.010 0.059 0.010 0.007 
 82      847    (2)   10 :  0.079 0.144 0.048 0.160 0.191 0.007 0.117 0.029 0.002 0.005 0.061 0.150 0.007 
 83      848    (0)   10 :  0.166 0.009 0.055 0.405 0.069 0.004 0.194 0.004 0.017 0.006 0.063 0.006 0.003 
 84      849    (0)   10 :  0.120 0.044 0.045 0.275 0.003 0.007 0.148 0.013 0.043 0.068 0.216 0.005 0.014 
 85      855    (0)   10 :  0.178 0.008 0.015 0.238 0.004 0.037 0.192 0.031 0.062 0.074 0.141 0.002 0.017 
 86      793    (0)   11 :  0.443 0.004 0.067 0.135 0.007 0.004 0.269 0.010 0.004 0.005 0.045 0.002 0.005 
 87      794    (0)   11 :  0.206 0.009 0.009 0.298 0.008 0.031 0.226 0.010 0.035 0.016 0.144 0.003 0.005 
 88      828    (0)   11 :  0.340 0.006 0.065 0.149 0.004 0.003 0.348 0.036 0.006 0.003 0.034 0.004 0.003 
 89      829    (4)   11 :  0.404 0.001 0.022 0.144 0.012 0.010 0.249 0.011 0.005 0.009 0.126 0.003 0.005 
 90      830    (0)   11 :  0.354 0.004 0.029 0.167 0.007 0.007 0.266 0.076 0.014 0.012 0.036 0.023 0.004 
 91      831    (2)   11 :  0.497 0.008 0.006 0.087 0.011 0.005 0.326 0.020 0.003 0.009 0.009 0.009 0.012 
 92      832    (0)   11 :  0.062 0.006 0.033 0.119 0.009 0.008 0.062 0.621 0.021 0.010 0.040 0.003 0.008 
 93      833    (2)   11 :  0.395 0.007 0.057 0.113 0.005 0.005 0.353 0.006 0.012 0.010 0.031 0.003 0.003 
 94      835    (0)   11 :  0.147 0.044 0.111 0.217 0.018 0.007 0.170 0.045 0.008 0.021 0.071 0.129 0.012 
 95      870    (0)   11 :  0.261 0.002 0.108 0.215 0.008 0.005 0.240 0.066 0.004 0.006 0.068 0.007 0.009 
 96      871    (0)   11 :  0.363 0.002 0.008 0.147 0.011 0.010 0.376 0.020 0.004 0.005 0.040 0.003 0.011 
 97      451    (0)   12 :  0.243 0.007 0.008 0.231 0.009 0.039 0.252 0.005 0.004 0.009 0.090 0.003 0.101 
 98      452    (4)   12 :  0.008 0.002 0.004 0.008 0.002 0.015 0.008 0.902 0.003 0.014 0.015 0.005 0.013 
 99      453    (4)   12 :  0.014 0.002 0.004 0.009 0.003 0.003 0.010 0.927 0.004 0.008 0.007 0.006 0.004 
100      454    (2)   12 :  0.310 0.008 0.017 0.134 0.015 0.005 0.389 0.032 0.004 0.032 0.038 0.009 0.006 
101      455    (4)   12 :  0.323 0.002 0.011 0.132 0.003 0.006 0.390 0.039 0.005 0.027 0.038 0.017 0.007 
102      795    (0)   12 :  0.011 0.001 0.011 0.009 0.002 0.005 0.014 0.914 0.009 0.007 0.008 0.005 0.003 
103      796    (0)   12 :  0.249 0.002 0.003 0.300 0.016 0.008 0.267 0.027 0.005 0.014 0.098 0.003 0.009 
104      802    (0)   12 :  0.012 0.001 0.004 0.013 0.004 0.006 0.013 0.807 0.023 0.084 0.011 0.003 0.020 
105      804    (0)   12 :  0.245 0.002 0.023 0.156 0.002 0.018 0.329 0.116 0.011 0.036 0.043 0.006 0.013 
106      805    (0)   12 :  0.266 0.002 0.015 0.148 0.032 0.018 0.311 0.011 0.010 0.068 0.096 0.011 0.013 
107      851    (0)   12 :  0.005 0.008 0.008 0.004 0.001 0.003 0.005 0.952 0.003 0.003 0.003 0.003 0.003 
108      852    (0)   12 :  0.008 0.002 0.006 0.006 0.001 0.004 0.010 0.920 0.019 0.009 0.006 0.003 0.005 
109      854    (0)   12 :  0.187 0.002 0.013 0.373 0.005 0.004 0.224 0.024 0.104 0.003 0.050 0.008 0.004 
110      858    (0)   12 :  0.296 0.002 0.005 0.161 0.001 0.021 0.382 0.013 0.022 0.022 0.063 0.006 0.007 
111      859    (0)   12 :  0.123 0.002 0.028 0.164 0.002 0.032 0.148 0.025 0.024 0.167 0.132 0.013 0.139 
112      860    (0)   12 :  0.253 0.038 0.006 0.176 0.006 0.023 0.302 0.012 0.021 0.009 0.047 0.005 0.104 
113      862    (0)   12 :  0.006 0.001 0.005 0.006 0.002 0.007 0.006 0.901 0.005 0.014 0.008 0.007 0.033 
114      863    (0)   12 :  0.010 0.001 0.006 0.008 0.002 0.051 0.010 0.877 0.005 0.011 0.009 0.003 0.007 
115      450    (0)   13 :  0.278 0.004 0.010 0.224 0.008 0.015 0.291 0.016 0.006 0.015 0.103 0.021 0.008 
116      791    (0)   13 :  0.177 0.003 0.014 0.352 0.063 0.005 0.206 0.075 0.004 0.006 0.061 0.007 0.026 
117      792    (0)   13 :  0.169 0.146 0.014 0.205 0.160 0.006 0.202 0.005 0.012 0.006 0.057 0.013 0.004 
118      803    (0)   13 :  0.116 0.262 0.215 0.092 0.106 0.003 0.129 0.016 0.002 0.003 0.040 0.014 0.003 
119      806    (0)   13 :  0.072 0.003 0.232 0.138 0.334 0.010 0.116 0.018 0.005 0.002 0.058 0.008 0.005 
120      807    (0)   13 :  0.196 0.002 0.006 0.466 0.009 0.004 0.224 0.007 0.006 0.003 0.068 0.006 0.005 
121      808    (0)   13 :  0.368 0.003 0.018 0.174 0.008 0.012 0.345 0.007 0.011 0.007 0.039 0.003 0.005 
122      809    (0)   13 :  0.042 0.028 0.461 0.066 0.115 0.009 0.057 0.156 0.012 0.006 0.030 0.008 0.009 
123      810    (0)   13 :  0.112 0.038 0.019 0.258 0.149 0.012 0.154 0.012 0.092 0.017 0.086 0.046 0.006 
124      811    (0)   13 :  0.139 0.004 0.012 0.252 0.300 0.005 0.158 0.018 0.005 0.011 0.078 0.006 0.013 
125      812    (0)   13 :  0.146 0.004 0.184 0.311 0.026 0.004 0.174 0.016 0.003 0.013 0.097 0.018 0.004 
126      813    (0)   13 :  0.185 0.003 0.022 0.095 0.208 0.013 0.179 0.207 0.014 0.024 0.037 0.004 0.009 
127      814    (0)   13 :  0.422 0.005 0.008 0.123 0.020 0.011 0.315 0.013 0.022 0.011 0.040 0.006 0.006 
128      834    (0)   13 :  0.191 0.004 0.004 0.425 0.029 0.008 0.211 0.008 0.007 0.011 0.050 0.002 0.051 
129      844    (0)   13 :  0.094 0.002 0.014 0.079 0.003 0.051 0.089 0.037 0.007 0.016 0.067 0.004 0.536 
130      850    (0)   13 :  0.197 0.005 0.023 0.081 0.361 0.004 0.205 0.086 0.004 0.004 0.015 0.009 0.005 
131      856    (0)   13 :  0.160 0.004 0.006 0.114 0.356 0.004 0.209 0.091 0.005 0.004 0.028 0.015 0.006 
132      857    (0)   13 :  0.089 0.008 0.019 0.114 0.390 0.003 0.113 0.124 0.051 0.004 0.044 0.019 0.023 
133      861    (0)   13 :  0.349 0.004 0.029 0.160 0.004 0.009 0.293 0.033 0.003 0.020 0.062 0.014 0.019 
134      864    (0)   13 :  0.133 0.006 0.004 0.338 0.008 0.008 0.189 0.008 0.141 0.003 0.128 0.017 0.016 
135      865    (0)   13 :  0.170 0.006 0.029 0.114 0.004 0.302 0.159 0.009 0.041 0.071 0.078 0.009 0.009 
136      866    (0)   13 :  0.160 0.007 0.101 0.222 0.059 0.008 0.179 0.151 0.003 0.003 0.099 0.003 0.004 
137      867    (0)   13 :  0.143 0.018 0.041 0.386 0.009 0.015 0.219 0.008 0.037 0.007 0.085 0.020 0.012 
138      868    (0)   13 :  0.491 0.024 0.006 0.086 0.033 0.008 0.317 0.007 0.004 0.008 0.006 0.004 0.006 
139      869    (0)   13 :  0.125 0.062 0.008 0.278 0.226 0.005 0.164 0.005 0.046 0.011 0.055 0.006 0.010 
140      004    (0)   14 :  0.067 0.002 0.009 0.127 0.004 0.041 0.072 0.499 0.005 0.043 0.074 0.045 0.011 
141      008    (0)   14 :  0.223 0.002 0.037 0.217 0.005 0.073 0.242 0.036 0.006 0.041 0.091 0.025 0.003 
142      013    (0)   14 :  0.163 0.005 0.008 0.338 0.005 0.012 0.170 0.057 0.014 0.102 0.109 0.009 0.008 
143      109    (0)   14 :  0.181 0.002 0.003 0.473 0.004 0.018 0.163 0.006 0.004 0.006 0.125 0.010 0.005 
144      348    (0)   14 :  0.007 0.001 0.004 0.008 0.004 0.003 0.008 0.947 0.004 0.003 0.005 0.004 0.002 
145      014    (0)    2 :  0.018 0.003 0.003 0.017 0.011 0.012 0.018 0.004 0.018 0.213 0.643 0.007 0.033 
146      015    (0)    2 :  0.010 0.001 0.009 0.017 0.005 0.152 0.013 0.004 0.453 0.021 0.224 0.003 0.088 
147      016    (0)    2 :  0.006 0.002 0.008 0.006 0.002 0.010 0.006 0.005 0.005 0.290 0.641 0.002 0.017 
148      017    (0)    2 :  0.023 0.002 0.009 0.016 0.002 0.083 0.012 0.009 0.011 0.203 0.599 0.007 0.024 
149      018    (0)    2 :  0.009 0.004 0.015 0.007 0.002 0.027 0.009 0.005 0.012 0.292 0.561 0.004 0.052 
150      023    (0)    2 :  0.014 0.004 0.013 0.010 0.003 0.008 0.013 0.008 0.017 0.286 0.609 0.005 0.011 
151      025    (0)    2 :  0.016 0.003 0.005 0.014 0.002 0.016 0.018 0.020 0.006 0.679 0.026 0.005 0.190 
152      026    (0)    2 :  0.004 0.002 0.003 0.004 0.001 0.008 0.004 0.003 0.018 0.821 0.066 0.002 0.064 
153      027    (0)    2 :  0.052 0.004 0.011 0.115 0.004 0.047 0.059 0.008 0.013 0.190 0.477 0.003 0.018 
154      028    (0)    2 :  0.008 0.003 0.014 0.006 0.002 0.011 0.007 0.004 0.006 0.250 0.662 0.003 0.023 
155      029    (0)    2 :  0.010 0.002 0.006 0.011 0.002 0.075 0.009 0.114 0.005 0.207 0.522 0.004 0.034 
156      030    (0)    2 :  0.010 0.002 0.009 0.014 0.003 0.005 0.010 0.007 0.029 0.347 0.548 0.008 0.008 
157      031    (0)    2 :  0.007 0.002 0.014 0.004 0.004 0.006 0.004 0.004 0.005 0.278 0.667 0.002 0.002 
158      032    (0)    2 :  0.009 0.006 0.015 0.011 0.001 0.086 0.010 0.035 0.300 0.173 0.254 0.016 0.084 
159      035    (0)    2 :  0.003 0.002 0.004 0.003 0.001 0.023 0.003 0.005 0.008 0.271 0.601 0.002 0.074 
160      037    (0)    2 :  0.005 0.002 0.006 0.005 0.001 0.008 0.004 0.005 0.037 0.254 0.666 0.003 0.004 
161      038    (0)    2 :  0.010 0.004 0.023 0.008 0.002 0.017 0.010 0.006 0.005 0.833 0.031 0.035 0.015 
162      039    (0)    2 :  0.003 0.002 0.004 0.004 0.002 0.033 0.003 0.003 0.108 0.248 0.581 0.002 0.007 
163      040    (0)    2 :  0.017 0.002 0.011 0.019 0.027 0.014 0.012 0.009 0.012 0.233 0.627 0.002 0.014 
164      041    (0)    2 :  0.014 0.002 0.014 0.008 0.004 0.383 0.012 0.004 0.020 0.183 0.339 0.002 0.014 
165      043    (0)    2 :  0.004 0.001 0.004 0.004 0.001 0.007 0.004 0.003 0.011 0.779 0.156 0.002 0.023 
166      045    (0)    2 :  0.007 0.003 0.009 0.008 0.002 0.010 0.007 0.011 0.050 0.281 0.586 0.005 0.022 
167      046    (0)    2 :  0.049 0.003 0.017 0.023 0.005 0.009 0.036 0.022 0.034 0.151 0.338 0.002 0.311 
168      047    (0)    2 :  0.005 0.001 0.006 0.006 0.002 0.011 0.006 0.002 0.006 0.294 0.654 0.003 0.002 
169      050    (0)    2 :  0.002 0.001 0.002 0.003 0.001 0.011 0.003 0.003 0.004 0.713 0.017 0.002 0.239 
170      052    (0)    2 :  0.006 0.002 0.005 0.007 0.001 0.894 0.006 0.007 0.021 0.019 0.018 0.003 0.012 
171      053    (0)    2 :  0.006 0.001 0.003 0.006 0.002 0.617 0.006 0.007 0.010 0.174 0.162 0.002 0.004 
172      054    (0)    2 :  0.017 0.011 0.018 0.020 0.005 0.014 0.019 0.010 0.026 0.819 0.029 0.003 0.010 
173      055    (0)    2 :  0.007 0.002 0.008 0.007 0.003 0.193 0.008 0.004 0.015 0.319 0.420 0.005 0.011 
174      056    (0)    2 :  0.012 0.003 0.005 0.008 0.002 0.010 0.009 0.027 0.428 0.157 0.313 0.002 0.025 
175      057    (0)    2 :  0.032 0.003 0.004 0.030 0.023 0.191 0.033 0.009 0.007 0.233 0.416 0.005 0.014 
176      058    (0)    2 :  0.025 0.005 0.023 0.048 0.003 0.028 0.031 0.032 0.058 0.523 0.119 0.067 0.039 
177      059    (0)    2 :  0.023 0.003 0.055 0.023 0.004 0.018 0.022 0.013 0.264 0.476 0.084 0.006 0.009 
178      060    (0)    2 :  0.004 0.001 0.004 0.004 0.001 0.006 0.004 0.004 0.004 0.288 0.673 0.003 0.004 
179      350    (0)    2 :  0.002 0.002 0.002 0.002 0.001 0.003 0.002 0.002 0.001 0.002 0.003 0.002 0.977 
180      351    (0)    2 :  0.016 0.002 0.021 0.019 0.002 0.264 0.016 0.008 0.063 0.476 0.085 0.003 0.026 
181      354    (0)    2 :  0.005 0.002 0.009 0.006 0.002 0.014 0.006 0.003 0.313 0.240 0.330 0.005 0.063 
182      374    (0)    2 :  0.038 0.002 0.008 0.061 0.002 0.012 0.046 0.018 0.059 0.219 0.520 0.011 0.003 
183      378    (0)    2 :  0.019 0.001 0.008 0.018 0.002 0.032 0.020 0.025 0.009 0.254 0.600 0.004 0.009 
184      381    (0)    2 :  0.007 0.002 0.008 0.006 0.002 0.029 0.006 0.004 0.039 0.243 0.642 0.003 0.009 
185      382    (0)    2 :  0.006 0.004 0.006 0.006 0.002 0.003 0.005 0.003 0.008 0.265 0.678 0.006 0.009 
186      384    (0)    2 :  0.005 0.003 0.005 0.005 0.009 0.006 0.005 0.004 0.004 0.902 0.039 0.002 0.013 
187      555    (0)    2 :  0.017 0.008 0.007 0.021 0.007 0.101 0.017 0.004 0.023 0.292 0.484 0.013 0.006 
188      671    (0)    2 :  0.031 0.003 0.012 0.035 0.002 0.008 0.033 0.052 0.007 0.015 0.026 0.053 0.722 
189      672    (0)    2 :  0.006 0.002 0.005 0.006 0.003 0.005 0.007 0.016 0.013 0.917 0.009 0.005 0.004 
190      705    (0)    2 :  0.003 0.002 0.002 0.003 0.001 0.005 0.003 0.004 0.008 0.952 0.008 0.008 0.003 
191      706    (0)    2 :  0.006 0.001 0.006 0.007 0.001 0.037 0.006 0.004 0.015 0.312 0.596 0.003 0.008 
192      707    (0)    2 :  0.006 0.006 0.005 0.007 0.002 0.025 0.006 0.006 0.006 0.265 0.550 0.007 0.109 
193      708    (0)    2 :  0.027 0.019 0.015 0.020 0.016 0.660 0.021 0.005 0.006 0.136 0.066 0.004 0.005 
194      758    (0)    2 :  0.035 0.004 0.017 0.029 0.002 0.041 0.032 0.013 0.037 0.195 0.528 0.005 0.060 
195      759    (0)    2 :  0.011 0.002 0.030 0.011 0.002 0.032 0.011 0.042 0.028 0.623 0.191 0.009 0.008 
196      760    (0)    2 :  0.012 0.002 0.007 0.008 0.001 0.083 0.010 0.013 0.047 0.247 0.557 0.002 0.011 
197      761    (0)    2 :  0.005 0.002 0.018 0.005 0.004 0.217 0.005 0.004 0.034 0.091 0.036 0.005 0.576 
198      762    (0)    2 :  0.006 0.002 0.013 0.007 0.002 0.007 0.007 0.005 0.010 0.162 0.249 0.012 0.518 
199      763    (0)    2 :  0.005 0.001 0.004 0.005 0.001 0.007 0.005 0.006 0.003 0.323 0.630 0.004 0.005 
200      764    (0)    2 :  0.005 0.004 0.004 0.005 0.002 0.047 0.005 0.004 0.018 0.169 0.038 0.005 0.695 
201      765    (0)    2 :  0.025 0.002 0.013 0.031 0.005 0.207 0.033 0.007 0.062 0.131 0.449 0.004 0.031 
202      766    (0)    2 :  0.003 0.001 0.002 0.003 0.001 0.168 0.003 0.003 0.065 0.236 0.475 0.003 0.038 
203      767    (0)    2 :  0.011 0.006 0.012 0.011 0.003 0.223 0.011 0.006 0.072 0.197 0.108 0.046 0.295 
204      768    (0)    2 :  0.006 0.002 0.006 0.007 0.004 0.298 0.006 0.004 0.048 0.205 0.365 0.003 0.045 
205      769    (0)    2 :  0.014 0.001 0.009 0.024 0.002 0.099 0.014 0.004 0.011 0.233 0.583 0.002 0.003 
206      770    (0)    2 :  0.037 0.003 0.054 0.027 0.002 0.723 0.033 0.007 0.015 0.064 0.026 0.002 0.007 
207      771    (0)    2 :  0.008 0.003 0.010 0.010 0.002 0.055 0.009 0.010 0.008 0.223 0.617 0.005 0.041 
208      772    (0)    2 :  0.081 0.002 0.012 0.080 0.001 0.043 0.051 0.139 0.008 0.081 0.472 0.004 0.027 
209      773    (0)    2 :  0.003 0.002 0.004 0.003 0.002 0.004 0.003 0.003 0.005 0.312 0.647 0.009 0.002 
210      774    (0)    2 :  0.015 0.003 0.030 0.013 0.003 0.011 0.012 0.006 0.087 0.184 0.613 0.003 0.020 
211      775    (0)    2 :  0.005 0.002 0.004 0.006 0.001 0.198 0.006 0.014 0.019 0.258 0.122 0.005 0.360 
212      776    (0)    2 :  0.004 0.002 0.004 0.004 0.002 0.004 0.004 0.005 0.006 0.287 0.671 0.003 0.006 
213      777    (0)    2 :  0.007 0.003 0.006 0.006 0.004 0.827 0.007 0.003 0.078 0.029 0.015 0.005 0.010 
214      778    (0)    2 :  0.003 0.002 0.002 0.003 0.001 0.003 0.003 0.003 0.003 0.933 0.039 0.003 0.003 
215      779    (0)    2 :  0.004 0.002 0.004 0.003 0.003 0.033 0.004 0.003 0.007 0.007 0.004 0.002 0.924 
216      780    (0)    2 :  0.013 0.001 0.003 0.022 0.002 0.056 0.014 0.005 0.064 0.030 0.111 0.002 0.675 
217      781    (0)    2 :  0.017 0.002 0.006 0.021 0.002 0.056 0.016 0.012 0.006 0.652 0.177 0.005 0.027 
218      782    (0)    2 :  0.012 0.001 0.007 0.012 0.002 0.347 0.010 0.015 0.027 0.162 0.367 0.011 0.027 
219      783    (0)    2 :  0.007 0.002 0.016 0.006 0.001 0.838 0.006 0.007 0.008 0.023 0.061 0.004 0.021 
220      784    (0)    2 :  0.017 0.002 0.004 0.018 0.006 0.664 0.020 0.010 0.012 0.132 0.088 0.005 0.023 
221      785    (0)    2 :  0.004 0.001 0.002 0.006 0.003 0.644 0.005 0.004 0.030 0.098 0.154 0.005 0.044 
222      786    (0)    2 :  0.004 0.002 0.004 0.005 0.002 0.018 0.004 0.003 0.012 0.901 0.030 0.003 0.013 
223      787    (0)    2 :  0.006 0.001 0.012 0.007 0.003 0.049 0.006 0.003 0.866 0.011 0.014 0.003 0.019 
224      115    (0)    3 :  0.004 0.001 0.005 0.005 0.002 0.107 0.005 0.006 0.004 0.811 0.032 0.002 0.016 
225      116    (0)    3 :  0.006 0.002 0.015 0.006 0.002 0.006 0.005 0.006 0.518 0.293 0.048 0.003 0.089 
226      117    (0)    3 :  0.011 0.001 0.005 0.012 0.002 0.017 0.010 0.006 0.846 0.010 0.021 0.003 0.057 
227      118    (0)    3 :  0.008 0.002 0.006 0.008 0.002 0.005 0.008 0.022 0.725 0.070 0.010 0.125 0.008 
228      119    (0)    3 :  0.003 0.003 0.005 0.003 0.001 0.004 0.003 0.002 0.961 0.005 0.003 0.003 0.003 
229      389    (0)    3 :  0.004 0.002 0.002 0.004 0.003 0.025 0.004 0.004 0.007 0.915 0.022 0.002 0.007 
230      548    (0)    3 :  0.003 0.002 0.003 0.003 0.001 0.005 0.003 0.002 0.957 0.005 0.006 0.004 0.005 
231      549    (0)    3 :  0.005 0.001 0.018 0.005 0.001 0.005 0.005 0.011 0.019 0.290 0.016 0.002 0.622 
232      550    (0)    3 :  0.021 0.005 0.040 0.024 0.004 0.019 0.024 0.025 0.731 0.054 0.027 0.008 0.018 
233      551    (0)    3 :  0.003 0.003 0.003 0.003 0.003 0.004 0.003 0.002 0.954 0.008 0.009 0.002 0.003 
234      552    (0)    3 :  0.015 0.002 0.014 0.014 0.001 0.013 0.013 0.033 0.101 0.044 0.042 0.002 0.706 
235      553    (0)    3 :  0.011 0.005 0.019 0.009 0.002 0.010 0.010 0.020 0.029 0.658 0.025 0.008 0.195 
236      009    (0)    4 :  0.004 0.004 0.004 0.004 0.002 0.775 0.004 0.003 0.010 0.148 0.025 0.002 0.016 
237      042    (0)    4 :  0.012 0.001 0.013 0.014 0.007 0.053 0.014 0.014 0.006 0.840 0.015 0.008 0.003 
238      044    (0)    4 :  0.017 0.002 0.025 0.011 0.006 0.804 0.015 0.009 0.006 0.076 0.017 0.003 0.009 
239      086    (0)    4 :  0.004 0.002 0.005 0.003 0.001 0.012 0.003 0.004 0.005 0.885 0.072 0.002 0.004 
240      087    (0)    4 :  0.003 0.001 0.003 0.004 0.001 0.963 0.003 0.004 0.003 0.005 0.004 0.002 0.004 
241      093    (0)    4 :  0.004 0.003 0.003 0.005 0.002 0.848 0.004 0.003 0.013 0.060 0.046 0.003 0.007 
242      095    (0)    4 :  0.023 0.005 0.081 0.029 0.002 0.490 0.032 0.007 0.018 0.223 0.071 0.010 0.009 
243      096    (0)    4 :  0.007 0.005 0.008 0.009 0.002 0.901 0.007 0.004 0.005 0.005 0.015 0.024 0.008 
244      097    (0)    4 :  0.006 0.002 0.010 0.007 0.001 0.754 0.007 0.007 0.008 0.084 0.105 0.003 0.007 
245      101    (0)    4 :  0.005 0.003 0.005 0.005 0.001 0.925 0.005 0.002 0.011 0.018 0.014 0.002 0.005 
246      183    (0)    4 :  0.002 0.001 0.002 0.002 0.001 0.965 0.002 0.003 0.003 0.005 0.004 0.002 0.006 
247      200    (0)    4 :  0.003 0.005 0.002 0.003 0.003 0.959 0.003 0.002 0.002 0.003 0.003 0.002 0.010 
248      210    (0)    4 :  0.005 0.003 0.003 0.004 0.001 0.905 0.005 0.006 0.007 0.044 0.011 0.002 0.004 
249      219    (0)    4 :  0.003 0.003 0.003 0.003 0.001 0.964 0.003 0.004 0.002 0.004 0.003 0.002 0.004 
250      230    (0)    4 :  0.005 0.002 0.006 0.004 0.001 0.894 0.005 0.012 0.008 0.034 0.016 0.003 0.011 
251      241    (0)    4 :  0.012 0.003 0.012 0.013 0.003 0.796 0.014 0.039 0.007 0.027 0.009 0.008 0.056 
252      307    (0)    4 :  0.007 0.003 0.009 0.006 0.003 0.022 0.008 0.015 0.008 0.878 0.007 0.003 0.034 
253      318    (0)    4 :  0.010 0.002 0.017 0.009 0.004 0.437 0.011 0.059 0.006 0.400 0.009 0.003 0.034 
254      323    (0)    4 :  0.005 0.002 0.003 0.006 0.002 0.930 0.005 0.004 0.004 0.017 0.013 0.002 0.006 
255      324    (0)    4 :  0.004 0.002 0.004 0.007 0.003 0.061 0.005 0.005 0.006 0.338 0.560 0.002 0.005 
256      325    (0)    4 :  0.003 0.002 0.003 0.004 0.010 0.050 0.004 0.003 0.003 0.906 0.004 0.002 0.006 
257      326    (0)    4 :  0.006 0.001 0.042 0.007 0.001 0.252 0.007 0.012 0.006 0.620 0.038 0.004 0.003 
258      338    (0)    4 :  0.004 0.001 0.003 0.005 0.001 0.949 0.004 0.004 0.009 0.005 0.008 0.003 0.004 
259      343    (0)    4 :  0.003 0.004 0.003 0.003 0.001 0.962 0.003 0.003 0.005 0.004 0.004 0.003 0.003 
260      379    (0)    4 :  0.006 0.001 0.002 0.006 0.001 0.851 0.007 0.007 0.009 0.084 0.008 0.003 0.013 
261      383    (0)    4 :  0.010 0.002 0.008 0.007 0.002 0.060 0.009 0.006 0.017 0.721 0.130 0.003 0.027 
262      385    (0)    4 :  0.005 0.001 0.002 0.004 0.001 0.951 0.004 0.004 0.006 0.007 0.007 0.003 0.003 
263      386    (0)    4 :  0.003 0.001 0.002 0.003 0.001 0.962 0.003 0.003 0.003 0.004 0.005 0.004 0.005 
264      387    (0)    4 :  0.006 0.015 0.003 0.005 0.003 0.910 0.005 0.003 0.013 0.005 0.007 0.012 0.015 
265      554    (0)    4 :  0.004 0.002 0.005 0.004 0.001 0.055 0.004 0.007 0.011 0.806 0.041 0.011 0.050 
266      877    (0)    4 :  0.004 0.002 0.004 0.005 0.002 0.049 0.005 0.004 0.384 0.454 0.044 0.002 0.041 
267      878    (0)    4 :  0.008 0.003 0.017 0.008 0.001 0.022 0.008 0.008 0.690 0.207 0.022 0.002 0.004 
268      880    (0)    4 :  0.006 0.001 0.009 0.007 0.001 0.004 0.006 0.020 0.890 0.008 0.025 0.002 0.020 
269      122    (0)    5 :  0.104 0.001 0.302 0.052 0.005 0.014 0.101 0.353 0.010 0.009 0.022 0.012 0.014 
270      123    (0)    5 :  0.009 0.005 0.896 0.012 0.033 0.004 0.011 0.013 0.003 0.002 0.006 0.003 0.003 
271      124    (0)    5 :  0.006 0.009 0.914 0.007 0.002 0.010 0.007 0.006 0.005 0.011 0.007 0.013 0.005 
272      125    (0)    5 :  0.005 0.002 0.957 0.005 0.001 0.003 0.005 0.004 0.005 0.003 0.004 0.002 0.003 
273      126    (0)    5 :  0.008 0.001 0.267 0.012 0.002 0.006 0.008 0.643 0.003 0.005 0.007 0.002 0.037 
274      128    (0)    5 :  0.018 0.003 0.894 0.015 0.004 0.004 0.021 0.010 0.003 0.002 0.010 0.014 0.004 
275      129    (0)    5 :  0.015 0.002 0.774 0.019 0.005 0.016 0.018 0.031 0.009 0.011 0.018 0.076 0.006 
276      130    (0)    5 :  0.009 0.001 0.872 0.010 0.001 0.006 0.009 0.020 0.009 0.027 0.025 0.005 0.006 
277      131    (0)    5 :  0.006 0.003 0.945 0.008 0.002 0.007 0.007 0.008 0.003 0.002 0.005 0.002 0.002 
278      132    (0)    5 :  0.006 0.006 0.888 0.005 0.001 0.011 0.005 0.005 0.036 0.012 0.010 0.009 0.007 
279      133    (0)    5 :  0.093 0.001 0.335 0.079 0.002 0.009 0.076 0.215 0.023 0.050 0.028 0.079 0.010 
280      134    (0)    5 :  0.034 0.015 0.800 0.037 0.011 0.006 0.041 0.016 0.008 0.004 0.020 0.006 0.003 
281      135    (0)    5 :  0.031 0.002 0.809 0.025 0.041 0.004 0.032 0.010 0.012 0.017 0.009 0.004 0.004 
282      136    (0)    5 :  0.013 0.005 0.881 0.011 0.037 0.002 0.017 0.006 0.007 0.004 0.006 0.007 0.004 
283      139    (0)    5 :  0.014 0.003 0.857 0.025 0.003 0.011 0.016 0.022 0.006 0.012 0.009 0.017 0.005 
284      140    (0)    5 :  0.023 0.002 0.780 0.057 0.008 0.010 0.031 0.013 0.010 0.008 0.037 0.016 0.005 
285      141    (0)    5 :  0.014 0.004 0.876 0.023 0.004 0.007 0.017 0.010 0.010 0.008 0.018 0.005 0.004 
286      142    (0)    5 :  0.005 0.002 0.915 0.006 0.002 0.017 0.005 0.003 0.010 0.013 0.015 0.004 0.004 
287      143    (0)    5 :  0.006 0.006 0.844 0.009 0.004 0.019 0.007 0.010 0.013 0.020 0.043 0.014 0.004 
288      144    (0)    5 :  0.019 0.003 0.860 0.023 0.001 0.007 0.020 0.022 0.007 0.005 0.018 0.006 0.008 
289      145    (0)    5 :  0.014 0.029 0.865 0.016 0.003 0.003 0.016 0.019 0.004 0.002 0.008 0.004 0.016 
290      148    (0)    5 :  0.046 0.003 0.759 0.054 0.009 0.008 0.057 0.009 0.006 0.006 0.030 0.003 0.010 
291      556    (0)    5 :  0.008 0.002 0.856 0.011 0.003 0.008 0.008 0.013 0.018 0.004 0.010 0.006 0.053 
292      557    (0)    5 :  0.006 0.017 0.926 0.007 0.005 0.004 0.006 0.005 0.008 0.005 0.007 0.002 0.003 
293      558    (0)    5 :  0.010 0.008 0.932 0.007 0.002 0.003 0.008 0.009 0.005 0.003 0.004 0.005 0.004 
294      559    (0)    5 :  0.010 0.002 0.907 0.010 0.002 0.005 0.010 0.015 0.005 0.017 0.009 0.008 0.002 
295      560    (0)    5 :  0.020 0.002 0.885 0.013 0.003 0.007 0.022 0.006 0.004 0.007 0.017 0.002 0.012 
296      561    (0)    5 :  0.003 0.001 0.951 0.003 0.001 0.004 0.003 0.002 0.009 0.011 0.005 0.003 0.002 
297      562    (0)    5 :  0.096 0.005 0.722 0.036 0.006 0.005 0.059 0.023 0.024 0.004 0.013 0.006 0.004 
298      563    (0)    5 :  0.035 0.006 0.728 0.045 0.081 0.003 0.040 0.021 0.009 0.004 0.016 0.009 0.002 
299      564    (0)    5 :  0.076 0.002 0.461 0.080 0.002 0.018 0.099 0.026 0.142 0.030 0.045 0.014 0.005 
300      565    (0)    5 :  0.003 0.002 0.965 0.003 0.003 0.002 0.003 0.003 0.004 0.002 0.005 0.003 0.002 
301      566    (0)    5 :  0.022 0.002 0.810 0.039 0.003 0.007 0.023 0.021 0.039 0.006 0.021 0.002 0.005 
302      567    (0)    5 :  0.007 0.003 0.934 0.010 0.011 0.003 0.008 0.004 0.003 0.003 0.006 0.004 0.005 
303      568    (0)    5 :  0.012 0.002 0.895 0.014 0.003 0.003 0.012 0.006 0.015 0.007 0.008 0.017 0.004 
304      569    (0)    5 :  0.006 0.010 0.938 0.006 0.002 0.004 0.006 0.005 0.009 0.003 0.004 0.003 0.005 
305      570    (0)    5 :  0.004 0.001 0.947 0.004 0.001 0.009 0.004 0.004 0.004 0.005 0.010 0.002 0.005 
306      613    (0)    5 :  0.004 0.002 0.950 0.004 0.002 0.004 0.004 0.005 0.005 0.006 0.004 0.004 0.007 
307      614    (0)    5 :  0.012 0.002 0.890 0.012 0.020 0.003 0.013 0.010 0.026 0.003 0.005 0.002 0.003 
308      615    (0)    5 :  0.012 0.004 0.793 0.012 0.006 0.019 0.014 0.026 0.075 0.014 0.014 0.003 0.007 
309      616    (0)    5 :  0.007 0.001 0.890 0.010 0.002 0.005 0.008 0.006 0.009 0.012 0.011 0.036 0.002 
310      617    (0)    5 :  0.017 0.003 0.837 0.025 0.008 0.017 0.020 0.010 0.022 0.011 0.016 0.004 0.010 
311      618    (0)    5 :  0.028 0.003 0.805 0.021 0.003 0.007 0.026 0.015 0.008 0.026 0.009 0.015 0.034 
312      619    (0)    5 :  0.067 0.008 0.005 0.124 0.665 0.002 0.083 0.006 0.003 0.002 0.029 0.004 0.002 
313      620    (0)    5 :  0.009 0.004 0.891 0.009 0.002 0.007 0.009 0.015 0.024 0.005 0.006 0.003 0.015 
314      621    (0)    5 :  0.008 0.001 0.833 0.010 0.001 0.008 0.008 0.066 0.018 0.011 0.018 0.003 0.014 
315      622    (0)    5 :  0.004 0.003 0.952 0.004 0.001 0.004 0.004 0.002 0.008 0.004 0.005 0.004 0.002 
316      623    (0)    5 :  0.004 0.002 0.957 0.003 0.002 0.004 0.004 0.006 0.004 0.005 0.004 0.002 0.004 
317      624    (0)    5 :  0.013 0.003 0.851 0.017 0.003 0.008 0.018 0.033 0.011 0.018 0.015 0.006 0.005 
318      625    (0)    5 :  0.010 0.002 0.326 0.012 0.003 0.004 0.010 0.560 0.018 0.014 0.009 0.003 0.029 
319      626    (0)    5 :  0.005 0.003 0.937 0.007 0.003 0.007 0.006 0.007 0.005 0.007 0.005 0.005 0.003 
320      627    (0)    5 :  0.026 0.003 0.771 0.037 0.016 0.006 0.030 0.016 0.004 0.034 0.022 0.010 0.024 
321      628    (0)    5 :  0.007 0.004 0.938 0.007 0.002 0.003 0.007 0.004 0.004 0.004 0.007 0.004 0.009 
322      629    (0)    5 :  0.011 0.002 0.906 0.010 0.003 0.003 0.011 0.011 0.013 0.004 0.008 0.013 0.005 
323      630    (0)    5 :  0.004 0.004 0.944 0.004 0.019 0.003 0.004 0.003 0.003 0.003 0.004 0.002 0.003 
324      631    (0)    5 :  0.004 0.004 0.935 0.004 0.002 0.003 0.004 0.004 0.003 0.004 0.003 0.027 0.003 
325      632    (0)    5 :  0.014 0.004 0.701 0.018 0.004 0.012 0.016 0.094 0.009 0.019 0.011 0.013 0.085 
326      633    (0)    5 :  0.077 0.007 0.702 0.051 0.005 0.009 0.081 0.015 0.011 0.005 0.021 0.013 0.003 
327      634    (0)    5 :  0.007 0.013 0.895 0.008 0.005 0.002 0.008 0.010 0.033 0.004 0.005 0.006 0.003 
328      635    (0)    5 :  0.005 0.003 0.950 0.005 0.002 0.002 0.005 0.009 0.005 0.003 0.004 0.003 0.003 
329      636    (0)    5 :  0.006 0.003 0.943 0.004 0.002 0.005 0.005 0.005 0.006 0.009 0.006 0.003 0.004 
330      637    (0)    5 :  0.213 0.001 0.150 0.193 0.005 0.010 0.284 0.010 0.062 0.004 0.053 0.006 0.009 
331      638    (0)    5 :  0.013 0.002 0.855 0.014 0.008 0.026 0.015 0.008 0.020 0.015 0.007 0.012 0.004 
332      639    (0)    5 :  0.054 0.002 0.582 0.130 0.006 0.007 0.074 0.032 0.014 0.011 0.074 0.009 0.005 
333      640    (0)    5 :  0.007 0.001 0.895 0.007 0.001 0.006 0.007 0.006 0.031 0.014 0.016 0.004 0.005 
334      689    (0)    5 :  0.005 0.001 0.937 0.006 0.003 0.009 0.006 0.009 0.005 0.006 0.004 0.003 0.005 
335      690    (0)    5 :  0.016 0.016 0.890 0.013 0.002 0.008 0.013 0.007 0.009 0.004 0.011 0.005 0.007 
336      691    (0)    5 :  0.009 0.001 0.848 0.006 0.002 0.006 0.008 0.016 0.003 0.014 0.012 0.001 0.074 
337      692    (0)    5 :  0.058 0.008 0.787 0.019 0.008 0.003 0.043 0.051 0.006 0.003 0.006 0.006 0.002 
338      693    (0)    5 :  0.006 0.002 0.957 0.005 0.002 0.003 0.005 0.005 0.002 0.003 0.005 0.003 0.003 
339      694    (0)    5 :  0.004 0.003 0.961 0.003 0.003 0.003 0.004 0.003 0.003 0.002 0.003 0.006 0.002 
340      695    (0)    5 :  0.003 0.001 0.954 0.003 0.001 0.005 0.003 0.003 0.006 0.007 0.008 0.003 0.002 
341      696    (0)    5 :  0.003 0.002 0.958 0.004 0.002 0.003 0.004 0.003 0.004 0.007 0.004 0.002 0.004 
342      697    (0)    5 :  0.004 0.002 0.938 0.004 0.002 0.003 0.004 0.007 0.009 0.007 0.005 0.006 0.009 
343      698    (0)    5 :  0.031 0.003 0.873 0.019 0.004 0.003 0.022 0.016 0.009 0.005 0.008 0.002 0.004 
344      699    (0)    5 :  0.005 0.001 0.950 0.005 0.002 0.005 0.005 0.004 0.008 0.004 0.004 0.003 0.005 
345      700    (0)    5 :  0.008 0.005 0.893 0.009 0.002 0.033 0.009 0.008 0.005 0.010 0.009 0.005 0.004 
346      701    (2)    5 :  0.017 0.003 0.882 0.015 0.004 0.007 0.015 0.025 0.007 0.006 0.011 0.005 0.003 
347      702    (0)    5 :  0.015 0.005 0.837 0.009 0.004 0.005 0.011 0.014 0.004 0.017 0.038 0.002 0.038 
348      703    (0)    5 :  0.006 0.003 0.938 0.005 0.003 0.005 0.005 0.018 0.004 0.006 0.003 0.002 0.002 
349      704    (0)    5 :  0.011 0.001 0.918 0.009 0.007 0.004 0.010 0.005 0.006 0.006 0.009 0.010 0.003 
350      390    (0)    6 :  0.005 0.006 0.003 0.005 0.001 0.030 0.005 0.005 0.008 0.063 0.015 0.004 0.849 
351      391    (0)    6 :  0.007 0.009 0.011 0.009 0.003 0.867 0.008 0.007 0.015 0.019 0.021 0.005 0.019 
352      392    (0)    6 :  0.162 0.034 0.042 0.108 0.004 0.240 0.162 0.016 0.005 0.092 0.087 0.024 0.024 
353      393    (0)    6 :  0.016 0.003 0.005 0.013 0.003 0.066 0.020 0.007 0.006 0.309 0.018 0.002 0.531 
354      394    (0)    6 :  0.011 0.002 0.005 0.015 0.017 0.005 0.013 0.011 0.010 0.084 0.009 0.004 0.814 
355      647    (0)    6 :  0.018 0.004 0.014 0.013 0.003 0.031 0.016 0.064 0.007 0.534 0.258 0.003 0.035 
356      648    (0)    6 :  0.010 0.002 0.010 0.009 0.001 0.091 0.009 0.014 0.102 0.451 0.187 0.005 0.110 
357      007    (0)    7 :  0.006 0.006 0.009 0.007 0.006 0.004 0.006 0.004 0.003 0.009 0.007 0.931 0.002 
358      012    (0)    7 :  0.012 0.004 0.012 0.017 0.009 0.006 0.016 0.035 0.007 0.022 0.009 0.846 0.005 
359      020    (0)    7 :  0.056 0.002 0.005 0.114 0.016 0.006 0.058 0.010 0.057 0.010 0.058 0.591 0.018 
360      021    (0)    7 :  0.002 0.001 0.002 0.002 0.001 0.002 0.002 0.004 0.002 0.002 0.002 0.973 0.002 
361      022    (0)    7 :  0.017 0.018 0.004 0.018 0.003 0.005 0.017 0.072 0.004 0.004 0.009 0.825 0.005 
362      034    (0)    7 :  0.007 0.004 0.010 0.009 0.003 0.008 0.008 0.006 0.010 0.007 0.008 0.907 0.013 
363      049    (0)    7 :  0.002 0.002 0.002 0.003 0.003 0.002 0.002 0.002 0.003 0.002 0.003 0.972 0.002 
364      062    (0)    7 :  0.002 0.001 0.002 0.003 0.002 0.001 0.002 0.002 0.002 0.002 0.002 0.978 0.002 
365      089    (0)    7 :  0.002 0.001 0.002 0.002 0.001 0.002 0.002 0.002 0.002 0.002 0.002 0.979 0.002 
366      092    (0)    7 :  0.001 0.001 0.002 0.001 0.001 0.002 0.001 0.002 0.001 0.002 0.002 0.982 0.001 
367      100    (0)    7 :  0.003 0.002 0.006 0.003 0.002 0.007 0.003 0.004 0.006 0.008 0.005 0.947 0.004 
368      105    (0)    7 :  0.007 0.001 0.003 0.007 0.008 0.014 0.007 0.003 0.012 0.004 0.006 0.923 0.004 
369      205    (0)    7 :  0.011 0.004 0.006 0.011 0.009 0.005 0.013 0.008 0.005 0.003 0.005 0.917 0.003 
370      206    (0)    7 :  0.052 0.003 0.015 0.033 0.003 0.018 0.057 0.040 0.007 0.061 0.036 0.644 0.032 
371      207    (0)    7 :  0.006 0.002 0.005 0.007 0.005 0.004 0.006 0.006 0.003 0.007 0.008 0.938 0.004 
372      208    (0)    7 :  0.016 0.002 0.006 0.019 0.003 0.013 0.017 0.016 0.012 0.009 0.017 0.868 0.003 
373      209    (0)    7 :  0.073 0.002 0.003 0.088 0.009 0.003 0.069 0.015 0.006 0.004 0.023 0.699 0.005 
374      377    (0)    7 :  0.003 0.002 0.005 0.003 0.002 0.003 0.003 0.005 0.005 0.003 0.004 0.960 0.002 
375      881    (0)    7 :  0.002 0.002 0.002 0.002 0.002 0.003 0.002 0.002 0.002 0.004 0.002 0.971 0.002 
376      003    (0)    8 :  0.005 0.936 0.004 0.005 0.003 0.002 0.006 0.009 0.005 0.002 0.003 0.020 0.002 
377      108    (0)    8 :  0.002 0.982 0.002 0.002 0.002 0.001 0.002 0.001 0.001 0.001 0.001 0.002 0.002 
378      194    (0)    8 :  0.006 0.904 0.004 0.006 0.020 0.010 0.006 0.005 0.006 0.008 0.004 0.010 0.011 
379      232    (0)    8 :  0.003 0.954 0.003 0.004 0.015 0.003 0.003 0.003 0.003 0.002 0.002 0.003 0.002 
380      321    (0)    8 :  0.002 0.971 0.002 0.002 0.008 0.002 0.002 0.002 0.002 0.002 0.002 0.002 0.001 
381      322    (0)    8 :  0.002 0.979 0.002 0.002 0.001 0.001 0.002 0.001 0.002 0.001 0.001 0.005 0.002 
382      329    (0)    8 :  0.002 0.981 0.002 0.002 0.002 0.002 0.002 0.002 0.001 0.001 0.002 0.001 0.001 
383      330    (0)    8 :  0.003 0.978 0.002 0.002 0.002 0.001 0.002 0.002 0.001 0.001 0.002 0.003 0.001 
384      342    (0)    8 :  0.016 0.911 0.006 0.019 0.005 0.004 0.013 0.003 0.003 0.002 0.006 0.002 0.009 
385      347    (0)    8 :  0.007 0.873 0.010 0.009 0.004 0.006 0.007 0.009 0.007 0.003 0.005 0.058 0.003 
386      801    (0)    9 :  0.235 0.005 0.064 0.225 0.021 0.004 0.259 0.032 0.007 0.007 0.113 0.025 0.004 
387      815    (0)    9 :  0.284 0.005 0.038 0.236 0.020 0.004 0.292 0.013 0.004 0.002 0.050 0.052 0.002 
388      816    (0)    9 :  0.084 0.002 0.035 0.051 0.001 0.014 0.081 0.624 0.015 0.039 0.040 0.006 0.008 
389      817    (0)    9 :  0.200 0.012 0.006 0.465 0.009 0.005 0.211 0.008 0.003 0.004 0.069 0.006 0.003 
390      818    (0)    9 :  0.235 0.002 0.033 0.340 0.003 0.006 0.286 0.012 0.012 0.006 0.056 0.003 0.006 
391      819    (0)    9 :  0.189 0.006 0.008 0.122 0.061 0.003 0.235 0.299 0.003 0.012 0.054 0.005 0.004 
392      820    (2)    9 :  0.179 0.001 0.009 0.431 0.003 0.004 0.188 0.007 0.042 0.007 0.109 0.012 0.008 
393      821    (0)    9 :  0.178 0.002 0.005 0.247 0.007 0.013 0.219 0.232 0.021 0.004 0.060 0.003 0.008 
394      822    (0)    9 :  0.278 0.237 0.009 0.107 0.029 0.009 0.267 0.015 0.004 0.004 0.029 0.005 0.009 
395      853    (0)    9 :  0.207 0.009 0.020 0.247 0.039 0.037 0.280 0.013 0.006 0.010 0.123 0.003 0.005 


Estimated Allele Frequencies in each cluster
First column gives estimated ancestral frequencies


Locus 1 : 1 
4 alleles
0.0% missing data
  91   (0.363) 0.376 0.567 0.535 0.338 0.608 0.161 0.353 0.224 0.268 0.343 0.364 0.321 0.608 
  89   (0.494) 0.485 0.093 0.428 0.499 0.364 0.664 0.502 0.617 0.430 0.620 0.543 0.636 0.374 
  93   (0.126) 0.129 0.039 0.036 0.143 0.027 0.173 0.132 0.154 0.298 0.035 0.088 0.041 0.016 
  99   (0.016) 0.011 0.301 0.001 0.020 0.001 0.001 0.013 0.005 0.004 0.001 0.005 0.002 0.002 

Locus 2 : 2 
6 alleles
0.0% missing data
 136   (0.404) 0.374 0.062 0.512 0.374 0.561 0.367 0.379 0.307 0.758 0.443 0.582 0.534 0.456 
 138   (0.251) 0.253 0.899 0.102 0.241 0.202 0.474 0.245 0.236 0.133 0.170 0.200 0.118 0.352 
 140   (0.074) 0.094 0.008 0.007 0.089 0.068 0.117 0.099 0.020 0.013 0.085 0.046 0.008 0.018 
 142   (0.025) 0.016 0.002 0.079 0.017 0.046 0.002 0.020 0.006 0.004 0.002 0.007 0.002 0.003 
 134   (0.230) 0.244 0.026 0.300 0.244 0.123 0.039 0.237 0.426 0.091 0.299 0.154 0.335 0.170 
 132   (0.017) 0.018 0.003 0.001 0.034 0.001 0.002 0.020 0.004 0.002 0.001 0.011 0.003 0.002 

Locus 3 : 3 
6 alleles
0.0% missing data
 179   (0.308) 0.358 0.032 0.472 0.301 0.099 0.278 0.344 0.398 0.486 0.196 0.352 0.032 0.589 
 185   (0.064) 0.101 0.009 0.017 0.079 0.181 0.006 0.101 0.018 0.011 0.005 0.026 0.200 0.009 
 187   (0.363) 0.301 0.787 0.168 0.361 0.402 0.480 0.327 0.236 0.431 0.650 0.427 0.476 0.261 
 175   (0.044) 0.033 0.004 0.030 0.055 0.219 0.004 0.038 0.090 0.011 0.003 0.015 0.009 0.005 
 191   (0.040) 0.039 0.005 0.003 0.022 0.021 0.166 0.030 0.078 0.005 0.003 0.010 0.214 0.005 
 181   (0.182) 0.169 0.163 0.310 0.180 0.078 0.066 0.161 0.180 0.056 0.142 0.170 0.070 0.132 

Locus 4 : 4 
12 alleles
0.0% missing data
 245   (0.013) 0.006 0.001 0.001 0.010 0.099 0.001 0.007 0.003 0.003 0.001 0.004 0.001 0.002 
 271   (0.045) 0.080 0.009 0.006 0.044 0.169 0.008 0.061 0.012 0.007 0.018 0.069 0.004 0.012 
 241   (0.157) 0.160 0.060 0.180 0.170 0.474 0.030 0.167 0.066 0.375 0.030 0.098 0.115 0.086 
 249   (0.047) 0.024 0.091 0.003 0.031 0.077 0.239 0.027 0.012 0.007 0.096 0.061 0.005 0.012 
 253   (0.450) 0.434 0.395 0.613 0.432 0.112 0.574 0.441 0.571 0.344 0.782 0.588 0.414 0.749 
 247   (0.049) 0.064 0.005 0.003 0.078 0.043 0.005 0.070 0.021 0.008 0.004 0.024 0.372 0.006 
 269   (0.188) 0.202 0.346 0.189 0.201 0.024 0.113 0.195 0.302 0.249 0.066 0.142 0.078 0.128 
 239   (0.012) 0.005 0.087 0.001 0.007 0.001 0.001 0.006 0.004 0.002 0.001 0.003 0.007 0.001 
 265   (0.009) 0.006 0.001 0.001 0.008 0.000 0.001 0.007 0.002 0.001 0.001 0.003 0.001 0.001 
 273   (0.011) 0.012 0.002 0.001 0.011 0.000 0.001 0.012 0.002 0.001 0.001 0.003 0.001 0.001 
 235   (0.009) 0.003 0.001 0.001 0.004 0.000 0.013 0.004 0.002 0.001 0.001 0.002 0.001 0.001 
 267   (0.009) 0.003 0.001 0.001 0.004 0.000 0.013 0.004 0.002 0.001 0.001 0.002 0.001 0.001 

Locus 5 : 5 
5 alleles
0.8% missing data
 103   (0.896) 0.913 0.990 0.834 0.915 0.745 0.910 0.918 0.971 0.986 0.977 0.951 0.894 0.987 
 105   (0.040) 0.051 0.004 0.144 0.040 0.193 0.004 0.042 0.012 0.005 0.003 0.015 0.004 0.005 
 104   (0.036) 0.022 0.003 0.020 0.023 0.038 0.083 0.023 0.009 0.005 0.006 0.027 0.004 0.005 
 107   (0.013) 0.005 0.001 0.001 0.006 0.023 0.002 0.006 0.003 0.002 0.012 0.003 0.001 0.002 
 102   (0.015) 0.010 0.001 0.001 0.017 0.001 0.001 0.011 0.004 0.002 0.001 0.005 0.097 0.002 

Locus 6 : 6 
6 alleles
0.0% missing data
 135   (0.284) 0.261 0.808 0.225 0.272 0.681 0.213 0.253 0.153 0.420 0.067 0.174 0.502 0.507 
 147   (0.069) 0.041 0.007 0.046 0.051 0.132 0.058 0.047 0.018 0.118 0.018 0.067 0.149 0.009 
 137   (0.015) 0.008 0.002 0.001 0.012 0.094 0.001 0.009 0.004 0.003 0.001 0.004 0.008 0.002 
 141   (0.329) 0.296 0.034 0.402 0.323 0.082 0.483 0.292 0.221 0.377 0.723 0.496 0.139 0.410 
 145   (0.294) 0.392 0.149 0.326 0.337 0.011 0.233 0.395 0.602 0.080 0.189 0.257 0.201 0.071 
 143   (0.009) 0.003 0.001 0.001 0.004 0.000 0.012 0.004 0.002 0.001 0.002 0.002 0.001 0.001 

Locus 7 : 7 
10 alleles
0.3% missing data
  89   (0.075) 0.079 0.008 0.039 0.072 0.270 0.010 0.083 0.022 0.053 0.021 0.077 0.009 0.112 
  93   (0.258) 0.215 0.342 0.153 0.238 0.248 0.447 0.238 0.171 0.534 0.227 0.311 0.172 0.372 
  97   (0.189) 0.178 0.188 0.078 0.188 0.143 0.061 0.180 0.248 0.068 0.381 0.254 0.293 0.110 
 101   (0.016) 0.015 0.002 0.001 0.009 0.099 0.008 0.011 0.004 0.002 0.002 0.005 0.002 0.002 
 105   (0.017) 0.012 0.131 0.001 0.008 0.119 0.002 0.010 0.004 0.002 0.001 0.003 0.002 0.002 
  91   (0.050) 0.022 0.285 0.038 0.031 0.090 0.005 0.025 0.012 0.010 0.015 0.020 0.142 0.231 
  99   (0.015) 0.009 0.002 0.001 0.011 0.018 0.001 0.011 0.010 0.003 0.001 0.004 0.001 0.002 
  83   (0.036) 0.032 0.003 0.023 0.045 0.001 0.003 0.034 0.134 0.005 0.003 0.018 0.051 0.004 
 103   (0.307) 0.375 0.035 0.600 0.366 0.012 0.304 0.366 0.387 0.319 0.343 0.283 0.325 0.160 
  85   (0.037) 0.063 0.004 0.067 0.030 0.001 0.160 0.042 0.009 0.005 0.005 0.023 0.004 0.005 

Locus 8 : 8 
10 alleles
0.0% missing data
 129   (0.561) 0.629 0.371 0.503 0.619 0.297 0.646 0.613 0.670 0.352 0.554 0.664 0.611 0.785 
 143   (0.216) 0.250 0.369 0.393 0.235 0.362 0.038 0.249 0.141 0.405 0.051 0.114 0.239 0.123 
 149   (0.067) 0.040 0.007 0.004 0.043 0.305 0.094 0.044 0.056 0.024 0.248 0.108 0.043 0.056 
 127   (0.020) 0.009 0.036 0.001 0.011 0.032 0.002 0.010 0.005 0.003 0.002 0.005 0.028 0.003 
 141   (0.082) 0.044 0.008 0.090 0.056 0.003 0.198 0.050 0.090 0.205 0.141 0.095 0.073 0.027 
 133   (0.014) 0.013 0.002 0.001 0.018 0.001 0.001 0.016 0.006 0.004 0.001 0.005 0.001 0.002 
 145   (0.013) 0.005 0.002 0.006 0.006 0.000 0.001 0.006 0.025 0.003 0.001 0.003 0.001 0.002 
 131   (0.012) 0.005 0.167 0.001 0.005 0.000 0.006 0.005 0.002 0.002 0.002 0.003 0.001 0.001 
 121   (0.008) 0.003 0.001 0.001 0.004 0.000 0.013 0.003 0.002 0.001 0.001 0.002 0.001 0.001 
 128   (0.008) 0.003 0.038 0.000 0.003 0.000 0.001 0.003 0.002 0.001 0.001 0.002 0.001 0.001 

Locus 9 : 9 
4 alleles
0.0% missing data
 191   (0.403) 0.345 0.380 0.444 0.379 0.340 0.595 0.350 0.304 0.319 0.650 0.538 0.470 0.641 
 195   (0.188) 0.167 0.139 0.363 0.154 0.369 0.174 0.178 0.292 0.242 0.129 0.146 0.040 0.038 
 189   (0.397) 0.481 0.479 0.193 0.460 0.290 0.229 0.464 0.396 0.435 0.219 0.307 0.488 0.316 
 193   (0.012) 0.007 0.001 0.001 0.008 0.001 0.002 0.008 0.007 0.004 0.002 0.009 0.001 0.004 

Locus 10 : 10 
7 alleles
0.0% missing data
 232   (0.248) 0.187 0.169 0.132 0.234 0.100 0.437 0.212 0.260 0.593 0.296 0.289 0.297 0.653 
 238   (0.509) 0.581 0.324 0.599 0.540 0.675 0.443 0.572 0.646 0.229 0.538 0.521 0.220 0.277 
 250   (0.028) 0.025 0.003 0.006 0.041 0.148 0.003 0.027 0.008 0.004 0.002 0.013 0.003 0.003 
 254   (0.064) 0.047 0.489 0.067 0.051 0.021 0.029 0.050 0.018 0.047 0.011 0.025 0.300 0.015 
 252   (0.129) 0.142 0.013 0.195 0.103 0.055 0.073 0.122 0.060 0.125 0.151 0.142 0.172 0.049 
 248   (0.014) 0.015 0.001 0.001 0.028 0.000 0.001 0.014 0.005 0.002 0.001 0.008 0.008 0.002 
 240   (0.009) 0.003 0.001 0.001 0.004 0.000 0.014 0.004 0.002 0.001 0.001 0.002 0.001 0.001 

Locus 11 : 11 
5 alleles
0.0% missing data
  89   (0.219) 0.232 0.187 0.220 0.182 0.068 0.178 0.207 0.286 0.162 0.111 0.231 0.280 0.614 
  91   (0.058) 0.048 0.006 0.004 0.038 0.288 0.073 0.043 0.024 0.012 0.282 0.023 0.100 0.052 
  87   (0.701) 0.709 0.806 0.775 0.764 0.567 0.747 0.738 0.685 0.823 0.605 0.741 0.607 0.331 
  85   (0.013) 0.007 0.001 0.001 0.010 0.077 0.001 0.007 0.003 0.002 0.001 0.003 0.001 0.002 
  83   (0.009) 0.005 0.001 0.001 0.006 0.000 0.001 0.005 0.002 0.001 0.001 0.002 0.011 0.001 

Locus 12 : 12 
13 alleles
0.0% missing data
 160   (0.255) 0.268 0.485 0.065 0.264 0.513 0.151 0.267 0.347 0.136 0.248 0.167 0.645 0.323 
 161   (0.093) 0.080 0.009 0.186 0.082 0.245 0.039 0.085 0.116 0.039 0.056 0.029 0.009 0.117 
 170   (0.039) 0.044 0.004 0.003 0.060 0.080 0.004 0.051 0.018 0.007 0.013 0.033 0.004 0.005 
 158   (0.227) 0.185 0.022 0.268 0.211 0.060 0.479 0.185 0.302 0.418 0.400 0.474 0.062 0.170 
 143   (0.023) 0.013 0.277 0.013 0.013 0.072 0.002 0.014 0.005 0.003 0.002 0.005 0.002 0.003 
 154   (0.018) 0.015 0.003 0.001 0.023 0.015 0.002 0.016 0.004 0.003 0.001 0.008 0.002 0.002 
 162   (0.226) 0.295 0.188 0.333 0.264 0.008 0.261 0.268 0.152 0.054 0.204 0.174 0.265 0.118 
 134   (0.009) 0.006 0.001 0.001 0.007 0.000 0.001 0.007 0.002 0.001 0.001 0.003 0.001 0.001 
 147   (0.062) 0.051 0.006 0.128 0.039 0.002 0.036 0.059 0.015 0.334 0.066 0.093 0.006 0.255 
 159   (0.013) 0.010 0.001 0.001 0.007 0.000 0.001 0.012 0.025 0.002 0.001 0.003 0.001 0.002 
 149   (0.015) 0.024 0.002 0.001 0.017 0.001 0.001 0.028 0.008 0.002 0.001 0.005 0.001 0.002 
 164   (0.009) 0.003 0.001 0.001 0.004 0.000 0.022 0.004 0.003 0.001 0.006 0.002 0.001 0.002 
 165   (0.009) 0.006 0.001 0.001 0.008 0.002 0.001 0.006 0.002 0.001 0.001 0.003 0.001 0.001 

Locus 13 : 13 
4 alleles
0.0% missing data
 113   (0.340) 0.285 0.462 0.367 0.318 0.285 0.453 0.313 0.403 0.544 0.266 0.213 0.475 0.547 
 115   (0.477) 0.553 0.135 0.458 0.530 0.443 0.355 0.539 0.355 0.313 0.629 0.574 0.480 0.352 
 108   (0.174) 0.157 0.403 0.173 0.145 0.271 0.191 0.142 0.240 0.142 0.105 0.210 0.044 0.100 
 110   (0.009) 0.005 0.001 0.002 0.006 0.001 0.001 0.006 0.002 0.001 0.001 0.003 0.001 0.001 

Locus 14 : 14 
10 alleles
0.0% missing data
 229   (0.435) 0.452 0.074 0.319 0.495 0.416 0.382 0.464 0.456 0.242 0.519 0.599 0.401 0.631 
 233   (0.073) 0.048 0.140 0.020 0.052 0.076 0.060 0.055 0.021 0.043 0.169 0.043 0.008 0.255 
 231   (0.168) 0.155 0.417 0.462 0.148 0.451 0.139 0.141 0.055 0.085 0.080 0.124 0.424 0.041 
 225   (0.135) 0.159 0.058 0.064 0.154 0.048 0.054 0.154 0.068 0.134 0.035 0.129 0.148 0.038 
 227   (0.146) 0.159 0.307 0.131 0.122 0.005 0.353 0.159 0.368 0.489 0.193 0.093 0.014 0.028 
 203   (0.008) 0.008 0.001 0.001 0.005 0.000 0.001 0.008 0.002 0.001 0.001 0.002 0.001 0.001 
 213   (0.008) 0.006 0.001 0.001 0.008 0.001 0.001 0.006 0.002 0.001 0.001 0.003 0.001 0.001 
 221   (0.009) 0.003 0.001 0.001 0.004 0.000 0.001 0.004 0.023 0.001 0.001 0.002 0.001 0.001 
 255   (0.009) 0.004 0.001 0.001 0.004 0.000 0.010 0.004 0.003 0.001 0.001 0.002 0.001 0.003 
 223   (0.009) 0.005 0.001 0.001 0.007 0.002 0.001 0.006 0.002 0.001 0.001 0.002 0.001 0.001 

Locus 15 : 15 
5 alleles
0.3% missing data
 143   (0.910) 0.938 0.724 0.909 0.932 0.773 0.938 0.937 0.975 0.986 0.993 0.971 0.858 0.989 
 147   (0.022) 0.023 0.002 0.001 0.015 0.097 0.002 0.019 0.005 0.003 0.002 0.006 0.044 0.002 
 145   (0.047) 0.028 0.272 0.088 0.036 0.129 0.058 0.032 0.015 0.006 0.004 0.014 0.005 0.006 
 157   (0.012) 0.007 0.001 0.001 0.013 0.000 0.001 0.009 0.003 0.004 0.001 0.007 0.001 0.002 
 133   (0.009) 0.003 0.001 0.001 0.004 0.000 0.001 0.004 0.002 0.001 0.001 0.002 0.092 0.001 

Locus 16 : 16 
5 alleles
0.0% missing data
 154   (0.081) 0.049 0.079 0.065 0.075 0.344 0.076 0.055 0.026 0.082 0.045 0.036 0.079 0.013 
 158   (0.491) 0.518 0.435 0.465 0.522 0.337 0.428 0.516 0.527 0.680 0.521 0.639 0.469 0.479 
 160   (0.148) 0.140 0.015 0.142 0.144 0.103 0.167 0.163 0.106 0.136 0.228 0.117 0.072 0.062 
 156   (0.271) 0.285 0.471 0.327 0.252 0.216 0.328 0.256 0.340 0.101 0.206 0.206 0.379 0.446 
 152   (0.009) 0.008 0.001 0.001 0.006 0.000 0.001 0.010 0.002 0.001 0.001 0.002 0.001 0.001 

Locus 17 : 17 
5 alleles
0.0% missing data
  88   (0.053) 0.042 0.005 0.009 0.045 0.349 0.007 0.047 0.040 0.018 0.051 0.032 0.006 0.041 
  90   (0.684) 0.684 0.535 0.824 0.684 0.402 0.683 0.680 0.708 0.882 0.689 0.697 0.629 0.842 
 100   (0.058) 0.099 0.439 0.004 0.090 0.181 0.006 0.086 0.028 0.008 0.004 0.026 0.006 0.007 
 102   (0.195) 0.170 0.021 0.163 0.172 0.067 0.303 0.181 0.222 0.091 0.255 0.242 0.359 0.109 
 104   (0.009) 0.005 0.001 0.001 0.009 0.000 0.001 0.006 0.002 0.001 0.001 0.003 0.001 0.001 

Locus 18 : 18 
7 alleles
0.0% missing data
 127   (0.299) 0.246 0.460 0.372 0.287 0.410 0.247 0.265 0.383 0.158 0.297 0.308 0.189 0.066 
 140   (0.254) 0.312 0.486 0.437 0.252 0.256 0.038 0.289 0.259 0.490 0.145 0.145 0.046 0.147 
 150   (0.047) 0.084 0.006 0.009 0.043 0.205 0.004 0.066 0.020 0.007 0.004 0.015 0.400 0.006 
 148   (0.105) 0.103 0.011 0.046 0.097 0.111 0.013 0.113 0.065 0.026 0.159 0.118 0.240 0.040 
 142   (0.126) 0.124 0.012 0.008 0.158 0.011 0.434 0.123 0.031 0.178 0.333 0.307 0.015 0.590 
 138   (0.064) 0.042 0.006 0.059 0.062 0.002 0.059 0.045 0.189 0.037 0.013 0.035 0.006 0.061 
 146   (0.105) 0.089 0.018 0.069 0.101 0.004 0.204 0.100 0.052 0.106 0.049 0.073 0.103 0.090 

Locus 19 : 19 
6 alleles
0.0% missing data
 194   (0.586) 0.551 0.667 0.661 0.621 0.611 0.572 0.586 0.470 0.467 0.582 0.531 0.594 0.653 
 202   (0.034) 0.023 0.088 0.002 0.037 0.085 0.003 0.026 0.009 0.004 0.003 0.011 0.146 0.004 
 200   (0.072) 0.125 0.209 0.035 0.069 0.247 0.007 0.099 0.248 0.011 0.006 0.023 0.008 0.009 
 198   (0.011) 0.005 0.001 0.001 0.007 0.009 0.001 0.006 0.003 0.002 0.001 0.003 0.001 0.002 
 190   (0.160) 0.108 0.020 0.255 0.104 0.042 0.290 0.120 0.135 0.306 0.355 0.313 0.110 0.305 
 188   (0.137) 0.187 0.015 0.046 0.163 0.005 0.127 0.163 0.136 0.209 0.054 0.119 0.141 0.027 

Locus 20 : 20 
6 alleles
0.0% missing data
 244   (0.036) 0.027 0.004 0.006 0.026 0.053 0.004 0.027 0.009 0.006 0.005 0.026 0.004 0.161 
 246   (0.111) 0.086 0.039 0.246 0.094 0.185 0.016 0.092 0.226 0.265 0.010 0.039 0.296 0.017 
 252   (0.659) 0.753 0.138 0.633 0.704 0.062 0.723 0.734 0.720 0.666 0.884 0.746 0.570 0.769 
 254   (0.087) 0.070 0.010 0.079 0.084 0.281 0.118 0.077 0.021 0.014 0.047 0.032 0.076 0.040 
 250   (0.092) 0.053 0.781 0.035 0.071 0.419 0.137 0.060 0.021 0.047 0.052 0.151 0.053 0.012 
 248   (0.015) 0.011 0.028 0.001 0.021 0.001 0.001 0.011 0.003 0.002 0.001 0.006 0.001 0.002 

Locus 21 : 21 
10 alleles
0.0% missing data
 173   (0.290) 0.330 0.198 0.201 0.297 0.219 0.488 0.322 0.361 0.159 0.271 0.269 0.134 0.202 
 175   (0.117) 0.110 0.153 0.280 0.104 0.340 0.037 0.121 0.099 0.022 0.134 0.042 0.066 0.050 
 167   (0.272) 0.326 0.075 0.218 0.277 0.102 0.289 0.301 0.289 0.265 0.364 0.351 0.256 0.220 
 165   (0.051) 0.035 0.009 0.177 0.052 0.128 0.005 0.040 0.075 0.007 0.008 0.034 0.006 0.009 
 163   (0.031) 0.025 0.003 0.004 0.046 0.127 0.003 0.029 0.007 0.004 0.002 0.011 0.352 0.004 
 159   (0.009) 0.003 0.001 0.001 0.004 0.022 0.001 0.004 0.002 0.001 0.001 0.002 0.001 0.001 
 177   (0.204) 0.159 0.558 0.106 0.207 0.061 0.162 0.171 0.159 0.537 0.218 0.285 0.166 0.512 
 169   (0.009) 0.003 0.001 0.001 0.004 0.000 0.013 0.004 0.002 0.001 0.001 0.002 0.001 0.001 
 171   (0.008) 0.003 0.001 0.012 0.004 0.000 0.001 0.004 0.002 0.001 0.001 0.002 0.001 0.001 
 161   (0.009) 0.003 0.001 0.001 0.004 0.000 0.001 0.004 0.003 0.001 0.001 0.002 0.018 0.001 

Locus 22 : 22 
11 alleles
0.3% missing data
 150   (0.050) 0.028 0.040 0.021 0.039 0.165 0.005 0.032 0.026 0.045 0.018 0.021 0.041 0.007 
 158   (0.085) 0.103 0.009 0.067 0.086 0.406 0.100 0.098 0.105 0.012 0.010 0.029 0.048 0.013 
 152   (0.427) 0.425 0.266 0.477 0.458 0.066 0.566 0.445 0.538 0.568 0.637 0.481 0.432 0.386 
 142   (0.014) 0.005 0.001 0.001 0.006 0.059 0.001 0.006 0.072 0.002 0.001 0.003 0.001 0.002 
 162   (0.030) 0.020 0.004 0.007 0.030 0.175 0.003 0.023 0.026 0.004 0.002 0.013 0.078 0.003 
 156   (0.020) 0.015 0.003 0.001 0.013 0.070 0.002 0.014 0.005 0.003 0.002 0.005 0.191 0.002 
 164   (0.043) 0.035 0.004 0.038 0.052 0.047 0.005 0.034 0.052 0.007 0.004 0.026 0.005 0.007 
 148   (0.016) 0.012 0.367 0.001 0.021 0.001 0.001 0.013 0.004 0.002 0.001 0.005 0.002 0.002 
 146   (0.207) 0.271 0.152 0.288 0.209 0.008 0.253 0.247 0.130 0.058 0.201 0.307 0.191 0.363 
 166   (0.082) 0.077 0.151 0.097 0.074 0.003 0.038 0.078 0.036 0.168 0.098 0.090 0.009 0.012 
 154   (0.025) 0.009 0.002 0.002 0.011 0.001 0.027 0.010 0.006 0.131 0.027 0.020 0.002 0.204 

Locus 23 : 23 
6 alleles
0.3% missing data
 154   (0.514) 0.590 0.272 0.653 0.578 0.239 0.631 0.592 0.397 0.364 0.414 0.539 0.263 0.671 
 158   (0.022) 0.010 0.003 0.001 0.016 0.096 0.002 0.012 0.006 0.005 0.010 0.035 0.003 0.003 
 144   (0.210) 0.177 0.694 0.170 0.169 0.232 0.148 0.175 0.288 0.237 0.184 0.128 0.476 0.217 
 156   (0.111) 0.126 0.015 0.136 0.139 0.360 0.032 0.120 0.132 0.023 0.026 0.117 0.011 0.019 
 160   (0.123) 0.086 0.014 0.039 0.088 0.072 0.125 0.089 0.172 0.361 0.347 0.130 0.245 0.086 
 152   (0.020) 0.010 0.002 0.001 0.010 0.001 0.062 0.012 0.005 0.010 0.019 0.051 0.002 0.003 

Locus 24 : 24 
4 alleles
0.3% missing data
  83   (0.492) 0.450 0.611 0.614 0.471 0.629 0.506 0.468 0.490 0.570 0.589 0.386 0.929 0.366 
  81   (0.342) 0.409 0.373 0.271 0.388 0.308 0.390 0.391 0.347 0.352 0.193 0.283 0.038 0.412 
  85   (0.062) 0.047 0.007 0.065 0.044 0.060 0.009 0.046 0.068 0.037 0.039 0.068 0.006 0.035 
  77   (0.104) 0.095 0.010 0.049 0.097 0.004 0.096 0.095 0.094 0.040 0.179 0.264 0.027 0.187 

Locus 25 : 25 
6 alleles
0.3% missing data
 124   (0.513) 0.567 0.374 0.605 0.516 0.554 0.472 0.552 0.562 0.608 0.488 0.315 0.347 0.464 
 122   (0.104) 0.106 0.013 0.117 0.131 0.398 0.042 0.110 0.033 0.030 0.014 0.071 0.030 0.033 
 120   (0.016) 0.009 0.399 0.001 0.009 0.017 0.001 0.010 0.003 0.002 0.001 0.004 0.002 0.003 
 126   (0.049) 0.040 0.007 0.004 0.041 0.020 0.061 0.043 0.017 0.024 0.020 0.025 0.006 0.111 
 132   (0.305) 0.271 0.205 0.272 0.295 0.011 0.423 0.277 0.357 0.335 0.475 0.582 0.615 0.388 
 136   (0.012) 0.006 0.001 0.001 0.009 0.000 0.001 0.008 0.027 0.002 0.001 0.004 0.001 0.001 

Locus 26 : 26 
6 alleles
0.0% missing data
 181   (0.042) 0.059 0.004 0.031 0.043 0.165 0.004 0.050 0.031 0.007 0.003 0.017 0.004 0.005 
 183   (0.380) 0.349 0.195 0.305 0.411 0.293 0.625 0.365 0.194 0.422 0.522 0.409 0.701 0.162 
 179   (0.081) 0.112 0.389 0.006 0.065 0.330 0.067 0.103 0.022 0.014 0.064 0.086 0.008 0.154 
 165   (0.243) 0.243 0.387 0.353 0.226 0.082 0.163 0.240 0.382 0.139 0.175 0.164 0.059 0.312 
 185   (0.014) 0.008 0.001 0.001 0.009 0.121 0.001 0.009 0.003 0.002 0.001 0.004 0.001 0.002 
 175   (0.240) 0.229 0.023 0.305 0.246 0.009 0.140 0.232 0.369 0.417 0.235 0.321 0.228 0.365 

Locus 27 : 27 
4 alleles
0.0% missing data
 142   (0.585) 0.607 0.490 0.600 0.530 0.400 0.798 0.577 0.685 0.718 0.687 0.687 0.733 0.286 
 148   (0.237) 0.223 0.490 0.285 0.278 0.285 0.029 0.235 0.134 0.245 0.139 0.212 0.081 0.184 
 150   (0.108) 0.129 0.011 0.107 0.147 0.184 0.015 0.142 0.078 0.017 0.011 0.051 0.179 0.015 
 138   (0.070) 0.042 0.008 0.008 0.044 0.131 0.158 0.045 0.103 0.020 0.163 0.050 0.008 0.515 

Locus 28 : 28 
5 alleles
0.0% missing data
 260   (0.423) 0.427 0.178 0.334 0.495 0.231 0.266 0.441 0.540 0.506 0.320 0.411 0.250 0.444 
 262   (0.489) 0.507 0.814 0.607 0.425 0.651 0.725 0.485 0.365 0.468 0.635 0.536 0.575 0.537 
 256   (0.065) 0.049 0.006 0.058 0.057 0.117 0.006 0.055 0.019 0.024 0.043 0.045 0.173 0.017 
 258   (0.014) 0.014 0.001 0.001 0.019 0.001 0.001 0.015 0.007 0.002 0.001 0.006 0.002 0.002 
 264   (0.009) 0.003 0.001 0.001 0.004 0.000 0.001 0.004 0.069 0.001 0.001 0.002 0.001 0.001 

Locus 29 : 29 
5 alleles
0.3% missing data
 146   (0.219) 0.181 0.023 0.242 0.247 0.371 0.100 0.188 0.313 0.344 0.088 0.162 0.446 0.062 
 140   (0.150) 0.129 0.778 0.245 0.116 0.405 0.035 0.142 0.129 0.043 0.152 0.156 0.149 0.027 
 150   (0.523) 0.591 0.187 0.433 0.534 0.174 0.785 0.567 0.526 0.430 0.739 0.612 0.242 0.884 
 148   (0.090) 0.077 0.009 0.079 0.073 0.049 0.079 0.080 0.027 0.180 0.019 0.061 0.162 0.024 
 152   (0.018) 0.022 0.003 0.001 0.030 0.001 0.002 0.023 0.005 0.003 0.002 0.009 0.002 0.003 

Locus 30 : 30 
6 alleles
0.0% missing data
 127   (0.051) 0.040 0.588 0.141 0.048 0.396 0.005 0.043 0.014 0.007 0.004 0.017 0.005 0.006 
 131   (0.025) 0.015 0.002 0.002 0.023 0.178 0.002 0.016 0.099 0.003 0.002 0.008 0.002 0.003 
 129   (0.500) 0.513 0.333 0.432 0.506 0.194 0.620 0.530 0.702 0.323 0.479 0.361 0.654 0.535 
 123   (0.119) 0.150 0.013 0.120 0.100 0.060 0.026 0.136 0.053 0.035 0.137 0.096 0.088 0.344 
 125   (0.296) 0.274 0.062 0.305 0.307 0.172 0.346 0.265 0.131 0.630 0.378 0.514 0.251 0.112 
 121   (0.010) 0.008 0.001 0.001 0.017 0.000 0.001 0.010 0.002 0.001 0.001 0.004 0.001 0.001 

Locus 31 : 31 
5 alleles
0.0% missing data
 155   (0.549) 0.519 0.669 0.437 0.603 0.551 0.585 0.532 0.461 0.884 0.560 0.620 0.581 0.497 
 157   (0.220) 0.215 0.241 0.335 0.215 0.088 0.209 0.232 0.280 0.045 0.189 0.215 0.058 0.215 
 153   (0.072) 0.076 0.032 0.005 0.055 0.197 0.151 0.071 0.081 0.012 0.058 0.046 0.008 0.078 
 159   (0.134) 0.176 0.015 0.221 0.111 0.150 0.052 0.149 0.170 0.056 0.191 0.114 0.013 0.197 
 151   (0.025) 0.013 0.043 0.002 0.016 0.014 0.002 0.016 0.008 0.003 0.002 0.006 0.340 0.013 

Locus 32 : 32 
4 alleles
0.0% missing data
 150   (0.601) 0.575 0.611 0.501 0.589 0.269 0.809 0.577 0.668 0.858 0.864 0.666 0.543 0.852 
 154   (0.047) 0.068 0.031 0.082 0.042 0.051 0.012 0.052 0.016 0.006 0.004 0.013 0.004 0.006 
 146   (0.269) 0.273 0.350 0.314 0.302 0.574 0.041 0.297 0.290 0.118 0.091 0.222 0.445 0.062 
 148   (0.084) 0.085 0.008 0.103 0.068 0.106 0.139 0.073 0.026 0.018 0.040 0.099 0.008 0.080 

Locus 33 : 33 
7 alleles
0.0% missing data
 180   (0.459) 0.442 0.773 0.435 0.429 0.322 0.698 0.433 0.436 0.311 0.629 0.399 0.739 0.801 
 190   (0.022) 0.012 0.002 0.027 0.021 0.047 0.002 0.014 0.005 0.003 0.002 0.006 0.002 0.002 
 184   (0.199) 0.188 0.188 0.275 0.187 0.128 0.164 0.195 0.109 0.407 0.118 0.190 0.047 0.081 
 198   (0.048) 0.038 0.007 0.003 0.030 0.296 0.008 0.035 0.012 0.115 0.074 0.049 0.076 0.008 
 192   (0.117) 0.151 0.013 0.156 0.161 0.199 0.011 0.163 0.298 0.018 0.009 0.057 0.121 0.016 
 196   (0.143) 0.164 0.016 0.104 0.167 0.007 0.116 0.155 0.137 0.143 0.147 0.260 0.014 0.090 
 194   (0.013) 0.004 0.001 0.001 0.005 0.000 0.001 0.005 0.003 0.004 0.022 0.040 0.001 0.002 

Locus 34 : 34 
7 alleles
0.0% missing data
 108   (0.091) 0.098 0.139 0.045 0.118 0.569 0.015 0.110 0.037 0.015 0.008 0.041 0.065 0.012 
 110   (0.258) 0.213 0.254 0.353 0.241 0.147 0.527 0.221 0.174 0.212 0.217 0.282 0.065 0.361 
 106   (0.283) 0.344 0.286 0.316 0.295 0.204 0.057 0.337 0.318 0.063 0.156 0.270 0.691 0.146 
 112   (0.310) 0.309 0.030 0.254 0.290 0.077 0.386 0.291 0.427 0.693 0.614 0.388 0.104 0.438 
  94   (0.013) 0.014 0.001 0.001 0.030 0.000 0.001 0.016 0.003 0.002 0.001 0.006 0.001 0.001 
  90   (0.037) 0.018 0.289 0.030 0.022 0.002 0.014 0.021 0.039 0.015 0.004 0.011 0.005 0.040 
  96   (0.009) 0.003 0.001 0.001 0.004 0.000 0.001 0.003 0.002 0.001 0.001 0.002 0.069 0.001 

Locus 35 : 35 
8 alleles
0.0% missing data
 168   (0.048) 0.103 0.399 0.003 0.063 0.381 0.004 0.086 0.013 0.006 0.003 0.020 0.004 0.006 
 170   (0.303) 0.272 0.535 0.531 0.297 0.289 0.158 0.265 0.194 0.265 0.132 0.276 0.587 0.124 
 172   (0.302) 0.254 0.031 0.098 0.275 0.184 0.588 0.265 0.553 0.339 0.290 0.335 0.375 0.622 
 174   (0.088) 0.154 0.009 0.071 0.123 0.043 0.015 0.145 0.062 0.016 0.009 0.045 0.008 0.013 
 186   (0.019) 0.027 0.002 0.001 0.013 0.069 0.002 0.026 0.005 0.002 0.001 0.005 0.002 0.002 
 176   (0.120) 0.098 0.013 0.258 0.141 0.030 0.057 0.111 0.037 0.174 0.193 0.123 0.013 0.032 
 178   (0.040) 0.044 0.004 0.003 0.041 0.002 0.004 0.049 0.068 0.015 0.017 0.040 0.004 0.010 
 166   (0.079) 0.048 0.008 0.034 0.047 0.003 0.172 0.052 0.069 0.182 0.354 0.156 0.007 0.191 

Locus 36 : 36 
6 alleles
0.0% missing data
  83   (0.106) 0.105 0.014 0.064 0.138 0.336 0.011 0.114 0.172 0.024 0.076 0.050 0.019 0.087 
  89   (0.558) 0.529 0.285 0.610 0.527 0.591 0.839 0.543 0.578 0.483 0.723 0.634 0.778 0.491 
  85   (0.208) 0.282 0.319 0.092 0.213 0.033 0.103 0.248 0.137 0.385 0.076 0.202 0.190 0.391 
  91   (0.014) 0.006 0.371 0.001 0.008 0.014 0.001 0.007 0.003 0.002 0.001 0.003 0.001 0.002 
  95   (0.080) 0.046 0.008 0.095 0.067 0.026 0.042 0.052 0.095 0.099 0.122 0.094 0.008 0.026 
  81   (0.033) 0.033 0.004 0.138 0.047 0.001 0.003 0.037 0.014 0.006 0.002 0.016 0.003 0.004 

Locus 37 : 37 
8 alleles
0.0% missing data
 161   (0.386) 0.384 0.078 0.342 0.362 0.560 0.467 0.396 0.257 0.769 0.618 0.368 0.397 0.334 
 173   (0.241) 0.216 0.427 0.451 0.248 0.207 0.053 0.222 0.409 0.083 0.063 0.143 0.527 0.394 
 165   (0.230) 0.255 0.072 0.197 0.245 0.225 0.232 0.238 0.208 0.074 0.269 0.332 0.059 0.058 
 159   (0.013) 0.005 0.001 0.001 0.006 0.004 0.002 0.006 0.004 0.004 0.014 0.050 0.001 0.003 
 169   (0.084) 0.094 0.036 0.006 0.108 0.003 0.211 0.094 0.040 0.063 0.032 0.094 0.011 0.205 
 167   (0.023) 0.038 0.003 0.001 0.022 0.001 0.009 0.036 0.032 0.003 0.003 0.009 0.002 0.004 
 175   (0.009) 0.003 0.001 0.001 0.004 0.000 0.001 0.004 0.047 0.001 0.001 0.002 0.001 0.001 
 168   (0.014) 0.005 0.381 0.001 0.006 0.000 0.025 0.005 0.003 0.002 0.001 0.003 0.001 0.002 

Locus 38 : 38 
7 alleles
0.0% missing data
  87   (0.139) 0.137 0.760 0.069 0.115 0.368 0.232 0.124 0.035 0.022 0.215 0.157 0.201 0.033 
  91   (0.140) 0.108 0.036 0.304 0.142 0.220 0.089 0.120 0.235 0.020 0.049 0.071 0.303 0.019 
  85   (0.193) 0.192 0.149 0.255 0.190 0.146 0.033 0.194 0.305 0.099 0.036 0.115 0.272 0.304 
  89   (0.414) 0.469 0.043 0.208 0.463 0.262 0.493 0.457 0.371 0.746 0.673 0.587 0.072 0.626 
  81   (0.085) 0.082 0.010 0.142 0.078 0.003 0.058 0.093 0.037 0.109 0.023 0.064 0.149 0.014 
  93   (0.018) 0.007 0.002 0.022 0.008 0.001 0.071 0.008 0.015 0.002 0.002 0.004 0.002 0.002 
  95   (0.010) 0.004 0.001 0.001 0.005 0.000 0.024 0.004 0.002 0.001 0.002 0.002 0.001 0.001 

Locus 39 : 39 
4 alleles
0.0% missing data
 161   (0.140) 0.140 0.178 0.037 0.150 0.523 0.174 0.147 0.124 0.035 0.019 0.070 0.097 0.070 
 167   (0.822) 0.832 0.817 0.960 0.805 0.421 0.822 0.821 0.867 0.957 0.968 0.914 0.900 0.907 
 165   (0.029) 0.025 0.004 0.002 0.041 0.056 0.003 0.028 0.006 0.006 0.003 0.014 0.003 0.021 
 155   (0.009) 0.004 0.001 0.001 0.004 0.000 0.001 0.004 0.002 0.001 0.011 0.002 0.001 0.001 

Locus 40 : 40 
7 alleles
0.3% missing data
 228   (0.422) 0.365 0.490 0.309 0.400 0.329 0.547 0.367 0.586 0.546 0.627 0.467 0.185 0.769 
 240   (0.092) 0.141 0.056 0.025 0.123 0.429 0.009 0.158 0.097 0.015 0.007 0.037 0.149 0.011 
 236   (0.085) 0.041 0.151 0.118 0.057 0.127 0.116 0.047 0.021 0.021 0.056 0.127 0.613 0.024 
 238   (0.335) 0.418 0.170 0.416 0.381 0.107 0.257 0.390 0.282 0.387 0.267 0.287 0.046 0.159 
 224   (0.046) 0.026 0.004 0.132 0.026 0.007 0.056 0.027 0.011 0.028 0.042 0.077 0.005 0.035 
 242   (0.012) 0.006 0.127 0.001 0.009 0.000 0.001 0.007 0.002 0.002 0.001 0.003 0.001 0.001 
 246   (0.009) 0.003 0.001 0.001 0.004 0.000 0.013 0.004 0.002 0.001 0.001 0.002 0.001 0.001 

Locus 41 : 41 
9 alleles
0.3% missing data
 130   (0.513) 0.532 0.088 0.464 0.584 0.656 0.592 0.526 0.419 0.410 0.388 0.488 0.400 0.465 
 134   (0.098) 0.149 0.307 0.135 0.112 0.255 0.009 0.124 0.151 0.016 0.014 0.042 0.011 0.025 
 118   (0.048) 0.052 0.065 0.010 0.040 0.074 0.006 0.057 0.038 0.007 0.004 0.015 0.261 0.006 
 132   (0.132) 0.095 0.012 0.186 0.099 0.008 0.175 0.110 0.059 0.515 0.132 0.199 0.302 0.159 
 128   (0.076) 0.054 0.007 0.031 0.053 0.003 0.034 0.054 0.300 0.023 0.372 0.141 0.012 0.313 
 114   (0.097) 0.102 0.517 0.162 0.092 0.003 0.128 0.111 0.025 0.023 0.085 0.098 0.010 0.027 
 122   (0.017) 0.010 0.002 0.001 0.011 0.001 0.055 0.010 0.004 0.003 0.003 0.014 0.002 0.002 
 120   (0.009) 0.003 0.001 0.006 0.004 0.000 0.001 0.004 0.002 0.001 0.001 0.002 0.001 0.001 
 119   (0.009) 0.004 0.001 0.005 0.005 0.000 0.001 0.004 0.002 0.001 0.001 0.002 0.001 0.001 

Locus 42 : 42 
8 alleles
0.0% missing data
  92   (0.132) 0.106 0.209 0.102 0.137 0.364 0.121 0.115 0.061 0.180 0.139 0.051 0.013 0.175 
  96   (0.069) 0.043 0.162 0.051 0.046 0.176 0.077 0.050 0.020 0.028 0.018 0.034 0.007 0.392 
  98   (0.157) 0.134 0.283 0.113 0.143 0.291 0.187 0.133 0.039 0.150 0.123 0.255 0.107 0.068 
 104   (0.334) 0.414 0.071 0.296 0.397 0.158 0.296 0.414 0.552 0.069 0.127 0.299 0.315 0.215 
 102   (0.274) 0.287 0.271 0.421 0.254 0.009 0.315 0.271 0.299 0.568 0.591 0.351 0.540 0.144 
 106   (0.008) 0.005 0.001 0.001 0.010 0.000 0.001 0.005 0.002 0.001 0.001 0.003 0.001 0.001 
  94   (0.011) 0.006 0.001 0.009 0.006 0.000 0.001 0.006 0.007 0.002 0.001 0.003 0.002 0.001 
 100   (0.015) 0.006 0.002 0.008 0.007 0.001 0.001 0.007 0.021 0.002 0.001 0.003 0.016 0.003 

Locus 43 : 43 
6 alleles
0.0% missing data
  95   (0.264) 0.255 0.048 0.221 0.246 0.396 0.527 0.256 0.200 0.073 0.420 0.324 0.422 0.234 
  99   (0.074) 0.064 0.338 0.051 0.076 0.302 0.007 0.063 0.018 0.254 0.015 0.059 0.007 0.010 
 101   (0.331) 0.322 0.030 0.411 0.331 0.227 0.269 0.324 0.547 0.392 0.251 0.398 0.167 0.384 
  97   (0.028) 0.022 0.369 0.005 0.019 0.028 0.003 0.023 0.014 0.004 0.002 0.008 0.014 0.004 
 103   (0.294) 0.333 0.214 0.312 0.324 0.045 0.182 0.331 0.218 0.276 0.312 0.208 0.389 0.368 
 105   (0.009) 0.003 0.001 0.001 0.004 0.000 0.013 0.004 0.002 0.001 0.001 0.002 0.001 0.001 

Locus 44 : 44 
8 alleles
0.0% missing data
 177   (0.082) 0.055 0.008 0.024 0.057 0.065 0.125 0.064 0.089 0.148 0.173 0.050 0.010 0.075 
 191   (0.255) 0.312 0.100 0.437 0.256 0.643 0.090 0.290 0.257 0.180 0.296 0.216 0.043 0.065 
 179   (0.023) 0.049 0.305 0.001 0.016 0.090 0.002 0.033 0.005 0.003 0.002 0.005 0.002 0.003 
 181   (0.591) 0.551 0.580 0.531 0.623 0.195 0.779 0.573 0.633 0.661 0.526 0.711 0.914 0.850 
 193   (0.014) 0.010 0.003 0.001 0.016 0.006 0.001 0.011 0.005 0.002 0.001 0.005 0.004 0.002 
 183   (0.011) 0.010 0.001 0.001 0.011 0.000 0.001 0.012 0.004 0.001 0.001 0.005 0.001 0.001 
 189   (0.015) 0.009 0.001 0.001 0.015 0.001 0.001 0.012 0.005 0.003 0.001 0.007 0.024 0.002 
 187   (0.008) 0.004 0.001 0.004 0.005 0.000 0.001 0.005 0.002 0.001 0.001 0.002 0.001 0.001 

Locus 45 : 45 
6 alleles
0.5% missing data
 205   (0.436) 0.484 0.315 0.437 0.478 0.329 0.357 0.483 0.614 0.399 0.525 0.434 0.277 0.624 
 211   (0.211) 0.229 0.164 0.293 0.184 0.379 0.329 0.208 0.139 0.136 0.198 0.260 0.158 0.111 
 207   (0.186) 0.158 0.048 0.089 0.213 0.109 0.144 0.174 0.193 0.326 0.120 0.137 0.444 0.226 
 201   (0.065) 0.058 0.463 0.046 0.044 0.052 0.044 0.059 0.019 0.016 0.099 0.064 0.006 0.021 
 215   (0.088) 0.061 0.010 0.134 0.073 0.062 0.124 0.066 0.030 0.121 0.057 0.102 0.114 0.016 
 202   (0.013) 0.011 0.001 0.001 0.008 0.069 0.001 0.009 0.004 0.002 0.001 0.003 0.001 0.001 

Locus 46 : 46 
10 alleles
0.0% missing data
 158   (0.189) 0.176 0.155 0.240 0.191 0.162 0.196 0.183 0.119 0.175 0.118 0.099 0.251 0.147 
 170   (0.020) 0.011 0.002 0.001 0.018 0.074 0.010 0.013 0.005 0.004 0.002 0.007 0.004 0.004 
 168   (0.159) 0.124 0.111 0.122 0.177 0.256 0.231 0.136 0.070 0.128 0.139 0.181 0.127 0.229 
 156   (0.027) 0.029 0.144 0.007 0.021 0.114 0.002 0.036 0.007 0.004 0.002 0.008 0.003 0.004 
 164   (0.044) 0.045 0.050 0.049 0.039 0.135 0.004 0.055 0.033 0.028 0.004 0.015 0.005 0.006 
 142   (0.258) 0.337 0.029 0.344 0.281 0.161 0.091 0.314 0.434 0.347 0.288 0.217 0.298 0.050 
 144   (0.068) 0.061 0.007 0.004 0.055 0.012 0.193 0.067 0.059 0.015 0.205 0.161 0.010 0.228 
 162   (0.044) 0.037 0.373 0.157 0.040 0.056 0.004 0.039 0.017 0.007 0.003 0.015 0.005 0.005 
 166   (0.179) 0.174 0.129 0.075 0.172 0.014 0.268 0.150 0.253 0.289 0.238 0.294 0.278 0.325 
 160   (0.013) 0.005 0.001 0.001 0.006 0.014 0.001 0.006 0.003 0.002 0.001 0.003 0.020 0.002 

Locus 47 : 47 
6 alleles
0.0% missing data
 149   (0.264) 0.270 0.476 0.122 0.316 0.741 0.104 0.289 0.403 0.042 0.106 0.194 0.213 0.114 
 145   (0.250) 0.245 0.356 0.361 0.205 0.074 0.152 0.235 0.302 0.182 0.384 0.141 0.666 0.271 
 151   (0.227) 0.209 0.141 0.355 0.220 0.120 0.062 0.200 0.185 0.544 0.222 0.359 0.031 0.368 
 143   (0.017) 0.011 0.001 0.001 0.019 0.029 0.001 0.013 0.004 0.003 0.001 0.005 0.002 0.002 
 153   (0.227) 0.259 0.024 0.160 0.230 0.035 0.679 0.255 0.103 0.201 0.230 0.296 0.087 0.242 
 147   (0.015) 0.007 0.002 0.001 0.010 0.001 0.002 0.008 0.003 0.029 0.056 0.005 0.002 0.003 

Values of parameters used in structure:
DATAFILE=temp1.str,	OUTFILE=k13/temp1_k13_run2,	NUMINDS=395,	NUMLOCI=47,	MISSING=-9,	LABEL=1,	POPDATA=1,	POPFLAG=0,	PHENOTYPE=0,	EXTRACOLS=0,	MAXPOPS=13,	BURNIN=500000,	NUMREPS=750000,	USEPOPINFO=0,	INFERALPHA=1,	INFERLAMBDA=0,	POPSPECIFICLAMBDA=0,	POPALPHAS=0,	COMPUTEPROB=1,	NOADMIX=0,	ADMBURNIN=500,	UPDATEFREQ=100,	PRINTLIKES=0,	INTERMEDSAVE=0,	PRINTKLD=0,	PRINTNET=1,	PRINTLAMBDA=1,	ANCESTDIST=0,	NUMBOXES=1000,	ANCESTPINT=0.90000,	GENSBACK=2,	MIGRPRIOR=0.01000,	PRINTQHAT=0,	PRINTQSUM=1,	ALPHA=1.0000,	FREQSCORR=1,	FPRIORMEAN=0.0100,	FPRIORSD=0.0500,	ONEFST=0,	LAMBDA=1.0000,	UNIFPRIORALPHA=1,	ALPHAMAX=10.0000,	ALPHAPRIORA=1.0000,	ALPHAPRIORB=2.0000,	ALPHAPROPSD=0.0250,	STARTATPOPINFO=0,	RANDOMIZE=0,	LINKAGE=0,	METROFREQ=10,	REPORTHITRATE=0,	MARKOVPHASE=0,	PHASED=1,	PLOIDY=2,	PHASEINFO=0	LOCPRIOR=0, 	LOCPRIORINIT=1.000000, 	LOCDATA=0, 	LOCISPOP=1, 	LOCPRIORSTEP=0.100000, 	MAXLOCPRIOR=20.000000, 	SEED=378974,	
[STRAT parameters]:    NUMSIMSTATS=1000,	PHENOTYPECOL=-9,	POOLFREQ=10,	LOCUSxONLY=0,	EMERROR=0.00100,	MISSINGPHENO=-9,	