

----------------------------------------------------
STRUCTURE by Pritchard, Stephens and Donnelly (2000)
     and Falush, Stephens and Pritchard (2003)
       Code by Pritchard, Falush and Hubisz
             Version 2.3.4 (Jul 2012)
----------------------------------------------------



Command line arguments:   structure -D 600879 -K 4 -m mainparams -o k4/temp1_k4_run10 
Input File:    temp1.str

Run parameters:
   395 individuals
   47 loci
   4 populations assumed
   500000 Burn-in period
   750000 Reps
RANDOMIZE turned off


--------------------------------------------
Proportion of membership of each pre-defined
 population in each of the 4 clusters

Given    Inferred Clusters              Number of
 Pop       1      2      3      4      Individuals

  1:     0.005  0.982  0.005  0.008       62
  2:     0.014  0.005  0.975  0.006       79
  3:     0.039  0.004  0.947  0.010       12
  4:     0.011  0.003  0.979  0.007       33
  5:     0.966  0.015  0.011  0.007       81
  6:     0.024  0.006  0.953  0.017        7
  7:     0.029  0.006  0.041  0.924       19
  8:     0.005  0.023  0.003  0.968       10
  9:     0.827  0.069  0.040  0.064       10
 10:     0.692  0.055  0.151  0.103       23
 11:     0.837  0.040  0.068  0.055       11
 12:     0.713  0.038  0.222  0.027       18
 13:     0.540  0.184  0.175  0.101       25
 14:     0.712  0.020  0.236  0.031        5
--------------------------------------------

Allele-freq. divergence among pops (Net nucleotide distance),
computed using point estimates of P.

      1       2       3       4      
 1      -    0.0808  0.0290  0.0457  
 2   0.0808     -    0.1144  0.0737  
 3   0.0290  0.1144     -    0.0625  
 4   0.0457  0.0737  0.0625     -    

Average distances (expected heterozygosity) between individuals in same cluster:
cluster  1  : 0.6152 
cluster  2  : 0.6438 
cluster  3  : 0.5682 
cluster  4  : 0.6216 

--------------------------------------------
Estimated Ln Prob of Data   = -43683.8
Mean value of ln likelihood = -43326.5
Variance of ln likelihood   = 714.7
Mean value of alpha         = 0.0415

Mean value of Fst_1         = 0.0758
Mean value of Fst_2         = 0.1488
Mean value of Fst_3         = 0.1522
Mean value of Fst_4         = 0.1077


Inferred ancestry of individuals:
        Label (%Miss) Pop:  Inferred clusters
  1      187    (0)    1 :  0.002 0.993 0.002 0.002 
  2      188    (0)    1 :  0.005 0.987 0.004 0.003 
  3      189    (0)    1 :  0.003 0.993 0.002 0.002 
  4      190    (0)    1 :  0.003 0.993 0.002 0.002 
  5      191    (0)    1 :  0.002 0.994 0.002 0.003 
  6      247    (0)    1 :  0.002 0.992 0.003 0.003 
  7      281    (0)    1 :  0.002 0.994 0.001 0.003 
  8      282    (0)    1 :  0.003 0.990 0.005 0.002 
  9      283    (0)    1 :  0.003 0.992 0.002 0.003 
 10      284    (0)    1 :  0.001 0.995 0.001 0.002 
 11      285    (0)    1 :  0.005 0.987 0.004 0.004 
 12      286    (0)    1 :  0.004 0.991 0.003 0.003 
 13      288    (0)    1 :  0.011 0.967 0.010 0.011 
 14      289    (0)    1 :  0.002 0.993 0.002 0.003 
 15      292    (0)    1 :  0.004 0.974 0.003 0.019 
 16      293    (0)    1 :  0.005 0.984 0.004 0.007 
 17      294    (0)    1 :  0.003 0.990 0.002 0.005 
 18      297    (0)    1 :  0.003 0.987 0.004 0.006 
 19      298    (0)    1 :  0.012 0.961 0.016 0.011 
 20      299    (0)    1 :  0.007 0.985 0.005 0.003 
 21      300    (0)    1 :  0.004 0.984 0.007 0.005 
 22      301    (0)    1 :  0.007 0.965 0.023 0.006 
 23      302    (0)    1 :  0.004 0.981 0.003 0.012 
 24      303    (0)    1 :  0.007 0.982 0.006 0.005 
 25      304    (0)    1 :  0.003 0.992 0.002 0.003 
 26      305    (0)    1 :  0.007 0.959 0.029 0.006 
 27      306    (0)    1 :  0.004 0.988 0.002 0.006 
 28      308    (0)    1 :  0.003 0.973 0.002 0.021 
 29      309    (0)    1 :  0.027 0.954 0.014 0.004 
 30      310    (0)    1 :  0.003 0.992 0.002 0.002 
 31      311    (0)    1 :  0.003 0.990 0.003 0.004 
 32      312    (0)    1 :  0.005 0.991 0.002 0.002 
 33      313    (0)    1 :  0.005 0.985 0.003 0.007 
 34      314    (0)    1 :  0.003 0.987 0.004 0.006 
 35      315    (0)    1 :  0.005 0.988 0.005 0.003 
 36      316    (0)    1 :  0.002 0.996 0.001 0.002 
 37      317    (0)    1 :  0.007 0.985 0.004 0.004 
 38      344    (0)    1 :  0.002 0.993 0.003 0.002 
 39      352    (0)    1 :  0.004 0.979 0.003 0.014 
 40      353    (0)    1 :  0.004 0.987 0.003 0.007 
 41      649    (0)    1 :  0.003 0.992 0.003 0.003 
 42      650    (0)    1 :  0.003 0.993 0.002 0.002 
 43      651    (0)    1 :  0.006 0.987 0.003 0.004 
 44      652    (0)    1 :  0.003 0.991 0.002 0.004 
 45      653    (0)    1 :  0.011 0.975 0.004 0.010 
 46      654    (0)    1 :  0.005 0.986 0.003 0.005 
 47      655    (0)    1 :  0.002 0.992 0.002 0.004 
 48      656    (0)    1 :  0.003 0.952 0.002 0.043 
 49      657    (0)    1 :  0.010 0.972 0.005 0.012 
 50      658    (0)    1 :  0.009 0.976 0.005 0.011 
 51      659    (0)    1 :  0.008 0.959 0.008 0.024 
 52      660    (0)    1 :  0.008 0.982 0.006 0.003 
 53      661    (0)    1 :  0.003 0.992 0.002 0.003 
 54      662    (0)    1 :  0.003 0.986 0.008 0.003 
 55      663    (0)    1 :  0.003 0.985 0.004 0.008 
 56      664    (0)    1 :  0.017 0.939 0.012 0.033 
 57      665    (0)    1 :  0.004 0.990 0.003 0.003 
 58      666    (0)    1 :  0.004 0.979 0.003 0.013 
 59      667    (0)    1 :  0.005 0.944 0.012 0.039 
 60      668    (0)    1 :  0.005 0.983 0.005 0.007 
 61      669    (0)    1 :  0.014 0.959 0.011 0.016 
 62      670    (0)    1 :  0.003 0.990 0.002 0.005 
 63      797    (0)   10 :  0.728 0.006 0.257 0.009 
 64      798    (0)   10 :  0.873 0.004 0.118 0.005 
 65      799    (0)   10 :  0.597 0.020 0.006 0.377 
 66      800    (0)   10 :  0.974 0.007 0.016 0.004 
 67      823    (0)   10 :  0.062 0.246 0.115 0.578 
 68      824    (0)   10 :  0.890 0.016 0.037 0.057 
 69      825    (0)   10 :  0.873 0.017 0.036 0.074 
 70      826    (0)   10 :  0.942 0.010 0.032 0.016 
 71      827    (0)   10 :  0.308 0.122 0.559 0.010 
 72      836    (0)   10 :  0.921 0.002 0.072 0.006 
 73      837    (0)   10 :  0.616 0.088 0.081 0.216 
 74      838    (0)   10 :  0.982 0.003 0.011 0.005 
 75      839    (0)   10 :  0.470 0.004 0.367 0.159 
 76      840    (0)   10 :  0.811 0.175 0.003 0.011 
 77      841    (0)   10 :  0.704 0.037 0.250 0.009 
 78      842    (0)   10 :  0.734 0.074 0.184 0.009 
 79      843    (0)   10 :  0.928 0.037 0.030 0.005 
 80      845    (0)   10 :  0.753 0.006 0.230 0.012 
 81      846    (0)   10 :  0.806 0.012 0.111 0.072 
 82      847    (2)   10 :  0.242 0.164 0.013 0.582 
 83      848    (0)   10 :  0.776 0.185 0.014 0.026 
 84      849    (0)   10 :  0.526 0.006 0.352 0.117 
 85      855    (0)   10 :  0.395 0.022 0.575 0.008 
 86      793    (0)   11 :  0.972 0.011 0.010 0.006 
 87      794    (0)   11 :  0.569 0.038 0.364 0.030 
 88      828    (0)   11 :  0.966 0.015 0.005 0.014 
 89      829    (4)   11 :  0.849 0.034 0.111 0.006 
 90      830    (0)   11 :  0.930 0.019 0.017 0.034 
 91      831    (2)   11 :  0.630 0.168 0.078 0.124 
 92      832    (0)   11 :  0.972 0.007 0.018 0.004 
 93      833    (2)   11 :  0.958 0.013 0.014 0.014 
 94      835    (0)   11 :  0.595 0.013 0.026 0.366 
 95      870    (0)   11 :  0.974 0.012 0.010 0.004 
 96      871    (0)   11 :  0.788 0.112 0.092 0.008 
 97      451    (0)   12 :  0.327 0.083 0.574 0.016 
 98      452    (4)   12 :  0.796 0.003 0.193 0.008 
 99      453    (4)   12 :  0.914 0.037 0.028 0.021 
100      454    (2)   12 :  0.829 0.083 0.032 0.057 
101      455    (4)   12 :  0.923 0.018 0.024 0.034 
102      795    (0)   12 :  0.966 0.002 0.028 0.004 
103      796    (0)   12 :  0.681 0.120 0.188 0.010 
104      802    (0)   12 :  0.550 0.010 0.436 0.003 
105      804    (0)   12 :  0.914 0.003 0.077 0.005 
106      805    (0)   12 :  0.105 0.217 0.664 0.014 
107      851    (0)   12 :  0.972 0.002 0.006 0.020 
108      852    (0)   12 :  0.969 0.002 0.024 0.005 
109      854    (0)   12 :  0.948 0.029 0.010 0.013 
110      858    (0)   12 :  0.601 0.005 0.369 0.025 
111      859    (0)   12 :  0.350 0.005 0.628 0.018 
112      860    (0)   12 :  0.333 0.046 0.403 0.218 
113      862    (0)   12 :  0.787 0.007 0.198 0.009 
114      863    (0)   12 :  0.877 0.004 0.115 0.005 
115      450    (0)   13 :  0.521 0.058 0.314 0.107 
116      791    (0)   13 :  0.783 0.153 0.052 0.013 
117      792    (0)   13 :  0.441 0.200 0.020 0.339 
118      803    (0)   13 :  0.402 0.184 0.005 0.409 
119      806    (0)   13 :  0.596 0.389 0.007 0.009 
120      807    (0)   13 :  0.856 0.076 0.018 0.050 
121      808    (0)   13 :  0.905 0.032 0.057 0.006 
122      809    (0)   13 :  0.876 0.089 0.010 0.026 
123      810    (0)   13 :  0.155 0.267 0.198 0.380 
124      811    (0)   13 :  0.476 0.428 0.081 0.015 
125      812    (0)   13 :  0.954 0.018 0.016 0.012 
126      813    (0)   13 :  0.608 0.286 0.101 0.005 
127      814    (0)   13 :  0.609 0.167 0.195 0.028 
128      834    (0)   13 :  0.139 0.294 0.561 0.005 
129      844    (0)   13 :  0.026 0.004 0.965 0.006 
130      850    (0)   13 :  0.564 0.414 0.005 0.018 
131      856    (0)   13 :  0.529 0.440 0.008 0.023 
132      857    (0)   13 :  0.437 0.402 0.037 0.124 
133      861    (0)   13 :  0.880 0.012 0.075 0.033 
134      864    (0)   13 :  0.215 0.038 0.431 0.317 
135      865    (0)   13 :  0.215 0.014 0.718 0.052 
136      866    (0)   13 :  0.916 0.065 0.011 0.008 
137      867    (0)   13 :  0.463 0.031 0.194 0.313 
138      868    (0)   13 :  0.719 0.204 0.045 0.032 
139      869    (0)   13 :  0.214 0.347 0.247 0.193 
140      004    (0)   14 :  0.673 0.011 0.287 0.029 
141      008    (0)   14 :  0.629 0.011 0.351 0.009 
142      013    (0)   14 :  0.631 0.036 0.308 0.025 
143      109    (0)   14 :  0.660 0.031 0.225 0.085 
144      348    (0)   14 :  0.966 0.012 0.013 0.009 
145      014    (0)    2 :  0.009 0.015 0.967 0.009 
146      015    (0)    2 :  0.010 0.005 0.982 0.003 
147      016    (0)    2 :  0.011 0.003 0.984 0.003 
148      017    (0)    2 :  0.012 0.003 0.982 0.004 
149      018    (0)    2 :  0.020 0.004 0.970 0.006 
150      023    (0)    2 :  0.020 0.004 0.971 0.006 
151      025    (0)    2 :  0.007 0.003 0.986 0.004 
152      026    (0)    2 :  0.004 0.002 0.992 0.002 
153      027    (0)    2 :  0.020 0.005 0.969 0.007 
154      028    (0)    2 :  0.016 0.002 0.977 0.004 
155      029    (0)    2 :  0.009 0.002 0.986 0.003 
156      030    (0)    2 :  0.017 0.005 0.974 0.005 
157      031    (0)    2 :  0.019 0.015 0.962 0.004 
158      032    (0)    2 :  0.011 0.002 0.973 0.014 
159      035    (0)    2 :  0.004 0.001 0.992 0.002 
160      037    (0)    2 :  0.010 0.002 0.985 0.004 
161      038    (0)    2 :  0.014 0.003 0.969 0.015 
162      039    (0)    2 :  0.004 0.002 0.992 0.002 
163      040    (0)    2 :  0.024 0.033 0.940 0.004 
164      041    (0)    2 :  0.009 0.004 0.985 0.003 
165      043    (0)    2 :  0.004 0.001 0.993 0.002 
166      045    (0)    2 :  0.009 0.002 0.986 0.004 
167      046    (0)    2 :  0.021 0.006 0.970 0.003 
168      047    (0)    2 :  0.010 0.003 0.985 0.003 
169      050    (0)    2 :  0.003 0.002 0.994 0.002 
170      052    (0)    2 :  0.004 0.001 0.992 0.002 
171      053    (0)    2 :  0.004 0.002 0.992 0.002 
172      054    (0)    2 :  0.037 0.008 0.944 0.010 
173      055    (0)    2 :  0.005 0.003 0.988 0.004 
174      056    (0)    2 :  0.010 0.002 0.985 0.003 
175      057    (0)    2 :  0.011 0.039 0.942 0.008 
176      058    (0)    2 :  0.025 0.003 0.957 0.015 
177      059    (0)    2 :  0.044 0.004 0.946 0.006 
178      060    (0)    2 :  0.009 0.002 0.986 0.003 
179      350    (0)    2 :  0.005 0.002 0.986 0.007 
180      351    (0)    2 :  0.012 0.002 0.984 0.002 
181      354    (0)    2 :  0.007 0.003 0.987 0.004 
182      374    (0)    2 :  0.031 0.004 0.957 0.008 
183      378    (0)    2 :  0.015 0.002 0.980 0.002 
184      381    (0)    2 :  0.009 0.002 0.987 0.003 
185      382    (0)    2 :  0.010 0.003 0.978 0.009 
186      384    (0)    2 :  0.006 0.008 0.983 0.002 
187      555    (0)    2 :  0.007 0.006 0.971 0.016 
188      671    (0)    2 :  0.063 0.005 0.845 0.087 
189      672    (0)    2 :  0.019 0.007 0.968 0.007 
190      705    (0)    2 :  0.005 0.002 0.988 0.005 
191      706    (0)    2 :  0.007 0.001 0.990 0.002 
192      707    (0)    2 :  0.005 0.003 0.987 0.005 
193      708    (0)    2 :  0.013 0.028 0.920 0.039 
194      758    (0)    2 :  0.016 0.002 0.977 0.006 
195      759    (0)    2 :  0.019 0.002 0.974 0.005 
196      760    (0)    2 :  0.013 0.001 0.983 0.002 
197      761    (0)    2 :  0.012 0.005 0.980 0.004 
198      762    (0)    2 :  0.010 0.002 0.983 0.005 
199      763    (0)    2 :  0.007 0.002 0.987 0.003 
200      764    (0)    2 :  0.004 0.002 0.990 0.004 
201      765    (0)    2 :  0.010 0.004 0.981 0.004 
202      766    (0)    2 :  0.002 0.001 0.995 0.002 
203      767    (0)    2 :  0.007 0.003 0.978 0.013 
204      768    (0)    2 :  0.004 0.003 0.989 0.003 
205      769    (0)    2 :  0.014 0.003 0.981 0.002 
206      770    (0)    2 :  0.041 0.003 0.951 0.004 
207      771    (0)    2 :  0.012 0.003 0.978 0.007 
208      772    (0)    2 :  0.127 0.002 0.867 0.004 
209      773    (0)    2 :  0.007 0.005 0.979 0.008 
210      774    (0)    2 :  0.039 0.004 0.952 0.004 
211      775    (0)    2 :  0.004 0.001 0.992 0.003 
212      776    (0)    2 :  0.006 0.003 0.987 0.003 
213      777    (0)    2 :  0.003 0.003 0.989 0.004 
214      778    (0)    2 :  0.004 0.002 0.990 0.004 
215      779    (0)    2 :  0.006 0.004 0.984 0.006 
216      780    (0)    2 :  0.003 0.003 0.991 0.002 
217      781    (0)    2 :  0.010 0.003 0.984 0.003 
218      782    (0)    2 :  0.007 0.002 0.987 0.004 
219      783    (0)    2 :  0.007 0.001 0.988 0.003 
220      784    (0)    2 :  0.024 0.014 0.951 0.010 
221      785    (0)    2 :  0.003 0.005 0.987 0.005 
222      786    (0)    2 :  0.005 0.002 0.991 0.003 
223      787    (0)    2 :  0.026 0.008 0.962 0.005 
224      115    (0)    3 :  0.006 0.002 0.990 0.002 
225      116    (0)    3 :  0.020 0.003 0.971 0.006 
226      117    (0)    3 :  0.026 0.003 0.966 0.004 
227      118    (0)    3 :  0.031 0.004 0.919 0.046 
228      119    (0)    3 :  0.070 0.003 0.917 0.010 
229      389    (0)    3 :  0.004 0.004 0.990 0.002 
230      548    (0)    3 :  0.017 0.005 0.963 0.015 
231      549    (0)    3 :  0.015 0.002 0.980 0.003 
232      550    (0)    3 :  0.221 0.011 0.749 0.019 
233      551    (0)    3 :  0.012 0.006 0.978 0.005 
234      552    (0)    3 :  0.039 0.002 0.955 0.004 
235      553    (0)    3 :  0.013 0.002 0.980 0.005 
236      009    (0)    4 :  0.003 0.003 0.991 0.003 
237      042    (0)    4 :  0.015 0.007 0.972 0.006 
238      044    (0)    4 :  0.037 0.013 0.945 0.005 
239      086    (0)    4 :  0.006 0.002 0.990 0.002 
240      087    (0)    4 :  0.007 0.003 0.984 0.005 
241      093    (0)    4 :  0.003 0.002 0.992 0.003 
242      095    (0)    4 :  0.050 0.004 0.928 0.018 
243      096    (0)    4 :  0.009 0.004 0.958 0.028 
244      097    (0)    4 :  0.005 0.001 0.990 0.003 
245      101    (0)    4 :  0.005 0.001 0.990 0.003 
246      183    (0)    4 :  0.004 0.003 0.988 0.004 
247      200    (0)    4 :  0.004 0.004 0.986 0.006 
248      210    (0)    4 :  0.005 0.002 0.989 0.004 
249      219    (0)    4 :  0.009 0.004 0.977 0.010 
250      230    (0)    4 :  0.005 0.002 0.990 0.003 
251      241    (0)    4 :  0.019 0.006 0.962 0.013 
252      307    (0)    4 :  0.010 0.003 0.984 0.004 
253      318    (0)    4 :  0.013 0.005 0.979 0.003 
254      323    (0)    4 :  0.005 0.003 0.989 0.003 
255      324    (0)    4 :  0.004 0.003 0.990 0.002 
256      325    (0)    4 :  0.004 0.015 0.977 0.004 
257      326    (0)    4 :  0.028 0.002 0.968 0.003 
258      338    (0)    4 :  0.005 0.002 0.989 0.004 
259      343    (0)    4 :  0.006 0.002 0.975 0.018 
260      379    (0)    4 :  0.004 0.002 0.991 0.003 
261      383    (0)    4 :  0.004 0.002 0.990 0.003 
262      385    (0)    4 :  0.005 0.001 0.991 0.003 
263      386    (0)    4 :  0.005 0.002 0.988 0.006 
264      387    (0)    4 :  0.004 0.002 0.942 0.052 
265      554    (0)    4 :  0.005 0.002 0.990 0.004 
266      877    (0)    4 :  0.005 0.002 0.990 0.003 
267      878    (0)    4 :  0.018 0.002 0.976 0.004 
268      880    (0)    4 :  0.037 0.002 0.955 0.005 
269      122    (0)    5 :  0.973 0.004 0.019 0.004 
270      123    (0)    5 :  0.965 0.027 0.003 0.005 
271      124    (0)    5 :  0.948 0.002 0.014 0.036 
272      125    (0)    5 :  0.991 0.002 0.005 0.002 
273      126    (0)    5 :  0.987 0.002 0.009 0.002 
274      128    (0)    5 :  0.984 0.004 0.004 0.008 
275      129    (0)    5 :  0.971 0.005 0.015 0.009 
276      130    (0)    5 :  0.978 0.002 0.017 0.003 
277      131    (0)    5 :  0.991 0.002 0.005 0.003 
278      132    (0)    5 :  0.955 0.002 0.029 0.015 
279      133    (0)    5 :  0.955 0.002 0.034 0.009 
280      134    (0)    5 :  0.975 0.006 0.007 0.013 
281      135    (0)    5 :  0.973 0.017 0.006 0.003 
282      136    (0)    5 :  0.967 0.021 0.005 0.008 
283      139    (0)    5 :  0.980 0.003 0.008 0.009 
284      140    (0)    5 :  0.950 0.011 0.019 0.020 
285      141    (0)    5 :  0.979 0.004 0.011 0.006 
286      142    (0)    5 :  0.966 0.002 0.028 0.004 
287      143    (0)    5 :  0.923 0.005 0.047 0.025 
288      144    (0)    5 :  0.985 0.002 0.009 0.005 
289      145    (0)    5 :  0.969 0.003 0.005 0.023 
290      148    (0)    5 :  0.974 0.009 0.012 0.004 
291      556    (0)    5 :  0.982 0.003 0.011 0.004 
292      557    (0)    5 :  0.976 0.007 0.008 0.009 
293      558    (0)    5 :  0.986 0.003 0.003 0.008 
294      559    (0)    5 :  0.987 0.002 0.007 0.004 
295      560    (0)    5 :  0.982 0.004 0.012 0.003 
296      561    (0)    5 :  0.986 0.002 0.010 0.003 
297      562    (0)    5 :  0.982 0.005 0.007 0.006 
298      563    (0)    5 :  0.932 0.051 0.005 0.013 
299      564    (0)    5 :  0.948 0.002 0.045 0.005 
300      565    (0)    5 :  0.988 0.004 0.004 0.004 
301      566    (0)    5 :  0.983 0.003 0.010 0.003 
302      567    (0)    5 :  0.984 0.007 0.004 0.005 
303      568    (0)    5 :  0.983 0.004 0.006 0.008 
304      569    (0)    5 :  0.985 0.003 0.005 0.008 
305      570    (0)    5 :  0.979 0.002 0.018 0.002 
306      613    (0)    5 :  0.985 0.003 0.006 0.006 
307      614    (0)    5 :  0.980 0.013 0.004 0.002 
308      615    (0)    5 :  0.958 0.006 0.031 0.005 
309      616    (0)    5 :  0.974 0.003 0.014 0.009 
310      617    (0)    5 :  0.966 0.009 0.020 0.005 
311      618    (0)    5 :  0.976 0.002 0.016 0.006 
312      619    (0)    5 :  0.163 0.793 0.009 0.034 
313      620    (0)    5 :  0.987 0.002 0.007 0.004 
314      621    (0)    5 :  0.976 0.002 0.019 0.003 
315      622    (0)    5 :  0.983 0.002 0.008 0.007 
316      623    (0)    5 :  0.988 0.003 0.006 0.003 
317      624    (0)    5 :  0.978 0.003 0.014 0.005 
318      625    (0)    5 :  0.982 0.003 0.013 0.003 
319      626    (0)    5 :  0.981 0.004 0.008 0.008 
320      627    (0)    5 :  0.967 0.011 0.014 0.008 
321      628    (0)    5 :  0.983 0.003 0.007 0.008 
322      629    (0)    5 :  0.985 0.003 0.006 0.006 
323      630    (0)    5 :  0.953 0.038 0.005 0.004 
324      631    (0)    5 :  0.972 0.003 0.005 0.020 
325      632    (0)    5 :  0.967 0.004 0.020 0.008 
326      633    (0)    5 :  0.973 0.004 0.007 0.016 
327      634    (0)    5 :  0.975 0.006 0.005 0.014 
328      635    (0)    5 :  0.989 0.003 0.004 0.004 
329      636    (0)    5 :  0.981 0.004 0.011 0.004 
330      637    (0)    5 :  0.972 0.006 0.018 0.005 
331      638    (0)    5 :  0.975 0.007 0.012 0.006 
332      639    (0)    5 :  0.972 0.005 0.015 0.007 
333      640    (0)    5 :  0.975 0.002 0.020 0.003 
334      689    (0)    5 :  0.986 0.005 0.007 0.003 
335      690    (0)    5 :  0.976 0.002 0.009 0.013 
336      691    (0)    5 :  0.983 0.003 0.012 0.002 
337      692    (0)    5 :  0.982 0.006 0.004 0.008 
338      693    (0)    5 :  0.989 0.002 0.005 0.003 
339      694    (0)    5 :  0.973 0.008 0.004 0.015 
340      695    (0)    5 :  0.983 0.002 0.013 0.003 
341      696    (0)    5 :  0.988 0.003 0.006 0.004 
342      697    (0)    5 :  0.981 0.002 0.010 0.007 
343      698    (0)    5 :  0.988 0.004 0.005 0.003 
344      699    (0)    5 :  0.989 0.002 0.006 0.003 
345      700    (0)    5 :  0.967 0.002 0.021 0.009 
346      701    (2)    5 :  0.984 0.004 0.007 0.005 
347      702    (0)    5 :  0.977 0.004 0.015 0.004 
348      703    (0)    5 :  0.988 0.004 0.005 0.003 
349      704    (0)    5 :  0.977 0.010 0.008 0.005 
350      390    (0)    6 :  0.004 0.001 0.987 0.008 
351      391    (0)    6 :  0.010 0.004 0.976 0.010 
352      392    (0)    6 :  0.111 0.006 0.798 0.085 
353      393    (0)    6 :  0.007 0.003 0.987 0.003 
354      394    (0)    6 :  0.011 0.019 0.964 0.005 
355      647    (0)    6 :  0.021 0.004 0.971 0.004 
356      648    (0)    6 :  0.008 0.002 0.987 0.003 
357      007    (0)    7 :  0.015 0.005 0.011 0.969 
358      012    (0)    7 :  0.015 0.007 0.024 0.954 
359      020    (0)    7 :  0.141 0.033 0.227 0.599 
360      021    (0)    7 :  0.007 0.002 0.006 0.985 
361      022    (0)    7 :  0.015 0.003 0.017 0.964 
362      034    (0)    7 :  0.028 0.002 0.038 0.931 
363      049    (0)    7 :  0.006 0.003 0.006 0.985 
364      062    (0)    7 :  0.005 0.003 0.004 0.988 
365      089    (0)    7 :  0.007 0.002 0.007 0.984 
366      092    (0)    7 :  0.005 0.002 0.004 0.989 
367      100    (0)    7 :  0.008 0.003 0.017 0.972 
368      105    (0)    7 :  0.013 0.007 0.058 0.923 
369      205    (0)    7 :  0.008 0.005 0.005 0.982 
370      206    (0)    7 :  0.132 0.003 0.241 0.624 
371      207    (0)    7 :  0.029 0.005 0.020 0.945 
372      208    (0)    7 :  0.033 0.003 0.069 0.894 
373      209    (0)    7 :  0.067 0.022 0.015 0.896 
374      377    (0)    7 :  0.008 0.002 0.010 0.980 
375      881    (0)    7 :  0.006 0.002 0.007 0.984 
376      003    (0)    8 :  0.003 0.004 0.002 0.990 
377      108    (0)    8 :  0.002 0.009 0.001 0.987 
378      194    (0)    8 :  0.004 0.023 0.004 0.969 
379      232    (0)    8 :  0.003 0.028 0.003 0.967 
380      321    (0)    8 :  0.002 0.101 0.002 0.895 
381      322    (0)    8 :  0.004 0.004 0.004 0.989 
382      329    (0)    8 :  0.003 0.023 0.002 0.972 
383      330    (0)    8 :  0.003 0.005 0.002 0.991 
384      342    (0)    8 :  0.026 0.035 0.007 0.932 
385      347    (0)    8 :  0.003 0.003 0.002 0.992 
386      801    (0)    9 :  0.926 0.029 0.007 0.038 
387      815    (0)    9 :  0.765 0.055 0.004 0.175 
388      816    (0)    9 :  0.901 0.002 0.093 0.004 
389      817    (0)    9 :  0.821 0.057 0.022 0.099 
390      818    (0)    9 :  0.965 0.010 0.021 0.005 
391      819    (0)    9 :  0.856 0.111 0.012 0.021 
392      820    (2)    9 :  0.904 0.009 0.080 0.007 
393      821    (0)    9 :  0.936 0.032 0.025 0.008 
394      822    (0)    9 :  0.508 0.201 0.022 0.269 
395      853    (0)    9 :  0.682 0.188 0.113 0.016 


Estimated Allele Frequencies in each cluster
First column gives estimated ancestral frequencies


Locus 1 : 1 
4 alleles
0.0% missing data
  91   (0.411) 0.421 0.599 0.327 0.400 
  89   (0.438) 0.479 0.365 0.570 0.434 
  93   (0.118) 0.094 0.034 0.103 0.054 
  99   (0.033) 0.005 0.001 0.001 0.111 

Locus 2 : 2 
6 alleles
0.0% missing data
 136   (0.389) 0.444 0.539 0.510 0.336 
 138   (0.240) 0.149 0.214 0.273 0.421 
 140   (0.076) 0.033 0.077 0.071 0.013 
 142   (0.044) 0.049 0.042 0.001 0.005 
 134   (0.222) 0.310 0.126 0.144 0.214 
 132   (0.029) 0.015 0.002 0.001 0.011 

Locus 3 : 3 
6 alleles
0.0% missing data
 179   (0.189) 0.431 0.101 0.340 0.025 
 185   (0.092) 0.043 0.185 0.002 0.158 
 187   (0.375) 0.216 0.404 0.496 0.549 
 175   (0.063) 0.046 0.205 0.001 0.015 
 191   (0.090) 0.017 0.025 0.044 0.137 
 181   (0.192) 0.246 0.081 0.117 0.116 

Locus 4 : 4 
12 alleles
0.0% missing data
 245   (0.028) 0.002 0.092 0.001 0.008 
 271   (0.069) 0.023 0.171 0.030 0.014 
 241   (0.174) 0.163 0.454 0.081 0.106 
 249   (0.067) 0.006 0.079 0.106 0.034 
 253   (0.338) 0.547 0.121 0.646 0.374 
 247   (0.074) 0.039 0.048 0.002 0.222 
 269   (0.155) 0.210 0.030 0.125 0.182 
 239   (0.020) 0.001 0.001 0.000 0.039 
 265   (0.018) 0.003 0.001 0.001 0.003 
 273   (0.021) 0.004 0.002 0.000 0.013 
 235   (0.018) 0.001 0.001 0.004 0.002 
 267   (0.018) 0.001 0.001 0.004 0.002 

Locus 5 : 5 
5 alleles
0.8% missing data
 103   (0.822) 0.882 0.762 0.964 0.908 
 105   (0.064) 0.099 0.177 0.001 0.007 
 104   (0.060) 0.016 0.037 0.031 0.007 
 107   (0.029) 0.001 0.023 0.003 0.003 
 102   (0.025) 0.002 0.001 0.001 0.074 

Locus 6 : 6 
6 alleles
0.0% missing data
 135   (0.380) 0.220 0.681 0.204 0.602 
 147   (0.121) 0.041 0.128 0.049 0.089 
 137   (0.032) 0.002 0.090 0.001 0.013 
 141   (0.257) 0.328 0.091 0.554 0.105 
 145   (0.190) 0.408 0.009 0.188 0.188 
 143   (0.019) 0.001 0.001 0.004 0.002 

Locus 7 : 7 
10 alleles
0.3% missing data
  89   (0.086) 0.047 0.266 0.046 0.013 
  93   (0.236) 0.167 0.254 0.367 0.245 
  97   (0.195) 0.138 0.144 0.206 0.256 
 101   (0.035) 0.003 0.094 0.003 0.005 
 105   (0.037) 0.002 0.118 0.001 0.041 
  91   (0.102) 0.024 0.089 0.036 0.184 
  99   (0.029) 0.005 0.021 0.001 0.004 
  83   (0.043) 0.051 0.002 0.001 0.032 
 103   (0.188) 0.511 0.009 0.293 0.211 
  85   (0.051) 0.052 0.002 0.047 0.008 

Locus 8 : 8 
10 alleles
0.0% missing data
 129   (0.440) 0.571 0.313 0.633 0.512 
 143   (0.258) 0.328 0.358 0.084 0.285 
 149   (0.078) 0.007 0.291 0.136 0.036 
 127   (0.034) 0.002 0.029 0.001 0.039 
 141   (0.082) 0.072 0.003 0.139 0.046 
 133   (0.025) 0.009 0.002 0.001 0.005 
 145   (0.020) 0.007 0.001 0.000 0.002 
 131   (0.027) 0.001 0.001 0.002 0.057 
 121   (0.018) 0.001 0.001 0.004 0.002 
 128   (0.018) 0.001 0.001 0.000 0.014 

Locus 9 : 9 
4 alleles
0.0% missing data
 191   (0.405) 0.392 0.338 0.580 0.412 
 195   (0.215) 0.284 0.353 0.142 0.073 
 189   (0.353) 0.321 0.306 0.274 0.509 
 193   (0.027) 0.003 0.003 0.004 0.006 

Locus 10 : 10 
7 alleles
0.0% missing data
 232   (0.224) 0.175 0.107 0.404 0.256 
 238   (0.423) 0.601 0.663 0.447 0.269 
 250   (0.043) 0.018 0.142 0.001 0.006 
 254   (0.110) 0.050 0.027 0.021 0.337 
 252   (0.151) 0.144 0.059 0.121 0.116 
 248   (0.030) 0.011 0.001 0.001 0.014 
 240   (0.018) 0.001 0.001 0.004 0.002 

Locus 11 : 11 
5 alleles
0.0% missing data
  89   (0.226) 0.225 0.075 0.222 0.239 
  91   (0.088) 0.008 0.280 0.100 0.065 
  87   (0.644) 0.766 0.569 0.677 0.680 
  85   (0.023) 0.001 0.076 0.000 0.002 
  83   (0.019) 0.001 0.001 0.000 0.014 

Locus 12 : 12 
13 alleles
0.0% missing data
 160   (0.275) 0.164 0.512 0.184 0.576 
 161   (0.102) 0.140 0.234 0.039 0.014 
 170   (0.059) 0.028 0.083 0.013 0.007 
 158   (0.166) 0.243 0.065 0.444 0.053 
 143   (0.057) 0.012 0.071 0.001 0.089 
 154   (0.034) 0.010 0.016 0.001 0.004 
 162   (0.151) 0.297 0.007 0.182 0.236 
 134   (0.018) 0.003 0.001 0.001 0.002 
 147   (0.056) 0.080 0.002 0.126 0.006 
 159   (0.020) 0.007 0.001 0.000 0.002 
 149   (0.025) 0.013 0.002 0.001 0.006 
 164   (0.019) 0.001 0.001 0.007 0.002 
 165   (0.018) 0.001 0.006 0.000 0.003 

Locus 13 : 13 
4 alleles
0.0% missing data
 113   (0.354) 0.346 0.291 0.344 0.465 
 115   (0.413) 0.487 0.443 0.489 0.348 
 108   (0.214) 0.164 0.263 0.167 0.184 
 110   (0.019) 0.003 0.003 0.000 0.002 

Locus 14 : 14 
10 alleles
0.0% missing data
 229   (0.324) 0.392 0.420 0.507 0.283 
 233   (0.090) 0.024 0.081 0.101 0.052 
 231   (0.258) 0.302 0.426 0.094 0.392 
 225   (0.127) 0.094 0.055 0.077 0.151 
 227   (0.112) 0.176 0.005 0.217 0.111 
 203   (0.018) 0.004 0.001 0.000 0.002 
 213   (0.018) 0.002 0.004 0.001 0.002 
 221   (0.018) 0.004 0.001 0.000 0.002 
 255   (0.018) 0.001 0.001 0.003 0.002 
 223   (0.018) 0.001 0.006 0.000 0.003 

Locus 15 : 15 
5 alleles
0.3% missing data
 143   (0.795) 0.931 0.782 0.978 0.808 
 147   (0.047) 0.005 0.094 0.001 0.034 
 145   (0.114) 0.061 0.122 0.015 0.099 
 157   (0.023) 0.001 0.001 0.006 0.007 
 133   (0.022) 0.001 0.001 0.000 0.053 

Locus 16 : 16 
5 alleles
0.0% missing data
 154   (0.124) 0.050 0.330 0.046 0.089 
 158   (0.418) 0.497 0.343 0.562 0.455 
 160   (0.144) 0.142 0.103 0.151 0.056 
 156   (0.295) 0.309 0.224 0.240 0.398 
 152   (0.018) 0.003 0.001 0.001 0.003 

Locus 17 : 17 
5 alleles
0.0% missing data
  88   (0.075) 0.024 0.324 0.028 0.009 
  90   (0.602) 0.759 0.415 0.729 0.603 
 100   (0.095) 0.046 0.187 0.003 0.162 
 102   (0.208) 0.167 0.073 0.240 0.225 
 104   (0.019) 0.004 0.001 0.001 0.002 

Locus 18 : 18 
7 alleles
0.0% missing data
 127   (0.304) 0.340 0.396 0.238 0.288 
 140   (0.260) 0.376 0.262 0.137 0.215 
 150   (0.084) 0.027 0.204 0.002 0.247 
 148   (0.135) 0.066 0.115 0.086 0.141 
 142   (0.080) 0.047 0.017 0.395 0.013 
 138   (0.051) 0.073 0.002 0.037 0.006 
 146   (0.088) 0.071 0.004 0.105 0.090 

Locus 19 : 19 
6 alleles
0.0% missing data
 194   (0.551) 0.617 0.599 0.557 0.598 
 202   (0.055) 0.007 0.089 0.001 0.124 
 200   (0.098) 0.090 0.246 0.002 0.081 
 198   (0.021) 0.001 0.013 0.000 0.002 
 190   (0.169) 0.179 0.047 0.330 0.081 
 188   (0.105) 0.106 0.005 0.109 0.113 

Locus 20 : 20 
6 alleles
0.0% missing data
 244   (0.058) 0.011 0.054 0.027 0.007 
 246   (0.192) 0.196 0.182 0.033 0.198 
 252   (0.421) 0.692 0.071 0.788 0.401 
 254   (0.135) 0.063 0.278 0.050 0.067 
 250   (0.164) 0.031 0.414 0.101 0.308 
 248   (0.031) 0.007 0.001 0.001 0.018 

Locus 21 : 21 
10 alleles
0.0% missing data
 173   (0.226) 0.259 0.227 0.314 0.157 
 175   (0.166) 0.206 0.320 0.048 0.098 
 167   (0.212) 0.264 0.112 0.323 0.171 
 165   (0.077) 0.121 0.124 0.007 0.012 
 163   (0.059) 0.009 0.122 0.001 0.234 
 159   (0.020) 0.001 0.021 0.000 0.002 
 177   (0.185) 0.132 0.071 0.301 0.307 
 169   (0.018) 0.001 0.001 0.004 0.002 
 171   (0.020) 0.007 0.001 0.000 0.002 
 161   (0.018) 0.001 0.001 0.000 0.014 

Locus 22 : 22 
11 alleles
0.3% missing data
 150   (0.083) 0.025 0.158 0.012 0.047 
 158   (0.120) 0.080 0.402 0.030 0.049 
 152   (0.308) 0.482 0.076 0.546 0.354 
 142   (0.036) 0.011 0.058 0.001 0.004 
 162   (0.061) 0.016 0.169 0.001 0.053 
 156   (0.047) 0.004 0.067 0.001 0.116 
 164   (0.061) 0.042 0.050 0.008 0.009 
 148   (0.033) 0.002 0.008 0.001 0.138 
 146   (0.146) 0.258 0.008 0.261 0.165 
 166   (0.083) 0.080 0.004 0.081 0.064 
 154   (0.022) 0.001 0.001 0.059 0.002 

Locus 23 : 23 
6 alleles
0.3% missing data
 154   (0.394) 0.620 0.252 0.523 0.267 
 158   (0.048) 0.004 0.090 0.015 0.012 
 144   (0.264) 0.175 0.233 0.162 0.545 
 156   (0.125) 0.136 0.348 0.049 0.024 
 160   (0.147) 0.064 0.077 0.209 0.150 
 152   (0.022) 0.001 0.001 0.041 0.002 

Locus 24 : 24 
4 alleles
0.3% missing data
  83   (0.555) 0.550 0.620 0.463 0.788 
  81   (0.293) 0.332 0.317 0.306 0.179 
  85   (0.078) 0.052 0.060 0.042 0.010 
  77   (0.075) 0.066 0.003 0.189 0.023 

Locus 25 : 25 
6 alleles
0.3% missing data
 124   (0.506) 0.585 0.562 0.424 0.372 
 122   (0.140) 0.114 0.379 0.029 0.041 
 120   (0.041) 0.002 0.022 0.001 0.129 
 126   (0.063) 0.014 0.026 0.041 0.013 
 132   (0.228) 0.277 0.010 0.505 0.442 
 136   (0.022) 0.007 0.001 0.000 0.003 

Locus 26 : 26 
6 alleles
0.0% missing data
 181   (0.054) 0.042 0.158 0.001 0.008 
 183   (0.391) 0.320 0.294 0.460 0.509 
 179   (0.126) 0.022 0.337 0.082 0.145 
 165   (0.236) 0.320 0.089 0.173 0.181 
 185   (0.026) 0.002 0.115 0.001 0.003 
 175   (0.166) 0.295 0.008 0.284 0.154 

Locus 27 : 27 
4 alleles
0.0% missing data
 142   (0.528) 0.586 0.404 0.696 0.610 
 148   (0.259) 0.256 0.289 0.141 0.248 
 150   (0.129) 0.132 0.180 0.008 0.128 
 138   (0.084) 0.026 0.128 0.154 0.014 

Locus 28 : 28 
5 alleles
0.0% missing data
 260   (0.316) 0.411 0.241 0.371 0.234 
 262   (0.527) 0.518 0.642 0.599 0.659 
 256   (0.113) 0.051 0.115 0.028 0.101 
 258   (0.022) 0.010 0.001 0.000 0.003 
 264   (0.023) 0.010 0.001 0.001 0.003 

Locus 29 : 29 
5 alleles
0.3% missing data
 146   (0.258) 0.239 0.364 0.126 0.302 
 140   (0.242) 0.189 0.395 0.095 0.342 
 150   (0.348) 0.493 0.183 0.715 0.234 
 148   (0.119) 0.067 0.053 0.063 0.105 
 152   (0.033) 0.011 0.006 0.002 0.016 

Locus 30 : 30 
6 alleles
0.0% missing data
 127   (0.117) 0.092 0.376 0.003 0.194 
 131   (0.045) 0.019 0.171 0.001 0.005 
 129   (0.410) 0.494 0.208 0.465 0.531 
 123   (0.137) 0.114 0.067 0.108 0.067 
 125   (0.269) 0.275 0.176 0.422 0.194 
 121   (0.022) 0.006 0.001 0.000 0.008 

Locus 31 : 31 
5 alleles
0.0% missing data
 155   (0.520) 0.491 0.550 0.611 0.613 
 157   (0.213) 0.290 0.091 0.190 0.129 
 153   (0.092) 0.024 0.194 0.079 0.026 
 159   (0.130) 0.192 0.147 0.117 0.017 
 151   (0.045) 0.003 0.019 0.002 0.215 

Locus 32 : 32 
4 alleles
0.0% missing data
 150   (0.507) 0.542 0.285 0.806 0.573 
 154   (0.071) 0.068 0.050 0.004 0.019 
 146   (0.325) 0.313 0.560 0.105 0.396 
 148   (0.097) 0.078 0.106 0.086 0.012 

Locus 33 : 33 
7 alleles
0.0% missing data
 180   (0.465) 0.420 0.334 0.570 0.713 
 190   (0.040) 0.019 0.046 0.001 0.005 
 184   (0.201) 0.222 0.131 0.177 0.114 
 198   (0.073) 0.005 0.285 0.049 0.054 
 192   (0.120) 0.198 0.197 0.003 0.100 
 196   (0.080) 0.136 0.006 0.180 0.012 
 194   (0.021) 0.001 0.001 0.021 0.002 

Locus 34 : 34 
7 alleles
0.0% missing data
 108   (0.115) 0.068 0.548 0.005 0.108 
 110   (0.246) 0.276 0.151 0.335 0.142 
 106   (0.313) 0.327 0.206 0.151 0.521 
 112   (0.215) 0.290 0.090 0.497 0.075 
  94   (0.025) 0.013 0.001 0.001 0.006 
  90   (0.064) 0.025 0.003 0.011 0.109 
  96   (0.021) 0.001 0.001 0.000 0.040 

Locus 35 : 35 
8 alleles
0.0% missing data
 168   (0.087) 0.035 0.375 0.002 0.139 
 170   (0.342) 0.399 0.281 0.183 0.556 
 172   (0.254) 0.197 0.188 0.434 0.257 
 174   (0.079) 0.111 0.048 0.014 0.013 
 186   (0.035) 0.007 0.069 0.001 0.006 
 176   (0.105) 0.186 0.034 0.117 0.015 
 178   (0.043) 0.029 0.002 0.020 0.006 
 166   (0.054) 0.036 0.003 0.229 0.008 

Locus 36 : 36 
6 alleles
0.0% missing data
  83   (0.123) 0.095 0.333 0.041 0.037 
  89   (0.537) 0.576 0.575 0.684 0.582 
  85   (0.181) 0.161 0.040 0.188 0.242 
  91   (0.038) 0.002 0.023 0.001 0.115 
  95   (0.084) 0.074 0.028 0.086 0.013 
  81   (0.038) 0.092 0.002 0.001 0.012 

Locus 37 : 37 
8 alleles
0.0% missing data
 161   (0.350) 0.335 0.552 0.493 0.304 
 173   (0.278) 0.383 0.208 0.100 0.461 
 165   (0.190) 0.215 0.225 0.246 0.073 
 159   (0.029) 0.001 0.007 0.021 0.003 
 169   (0.065) 0.038 0.003 0.130 0.026 
 167   (0.036) 0.019 0.003 0.005 0.007 
 175   (0.020) 0.007 0.001 0.000 0.002 
 168   (0.033) 0.001 0.001 0.006 0.125 

Locus 38 : 38 
7 alleles
0.0% missing data
  87   (0.201) 0.071 0.366 0.163 0.380 
  91   (0.199) 0.233 0.211 0.048 0.211 
  85   (0.211) 0.242 0.149 0.084 0.240 
  89   (0.240) 0.327 0.268 0.634 0.061 
  81   (0.093) 0.112 0.004 0.046 0.101 
  93   (0.037) 0.015 0.001 0.018 0.004 
  95   (0.020) 0.001 0.001 0.007 0.002 

Locus 39 : 39 
4 alleles
0.0% missing data
 161   (0.178) 0.077 0.507 0.071 0.144 
 167   (0.748) 0.912 0.430 0.917 0.842 
 165   (0.055) 0.010 0.063 0.009 0.012 
 155   (0.019) 0.001 0.001 0.004 0.002 

Locus 40 : 40 
7 alleles
0.3% missing data
 228   (0.368) 0.360 0.332 0.581 0.301 
 240   (0.110) 0.078 0.426 0.003 0.131 
 236   (0.175) 0.072 0.122 0.091 0.411 
 238   (0.235) 0.414 0.109 0.265 0.096 
 224   (0.069) 0.073 0.009 0.056 0.008 
 242   (0.024) 0.002 0.001 0.000 0.050 
 246   (0.019) 0.001 0.001 0.004 0.002 

Locus 41 : 41 
9 alleles
0.3% missing data
 130   (0.417) 0.487 0.649 0.478 0.300 
 134   (0.129) 0.144 0.255 0.007 0.125 
 118   (0.077) 0.028 0.075 0.002 0.181 
 132   (0.139) 0.135 0.011 0.216 0.185 
 128   (0.064) 0.073 0.003 0.188 0.011 
 114   (0.113) 0.123 0.005 0.089 0.192 
 122   (0.023) 0.002 0.001 0.020 0.003 
 120   (0.019) 0.004 0.001 0.000 0.002 
 119   (0.019) 0.004 0.001 0.000 0.003 

Locus 42 : 42 
8 alleles
0.0% missing data
  92   (0.158) 0.098 0.360 0.108 0.090 
  96   (0.112) 0.043 0.172 0.073 0.058 
  98   (0.186) 0.100 0.288 0.184 0.178 
 104   (0.273) 0.390 0.168 0.212 0.252 
 102   (0.202) 0.350 0.008 0.422 0.400 
 106   (0.018) 0.003 0.001 0.001 0.004 
  94   (0.020) 0.007 0.001 0.000 0.002 
 100   (0.030) 0.008 0.001 0.001 0.016 

Locus 43 : 43 
6 alleles
0.0% missing data
  95   (0.290) 0.222 0.382 0.371 0.278 
  99   (0.134) 0.050 0.299 0.044 0.141 
 101   (0.260) 0.407 0.226 0.334 0.105 
  97   (0.055) 0.009 0.036 0.001 0.138 
 103   (0.242) 0.310 0.055 0.246 0.336 
 105   (0.019) 0.001 0.001 0.004 0.002 

Locus 44 : 44 
8 alleles
0.0% missing data
 177   (0.082) 0.033 0.066 0.116 0.013 
 191   (0.255) 0.375 0.613 0.172 0.070 
 179   (0.059) 0.009 0.095 0.001 0.109 
 181   (0.507) 0.566 0.216 0.709 0.753 
 193   (0.029) 0.002 0.008 0.001 0.023 
 183   (0.021) 0.007 0.001 0.001 0.002 
 189   (0.028) 0.004 0.001 0.001 0.028 
 187   (0.019) 0.004 0.001 0.000 0.002 

Locus 45 : 45 
6 alleles
0.5% missing data
 205   (0.339) 0.489 0.337 0.453 0.298 
 211   (0.225) 0.241 0.368 0.233 0.154 
 207   (0.183) 0.132 0.113 0.162 0.317 
 201   (0.106) 0.038 0.056 0.062 0.159 
 215   (0.119) 0.097 0.062 0.090 0.069 
 202   (0.028) 0.004 0.064 0.001 0.004 

Locus 46 : 46 
10 alleles
0.0% missing data
 158   (0.178) 0.196 0.167 0.138 0.210 
 170   (0.037) 0.003 0.074 0.004 0.014 
 168   (0.157) 0.119 0.250 0.183 0.131 
 156   (0.054) 0.015 0.110 0.001 0.054 
 164   (0.063) 0.050 0.129 0.002 0.028 
 142   (0.212) 0.369 0.162 0.188 0.190 
 144   (0.057) 0.016 0.017 0.196 0.011 
 162   (0.079) 0.101 0.055 0.002 0.135 
 166   (0.137) 0.132 0.021 0.286 0.213 
 160   (0.027) 0.001 0.014 0.001 0.015 

Locus 47 : 47 
6 alleles
0.0% missing data
 149   (0.288) 0.222 0.724 0.108 0.325 
 145   (0.281) 0.303 0.083 0.215 0.513 
 151   (0.214) 0.294 0.120 0.273 0.086 
 143   (0.030) 0.004 0.035 0.001 0.004 
 153   (0.160) 0.176 0.037 0.384 0.065 
 147   (0.027) 0.001 0.002 0.019 0.008 

Values of parameters used in structure:
DATAFILE=temp1.str,	OUTFILE=k4/temp1_k4_run10,	NUMINDS=395,	NUMLOCI=47,	MISSING=-9,	LABEL=1,	POPDATA=1,	POPFLAG=0,	PHENOTYPE=0,	EXTRACOLS=0,	MAXPOPS=4,	BURNIN=500000,	NUMREPS=750000,	USEPOPINFO=0,	INFERALPHA=1,	INFERLAMBDA=0,	POPSPECIFICLAMBDA=0,	POPALPHAS=0,	COMPUTEPROB=1,	NOADMIX=0,	ADMBURNIN=500,	UPDATEFREQ=100,	PRINTLIKES=0,	INTERMEDSAVE=0,	PRINTKLD=0,	PRINTNET=1,	PRINTLAMBDA=1,	ANCESTDIST=0,	NUMBOXES=1000,	ANCESTPINT=0.90000,	GENSBACK=2,	MIGRPRIOR=0.01000,	PRINTQHAT=0,	PRINTQSUM=1,	ALPHA=1.0000,	FREQSCORR=1,	FPRIORMEAN=0.0100,	FPRIORSD=0.0500,	ONEFST=0,	LAMBDA=1.0000,	UNIFPRIORALPHA=1,	ALPHAMAX=10.0000,	ALPHAPRIORA=1.0000,	ALPHAPRIORB=2.0000,	ALPHAPROPSD=0.0250,	STARTATPOPINFO=0,	RANDOMIZE=0,	LINKAGE=0,	METROFREQ=10,	REPORTHITRATE=0,	MARKOVPHASE=0,	PHASED=1,	PLOIDY=2,	PHASEINFO=0	LOCPRIOR=0, 	LOCPRIORINIT=1.000000, 	LOCDATA=0, 	LOCISPOP=1, 	LOCPRIORSTEP=0.100000, 	MAXLOCPRIOR=20.000000, 	SEED=600879,	
[STRAT parameters]:    NUMSIMSTATS=1000,	PHENOTYPECOL=-9,	POOLFREQ=10,	LOCUSxONLY=0,	EMERROR=0.00100,	MISSINGPHENO=-9,	