

----------------------------------------------------
STRUCTURE by Pritchard, Stephens and Donnelly (2000)
     and Falush, Stephens and Pritchard (2003)
       Code by Pritchard, Falush and Hubisz
             Version 2.3.4 (Jul 2012)
----------------------------------------------------



Command line arguments:   structure -D 739194 -K 6 -m mainparams -o k6/temp1_k6_run1 
Input File:    temp1.str

Run parameters:
   395 individuals
   47 loci
   6 populations assumed
   500000 Burn-in period
   750000 Reps
RANDOMIZE turned off


--------------------------------------------
Proportion of membership of each pre-defined
 population in each of the 6 clusters

Given    Inferred Clusters                            Number of
 Pop       1      2      3      4      5      6      Individuals

  1:     0.004  0.004  0.007  0.006  0.975  0.004       62
  2:     0.015  0.963  0.003  0.006  0.004  0.010       79
  3:     0.013  0.927  0.003  0.015  0.003  0.039       12
  4:     0.007  0.972  0.004  0.006  0.003  0.009       33
  5:     0.025  0.010  0.004  0.008  0.014  0.939       81
  6:     0.016  0.945  0.013  0.007  0.005  0.014        7
  7:     0.037  0.016  0.003  0.934  0.004  0.006       19
  8:     0.005  0.003  0.974  0.009  0.005  0.004       10
  9:     0.892  0.021  0.032  0.009  0.015  0.032       10
 10:     0.760  0.062  0.020  0.042  0.035  0.081       23
 11:     0.817  0.027  0.013  0.025  0.011  0.107       11
 12:     0.879  0.081  0.005  0.007  0.011  0.017       18
 13:     0.634  0.088  0.032  0.018  0.127  0.101       25
 14:     0.940  0.032  0.002  0.014  0.003  0.009        5
--------------------------------------------

Allele-freq. divergence among pops (Net nucleotide distance),
computed using point estimates of P.

      1       2       3       4       5       6      
 1      -    0.0246  0.1075  0.0533  0.0763  0.0193  
 2   0.0246     -    0.1322  0.0687  0.1154  0.0376  
 3   0.1075  0.1322     -    0.1210  0.1039  0.1120  
 4   0.0533  0.0687  0.1210     -    0.1072  0.0622  
 5   0.0763  0.1154  0.1039  0.1072     -    0.0867  
 6   0.0193  0.0376  0.1120  0.0622  0.0867     -    

Average distances (expected heterozygosity) between individuals in same cluster:
cluster  1  : 0.6284 
cluster  2  : 0.5675 
cluster  3  : 0.5518 
cluster  4  : 0.5577 
cluster  5  : 0.6415 
cluster  6  : 0.6018 

--------------------------------------------
Estimated Ln Prob of Data   = -42895.9
Mean value of ln likelihood = -42461.2
Variance of ln likelihood   = 869.3
Mean value of alpha         = 0.0315

Mean value of Fst_1         = 0.0297
Mean value of Fst_2         = 0.1235
Mean value of Fst_3         = 0.2858
Mean value of Fst_4         = 0.1907
Mean value of Fst_5         = 0.1597
Mean value of Fst_6         = 0.0994


Inferred ancestry of individuals:
        Label (%Miss) Pop:  Inferred clusters
  1      187    (0)    1 :  0.002 0.002 0.002 0.002 0.991 0.002 
  2      188    (0)    1 :  0.004 0.003 0.002 0.003 0.984 0.004 
  3      189    (0)    1 :  0.002 0.002 0.002 0.001 0.991 0.002 
  4      190    (0)    1 :  0.003 0.001 0.001 0.002 0.991 0.002 
  5      191    (0)    1 :  0.001 0.001 0.004 0.001 0.991 0.001 
  6      247    (0)    1 :  0.002 0.002 0.003 0.002 0.989 0.002 
  7      281    (0)    1 :  0.002 0.001 0.003 0.003 0.991 0.001 
  8      282    (0)    1 :  0.003 0.004 0.001 0.002 0.988 0.002 
  9      283    (0)    1 :  0.002 0.002 0.002 0.002 0.990 0.003 
 10      284    (0)    1 :  0.001 0.001 0.001 0.001 0.994 0.001 
 11      285    (0)    1 :  0.005 0.003 0.003 0.003 0.984 0.003 
 12      286    (0)    1 :  0.002 0.002 0.002 0.002 0.989 0.003 
 13      288    (0)    1 :  0.008 0.008 0.002 0.015 0.958 0.009 
 14      289    (0)    1 :  0.002 0.001 0.010 0.001 0.984 0.002 
 15      292    (0)    1 :  0.005 0.002 0.004 0.019 0.968 0.002 
 16      293    (0)    1 :  0.003 0.003 0.005 0.005 0.980 0.004 
 17      294    (0)    1 :  0.003 0.002 0.003 0.003 0.987 0.002 
 18      297    (0)    1 :  0.003 0.003 0.003 0.005 0.984 0.003 
 19      298    (0)    1 :  0.013 0.012 0.002 0.018 0.946 0.009 
 20      299    (0)    1 :  0.005 0.004 0.002 0.002 0.983 0.004 
 21      300    (0)    1 :  0.003 0.006 0.005 0.003 0.980 0.003 
 22      301    (0)    1 :  0.004 0.023 0.004 0.004 0.958 0.008 
 23      302    (0)    1 :  0.003 0.002 0.022 0.004 0.966 0.003 
 24      303    (0)    1 :  0.004 0.005 0.003 0.004 0.977 0.007 
 25      304    (0)    1 :  0.002 0.002 0.002 0.002 0.990 0.002 
 26      305    (0)    1 :  0.011 0.024 0.003 0.006 0.952 0.004 
 27      306    (0)    1 :  0.005 0.002 0.003 0.004 0.984 0.002 
 28      308    (0)    1 :  0.002 0.002 0.020 0.006 0.967 0.002 
 29      309    (0)    1 :  0.021 0.010 0.002 0.004 0.948 0.015 
 30      310    (0)    1 :  0.002 0.002 0.002 0.002 0.990 0.003 
 31      311    (0)    1 :  0.002 0.003 0.002 0.003 0.988 0.002 
 32      312    (0)    1 :  0.002 0.002 0.003 0.001 0.987 0.005 
 33      313    (0)    1 :  0.004 0.002 0.009 0.003 0.979 0.004 
 34      314    (0)    1 :  0.004 0.003 0.002 0.007 0.983 0.002 
 35      315    (0)    1 :  0.003 0.004 0.001 0.002 0.986 0.004 
 36      316    (0)    1 :  0.001 0.001 0.002 0.001 0.994 0.001 
 37      317    (0)    1 :  0.003 0.003 0.009 0.002 0.976 0.007 
 38      344    (0)    1 :  0.003 0.002 0.001 0.001 0.991 0.002 
 39      352    (0)    1 :  0.003 0.002 0.063 0.003 0.926 0.002 
 40      353    (0)    1 :  0.003 0.002 0.007 0.004 0.981 0.003 
 41      649    (0)    1 :  0.002 0.002 0.002 0.002 0.990 0.002 
 42      650    (0)    1 :  0.002 0.001 0.001 0.002 0.992 0.002 
 43      651    (0)    1 :  0.006 0.002 0.003 0.002 0.982 0.004 
 44      652    (0)    1 :  0.002 0.001 0.003 0.003 0.989 0.002 
 45      653    (0)    1 :  0.005 0.003 0.004 0.010 0.968 0.009 
 46      654    (0)    1 :  0.003 0.002 0.002 0.005 0.982 0.006 
 47      655    (0)    1 :  0.002 0.001 0.016 0.001 0.978 0.002 
 48      656    (0)    1 :  0.003 0.002 0.096 0.003 0.895 0.002 
 49      657    (0)    1 :  0.007 0.004 0.018 0.004 0.959 0.008 
 50      658    (0)    1 :  0.004 0.003 0.003 0.010 0.971 0.009 
 51      659    (0)    1 :  0.012 0.006 0.015 0.011 0.952 0.005 
 52      660    (0)    1 :  0.005 0.005 0.002 0.002 0.979 0.007 
 53      661    (0)    1 :  0.002 0.002 0.007 0.001 0.986 0.002 
 54      662    (0)    1 :  0.004 0.006 0.002 0.002 0.983 0.002 
 55      663    (0)    1 :  0.004 0.003 0.003 0.008 0.979 0.002 
 56      664    (0)    1 :  0.023 0.009 0.004 0.021 0.932 0.012 
 57      665    (0)    1 :  0.002 0.003 0.002 0.002 0.987 0.005 
 58      666    (0)    1 :  0.003 0.002 0.016 0.007 0.969 0.004 
 59      667    (0)    1 :  0.008 0.007 0.003 0.063 0.916 0.002 
 60      668    (0)    1 :  0.005 0.004 0.002 0.008 0.978 0.003 
 61      669    (0)    1 :  0.011 0.008 0.004 0.020 0.948 0.010 
 62      670    (0)    1 :  0.002 0.001 0.003 0.005 0.986 0.002 
 63      797    (0)   10 :  0.868 0.095 0.002 0.017 0.003 0.016 
 64      798    (0)   10 :  0.980 0.010 0.001 0.003 0.002 0.004 
 65      799    (0)   10 :  0.865 0.003 0.006 0.101 0.013 0.012 
 66      800    (0)   10 :  0.910 0.013 0.005 0.003 0.004 0.066 
 67      823    (0)   10 :  0.113 0.040 0.019 0.548 0.260 0.018 
 68      824    (0)   10 :  0.973 0.006 0.009 0.004 0.002 0.006 
 69      825    (0)   10 :  0.946 0.005 0.005 0.017 0.008 0.020 
 70      826    (0)   10 :  0.144 0.055 0.028 0.005 0.011 0.757 
 71      827    (0)   10 :  0.630 0.308 0.002 0.005 0.034 0.021 
 72      836    (0)   10 :  0.967 0.015 0.001 0.003 0.001 0.013 
 73      837    (0)   10 :  0.572 0.031 0.131 0.005 0.045 0.215 
 74      838    (0)   10 :  0.711 0.013 0.002 0.003 0.002 0.269 
 75      839    (0)   10 :  0.821 0.117 0.004 0.023 0.002 0.033 
 76      840    (0)   10 :  0.945 0.002 0.001 0.008 0.034 0.010 
 77      841    (0)   10 :  0.933 0.041 0.002 0.007 0.006 0.011 
 78      842    (0)   10 :  0.936 0.026 0.002 0.006 0.015 0.016 
 79      843    (0)   10 :  0.936 0.008 0.002 0.004 0.017 0.033 
 80      845    (0)   10 :  0.943 0.042 0.002 0.004 0.002 0.007 
 81      846    (0)   10 :  0.939 0.024 0.007 0.009 0.005 0.016 
 82      847    (2)   10 :  0.391 0.007 0.158 0.166 0.209 0.069 
 83      848    (0)   10 :  0.684 0.012 0.011 0.008 0.130 0.155 
 84      849    (0)   10 :  0.620 0.248 0.050 0.005 0.003 0.075 
 85      855    (0)   10 :  0.644 0.317 0.008 0.002 0.006 0.022 
 86      793    (0)   11 :  0.692 0.013 0.008 0.003 0.013 0.272 
 87      794    (0)   11 :  0.914 0.056 0.010 0.003 0.008 0.010 
 88      828    (0)   11 :  0.948 0.004 0.005 0.003 0.003 0.037 
 89      829    (4)   11 :  0.698 0.136 0.002 0.004 0.025 0.135 
 90      830    (0)   11 :  0.932 0.012 0.004 0.013 0.006 0.033 
 91      831    (2)   11 :  0.920 0.011 0.025 0.011 0.023 0.010 
 92      832    (0)   11 :  0.943 0.016 0.003 0.003 0.003 0.032 
 93      833    (2)   11 :  0.902 0.008 0.009 0.003 0.005 0.073 
 94      835    (0)   11 :  0.199 0.026 0.074 0.222 0.018 0.461 
 95      870    (0)   11 :  0.880 0.007 0.002 0.006 0.006 0.099 
 96      871    (0)   11 :  0.962 0.011 0.002 0.003 0.011 0.012 
 97      451    (0)   12 :  0.909 0.062 0.008 0.003 0.010 0.008 
 98      452    (4)   12 :  0.953 0.030 0.002 0.006 0.002 0.008 
 99      453    (4)   12 :  0.973 0.007 0.002 0.008 0.004 0.006 
100      454    (2)   12 :  0.884 0.020 0.012 0.011 0.025 0.047 
101      455    (4)   12 :  0.939 0.018 0.002 0.018 0.004 0.020 
102      795    (0)   12 :  0.945 0.016 0.001 0.004 0.001 0.032 
103      796    (0)   12 :  0.968 0.010 0.002 0.002 0.014 0.003 
104      802    (0)   12 :  0.916 0.071 0.001 0.003 0.004 0.006 
105      804    (0)   12 :  0.920 0.043 0.001 0.006 0.002 0.028 
106      805    (0)   12 :  0.491 0.368 0.002 0.015 0.104 0.019 
107      851    (0)   12 :  0.954 0.004 0.008 0.006 0.001 0.026 
108      852    (0)   12 :  0.956 0.020 0.002 0.005 0.001 0.016 
109      854    (0)   12 :  0.965 0.005 0.002 0.008 0.004 0.016 
110      858    (0)   12 :  0.848 0.133 0.002 0.006 0.002 0.009 
111      859    (0)   12 :  0.422 0.528 0.002 0.011 0.002 0.035 
112      860    (0)   12 :  0.891 0.049 0.044 0.005 0.005 0.006 
113      862    (0)   12 :  0.927 0.051 0.002 0.008 0.002 0.011 
114      863    (0)   12 :  0.957 0.029 0.001 0.004 0.002 0.007 
115      450    (0)   13 :  0.893 0.047 0.004 0.034 0.010 0.013 
116      791    (0)   13 :  0.921 0.012 0.003 0.006 0.043 0.015 
117      792    (0)   13 :  0.595 0.009 0.180 0.016 0.180 0.019 
118      803    (0)   13 :  0.248 0.003 0.277 0.014 0.103 0.354 
119      806    (0)   13 :  0.078 0.006 0.002 0.008 0.396 0.510 
120      807    (0)   13 :  0.958 0.005 0.002 0.009 0.019 0.008 
121      808    (0)   13 :  0.959 0.012 0.003 0.002 0.007 0.017 
122      809    (0)   13 :  0.096 0.012 0.030 0.009 0.140 0.712 
123      810    (0)   13 :  0.433 0.158 0.056 0.086 0.218 0.050 
124      811    (0)   13 :  0.614 0.014 0.004 0.007 0.342 0.018 
125      812    (0)   13 :  0.852 0.008 0.003 0.015 0.015 0.107 
126      813    (0)   13 :  0.784 0.042 0.003 0.003 0.138 0.031 
127      814    (0)   13 :  0.941 0.017 0.005 0.006 0.023 0.008 
128      834    (0)   13 :  0.899 0.041 0.004 0.002 0.048 0.007 
129      844    (0)   13 :  0.190 0.791 0.003 0.004 0.003 0.009 
130      850    (0)   13 :  0.599 0.003 0.006 0.011 0.355 0.026 
131      856    (0)   13 :  0.644 0.003 0.003 0.011 0.333 0.006 
132      857    (0)   13 :  0.516 0.016 0.010 0.027 0.374 0.056 
133      861    (0)   13 :  0.927 0.023 0.003 0.012 0.004 0.030 
134      864    (0)   13 :  0.911 0.029 0.012 0.034 0.009 0.006 
135      865    (0)   13 :  0.239 0.693 0.018 0.014 0.010 0.025 
136      866    (0)   13 :  0.885 0.005 0.007 0.002 0.032 0.069 
137      867    (0)   13 :  0.291 0.152 0.035 0.100 0.043 0.379 
138      868    (0)   13 :  0.879 0.013 0.037 0.005 0.053 0.013 
139      869    (0)   13 :  0.492 0.082 0.085 0.007 0.290 0.045 
140      004    (0)   14 :  0.936 0.030 0.002 0.021 0.003 0.008 
141      008    (0)   14 :  0.883 0.069 0.002 0.020 0.004 0.023 
142      013    (0)   14 :  0.933 0.042 0.005 0.010 0.004 0.008 
143      109    (0)   14 :  0.963 0.015 0.002 0.013 0.003 0.003 
144      348    (0)   14 :  0.983 0.004 0.001 0.005 0.003 0.005 
145      014    (0)    2 :  0.010 0.961 0.003 0.009 0.012 0.005 
146      015    (0)    2 :  0.006 0.976 0.001 0.003 0.004 0.009 
147      016    (0)    2 :  0.005 0.979 0.002 0.002 0.002 0.009 
148      017    (0)    2 :  0.011 0.970 0.002 0.006 0.002 0.010 
149      018    (0)    2 :  0.006 0.965 0.004 0.004 0.003 0.019 
150      023    (0)    2 :  0.009 0.965 0.004 0.004 0.003 0.015 
151      025    (0)    2 :  0.010 0.978 0.002 0.004 0.002 0.004 
152      026    (0)    2 :  0.003 0.989 0.001 0.002 0.001 0.003 
153      027    (0)    2 :  0.068 0.912 0.003 0.002 0.004 0.011 
154      028    (0)    2 :  0.005 0.968 0.003 0.003 0.002 0.020 
155      029    (0)    2 :  0.009 0.979 0.001 0.003 0.002 0.006 
156      030    (0)    2 :  0.011 0.965 0.002 0.007 0.004 0.011 
157      031    (0)    2 :  0.006 0.961 0.002 0.003 0.010 0.018 
158      032    (0)    2 :  0.006 0.968 0.005 0.010 0.001 0.010 
159      035    (0)    2 :  0.003 0.989 0.001 0.002 0.001 0.003 
160      037    (0)    2 :  0.005 0.980 0.002 0.003 0.001 0.009 
161      038    (0)    2 :  0.005 0.948 0.003 0.028 0.002 0.013 
162      039    (0)    2 :  0.002 0.989 0.002 0.002 0.001 0.004 
163      040    (0)    2 :  0.015 0.938 0.002 0.002 0.027 0.016 
164      041    (0)    2 :  0.005 0.981 0.002 0.002 0.003 0.008 
165      043    (0)    2 :  0.003 0.991 0.001 0.002 0.001 0.003 
166      045    (0)    2 :  0.006 0.980 0.003 0.003 0.001 0.007 
167      046    (0)    2 :  0.015 0.963 0.002 0.002 0.004 0.013 
168      047    (0)    2 :  0.006 0.981 0.001 0.003 0.002 0.007 
169      050    (0)    2 :  0.002 0.992 0.001 0.002 0.001 0.002 
170      052    (0)    2 :  0.003 0.989 0.001 0.002 0.001 0.003 
171      053    (0)    2 :  0.004 0.989 0.001 0.001 0.002 0.002 
172      054    (0)    2 :  0.018 0.938 0.011 0.003 0.005 0.025 
173      055    (0)    2 :  0.004 0.984 0.002 0.003 0.002 0.005 
174      056    (0)    2 :  0.007 0.981 0.002 0.002 0.002 0.005 
175      057    (0)    2 :  0.024 0.935 0.003 0.006 0.027 0.005 
176      058    (0)    2 :  0.018 0.919 0.003 0.041 0.003 0.017 
177      059    (0)    2 :  0.012 0.941 0.003 0.006 0.003 0.035 
178      060    (0)    2 :  0.005 0.982 0.001 0.003 0.002 0.007 
179      350    (0)    2 :  0.004 0.980 0.007 0.004 0.002 0.003 
180      351    (0)    2 :  0.008 0.978 0.001 0.002 0.001 0.009 
181      354    (0)    2 :  0.004 0.980 0.001 0.005 0.002 0.008 
182      374    (0)    2 :  0.087 0.887 0.002 0.011 0.003 0.010 
183      378    (0)    2 :  0.019 0.967 0.001 0.003 0.002 0.008 
184      381    (0)    2 :  0.004 0.984 0.002 0.002 0.001 0.007 
185      382    (0)    2 :  0.005 0.971 0.004 0.007 0.002 0.010 
186      384    (0)    2 :  0.004 0.980 0.001 0.002 0.007 0.005 
187      555    (0)    2 :  0.006 0.968 0.006 0.009 0.005 0.006 
188      671    (0)    2 :  0.163 0.746 0.008 0.056 0.003 0.024 
189      672    (0)    2 :  0.011 0.961 0.002 0.009 0.005 0.011 
190      705    (0)    2 :  0.004 0.975 0.001 0.015 0.001 0.003 
191      706    (0)    2 :  0.004 0.987 0.001 0.002 0.001 0.005 
192      707    (0)    2 :  0.004 0.983 0.003 0.004 0.002 0.004 
193      708    (0)    2 :  0.011 0.920 0.031 0.004 0.024 0.010 
194      758    (0)    2 :  0.015 0.966 0.004 0.004 0.001 0.010 
195      759    (0)    2 :  0.008 0.968 0.001 0.007 0.002 0.014 
196      760    (0)    2 :  0.009 0.977 0.002 0.002 0.001 0.009 
197      761    (0)    2 :  0.004 0.973 0.002 0.004 0.003 0.014 
198      762    (0)    2 :  0.006 0.976 0.002 0.006 0.002 0.008 
199      763    (0)    2 :  0.006 0.982 0.001 0.004 0.002 0.005 
200      764    (0)    2 :  0.003 0.987 0.003 0.003 0.001 0.003 
201      765    (0)    2 :  0.009 0.974 0.002 0.003 0.003 0.008 
202      766    (0)    2 :  0.002 0.993 0.001 0.002 0.001 0.002 
203      767    (0)    2 :  0.005 0.961 0.005 0.021 0.002 0.006 
204      768    (0)    2 :  0.003 0.987 0.002 0.002 0.002 0.004 
205      769    (0)    2 :  0.009 0.976 0.001 0.002 0.002 0.010 
206      770    (0)    2 :  0.022 0.934 0.004 0.002 0.003 0.036 
207      771    (0)    2 :  0.008 0.973 0.003 0.004 0.002 0.010 
208      772    (0)    2 :  0.316 0.651 0.001 0.004 0.001 0.026 
209      773    (0)    2 :  0.004 0.969 0.002 0.014 0.004 0.007 
210      774    (0)    2 :  0.014 0.936 0.003 0.003 0.003 0.041 
211      775    (0)    2 :  0.004 0.988 0.001 0.003 0.001 0.003 
212      776    (0)    2 :  0.004 0.983 0.002 0.003 0.002 0.006 
213      777    (0)    2 :  0.003 0.987 0.002 0.003 0.002 0.002 
214      778    (0)    2 :  0.004 0.984 0.002 0.006 0.001 0.003 
215      779    (0)    2 :  0.004 0.978 0.006 0.004 0.003 0.006 
216      780    (0)    2 :  0.006 0.986 0.002 0.002 0.002 0.002 
217      781    (0)    2 :  0.009 0.979 0.001 0.004 0.003 0.005 
218      782    (0)    2 :  0.005 0.982 0.001 0.005 0.002 0.004 
219      783    (0)    2 :  0.004 0.985 0.002 0.003 0.001 0.006 
220      784    (0)    2 :  0.041 0.934 0.003 0.008 0.009 0.004 
221      785    (0)    2 :  0.003 0.983 0.001 0.006 0.005 0.002 
222      786    (0)    2 :  0.003 0.987 0.001 0.003 0.002 0.004 
223      787    (0)    2 :  0.006 0.939 0.002 0.004 0.006 0.043 
224      115    (0)    3 :  0.004 0.986 0.001 0.002 0.002 0.005 
225      116    (0)    3 :  0.007 0.955 0.003 0.004 0.002 0.029 
226      117    (0)    3 :  0.023 0.951 0.002 0.004 0.002 0.017 
227      118    (0)    3 :  0.023 0.835 0.003 0.121 0.003 0.016 
228      119    (0)    3 :  0.011 0.876 0.007 0.006 0.002 0.098 
229      389    (0)    3 :  0.003 0.989 0.001 0.001 0.003 0.003 
230      548    (0)    3 :  0.008 0.953 0.006 0.011 0.004 0.018 
231      549    (0)    3 :  0.007 0.974 0.002 0.002 0.002 0.014 
232      550    (0)    3 :  0.025 0.724 0.004 0.012 0.007 0.228 
233      551    (0)    3 :  0.005 0.972 0.003 0.003 0.004 0.013 
234      552    (0)    3 :  0.031 0.938 0.003 0.003 0.001 0.024 
235      553    (0)    3 :  0.007 0.973 0.003 0.006 0.001 0.011 
236      009    (0)    4 :  0.003 0.988 0.003 0.002 0.002 0.003 
237      042    (0)    4 :  0.015 0.956 0.001 0.009 0.005 0.013 
238      044    (0)    4 :  0.017 0.946 0.003 0.003 0.009 0.023 
239      086    (0)    4 :  0.003 0.988 0.002 0.002 0.001 0.005 
240      087    (0)    4 :  0.009 0.978 0.002 0.003 0.002 0.005 
241      093    (0)    4 :  0.003 0.989 0.002 0.002 0.002 0.002 
242      095    (0)    4 :  0.016 0.916 0.005 0.017 0.003 0.044 
243      096    (0)    4 :  0.009 0.934 0.005 0.041 0.003 0.008 
244      097    (0)    4 :  0.003 0.987 0.002 0.003 0.001 0.004 
245      101    (0)    4 :  0.003 0.987 0.002 0.002 0.001 0.005 
246      183    (0)    4 :  0.004 0.985 0.002 0.004 0.002 0.003 
247      200    (0)    4 :  0.006 0.980 0.007 0.003 0.003 0.002 
248      210    (0)    4 :  0.005 0.984 0.004 0.002 0.002 0.004 
249      219    (0)    4 :  0.010 0.969 0.007 0.005 0.003 0.006 
250      230    (0)    4 :  0.003 0.987 0.002 0.003 0.001 0.004 
251      241    (0)    4 :  0.020 0.945 0.003 0.013 0.004 0.015 
252      307    (0)    4 :  0.006 0.978 0.002 0.003 0.002 0.008 
253      318    (0)    4 :  0.009 0.972 0.002 0.002 0.004 0.011 
254      323    (0)    4 :  0.006 0.984 0.002 0.003 0.002 0.004 
255      324    (0)    4 :  0.004 0.987 0.002 0.002 0.002 0.003 
256      325    (0)    4 :  0.003 0.975 0.002 0.003 0.013 0.003 
257      326    (0)    4 :  0.006 0.952 0.001 0.004 0.002 0.036 
258      338    (0)    4 :  0.006 0.984 0.002 0.003 0.001 0.004 
259      343    (0)    4 :  0.005 0.973 0.012 0.004 0.001 0.005 
260      379    (0)    4 :  0.007 0.984 0.001 0.003 0.002 0.003 
261      383    (0)    4 :  0.003 0.988 0.002 0.002 0.002 0.003 
262      385    (0)    4 :  0.008 0.982 0.001 0.005 0.001 0.003 
263      386    (0)    4 :  0.008 0.980 0.002 0.007 0.001 0.003 
264      387    (0)    4 :  0.003 0.950 0.031 0.010 0.002 0.003 
265      554    (0)    4 :  0.003 0.985 0.001 0.006 0.001 0.004 
266      877    (0)    4 :  0.003 0.987 0.002 0.002 0.002 0.005 
267      878    (0)    4 :  0.006 0.965 0.004 0.002 0.001 0.022 
268      880    (0)    4 :  0.013 0.934 0.001 0.011 0.002 0.039 
269      122    (0)    5 :  0.281 0.027 0.001 0.011 0.004 0.675 
270      123    (0)    5 :  0.006 0.002 0.005 0.003 0.025 0.959 
271      124    (0)    5 :  0.005 0.009 0.009 0.013 0.002 0.962 
272      125    (0)    5 :  0.004 0.003 0.002 0.002 0.001 0.989 
273      126    (0)    5 :  0.039 0.013 0.001 0.002 0.001 0.944 
274      128    (0)    5 :  0.016 0.003 0.003 0.013 0.003 0.961 
275      129    (0)    5 :  0.024 0.016 0.002 0.076 0.005 0.878 
276      130    (0)    5 :  0.008 0.015 0.001 0.004 0.001 0.970 
277      131    (0)    5 :  0.005 0.004 0.002 0.002 0.002 0.985 
278      132    (0)    5 :  0.004 0.015 0.005 0.008 0.001 0.967 
279      133    (0)    5 :  0.244 0.048 0.001 0.096 0.001 0.609 
280      134    (0)    5 :  0.012 0.005 0.011 0.006 0.006 0.959 
281      135    (0)    5 :  0.024 0.006 0.002 0.004 0.030 0.935 
282      136    (0)    5 :  0.010 0.003 0.005 0.006 0.030 0.945 
283      139    (0)    5 :  0.012 0.007 0.003 0.013 0.003 0.962 
284      140    (0)    5 :  0.014 0.011 0.002 0.020 0.009 0.944 
285      141    (0)    5 :  0.013 0.008 0.004 0.004 0.003 0.967 
286      142    (0)    5 :  0.004 0.016 0.002 0.004 0.002 0.973 
287      143    (0)    5 :  0.006 0.026 0.006 0.013 0.003 0.946 
288      144    (0)    5 :  0.014 0.007 0.002 0.006 0.001 0.969 
289      145    (0)    5 :  0.010 0.004 0.030 0.004 0.003 0.949 
290      148    (0)    5 :  0.062 0.010 0.003 0.003 0.011 0.912 
291      556    (0)    5 :  0.009 0.010 0.002 0.005 0.003 0.972 
292      557    (0)    5 :  0.005 0.005 0.014 0.002 0.005 0.969 
293      558    (0)    5 :  0.007 0.003 0.006 0.005 0.002 0.977 
294      559    (0)    5 :  0.015 0.007 0.001 0.008 0.002 0.968 
295      560    (0)    5 :  0.013 0.010 0.002 0.002 0.003 0.970 
296      561    (0)    5 :  0.003 0.006 0.001 0.003 0.001 0.987 
297      562    (0)    5 :  0.018 0.005 0.004 0.005 0.004 0.964 
298      563    (0)    5 :  0.042 0.004 0.005 0.009 0.065 0.874 
299      564    (0)    5 :  0.101 0.074 0.002 0.016 0.002 0.805 
300      565    (0)    5 :  0.003 0.003 0.001 0.003 0.003 0.987 
301      566    (0)    5 :  0.022 0.010 0.002 0.002 0.003 0.962 
302      567    (0)    5 :  0.009 0.003 0.003 0.004 0.012 0.969 
303      568    (0)    5 :  0.011 0.005 0.002 0.014 0.003 0.966 
304      569    (0)    5 :  0.005 0.004 0.008 0.003 0.002 0.979 
305      570    (0)    5 :  0.004 0.008 0.001 0.002 0.001 0.984 
306      613    (0)    5 :  0.004 0.004 0.002 0.004 0.002 0.985 
307      614    (0)    5 :  0.011 0.003 0.001 0.002 0.014 0.967 
308      615    (0)    5 :  0.014 0.034 0.004 0.003 0.005 0.940 
309      616    (0)    5 :  0.008 0.009 0.001 0.033 0.002 0.947 
310      617    (0)    5 :  0.013 0.018 0.003 0.004 0.007 0.956 
311      618    (0)    5 :  0.018 0.015 0.003 0.015 0.002 0.947 
312      619    (0)    5 :  0.255 0.003 0.011 0.004 0.715 0.012 
313      620    (0)    5 :  0.009 0.007 0.003 0.003 0.001 0.977 
314      621    (0)    5 :  0.009 0.015 0.001 0.003 0.001 0.971 
315      622    (0)    5 :  0.003 0.005 0.003 0.004 0.001 0.984 
316      623    (0)    5 :  0.004 0.004 0.002 0.002 0.002 0.986 
317      624    (0)    5 :  0.014 0.012 0.002 0.005 0.002 0.963 
318      625    (0)    5 :  0.034 0.017 0.002 0.003 0.003 0.942 
319      626    (0)    5 :  0.005 0.005 0.003 0.006 0.002 0.979 
320      627    (0)    5 :  0.021 0.015 0.003 0.010 0.017 0.934 
321      628    (0)    5 :  0.006 0.004 0.004 0.004 0.002 0.980 
322      629    (0)    5 :  0.009 0.004 0.002 0.010 0.003 0.972 
323      630    (0)    5 :  0.004 0.003 0.004 0.002 0.021 0.966 
324      631    (0)    5 :  0.003 0.003 0.004 0.022 0.002 0.966 
325      632    (0)    5 :  0.020 0.022 0.005 0.014 0.004 0.934 
326      633    (0)    5 :  0.062 0.013 0.006 0.013 0.006 0.900 
327      634    (0)    5 :  0.010 0.004 0.012 0.006 0.005 0.963 
328      635    (0)    5 :  0.005 0.003 0.003 0.003 0.002 0.984 
329      636    (0)    5 :  0.004 0.007 0.003 0.003 0.002 0.981 
330      637    (0)    5 :  0.170 0.022 0.001 0.013 0.006 0.788 
331      638    (0)    5 :  0.018 0.012 0.002 0.013 0.009 0.947 
332      639    (0)    5 :  0.050 0.018 0.002 0.010 0.007 0.913 
333      640    (0)    5 :  0.006 0.013 0.001 0.004 0.001 0.975 
334      689    (0)    5 :  0.006 0.005 0.001 0.003 0.003 0.981 
335      690    (0)    5 :  0.009 0.008 0.015 0.005 0.002 0.961 
336      691    (0)    5 :  0.008 0.016 0.001 0.001 0.002 0.971 
337      692    (0)    5 :  0.025 0.003 0.006 0.005 0.006 0.955 
338      693    (0)    5 :  0.005 0.003 0.002 0.003 0.002 0.986 
339      694    (0)    5 :  0.003 0.002 0.003 0.006 0.003 0.983 
340      695    (0)    5 :  0.003 0.007 0.001 0.003 0.001 0.985 
341      696    (0)    5 :  0.003 0.004 0.002 0.002 0.002 0.987 
342      697    (0)    5 :  0.003 0.005 0.002 0.006 0.001 0.982 
343      698    (0)    5 :  0.024 0.004 0.003 0.002 0.003 0.964 
344      699    (0)    5 :  0.003 0.004 0.001 0.003 0.001 0.988 
345      700    (0)    5 :  0.005 0.011 0.004 0.005 0.002 0.973 
346      701    (2)    5 :  0.014 0.006 0.003 0.004 0.003 0.969 
347      702    (0)    5 :  0.011 0.021 0.005 0.002 0.004 0.957 
348      703    (0)    5 :  0.007 0.004 0.003 0.002 0.003 0.982 
349      704    (0)    5 :  0.008 0.006 0.001 0.009 0.007 0.969 
350      390    (0)    6 :  0.003 0.978 0.012 0.003 0.001 0.003 
351      391    (0)    6 :  0.006 0.971 0.008 0.004 0.003 0.008 
352      392    (0)    6 :  0.061 0.780 0.061 0.033 0.004 0.061 
353      393    (0)    6 :  0.007 0.981 0.003 0.002 0.003 0.004 
354      394    (0)    6 :  0.021 0.947 0.004 0.004 0.018 0.007 
355      647    (0)    6 :  0.010 0.970 0.003 0.003 0.004 0.011 
356      648    (0)    6 :  0.005 0.984 0.002 0.003 0.001 0.006 
357      007    (0)    7 :  0.004 0.005 0.005 0.975 0.005 0.007 
358      012    (0)    7 :  0.008 0.008 0.004 0.961 0.007 0.012 
359      020    (0)    7 :  0.272 0.074 0.002 0.630 0.016 0.007 
360      021    (0)    7 :  0.002 0.002 0.001 0.991 0.001 0.002 
361      022    (0)    7 :  0.040 0.006 0.017 0.928 0.003 0.006 
362      034    (0)    7 :  0.005 0.008 0.004 0.971 0.002 0.010 
363      049    (0)    7 :  0.002 0.002 0.002 0.990 0.002 0.002 
364      062    (0)    7 :  0.002 0.001 0.001 0.993 0.001 0.001 
365      089    (0)    7 :  0.002 0.002 0.001 0.992 0.001 0.002 
366      092    (0)    7 :  0.001 0.002 0.001 0.993 0.001 0.002 
367      100    (0)    7 :  0.003 0.006 0.002 0.983 0.002 0.005 
368      105    (0)    7 :  0.005 0.007 0.001 0.979 0.005 0.003 
369      205    (0)    7 :  0.012 0.004 0.004 0.965 0.009 0.006 
370      206    (0)    7 :  0.126 0.147 0.002 0.696 0.003 0.026 
371      207    (0)    7 :  0.007 0.007 0.002 0.975 0.004 0.005 
372      208    (0)    7 :  0.021 0.015 0.002 0.952 0.003 0.007 
373      209    (0)    7 :  0.180 0.004 0.002 0.799 0.010 0.004 
374      377    (0)    7 :  0.003 0.003 0.002 0.986 0.002 0.005 
375      881    (0)    7 :  0.002 0.003 0.002 0.990 0.001 0.002 
376      003    (0)    8 :  0.005 0.002 0.973 0.014 0.002 0.004 
377      108    (0)    8 :  0.001 0.001 0.992 0.002 0.002 0.002 
378      194    (0)    8 :  0.005 0.010 0.947 0.011 0.022 0.005 
379      232    (0)    8 :  0.003 0.002 0.978 0.003 0.011 0.003 
380      321    (0)    8 :  0.002 0.002 0.987 0.002 0.006 0.002 
381      322    (0)    8 :  0.001 0.001 0.992 0.003 0.001 0.001 
382      329    (0)    8 :  0.001 0.001 0.993 0.001 0.001 0.002 
383      330    (0)    8 :  0.002 0.001 0.991 0.002 0.002 0.002 
384      342    (0)    8 :  0.017 0.006 0.966 0.002 0.004 0.006 
385      347    (0)    8 :  0.009 0.006 0.918 0.054 0.003 0.010 
386      801    (0)    9 :  0.869 0.009 0.005 0.021 0.013 0.083 
387      815    (0)    9 :  0.912 0.003 0.004 0.031 0.014 0.037 
388      816    (0)    9 :  0.809 0.093 0.001 0.007 0.001 0.088 
389      817    (0)    9 :  0.956 0.005 0.018 0.006 0.009 0.006 
390      818    (0)    9 :  0.940 0.011 0.002 0.003 0.003 0.041 
391      819    (0)    9 :  0.953 0.004 0.006 0.004 0.025 0.008 
392      820    (2)    9 :  0.962 0.014 0.001 0.011 0.003 0.009 
393      821    (0)    9 :  0.978 0.008 0.002 0.003 0.004 0.005 
394      822    (0)    9 :  0.684 0.008 0.269 0.004 0.024 0.010 
395      853    (0)    9 :  0.852 0.052 0.012 0.003 0.051 0.029 


Estimated Allele Frequencies in each cluster
First column gives estimated ancestral frequencies


Locus 1 : 1 
4 alleles
0.0% missing data
  91   (0.381) 0.313 0.325 0.554 0.330 0.602 0.516 
  89   (0.468) 0.521 0.572 0.100 0.615 0.366 0.440 
  93   (0.128) 0.151 0.103 0.045 0.052 0.031 0.042 
  99   (0.023) 0.014 0.001 0.301 0.002 0.001 0.001 

Locus 2 : 2 
6 alleles
0.0% missing data
 136   (0.383) 0.341 0.525 0.067 0.520 0.554 0.510 
 138   (0.240) 0.229 0.269 0.888 0.140 0.207 0.116 
 140   (0.072) 0.090 0.064 0.009 0.008 0.067 0.008 
 142   (0.037) 0.016 0.001 0.004 0.004 0.045 0.071 
 134   (0.247) 0.295 0.140 0.028 0.324 0.126 0.294 
 132   (0.021) 0.029 0.001 0.004 0.004 0.001 0.002 

Locus 3 : 3 
6 alleles
0.0% missing data
 179   (0.251) 0.314 0.344 0.029 0.028 0.105 0.478 
 185   (0.083) 0.098 0.002 0.013 0.195 0.175 0.020 
 187   (0.356) 0.324 0.489 0.780 0.474 0.403 0.173 
 175   (0.061) 0.063 0.002 0.006 0.013 0.211 0.030 
 191   (0.061) 0.042 0.044 0.007 0.209 0.023 0.003 
 181   (0.188) 0.159 0.119 0.164 0.081 0.083 0.295 

Locus 4 : 4 
12 alleles
0.0% missing data
 245   (0.021) 0.008 0.001 0.002 0.002 0.096 0.001 
 271   (0.061) 0.057 0.030 0.015 0.006 0.164 0.009 
 241   (0.172) 0.154 0.078 0.070 0.123 0.467 0.176 
 249   (0.048) 0.019 0.111 0.099 0.005 0.076 0.003 
 253   (0.391) 0.423 0.653 0.388 0.411 0.124 0.616 
 247   (0.053) 0.083 0.001 0.006 0.345 0.040 0.003 
 269   (0.182) 0.226 0.117 0.330 0.089 0.028 0.189 
 239   (0.018) 0.004 0.001 0.083 0.013 0.002 0.001 
 265   (0.013) 0.007 0.000 0.001 0.001 0.001 0.001 
 273   (0.015) 0.013 0.000 0.003 0.002 0.001 0.001 
 235   (0.013) 0.002 0.004 0.002 0.001 0.001 0.001 
 267   (0.013) 0.002 0.004 0.001 0.002 0.000 0.001 

Locus 5 : 5 
5 alleles
0.8% missing data
 103   (0.852) 0.922 0.964 0.984 0.891 0.752 0.848 
 105   (0.057) 0.043 0.002 0.007 0.006 0.186 0.130 
 104   (0.048) 0.019 0.031 0.005 0.005 0.038 0.019 
 107   (0.020) 0.004 0.004 0.002 0.002 0.023 0.001 
 102   (0.022) 0.012 0.001 0.002 0.097 0.001 0.001 

Locus 6 : 6 
6 alleles
0.0% missing data
 135   (0.318) 0.240 0.205 0.803 0.492 0.675 0.228 
 147   (0.078) 0.027 0.051 0.008 0.142 0.131 0.055 
 137   (0.023) 0.008 0.001 0.003 0.012 0.092 0.001 
 141   (0.283) 0.285 0.555 0.032 0.144 0.090 0.381 
 145   (0.284) 0.437 0.184 0.153 0.209 0.012 0.334 
 143   (0.013) 0.003 0.004 0.001 0.001 0.001 0.001 

Locus 7 : 7 
10 alleles
0.3% missing data
  89   (0.082) 0.071 0.045 0.009 0.010 0.265 0.039 
  93   (0.233) 0.204 0.366 0.348 0.179 0.252 0.170 
  97   (0.198) 0.197 0.210 0.189 0.292 0.145 0.091 
 101   (0.024) 0.008 0.003 0.005 0.003 0.098 0.002 
 105   (0.026) 0.008 0.001 0.126 0.002 0.117 0.001 
  91   (0.071) 0.018 0.036 0.278 0.139 0.091 0.036 
  99   (0.021) 0.012 0.001 0.003 0.002 0.019 0.001 
  83   (0.048) 0.068 0.001 0.005 0.050 0.002 0.025 
 103   (0.248) 0.377 0.288 0.031 0.318 0.011 0.573 
  85   (0.049) 0.036 0.049 0.007 0.005 0.002 0.063 

Locus 8 : 8 
10 alleles
0.0% missing data
 129   (0.510) 0.640 0.626 0.376 0.592 0.307 0.511 
 143   (0.248) 0.238 0.083 0.359 0.242 0.357 0.382 
 149   (0.064) 0.037 0.138 0.007 0.049 0.299 0.003 
 127   (0.028) 0.006 0.001 0.042 0.034 0.031 0.002 
 141   (0.073) 0.044 0.145 0.008 0.076 0.003 0.093 
 133   (0.017) 0.018 0.001 0.003 0.002 0.001 0.001 
 145   (0.019) 0.009 0.001 0.002 0.002 0.001 0.006 
 131   (0.017) 0.003 0.002 0.164 0.002 0.001 0.001 
 121   (0.013) 0.002 0.004 0.001 0.001 0.001 0.001 
 128   (0.012) 0.002 0.000 0.037 0.001 0.000 0.001 

Locus 9 : 9 
4 alleles
0.0% missing data
 191   (0.384) 0.327 0.588 0.371 0.460 0.343 0.452 
 195   (0.214) 0.188 0.144 0.140 0.044 0.362 0.343 
 189   (0.383) 0.478 0.264 0.486 0.494 0.293 0.203 
 193   (0.019) 0.008 0.004 0.002 0.003 0.002 0.001 

Locus 10 : 10 
7 alleles
0.0% missing data
 232   (0.229) 0.218 0.411 0.182 0.292 0.108 0.155 
 238   (0.490) 0.595 0.442 0.321 0.235 0.666 0.585 
 250   (0.038) 0.037 0.001 0.004 0.004 0.142 0.007 
 254   (0.084) 0.037 0.019 0.475 0.287 0.024 0.065 
 252   (0.125) 0.089 0.122 0.014 0.169 0.058 0.187 
 248   (0.020) 0.022 0.001 0.002 0.013 0.001 0.001 
 240   (0.013) 0.002 0.004 0.001 0.002 0.001 0.001 

Locus 11 : 11 
5 alleles
0.0% missing data
  89   (0.223) 0.201 0.228 0.196 0.273 0.075 0.231 
  91   (0.067) 0.038 0.104 0.007 0.096 0.280 0.004 
  87   (0.677) 0.750 0.668 0.794 0.613 0.569 0.764 
  85   (0.020) 0.008 0.001 0.002 0.002 0.075 0.001 
  83   (0.013) 0.004 0.000 0.001 0.016 0.001 0.001 

Locus 12 : 12 
13 alleles
0.0% missing data
 160   (0.276) 0.302 0.176 0.483 0.631 0.509 0.086 
 161   (0.095) 0.069 0.040 0.011 0.011 0.241 0.192 
 170   (0.048) 0.058 0.012 0.005 0.005 0.080 0.003 
 158   (0.192) 0.198 0.456 0.021 0.075 0.068 0.269 
 143   (0.033) 0.008 0.001 0.270 0.003 0.070 0.016 
 154   (0.025) 0.020 0.001 0.003 0.002 0.015 0.001 
 162   (0.206) 0.261 0.174 0.194 0.261 0.009 0.311 
 134   (0.013) 0.008 0.000 0.001 0.001 0.001 0.001 
 147   (0.053) 0.031 0.131 0.005 0.005 0.002 0.118 
 159   (0.015) 0.013 0.000 0.001 0.001 0.001 0.001 
 149   (0.018) 0.024 0.001 0.003 0.002 0.001 0.001 
 164   (0.013) 0.002 0.008 0.001 0.001 0.001 0.001 
 165   (0.013) 0.005 0.000 0.002 0.001 0.003 0.001 

Locus 13 : 13 
4 alleles
0.0% missing data
 113   (0.344) 0.314 0.343 0.464 0.471 0.290 0.378 
 115   (0.455) 0.525 0.484 0.139 0.475 0.440 0.452 
 108   (0.189) 0.158 0.172 0.396 0.052 0.267 0.166 
 110   (0.013) 0.003 0.000 0.001 0.001 0.003 0.004 

Locus 14 : 14 
10 alleles
0.0% missing data
 229   (0.395) 0.490 0.498 0.080 0.407 0.418 0.328 
 233   (0.074) 0.038 0.103 0.135 0.008 0.078 0.026 
 231   (0.194) 0.107 0.099 0.412 0.409 0.442 0.431 
 225   (0.139) 0.147 0.072 0.070 0.155 0.051 0.067 
 227   (0.134) 0.188 0.224 0.296 0.014 0.006 0.143 
 203   (0.013) 0.007 0.000 0.001 0.001 0.000 0.002 
 213   (0.013) 0.007 0.000 0.001 0.001 0.001 0.001 
 221   (0.013) 0.008 0.000 0.001 0.001 0.000 0.001 
 255   (0.013) 0.003 0.003 0.001 0.002 0.001 0.001 
 223   (0.013) 0.005 0.000 0.002 0.001 0.003 0.001 

Locus 15 : 15 
5 alleles
0.3% missing data
 143   (0.859) 0.938 0.980 0.732 0.859 0.779 0.915 
 147   (0.034) 0.017 0.001 0.003 0.045 0.094 0.002 
 145   (0.074) 0.032 0.015 0.261 0.008 0.126 0.082 
 157   (0.018) 0.010 0.003 0.002 0.002 0.001 0.001 
 133   (0.014) 0.003 0.000 0.001 0.086 0.001 0.001 

Locus 16 : 16 
5 alleles
0.0% missing data
 154   (0.100) 0.048 0.047 0.092 0.081 0.335 0.065 
 158   (0.463) 0.546 0.555 0.429 0.464 0.341 0.461 
 160   (0.144) 0.143 0.152 0.016 0.077 0.103 0.137 
 156   (0.280) 0.256 0.246 0.461 0.377 0.220 0.336 
 152   (0.013) 0.007 0.000 0.001 0.001 0.000 0.001 

Locus 17 : 17 
5 alleles
0.0% missing data
  88   (0.065) 0.045 0.027 0.006 0.007 0.337 0.013 
  90   (0.659) 0.666 0.732 0.547 0.632 0.414 0.824 
 100   (0.067) 0.099 0.002 0.423 0.007 0.176 0.004 
 102   (0.196) 0.183 0.239 0.022 0.353 0.072 0.158 
 104   (0.013) 0.008 0.000 0.001 0.001 0.001 0.001 

Locus 18 : 18 
7 alleles
0.0% missing data
 127   (0.308) 0.271 0.244 0.461 0.202 0.408 0.373 
 140   (0.271) 0.283 0.138 0.482 0.061 0.258 0.420 
 150   (0.067) 0.054 0.002 0.009 0.386 0.202 0.018 
 148   (0.121) 0.103 0.084 0.014 0.226 0.110 0.045 
 142   (0.080) 0.133 0.394 0.008 0.011 0.015 0.004 
 138   (0.064) 0.080 0.035 0.007 0.006 0.003 0.060 
 146   (0.089) 0.077 0.103 0.019 0.106 0.004 0.079 

Locus 19 : 19 
6 alleles
0.0% missing data
 194   (0.570) 0.565 0.552 0.671 0.598 0.609 0.649 
 202   (0.051) 0.032 0.001 0.088 0.138 0.082 0.003 
 200   (0.097) 0.130 0.003 0.205 0.012 0.242 0.051 
 198   (0.015) 0.003 0.000 0.001 0.002 0.013 0.002 
 190   (0.149) 0.102 0.343 0.020 0.109 0.048 0.236 
 188   (0.118) 0.168 0.100 0.014 0.142 0.005 0.060 

Locus 20 : 20 
6 alleles
0.0% missing data
 244   (0.047) 0.022 0.027 0.006 0.005 0.054 0.007 
 246   (0.162) 0.118 0.032 0.052 0.290 0.184 0.245 
 252   (0.553) 0.738 0.785 0.140 0.563 0.072 0.632 
 254   (0.109) 0.066 0.051 0.014 0.078 0.277 0.074 
 250   (0.108) 0.041 0.105 0.752 0.062 0.412 0.040 
 248   (0.022) 0.015 0.001 0.036 0.002 0.001 0.001 

Locus 21 : 21 
10 alleles
0.0% missing data
 173   (0.259) 0.323 0.312 0.200 0.139 0.222 0.205 
 175   (0.148) 0.111 0.051 0.154 0.076 0.329 0.259 
 167   (0.243) 0.300 0.327 0.075 0.242 0.107 0.220 
 165   (0.065) 0.045 0.008 0.011 0.007 0.126 0.171 
 163   (0.046) 0.031 0.001 0.005 0.341 0.125 0.007 
 159   (0.013) 0.003 0.000 0.001 0.001 0.022 0.001 
 177   (0.186) 0.180 0.296 0.550 0.169 0.068 0.124 
 169   (0.013) 0.002 0.004 0.001 0.001 0.001 0.001 
 171   (0.013) 0.003 0.000 0.001 0.002 0.001 0.012 
 161   (0.013) 0.002 0.000 0.001 0.022 0.001 0.001 

Locus 22 : 22 
11 alleles
0.3% missing data
 150   (0.068) 0.031 0.012 0.045 0.050 0.163 0.023 
 158   (0.110) 0.106 0.028 0.012 0.062 0.403 0.065 
 152   (0.370) 0.473 0.543 0.265 0.423 0.075 0.471 
 142   (0.026) 0.021 0.001 0.002 0.003 0.059 0.001 
 162   (0.048) 0.032 0.001 0.006 0.074 0.170 0.010 
 156   (0.031) 0.013 0.001 0.005 0.181 0.069 0.002 
 164   (0.054) 0.040 0.006 0.006 0.007 0.047 0.046 
 148   (0.025) 0.016 0.001 0.349 0.003 0.003 0.001 
 146   (0.179) 0.208 0.264 0.158 0.186 0.008 0.279 
 166   (0.074) 0.058 0.081 0.149 0.009 0.003 0.099 
 154   (0.015) 0.003 0.062 0.002 0.002 0.001 0.001 

Locus 23 : 23 
6 alleles
0.3% missing data
 154   (0.468) 0.558 0.520 0.276 0.268 0.248 0.644 
 158   (0.033) 0.013 0.015 0.005 0.004 0.094 0.002 
 144   (0.229) 0.180 0.165 0.684 0.470 0.233 0.175 
 156   (0.129) 0.146 0.047 0.018 0.013 0.348 0.130 
 160   (0.124) 0.098 0.210 0.015 0.243 0.076 0.048 
 152   (0.018) 0.005 0.043 0.002 0.002 0.001 0.001 

Locus 24 : 24 
4 alleles
0.3% missing data
  83   (0.524) 0.465 0.469 0.607 0.923 0.628 0.603 
  81   (0.323) 0.412 0.298 0.376 0.040 0.308 0.273 
  85   (0.066) 0.035 0.042 0.008 0.007 0.061 0.068 
  77   (0.087) 0.088 0.191 0.009 0.030 0.003 0.056 

Locus 25 : 25 
6 alleles
0.3% missing data
 124   (0.524) 0.555 0.422 0.388 0.361 0.557 0.593 
 122   (0.124) 0.107 0.029 0.020 0.034 0.388 0.121 
 120   (0.026) 0.008 0.001 0.374 0.002 0.019 0.001 
 126   (0.046) 0.032 0.041 0.008 0.006 0.024 0.004 
 132   (0.264) 0.284 0.507 0.209 0.595 0.011 0.279 
 136   (0.015) 0.014 0.000 0.002 0.001 0.001 0.001 

Locus 26 : 26 
6 alleles
0.0% missing data
 181   (0.056) 0.056 0.002 0.006 0.005 0.160 0.030 
 183   (0.379) 0.343 0.465 0.202 0.685 0.300 0.309 
 179   (0.089) 0.076 0.081 0.391 0.009 0.325 0.006 
 165   (0.248) 0.251 0.174 0.378 0.066 0.088 0.349 
 185   (0.022) 0.009 0.001 0.002 0.002 0.119 0.001 
 175   (0.206) 0.265 0.278 0.021 0.233 0.009 0.305 

Locus 27 : 27 
4 alleles
0.0% missing data
 142   (0.558) 0.571 0.698 0.487 0.721 0.404 0.594 
 148   (0.243) 0.223 0.136 0.489 0.095 0.285 0.289 
 150   (0.126) 0.154 0.008 0.015 0.176 0.181 0.101 
 138   (0.073) 0.052 0.158 0.009 0.008 0.130 0.016 

Locus 28 : 28 
5 alleles
0.0% missing data
 260   (0.391) 0.498 0.356 0.179 0.256 0.236 0.344 
 262   (0.491) 0.416 0.616 0.809 0.575 0.649 0.597 
 256   (0.086) 0.047 0.027 0.008 0.166 0.114 0.057 
 258   (0.016) 0.019 0.000 0.002 0.002 0.001 0.001 
 264   (0.017) 0.019 0.000 0.002 0.002 0.001 0.001 

Locus 29 : 29 
5 alleles
0.3% missing data
 146   (0.240) 0.244 0.122 0.028 0.441 0.366 0.236 
 140   (0.198) 0.133 0.098 0.761 0.148 0.398 0.225 
 150   (0.447) 0.541 0.718 0.196 0.253 0.182 0.454 
 148   (0.094) 0.054 0.062 0.011 0.156 0.052 0.084 
 152   (0.021) 0.029 0.001 0.004 0.003 0.002 0.001 

Locus 30 : 30 
6 alleles
0.0% missing data
 127   (0.075) 0.043 0.002 0.562 0.007 0.384 0.128 
 131   (0.035) 0.042 0.001 0.004 0.003 0.170 0.002 
 129   (0.468) 0.531 0.463 0.345 0.645 0.203 0.451 
 123   (0.132) 0.114 0.107 0.017 0.091 0.064 0.116 
 125   (0.275) 0.256 0.426 0.070 0.252 0.178 0.302 
 121   (0.015) 0.013 0.000 0.002 0.002 0.001 0.001 

Locus 31 : 31 
5 alleles
0.0% missing data
 155   (0.532) 0.558 0.608 0.662 0.591 0.551 0.453 
 157   (0.224) 0.226 0.191 0.235 0.067 0.090 0.323 
 153   (0.072) 0.071 0.075 0.039 0.007 0.193 0.004 
 159   (0.136) 0.132 0.124 0.017 0.014 0.150 0.219 
 151   (0.037) 0.014 0.002 0.047 0.321 0.016 0.002 

Locus 32 : 32 
4 alleles
0.0% missing data
 150   (0.539) 0.584 0.806 0.597 0.555 0.281 0.523 
 154   (0.067) 0.051 0.004 0.042 0.007 0.050 0.073 
 146   (0.307) 0.303 0.100 0.352 0.430 0.565 0.311 
 148   (0.087) 0.062 0.089 0.009 0.009 0.105 0.093 

Locus 33 : 33 
7 alleles
0.0% missing data
 180   (0.461) 0.436 0.569 0.764 0.731 0.331 0.419 
 190   (0.033) 0.014 0.001 0.004 0.003 0.048 0.025 
 184   (0.194) 0.165 0.176 0.192 0.052 0.132 0.267 
 198   (0.058) 0.027 0.050 0.010 0.081 0.287 0.003 
 192   (0.134) 0.205 0.004 0.016 0.120 0.196 0.168 
 196   (0.106) 0.151 0.178 0.013 0.011 0.006 0.117 
 194   (0.015) 0.003 0.022 0.001 0.001 0.001 0.001 

Locus 34 : 34 
7 alleles
0.0% missing data
 108   (0.115) 0.117 0.005 0.139 0.077 0.549 0.046 
 110   (0.236) 0.201 0.337 0.259 0.070 0.149 0.340 
 106   (0.313) 0.325 0.144 0.292 0.664 0.207 0.316 
 112   (0.257) 0.308 0.502 0.027 0.116 0.090 0.266 
  94   (0.018) 0.024 0.000 0.002 0.002 0.001 0.001 
  90   (0.047) 0.021 0.011 0.280 0.006 0.003 0.030 
  96   (0.014) 0.002 0.000 0.001 0.065 0.001 0.001 

Locus 35 : 35 
8 alleles
0.0% missing data
 168   (0.064) 0.086 0.002 0.391 0.006 0.368 0.004 
 170   (0.322) 0.236 0.186 0.539 0.572 0.291 0.512 
 172   (0.282) 0.323 0.424 0.031 0.388 0.192 0.124 
 174   (0.095) 0.147 0.010 0.010 0.009 0.044 0.069 
 186   (0.028) 0.020 0.001 0.003 0.003 0.067 0.001 
 176   (0.114) 0.094 0.118 0.014 0.013 0.034 0.251 
 178   (0.037) 0.055 0.019 0.004 0.004 0.002 0.002 
 166   (0.058) 0.039 0.241 0.007 0.006 0.002 0.036 

Locus 36 : 36 
6 alleles
0.0% missing data
  83   (0.122) 0.136 0.035 0.018 0.027 0.330 0.078 
  89   (0.541) 0.538 0.693 0.296 0.764 0.586 0.595 
  85   (0.199) 0.223 0.182 0.324 0.194 0.036 0.115 
  91   (0.022) 0.005 0.001 0.348 0.002 0.018 0.001 
  95   (0.078) 0.055 0.088 0.008 0.009 0.028 0.089 
  81   (0.039) 0.043 0.001 0.005 0.004 0.002 0.121 

Locus 37 : 37 
8 alleles
0.0% missing data
 161   (0.346) 0.324 0.502 0.086 0.403 0.555 0.363 
 173   (0.291) 0.289 0.100 0.412 0.512 0.209 0.422 
 165   (0.220) 0.229 0.247 0.076 0.067 0.224 0.207 
 159   (0.021) 0.004 0.023 0.002 0.002 0.006 0.001 
 169   (0.062) 0.099 0.120 0.043 0.009 0.002 0.004 
 167   (0.026) 0.038 0.003 0.004 0.003 0.001 0.002 
 175   (0.015) 0.013 0.000 0.002 0.001 0.001 0.001 
 168   (0.019) 0.004 0.005 0.375 0.002 0.001 0.001 

Locus 38 : 38 
7 alleles
0.0% missing data
  87   (0.162) 0.099 0.166 0.747 0.202 0.363 0.069 
  91   (0.178) 0.154 0.048 0.046 0.300 0.216 0.280 
  85   (0.217) 0.217 0.077 0.156 0.270 0.147 0.260 
  89   (0.320) 0.453 0.635 0.036 0.078 0.270 0.228 
  81   (0.085) 0.071 0.047 0.011 0.145 0.004 0.138 
  93   (0.024) 0.005 0.019 0.002 0.002 0.001 0.024 
  95   (0.014) 0.003 0.008 0.001 0.001 0.001 0.001 

Locus 39 : 39 
4 alleles
0.0% missing data
 161   (0.163) 0.144 0.071 0.183 0.106 0.508 0.048 
 167   (0.783) 0.824 0.918 0.806 0.888 0.434 0.948 
 165   (0.041) 0.029 0.007 0.009 0.004 0.057 0.003 
 155   (0.013) 0.003 0.004 0.001 0.002 0.001 0.001 

Locus 40 : 40 
7 alleles
0.3% missing data
 228   (0.407) 0.423 0.582 0.476 0.203 0.333 0.324 
 240   (0.119) 0.145 0.003 0.060 0.155 0.417 0.041 
 236   (0.101) 0.028 0.094 0.153 0.586 0.129 0.110 
 238   (0.296) 0.382 0.257 0.172 0.049 0.112 0.408 
 224   (0.048) 0.016 0.059 0.005 0.005 0.008 0.116 
 242   (0.016) 0.004 0.000 0.133 0.002 0.001 0.001 
 246   (0.013) 0.003 0.004 0.001 0.002 0.001 0.001 

Locus 41 : 41 
9 alleles
0.3% missing data
 130   (0.463) 0.521 0.471 0.094 0.410 0.658 0.466 
 134   (0.125) 0.152 0.007 0.302 0.015 0.250 0.127 
 118   (0.069) 0.052 0.002 0.076 0.247 0.073 0.012 
 132   (0.121) 0.092 0.218 0.012 0.296 0.010 0.173 
 128   (0.079) 0.089 0.192 0.009 0.015 0.003 0.060 
 114   (0.095) 0.081 0.090 0.502 0.011 0.004 0.149 
 122   (0.020) 0.008 0.019 0.002 0.002 0.001 0.001 
 120   (0.013) 0.002 0.000 0.001 0.001 0.001 0.006 
 119   (0.013) 0.003 0.000 0.001 0.002 0.001 0.006 

Locus 42 : 42 
8 alleles
0.0% missing data
  92   (0.135) 0.108 0.109 0.208 0.015 0.361 0.104 
  96   (0.082) 0.039 0.075 0.161 0.008 0.174 0.051 
  98   (0.163) 0.107 0.187 0.278 0.111 0.291 0.114 
 104   (0.325) 0.461 0.202 0.080 0.322 0.162 0.310 
 102   (0.247) 0.270 0.426 0.268 0.520 0.010 0.398 
 106   (0.013) 0.008 0.000 0.001 0.001 0.000 0.001 
  94   (0.015) 0.004 0.000 0.002 0.002 0.001 0.010 
 100   (0.020) 0.004 0.001 0.003 0.022 0.001 0.012 

Locus 43 : 43 
6 alleles
0.0% missing data
  95   (0.268) 0.242 0.376 0.058 0.407 0.390 0.220 
  99   (0.098) 0.062 0.044 0.338 0.012 0.297 0.056 
 101   (0.303) 0.363 0.334 0.029 0.165 0.229 0.416 
  97   (0.043) 0.020 0.001 0.352 0.020 0.029 0.006 
 103   (0.275) 0.311 0.241 0.222 0.395 0.054 0.302 
 105   (0.013) 0.003 0.004 0.001 0.001 0.001 0.001 

Locus 44 : 44 
8 alleles
0.0% missing data
 177   (0.077) 0.059 0.114 0.008 0.012 0.067 0.025 
 191   (0.272) 0.277 0.177 0.111 0.048 0.624 0.422 
 179   (0.039) 0.027 0.001 0.301 0.004 0.088 0.002 
 181   (0.541) 0.594 0.706 0.570 0.900 0.211 0.542 
 193   (0.021) 0.012 0.001 0.005 0.008 0.009 0.001 
 183   (0.015) 0.013 0.000 0.001 0.001 0.001 0.001 
 189   (0.022) 0.014 0.001 0.002 0.025 0.001 0.001 
 187   (0.013) 0.003 0.000 0.001 0.001 0.001 0.006 

Locus 45 : 45 
6 alleles
0.5% missing data
 205   (0.412) 0.524 0.451 0.324 0.277 0.331 0.445 
 211   (0.220) 0.183 0.237 0.165 0.162 0.374 0.284 
 207   (0.178) 0.190 0.159 0.056 0.443 0.112 0.100 
 201   (0.075) 0.040 0.060 0.441 0.007 0.053 0.045 
 215   (0.094) 0.054 0.093 0.011 0.108 0.063 0.125 
 202   (0.020) 0.009 0.001 0.002 0.002 0.066 0.001 

Locus 46 : 46 
10 alleles
0.0% missing data
 158   (0.183) 0.168 0.132 0.156 0.248 0.162 0.227 
 170   (0.026) 0.008 0.004 0.004 0.010 0.077 0.003 
 168   (0.160) 0.138 0.185 0.114 0.130 0.251 0.119 
 156   (0.042) 0.026 0.001 0.139 0.005 0.111 0.010 
 164   (0.054) 0.033 0.002 0.057 0.006 0.131 0.063 
 142   (0.247) 0.353 0.187 0.030 0.290 0.162 0.335 
 144   (0.053) 0.061 0.193 0.006 0.010 0.015 0.003 
 162   (0.060) 0.041 0.002 0.354 0.007 0.055 0.140 
 166   (0.155) 0.168 0.294 0.139 0.272 0.020 0.099 
 160   (0.019) 0.004 0.001 0.002 0.022 0.015 0.001 

Locus 47 : 47 
6 alleles
0.0% missing data
 149   (0.294) 0.348 0.105 0.475 0.225 0.725 0.128 
 145   (0.272) 0.242 0.214 0.351 0.646 0.082 0.336 
 151   (0.205) 0.180 0.283 0.147 0.034 0.125 0.363 
 143   (0.024) 0.015 0.001 0.002 0.002 0.029 0.001 
 153   (0.186) 0.209 0.378 0.022 0.089 0.037 0.171 
 147   (0.019) 0.006 0.020 0.003 0.003 0.001 0.001 

Values of parameters used in structure:
DATAFILE=temp1.str,	OUTFILE=k6/temp1_k6_run1,	NUMINDS=395,	NUMLOCI=47,	MISSING=-9,	LABEL=1,	POPDATA=1,	POPFLAG=0,	PHENOTYPE=0,	EXTRACOLS=0,	MAXPOPS=6,	BURNIN=500000,	NUMREPS=750000,	USEPOPINFO=0,	INFERALPHA=1,	INFERLAMBDA=0,	POPSPECIFICLAMBDA=0,	POPALPHAS=0,	COMPUTEPROB=1,	NOADMIX=0,	ADMBURNIN=500,	UPDATEFREQ=100,	PRINTLIKES=0,	INTERMEDSAVE=0,	PRINTKLD=0,	PRINTNET=1,	PRINTLAMBDA=1,	ANCESTDIST=0,	NUMBOXES=1000,	ANCESTPINT=0.90000,	GENSBACK=2,	MIGRPRIOR=0.01000,	PRINTQHAT=0,	PRINTQSUM=1,	ALPHA=1.0000,	FREQSCORR=1,	FPRIORMEAN=0.0100,	FPRIORSD=0.0500,	ONEFST=0,	LAMBDA=1.0000,	UNIFPRIORALPHA=1,	ALPHAMAX=10.0000,	ALPHAPRIORA=1.0000,	ALPHAPRIORB=2.0000,	ALPHAPROPSD=0.0250,	STARTATPOPINFO=0,	RANDOMIZE=0,	LINKAGE=0,	METROFREQ=10,	REPORTHITRATE=0,	MARKOVPHASE=0,	PHASED=1,	PLOIDY=2,	PHASEINFO=0	LOCPRIOR=0, 	LOCPRIORINIT=1.000000, 	LOCDATA=0, 	LOCISPOP=1, 	LOCPRIORSTEP=0.100000, 	MAXLOCPRIOR=20.000000, 	SEED=739194,	
[STRAT parameters]:    NUMSIMSTATS=1000,	PHENOTYPECOL=-9,	POOLFREQ=10,	LOCUSxONLY=0,	EMERROR=0.00100,	MISSINGPHENO=-9,	