

----------------------------------------------------
STRUCTURE by Pritchard, Stephens and Donnelly (2000)
     and Falush, Stephens and Pritchard (2003)
       Code by Pritchard, Falush and Hubisz
             Version 2.3.4 (Jul 2012)
----------------------------------------------------



Command line arguments:   structure -D 180965 -K 7 -m mainparams -o k7/temp1_k7_run4 
Input File:    temp1.str

Run parameters:
   395 individuals
   47 loci
   7 populations assumed
   500000 Burn-in period
   750000 Reps
RANDOMIZE turned off


--------------------------------------------
Proportion of membership of each pre-defined
 population in each of the 7 clusters

Given    Inferred Clusters                                   Number of
 Pop       1      2      3      4      5      6      7      Individuals

  1:     0.007  0.004  0.006  0.971  0.005  0.004  0.004       62
  2:     0.003  0.011  0.006  0.003  0.013  0.010  0.955       79
  3:     0.003  0.012  0.014  0.003  0.013  0.038  0.917       12
  4:     0.004  0.008  0.005  0.003  0.007  0.009  0.964       33
  5:     0.004  0.027  0.008  0.013  0.019  0.919  0.010       81
  6:     0.013  0.017  0.007  0.005  0.012  0.014  0.933        7
  7:     0.003  0.021  0.924  0.004  0.030  0.005  0.013       19
  8:     0.969  0.004  0.009  0.006  0.005  0.003  0.003       10
  9:     0.031  0.410  0.010  0.016  0.488  0.029  0.017       10
 10:     0.013  0.269  0.033  0.023  0.535  0.063  0.064       23
 11:     0.010  0.682  0.022  0.009  0.163  0.087  0.027       11
 12:     0.005  0.738  0.006  0.010  0.147  0.013  0.080       18
 13:     0.027  0.293  0.011  0.103  0.419  0.074  0.073       25
 14:     0.002  0.623  0.015  0.004  0.308  0.011  0.038        5
--------------------------------------------

Allele-freq. divergence among pops (Net nucleotide distance),
computed using point estimates of P.

      1       2       3       4       5       6       7      
 1      -    0.1129  0.1235  0.1057  0.1001  0.1135  0.1337  
 2   0.1129     -    0.0569  0.0830  0.0086  0.0211  0.0279  
 3   0.1235  0.0569     -    0.1093  0.0512  0.0634  0.0699  
 4   0.1057  0.0830  0.1093     -    0.0676  0.0879  0.1167  
 5   0.1001  0.0086  0.0512  0.0676     -    0.0200  0.0251  
 6   0.1135  0.0211  0.0634  0.0879  0.0200     -    0.0383  
 7   0.1337  0.0279  0.0699  0.1167  0.0251  0.0383     -    

Average distances (expected heterozygosity) between individuals in same cluster:
cluster  1  : 0.5492 
cluster  2  : 0.6198 
cluster  3  : 0.5549 
cluster  4  : 0.6405 
cluster  5  : 0.6419 
cluster  6  : 0.6003 
cluster  7  : 0.5664 

--------------------------------------------
Estimated Ln Prob of Data   = -42971.3
Mean value of ln likelihood = -42329.2
Variance of ln likelihood   = 1284.0
Mean value of alpha         = 0.0310

Mean value of Fst_1         = 0.2916
Mean value of Fst_2         = 0.0437
Mean value of Fst_3         = 0.1939
Mean value of Fst_4         = 0.1632
Mean value of Fst_5         = 0.0198
Mean value of Fst_6         = 0.0960
Mean value of Fst_7         = 0.1189


Inferred ancestry of individuals:
        Label (%Miss) Pop:  Inferred clusters
  1      187    (0)    1 :  0.002 0.002 0.002 0.989 0.002 0.002 0.002 
  2      188    (0)    1 :  0.001 0.004 0.003 0.981 0.004 0.004 0.003 
  3      189    (0)    1 :  0.002 0.002 0.001 0.989 0.002 0.002 0.002 
  4      190    (0)    1 :  0.001 0.003 0.002 0.988 0.003 0.002 0.001 
  5      191    (0)    1 :  0.004 0.001 0.001 0.989 0.002 0.002 0.001 
  6      247    (0)    1 :  0.002 0.002 0.002 0.987 0.002 0.001 0.002 
  7      281    (0)    1 :  0.003 0.002 0.003 0.989 0.002 0.001 0.001 
  8      282    (0)    1 :  0.001 0.003 0.002 0.985 0.003 0.002 0.004 
  9      283    (0)    1 :  0.002 0.002 0.002 0.988 0.002 0.003 0.002 
 10      284    (0)    1 :  0.001 0.001 0.001 0.993 0.001 0.001 0.001 
 11      285    (0)    1 :  0.003 0.004 0.003 0.980 0.005 0.003 0.003 
 12      286    (0)    1 :  0.002 0.002 0.002 0.987 0.003 0.003 0.002 
 13      288    (0)    1 :  0.002 0.006 0.015 0.952 0.009 0.009 0.008 
 14      289    (0)    1 :  0.010 0.002 0.001 0.981 0.002 0.002 0.001 
 15      292    (0)    1 :  0.004 0.004 0.020 0.962 0.005 0.002 0.002 
 16      293    (0)    1 :  0.005 0.003 0.005 0.978 0.003 0.004 0.003 
 17      294    (0)    1 :  0.003 0.003 0.003 0.984 0.003 0.002 0.002 
 18      297    (0)    1 :  0.003 0.002 0.005 0.981 0.003 0.003 0.003 
 19      298    (0)    1 :  0.002 0.013 0.018 0.929 0.018 0.007 0.012 
 20      299    (0)    1 :  0.001 0.005 0.003 0.979 0.004 0.004 0.004 
 21      300    (0)    1 :  0.005 0.003 0.003 0.977 0.002 0.003 0.006 
 22      301    (0)    1 :  0.003 0.003 0.004 0.949 0.006 0.008 0.027 
 23      302    (0)    1 :  0.024 0.004 0.004 0.960 0.003 0.003 0.002 
 24      303    (0)    1 :  0.003 0.003 0.004 0.973 0.005 0.007 0.005 
 25      304    (0)    1 :  0.002 0.002 0.002 0.988 0.002 0.002 0.002 
 26      305    (0)    1 :  0.003 0.007 0.007 0.945 0.012 0.003 0.022 
 27      306    (0)    1 :  0.003 0.004 0.004 0.980 0.004 0.002 0.002 
 28      308    (0)    1 :  0.021 0.002 0.006 0.964 0.002 0.003 0.002 
 29      309    (0)    1 :  0.002 0.022 0.004 0.931 0.019 0.014 0.009 
 30      310    (0)    1 :  0.001 0.002 0.002 0.988 0.002 0.003 0.002 
 31      311    (0)    1 :  0.002 0.002 0.003 0.986 0.002 0.002 0.002 
 32      312    (0)    1 :  0.003 0.002 0.001 0.985 0.003 0.006 0.002 
 33      313    (0)    1 :  0.009 0.004 0.003 0.974 0.004 0.004 0.002 
 34      314    (0)    1 :  0.002 0.003 0.006 0.979 0.005 0.002 0.003 
 35      315    (0)    1 :  0.001 0.003 0.002 0.983 0.004 0.004 0.004 
 36      316    (0)    1 :  0.002 0.001 0.001 0.992 0.001 0.001 0.001 
 37      317    (0)    1 :  0.010 0.003 0.002 0.973 0.003 0.008 0.003 
 38      344    (0)    1 :  0.001 0.002 0.001 0.989 0.002 0.002 0.002 
 39      352    (0)    1 :  0.065 0.003 0.003 0.921 0.004 0.002 0.002 
 40      353    (0)    1 :  0.007 0.003 0.004 0.978 0.003 0.003 0.002 
 41      649    (0)    1 :  0.002 0.002 0.002 0.988 0.002 0.002 0.002 
 42      650    (0)    1 :  0.001 0.002 0.002 0.989 0.002 0.002 0.001 
 43      651    (0)    1 :  0.003 0.007 0.002 0.977 0.005 0.004 0.002 
 44      652    (0)    1 :  0.003 0.002 0.003 0.987 0.002 0.002 0.001 
 45      653    (0)    1 :  0.004 0.005 0.010 0.963 0.005 0.010 0.003 
 46      654    (0)    1 :  0.002 0.003 0.005 0.979 0.003 0.005 0.002 
 47      655    (0)    1 :  0.018 0.002 0.001 0.975 0.002 0.001 0.001 
 48      656    (0)    1 :  0.100 0.002 0.002 0.888 0.004 0.002 0.002 
 49      657    (0)    1 :  0.019 0.007 0.004 0.951 0.007 0.008 0.004 
 50      658    (0)    1 :  0.003 0.003 0.010 0.966 0.005 0.009 0.003 
 51      659    (0)    1 :  0.014 0.010 0.011 0.943 0.012 0.004 0.006 
 52      660    (0)    1 :  0.002 0.005 0.003 0.974 0.005 0.006 0.005 
 53      661    (0)    1 :  0.007 0.002 0.001 0.983 0.002 0.002 0.002 
 54      662    (0)    1 :  0.002 0.003 0.003 0.980 0.004 0.002 0.006 
 55      663    (0)    1 :  0.003 0.004 0.008 0.976 0.005 0.002 0.003 
 56      664    (0)    1 :  0.004 0.018 0.016 0.920 0.023 0.011 0.008 
 57      665    (0)    1 :  0.002 0.002 0.002 0.983 0.003 0.005 0.003 
 58      666    (0)    1 :  0.016 0.003 0.007 0.966 0.003 0.004 0.002 
 59      667    (0)    1 :  0.003 0.008 0.063 0.910 0.007 0.002 0.007 
 60      668    (0)    1 :  0.002 0.005 0.008 0.973 0.006 0.003 0.004 
 61      669    (0)    1 :  0.004 0.011 0.020 0.938 0.009 0.010 0.008 
 62      670    (0)    1 :  0.003 0.002 0.006 0.983 0.002 0.002 0.002 
 63      797    (0)   10 :  0.002 0.170 0.021 0.003 0.678 0.018 0.109 
 64      798    (0)   10 :  0.001 0.382 0.003 0.002 0.593 0.005 0.013 
 65      799    (0)   10 :  0.003 0.007 0.036 0.006 0.938 0.009 0.003 
 66      800    (0)   10 :  0.004 0.490 0.003 0.005 0.372 0.110 0.016 
 67      823    (0)   10 :  0.016 0.045 0.451 0.162 0.294 0.011 0.022 
 68      824    (0)   10 :  0.006 0.974 0.003 0.002 0.006 0.005 0.005 
 69      825    (0)   10 :  0.005 0.643 0.023 0.009 0.287 0.027 0.006 
 70      826    (0)   10 :  0.026 0.107 0.004 0.010 0.128 0.672 0.052 
 71      827    (0)   10 :  0.002 0.429 0.005 0.023 0.230 0.016 0.296 
 72      836    (0)   10 :  0.001 0.069 0.004 0.001 0.891 0.014 0.019 
 73      837    (0)   10 :  0.031 0.006 0.003 0.009 0.922 0.020 0.009 
 74      838    (0)   10 :  0.002 0.565 0.003 0.002 0.182 0.235 0.012 
 75      839    (0)   10 :  0.003 0.128 0.015 0.002 0.683 0.033 0.135 
 76      840    (0)   10 :  0.001 0.567 0.010 0.051 0.357 0.012 0.002 
 77      841    (0)   10 :  0.002 0.496 0.007 0.007 0.418 0.014 0.055 
 78      842    (0)   10 :  0.002 0.313 0.006 0.017 0.614 0.019 0.031 
 79      843    (0)   10 :  0.002 0.034 0.003 0.010 0.925 0.020 0.007 
 80      845    (0)   10 :  0.002 0.231 0.004 0.002 0.698 0.009 0.053 
 81      846    (0)   10 :  0.003 0.069 0.009 0.004 0.873 0.018 0.023 
 82      847    (2)   10 :  0.141 0.097 0.133 0.164 0.411 0.048 0.006 
 83      848    (0)   10 :  0.007 0.006 0.006 0.040 0.896 0.039 0.007 
 84      849    (0)   10 :  0.026 0.042 0.005 0.002 0.648 0.064 0.214 
 85      855    (0)   10 :  0.008 0.310 0.002 0.006 0.264 0.023 0.387 
 86      793    (0)   11 :  0.006 0.672 0.003 0.009 0.085 0.214 0.012 
 87      794    (0)   11 :  0.006 0.106 0.003 0.006 0.784 0.011 0.084 
 88      828    (0)   11 :  0.005 0.928 0.003 0.003 0.023 0.036 0.003 
 89      829    (4)   11 :  0.002 0.517 0.004 0.019 0.235 0.117 0.106 
 90      830    (0)   11 :  0.003 0.893 0.012 0.005 0.051 0.024 0.012 
 91      831    (2)   11 :  0.016 0.931 0.009 0.016 0.013 0.007 0.008 
 92      832    (0)   11 :  0.003 0.802 0.003 0.004 0.133 0.037 0.019 
 93      833    (2)   11 :  0.007 0.846 0.003 0.005 0.064 0.064 0.011 
 94      835    (0)   11 :  0.054 0.067 0.193 0.016 0.302 0.339 0.029 
 95      870    (0)   11 :  0.002 0.802 0.007 0.007 0.078 0.097 0.008 
 96      871    (0)   11 :  0.002 0.941 0.003 0.013 0.023 0.010 0.009 
 97      451    (0)   12 :  0.008 0.282 0.003 0.009 0.609 0.008 0.082 
 98      452    (4)   12 :  0.002 0.947 0.005 0.002 0.013 0.007 0.025 
 99      453    (4)   12 :  0.002 0.973 0.006 0.003 0.006 0.004 0.006 
100      454    (2)   12 :  0.011 0.893 0.009 0.019 0.023 0.031 0.014 
101      455    (4)   12 :  0.002 0.942 0.015 0.003 0.012 0.013 0.013 
102      795    (0)   12 :  0.001 0.947 0.004 0.001 0.013 0.021 0.013 
103      796    (0)   12 :  0.003 0.760 0.003 0.018 0.202 0.003 0.012 
104      802    (0)   12 :  0.001 0.907 0.003 0.004 0.019 0.005 0.062 
105      804    (0)   12 :  0.002 0.899 0.005 0.002 0.036 0.022 0.035 
106      805    (0)   12 :  0.002 0.446 0.014 0.095 0.077 0.018 0.348 
107      851    (0)   12 :  0.007 0.968 0.004 0.001 0.004 0.012 0.003 
108      852    (0)   12 :  0.001 0.966 0.004 0.001 0.005 0.010 0.012 
109      854    (0)   12 :  0.002 0.066 0.007 0.003 0.903 0.015 0.005 
110      858    (0)   12 :  0.002 0.795 0.006 0.002 0.065 0.007 0.123 
111      859    (0)   12 :  0.002 0.087 0.010 0.002 0.309 0.030 0.560 
112      860    (0)   12 :  0.048 0.528 0.005 0.006 0.330 0.007 0.076 
113      862    (0)   12 :  0.001 0.923 0.007 0.002 0.017 0.010 0.039 
114      863    (0)   12 :  0.001 0.963 0.004 0.001 0.005 0.006 0.019 
115      450    (0)   13 :  0.003 0.185 0.027 0.007 0.729 0.012 0.037 
116      791    (0)   13 :  0.003 0.264 0.006 0.041 0.658 0.016 0.012 
117      792    (0)   13 :  0.141 0.156 0.014 0.155 0.507 0.018 0.010 
118      803    (0)   13 :  0.281 0.167 0.013 0.091 0.153 0.291 0.003 
119      806    (0)   13 :  0.003 0.048 0.007 0.337 0.276 0.324 0.005 
120      807    (0)   13 :  0.001 0.008 0.005 0.005 0.971 0.005 0.004 
121      808    (0)   13 :  0.004 0.732 0.002 0.009 0.217 0.022 0.014 
122      809    (0)   13 :  0.027 0.073 0.009 0.131 0.089 0.659 0.012 
123      810    (0)   13 :  0.041 0.043 0.039 0.096 0.709 0.022 0.051 
124      811    (0)   13 :  0.003 0.033 0.005 0.212 0.731 0.009 0.006 
125      812    (0)   13 :  0.003 0.117 0.017 0.014 0.692 0.148 0.008 
126      813    (0)   13 :  0.003 0.758 0.003 0.141 0.045 0.021 0.030 
127      814    (0)   13 :  0.007 0.858 0.006 0.034 0.065 0.009 0.022 
128      834    (0)   13 :  0.003 0.013 0.002 0.014 0.949 0.005 0.014 
129      844    (0)   13 :  0.003 0.139 0.004 0.002 0.093 0.008 0.750 
130      850    (0)   13 :  0.005 0.625 0.007 0.336 0.012 0.012 0.003 
131      856    (0)   13 :  0.003 0.475 0.012 0.355 0.145 0.006 0.003 
132      857    (0)   13 :  0.008 0.247 0.019 0.332 0.359 0.026 0.008 
133      861    (0)   13 :  0.003 0.850 0.012 0.004 0.071 0.027 0.033 
134      864    (0)   13 :  0.005 0.012 0.016 0.004 0.947 0.004 0.012 
135      865    (0)   13 :  0.016 0.128 0.014 0.010 0.097 0.025 0.711 
136      866    (0)   13 :  0.007 0.545 0.003 0.045 0.287 0.108 0.005 
137      867    (0)   13 :  0.016 0.009 0.020 0.007 0.858 0.058 0.033 
138      868    (0)   13 :  0.039 0.832 0.004 0.056 0.042 0.011 0.016 
139      869    (0)   13 :  0.042 0.009 0.005 0.145 0.777 0.007 0.014 
140      004    (0)   14 :  0.002 0.893 0.024 0.003 0.040 0.010 0.028 
141      008    (0)   14 :  0.002 0.680 0.022 0.005 0.190 0.027 0.075 
142      013    (0)   14 :  0.005 0.514 0.011 0.005 0.386 0.010 0.070 
143      109    (0)   14 :  0.002 0.049 0.012 0.003 0.919 0.003 0.013 
144      348    (0)   14 :  0.001 0.977 0.004 0.003 0.008 0.004 0.003 
145      014    (0)    2 :  0.003 0.009 0.009 0.011 0.014 0.005 0.949 
146      015    (0)    2 :  0.001 0.004 0.003 0.004 0.013 0.009 0.966 
147      016    (0)    2 :  0.002 0.005 0.002 0.002 0.006 0.009 0.973 
148      017    (0)    2 :  0.001 0.006 0.005 0.002 0.014 0.011 0.961 
149      018    (0)    2 :  0.003 0.006 0.004 0.003 0.006 0.018 0.961 
150      023    (0)    2 :  0.004 0.010 0.004 0.003 0.007 0.016 0.956 
151      025    (0)    2 :  0.002 0.012 0.004 0.002 0.006 0.004 0.971 
152      026    (0)    2 :  0.001 0.003 0.002 0.001 0.003 0.003 0.987 
153      027    (0)    2 :  0.003 0.009 0.002 0.003 0.145 0.009 0.829 
154      028    (0)    2 :  0.003 0.005 0.003 0.002 0.005 0.020 0.962 
155      029    (0)    2 :  0.001 0.008 0.003 0.002 0.008 0.006 0.972 
156      030    (0)    2 :  0.002 0.007 0.007 0.003 0.014 0.012 0.955 
157      031    (0)    2 :  0.002 0.005 0.003 0.011 0.007 0.018 0.954 
158      032    (0)    2 :  0.005 0.007 0.010 0.001 0.005 0.010 0.962 
159      035    (0)    2 :  0.001 0.003 0.002 0.001 0.002 0.003 0.987 
160      037    (0)    2 :  0.002 0.004 0.003 0.001 0.005 0.009 0.975 
161      038    (0)    2 :  0.003 0.008 0.028 0.002 0.004 0.013 0.941 
162      039    (0)    2 :  0.002 0.002 0.002 0.001 0.003 0.004 0.987 
163      040    (0)    2 :  0.002 0.011 0.002 0.026 0.016 0.015 0.928 
164      041    (0)    2 :  0.002 0.005 0.002 0.003 0.004 0.009 0.976 
165      043    (0)    2 :  0.001 0.003 0.002 0.001 0.003 0.003 0.988 
166      045    (0)    2 :  0.002 0.006 0.003 0.001 0.006 0.007 0.975 
167      046    (0)    2 :  0.002 0.016 0.002 0.004 0.012 0.012 0.952 
168      047    (0)    2 :  0.001 0.004 0.003 0.002 0.006 0.007 0.976 
169      050    (0)    2 :  0.001 0.002 0.002 0.001 0.002 0.002 0.990 
170      052    (0)    2 :  0.001 0.003 0.002 0.001 0.004 0.003 0.986 
171      053    (0)    2 :  0.001 0.003 0.001 0.002 0.004 0.002 0.986 
172      054    (0)    2 :  0.010 0.017 0.003 0.005 0.013 0.025 0.927 
173      055    (0)    2 :  0.002 0.003 0.003 0.002 0.005 0.005 0.980 
174      056    (0)    2 :  0.002 0.009 0.002 0.002 0.005 0.005 0.975 
175      057    (0)    2 :  0.002 0.018 0.005 0.025 0.021 0.004 0.924 
176      058    (0)    2 :  0.003 0.017 0.039 0.003 0.016 0.016 0.907 
177      059    (0)    2 :  0.002 0.012 0.006 0.003 0.010 0.036 0.930 
178      060    (0)    2 :  0.002 0.005 0.003 0.002 0.005 0.007 0.977 
179      350    (0)    2 :  0.007 0.005 0.004 0.002 0.004 0.003 0.976 
180      351    (0)    2 :  0.001 0.007 0.002 0.001 0.007 0.009 0.973 
181      354    (0)    2 :  0.001 0.003 0.004 0.002 0.005 0.008 0.977 
182      374    (0)    2 :  0.002 0.051 0.011 0.002 0.072 0.009 0.852 
183      378    (0)    2 :  0.001 0.019 0.003 0.002 0.010 0.008 0.958 
184      381    (0)    2 :  0.001 0.004 0.002 0.001 0.005 0.006 0.980 
185      382    (0)    2 :  0.004 0.005 0.008 0.002 0.007 0.010 0.964 
186      384    (0)    2 :  0.001 0.004 0.002 0.007 0.004 0.005 0.976 
187      555    (0)    2 :  0.006 0.004 0.009 0.005 0.011 0.005 0.959 
188      671    (0)    2 :  0.006 0.136 0.047 0.003 0.067 0.019 0.721 
189      672    (0)    2 :  0.002 0.018 0.009 0.005 0.006 0.011 0.949 
190      705    (0)    2 :  0.001 0.005 0.014 0.001 0.003 0.003 0.973 
191      706    (0)    2 :  0.001 0.003 0.002 0.001 0.004 0.005 0.983 
192      707    (0)    2 :  0.003 0.004 0.004 0.002 0.004 0.004 0.980 
193      708    (0)    2 :  0.029 0.011 0.004 0.023 0.023 0.009 0.900 
194      758    (0)    2 :  0.003 0.012 0.004 0.001 0.011 0.011 0.957 
195      759    (0)    2 :  0.001 0.011 0.006 0.002 0.006 0.014 0.960 
196      760    (0)    2 :  0.002 0.012 0.002 0.001 0.005 0.009 0.970 
197      761    (0)    2 :  0.002 0.004 0.004 0.003 0.004 0.015 0.969 
198      762    (0)    2 :  0.002 0.005 0.006 0.002 0.005 0.009 0.971 
199      763    (0)    2 :  0.001 0.006 0.004 0.002 0.005 0.005 0.977 
200      764    (0)    2 :  0.003 0.003 0.003 0.001 0.003 0.003 0.984 
201      765    (0)    2 :  0.002 0.008 0.003 0.003 0.013 0.009 0.962 
202      766    (0)    2 :  0.001 0.002 0.002 0.001 0.002 0.002 0.991 
203      767    (0)    2 :  0.005 0.005 0.023 0.002 0.004 0.006 0.955 
204      768    (0)    2 :  0.002 0.003 0.002 0.003 0.003 0.004 0.983 
205      769    (0)    2 :  0.001 0.006 0.002 0.002 0.014 0.009 0.965 
206      770    (0)    2 :  0.003 0.024 0.002 0.003 0.017 0.030 0.920 
207      771    (0)    2 :  0.003 0.007 0.004 0.002 0.011 0.010 0.963 
208      772    (0)    2 :  0.001 0.127 0.004 0.001 0.152 0.026 0.689 
209      773    (0)    2 :  0.002 0.003 0.014 0.004 0.004 0.007 0.966 
210      774    (0)    2 :  0.003 0.009 0.003 0.003 0.018 0.043 0.921 
211      775    (0)    2 :  0.001 0.004 0.003 0.001 0.003 0.002 0.985 
212      776    (0)    2 :  0.002 0.004 0.003 0.002 0.005 0.005 0.979 
213      777    (0)    2 :  0.002 0.003 0.003 0.002 0.003 0.003 0.984 
214      778    (0)    2 :  0.002 0.005 0.007 0.001 0.003 0.003 0.980 
215      779    (0)    2 :  0.005 0.004 0.004 0.003 0.004 0.005 0.975 
216      780    (0)    2 :  0.001 0.004 0.002 0.003 0.011 0.002 0.977 
217      781    (0)    2 :  0.001 0.008 0.004 0.002 0.007 0.005 0.972 
218      782    (0)    2 :  0.001 0.005 0.005 0.002 0.005 0.004 0.979 
219      783    (0)    2 :  0.002 0.004 0.003 0.001 0.003 0.006 0.982 
220      784    (0)    2 :  0.003 0.035 0.007 0.007 0.021 0.004 0.923 
221      785    (0)    2 :  0.001 0.003 0.004 0.004 0.006 0.002 0.979 
222      786    (0)    2 :  0.001 0.003 0.003 0.002 0.003 0.004 0.985 
223      787    (0)    2 :  0.002 0.005 0.004 0.006 0.016 0.042 0.926 
224      115    (0)    3 :  0.001 0.004 0.002 0.002 0.004 0.005 0.982 
225      116    (0)    3 :  0.003 0.006 0.004 0.002 0.008 0.028 0.948 
226      117    (0)    3 :  0.002 0.013 0.004 0.002 0.029 0.018 0.931 
227      118    (0)    3 :  0.003 0.019 0.117 0.003 0.020 0.014 0.824 
228      119    (0)    3 :  0.007 0.007 0.006 0.002 0.019 0.101 0.858 
229      389    (0)    3 :  0.001 0.003 0.001 0.003 0.003 0.002 0.986 
230      548    (0)    3 :  0.006 0.006 0.011 0.004 0.012 0.018 0.943 
231      549    (0)    3 :  0.002 0.008 0.002 0.002 0.005 0.014 0.968 
232      550    (0)    3 :  0.004 0.028 0.011 0.006 0.029 0.213 0.709 
233      551    (0)    3 :  0.002 0.004 0.003 0.004 0.009 0.013 0.964 
234      552    (0)    3 :  0.003 0.032 0.003 0.001 0.014 0.023 0.925 
235      553    (0)    3 :  0.003 0.008 0.006 0.001 0.005 0.011 0.966 
236      009    (0)    4 :  0.003 0.003 0.002 0.002 0.003 0.003 0.985 
237      042    (0)    4 :  0.001 0.020 0.009 0.004 0.015 0.012 0.939 
238      044    (0)    4 :  0.003 0.019 0.003 0.008 0.013 0.023 0.932 
239      086    (0)    4 :  0.002 0.004 0.002 0.001 0.002 0.005 0.985 
240      087    (0)    4 :  0.002 0.009 0.003 0.002 0.011 0.005 0.968 
241      093    (0)    4 :  0.002 0.003 0.002 0.002 0.003 0.002 0.986 
242      095    (0)    4 :  0.005 0.012 0.015 0.003 0.020 0.042 0.904 
243      096    (0)    4 :  0.005 0.007 0.041 0.003 0.014 0.008 0.923 
244      097    (0)    4 :  0.002 0.003 0.003 0.001 0.003 0.004 0.984 
245      101    (0)    4 :  0.002 0.003 0.002 0.001 0.003 0.005 0.984 
246      183    (0)    4 :  0.002 0.005 0.004 0.002 0.004 0.003 0.981 
247      200    (0)    4 :  0.006 0.007 0.003 0.002 0.006 0.002 0.974 
248      210    (0)    4 :  0.004 0.007 0.002 0.002 0.003 0.004 0.979 
249      219    (0)    4 :  0.008 0.014 0.005 0.003 0.007 0.006 0.958 
250      230    (0)    4 :  0.001 0.004 0.002 0.001 0.003 0.005 0.984 
251      241    (0)    4 :  0.003 0.022 0.011 0.004 0.027 0.013 0.920 
252      307    (0)    4 :  0.002 0.009 0.003 0.002 0.003 0.008 0.972 
253      318    (0)    4 :  0.002 0.013 0.002 0.004 0.006 0.010 0.963 
254      323    (0)    4 :  0.002 0.005 0.003 0.002 0.006 0.003 0.979 
255      324    (0)    4 :  0.002 0.003 0.002 0.002 0.004 0.003 0.984 
256      325    (0)    4 :  0.002 0.004 0.003 0.014 0.005 0.003 0.970 
257      326    (0)    4 :  0.001 0.007 0.004 0.002 0.004 0.037 0.946 
258      338    (0)    4 :  0.002 0.007 0.003 0.001 0.012 0.003 0.971 
259      343    (0)    4 :  0.013 0.004 0.003 0.001 0.007 0.005 0.966 
260      379    (0)    4 :  0.001 0.008 0.003 0.002 0.010 0.002 0.974 
261      383    (0)    4 :  0.002 0.004 0.002 0.002 0.002 0.003 0.985 
262      385    (0)    4 :  0.001 0.010 0.005 0.001 0.007 0.003 0.973 
263      386    (0)    4 :  0.001 0.008 0.006 0.001 0.013 0.003 0.966 
264      387    (0)    4 :  0.032 0.003 0.010 0.002 0.004 0.003 0.946 
265      554    (0)    4 :  0.001 0.003 0.005 0.001 0.002 0.004 0.983 
266      877    (0)    4 :  0.002 0.003 0.002 0.002 0.003 0.005 0.984 
267      878    (0)    4 :  0.003 0.006 0.002 0.001 0.006 0.023 0.959 
268      880    (0)    4 :  0.001 0.015 0.012 0.002 0.015 0.037 0.919 
269      122    (0)    5 :  0.001 0.485 0.009 0.004 0.024 0.456 0.022 
270      123    (0)    5 :  0.005 0.008 0.003 0.025 0.010 0.947 0.002 
271      124    (0)    5 :  0.009 0.005 0.013 0.002 0.006 0.957 0.009 
272      125    (0)    5 :  0.001 0.004 0.002 0.001 0.005 0.984 0.003 
273      126    (0)    5 :  0.001 0.102 0.002 0.001 0.011 0.871 0.012 
274      128    (0)    5 :  0.003 0.018 0.012 0.003 0.011 0.950 0.003 
275      129    (0)    5 :  0.002 0.024 0.077 0.005 0.018 0.861 0.014 
276      130    (0)    5 :  0.001 0.011 0.004 0.001 0.005 0.961 0.016 
277      131    (0)    5 :  0.002 0.005 0.002 0.002 0.005 0.980 0.003 
278      132    (0)    5 :  0.006 0.004 0.008 0.001 0.003 0.964 0.014 
279      133    (0)    5 :  0.001 0.378 0.084 0.001 0.037 0.461 0.038 
280      134    (0)    5 :  0.013 0.014 0.005 0.007 0.017 0.939 0.005 
281      135    (0)    5 :  0.002 0.023 0.004 0.030 0.018 0.918 0.005 
282      136    (0)    5 :  0.005 0.018 0.006 0.033 0.007 0.928 0.003 
283      139    (0)    5 :  0.003 0.010 0.014 0.003 0.017 0.947 0.007 
284      140    (0)    5 :  0.002 0.007 0.018 0.008 0.051 0.903 0.010 
285      141    (0)    5 :  0.004 0.011 0.004 0.004 0.016 0.954 0.008 
286      142    (0)    5 :  0.002 0.003 0.004 0.002 0.005 0.969 0.015 
287      143    (0)    5 :  0.006 0.006 0.013 0.003 0.007 0.938 0.027 
288      144    (0)    5 :  0.002 0.016 0.006 0.001 0.013 0.954 0.008 
289      145    (0)    5 :  0.030 0.009 0.004 0.003 0.014 0.936 0.004 
290      148    (0)    5 :  0.002 0.043 0.003 0.010 0.056 0.876 0.010 
291      556    (0)    5 :  0.002 0.008 0.005 0.003 0.010 0.962 0.010 
292      557    (0)    5 :  0.014 0.005 0.002 0.005 0.006 0.964 0.005 
293      558    (0)    5 :  0.006 0.007 0.004 0.002 0.005 0.972 0.003 
294      559    (0)    5 :  0.001 0.015 0.007 0.002 0.008 0.960 0.007 
295      560    (0)    5 :  0.002 0.012 0.002 0.003 0.009 0.962 0.010 
296      561    (0)    5 :  0.001 0.003 0.003 0.001 0.002 0.984 0.005 
297      562    (0)    5 :  0.004 0.019 0.005 0.004 0.017 0.946 0.005 
298      563    (0)    5 :  0.005 0.033 0.009 0.062 0.063 0.824 0.004 
299      564    (0)    5 :  0.002 0.064 0.017 0.002 0.051 0.790 0.074 
300      565    (0)    5 :  0.002 0.003 0.003 0.003 0.003 0.984 0.003 
301      566    (0)    5 :  0.002 0.011 0.002 0.003 0.031 0.942 0.010 
302      567    (0)    5 :  0.003 0.005 0.004 0.010 0.010 0.965 0.003 
303      568    (0)    5 :  0.002 0.009 0.013 0.003 0.011 0.957 0.005 
304      569    (0)    5 :  0.008 0.005 0.003 0.002 0.005 0.974 0.003 
305      570    (0)    5 :  0.001 0.004 0.002 0.001 0.003 0.982 0.007 
306      613    (0)    5 :  0.002 0.004 0.003 0.002 0.003 0.981 0.004 
307      614    (0)    5 :  0.001 0.012 0.002 0.016 0.009 0.957 0.003 
308      615    (0)    5 :  0.004 0.019 0.003 0.005 0.009 0.928 0.032 
309      616    (0)    5 :  0.001 0.006 0.031 0.002 0.008 0.942 0.009 
310      617    (0)    5 :  0.004 0.009 0.004 0.007 0.022 0.937 0.018 
311      618    (0)    5 :  0.003 0.037 0.014 0.002 0.009 0.919 0.015 
312      619    (0)    5 :  0.007 0.017 0.003 0.652 0.314 0.005 0.002 
313      620    (0)    5 :  0.003 0.010 0.003 0.001 0.007 0.970 0.007 
314      621    (0)    5 :  0.001 0.012 0.003 0.001 0.006 0.961 0.016 
315      622    (0)    5 :  0.003 0.003 0.004 0.001 0.003 0.981 0.005 
316      623    (0)    5 :  0.002 0.004 0.002 0.002 0.003 0.984 0.004 
317      624    (0)    5 :  0.002 0.016 0.005 0.002 0.011 0.952 0.012 
318      625    (0)    5 :  0.002 0.056 0.003 0.003 0.012 0.908 0.016 
319      626    (0)    5 :  0.003 0.004 0.006 0.002 0.006 0.974 0.005 
320      627    (0)    5 :  0.003 0.018 0.010 0.018 0.026 0.911 0.014 
321      628    (0)    5 :  0.004 0.006 0.004 0.002 0.006 0.975 0.004 
322      629    (0)    5 :  0.002 0.009 0.010 0.003 0.007 0.965 0.004 
323      630    (0)    5 :  0.004 0.004 0.002 0.021 0.004 0.963 0.003 
324      631    (0)    5 :  0.004 0.004 0.021 0.002 0.003 0.964 0.003 
325      632    (0)    5 :  0.005 0.023 0.013 0.004 0.014 0.919 0.022 
326      633    (0)    5 :  0.007 0.087 0.013 0.005 0.034 0.843 0.010 
327      634    (0)    5 :  0.011 0.010 0.006 0.005 0.009 0.956 0.004 
328      635    (0)    5 :  0.003 0.005 0.002 0.002 0.005 0.980 0.003 
329      636    (0)    5 :  0.003 0.004 0.003 0.002 0.003 0.978 0.006 
330      637    (0)    5 :  0.001 0.105 0.011 0.006 0.184 0.671 0.021 
331      638    (0)    5 :  0.002 0.019 0.013 0.008 0.013 0.934 0.011 
332      639    (0)    5 :  0.002 0.026 0.009 0.006 0.144 0.798 0.016 
333      640    (0)    5 :  0.001 0.005 0.004 0.001 0.005 0.970 0.013 
334      689    (0)    5 :  0.001 0.006 0.003 0.003 0.006 0.976 0.005 
335      690    (0)    5 :  0.015 0.007 0.005 0.002 0.010 0.955 0.007 
336      691    (0)    5 :  0.001 0.015 0.001 0.003 0.005 0.957 0.018 
337      692    (0)    5 :  0.006 0.087 0.005 0.007 0.009 0.883 0.003 
338      693    (0)    5 :  0.002 0.005 0.003 0.002 0.004 0.981 0.003 
339      694    (0)    5 :  0.003 0.003 0.006 0.003 0.003 0.980 0.002 
340      695    (0)    5 :  0.001 0.003 0.003 0.001 0.003 0.984 0.006 
341      696    (0)    5 :  0.002 0.003 0.002 0.002 0.003 0.984 0.004 
342      697    (0)    5 :  0.002 0.003 0.006 0.001 0.003 0.979 0.005 
343      698    (0)    5 :  0.003 0.024 0.002 0.003 0.012 0.952 0.004 
344      699    (0)    5 :  0.001 0.003 0.003 0.001 0.003 0.984 0.004 
345      700    (0)    5 :  0.005 0.005 0.005 0.002 0.005 0.967 0.011 
346      701    (2)    5 :  0.002 0.017 0.004 0.003 0.010 0.957 0.006 
347      702    (0)    5 :  0.005 0.012 0.002 0.004 0.008 0.948 0.021 
348      703    (0)    5 :  0.003 0.008 0.002 0.003 0.004 0.976 0.003 
349      704    (0)    5 :  0.001 0.007 0.009 0.007 0.009 0.962 0.005 
350      390    (0)    6 :  0.012 0.003 0.003 0.001 0.003 0.002 0.975 
351      391    (0)    6 :  0.008 0.005 0.004 0.003 0.007 0.008 0.965 
352      392    (0)    6 :  0.060 0.063 0.033 0.004 0.034 0.058 0.747 
353      393    (0)    6 :  0.003 0.007 0.002 0.003 0.006 0.004 0.975 
354      394    (0)    6 :  0.004 0.016 0.004 0.017 0.023 0.006 0.931 
355      647    (0)    6 :  0.003 0.018 0.003 0.004 0.005 0.011 0.957 
356      648    (0)    6 :  0.001 0.006 0.003 0.001 0.003 0.006 0.979 
357      007    (0)    7 :  0.005 0.004 0.968 0.005 0.006 0.007 0.005 
358      012    (0)    7 :  0.004 0.009 0.942 0.007 0.016 0.013 0.008 
359      020    (0)    7 :  0.002 0.030 0.598 0.009 0.315 0.005 0.040 
360      021    (0)    7 :  0.001 0.003 0.989 0.001 0.002 0.002 0.002 
361      022    (0)    7 :  0.016 0.045 0.905 0.003 0.020 0.005 0.005 
362      034    (0)    7 :  0.004 0.004 0.965 0.002 0.007 0.010 0.008 
363      049    (0)    7 :  0.002 0.002 0.987 0.002 0.002 0.002 0.002 
364      062    (0)    7 :  0.001 0.002 0.991 0.001 0.002 0.002 0.001 
365      089    (0)    7 :  0.001 0.002 0.991 0.001 0.002 0.002 0.002 
366      092    (0)    7 :  0.001 0.001 0.992 0.001 0.001 0.002 0.002 
367      100    (0)    7 :  0.002 0.002 0.980 0.002 0.003 0.004 0.007 
368      105    (0)    7 :  0.001 0.004 0.974 0.005 0.007 0.003 0.007 
369      205    (0)    7 :  0.004 0.011 0.955 0.008 0.011 0.006 0.004 
370      206    (0)    7 :  0.002 0.171 0.664 0.003 0.024 0.019 0.117 
371      207    (0)    7 :  0.002 0.007 0.968 0.004 0.007 0.005 0.007 
372      208    (0)    7 :  0.002 0.018 0.939 0.003 0.018 0.007 0.014 
373      209    (0)    7 :  0.002 0.086 0.775 0.009 0.120 0.004 0.004 
374      377    (0)    7 :  0.002 0.004 0.982 0.002 0.002 0.005 0.003 
375      881    (0)    7 :  0.002 0.002 0.988 0.001 0.002 0.002 0.002 
376      003    (0)    8 :  0.967 0.006 0.015 0.003 0.005 0.003 0.002 
377      108    (0)    8 :  0.991 0.001 0.002 0.002 0.001 0.002 0.001 
378      194    (0)    8 :  0.937 0.007 0.011 0.025 0.005 0.004 0.011 
379      232    (0)    8 :  0.975 0.003 0.003 0.011 0.004 0.003 0.002 
380      321    (0)    8 :  0.984 0.002 0.002 0.006 0.002 0.002 0.002 
381      322    (0)    8 :  0.990 0.001 0.004 0.001 0.001 0.001 0.001 
382      329    (0)    8 :  0.991 0.001 0.001 0.001 0.002 0.002 0.001 
383      330    (0)    8 :  0.989 0.002 0.002 0.002 0.002 0.002 0.001 
384      342    (0)    8 :  0.956 0.008 0.002 0.004 0.020 0.006 0.004 
385      347    (0)    8 :  0.914 0.007 0.051 0.003 0.010 0.010 0.005 
386      801    (0)    9 :  0.005 0.446 0.023 0.016 0.413 0.089 0.009 
387      815    (0)    9 :  0.004 0.397 0.033 0.016 0.510 0.036 0.003 
388      816    (0)    9 :  0.001 0.869 0.006 0.001 0.016 0.048 0.059 
389      817    (0)    9 :  0.009 0.018 0.005 0.006 0.950 0.007 0.005 
390      818    (0)    9 :  0.002 0.103 0.003 0.003 0.825 0.052 0.012 
391      819    (0)    9 :  0.007 0.924 0.004 0.033 0.022 0.007 0.004 
392      820    (2)    9 :  0.001 0.025 0.012 0.002 0.939 0.009 0.012 
393      821    (0)    9 :  0.002 0.499 0.003 0.005 0.477 0.006 0.008 
394      822    (0)    9 :  0.265 0.568 0.005 0.030 0.114 0.011 0.008 
395      853    (0)    9 :  0.009 0.251 0.003 0.045 0.611 0.031 0.050 


Estimated Allele Frequencies in each cluster
First column gives estimated ancestral frequencies


Locus 1 : 1 
4 alleles
0.0% missing data
  91   (0.372) 0.566 0.294 0.328 0.603 0.352 0.522 0.326 
  89   (0.475) 0.101 0.552 0.618 0.366 0.478 0.436 0.572 
  93   (0.132) 0.046 0.150 0.052 0.030 0.141 0.041 0.102 
  99   (0.022) 0.287 0.005 0.002 0.001 0.029 0.001 0.001 

Locus 2 : 2 
6 alleles
0.0% missing data
 136   (0.379) 0.068 0.329 0.528 0.557 0.365 0.514 0.526 
 138   (0.241) 0.886 0.241 0.130 0.205 0.239 0.111 0.269 
 140   (0.075) 0.009 0.089 0.008 0.067 0.081 0.008 0.064 
 142   (0.033) 0.003 0.015 0.003 0.045 0.020 0.073 0.001 
 134   (0.252) 0.030 0.320 0.327 0.126 0.252 0.293 0.140 
 132   (0.020) 0.003 0.008 0.003 0.001 0.043 0.001 0.001 

Locus 3 : 3 
6 alleles
0.0% missing data
 179   (0.258) 0.029 0.358 0.028 0.106 0.256 0.478 0.345 
 185   (0.088) 0.013 0.091 0.196 0.172 0.101 0.020 0.002 
 187   (0.352) 0.783 0.291 0.476 0.404 0.356 0.175 0.490 
 175   (0.064) 0.007 0.048 0.011 0.213 0.077 0.031 0.002 
 191   (0.049) 0.006 0.058 0.213 0.023 0.025 0.003 0.044 
 181   (0.189) 0.163 0.154 0.075 0.082 0.185 0.293 0.117 

Locus 4 : 4 
12 alleles
0.0% missing data
 245   (0.018) 0.002 0.004 0.002 0.097 0.015 0.001 0.000 
 271   (0.062) 0.015 0.056 0.006 0.167 0.056 0.009 0.030 
 241   (0.179) 0.068 0.121 0.124 0.463 0.202 0.178 0.078 
 249   (0.043) 0.089 0.014 0.004 0.077 0.032 0.003 0.112 
 253   (0.386) 0.395 0.477 0.411 0.123 0.363 0.615 0.655 
 247   (0.061) 0.007 0.067 0.353 0.042 0.084 0.004 0.002 
 269   (0.188) 0.334 0.243 0.086 0.028 0.201 0.187 0.116 
 239   (0.016) 0.084 0.004 0.008 0.001 0.010 0.001 0.000 
 265   (0.011) 0.001 0.003 0.001 0.000 0.011 0.001 0.000 
 273   (0.014) 0.003 0.008 0.002 0.001 0.015 0.001 0.000 
 235   (0.011) 0.002 0.002 0.001 0.000 0.005 0.001 0.004 
 267   (0.011) 0.001 0.002 0.001 0.000 0.005 0.001 0.003 

Locus 5 : 5 
5 alleles
0.8% missing data
 103   (0.868) 0.986 0.938 0.895 0.750 0.896 0.845 0.964 
 105   (0.054) 0.006 0.041 0.006 0.187 0.045 0.134 0.002 
 104   (0.041) 0.004 0.012 0.004 0.038 0.030 0.019 0.031 
 107   (0.017) 0.002 0.004 0.002 0.024 0.007 0.001 0.003 
 102   (0.020) 0.002 0.005 0.094 0.001 0.022 0.001 0.001 

Locus 6 : 6 
6 alleles
0.0% missing data
 135   (0.317) 0.803 0.199 0.493 0.678 0.315 0.228 0.204 
 147   (0.068) 0.007 0.020 0.145 0.132 0.049 0.053 0.051 
 137   (0.022) 0.002 0.005 0.008 0.089 0.022 0.001 0.001 
 141   (0.296) 0.032 0.236 0.145 0.089 0.329 0.387 0.558 
 145   (0.285) 0.155 0.538 0.206 0.012 0.280 0.331 0.183 
 143   (0.011) 0.001 0.003 0.001 0.000 0.005 0.001 0.004 

Locus 7 : 7 
10 alleles
0.3% missing data
  89   (0.082) 0.009 0.070 0.010 0.263 0.079 0.039 0.045 
  93   (0.233) 0.338 0.184 0.177 0.251 0.241 0.167 0.368 
  97   (0.195) 0.190 0.198 0.292 0.145 0.194 0.087 0.211 
 101   (0.021) 0.004 0.009 0.002 0.099 0.012 0.001 0.003 
 105   (0.022) 0.130 0.008 0.002 0.119 0.009 0.001 0.001 
  91   (0.061) 0.283 0.013 0.136 0.090 0.039 0.036 0.036 
  99   (0.019) 0.003 0.010 0.002 0.018 0.015 0.001 0.001 
  83   (0.045) 0.004 0.083 0.051 0.002 0.039 0.025 0.001 
 103   (0.278) 0.034 0.385 0.324 0.012 0.339 0.579 0.287 
  85   (0.045) 0.006 0.041 0.005 0.002 0.033 0.064 0.049 

Locus 8 : 8 
10 alleles
0.0% missing data
 129   (0.535) 0.373 0.640 0.596 0.305 0.603 0.510 0.627 
 143   (0.246) 0.364 0.242 0.238 0.358 0.243 0.383 0.082 
 149   (0.060) 0.006 0.036 0.049 0.299 0.047 0.003 0.138 
 127   (0.024) 0.038 0.005 0.033 0.031 0.013 0.002 0.001 
 141   (0.066) 0.007 0.046 0.077 0.003 0.047 0.093 0.145 
 133   (0.018) 0.002 0.010 0.002 0.001 0.024 0.001 0.001 
 145   (0.016) 0.002 0.012 0.002 0.001 0.007 0.006 0.000 
 131   (0.014) 0.168 0.003 0.001 0.001 0.006 0.001 0.002 
 121   (0.011) 0.001 0.002 0.001 0.000 0.005 0.001 0.004 
 128   (0.011) 0.038 0.002 0.001 0.000 0.004 0.001 0.000 

Locus 9 : 9 
4 alleles
0.0% missing data
 191   (0.381) 0.379 0.299 0.464 0.343 0.370 0.453 0.590 
 195   (0.190) 0.141 0.228 0.041 0.365 0.143 0.346 0.143 
 189   (0.412) 0.478 0.466 0.492 0.291 0.476 0.200 0.263 
 193   (0.016) 0.002 0.007 0.002 0.001 0.011 0.001 0.004 

Locus 10 : 10 
7 alleles
0.0% missing data
 232   (0.232) 0.178 0.194 0.293 0.107 0.248 0.153 0.412 
 238   (0.502) 0.318 0.643 0.232 0.667 0.514 0.588 0.443 
 250   (0.039) 0.004 0.023 0.004 0.143 0.047 0.007 0.001 
 254   (0.075) 0.483 0.028 0.290 0.023 0.057 0.065 0.018 
 252   (0.121) 0.013 0.098 0.167 0.058 0.099 0.185 0.122 
 248   (0.020) 0.002 0.011 0.012 0.001 0.030 0.001 0.001 
 240   (0.011) 0.001 0.002 0.001 0.000 0.005 0.001 0.004 

Locus 11 : 11 
5 alleles
0.0% missing data
  89   (0.204) 0.195 0.244 0.275 0.073 0.161 0.228 0.227 
  91   (0.057) 0.006 0.048 0.098 0.283 0.033 0.003 0.104 
  87   (0.710) 0.796 0.701 0.612 0.568 0.786 0.767 0.668 
  85   (0.018) 0.002 0.004 0.002 0.075 0.014 0.001 0.000 
  83   (0.011) 0.001 0.003 0.014 0.000 0.007 0.001 0.000 

Locus 12 : 12 
13 alleles
0.0% missing data
 160   (0.273) 0.486 0.322 0.635 0.509 0.268 0.085 0.176 
 161   (0.093) 0.010 0.076 0.010 0.242 0.079 0.191 0.039 
 170   (0.049) 0.005 0.036 0.005 0.081 0.068 0.003 0.012 
 158   (0.203) 0.021 0.198 0.071 0.066 0.213 0.267 0.458 
 143   (0.030) 0.272 0.008 0.003 0.071 0.016 0.015 0.001 
 154   (0.023) 0.003 0.006 0.002 0.015 0.031 0.001 0.001 
 162   (0.224) 0.192 0.248 0.265 0.009 0.262 0.314 0.173 
 134   (0.011) 0.001 0.004 0.001 0.000 0.010 0.001 0.000 
 147   (0.043) 0.004 0.045 0.004 0.002 0.020 0.121 0.132 
 159   (0.012) 0.001 0.020 0.001 0.000 0.005 0.001 0.000 
 149   (0.018) 0.003 0.032 0.002 0.001 0.013 0.001 0.001 
 164   (0.012) 0.001 0.002 0.001 0.000 0.005 0.001 0.008 
 165   (0.011) 0.001 0.003 0.001 0.002 0.010 0.001 0.000 

Locus 13 : 13 
4 alleles
0.0% missing data
 113   (0.342) 0.461 0.313 0.471 0.288 0.338 0.374 0.343 
 115   (0.470) 0.139 0.518 0.479 0.441 0.505 0.455 0.485 
 108   (0.176) 0.399 0.166 0.048 0.269 0.150 0.169 0.172 
 110   (0.011) 0.001 0.003 0.001 0.002 0.008 0.002 0.000 

Locus 14 : 14 
10 alleles
0.0% missing data
 229   (0.422) 0.082 0.461 0.406 0.419 0.491 0.329 0.499 
 233   (0.068) 0.135 0.040 0.007 0.077 0.046 0.025 0.103 
 231   (0.185) 0.408 0.099 0.418 0.445 0.154 0.433 0.099 
 225   (0.146) 0.065 0.130 0.149 0.050 0.168 0.065 0.070 
 227   (0.126) 0.304 0.244 0.013 0.005 0.103 0.144 0.224 
 203   (0.011) 0.001 0.008 0.001 0.000 0.006 0.001 0.000 
 213   (0.011) 0.001 0.002 0.001 0.001 0.012 0.001 0.000 
 221   (0.011) 0.001 0.011 0.001 0.000 0.005 0.001 0.000 
 255   (0.011) 0.001 0.003 0.002 0.000 0.005 0.001 0.003 
 223   (0.011) 0.001 0.002 0.001 0.002 0.010 0.001 0.000 

Locus 15 : 15 
5 alleles
0.3% missing data
 143   (0.879) 0.728 0.953 0.858 0.776 0.912 0.914 0.982 
 147   (0.030) 0.003 0.014 0.045 0.096 0.022 0.002 0.001 
 145   (0.064) 0.267 0.028 0.007 0.127 0.044 0.083 0.015 
 157   (0.015) 0.002 0.003 0.002 0.001 0.018 0.001 0.002 
 133   (0.012) 0.001 0.002 0.089 0.000 0.005 0.001 0.000 

Locus 16 : 16 
5 alleles
0.0% missing data
 154   (0.095) 0.084 0.034 0.080 0.335 0.089 0.063 0.046 
 158   (0.481) 0.432 0.541 0.466 0.341 0.522 0.463 0.555 
 160   (0.141) 0.015 0.148 0.075 0.104 0.135 0.137 0.152 
 156   (0.272) 0.467 0.267 0.378 0.219 0.249 0.337 0.246 
 152   (0.011) 0.001 0.010 0.001 0.000 0.005 0.001 0.000 

Locus 17 : 17 
5 alleles
0.0% missing data
  88   (0.060) 0.006 0.048 0.006 0.340 0.048 0.012 0.027 
  90   (0.670) 0.540 0.656 0.630 0.411 0.687 0.825 0.732 
 100   (0.074) 0.432 0.086 0.008 0.178 0.096 0.005 0.003 
 102   (0.184) 0.021 0.207 0.355 0.071 0.157 0.158 0.238 
 104   (0.011) 0.001 0.002 0.001 0.000 0.012 0.001 0.000 

Locus 18 : 18 
7 alleles
0.0% missing data
 127   (0.308) 0.459 0.263 0.198 0.409 0.295 0.377 0.244 
 140   (0.269) 0.483 0.325 0.058 0.257 0.249 0.420 0.136 
 150   (0.062) 0.008 0.070 0.391 0.202 0.046 0.014 0.002 
 148   (0.111) 0.013 0.116 0.229 0.111 0.085 0.046 0.084 
 142   (0.096) 0.010 0.060 0.013 0.016 0.179 0.006 0.397 
 138   (0.063) 0.006 0.095 0.006 0.002 0.054 0.061 0.035 
 146   (0.091) 0.020 0.070 0.105 0.004 0.092 0.076 0.103 

Locus 19 : 19 
6 alleles
0.0% missing data
 194   (0.589) 0.676 0.517 0.600 0.612 0.625 0.650 0.551 
 202   (0.047) 0.085 0.016 0.141 0.083 0.048 0.003 0.001 
 200   (0.089) 0.205 0.182 0.010 0.240 0.070 0.048 0.003 
 198   (0.014) 0.001 0.003 0.002 0.011 0.008 0.001 0.000 
 190   (0.129) 0.018 0.120 0.107 0.048 0.087 0.240 0.345 
 188   (0.133) 0.015 0.162 0.140 0.006 0.163 0.058 0.099 

Locus 20 : 20 
6 alleles
0.0% missing data
 244   (0.042) 0.006 0.021 0.005 0.055 0.028 0.007 0.027 
 246   (0.150) 0.049 0.137 0.293 0.184 0.119 0.244 0.030 
 252   (0.587) 0.141 0.764 0.566 0.071 0.648 0.635 0.787 
 254   (0.102) 0.014 0.047 0.077 0.277 0.096 0.075 0.051 
 250   (0.099) 0.757 0.026 0.058 0.412 0.085 0.038 0.105 
 248   (0.019) 0.033 0.004 0.002 0.001 0.024 0.001 0.001 

Locus 21 : 21 
10 alleles
0.0% missing data
 173   (0.279) 0.200 0.332 0.139 0.220 0.305 0.202 0.312 
 175   (0.130) 0.156 0.131 0.074 0.333 0.090 0.264 0.050 
 167   (0.240) 0.075 0.345 0.248 0.107 0.227 0.220 0.328 
 165   (0.063) 0.011 0.033 0.007 0.127 0.061 0.174 0.008 
 163   (0.044) 0.005 0.012 0.335 0.125 0.060 0.006 0.001 
 159   (0.012) 0.001 0.002 0.001 0.021 0.006 0.001 0.000 
 177   (0.199) 0.548 0.137 0.172 0.066 0.236 0.121 0.297 
 169   (0.011) 0.001 0.002 0.001 0.000 0.005 0.001 0.004 
 171   (0.012) 0.001 0.002 0.002 0.000 0.005 0.012 0.000 
 161   (0.011) 0.001 0.002 0.021 0.000 0.005 0.001 0.000 

Locus 22 : 22 
11 alleles
0.3% missing data
 150   (0.060) 0.044 0.023 0.049 0.163 0.047 0.023 0.012 
 158   (0.108) 0.012 0.114 0.060 0.403 0.097 0.066 0.028 
 152   (0.399) 0.268 0.471 0.423 0.074 0.459 0.473 0.543 
 142   (0.020) 0.002 0.031 0.002 0.059 0.009 0.001 0.001 
 162   (0.042) 0.005 0.033 0.075 0.171 0.030 0.009 0.001 
 156   (0.027) 0.004 0.014 0.184 0.069 0.015 0.002 0.001 
 164   (0.050) 0.006 0.019 0.006 0.047 0.059 0.047 0.006 
 148   (0.022) 0.349 0.006 0.002 0.002 0.029 0.001 0.001 
 146   (0.183) 0.157 0.227 0.188 0.008 0.180 0.282 0.265 
 166   (0.075) 0.152 0.060 0.008 0.003 0.069 0.096 0.080 
 154   (0.013) 0.001 0.003 0.001 0.000 0.006 0.001 0.063 

Locus 23 : 23 
6 alleles
0.3% missing data
 154   (0.494) 0.276 0.551 0.267 0.247 0.544 0.646 0.521 
 158   (0.028) 0.004 0.007 0.003 0.094 0.023 0.002 0.015 
 144   (0.210) 0.685 0.205 0.470 0.233 0.167 0.174 0.164 
 156   (0.141) 0.020 0.114 0.014 0.349 0.175 0.131 0.047 
 160   (0.112) 0.013 0.119 0.243 0.075 0.083 0.046 0.210 
 152   (0.015) 0.001 0.005 0.001 0.001 0.008 0.001 0.043 

Locus 24 : 24 
4 alleles
0.3% missing data
  83   (0.513) 0.604 0.458 0.925 0.626 0.492 0.608 0.469 
  81   (0.338) 0.380 0.412 0.040 0.310 0.376 0.271 0.299 
  85   (0.060) 0.006 0.042 0.006 0.060 0.040 0.067 0.042 
  77   (0.089) 0.009 0.088 0.029 0.004 0.092 0.054 0.191 

Locus 25 : 25 
6 alleles
0.3% missing data
 124   (0.523) 0.385 0.578 0.360 0.556 0.518 0.597 0.421 
 122   (0.125) 0.016 0.078 0.034 0.391 0.140 0.120 0.029 
 120   (0.022) 0.382 0.007 0.002 0.019 0.011 0.001 0.001 
 126   (0.044) 0.007 0.031 0.006 0.022 0.037 0.004 0.041 
 132   (0.273) 0.208 0.288 0.597 0.011 0.285 0.278 0.508 
 136   (0.014) 0.001 0.018 0.001 0.001 0.008 0.001 0.000 

Locus 26 : 26 
6 alleles
0.0% missing data
 181   (0.052) 0.005 0.065 0.005 0.161 0.040 0.030 0.002 
 183   (0.381) 0.200 0.297 0.687 0.297 0.400 0.311 0.466 
 179   (0.078) 0.396 0.092 0.008 0.327 0.056 0.005 0.081 
 165   (0.246) 0.375 0.287 0.064 0.085 0.231 0.343 0.172 
 185   (0.018) 0.002 0.009 0.002 0.120 0.009 0.001 0.001 
 175   (0.226) 0.022 0.250 0.234 0.009 0.264 0.310 0.279 

Locus 27 : 27 
4 alleles
0.0% missing data
 142   (0.538) 0.491 0.648 0.722 0.406 0.475 0.598 0.698 
 148   (0.258) 0.486 0.152 0.094 0.283 0.312 0.289 0.136 
 150   (0.137) 0.015 0.133 0.177 0.182 0.166 0.100 0.008 
 138   (0.067) 0.008 0.068 0.007 0.129 0.047 0.014 0.158 

Locus 28 : 28 
5 alleles
0.0% missing data
 260   (0.431) 0.180 0.443 0.258 0.234 0.529 0.344 0.355 
 262   (0.460) 0.809 0.476 0.572 0.650 0.381 0.597 0.617 
 256   (0.078) 0.008 0.039 0.168 0.115 0.062 0.057 0.027 
 258   (0.017) 0.002 0.012 0.002 0.001 0.022 0.001 0.000 
 264   (0.013) 0.001 0.029 0.001 0.001 0.006 0.001 0.000 

Locus 29 : 29 
5 alleles
0.3% missing data
 146   (0.255) 0.028 0.207 0.440 0.364 0.291 0.238 0.120 
 140   (0.170) 0.767 0.154 0.148 0.402 0.115 0.227 0.097 
 150   (0.463) 0.193 0.576 0.253 0.182 0.478 0.452 0.721 
 148   (0.091) 0.010 0.054 0.157 0.051 0.073 0.081 0.061 
 152   (0.021) 0.003 0.008 0.002 0.002 0.041 0.001 0.001 

Locus 30 : 30 
6 alleles
0.0% missing data
 127   (0.073) 0.568 0.034 0.007 0.385 0.067 0.130 0.002 
 131   (0.033) 0.003 0.051 0.003 0.173 0.027 0.002 0.001 
 129   (0.474) 0.344 0.576 0.647 0.201 0.471 0.447 0.463 
 123   (0.118) 0.015 0.140 0.089 0.063 0.085 0.117 0.107 
 125   (0.288) 0.069 0.197 0.251 0.176 0.328 0.304 0.426 
 121   (0.014) 0.001 0.003 0.001 0.001 0.021 0.001 0.000 

Locus 31 : 31 
5 alleles
0.0% missing data
 155   (0.567) 0.662 0.477 0.591 0.549 0.651 0.451 0.609 
 157   (0.221) 0.242 0.243 0.065 0.090 0.205 0.323 0.191 
 153   (0.058) 0.035 0.096 0.006 0.195 0.035 0.003 0.076 
 159   (0.120) 0.015 0.171 0.012 0.152 0.086 0.220 0.123 
 151   (0.034) 0.046 0.013 0.325 0.014 0.023 0.002 0.002 

Locus 32 : 32 
4 alleles
0.0% missing data
 150   (0.551) 0.606 0.572 0.551 0.280 0.583 0.525 0.808 
 154   (0.060) 0.040 0.058 0.006 0.050 0.044 0.075 0.004 
 146   (0.310) 0.347 0.306 0.435 0.564 0.314 0.306 0.099 
 148   (0.079) 0.008 0.064 0.008 0.106 0.059 0.095 0.089 

Locus 33 : 33 
7 alleles
0.0% missing data
 180   (0.448) 0.770 0.447 0.730 0.330 0.420 0.424 0.570 
 190   (0.030) 0.003 0.006 0.003 0.046 0.027 0.025 0.001 
 184   (0.199) 0.187 0.139 0.051 0.130 0.212 0.268 0.175 
 198   (0.049) 0.008 0.029 0.082 0.290 0.029 0.003 0.050 
 192   (0.140) 0.016 0.232 0.120 0.197 0.152 0.167 0.004 
 196   (0.122) 0.014 0.144 0.012 0.006 0.155 0.113 0.178 
 194   (0.012) 0.001 0.002 0.001 0.000 0.005 0.001 0.022 

Locus 34 : 34 
7 alleles
0.0% missing data
 108   (0.118) 0.139 0.099 0.074 0.555 0.133 0.046 0.005 
 110   (0.238) 0.260 0.179 0.068 0.147 0.240 0.343 0.337 
 106   (0.307) 0.293 0.364 0.669 0.206 0.286 0.312 0.142 
 112   (0.265) 0.027 0.329 0.114 0.089 0.271 0.268 0.503 
  94   (0.017) 0.002 0.004 0.002 0.001 0.038 0.001 0.000 
  90   (0.043) 0.279 0.022 0.005 0.002 0.028 0.030 0.011 
  96   (0.012) 0.001 0.002 0.067 0.000 0.005 0.001 0.000 

Locus 35 : 35 
8 alleles
0.0% missing data
 168   (0.065) 0.401 0.100 0.006 0.371 0.061 0.004 0.002 
 170   (0.326) 0.533 0.192 0.576 0.289 0.326 0.515 0.184 
 172   (0.279) 0.030 0.378 0.384 0.191 0.258 0.119 0.424 
 174   (0.103) 0.011 0.152 0.010 0.044 0.119 0.070 0.010 
 186   (0.022) 0.002 0.030 0.002 0.068 0.010 0.001 0.001 
 176   (0.114) 0.012 0.040 0.013 0.033 0.155 0.251 0.118 
 178   (0.040) 0.004 0.060 0.004 0.002 0.042 0.002 0.019 
 166   (0.050) 0.006 0.049 0.005 0.002 0.029 0.037 0.243 

Locus 36 : 36 
6 alleles
0.0% missing data
  83   (0.131) 0.018 0.127 0.026 0.328 0.153 0.075 0.035 
  89   (0.529) 0.293 0.559 0.766 0.591 0.506 0.598 0.695 
  85   (0.202) 0.324 0.229 0.194 0.036 0.210 0.112 0.181 
  91   (0.020) 0.351 0.004 0.002 0.016 0.012 0.001 0.001 
  95   (0.077) 0.008 0.049 0.008 0.027 0.070 0.089 0.088 
  81   (0.041) 0.005 0.032 0.004 0.002 0.049 0.125 0.001 

Locus 37 : 37 
8 alleles
0.0% missing data
 161   (0.347) 0.080 0.335 0.402 0.557 0.334 0.359 0.503 
 173   (0.282) 0.415 0.303 0.514 0.208 0.264 0.429 0.099 
 165   (0.231) 0.073 0.210 0.067 0.224 0.257 0.203 0.247 
 159   (0.017) 0.002 0.004 0.002 0.006 0.007 0.001 0.023 
 169   (0.072) 0.043 0.071 0.010 0.003 0.111 0.005 0.120 
 167   (0.023) 0.004 0.054 0.002 0.001 0.015 0.001 0.003 
 175   (0.012) 0.001 0.020 0.001 0.000 0.005 0.001 0.000 
 168   (0.017) 0.383 0.003 0.002 0.001 0.007 0.001 0.005 

Locus 38 : 38 
7 alleles
0.0% missing data
  87   (0.146) 0.752 0.095 0.204 0.365 0.116 0.069 0.166 
  91   (0.171) 0.045 0.154 0.300 0.217 0.155 0.284 0.048 
  85   (0.219) 0.151 0.223 0.270 0.144 0.221 0.257 0.076 
  89   (0.347) 0.038 0.447 0.077 0.270 0.417 0.226 0.637 
  81   (0.085) 0.011 0.074 0.146 0.003 0.076 0.138 0.046 
  93   (0.020) 0.002 0.005 0.002 0.001 0.009 0.024 0.019 
  95   (0.011) 0.001 0.002 0.001 0.000 0.005 0.001 0.007 

Locus 39 : 39 
4 alleles
0.0% missing data
 161   (0.164) 0.182 0.142 0.101 0.511 0.161 0.045 0.070 
 167   (0.788) 0.812 0.846 0.894 0.433 0.780 0.953 0.921 
 165   (0.036) 0.005 0.009 0.004 0.055 0.054 0.002 0.006 
 155   (0.011) 0.001 0.003 0.001 0.000 0.005 0.001 0.003 

Locus 40 : 40 
7 alleles
0.3% missing data
 228   (0.406) 0.487 0.419 0.198 0.333 0.413 0.324 0.582 
 240   (0.119) 0.062 0.157 0.153 0.422 0.123 0.038 0.004 
 236   (0.094) 0.151 0.021 0.594 0.125 0.071 0.109 0.094 
 238   (0.315) 0.173 0.382 0.047 0.111 0.355 0.408 0.257 
 224   (0.040) 0.004 0.015 0.005 0.008 0.022 0.119 0.059 
 242   (0.016) 0.121 0.003 0.002 0.001 0.013 0.001 0.000 
 246   (0.011) 0.001 0.003 0.001 0.000 0.005 0.001 0.004 

Locus 41 : 41 
9 alleles
0.3% missing data
 130   (0.503) 0.094 0.444 0.405 0.657 0.605 0.463 0.471 
 134   (0.117) 0.304 0.187 0.014 0.252 0.101 0.128 0.006 
 118   (0.061) 0.074 0.064 0.252 0.073 0.040 0.011 0.002 
 132   (0.115) 0.012 0.082 0.302 0.009 0.100 0.178 0.219 
 128   (0.068) 0.007 0.128 0.013 0.003 0.044 0.057 0.192 
 114   (0.096) 0.505 0.081 0.010 0.004 0.089 0.150 0.089 
 122   (0.018) 0.002 0.009 0.002 0.001 0.009 0.001 0.019 
 120   (0.011) 0.001 0.002 0.001 0.000 0.005 0.006 0.000 
 119   (0.011) 0.001 0.002 0.002 0.000 0.006 0.005 0.000 

Locus 42 : 42 
8 alleles
0.0% missing data
  92   (0.140) 0.204 0.073 0.014 0.359 0.164 0.104 0.108 
  96   (0.073) 0.163 0.034 0.007 0.177 0.050 0.052 0.075 
  98   (0.159) 0.280 0.069 0.108 0.290 0.165 0.114 0.187 
 104   (0.352) 0.081 0.499 0.321 0.163 0.391 0.303 0.201 
 102   (0.234) 0.268 0.312 0.526 0.009 0.204 0.406 0.428 
 106   (0.011) 0.001 0.003 0.001 0.000 0.012 0.001 0.000 
  94   (0.014) 0.001 0.006 0.002 0.001 0.006 0.009 0.000 
 100   (0.017) 0.002 0.004 0.021 0.001 0.008 0.012 0.000 

Locus 43 : 43 
6 alleles
0.0% missing data
  95   (0.254) 0.053 0.261 0.413 0.391 0.225 0.219 0.377 
  99   (0.096) 0.330 0.039 0.011 0.297 0.101 0.055 0.044 
 101   (0.315) 0.030 0.373 0.168 0.231 0.333 0.416 0.334 
  97   (0.038) 0.360 0.020 0.018 0.029 0.025 0.006 0.001 
 103   (0.286) 0.225 0.305 0.389 0.053 0.310 0.303 0.240 
 105   (0.011) 0.001 0.002 0.001 0.000 0.005 0.001 0.004 

Locus 44 : 44 
8 alleles
0.0% missing data
 177   (0.071) 0.007 0.067 0.010 0.066 0.054 0.025 0.114 
 191   (0.263) 0.110 0.304 0.047 0.629 0.245 0.424 0.177 
 179   (0.031) 0.304 0.041 0.003 0.089 0.014 0.002 0.001 
 181   (0.569) 0.570 0.561 0.908 0.207 0.626 0.541 0.706 
 193   (0.019) 0.004 0.005 0.004 0.008 0.021 0.001 0.001 
 183   (0.014) 0.001 0.009 0.001 0.001 0.015 0.001 0.000 
 189   (0.021) 0.002 0.009 0.025 0.001 0.019 0.001 0.001 
 187   (0.011) 0.001 0.003 0.001 0.000 0.006 0.005 0.000 

Locus 45 : 45 
6 alleles
0.5% missing data
 205   (0.436) 0.319 0.532 0.281 0.331 0.485 0.449 0.451 
 211   (0.207) 0.163 0.204 0.162 0.376 0.171 0.284 0.237 
 207   (0.191) 0.055 0.161 0.437 0.110 0.230 0.095 0.158 
 201   (0.063) 0.452 0.050 0.006 0.053 0.035 0.044 0.060 
 215   (0.086) 0.010 0.042 0.111 0.063 0.071 0.127 0.094 
 202   (0.017) 0.002 0.011 0.002 0.067 0.008 0.001 0.000 

Locus 46 : 46 
10 alleles
0.0% missing data
 158   (0.186) 0.154 0.144 0.248 0.163 0.199 0.229 0.131 
 170   (0.026) 0.003 0.006 0.005 0.071 0.028 0.002 0.004 
 168   (0.159) 0.118 0.090 0.127 0.253 0.188 0.120 0.185 
 156   (0.037) 0.141 0.034 0.004 0.112 0.021 0.009 0.001 
 164   (0.050) 0.056 0.043 0.006 0.131 0.034 0.061 0.002 
 142   (0.259) 0.030 0.394 0.296 0.164 0.272 0.338 0.186 
 144   (0.049) 0.005 0.074 0.009 0.015 0.039 0.003 0.194 
 162   (0.058) 0.356 0.039 0.006 0.054 0.048 0.144 0.002 
 166   (0.159) 0.135 0.173 0.277 0.019 0.164 0.095 0.295 
 160   (0.016) 0.002 0.003 0.022 0.015 0.007 0.001 0.000 

Locus 47 : 47 
6 alleles
0.0% missing data
 149   (0.307) 0.473 0.344 0.223 0.730 0.338 0.127 0.103 
 145   (0.245) 0.355 0.285 0.650 0.081 0.192 0.340 0.214 
 151   (0.215) 0.146 0.164 0.032 0.124 0.223 0.362 0.282 
 143   (0.021) 0.002 0.005 0.002 0.028 0.027 0.001 0.001 
 153   (0.194) 0.022 0.199 0.091 0.037 0.207 0.169 0.381 
 147   (0.018) 0.002 0.004 0.002 0.001 0.014 0.001 0.019 

Values of parameters used in structure:
DATAFILE=temp1.str,	OUTFILE=k7/temp1_k7_run4,	NUMINDS=395,	NUMLOCI=47,	MISSING=-9,	LABEL=1,	POPDATA=1,	POPFLAG=0,	PHENOTYPE=0,	EXTRACOLS=0,	MAXPOPS=7,	BURNIN=500000,	NUMREPS=750000,	USEPOPINFO=0,	INFERALPHA=1,	INFERLAMBDA=0,	POPSPECIFICLAMBDA=0,	POPALPHAS=0,	COMPUTEPROB=1,	NOADMIX=0,	ADMBURNIN=500,	UPDATEFREQ=100,	PRINTLIKES=0,	INTERMEDSAVE=0,	PRINTKLD=0,	PRINTNET=1,	PRINTLAMBDA=1,	ANCESTDIST=0,	NUMBOXES=1000,	ANCESTPINT=0.90000,	GENSBACK=2,	MIGRPRIOR=0.01000,	PRINTQHAT=0,	PRINTQSUM=1,	ALPHA=1.0000,	FREQSCORR=1,	FPRIORMEAN=0.0100,	FPRIORSD=0.0500,	ONEFST=0,	LAMBDA=1.0000,	UNIFPRIORALPHA=1,	ALPHAMAX=10.0000,	ALPHAPRIORA=1.0000,	ALPHAPRIORB=2.0000,	ALPHAPROPSD=0.0250,	STARTATPOPINFO=0,	RANDOMIZE=0,	LINKAGE=0,	METROFREQ=10,	REPORTHITRATE=0,	MARKOVPHASE=0,	PHASED=1,	PLOIDY=2,	PHASEINFO=0	LOCPRIOR=0, 	LOCPRIORINIT=1.000000, 	LOCDATA=0, 	LOCISPOP=1, 	LOCPRIORSTEP=0.100000, 	MAXLOCPRIOR=20.000000, 	SEED=180965,	
[STRAT parameters]:    NUMSIMSTATS=1000,	PHENOTYPECOL=-9,	POOLFREQ=10,	LOCUSxONLY=0,	EMERROR=0.00100,	MISSINGPHENO=-9,	