

----------------------------------------------------
STRUCTURE by Pritchard, Stephens and Donnelly (2000)
     and Falush, Stephens and Pritchard (2003)
       Code by Pritchard, Falush and Hubisz
             Version 2.3.4 (Jul 2012)
----------------------------------------------------



Command line arguments:   structure -D 750694 -K 7 -m mainparams -o k7/temp1_k7_run5 
Input File:    temp1.str

Run parameters:
   395 individuals
   47 loci
   7 populations assumed
   500000 Burn-in period
   750000 Reps
RANDOMIZE turned off


--------------------------------------------
Proportion of membership of each pre-defined
 population in each of the 7 clusters

Given    Inferred Clusters                                   Number of
 Pop       1      2      3      4      5      6      7      Individuals

  1:     0.971  0.007  0.005  0.005  0.004  0.004  0.004       62
  2:     0.003  0.003  0.013  0.006  0.011  0.009  0.955       79
  3:     0.003  0.003  0.013  0.014  0.012  0.039  0.917       12
  4:     0.003  0.004  0.007  0.005  0.008  0.009  0.964       33
  5:     0.013  0.004  0.019  0.008  0.027  0.919  0.010       81
  6:     0.005  0.013  0.012  0.007  0.017  0.014  0.932        7
  7:     0.004  0.003  0.031  0.923  0.021  0.006  0.013       19
  8:     0.006  0.969  0.005  0.009  0.004  0.003  0.003       10
  9:     0.015  0.031  0.501  0.010  0.398  0.028  0.017       10
 10:     0.024  0.013  0.545  0.034  0.258  0.062  0.064       23
 11:     0.009  0.010  0.172  0.022  0.673  0.088  0.026       11
 12:     0.010  0.005  0.154  0.006  0.733  0.013  0.079       18
 13:     0.104  0.027  0.423  0.011  0.288  0.076  0.072       25
 14:     0.004  0.002  0.330  0.015  0.601  0.010  0.038        5
--------------------------------------------

Allele-freq. divergence among pops (Net nucleotide distance),
computed using point estimates of P.

      1       2       3       4       5       6       7      
 1      -    0.1057  0.0679  0.1093  0.0831  0.0879  0.1167  
 2   0.1057     -    0.1006  0.1236  0.1129  0.1135  0.1337  
 3   0.0679  0.1006     -    0.0516  0.0086  0.0200  0.0251  
 4   0.1093  0.1236  0.0516     -    0.0570  0.0634  0.0699  
 5   0.0831  0.1129  0.0086  0.0570     -    0.0211  0.0279  
 6   0.0879  0.1135  0.0200  0.0634  0.0211     -    0.0383  
 7   0.1167  0.1337  0.0251  0.0699  0.0279  0.0383     -    

Average distances (expected heterozygosity) between individuals in same cluster:
cluster  1  : 0.6406 
cluster  2  : 0.5492 
cluster  3  : 0.6411 
cluster  4  : 0.5548 
cluster  5  : 0.6197 
cluster  6  : 0.6003 
cluster  7  : 0.5664 

--------------------------------------------
Estimated Ln Prob of Data   = -42930.2
Mean value of ln likelihood = -42327.3
Variance of ln likelihood   = 1205.7
Mean value of alpha         = 0.0309

Mean value of Fst_1         = 0.1631
Mean value of Fst_2         = 0.2916
Mean value of Fst_3         = 0.0203
Mean value of Fst_4         = 0.1941
Mean value of Fst_5         = 0.0442
Mean value of Fst_6         = 0.0959
Mean value of Fst_7         = 0.1189


Inferred ancestry of individuals:
        Label (%Miss) Pop:  Inferred clusters
  1      187    (0)    1 :  0.989 0.002 0.002 0.002 0.002 0.002 0.002 
  2      188    (0)    1 :  0.980 0.002 0.004 0.003 0.004 0.004 0.003 
  3      189    (0)    1 :  0.989 0.002 0.002 0.001 0.002 0.002 0.002 
  4      190    (0)    1 :  0.988 0.001 0.003 0.002 0.003 0.002 0.002 
  5      191    (0)    1 :  0.989 0.004 0.002 0.001 0.001 0.001 0.001 
  6      247    (0)    1 :  0.988 0.002 0.002 0.002 0.002 0.001 0.002 
  7      281    (0)    1 :  0.989 0.003 0.002 0.003 0.002 0.001 0.001 
  8      282    (0)    1 :  0.985 0.001 0.003 0.002 0.003 0.002 0.004 
  9      283    (0)    1 :  0.988 0.002 0.002 0.002 0.002 0.002 0.002 
 10      284    (0)    1 :  0.993 0.001 0.001 0.001 0.001 0.001 0.001 
 11      285    (0)    1 :  0.980 0.003 0.005 0.003 0.004 0.003 0.003 
 12      286    (0)    1 :  0.987 0.002 0.003 0.002 0.002 0.003 0.002 
 13      288    (0)    1 :  0.951 0.002 0.009 0.015 0.006 0.009 0.008 
 14      289    (0)    1 :  0.981 0.010 0.002 0.001 0.002 0.002 0.001 
 15      292    (0)    1 :  0.963 0.004 0.005 0.019 0.004 0.002 0.002 
 16      293    (0)    1 :  0.977 0.005 0.003 0.005 0.003 0.004 0.003 
 17      294    (0)    1 :  0.984 0.003 0.003 0.003 0.003 0.002 0.002 
 18      297    (0)    1 :  0.981 0.003 0.003 0.005 0.002 0.003 0.003 
 19      298    (0)    1 :  0.931 0.002 0.017 0.017 0.014 0.007 0.011 
 20      299    (0)    1 :  0.979 0.001 0.004 0.002 0.005 0.005 0.004 
 21      300    (0)    1 :  0.978 0.005 0.002 0.003 0.003 0.003 0.006 
 22      301    (0)    1 :  0.949 0.003 0.006 0.004 0.003 0.008 0.027 
 23      302    (0)    1 :  0.961 0.023 0.003 0.004 0.004 0.003 0.002 
 24      303    (0)    1 :  0.973 0.003 0.005 0.004 0.003 0.007 0.005 
 25      304    (0)    1 :  0.988 0.002 0.003 0.002 0.002 0.002 0.002 
 26      305    (0)    1 :  0.946 0.003 0.012 0.006 0.007 0.003 0.023 
 27      306    (0)    1 :  0.980 0.003 0.005 0.004 0.004 0.002 0.002 
 28      308    (0)    1 :  0.964 0.021 0.002 0.006 0.003 0.003 0.002 
 29      309    (0)    1 :  0.931 0.002 0.018 0.004 0.022 0.014 0.010 
 30      310    (0)    1 :  0.988 0.002 0.002 0.002 0.002 0.003 0.002 
 31      311    (0)    1 :  0.985 0.002 0.002 0.003 0.002 0.002 0.002 
 32      312    (0)    1 :  0.985 0.002 0.003 0.001 0.002 0.005 0.002 
 33      313    (0)    1 :  0.974 0.009 0.004 0.003 0.004 0.004 0.002 
 34      314    (0)    1 :  0.980 0.002 0.004 0.006 0.003 0.002 0.003 
 35      315    (0)    1 :  0.983 0.001 0.004 0.002 0.002 0.004 0.004 
 36      316    (0)    1 :  0.992 0.002 0.001 0.001 0.001 0.001 0.001 
 37      317    (0)    1 :  0.973 0.010 0.003 0.002 0.002 0.007 0.003 
 38      344    (0)    1 :  0.989 0.001 0.002 0.001 0.002 0.002 0.002 
 39      352    (0)    1 :  0.923 0.063 0.004 0.003 0.003 0.002 0.002 
 40      353    (0)    1 :  0.978 0.006 0.003 0.004 0.003 0.003 0.002 
 41      649    (0)    1 :  0.988 0.002 0.002 0.002 0.002 0.002 0.002 
 42      650    (0)    1 :  0.989 0.001 0.002 0.002 0.002 0.002 0.001 
 43      651    (0)    1 :  0.977 0.003 0.005 0.002 0.007 0.004 0.002 
 44      652    (0)    1 :  0.987 0.003 0.003 0.003 0.002 0.002 0.001 
 45      653    (0)    1 :  0.963 0.004 0.005 0.010 0.005 0.010 0.004 
 46      654    (0)    1 :  0.980 0.002 0.003 0.005 0.003 0.005 0.002 
 47      655    (0)    1 :  0.976 0.017 0.002 0.001 0.001 0.001 0.001 
 48      656    (0)    1 :  0.888 0.100 0.004 0.003 0.002 0.002 0.002 
 49      657    (0)    1 :  0.953 0.017 0.007 0.004 0.006 0.008 0.004 
 50      658    (0)    1 :  0.966 0.003 0.005 0.010 0.003 0.009 0.003 
 51      659    (0)    1 :  0.943 0.014 0.012 0.010 0.010 0.004 0.006 
 52      660    (0)    1 :  0.974 0.002 0.005 0.002 0.005 0.007 0.005 
 53      661    (0)    1 :  0.984 0.006 0.002 0.001 0.002 0.002 0.002 
 54      662    (0)    1 :  0.980 0.002 0.005 0.002 0.003 0.002 0.006 
 55      663    (0)    1 :  0.976 0.003 0.005 0.007 0.004 0.002 0.003 
 56      664    (0)    1 :  0.922 0.003 0.021 0.016 0.018 0.011 0.008 
 57      665    (0)    1 :  0.983 0.002 0.003 0.002 0.002 0.005 0.003 
 58      666    (0)    1 :  0.966 0.016 0.003 0.007 0.003 0.004 0.002 
 59      667    (0)    1 :  0.913 0.003 0.006 0.061 0.008 0.002 0.007 
 60      668    (0)    1 :  0.973 0.002 0.006 0.008 0.004 0.003 0.004 
 61      669    (0)    1 :  0.939 0.003 0.009 0.021 0.011 0.009 0.008 
 62      670    (0)    1 :  0.983 0.003 0.002 0.006 0.002 0.003 0.001 
 63      797    (0)   10 :  0.003 0.001 0.725 0.019 0.130 0.018 0.103 
 64      798    (0)   10 :  0.002 0.001 0.614 0.003 0.362 0.005 0.013 
 65      799    (0)   10 :  0.006 0.003 0.934 0.039 0.007 0.009 0.003 
 66      800    (0)   10 :  0.005 0.005 0.384 0.003 0.482 0.104 0.017 
 67      823    (0)   10 :  0.173 0.016 0.269 0.458 0.050 0.012 0.021 
 68      824    (0)   10 :  0.002 0.006 0.015 0.003 0.965 0.005 0.005 
 69      825    (0)   10 :  0.009 0.005 0.355 0.022 0.576 0.027 0.006 
 70      826    (0)   10 :  0.010 0.026 0.118 0.004 0.122 0.668 0.052 
 71      827    (0)   10 :  0.021 0.002 0.216 0.005 0.436 0.015 0.304 
 72      836    (0)   10 :  0.001 0.001 0.919 0.004 0.040 0.014 0.020 
 73      837    (0)   10 :  0.009 0.032 0.919 0.003 0.007 0.020 0.010 
 74      838    (0)   10 :  0.002 0.002 0.193 0.003 0.554 0.234 0.012 
 75      839    (0)   10 :  0.002 0.003 0.679 0.016 0.132 0.035 0.134 
 76      840    (0)   10 :  0.048 0.001 0.423 0.010 0.502 0.014 0.002 
 77      841    (0)   10 :  0.008 0.003 0.403 0.007 0.512 0.014 0.054 
 78      842    (0)   10 :  0.017 0.002 0.629 0.006 0.299 0.018 0.030 
 79      843    (0)   10 :  0.010 0.002 0.923 0.004 0.037 0.019 0.007 
 80      845    (0)   10 :  0.002 0.002 0.722 0.004 0.208 0.009 0.053 
 81      846    (0)   10 :  0.004 0.003 0.870 0.009 0.072 0.018 0.024 
 82      847    (2)   10 :  0.173 0.142 0.403 0.139 0.087 0.051 0.006 
 83      848    (0)   10 :  0.041 0.007 0.896 0.006 0.005 0.039 0.007 
 84      849    (0)   10 :  0.002 0.027 0.651 0.005 0.039 0.062 0.214 
 85      855    (0)   10 :  0.006 0.008 0.272 0.002 0.302 0.025 0.385 
 86      793    (0)   11 :  0.010 0.006 0.098 0.003 0.661 0.210 0.012 
 87      794    (0)   11 :  0.006 0.006 0.791 0.003 0.104 0.012 0.078 
 88      828    (0)   11 :  0.003 0.005 0.031 0.003 0.919 0.036 0.003 
 89      829    (4)   11 :  0.018 0.001 0.262 0.004 0.507 0.109 0.099 
 90      830    (0)   11 :  0.005 0.003 0.065 0.012 0.880 0.023 0.012 
 91      831    (2)   11 :  0.015 0.017 0.017 0.009 0.926 0.007 0.008 
 92      832    (0)   11 :  0.004 0.003 0.134 0.003 0.799 0.039 0.018 
 93      833    (2)   11 :  0.005 0.007 0.088 0.003 0.820 0.066 0.011 
 94      835    (0)   11 :  0.016 0.055 0.289 0.196 0.071 0.349 0.024 
 95      870    (0)   11 :  0.007 0.002 0.095 0.007 0.780 0.102 0.007 
 96      871    (0)   11 :  0.012 0.002 0.027 0.003 0.937 0.010 0.009 
 97      451    (0)   12 :  0.009 0.007 0.663 0.003 0.232 0.008 0.079 
 98      452    (4)   12 :  0.002 0.002 0.014 0.005 0.948 0.006 0.023 
 99      453    (4)   12 :  0.003 0.002 0.006 0.006 0.972 0.004 0.005 
100      454    (2)   12 :  0.018 0.010 0.021 0.009 0.897 0.031 0.014 
101      455    (4)   12 :  0.003 0.002 0.011 0.016 0.943 0.012 0.013 
102      795    (0)   12 :  0.001 0.001 0.014 0.004 0.945 0.022 0.013 
103      796    (0)   12 :  0.017 0.002 0.263 0.003 0.699 0.003 0.012 
104      802    (0)   12 :  0.003 0.001 0.019 0.003 0.912 0.005 0.057 
105      804    (0)   12 :  0.002 0.002 0.039 0.005 0.897 0.021 0.034 
106      805    (0)   12 :  0.094 0.003 0.081 0.014 0.446 0.019 0.344 
107      851    (0)   12 :  0.001 0.007 0.004 0.004 0.968 0.012 0.003 
108      852    (0)   12 :  0.001 0.002 0.005 0.004 0.966 0.010 0.012 
109      854    (0)   12 :  0.003 0.002 0.897 0.007 0.072 0.014 0.005 
110      858    (0)   12 :  0.001 0.002 0.078 0.006 0.789 0.007 0.117 
111      859    (0)   12 :  0.002 0.002 0.311 0.010 0.087 0.031 0.558 
112      860    (0)   12 :  0.006 0.046 0.333 0.006 0.528 0.007 0.074 
113      862    (0)   12 :  0.002 0.001 0.015 0.007 0.929 0.009 0.036 
114      863    (0)   12 :  0.001 0.001 0.006 0.003 0.965 0.006 0.018 
115      450    (0)   13 :  0.007 0.003 0.726 0.027 0.189 0.011 0.037 
116      791    (0)   13 :  0.040 0.003 0.652 0.006 0.273 0.015 0.011 
117      792    (0)   13 :  0.147 0.151 0.514 0.013 0.149 0.017 0.010 
118      803    (0)   13 :  0.092 0.282 0.145 0.013 0.161 0.304 0.003 
119      806    (0)   13 :  0.342 0.003 0.268 0.007 0.044 0.331 0.005 
120      807    (0)   13 :  0.006 0.001 0.971 0.005 0.008 0.005 0.004 
121      808    (0)   13 :  0.009 0.004 0.266 0.002 0.682 0.023 0.014 
122      809    (0)   13 :  0.129 0.027 0.090 0.009 0.077 0.657 0.012 
123      810    (0)   13 :  0.095 0.041 0.708 0.039 0.046 0.023 0.049 
124      811    (0)   13 :  0.218 0.004 0.718 0.005 0.039 0.009 0.007 
125      812    (0)   13 :  0.013 0.003 0.704 0.017 0.104 0.151 0.008 
126      813    (0)   13 :  0.143 0.003 0.059 0.003 0.739 0.023 0.030 
127      814    (0)   13 :  0.033 0.007 0.074 0.006 0.850 0.010 0.020 
128      834    (0)   13 :  0.013 0.003 0.950 0.002 0.014 0.005 0.013 
129      844    (0)   13 :  0.002 0.003 0.094 0.004 0.146 0.008 0.741 
130      850    (0)   13 :  0.333 0.005 0.011 0.007 0.630 0.012 0.003 
131      856    (0)   13 :  0.354 0.003 0.137 0.012 0.484 0.006 0.004 
132      857    (0)   13 :  0.338 0.009 0.324 0.019 0.275 0.028 0.009 
133      861    (0)   13 :  0.004 0.003 0.084 0.012 0.834 0.029 0.034 
134      864    (0)   13 :  0.004 0.005 0.945 0.016 0.014 0.004 0.012 
135      865    (0)   13 :  0.009 0.015 0.099 0.014 0.130 0.025 0.708 
136      866    (0)   13 :  0.043 0.008 0.359 0.003 0.468 0.114 0.005 
137      867    (0)   13 :  0.007 0.016 0.852 0.020 0.009 0.064 0.031 
138      868    (0)   13 :  0.056 0.040 0.054 0.004 0.819 0.012 0.015 
139      869    (0)   13 :  0.152 0.045 0.763 0.005 0.011 0.009 0.015 
140      004    (0)   14 :  0.003 0.002 0.052 0.028 0.876 0.011 0.029 
141      008    (0)   14 :  0.004 0.002 0.226 0.022 0.644 0.026 0.076 
142      013    (0)   14 :  0.005 0.005 0.431 0.011 0.471 0.009 0.068 
143      109    (0)   14 :  0.003 0.002 0.931 0.012 0.038 0.003 0.011 
144      348    (0)   14 :  0.003 0.001 0.008 0.004 0.976 0.004 0.003 
145      014    (0)    2 :  0.012 0.003 0.012 0.009 0.009 0.005 0.949 
146      015    (0)    2 :  0.004 0.001 0.012 0.003 0.004 0.009 0.967 
147      016    (0)    2 :  0.002 0.002 0.006 0.002 0.005 0.009 0.974 
148      017    (0)    2 :  0.002 0.001 0.014 0.005 0.006 0.010 0.961 
149      018    (0)    2 :  0.003 0.003 0.006 0.004 0.006 0.019 0.960 
150      023    (0)    2 :  0.003 0.004 0.007 0.004 0.010 0.017 0.955 
151      025    (0)    2 :  0.002 0.002 0.006 0.004 0.012 0.004 0.970 
152      026    (0)    2 :  0.001 0.001 0.003 0.002 0.003 0.003 0.986 
153      027    (0)    2 :  0.003 0.003 0.149 0.002 0.009 0.009 0.825 
154      028    (0)    2 :  0.002 0.003 0.005 0.003 0.005 0.021 0.962 
155      029    (0)    2 :  0.002 0.001 0.008 0.003 0.009 0.006 0.972 
156      030    (0)    2 :  0.003 0.002 0.013 0.007 0.007 0.011 0.956 
157      031    (0)    2 :  0.011 0.002 0.006 0.003 0.005 0.018 0.955 
158      032    (0)    2 :  0.001 0.005 0.005 0.010 0.008 0.009 0.962 
159      035    (0)    2 :  0.001 0.001 0.002 0.002 0.003 0.003 0.987 
160      037    (0)    2 :  0.001 0.002 0.005 0.003 0.004 0.009 0.975 
161      038    (0)    2 :  0.002 0.003 0.004 0.028 0.009 0.014 0.940 
162      039    (0)    2 :  0.001 0.002 0.003 0.002 0.002 0.004 0.987 
163      040    (0)    2 :  0.027 0.002 0.016 0.002 0.010 0.015 0.927 
164      041    (0)    2 :  0.003 0.002 0.004 0.002 0.005 0.008 0.976 
165      043    (0)    2 :  0.001 0.001 0.003 0.002 0.003 0.003 0.988 
166      045    (0)    2 :  0.001 0.002 0.006 0.003 0.005 0.007 0.975 
167      046    (0)    2 :  0.004 0.002 0.011 0.002 0.017 0.012 0.952 
168      047    (0)    2 :  0.002 0.001 0.006 0.003 0.004 0.007 0.976 
169      050    (0)    2 :  0.001 0.001 0.002 0.002 0.002 0.002 0.990 
170      052    (0)    2 :  0.001 0.001 0.004 0.002 0.003 0.003 0.986 
171      053    (0)    2 :  0.002 0.001 0.003 0.001 0.003 0.002 0.986 
172      054    (0)    2 :  0.005 0.010 0.015 0.003 0.017 0.024 0.927 
173      055    (0)    2 :  0.002 0.002 0.005 0.003 0.003 0.005 0.980 
174      056    (0)    2 :  0.002 0.002 0.005 0.002 0.010 0.005 0.974 
175      057    (0)    2 :  0.025 0.003 0.022 0.005 0.018 0.004 0.923 
176      058    (0)    2 :  0.003 0.003 0.015 0.040 0.017 0.015 0.908 
177      059    (0)    2 :  0.003 0.002 0.010 0.006 0.012 0.036 0.930 
178      060    (0)    2 :  0.002 0.001 0.005 0.003 0.005 0.007 0.977 
179      350    (0)    2 :  0.002 0.007 0.004 0.004 0.005 0.004 0.975 
180      351    (0)    2 :  0.001 0.001 0.006 0.002 0.007 0.010 0.973 
181      354    (0)    2 :  0.002 0.001 0.005 0.004 0.003 0.008 0.976 
182      374    (0)    2 :  0.002 0.002 0.078 0.011 0.051 0.009 0.846 
183      378    (0)    2 :  0.002 0.001 0.010 0.003 0.023 0.007 0.954 
184      381    (0)    2 :  0.001 0.002 0.005 0.002 0.003 0.006 0.981 
185      382    (0)    2 :  0.002 0.004 0.007 0.008 0.005 0.009 0.965 
186      384    (0)    2 :  0.007 0.001 0.004 0.002 0.005 0.005 0.976 
187      555    (0)    2 :  0.004 0.006 0.012 0.009 0.004 0.006 0.959 
188      671    (0)    2 :  0.003 0.006 0.068 0.047 0.140 0.019 0.718 
189      672    (0)    2 :  0.005 0.002 0.005 0.009 0.020 0.012 0.947 
190      705    (0)    2 :  0.001 0.001 0.003 0.015 0.005 0.003 0.972 
191      706    (0)    2 :  0.001 0.001 0.004 0.002 0.003 0.005 0.984 
192      707    (0)    2 :  0.002 0.003 0.004 0.004 0.004 0.004 0.979 
193      708    (0)    2 :  0.022 0.029 0.023 0.004 0.013 0.009 0.899 
194      758    (0)    2 :  0.001 0.003 0.012 0.004 0.013 0.010 0.957 
195      759    (0)    2 :  0.002 0.001 0.006 0.006 0.012 0.014 0.959 
196      760    (0)    2 :  0.001 0.002 0.005 0.002 0.012 0.008 0.970 
197      761    (0)    2 :  0.003 0.002 0.004 0.004 0.004 0.014 0.969 
198      762    (0)    2 :  0.002 0.002 0.005 0.006 0.006 0.008 0.971 
199      763    (0)    2 :  0.002 0.001 0.005 0.004 0.006 0.005 0.977 
200      764    (0)    2 :  0.001 0.003 0.003 0.003 0.003 0.003 0.985 
201      765    (0)    2 :  0.003 0.002 0.013 0.003 0.008 0.009 0.962 
202      766    (0)    2 :  0.001 0.001 0.002 0.002 0.002 0.002 0.991 
203      767    (0)    2 :  0.002 0.005 0.004 0.023 0.004 0.006 0.955 
204      768    (0)    2 :  0.002 0.002 0.004 0.002 0.003 0.004 0.983 
205      769    (0)    2 :  0.002 0.001 0.015 0.002 0.005 0.010 0.965 
206      770    (0)    2 :  0.003 0.003 0.016 0.002 0.023 0.032 0.921 
207      771    (0)    2 :  0.002 0.003 0.011 0.004 0.008 0.009 0.964 
208      772    (0)    2 :  0.001 0.001 0.151 0.004 0.128 0.029 0.686 
209      773    (0)    2 :  0.004 0.002 0.004 0.014 0.003 0.007 0.966 
210      774    (0)    2 :  0.003 0.003 0.018 0.003 0.010 0.042 0.921 
211      775    (0)    2 :  0.001 0.001 0.003 0.003 0.004 0.003 0.985 
212      776    (0)    2 :  0.002 0.002 0.004 0.003 0.004 0.005 0.979 
213      777    (0)    2 :  0.002 0.002 0.003 0.003 0.003 0.002 0.984 
214      778    (0)    2 :  0.001 0.002 0.003 0.007 0.004 0.003 0.980 
215      779    (0)    2 :  0.003 0.006 0.003 0.004 0.004 0.005 0.975 
216      780    (0)    2 :  0.003 0.001 0.012 0.002 0.004 0.002 0.976 
217      781    (0)    2 :  0.002 0.001 0.007 0.004 0.008 0.005 0.972 
218      782    (0)    2 :  0.001 0.001 0.005 0.005 0.005 0.004 0.978 
219      783    (0)    2 :  0.001 0.002 0.003 0.003 0.004 0.006 0.982 
220      784    (0)    2 :  0.007 0.003 0.021 0.007 0.037 0.004 0.921 
221      785    (0)    2 :  0.004 0.001 0.007 0.004 0.003 0.002 0.979 
222      786    (0)    2 :  0.002 0.001 0.003 0.003 0.003 0.004 0.985 
223      787    (0)    2 :  0.006 0.002 0.015 0.004 0.005 0.041 0.927 
224      115    (0)    3 :  0.002 0.001 0.004 0.002 0.004 0.005 0.983 
225      116    (0)    3 :  0.002 0.003 0.009 0.004 0.006 0.030 0.946 
226      117    (0)    3 :  0.002 0.002 0.028 0.004 0.014 0.017 0.932 
227      118    (0)    3 :  0.003 0.003 0.018 0.118 0.019 0.014 0.824 
228      119    (0)    3 :  0.002 0.007 0.017 0.006 0.007 0.101 0.859 
229      389    (0)    3 :  0.003 0.001 0.003 0.001 0.003 0.003 0.986 
230      548    (0)    3 :  0.004 0.006 0.012 0.011 0.007 0.018 0.942 
231      549    (0)    3 :  0.002 0.002 0.005 0.002 0.007 0.014 0.968 
232      550    (0)    3 :  0.006 0.004 0.028 0.011 0.027 0.217 0.707 
233      551    (0)    3 :  0.004 0.003 0.009 0.004 0.004 0.012 0.965 
234      552    (0)    3 :  0.001 0.003 0.014 0.003 0.036 0.022 0.921 
235      553    (0)    3 :  0.001 0.003 0.005 0.006 0.009 0.011 0.966 
236      009    (0)    4 :  0.002 0.003 0.003 0.002 0.003 0.002 0.986 
237      042    (0)    4 :  0.004 0.001 0.014 0.008 0.021 0.013 0.938 
238      044    (0)    4 :  0.008 0.003 0.012 0.003 0.019 0.022 0.933 
239      086    (0)    4 :  0.001 0.002 0.002 0.002 0.004 0.005 0.985 
240      087    (0)    4 :  0.002 0.002 0.011 0.003 0.010 0.005 0.967 
241      093    (0)    4 :  0.002 0.002 0.003 0.002 0.003 0.002 0.986 
242      095    (0)    4 :  0.003 0.005 0.020 0.015 0.011 0.041 0.906 
243      096    (0)    4 :  0.003 0.005 0.014 0.041 0.007 0.008 0.922 
244      097    (0)    4 :  0.001 0.002 0.003 0.003 0.003 0.004 0.984 
245      101    (0)    4 :  0.001 0.002 0.003 0.002 0.003 0.005 0.984 
246      183    (0)    4 :  0.002 0.002 0.003 0.004 0.005 0.003 0.981 
247      200    (0)    4 :  0.002 0.006 0.006 0.003 0.007 0.002 0.974 
248      210    (0)    4 :  0.002 0.004 0.003 0.002 0.007 0.004 0.978 
249      219    (0)    4 :  0.003 0.007 0.007 0.005 0.013 0.007 0.959 
250      230    (0)    4 :  0.001 0.001 0.003 0.002 0.004 0.004 0.984 
251      241    (0)    4 :  0.004 0.003 0.027 0.011 0.023 0.014 0.917 
252      307    (0)    4 :  0.002 0.002 0.003 0.003 0.009 0.008 0.972 
253      318    (0)    4 :  0.004 0.002 0.006 0.002 0.014 0.011 0.961 
254      323    (0)    4 :  0.002 0.002 0.007 0.003 0.004 0.003 0.979 
255      324    (0)    4 :  0.003 0.002 0.004 0.002 0.003 0.003 0.984 
256      325    (0)    4 :  0.014 0.002 0.004 0.003 0.004 0.003 0.970 
257      326    (0)    4 :  0.002 0.001 0.004 0.004 0.007 0.037 0.946 
258      338    (0)    4 :  0.001 0.002 0.011 0.003 0.007 0.003 0.973 
259      343    (0)    4 :  0.001 0.013 0.007 0.003 0.004 0.005 0.967 
260      379    (0)    4 :  0.002 0.001 0.010 0.003 0.009 0.002 0.973 
261      383    (0)    4 :  0.002 0.002 0.002 0.002 0.004 0.003 0.985 
262      385    (0)    4 :  0.001 0.001 0.007 0.005 0.011 0.003 0.973 
263      386    (0)    4 :  0.001 0.001 0.012 0.006 0.009 0.003 0.967 
264      387    (0)    4 :  0.002 0.032 0.004 0.011 0.003 0.003 0.946 
265      554    (0)    4 :  0.001 0.001 0.002 0.005 0.003 0.004 0.983 
266      877    (0)    4 :  0.002 0.002 0.003 0.002 0.003 0.004 0.984 
267      878    (0)    4 :  0.001 0.004 0.005 0.002 0.006 0.024 0.957 
268      880    (0)    4 :  0.002 0.001 0.014 0.011 0.015 0.036 0.921 
269      122    (0)    5 :  0.004 0.001 0.024 0.008 0.503 0.439 0.021 
270      123    (0)    5 :  0.026 0.004 0.009 0.003 0.008 0.947 0.002 
271      124    (0)    5 :  0.002 0.009 0.006 0.013 0.005 0.957 0.009 
272      125    (0)    5 :  0.001 0.002 0.005 0.002 0.004 0.984 0.003 
273      126    (0)    5 :  0.001 0.001 0.012 0.002 0.102 0.870 0.011 
274      128    (0)    5 :  0.003 0.003 0.010 0.012 0.017 0.951 0.003 
275      129    (0)    5 :  0.005 0.002 0.018 0.077 0.024 0.859 0.015 
276      130    (0)    5 :  0.001 0.001 0.005 0.004 0.013 0.960 0.016 
277      131    (0)    5 :  0.002 0.002 0.005 0.002 0.006 0.980 0.003 
278      132    (0)    5 :  0.001 0.006 0.003 0.008 0.004 0.964 0.014 
279      133    (0)    5 :  0.001 0.001 0.037 0.090 0.362 0.474 0.034 
280      134    (0)    5 :  0.007 0.012 0.017 0.006 0.015 0.938 0.005 
281      135    (0)    5 :  0.029 0.002 0.016 0.004 0.023 0.920 0.006 
282      136    (0)    5 :  0.033 0.005 0.007 0.006 0.017 0.929 0.003 
283      139    (0)    5 :  0.003 0.003 0.016 0.013 0.011 0.948 0.007 
284      140    (0)    5 :  0.009 0.002 0.045 0.018 0.007 0.908 0.011 
285      141    (0)    5 :  0.003 0.004 0.017 0.004 0.011 0.952 0.008 
286      142    (0)    5 :  0.002 0.002 0.005 0.004 0.003 0.971 0.014 
287      143    (0)    5 :  0.004 0.006 0.006 0.013 0.005 0.941 0.025 
288      144    (0)    5 :  0.001 0.002 0.013 0.006 0.016 0.954 0.007 
289      145    (0)    5 :  0.003 0.030 0.014 0.004 0.009 0.936 0.004 
290      148    (0)    5 :  0.009 0.003 0.054 0.003 0.043 0.879 0.009 
291      556    (0)    5 :  0.003 0.002 0.010 0.005 0.008 0.962 0.010 
292      557    (0)    5 :  0.004 0.013 0.006 0.002 0.005 0.964 0.005 
293      558    (0)    5 :  0.002 0.006 0.005 0.004 0.007 0.972 0.003 
294      559    (0)    5 :  0.002 0.001 0.008 0.007 0.017 0.959 0.007 
295      560    (0)    5 :  0.003 0.002 0.009 0.002 0.014 0.960 0.010 
296      561    (0)    5 :  0.001 0.001 0.002 0.003 0.003 0.984 0.006 
297      562    (0)    5 :  0.004 0.004 0.016 0.005 0.020 0.945 0.005 
298      563    (0)    5 :  0.062 0.005 0.053 0.009 0.034 0.832 0.004 
299      564    (0)    5 :  0.002 0.002 0.053 0.016 0.067 0.787 0.073 
300      565    (0)    5 :  0.003 0.001 0.003 0.003 0.003 0.984 0.003 
301      566    (0)    5 :  0.003 0.002 0.030 0.002 0.011 0.944 0.009 
302      567    (0)    5 :  0.010 0.003 0.010 0.004 0.006 0.965 0.003 
303      568    (0)    5 :  0.003 0.002 0.011 0.013 0.008 0.957 0.005 
304      569    (0)    5 :  0.002 0.008 0.005 0.003 0.005 0.974 0.003 
305      570    (0)    5 :  0.001 0.001 0.003 0.002 0.003 0.982 0.008 
306      613    (0)    5 :  0.002 0.002 0.003 0.004 0.005 0.981 0.004 
307      614    (0)    5 :  0.015 0.001 0.009 0.002 0.012 0.957 0.003 
308      615    (0)    5 :  0.005 0.004 0.008 0.003 0.018 0.930 0.031 
309      616    (0)    5 :  0.002 0.001 0.008 0.034 0.007 0.940 0.008 
310      617    (0)    5 :  0.007 0.003 0.023 0.004 0.009 0.937 0.017 
311      618    (0)    5 :  0.002 0.003 0.009 0.014 0.038 0.919 0.014 
312      619    (0)    5 :  0.653 0.008 0.309 0.003 0.020 0.005 0.002 
313      620    (0)    5 :  0.001 0.003 0.007 0.002 0.010 0.970 0.007 
314      621    (0)    5 :  0.001 0.001 0.006 0.003 0.012 0.961 0.016 
315      622    (0)    5 :  0.001 0.002 0.003 0.004 0.003 0.981 0.005 
316      623    (0)    5 :  0.002 0.002 0.003 0.002 0.004 0.984 0.004 
317      624    (0)    5 :  0.002 0.002 0.011 0.005 0.015 0.952 0.012 
318      625    (0)    5 :  0.003 0.002 0.012 0.003 0.068 0.897 0.016 
319      626    (0)    5 :  0.002 0.003 0.006 0.006 0.004 0.974 0.005 
320      627    (0)    5 :  0.017 0.003 0.026 0.010 0.017 0.912 0.014 
321      628    (0)    5 :  0.002 0.004 0.006 0.003 0.005 0.976 0.004 
322      629    (0)    5 :  0.003 0.002 0.007 0.010 0.010 0.964 0.004 
323      630    (0)    5 :  0.021 0.004 0.003 0.002 0.003 0.964 0.003 
324      631    (0)    5 :  0.002 0.004 0.003 0.021 0.003 0.963 0.003 
325      632    (0)    5 :  0.004 0.005 0.014 0.013 0.025 0.916 0.022 
326      633    (0)    5 :  0.006 0.006 0.033 0.013 0.084 0.848 0.010 
327      634    (0)    5 :  0.005 0.011 0.009 0.006 0.010 0.956 0.003 
328      635    (0)    5 :  0.002 0.003 0.005 0.003 0.006 0.979 0.003 
329      636    (0)    5 :  0.002 0.003 0.003 0.003 0.004 0.978 0.007 
330      637    (0)    5 :  0.006 0.001 0.190 0.012 0.103 0.668 0.020 
331      638    (0)    5 :  0.008 0.002 0.014 0.013 0.018 0.934 0.012 
332      639    (0)    5 :  0.006 0.002 0.137 0.009 0.026 0.804 0.016 
333      640    (0)    5 :  0.001 0.001 0.005 0.004 0.006 0.970 0.013 
334      689    (0)    5 :  0.003 0.001 0.006 0.003 0.006 0.976 0.005 
335      690    (0)    5 :  0.001 0.016 0.009 0.005 0.008 0.955 0.007 
336      691    (0)    5 :  0.003 0.001 0.005 0.001 0.017 0.954 0.019 
337      692    (0)    5 :  0.006 0.007 0.008 0.006 0.092 0.878 0.003 
338      693    (0)    5 :  0.002 0.002 0.004 0.003 0.005 0.982 0.003 
339      694    (0)    5 :  0.003 0.002 0.003 0.006 0.003 0.980 0.002 
340      695    (0)    5 :  0.001 0.001 0.003 0.003 0.003 0.984 0.006 
341      696    (0)    5 :  0.002 0.002 0.003 0.002 0.003 0.984 0.004 
342      697    (0)    5 :  0.002 0.002 0.003 0.006 0.004 0.979 0.005 
343      698    (0)    5 :  0.003 0.002 0.012 0.002 0.025 0.952 0.004 
344      699    (0)    5 :  0.001 0.001 0.003 0.003 0.003 0.985 0.004 
345      700    (0)    5 :  0.002 0.005 0.005 0.005 0.006 0.966 0.011 
346      701    (2)    5 :  0.003 0.003 0.011 0.004 0.016 0.958 0.006 
347      702    (0)    5 :  0.004 0.005 0.008 0.002 0.014 0.948 0.020 
348      703    (0)    5 :  0.003 0.003 0.005 0.002 0.008 0.976 0.003 
349      704    (0)    5 :  0.007 0.001 0.008 0.010 0.007 0.961 0.005 
350      390    (0)    6 :  0.001 0.012 0.003 0.003 0.003 0.002 0.975 
351      391    (0)    6 :  0.003 0.008 0.007 0.004 0.005 0.008 0.966 
352      392    (0)    6 :  0.004 0.061 0.037 0.032 0.062 0.058 0.745 
353      393    (0)    6 :  0.003 0.003 0.006 0.002 0.007 0.005 0.974 
354      394    (0)    6 :  0.017 0.004 0.023 0.003 0.017 0.007 0.930 
355      647    (0)    6 :  0.003 0.003 0.005 0.002 0.020 0.011 0.956 
356      648    (0)    6 :  0.001 0.002 0.003 0.003 0.006 0.006 0.979 
357      007    (0)    7 :  0.005 0.005 0.006 0.968 0.004 0.007 0.005 
358      012    (0)    7 :  0.007 0.004 0.014 0.943 0.009 0.014 0.008 
359      020    (0)    7 :  0.009 0.002 0.322 0.597 0.023 0.005 0.041 
360      021    (0)    7 :  0.001 0.001 0.002 0.989 0.003 0.002 0.002 
361      022    (0)    7 :  0.003 0.016 0.020 0.905 0.045 0.005 0.006 
362      034    (0)    7 :  0.002 0.004 0.007 0.966 0.004 0.009 0.007 
363      049    (0)    7 :  0.002 0.002 0.002 0.987 0.002 0.002 0.002 
364      062    (0)    7 :  0.001 0.001 0.002 0.991 0.002 0.001 0.001 
365      089    (0)    7 :  0.001 0.001 0.002 0.991 0.002 0.002 0.002 
366      092    (0)    7 :  0.001 0.001 0.001 0.992 0.001 0.002 0.002 
367      100    (0)    7 :  0.002 0.002 0.003 0.980 0.002 0.005 0.006 
368      105    (0)    7 :  0.005 0.001 0.007 0.973 0.004 0.003 0.007 
369      205    (0)    7 :  0.008 0.004 0.012 0.954 0.011 0.006 0.004 
370      206    (0)    7 :  0.003 0.002 0.026 0.664 0.170 0.020 0.115 
371      207    (0)    7 :  0.004 0.002 0.007 0.968 0.007 0.005 0.007 
372      208    (0)    7 :  0.003 0.002 0.019 0.937 0.018 0.007 0.014 
373      209    (0)    7 :  0.008 0.002 0.133 0.768 0.081 0.004 0.004 
374      377    (0)    7 :  0.002 0.002 0.002 0.982 0.004 0.005 0.003 
375      881    (0)    7 :  0.001 0.002 0.002 0.989 0.002 0.002 0.002 
376      003    (0)    8 :  0.002 0.968 0.005 0.014 0.006 0.004 0.002 
377      108    (0)    8 :  0.002 0.991 0.001 0.002 0.001 0.002 0.001 
378      194    (0)    8 :  0.025 0.938 0.005 0.011 0.007 0.004 0.010 
379      232    (0)    8 :  0.012 0.975 0.004 0.003 0.003 0.003 0.002 
380      321    (0)    8 :  0.007 0.984 0.002 0.002 0.002 0.002 0.002 
381      322    (0)    8 :  0.001 0.990 0.001 0.004 0.001 0.001 0.001 
382      329    (0)    8 :  0.001 0.991 0.002 0.001 0.001 0.002 0.001 
383      330    (0)    8 :  0.002 0.990 0.002 0.002 0.002 0.002 0.001 
384      342    (0)    8 :  0.004 0.956 0.021 0.002 0.007 0.005 0.005 
385      347    (0)    8 :  0.003 0.912 0.010 0.053 0.007 0.009 0.005 
386      801    (0)    9 :  0.016 0.005 0.466 0.023 0.392 0.089 0.009 
387      815    (0)    9 :  0.016 0.004 0.538 0.032 0.371 0.035 0.003 
388      816    (0)    9 :  0.001 0.001 0.017 0.006 0.871 0.044 0.059 
389      817    (0)    9 :  0.005 0.009 0.951 0.006 0.017 0.006 0.005 
390      818    (0)    9 :  0.003 0.002 0.839 0.003 0.094 0.047 0.012 
391      819    (0)    9 :  0.034 0.006 0.021 0.004 0.925 0.006 0.004 
392      820    (2)    9 :  0.002 0.001 0.947 0.012 0.018 0.009 0.012 
393      821    (0)    9 :  0.005 0.002 0.455 0.003 0.522 0.005 0.008 
394      822    (0)    9 :  0.027 0.269 0.121 0.005 0.560 0.010 0.008 
395      853    (0)    9 :  0.041 0.009 0.655 0.003 0.213 0.030 0.049 


Estimated Allele Frequencies in each cluster
First column gives estimated ancestral frequencies


Locus 1 : 1 
4 alleles
0.0% missing data
  91   (0.372) 0.603 0.566 0.352 0.328 0.292 0.522 0.325 
  89   (0.474) 0.366 0.101 0.477 0.619 0.554 0.436 0.572 
  93   (0.132) 0.030 0.046 0.143 0.051 0.149 0.041 0.102 
  99   (0.022) 0.001 0.287 0.029 0.002 0.005 0.001 0.001 

Locus 2 : 2 
6 alleles
0.0% missing data
 136   (0.379) 0.557 0.067 0.363 0.528 0.331 0.513 0.526 
 138   (0.241) 0.205 0.887 0.238 0.130 0.241 0.112 0.269 
 140   (0.075) 0.067 0.009 0.083 0.008 0.087 0.008 0.064 
 142   (0.033) 0.045 0.003 0.020 0.003 0.015 0.073 0.001 
 134   (0.253) 0.126 0.030 0.253 0.327 0.319 0.294 0.140 
 132   (0.020) 0.001 0.003 0.043 0.003 0.007 0.001 0.001 

Locus 3 : 3 
6 alleles
0.0% missing data
 179   (0.258) 0.106 0.029 0.257 0.029 0.359 0.478 0.344 
 185   (0.087) 0.172 0.013 0.100 0.196 0.091 0.020 0.002 
 187   (0.352) 0.404 0.782 0.358 0.476 0.288 0.175 0.490 
 175   (0.064) 0.213 0.007 0.076 0.011 0.048 0.031 0.002 
 191   (0.050) 0.023 0.006 0.025 0.213 0.058 0.003 0.044 
 181   (0.188) 0.083 0.163 0.183 0.075 0.154 0.294 0.117 

Locus 4 : 4 
12 alleles
0.0% missing data
 245   (0.017) 0.097 0.002 0.014 0.002 0.004 0.001 0.000 
 271   (0.061) 0.167 0.015 0.056 0.006 0.056 0.009 0.030 
 241   (0.178) 0.463 0.068 0.202 0.123 0.119 0.178 0.078 
 249   (0.044) 0.077 0.089 0.033 0.004 0.014 0.003 0.112 
 253   (0.388) 0.123 0.395 0.365 0.411 0.478 0.615 0.654 
 247   (0.060) 0.042 0.006 0.085 0.353 0.065 0.003 0.002 
 269   (0.189) 0.028 0.334 0.199 0.087 0.246 0.187 0.116 
 239   (0.016) 0.001 0.084 0.009 0.008 0.004 0.001 0.000 
 265   (0.011) 0.000 0.001 0.011 0.001 0.003 0.001 0.000 
 273   (0.014) 0.001 0.003 0.015 0.002 0.008 0.001 0.000 
 235   (0.011) 0.000 0.002 0.005 0.001 0.002 0.001 0.004 
 267   (0.011) 0.000 0.001 0.005 0.001 0.002 0.001 0.004 

Locus 5 : 5 
5 alleles
0.8% missing data
 103   (0.868) 0.750 0.986 0.896 0.895 0.939 0.845 0.964 
 105   (0.054) 0.187 0.006 0.047 0.006 0.039 0.134 0.002 
 104   (0.041) 0.038 0.004 0.029 0.004 0.012 0.019 0.031 
 107   (0.017) 0.024 0.002 0.007 0.002 0.004 0.001 0.003 
 102   (0.020) 0.001 0.002 0.021 0.094 0.005 0.001 0.001 

Locus 6 : 6 
6 alleles
0.0% missing data
 135   (0.315) 0.678 0.803 0.312 0.493 0.199 0.228 0.204 
 147   (0.068) 0.132 0.007 0.048 0.145 0.020 0.053 0.051 
 137   (0.022) 0.089 0.002 0.021 0.008 0.005 0.001 0.001 
 141   (0.297) 0.089 0.032 0.330 0.145 0.235 0.387 0.558 
 145   (0.287) 0.012 0.155 0.284 0.206 0.538 0.331 0.183 
 143   (0.012) 0.000 0.001 0.005 0.001 0.003 0.001 0.004 

Locus 7 : 7 
10 alleles
0.3% missing data
  89   (0.082) 0.263 0.009 0.079 0.010 0.069 0.039 0.045 
  93   (0.233) 0.251 0.337 0.241 0.176 0.184 0.167 0.368 
  97   (0.196) 0.145 0.190 0.194 0.292 0.198 0.087 0.211 
 101   (0.021) 0.099 0.004 0.011 0.002 0.009 0.001 0.003 
 105   (0.021) 0.119 0.130 0.009 0.002 0.008 0.001 0.001 
  91   (0.061) 0.090 0.283 0.038 0.136 0.013 0.036 0.036 
  99   (0.019) 0.018 0.003 0.014 0.002 0.010 0.001 0.001 
  83   (0.046) 0.002 0.004 0.042 0.051 0.081 0.025 0.001 
 103   (0.277) 0.012 0.033 0.338 0.324 0.387 0.579 0.287 
  85   (0.046) 0.002 0.006 0.033 0.005 0.041 0.064 0.049 

Locus 8 : 8 
10 alleles
0.0% missing data
 129   (0.536) 0.305 0.373 0.607 0.596 0.639 0.510 0.627 
 143   (0.245) 0.358 0.364 0.243 0.238 0.241 0.383 0.082 
 149   (0.059) 0.299 0.006 0.045 0.049 0.037 0.003 0.139 
 127   (0.024) 0.031 0.038 0.012 0.033 0.005 0.002 0.001 
 141   (0.066) 0.003 0.007 0.047 0.077 0.047 0.093 0.145 
 133   (0.018) 0.001 0.002 0.023 0.002 0.011 0.001 0.001 
 145   (0.016) 0.001 0.002 0.007 0.002 0.012 0.006 0.000 
 131   (0.014) 0.001 0.168 0.006 0.001 0.003 0.001 0.002 
 121   (0.011) 0.000 0.001 0.005 0.001 0.002 0.001 0.004 
 128   (0.011) 0.000 0.038 0.004 0.001 0.002 0.001 0.000 

Locus 9 : 9 
4 alleles
0.0% missing data
 191   (0.382) 0.343 0.379 0.373 0.465 0.295 0.454 0.591 
 195   (0.191) 0.365 0.141 0.141 0.041 0.231 0.346 0.143 
 189   (0.411) 0.291 0.479 0.476 0.492 0.467 0.200 0.262 
 193   (0.016) 0.001 0.002 0.011 0.002 0.007 0.001 0.004 

Locus 10 : 10 
7 alleles
0.0% missing data
 232   (0.232) 0.107 0.178 0.246 0.293 0.196 0.153 0.412 
 238   (0.503) 0.667 0.319 0.515 0.232 0.645 0.589 0.443 
 250   (0.039) 0.143 0.004 0.048 0.004 0.021 0.007 0.001 
 254   (0.075) 0.023 0.483 0.057 0.290 0.027 0.065 0.018 
 252   (0.121) 0.057 0.013 0.098 0.168 0.098 0.185 0.122 
 248   (0.020) 0.001 0.002 0.031 0.011 0.010 0.001 0.001 
 240   (0.011) 0.000 0.001 0.005 0.001 0.002 0.001 0.004 

Locus 11 : 11 
5 alleles
0.0% missing data
  89   (0.204) 0.073 0.195 0.160 0.275 0.247 0.228 0.227 
  91   (0.057) 0.283 0.006 0.032 0.098 0.048 0.003 0.104 
  87   (0.710) 0.568 0.796 0.787 0.612 0.698 0.767 0.668 
  85   (0.018) 0.075 0.002 0.014 0.002 0.004 0.001 0.000 
  83   (0.011) 0.000 0.001 0.007 0.014 0.003 0.001 0.000 

Locus 12 : 12 
13 alleles
0.0% missing data
 160   (0.272) 0.509 0.485 0.267 0.634 0.321 0.085 0.176 
 161   (0.094) 0.242 0.010 0.078 0.010 0.077 0.191 0.039 
 170   (0.049) 0.081 0.005 0.068 0.005 0.037 0.003 0.013 
 158   (0.202) 0.066 0.021 0.212 0.071 0.200 0.267 0.458 
 143   (0.029) 0.071 0.273 0.015 0.003 0.008 0.015 0.001 
 154   (0.023) 0.015 0.003 0.031 0.002 0.006 0.001 0.001 
 162   (0.224) 0.009 0.191 0.265 0.265 0.244 0.314 0.173 
 134   (0.011) 0.000 0.001 0.011 0.001 0.004 0.001 0.000 
 147   (0.043) 0.002 0.004 0.020 0.004 0.045 0.121 0.132 
 159   (0.013) 0.000 0.001 0.005 0.001 0.021 0.001 0.000 
 149   (0.018) 0.001 0.003 0.013 0.002 0.032 0.001 0.001 
 164   (0.011) 0.000 0.001 0.005 0.001 0.002 0.001 0.008 
 165   (0.011) 0.002 0.001 0.010 0.001 0.003 0.001 0.000 

Locus 13 : 13 
4 alleles
0.0% missing data
 113   (0.342) 0.288 0.462 0.336 0.472 0.315 0.373 0.343 
 115   (0.471) 0.441 0.139 0.508 0.479 0.515 0.455 0.485 
 108   (0.176) 0.269 0.398 0.148 0.048 0.167 0.169 0.172 
 110   (0.011) 0.002 0.001 0.007 0.001 0.003 0.002 0.000 

Locus 14 : 14 
10 alleles
0.0% missing data
 229   (0.421) 0.419 0.082 0.492 0.407 0.460 0.328 0.499 
 233   (0.068) 0.077 0.136 0.045 0.007 0.040 0.025 0.103 
 231   (0.184) 0.445 0.409 0.151 0.418 0.099 0.434 0.099 
 225   (0.145) 0.050 0.065 0.170 0.148 0.128 0.065 0.070 
 227   (0.127) 0.005 0.303 0.105 0.013 0.246 0.144 0.224 
 203   (0.011) 0.000 0.001 0.006 0.001 0.008 0.001 0.000 
 213   (0.011) 0.001 0.001 0.011 0.001 0.003 0.001 0.000 
 221   (0.011) 0.000 0.001 0.005 0.001 0.011 0.001 0.000 
 255   (0.011) 0.000 0.001 0.005 0.002 0.003 0.001 0.003 
 223   (0.011) 0.002 0.001 0.010 0.001 0.003 0.001 0.000 

Locus 15 : 15 
5 alleles
0.3% missing data
 143   (0.878) 0.776 0.729 0.913 0.858 0.952 0.914 0.982 
 147   (0.030) 0.096 0.003 0.022 0.045 0.014 0.002 0.001 
 145   (0.065) 0.127 0.266 0.043 0.007 0.027 0.083 0.015 
 157   (0.015) 0.001 0.002 0.018 0.002 0.003 0.001 0.002 
 133   (0.012) 0.000 0.001 0.005 0.089 0.002 0.001 0.000 

Locus 16 : 16 
5 alleles
0.0% missing data
 154   (0.095) 0.335 0.084 0.088 0.080 0.033 0.063 0.046 
 158   (0.481) 0.341 0.432 0.525 0.466 0.539 0.463 0.555 
 160   (0.141) 0.104 0.015 0.132 0.075 0.150 0.137 0.152 
 156   (0.272) 0.219 0.467 0.249 0.378 0.268 0.337 0.246 
 152   (0.011) 0.000 0.001 0.005 0.001 0.010 0.001 0.000 

Locus 17 : 17 
5 alleles
0.0% missing data
  88   (0.060) 0.340 0.006 0.047 0.006 0.048 0.012 0.027 
  90   (0.670) 0.411 0.540 0.687 0.630 0.656 0.825 0.732 
 100   (0.074) 0.178 0.432 0.097 0.007 0.086 0.005 0.003 
 102   (0.185) 0.071 0.021 0.157 0.355 0.209 0.158 0.238 
 104   (0.011) 0.000 0.001 0.012 0.001 0.002 0.001 0.000 

Locus 18 : 18 
7 alleles
0.0% missing data
 127   (0.306) 0.409 0.459 0.293 0.198 0.264 0.377 0.244 
 140   (0.270) 0.256 0.483 0.249 0.057 0.327 0.420 0.136 
 150   (0.062) 0.202 0.008 0.046 0.391 0.070 0.014 0.002 
 148   (0.112) 0.111 0.013 0.087 0.229 0.115 0.046 0.084 
 142   (0.095) 0.016 0.010 0.179 0.013 0.059 0.006 0.397 
 138   (0.063) 0.002 0.006 0.055 0.006 0.096 0.061 0.035 
 146   (0.091) 0.004 0.020 0.091 0.105 0.070 0.077 0.103 

Locus 19 : 19 
6 alleles
0.0% missing data
 194   (0.589) 0.612 0.675 0.626 0.599 0.515 0.650 0.551 
 202   (0.047) 0.083 0.085 0.048 0.141 0.015 0.003 0.001 
 200   (0.088) 0.241 0.206 0.068 0.010 0.184 0.048 0.003 
 198   (0.014) 0.011 0.001 0.008 0.002 0.003 0.001 0.000 
 190   (0.130) 0.048 0.018 0.086 0.107 0.121 0.240 0.345 
 188   (0.132) 0.006 0.015 0.163 0.141 0.162 0.058 0.099 

Locus 20 : 20 
6 alleles
0.0% missing data
 244   (0.042) 0.055 0.006 0.028 0.005 0.021 0.007 0.027 
 246   (0.150) 0.184 0.049 0.117 0.293 0.139 0.244 0.030 
 252   (0.587) 0.071 0.141 0.653 0.567 0.761 0.635 0.787 
 254   (0.102) 0.277 0.014 0.095 0.077 0.048 0.075 0.051 
 250   (0.099) 0.412 0.758 0.084 0.058 0.026 0.038 0.105 
 248   (0.019) 0.001 0.033 0.024 0.002 0.004 0.001 0.001 

Locus 21 : 21 
10 alleles
0.0% missing data
 173   (0.278) 0.220 0.199 0.305 0.138 0.334 0.202 0.312 
 175   (0.131) 0.333 0.157 0.092 0.074 0.131 0.264 0.050 
 167   (0.240) 0.107 0.076 0.229 0.248 0.343 0.220 0.328 
 165   (0.063) 0.127 0.011 0.061 0.007 0.032 0.174 0.008 
 163   (0.044) 0.125 0.005 0.059 0.335 0.012 0.006 0.001 
 159   (0.012) 0.021 0.001 0.006 0.001 0.002 0.001 0.000 
 177   (0.198) 0.066 0.549 0.234 0.172 0.139 0.121 0.296 
 169   (0.011) 0.000 0.001 0.005 0.001 0.002 0.001 0.004 
 171   (0.012) 0.000 0.001 0.005 0.002 0.003 0.012 0.000 
 161   (0.011) 0.000 0.001 0.005 0.021 0.002 0.001 0.000 

Locus 22 : 22 
11 alleles
0.3% missing data
 150   (0.060) 0.163 0.044 0.046 0.049 0.024 0.023 0.012 
 158   (0.107) 0.404 0.012 0.097 0.060 0.115 0.065 0.028 
 152   (0.400) 0.074 0.267 0.460 0.424 0.471 0.473 0.543 
 142   (0.020) 0.059 0.002 0.008 0.002 0.031 0.001 0.001 
 162   (0.042) 0.171 0.006 0.031 0.076 0.031 0.009 0.001 
 156   (0.028) 0.069 0.004 0.015 0.184 0.014 0.002 0.001 
 164   (0.050) 0.047 0.006 0.059 0.006 0.018 0.047 0.006 
 148   (0.023) 0.002 0.349 0.029 0.002 0.006 0.001 0.001 
 146   (0.183) 0.008 0.157 0.180 0.188 0.228 0.282 0.265 
 166   (0.074) 0.003 0.152 0.069 0.008 0.060 0.097 0.080 
 154   (0.013) 0.000 0.001 0.005 0.001 0.003 0.001 0.063 

Locus 23 : 23 
6 alleles
0.3% missing data
 154   (0.495) 0.247 0.276 0.549 0.267 0.548 0.646 0.521 
 158   (0.028) 0.095 0.004 0.022 0.003 0.007 0.002 0.015 
 144   (0.210) 0.234 0.685 0.166 0.470 0.206 0.174 0.164 
 156   (0.140) 0.349 0.020 0.174 0.014 0.115 0.131 0.047 
 160   (0.112) 0.075 0.013 0.082 0.244 0.120 0.046 0.210 
 152   (0.015) 0.001 0.001 0.007 0.001 0.005 0.001 0.043 

Locus 24 : 24 
4 alleles
0.3% missing data
  83   (0.512) 0.626 0.605 0.489 0.925 0.459 0.608 0.469 
  81   (0.339) 0.310 0.380 0.381 0.040 0.409 0.271 0.299 
  85   (0.061) 0.060 0.006 0.039 0.006 0.043 0.067 0.042 
  77   (0.089) 0.003 0.009 0.091 0.029 0.089 0.054 0.191 

Locus 25 : 25 
6 alleles
0.3% missing data
 124   (0.522) 0.556 0.385 0.516 0.360 0.582 0.597 0.421 
 122   (0.124) 0.391 0.016 0.143 0.034 0.074 0.120 0.029 
 120   (0.022) 0.019 0.381 0.011 0.002 0.007 0.001 0.001 
 126   (0.044) 0.022 0.007 0.038 0.006 0.030 0.004 0.041 
 132   (0.273) 0.011 0.209 0.284 0.598 0.289 0.278 0.508 
 136   (0.014) 0.001 0.001 0.008 0.001 0.018 0.001 0.000 

Locus 26 : 26 
6 alleles
0.0% missing data
 181   (0.052) 0.161 0.005 0.041 0.005 0.064 0.030 0.002 
 183   (0.381) 0.297 0.200 0.401 0.688 0.293 0.310 0.466 
 179   (0.079) 0.327 0.396 0.057 0.008 0.091 0.005 0.081 
 165   (0.246) 0.085 0.374 0.228 0.064 0.291 0.343 0.172 
 185   (0.018) 0.120 0.002 0.009 0.002 0.009 0.001 0.001 
 175   (0.225) 0.009 0.022 0.263 0.234 0.252 0.310 0.279 

Locus 27 : 27 
4 alleles
0.0% missing data
 142   (0.540) 0.406 0.490 0.475 0.723 0.650 0.598 0.698 
 148   (0.256) 0.282 0.486 0.311 0.093 0.151 0.289 0.136 
 150   (0.137) 0.182 0.015 0.169 0.176 0.129 0.100 0.009 
 138   (0.067) 0.129 0.008 0.045 0.007 0.070 0.013 0.158 

Locus 28 : 28 
5 alleles
0.0% missing data
 260   (0.430) 0.234 0.180 0.528 0.257 0.444 0.344 0.355 
 262   (0.461) 0.650 0.809 0.382 0.572 0.476 0.597 0.617 
 256   (0.078) 0.115 0.008 0.062 0.168 0.039 0.057 0.027 
 258   (0.017) 0.001 0.002 0.022 0.002 0.011 0.001 0.000 
 264   (0.013) 0.001 0.001 0.006 0.001 0.029 0.001 0.000 

Locus 29 : 29 
5 alleles
0.3% missing data
 146   (0.254) 0.364 0.028 0.289 0.440 0.206 0.238 0.120 
 140   (0.171) 0.402 0.767 0.115 0.148 0.155 0.228 0.097 
 150   (0.464) 0.182 0.193 0.482 0.253 0.576 0.452 0.721 
 148   (0.091) 0.051 0.009 0.072 0.157 0.055 0.081 0.061 
 152   (0.021) 0.002 0.003 0.041 0.002 0.008 0.001 0.001 

Locus 30 : 30 
6 alleles
0.0% missing data
 127   (0.072) 0.385 0.568 0.067 0.007 0.032 0.130 0.002 
 131   (0.034) 0.173 0.003 0.027 0.003 0.051 0.002 0.001 
 129   (0.474) 0.201 0.344 0.470 0.647 0.580 0.447 0.463 
 123   (0.119) 0.063 0.015 0.085 0.089 0.141 0.117 0.107 
 125   (0.288) 0.176 0.069 0.329 0.252 0.193 0.304 0.427 
 121   (0.014) 0.001 0.001 0.021 0.001 0.003 0.001 0.000 

Locus 31 : 31 
5 alleles
0.0% missing data
 155   (0.564) 0.549 0.662 0.650 0.590 0.475 0.451 0.609 
 157   (0.221) 0.090 0.241 0.205 0.066 0.244 0.323 0.191 
 153   (0.059) 0.195 0.036 0.035 0.006 0.096 0.003 0.076 
 159   (0.122) 0.151 0.015 0.088 0.012 0.171 0.220 0.123 
 151   (0.034) 0.015 0.046 0.022 0.326 0.013 0.002 0.002 

Locus 32 : 32 
4 alleles
0.0% missing data
 150   (0.550) 0.280 0.605 0.581 0.551 0.575 0.525 0.808 
 154   (0.061) 0.050 0.040 0.043 0.006 0.058 0.075 0.004 
 146   (0.309) 0.564 0.347 0.316 0.435 0.303 0.306 0.099 
 148   (0.080) 0.106 0.008 0.060 0.008 0.063 0.095 0.089 

Locus 33 : 33 
7 alleles
0.0% missing data
 180   (0.448) 0.330 0.770 0.421 0.731 0.446 0.424 0.569 
 190   (0.030) 0.046 0.003 0.027 0.003 0.006 0.025 0.001 
 184   (0.198) 0.130 0.187 0.210 0.051 0.139 0.268 0.175 
 198   (0.049) 0.290 0.009 0.029 0.082 0.029 0.003 0.050 
 192   (0.141) 0.197 0.016 0.155 0.120 0.231 0.167 0.004 
 196   (0.121) 0.006 0.014 0.154 0.012 0.146 0.113 0.177 
 194   (0.012) 0.000 0.001 0.005 0.001 0.003 0.001 0.022 

Locus 34 : 34 
7 alleles
0.0% missing data
 108   (0.118) 0.555 0.138 0.133 0.074 0.098 0.046 0.005 
 110   (0.238) 0.148 0.259 0.240 0.068 0.179 0.343 0.338 
 106   (0.308) 0.206 0.293 0.286 0.670 0.365 0.313 0.142 
 112   (0.265) 0.089 0.027 0.272 0.114 0.329 0.267 0.503 
  94   (0.016) 0.001 0.002 0.038 0.002 0.004 0.001 0.000 
  90   (0.043) 0.002 0.280 0.027 0.005 0.023 0.030 0.011 
  96   (0.011) 0.000 0.001 0.005 0.067 0.002 0.001 0.000 

Locus 35 : 35 
8 alleles
0.0% missing data
 168   (0.066) 0.371 0.401 0.063 0.006 0.099 0.004 0.002 
 170   (0.325) 0.289 0.532 0.323 0.576 0.191 0.515 0.184 
 172   (0.281) 0.191 0.031 0.260 0.384 0.379 0.119 0.424 
 174   (0.103) 0.044 0.011 0.119 0.010 0.152 0.070 0.010 
 186   (0.022) 0.068 0.002 0.009 0.002 0.030 0.001 0.001 
 176   (0.113) 0.033 0.012 0.153 0.012 0.040 0.251 0.118 
 178   (0.041) 0.002 0.004 0.043 0.004 0.060 0.003 0.019 
 166   (0.050) 0.002 0.006 0.029 0.005 0.049 0.037 0.243 

Locus 36 : 36 
6 alleles
0.0% missing data
  83   (0.130) 0.328 0.018 0.152 0.025 0.127 0.076 0.035 
  89   (0.530) 0.591 0.293 0.507 0.767 0.559 0.598 0.695 
  85   (0.203) 0.036 0.325 0.211 0.193 0.230 0.111 0.181 
  91   (0.020) 0.016 0.351 0.012 0.002 0.004 0.001 0.001 
  95   (0.077) 0.027 0.008 0.069 0.008 0.049 0.089 0.088 
  81   (0.041) 0.002 0.005 0.049 0.004 0.031 0.125 0.001 

Locus 37 : 37 
8 alleles
0.0% missing data
 161   (0.346) 0.557 0.080 0.333 0.401 0.335 0.359 0.503 
 173   (0.283) 0.208 0.414 0.264 0.515 0.303 0.430 0.099 
 165   (0.230) 0.223 0.073 0.256 0.067 0.210 0.203 0.247 
 159   (0.017) 0.006 0.002 0.007 0.002 0.004 0.001 0.023 
 169   (0.072) 0.003 0.043 0.113 0.010 0.070 0.005 0.120 
 167   (0.023) 0.001 0.004 0.015 0.002 0.055 0.001 0.003 
 175   (0.012) 0.000 0.001 0.005 0.001 0.020 0.001 0.000 
 168   (0.016) 0.001 0.383 0.007 0.002 0.003 0.001 0.005 

Locus 38 : 38 
7 alleles
0.0% missing data
  87   (0.147) 0.364 0.753 0.117 0.204 0.093 0.070 0.166 
  91   (0.170) 0.217 0.044 0.154 0.300 0.155 0.284 0.048 
  85   (0.219) 0.144 0.151 0.221 0.270 0.223 0.257 0.076 
  89   (0.347) 0.270 0.038 0.419 0.077 0.447 0.226 0.638 
  81   (0.085) 0.003 0.010 0.076 0.146 0.074 0.138 0.046 
  93   (0.020) 0.001 0.002 0.009 0.002 0.005 0.024 0.019 
  95   (0.012) 0.000 0.001 0.005 0.001 0.002 0.001 0.007 

Locus 39 : 39 
4 alleles
0.0% missing data
 161   (0.164) 0.511 0.182 0.160 0.101 0.143 0.045 0.070 
 167   (0.789) 0.433 0.812 0.781 0.894 0.845 0.952 0.921 
 165   (0.036) 0.055 0.005 0.054 0.004 0.009 0.002 0.006 
 155   (0.011) 0.000 0.001 0.005 0.001 0.003 0.001 0.003 

Locus 40 : 40 
7 alleles
0.3% missing data
 228   (0.405) 0.333 0.487 0.411 0.198 0.421 0.324 0.582 
 240   (0.118) 0.422 0.062 0.122 0.153 0.158 0.038 0.004 
 236   (0.094) 0.125 0.151 0.069 0.594 0.021 0.109 0.094 
 238   (0.315) 0.111 0.174 0.359 0.047 0.379 0.408 0.257 
 224   (0.041) 0.008 0.004 0.022 0.005 0.015 0.119 0.059 
 242   (0.016) 0.001 0.121 0.013 0.002 0.003 0.001 0.000 
 246   (0.011) 0.000 0.001 0.005 0.001 0.003 0.001 0.004 

Locus 41 : 41 
9 alleles
0.3% missing data
 130   (0.503) 0.658 0.094 0.606 0.405 0.444 0.463 0.471 
 134   (0.118) 0.252 0.305 0.104 0.014 0.184 0.129 0.006 
 118   (0.061) 0.073 0.074 0.040 0.252 0.065 0.011 0.002 
 132   (0.114) 0.009 0.011 0.098 0.302 0.083 0.178 0.219 
 128   (0.068) 0.003 0.007 0.044 0.013 0.131 0.057 0.192 
 114   (0.096) 0.004 0.505 0.089 0.010 0.080 0.150 0.089 
 122   (0.017) 0.001 0.002 0.009 0.002 0.009 0.001 0.019 
 120   (0.011) 0.000 0.001 0.005 0.001 0.002 0.006 0.000 
 119   (0.011) 0.000 0.001 0.006 0.002 0.002 0.005 0.000 

Locus 42 : 42 
8 alleles
0.0% missing data
  92   (0.139) 0.359 0.204 0.162 0.014 0.073 0.104 0.108 
  96   (0.073) 0.176 0.163 0.050 0.007 0.034 0.052 0.075 
  98   (0.158) 0.290 0.279 0.163 0.108 0.069 0.114 0.187 
 104   (0.352) 0.163 0.081 0.394 0.321 0.497 0.303 0.201 
 102   (0.236) 0.009 0.269 0.205 0.526 0.314 0.406 0.428 
 106   (0.011) 0.000 0.001 0.012 0.001 0.002 0.001 0.000 
  94   (0.013) 0.001 0.001 0.006 0.002 0.006 0.010 0.000 
 100   (0.017) 0.001 0.002 0.008 0.021 0.004 0.012 0.000 

Locus 43 : 43 
6 alleles
0.0% missing data
  95   (0.254) 0.391 0.053 0.226 0.413 0.260 0.219 0.377 
  99   (0.096) 0.296 0.331 0.100 0.011 0.039 0.055 0.044 
 101   (0.315) 0.231 0.030 0.335 0.167 0.374 0.416 0.334 
  97   (0.038) 0.029 0.360 0.025 0.018 0.020 0.005 0.001 
 103   (0.286) 0.053 0.224 0.310 0.390 0.304 0.303 0.240 
 105   (0.011) 0.000 0.001 0.005 0.001 0.003 0.001 0.004 

Locus 44 : 44 
8 alleles
0.0% missing data
 177   (0.071) 0.066 0.007 0.053 0.010 0.068 0.025 0.114 
 191   (0.266) 0.629 0.110 0.247 0.047 0.305 0.424 0.177 
 179   (0.031) 0.089 0.304 0.014 0.003 0.041 0.002 0.001 
 181   (0.566) 0.207 0.570 0.625 0.907 0.561 0.541 0.706 
 193   (0.019) 0.008 0.004 0.021 0.004 0.005 0.001 0.001 
 183   (0.014) 0.001 0.001 0.015 0.001 0.009 0.001 0.000 
 189   (0.020) 0.001 0.002 0.019 0.025 0.009 0.001 0.001 
 187   (0.011) 0.000 0.001 0.005 0.001 0.003 0.005 0.000 

Locus 45 : 45 
6 alleles
0.5% missing data
 205   (0.436) 0.330 0.320 0.486 0.281 0.534 0.449 0.450 
 211   (0.207) 0.376 0.163 0.172 0.163 0.203 0.284 0.237 
 207   (0.190) 0.110 0.055 0.228 0.437 0.161 0.095 0.158 
 201   (0.064) 0.053 0.451 0.035 0.006 0.050 0.044 0.060 
 215   (0.086) 0.062 0.010 0.072 0.111 0.040 0.127 0.094 
 202   (0.017) 0.067 0.002 0.008 0.002 0.012 0.001 0.000 

Locus 46 : 46 
10 alleles
0.0% missing data
 158   (0.185) 0.163 0.154 0.198 0.249 0.144 0.229 0.131 
 170   (0.026) 0.072 0.003 0.027 0.005 0.006 0.002 0.004 
 168   (0.158) 0.253 0.119 0.186 0.127 0.091 0.120 0.185 
 156   (0.037) 0.112 0.140 0.021 0.004 0.035 0.009 0.001 
 164   (0.050) 0.131 0.056 0.033 0.006 0.044 0.061 0.002 
 142   (0.260) 0.164 0.031 0.276 0.296 0.392 0.338 0.186 
 144   (0.050) 0.015 0.005 0.041 0.009 0.073 0.003 0.194 
 162   (0.058) 0.054 0.356 0.048 0.006 0.038 0.144 0.002 
 166   (0.159) 0.019 0.136 0.164 0.277 0.173 0.094 0.295 
 160   (0.016) 0.015 0.002 0.007 0.022 0.003 0.001 0.000 

Locus 47 : 47 
6 alleles
0.0% missing data
 149   (0.307) 0.730 0.473 0.340 0.223 0.342 0.127 0.103 
 145   (0.245) 0.081 0.355 0.189 0.651 0.289 0.340 0.214 
 151   (0.214) 0.124 0.146 0.223 0.032 0.163 0.362 0.282 
 143   (0.021) 0.028 0.002 0.026 0.002 0.005 0.001 0.001 
 153   (0.194) 0.037 0.022 0.209 0.090 0.197 0.169 0.381 
 147   (0.018) 0.001 0.002 0.013 0.002 0.004 0.001 0.019 

Values of parameters used in structure:
DATAFILE=temp1.str,	OUTFILE=k7/temp1_k7_run5,	NUMINDS=395,	NUMLOCI=47,	MISSING=-9,	LABEL=1,	POPDATA=1,	POPFLAG=0,	PHENOTYPE=0,	EXTRACOLS=0,	MAXPOPS=7,	BURNIN=500000,	NUMREPS=750000,	USEPOPINFO=0,	INFERALPHA=1,	INFERLAMBDA=0,	POPSPECIFICLAMBDA=0,	POPALPHAS=0,	COMPUTEPROB=1,	NOADMIX=0,	ADMBURNIN=500,	UPDATEFREQ=100,	PRINTLIKES=0,	INTERMEDSAVE=0,	PRINTKLD=0,	PRINTNET=1,	PRINTLAMBDA=1,	ANCESTDIST=0,	NUMBOXES=1000,	ANCESTPINT=0.90000,	GENSBACK=2,	MIGRPRIOR=0.01000,	PRINTQHAT=0,	PRINTQSUM=1,	ALPHA=1.0000,	FREQSCORR=1,	FPRIORMEAN=0.0100,	FPRIORSD=0.0500,	ONEFST=0,	LAMBDA=1.0000,	UNIFPRIORALPHA=1,	ALPHAMAX=10.0000,	ALPHAPRIORA=1.0000,	ALPHAPRIORB=2.0000,	ALPHAPROPSD=0.0250,	STARTATPOPINFO=0,	RANDOMIZE=0,	LINKAGE=0,	METROFREQ=10,	REPORTHITRATE=0,	MARKOVPHASE=0,	PHASED=1,	PLOIDY=2,	PHASEINFO=0	LOCPRIOR=0, 	LOCPRIORINIT=1.000000, 	LOCDATA=0, 	LOCISPOP=1, 	LOCPRIORSTEP=0.100000, 	MAXLOCPRIOR=20.000000, 	SEED=750694,	
[STRAT parameters]:    NUMSIMSTATS=1000,	PHENOTYPECOL=-9,	POOLFREQ=10,	LOCUSxONLY=0,	EMERROR=0.00100,	MISSINGPHENO=-9,	