

----------------------------------------------------
STRUCTURE by Pritchard, Stephens and Donnelly (2000)
     and Falush, Stephens and Pritchard (2003)
       Code by Pritchard, Falush and Hubisz
             Version 2.3.4 (Jul 2012)
----------------------------------------------------



Command line arguments:   structure -D 880354 -K 14 -m mainparams -o k14/temp1_k14_run1 
Input File:    temp1.str

Run parameters:
   395 individuals
   47 loci
   14 populations assumed
   500000 Burn-in period
   750000 Reps
RANDOMIZE turned off


--------------------------------------------
Proportion of membership of each pre-defined
 population in each of the 14 clusters

Given    Inferred Clusters                                                                                    Number of
 Pop       1      2      3      4      5      6      7      8      9     10     11     12     13     14      Individuals

  1:     0.004  0.006  0.004  0.004  0.003  0.004  0.004  0.005  0.004  0.941  0.004  0.004  0.008  0.004       62
  2:     0.059  0.006  0.457  0.012  0.054  0.217  0.013  0.013  0.131  0.003  0.010  0.011  0.003  0.010       79
  3:     0.074  0.012  0.026  0.008  0.490  0.313  0.009  0.008  0.020  0.002  0.009  0.012  0.002  0.014       12
  4:     0.011  0.004  0.056  0.007  0.066  0.224  0.006  0.007  0.589  0.002  0.009  0.008  0.003  0.008       33
  5:     0.014  0.008  0.011  0.016  0.012  0.009  0.017  0.017  0.007  0.014  0.635  0.022  0.004  0.215       81
  6:     0.179  0.006  0.083  0.029  0.019  0.386  0.022  0.021  0.182  0.004  0.010  0.016  0.009  0.033        7
  7:     0.010  0.879  0.009  0.014  0.008  0.008  0.016  0.017  0.006  0.005  0.005  0.012  0.003  0.009       19
  8:     0.004  0.010  0.002  0.005  0.003  0.003  0.005  0.005  0.003  0.006  0.003  0.003  0.943  0.004       10
  9:     0.098  0.012  0.012  0.208  0.011  0.009  0.222  0.225  0.010  0.019  0.020  0.098  0.028  0.027       10
 10:     0.116  0.031  0.036  0.166  0.020  0.014  0.220  0.231  0.017  0.029  0.028  0.041  0.015  0.037       23
 11:     0.053  0.017  0.027  0.304  0.010  0.007  0.230  0.134  0.009  0.009  0.035  0.069  0.008  0.088       11
 12:     0.054  0.006  0.022  0.151  0.016  0.034  0.096  0.152  0.015  0.007  0.010  0.421  0.005  0.011       18
 13:     0.105  0.011  0.018  0.176  0.021  0.012  0.187  0.165  0.024  0.121  0.040  0.041  0.027  0.052       25
 14:     0.089  0.017  0.013  0.120  0.006  0.038  0.145  0.230  0.027  0.004  0.010  0.284  0.002  0.015        5
--------------------------------------------

Allele-freq. divergence among pops (Net nucleotide distance),
computed using point estimates of P.

      1       2       3       4       5       6       7       8       9      10      11      12      13      14      
 1      -    0.0674  0.0252  0.0148  0.0459  0.0260  0.0134  0.0127  0.0304  0.1016  0.0366  0.0280  0.1163  0.0288  
 2   0.0674     -    0.0828  0.0597  0.0986  0.0827  0.0590  0.0554  0.0844  0.1178  0.0722  0.0697  0.1322  0.0660  
 3   0.0252  0.0828     -    0.0295  0.0466  0.0268  0.0279  0.0263  0.0293  0.1273  0.0473  0.0458  0.1498  0.0439  
 4   0.0148  0.0597  0.0295     -    0.0494  0.0357  0.0006  0.0016  0.0362  0.0802  0.0219  0.0181  0.1105  0.0185  
 5   0.0459  0.0986  0.0466  0.0494     -    0.0554  0.0466  0.0453  0.0611  0.1382  0.0613  0.0638  0.1535  0.0617  
 6   0.0260  0.0827  0.0268  0.0357  0.0554     -    0.0357  0.0337  0.0312  0.1339  0.0558  0.0464  0.1527  0.0503  
 7   0.0134  0.0590  0.0279  0.0006  0.0466  0.0357     -    0.0012  0.0360  0.0789  0.0216  0.0186  0.1092  0.0178  
 8   0.0127  0.0554  0.0263  0.0016  0.0453  0.0337  0.0012     -    0.0328  0.0777  0.0225  0.0178  0.1093  0.0175  
 9   0.0304  0.0844  0.0293  0.0362  0.0611  0.0312  0.0360  0.0328     -    0.1320  0.0622  0.0515  0.1454  0.0525  
10   0.1016  0.1178  0.1273  0.0802  0.1382  0.1339  0.0789  0.0777  0.1320     -    0.0927  0.1105  0.1124  0.1008  
11   0.0366  0.0722  0.0473  0.0219  0.0613  0.0558  0.0216  0.0225  0.0622  0.0927     -    0.0384  0.1210  0.0184  
12   0.0280  0.0697  0.0458  0.0181  0.0638  0.0464  0.0186  0.0178  0.0515  0.1105  0.0384     -    0.1340  0.0332  
13   0.1163  0.1322  0.1498  0.1105  0.1535  0.1527  0.1092  0.1093  0.1454  0.1124  0.1210  0.1340     -    0.1219  
14   0.0288  0.0660  0.0439  0.0185  0.0617  0.0503  0.0178  0.0175  0.0525  0.1008  0.0184  0.0332  0.1219     -    

Average distances (expected heterozygosity) between individuals in same cluster:
cluster  1  : 0.6032 
cluster  2  : 0.5469 
cluster  3  : 0.5575 
cluster  4  : 0.6294 
cluster  5  : 0.5290 
cluster  6  : 0.5348 
cluster  7  : 0.6320 
cluster  8  : 0.6330 
cluster  9  : 0.5430 
cluster 10  : 0.6369 
cluster 11  : 0.5935 
cluster 12  : 0.5845 
cluster 13  : 0.5414 
cluster 14  : 0.5967 

--------------------------------------------
Estimated Ln Prob of Data   = -45085.5
Mean value of ln likelihood = -41358.2
Variance of ln likelihood   = 7454.6
Mean value of alpha         = 0.0340

Mean value of Fst_1         = 0.1279
Mean value of Fst_2         = 0.2088
Mean value of Fst_3         = 0.1205
Mean value of Fst_4         = 0.0495
Mean value of Fst_5         = 0.2073
Mean value of Fst_6         = 0.1663
Mean value of Fst_7         = 0.0493
Mean value of Fst_8         = 0.0330
Mean value of Fst_9         = 0.1413
Mean value of Fst_10         = 0.1852
Mean value of Fst_11         = 0.1046
Mean value of Fst_12         = 0.1118
Mean value of Fst_13         = 0.3114
Mean value of Fst_14         = 0.0983


Inferred ancestry of individuals:
        Label (%Miss) Pop:  Inferred clusters
  1      187    (0)    1 :  0.003 0.002 0.002 0.002 0.002 0.002 0.002 0.002 0.002 0.973 0.002 0.002 0.002 0.002 
  2      188    (0)    1 :  0.005 0.003 0.003 0.004 0.002 0.007 0.004 0.005 0.003 0.951 0.005 0.003 0.002 0.003 
  3      189    (0)    1 :  0.002 0.001 0.002 0.003 0.001 0.002 0.003 0.002 0.003 0.973 0.002 0.002 0.002 0.002 
  4      190    (0)    1 :  0.002 0.002 0.002 0.003 0.002 0.001 0.003 0.003 0.002 0.972 0.002 0.004 0.001 0.002 
  5      191    (0)    1 :  0.002 0.001 0.002 0.002 0.002 0.001 0.002 0.002 0.001 0.978 0.002 0.002 0.004 0.001 
  6      247    (0)    1 :  0.003 0.003 0.002 0.002 0.002 0.003 0.002 0.002 0.003 0.969 0.002 0.003 0.003 0.002 
  7      281    (0)    1 :  0.002 0.003 0.001 0.002 0.002 0.001 0.002 0.002 0.001 0.976 0.001 0.001 0.003 0.002 
  8      282    (0)    1 :  0.003 0.002 0.004 0.003 0.002 0.004 0.003 0.003 0.008 0.956 0.002 0.005 0.001 0.002 
  9      283    (0)    1 :  0.002 0.002 0.002 0.002 0.002 0.002 0.002 0.002 0.002 0.972 0.003 0.001 0.002 0.003 
 10      284    (0)    1 :  0.001 0.001 0.001 0.001 0.001 0.001 0.001 0.001 0.001 0.984 0.001 0.001 0.001 0.001 
 11      285    (0)    1 :  0.003 0.003 0.003 0.004 0.002 0.003 0.005 0.005 0.003 0.955 0.003 0.004 0.003 0.003 
 12      286    (0)    1 :  0.002 0.002 0.003 0.003 0.003 0.002 0.003 0.003 0.002 0.969 0.003 0.002 0.002 0.003 
 13      288    (0)    1 :  0.006 0.011 0.009 0.006 0.011 0.003 0.006 0.007 0.006 0.915 0.009 0.004 0.002 0.004 
 14      289    (0)    1 :  0.002 0.001 0.002 0.003 0.001 0.001 0.003 0.002 0.001 0.965 0.002 0.002 0.013 0.002 
 15      292    (0)    1 :  0.005 0.021 0.003 0.004 0.002 0.002 0.004 0.005 0.003 0.936 0.002 0.003 0.004 0.004 
 16      293    (0)    1 :  0.003 0.006 0.003 0.004 0.003 0.004 0.004 0.004 0.003 0.952 0.004 0.002 0.005 0.004 
 17      294    (0)    1 :  0.003 0.004 0.002 0.003 0.003 0.002 0.003 0.003 0.002 0.964 0.002 0.002 0.003 0.003 
 18      297    (0)    1 :  0.003 0.006 0.004 0.003 0.005 0.003 0.003 0.003 0.003 0.957 0.003 0.002 0.003 0.003 
 19      298    (0)    1 :  0.020 0.013 0.009 0.014 0.015 0.006 0.015 0.017 0.007 0.859 0.006 0.009 0.002 0.005 
 20      299    (0)    1 :  0.004 0.003 0.006 0.005 0.002 0.004 0.004 0.005 0.004 0.947 0.005 0.006 0.002 0.005 
 21      300    (0)    1 :  0.006 0.003 0.007 0.003 0.003 0.011 0.003 0.003 0.004 0.941 0.003 0.003 0.006 0.003 
 22      301    (0)    1 :  0.006 0.004 0.055 0.004 0.003 0.006 0.004 0.005 0.005 0.886 0.007 0.003 0.003 0.009 
 23      302    (0)    1 :  0.003 0.005 0.003 0.004 0.002 0.002 0.004 0.003 0.003 0.924 0.003 0.005 0.036 0.003 
 24      303    (0)    1 :  0.005 0.004 0.004 0.004 0.004 0.010 0.005 0.005 0.003 0.928 0.007 0.003 0.003 0.015 
 25      304    (0)    1 :  0.002 0.002 0.002 0.003 0.002 0.002 0.002 0.003 0.002 0.972 0.002 0.002 0.002 0.002 
 26      305    (0)    1 :  0.012 0.006 0.008 0.007 0.009 0.020 0.006 0.009 0.025 0.882 0.003 0.007 0.003 0.004 
 27      306    (0)    1 :  0.003 0.005 0.002 0.005 0.002 0.003 0.005 0.005 0.002 0.956 0.003 0.003 0.003 0.003 
 28      308    (0)    1 :  0.002 0.008 0.002 0.002 0.002 0.003 0.003 0.002 0.003 0.932 0.003 0.004 0.032 0.003 
 29      309    (0)    1 :  0.012 0.003 0.006 0.018 0.017 0.008 0.017 0.015 0.006 0.857 0.014 0.018 0.002 0.007 
 30      310    (0)    1 :  0.002 0.002 0.002 0.002 0.003 0.002 0.002 0.003 0.002 0.970 0.005 0.002 0.002 0.002 
 31      311    (0)    1 :  0.002 0.003 0.003 0.003 0.002 0.003 0.003 0.003 0.004 0.966 0.002 0.002 0.002 0.002 
 32      312    (0)    1 :  0.002 0.001 0.002 0.002 0.002 0.003 0.003 0.003 0.001 0.959 0.006 0.002 0.003 0.011 
 33      313    (0)    1 :  0.003 0.003 0.003 0.004 0.002 0.002 0.004 0.004 0.002 0.945 0.004 0.005 0.015 0.003 
 34      314    (0)    1 :  0.003 0.007 0.003 0.004 0.003 0.002 0.004 0.004 0.005 0.956 0.002 0.002 0.002 0.003 
 35      315    (0)    1 :  0.004 0.002 0.005 0.004 0.004 0.004 0.004 0.004 0.005 0.953 0.005 0.002 0.001 0.003 
 36      316    (0)    1 :  0.001 0.001 0.001 0.001 0.001 0.001 0.001 0.001 0.001 0.984 0.001 0.001 0.002 0.001 
 37      317    (0)    1 :  0.003 0.002 0.004 0.004 0.003 0.002 0.004 0.003 0.003 0.942 0.008 0.002 0.011 0.009 
 38      344    (0)    1 :  0.002 0.001 0.003 0.003 0.002 0.002 0.003 0.003 0.002 0.972 0.002 0.003 0.001 0.002 
 39      352    (0)    1 :  0.004 0.003 0.002 0.004 0.003 0.002 0.004 0.004 0.002 0.891 0.003 0.003 0.073 0.003 
 40      353    (0)    1 :  0.003 0.004 0.002 0.003 0.004 0.002 0.004 0.004 0.003 0.953 0.003 0.004 0.008 0.003 
 41      649    (0)    1 :  0.002 0.002 0.003 0.002 0.002 0.002 0.002 0.002 0.003 0.970 0.002 0.003 0.002 0.002 
 42      650    (0)    1 :  0.002 0.002 0.002 0.003 0.002 0.001 0.003 0.003 0.001 0.975 0.002 0.002 0.001 0.002 
 43      651    (0)    1 :  0.005 0.002 0.002 0.006 0.002 0.003 0.006 0.006 0.003 0.944 0.003 0.009 0.004 0.005 
 44      652    (0)    1 :  0.002 0.003 0.001 0.002 0.001 0.002 0.002 0.003 0.001 0.972 0.003 0.002 0.003 0.003 
 45      653    (0)    1 :  0.004 0.011 0.004 0.007 0.004 0.004 0.006 0.006 0.004 0.922 0.014 0.005 0.004 0.005 
 46      654    (0)    1 :  0.004 0.006 0.002 0.004 0.002 0.006 0.004 0.003 0.002 0.951 0.007 0.002 0.003 0.005 
 47      655    (0)    1 :  0.002 0.001 0.001 0.002 0.001 0.001 0.002 0.002 0.002 0.952 0.002 0.001 0.029 0.002 
 48      656    (0)    1 :  0.003 0.003 0.002 0.002 0.002 0.002 0.003 0.003 0.002 0.858 0.002 0.002 0.113 0.003 
 49      657    (0)    1 :  0.006 0.004 0.005 0.009 0.004 0.004 0.008 0.007 0.004 0.911 0.010 0.005 0.020 0.004 
 50      658    (0)    1 :  0.004 0.011 0.004 0.004 0.003 0.005 0.004 0.005 0.003 0.929 0.014 0.004 0.004 0.005 
 51      659    (0)    1 :  0.009 0.010 0.004 0.010 0.005 0.007 0.011 0.011 0.007 0.897 0.004 0.007 0.013 0.006 
 52      660    (0)    1 :  0.007 0.003 0.005 0.007 0.006 0.005 0.007 0.006 0.004 0.930 0.009 0.004 0.002 0.004 
 53      661    (0)    1 :  0.003 0.001 0.002 0.003 0.001 0.002 0.002 0.002 0.002 0.967 0.003 0.003 0.007 0.003 
 54      662    (0)    1 :  0.007 0.003 0.005 0.004 0.003 0.008 0.004 0.004 0.005 0.949 0.002 0.002 0.002 0.002 
 55      663    (0)    1 :  0.005 0.009 0.003 0.005 0.008 0.003 0.005 0.005 0.002 0.943 0.002 0.004 0.003 0.003 
 56      664    (0)    1 :  0.015 0.015 0.004 0.014 0.011 0.014 0.016 0.017 0.007 0.844 0.010 0.021 0.003 0.008 
 57      665    (0)    1 :  0.002 0.002 0.003 0.003 0.002 0.002 0.003 0.003 0.002 0.966 0.005 0.002 0.002 0.003 
 58      666    (0)    1 :  0.003 0.008 0.002 0.003 0.004 0.003 0.003 0.003 0.002 0.935 0.004 0.002 0.022 0.005 
 59      667    (0)    1 :  0.007 0.054 0.007 0.005 0.004 0.006 0.006 0.006 0.007 0.877 0.002 0.012 0.003 0.003 
 60      668    (0)    1 :  0.005 0.008 0.003 0.005 0.004 0.005 0.005 0.006 0.004 0.940 0.003 0.004 0.002 0.004 
 61      669    (0)    1 :  0.020 0.018 0.005 0.011 0.004 0.009 0.011 0.009 0.007 0.873 0.007 0.008 0.003 0.016 
 62      670    (0)    1 :  0.002 0.007 0.002 0.002 0.001 0.002 0.002 0.002 0.002 0.965 0.003 0.002 0.004 0.003 
 63      797    (0)   10 :  0.103 0.013 0.025 0.136 0.004 0.022 0.229 0.318 0.079 0.004 0.017 0.041 0.002 0.007 
 64      798    (0)   10 :  0.091 0.003 0.014 0.171 0.005 0.005 0.234 0.349 0.011 0.002 0.004 0.101 0.001 0.007 
 65      799    (0)   10 :  0.165 0.039 0.002 0.131 0.006 0.002 0.373 0.245 0.003 0.007 0.009 0.007 0.004 0.007 
 66      800    (0)   10 :  0.132 0.003 0.025 0.194 0.008 0.017 0.181 0.223 0.004 0.005 0.081 0.098 0.005 0.023 
 67      823    (0)   10 :  0.069 0.397 0.012 0.047 0.023 0.017 0.062 0.104 0.012 0.177 0.008 0.039 0.018 0.016 
 68      824    (0)   10 :  0.010 0.003 0.003 0.540 0.002 0.003 0.411 0.005 0.005 0.002 0.003 0.007 0.003 0.003 
 69      825    (0)   10 :  0.182 0.013 0.003 0.192 0.002 0.005 0.098 0.370 0.008 0.010 0.013 0.068 0.004 0.030 
 70      826    (0)   10 :  0.094 0.004 0.036 0.055 0.017 0.030 0.059 0.080 0.006 0.016 0.170 0.037 0.031 0.365 
 71      827    (0)   10 :  0.033 0.004 0.092 0.320 0.005 0.016 0.158 0.283 0.046 0.010 0.006 0.008 0.002 0.018 
 72      836    (0)   10 :  0.126 0.003 0.023 0.147 0.006 0.010 0.282 0.364 0.005 0.001 0.008 0.009 0.001 0.015 
 73      837    (0)   10 :  0.209 0.004 0.008 0.090 0.022 0.004 0.331 0.220 0.012 0.014 0.019 0.005 0.048 0.015 
 74      838    (0)   10 :  0.083 0.003 0.006 0.301 0.023 0.009 0.222 0.146 0.006 0.002 0.104 0.038 0.002 0.055 
 75      839    (0)   10 :  0.135 0.015 0.127 0.116 0.005 0.032 0.296 0.183 0.009 0.002 0.013 0.023 0.004 0.039 
 76      840    (0)   10 :  0.120 0.012 0.002 0.130 0.002 0.002 0.171 0.299 0.002 0.076 0.014 0.147 0.002 0.021 
 77      841    (0)   10 :  0.127 0.006 0.008 0.148 0.008 0.034 0.184 0.259 0.053 0.010 0.009 0.109 0.002 0.042 
 78      842    (0)   10 :  0.118 0.005 0.010 0.175 0.034 0.009 0.217 0.311 0.033 0.027 0.016 0.028 0.002 0.014 
 79      843    (0)   10 :  0.144 0.004 0.026 0.134 0.006 0.004 0.353 0.249 0.004 0.016 0.019 0.015 0.002 0.026 
 80      845    (0)   10 :  0.155 0.004 0.030 0.232 0.012 0.005 0.166 0.330 0.033 0.003 0.006 0.014 0.002 0.007 
 81      846    (0)   10 :  0.124 0.010 0.016 0.101 0.152 0.008 0.264 0.211 0.005 0.007 0.013 0.068 0.005 0.016 
 82      847    (2)   10 :  0.089 0.147 0.006 0.069 0.002 0.005 0.085 0.153 0.008 0.187 0.028 0.031 0.139 0.052 
 83      848    (0)   10 :  0.156 0.006 0.012 0.104 0.019 0.004 0.331 0.214 0.003 0.072 0.039 0.004 0.009 0.027 
 84      849    (0)   10 :  0.097 0.005 0.261 0.085 0.036 0.023 0.209 0.157 0.007 0.003 0.034 0.011 0.048 0.025 
 85      855    (0)   10 :  0.112 0.003 0.069 0.205 0.061 0.056 0.150 0.237 0.041 0.004 0.010 0.028 0.008 0.017 
 86      793    (0)   11 :  0.048 0.002 0.034 0.371 0.004 0.003 0.348 0.055 0.003 0.006 0.106 0.009 0.004 0.005 
 87      794    (0)   11 :  0.148 0.003 0.084 0.171 0.035 0.006 0.198 0.282 0.031 0.008 0.010 0.009 0.008 0.007 
 88      828    (0)   11 :  0.029 0.003 0.003 0.395 0.006 0.003 0.213 0.210 0.003 0.004 0.061 0.050 0.006 0.015 
 89      829    (4)   11 :  0.069 0.003 0.109 0.313 0.005 0.005 0.316 0.106 0.010 0.011 0.020 0.008 0.001 0.023 
 90      830    (0)   11 :  0.066 0.023 0.013 0.339 0.012 0.010 0.265 0.127 0.007 0.008 0.022 0.061 0.004 0.042 
 91      831    (2)   11 :  0.019 0.010 0.006 0.495 0.003 0.010 0.381 0.024 0.005 0.011 0.006 0.019 0.007 0.005 
 92      832    (0)   11 :  0.056 0.002 0.013 0.078 0.019 0.009 0.080 0.133 0.008 0.009 0.022 0.502 0.005 0.063 
 93      833    (2)   11 :  0.029 0.003 0.008 0.445 0.012 0.010 0.268 0.105 0.005 0.005 0.065 0.006 0.007 0.032 
 94      835    (0)   11 :  0.036 0.125 0.015 0.040 0.005 0.010 0.046 0.047 0.006 0.019 0.011 0.017 0.039 0.583 
 95      870    (0)   11 :  0.061 0.006 0.007 0.273 0.004 0.008 0.190 0.150 0.005 0.009 0.048 0.054 0.002 0.182 
 96      871    (0)   11 :  0.028 0.004 0.004 0.421 0.004 0.005 0.231 0.236 0.011 0.013 0.010 0.023 0.002 0.010 
 97      451    (0)   12 :  0.147 0.003 0.024 0.266 0.004 0.016 0.195 0.266 0.044 0.009 0.007 0.005 0.007 0.007 
 98      452    (4)   12 :  0.011 0.005 0.018 0.009 0.003 0.015 0.008 0.009 0.014 0.002 0.005 0.895 0.002 0.004 
 99      453    (4)   12 :  0.006 0.007 0.006 0.013 0.003 0.008 0.013 0.010 0.003 0.002 0.005 0.917 0.002 0.005 
100      454    (2)   12 :  0.039 0.009 0.006 0.352 0.004 0.031 0.135 0.281 0.005 0.018 0.016 0.084 0.008 0.011 
101      455    (4)   12 :  0.037 0.018 0.009 0.371 0.005 0.025 0.149 0.254 0.006 0.004 0.012 0.099 0.002 0.010 
102      795    (0)   12 :  0.007 0.005 0.008 0.012 0.009 0.007 0.008 0.012 0.005 0.002 0.013 0.903 0.001 0.009 
103      796    (0)   12 :  0.096 0.003 0.005 0.278 0.005 0.017 0.183 0.346 0.008 0.018 0.003 0.029 0.002 0.006 
104      802    (0)   12 :  0.017 0.003 0.009 0.013 0.023 0.122 0.012 0.012 0.006 0.005 0.004 0.762 0.001 0.012 
105      804    (0)   12 :  0.060 0.006 0.012 0.239 0.011 0.040 0.113 0.258 0.017 0.002 0.017 0.165 0.002 0.060 
106      805    (0)   12 :  0.066 0.012 0.097 0.275 0.010 0.052 0.141 0.249 0.018 0.036 0.020 0.014 0.002 0.007 
107      851    (0)   12 :  0.003 0.003 0.002 0.005 0.003 0.003 0.004 0.004 0.003 0.001 0.005 0.945 0.008 0.010 
108      852    (0)   12 :  0.005 0.003 0.006 0.009 0.018 0.009 0.006 0.009 0.004 0.001 0.006 0.918 0.002 0.005 
109      854    (0)   12 :  0.116 0.008 0.004 0.136 0.104 0.003 0.321 0.235 0.004 0.006 0.011 0.032 0.002 0.020 
110      858    (0)   12 :  0.048 0.006 0.037 0.340 0.023 0.015 0.134 0.347 0.019 0.001 0.005 0.018 0.002 0.005 
111      859    (0)   12 :  0.165 0.012 0.117 0.095 0.026 0.195 0.128 0.157 0.032 0.002 0.036 0.023 0.002 0.010 
112      860    (0)   12 :  0.115 0.005 0.012 0.289 0.022 0.021 0.166 0.271 0.027 0.006 0.007 0.014 0.040 0.006 
113      862    (0)   12 :  0.023 0.007 0.010 0.006 0.006 0.023 0.007 0.007 0.008 0.002 0.005 0.887 0.001 0.008 
114      863    (0)   12 :  0.008 0.003 0.009 0.009 0.006 0.012 0.008 0.009 0.048 0.002 0.006 0.874 0.001 0.006 
115      450    (0)   13 :  0.137 0.022 0.038 0.268 0.006 0.011 0.231 0.221 0.015 0.009 0.011 0.018 0.004 0.008 
116      791    (0)   13 :  0.132 0.007 0.018 0.137 0.004 0.007 0.304 0.220 0.005 0.066 0.011 0.061 0.003 0.025 
117      792    (0)   13 :  0.157 0.014 0.004 0.131 0.011 0.006 0.138 0.210 0.007 0.147 0.015 0.006 0.147 0.008 
118      803    (0)   13 :  0.027 0.013 0.004 0.088 0.002 0.003 0.058 0.078 0.003 0.101 0.055 0.009 0.273 0.286 
119      806    (0)   13 :  0.113 0.007 0.005 0.050 0.004 0.002 0.076 0.115 0.008 0.326 0.148 0.016 0.003 0.124 
120      807    (0)   13 :  0.161 0.007 0.004 0.137 0.007 0.003 0.385 0.263 0.004 0.009 0.005 0.008 0.002 0.006 
121      808    (0)   13 :  0.041 0.003 0.007 0.408 0.011 0.006 0.254 0.211 0.011 0.008 0.020 0.007 0.003 0.008 
122      809    (0)   13 :  0.059 0.008 0.007 0.052 0.012 0.007 0.051 0.073 0.009 0.117 0.294 0.098 0.025 0.185 
123      810    (0)   13 :  0.131 0.045 0.014 0.086 0.090 0.015 0.153 0.207 0.012 0.154 0.014 0.011 0.036 0.031 
124      811    (0)   13 :  0.130 0.006 0.008 0.110 0.006 0.012 0.166 0.211 0.006 0.298 0.009 0.015 0.004 0.020 
125      812    (0)   13 :  0.119 0.019 0.017 0.125 0.003 0.011 0.205 0.263 0.004 0.029 0.102 0.017 0.004 0.081 
126      813    (0)   13 :  0.038 0.004 0.018 0.189 0.015 0.025 0.144 0.071 0.015 0.222 0.038 0.209 0.002 0.009 
127      814    (0)   13 :  0.040 0.006 0.021 0.440 0.023 0.009 0.311 0.081 0.012 0.024 0.010 0.014 0.005 0.005 
128      834    (0)   13 :  0.165 0.002 0.005 0.137 0.007 0.021 0.353 0.251 0.009 0.029 0.005 0.006 0.004 0.007 
129      844    (0)   13 :  0.324 0.004 0.104 0.108 0.008 0.059 0.123 0.092 0.104 0.003 0.011 0.040 0.003 0.017 
130      850    (0)   13 :  0.017 0.009 0.002 0.218 0.003 0.004 0.103 0.105 0.004 0.366 0.027 0.125 0.005 0.012 
131      856    (0)   13 :  0.041 0.015 0.002 0.162 0.004 0.005 0.109 0.156 0.004 0.367 0.007 0.119 0.003 0.004 
132      857    (0)   13 :  0.063 0.017 0.008 0.050 0.037 0.004 0.049 0.071 0.003 0.390 0.007 0.084 0.006 0.210 
133      861    (0)   13 :  0.063 0.015 0.032 0.379 0.003 0.019 0.231 0.165 0.009 0.005 0.027 0.025 0.004 0.022 
134      864    (0)   13 :  0.194 0.018 0.009 0.120 0.140 0.003 0.159 0.317 0.008 0.008 0.004 0.007 0.007 0.005 
135      865    (0)   13 :  0.045 0.009 0.071 0.155 0.036 0.044 0.111 0.122 0.304 0.004 0.017 0.008 0.006 0.067 
136      866    (0)   13 :  0.102 0.003 0.005 0.189 0.003 0.003 0.122 0.248 0.008 0.053 0.127 0.110 0.008 0.020 
137      867    (0)   13 :  0.197 0.023 0.018 0.082 0.036 0.006 0.248 0.219 0.015 0.011 0.022 0.007 0.016 0.101 
138      868    (0)   13 :  0.014 0.004 0.004 0.492 0.004 0.009 0.373 0.015 0.007 0.032 0.006 0.007 0.025 0.007 
139      869    (0)   13 :  0.105 0.006 0.024 0.091 0.052 0.011 0.223 0.145 0.005 0.239 0.008 0.005 0.067 0.018 
140      004    (0)   14 :  0.070 0.040 0.013 0.106 0.005 0.052 0.070 0.176 0.042 0.004 0.008 0.377 0.002 0.035 
141      008    (0)   14 :  0.119 0.022 0.025 0.209 0.006 0.032 0.146 0.288 0.063 0.005 0.029 0.037 0.002 0.018 
142      013    (0)   14 :  0.112 0.009 0.020 0.129 0.013 0.095 0.222 0.307 0.011 0.004 0.008 0.056 0.005 0.009 
143      109    (0)   14 :  0.137 0.010 0.007 0.149 0.004 0.006 0.281 0.369 0.018 0.004 0.002 0.005 0.002 0.007 
144      348    (0)   14 :  0.005 0.004 0.002 0.007 0.004 0.003 0.006 0.009 0.003 0.003 0.004 0.944 0.001 0.004 
145      014    (0)    2 :  0.023 0.006 0.876 0.013 0.014 0.008 0.011 0.013 0.013 0.010 0.003 0.004 0.002 0.005 
146      015    (0)    2 :  0.047 0.003 0.327 0.009 0.418 0.010 0.013 0.014 0.131 0.005 0.007 0.004 0.001 0.012 
147      016    (0)    2 :  0.014 0.002 0.898 0.006 0.005 0.029 0.006 0.007 0.010 0.002 0.009 0.005 0.002 0.004 
148      017    (0)    2 :  0.015 0.007 0.826 0.012 0.008 0.012 0.014 0.011 0.068 0.002 0.007 0.006 0.002 0.010 
149      018    (0)    2 :  0.041 0.005 0.720 0.011 0.011 0.135 0.009 0.008 0.026 0.002 0.015 0.005 0.004 0.008 
150      023    (0)    2 :  0.011 0.005 0.831 0.013 0.015 0.056 0.012 0.011 0.010 0.003 0.015 0.008 0.004 0.008 
151      025    (0)    2 :  0.098 0.005 0.025 0.015 0.005 0.773 0.013 0.017 0.012 0.002 0.004 0.023 0.003 0.005 
152      026    (0)    2 :  0.056 0.002 0.055 0.003 0.017 0.837 0.004 0.004 0.008 0.001 0.003 0.003 0.002 0.005 
153      027    (0)    2 :  0.068 0.003 0.591 0.042 0.012 0.031 0.071 0.095 0.044 0.004 0.009 0.007 0.003 0.022 
154      028    (0)    2 :  0.015 0.003 0.907 0.006 0.005 0.010 0.007 0.006 0.009 0.002 0.019 0.004 0.003 0.005 
155      029    (0)    2 :  0.021 0.004 0.741 0.008 0.005 0.012 0.011 0.008 0.072 0.002 0.005 0.103 0.002 0.007 
156      030    (0)    2 :  0.012 0.008 0.762 0.010 0.020 0.126 0.011 0.013 0.006 0.003 0.008 0.007 0.002 0.011 
157      031    (0)    2 :  0.003 0.002 0.940 0.004 0.005 0.006 0.005 0.003 0.006 0.003 0.012 0.004 0.002 0.004 
158      032    (0)    2 :  0.053 0.016 0.337 0.010 0.309 0.074 0.009 0.015 0.090 0.001 0.008 0.043 0.005 0.031 
159      035    (0)    2 :  0.040 0.002 0.855 0.003 0.007 0.049 0.003 0.003 0.022 0.001 0.004 0.005 0.002 0.003 
160      037    (0)    2 :  0.004 0.003 0.918 0.004 0.022 0.012 0.005 0.005 0.008 0.001 0.006 0.005 0.002 0.005 
161      038    (0)    2 :  0.012 0.035 0.023 0.011 0.005 0.828 0.009 0.010 0.015 0.002 0.024 0.006 0.004 0.014 
162      039    (0)    2 :  0.006 0.002 0.787 0.003 0.122 0.014 0.003 0.004 0.044 0.002 0.003 0.003 0.002 0.005 
163      040    (0)    2 :  0.014 0.002 0.864 0.011 0.009 0.010 0.013 0.010 0.013 0.024 0.009 0.008 0.002 0.011 
164      041    (0)    2 :  0.012 0.002 0.472 0.014 0.021 0.021 0.011 0.010 0.401 0.004 0.014 0.005 0.002 0.011 
165      043    (0)    2 :  0.024 0.002 0.164 0.004 0.011 0.765 0.004 0.005 0.007 0.001 0.004 0.003 0.001 0.003 
166      045    (0)    2 :  0.016 0.005 0.799 0.007 0.056 0.061 0.007 0.008 0.012 0.001 0.009 0.010 0.003 0.007 
167      046    (0)    2 :  0.166 0.002 0.419 0.045 0.028 0.208 0.046 0.020 0.009 0.006 0.016 0.018 0.003 0.014 
168      047    (0)    2 :  0.004 0.003 0.920 0.007 0.006 0.015 0.006 0.007 0.014 0.003 0.006 0.003 0.001 0.005 
169      050    (0)    2 :  0.146 0.002 0.018 0.002 0.004 0.806 0.002 0.002 0.008 0.001 0.002 0.003 0.001 0.002 
170      052    (0)    2 :  0.009 0.003 0.023 0.005 0.022 0.015 0.006 0.007 0.891 0.001 0.005 0.006 0.002 0.006 
171      053    (0)    2 :  0.005 0.002 0.250 0.006 0.011 0.034 0.006 0.006 0.662 0.002 0.004 0.008 0.001 0.003 
172      054    (0)    2 :  0.015 0.003 0.041 0.017 0.029 0.756 0.018 0.020 0.020 0.005 0.014 0.008 0.012 0.041 
173      055    (0)    2 :  0.012 0.004 0.577 0.007 0.017 0.090 0.007 0.010 0.250 0.003 0.008 0.004 0.002 0.007 
174      056    (0)    2 :  0.019 0.002 0.410 0.009 0.416 0.067 0.009 0.008 0.009 0.002 0.006 0.031 0.003 0.008 
175      057    (0)    2 :  0.021 0.005 0.583 0.027 0.007 0.060 0.028 0.029 0.197 0.021 0.004 0.012 0.003 0.006 
176      058    (0)    2 :  0.042 0.054 0.092 0.026 0.054 0.538 0.024 0.049 0.030 0.002 0.018 0.028 0.004 0.041 
177      059    (0)    2 :  0.020 0.006 0.108 0.025 0.303 0.357 0.023 0.024 0.018 0.004 0.033 0.013 0.002 0.064 
178      060    (0)    2 :  0.004 0.003 0.953 0.004 0.004 0.006 0.004 0.004 0.006 0.001 0.004 0.004 0.001 0.003 
179      350    (0)    2 :  0.487 0.002 0.034 0.003 0.002 0.450 0.003 0.003 0.004 0.001 0.002 0.004 0.003 0.002 
180      351    (0)    2 :  0.025 0.003 0.091 0.019 0.070 0.406 0.019 0.025 0.292 0.001 0.030 0.009 0.002 0.008 
181      354    (0)    2 :  0.043 0.005 0.389 0.005 0.324 0.185 0.006 0.007 0.015 0.002 0.008 0.004 0.002 0.006 
182      374    (0)    2 :  0.026 0.011 0.693 0.039 0.058 0.020 0.047 0.053 0.013 0.002 0.008 0.020 0.002 0.008 
183      378    (0)    2 :  0.012 0.004 0.819 0.019 0.008 0.022 0.018 0.018 0.031 0.002 0.007 0.026 0.001 0.011 
184      381    (0)    2 :  0.007 0.003 0.883 0.006 0.028 0.017 0.006 0.006 0.020 0.002 0.006 0.004 0.002 0.011 
185      382    (0)    2 :  0.006 0.004 0.946 0.004 0.007 0.005 0.004 0.004 0.003 0.002 0.004 0.003 0.003 0.005 
186      384    (0)    2 :  0.016 0.002 0.043 0.005 0.004 0.887 0.005 0.005 0.007 0.009 0.005 0.004 0.003 0.006 
187      555    (0)    2 :  0.017 0.014 0.654 0.017 0.026 0.058 0.021 0.024 0.136 0.009 0.006 0.004 0.007 0.008 
188      671    (0)    2 :  0.380 0.044 0.095 0.035 0.008 0.237 0.040 0.041 0.008 0.002 0.009 0.055 0.003 0.041 
189      672    (0)    2 :  0.006 0.005 0.009 0.007 0.017 0.897 0.007 0.008 0.006 0.004 0.006 0.020 0.002 0.004 
190      705    (0)    2 :  0.003 0.008 0.011 0.003 0.010 0.942 0.003 0.003 0.005 0.001 0.003 0.004 0.001 0.003 
191      706    (0)    2 :  0.008 0.003 0.839 0.006 0.017 0.059 0.006 0.007 0.036 0.001 0.006 0.004 0.001 0.008 
192      707    (0)    2 :  0.065 0.008 0.753 0.007 0.006 0.091 0.007 0.007 0.026 0.002 0.004 0.005 0.007 0.011 
193      708    (0)    2 :  0.018 0.004 0.070 0.022 0.006 0.059 0.024 0.024 0.705 0.016 0.014 0.005 0.019 0.016 
194      758    (0)    2 :  0.039 0.005 0.697 0.028 0.035 0.043 0.026 0.035 0.042 0.002 0.015 0.016 0.004 0.014 
195      759    (0)    2 :  0.012 0.009 0.292 0.013 0.035 0.449 0.012 0.012 0.049 0.002 0.045 0.058 0.002 0.010 
196      760    (0)    2 :  0.010 0.002 0.790 0.011 0.048 0.020 0.009 0.007 0.072 0.001 0.009 0.016 0.002 0.004 
197      761    (0)    2 :  0.296 0.005 0.034 0.005 0.037 0.361 0.006 0.006 0.206 0.004 0.024 0.004 0.002 0.010 
198      762    (0)    2 :  0.271 0.009 0.322 0.007 0.011 0.330 0.007 0.008 0.007 0.002 0.013 0.006 0.002 0.006 
199      763    (0)    2 :  0.005 0.005 0.903 0.005 0.003 0.043 0.005 0.005 0.008 0.001 0.004 0.006 0.001 0.006 
200      764    (0)    2 :  0.354 0.004 0.040 0.005 0.017 0.526 0.004 0.005 0.029 0.001 0.004 0.003 0.003 0.004 
201      765    (0)    2 :  0.035 0.003 0.612 0.020 0.045 0.025 0.023 0.031 0.174 0.004 0.010 0.007 0.002 0.009 
202      766    (0)    2 :  0.024 0.003 0.664 0.002 0.061 0.048 0.003 0.003 0.182 0.001 0.002 0.003 0.001 0.003 
203      767    (0)    2 :  0.173 0.039 0.108 0.010 0.059 0.378 0.009 0.011 0.180 0.002 0.013 0.006 0.006 0.006 
204      768    (0)    2 :  0.030 0.003 0.480 0.006 0.044 0.075 0.006 0.006 0.327 0.003 0.007 0.004 0.002 0.005 
205      769    (0)    2 :  0.012 0.002 0.798 0.012 0.012 0.013 0.016 0.019 0.091 0.002 0.008 0.005 0.001 0.010 
206      770    (0)    2 :  0.016 0.003 0.023 0.033 0.014 0.047 0.031 0.032 0.719 0.002 0.046 0.007 0.003 0.025 
207      771    (0)    2 :  0.021 0.005 0.863 0.006 0.007 0.008 0.006 0.008 0.034 0.002 0.007 0.008 0.003 0.024 
208      772    (0)    2 :  0.040 0.005 0.611 0.048 0.007 0.012 0.060 0.052 0.029 0.001 0.009 0.080 0.002 0.043 
209      773    (0)    2 :  0.003 0.011 0.923 0.003 0.005 0.025 0.003 0.003 0.004 0.003 0.004 0.003 0.002 0.006 
210      774    (0)    2 :  0.011 0.003 0.827 0.011 0.059 0.010 0.011 0.012 0.008 0.002 0.028 0.005 0.003 0.010 
211      775    (0)    2 :  0.202 0.005 0.186 0.006 0.020 0.347 0.005 0.006 0.198 0.001 0.004 0.014 0.002 0.005 
212      776    (0)    2 :  0.005 0.003 0.951 0.003 0.005 0.005 0.004 0.004 0.004 0.002 0.005 0.005 0.002 0.003 
213      777    (0)    2 :  0.008 0.005 0.021 0.008 0.076 0.027 0.007 0.006 0.823 0.003 0.006 0.004 0.003 0.003 
214      778    (0)    2 :  0.003 0.003 0.093 0.003 0.003 0.873 0.003 0.003 0.004 0.001 0.002 0.004 0.002 0.003 
215      779    (0)    2 :  0.462 0.003 0.008 0.005 0.011 0.445 0.005 0.004 0.040 0.003 0.005 0.003 0.003 0.003 
216      780    (0)    2 :  0.351 0.002 0.248 0.011 0.066 0.232 0.019 0.014 0.039 0.003 0.003 0.005 0.002 0.004 
217      781    (0)    2 :  0.025 0.006 0.236 0.015 0.007 0.575 0.018 0.021 0.060 0.003 0.005 0.012 0.001 0.015 
218      782    (0)    2 :  0.019 0.010 0.464 0.010 0.025 0.073 0.011 0.010 0.340 0.002 0.005 0.017 0.001 0.012 
219      783    (0)    2 :  0.014 0.003 0.076 0.006 0.008 0.012 0.007 0.006 0.831 0.001 0.019 0.007 0.002 0.010 
220      784    (0)    2 :  0.020 0.006 0.105 0.018 0.011 0.054 0.016 0.019 0.722 0.006 0.004 0.007 0.002 0.009 
221      785    (0)    2 :  0.028 0.005 0.235 0.004 0.027 0.033 0.005 0.005 0.644 0.003 0.002 0.004 0.001 0.002 
222      786    (0)    2 :  0.010 0.003 0.023 0.004 0.011 0.906 0.004 0.005 0.018 0.002 0.004 0.003 0.002 0.006 
223      787    (0)    2 :  0.012 0.003 0.015 0.005 0.862 0.011 0.006 0.006 0.049 0.003 0.010 0.003 0.001 0.014 
224      115    (0)    3 :  0.011 0.002 0.038 0.005 0.005 0.787 0.004 0.005 0.126 0.002 0.004 0.005 0.001 0.005 
225      116    (0)    3 :  0.049 0.003 0.047 0.005 0.525 0.323 0.005 0.005 0.005 0.002 0.014 0.005 0.002 0.008 
226      117    (0)    3 :  0.032 0.003 0.028 0.011 0.852 0.013 0.012 0.012 0.018 0.002 0.005 0.007 0.001 0.005 
227      118    (0)    3 :  0.008 0.113 0.009 0.008 0.724 0.075 0.007 0.009 0.005 0.002 0.005 0.023 0.002 0.011 
228      119    (0)    3 :  0.003 0.003 0.004 0.003 0.957 0.005 0.003 0.003 0.004 0.001 0.005 0.002 0.003 0.004 
229      389    (0)    3 :  0.006 0.002 0.027 0.005 0.010 0.897 0.004 0.004 0.032 0.002 0.002 0.004 0.002 0.003 
230      548    (0)    3 :  0.004 0.004 0.007 0.003 0.953 0.005 0.003 0.003 0.005 0.001 0.003 0.003 0.002 0.003 
231      549    (0)    3 :  0.301 0.002 0.012 0.005 0.016 0.605 0.006 0.006 0.005 0.001 0.016 0.013 0.001 0.010 
232      550    (0)    3 :  0.022 0.007 0.022 0.019 0.722 0.052 0.017 0.021 0.017 0.005 0.019 0.020 0.004 0.053 
233      551    (0)    3 :  0.003 0.002 0.010 0.003 0.953 0.006 0.003 0.003 0.004 0.003 0.003 0.002 0.003 0.003 
234      552    (0)    3 :  0.353 0.002 0.086 0.019 0.138 0.228 0.032 0.014 0.014 0.001 0.012 0.051 0.002 0.049 
235      553    (0)    3 :  0.101 0.006 0.024 0.011 0.021 0.759 0.009 0.008 0.007 0.001 0.014 0.016 0.004 0.018 
236      009    (0)    4 :  0.012 0.002 0.031 0.003 0.010 0.177 0.003 0.004 0.741 0.002 0.004 0.004 0.004 0.002 
237      042    (0)    4 :  0.015 0.009 0.035 0.016 0.008 0.740 0.015 0.022 0.083 0.007 0.018 0.020 0.002 0.012 
238      044    (0)    4 :  0.010 0.003 0.019 0.016 0.006 0.064 0.015 0.011 0.806 0.006 0.022 0.008 0.002 0.012 
239      086    (0)    4 :  0.004 0.002 0.119 0.004 0.005 0.819 0.005 0.003 0.021 0.001 0.005 0.005 0.002 0.005 
240      087    (0)    4 :  0.004 0.002 0.004 0.003 0.003 0.004 0.003 0.004 0.961 0.001 0.003 0.004 0.001 0.003 
241      093    (0)    4 :  0.006 0.003 0.080 0.004 0.013 0.036 0.004 0.005 0.835 0.002 0.003 0.003 0.003 0.003 
242      095    (0)    4 :  0.023 0.009 0.076 0.024 0.017 0.185 0.022 0.036 0.497 0.002 0.073 0.007 0.004 0.027 
243      096    (0)    4 :  0.009 0.024 0.017 0.007 0.005 0.004 0.008 0.008 0.894 0.002 0.009 0.004 0.005 0.005 
244      097    (0)    4 :  0.007 0.003 0.130 0.006 0.008 0.037 0.007 0.006 0.768 0.001 0.009 0.006 0.002 0.009 
245      101    (0)    4 :  0.005 0.002 0.018 0.005 0.010 0.015 0.005 0.005 0.918 0.001 0.005 0.002 0.003 0.005 
246      183    (0)    4 :  0.004 0.002 0.004 0.002 0.002 0.005 0.003 0.003 0.962 0.001 0.002 0.004 0.001 0.002 
247      200    (0)    4 :  0.008 0.002 0.003 0.003 0.002 0.004 0.003 0.003 0.958 0.003 0.002 0.002 0.004 0.003 
248      210    (0)    4 :  0.004 0.002 0.013 0.006 0.006 0.034 0.004 0.005 0.909 0.001 0.003 0.006 0.003 0.003 
249      219    (0)    4 :  0.004 0.003 0.003 0.003 0.002 0.004 0.003 0.003 0.960 0.001 0.003 0.004 0.003 0.004 
250      230    (0)    4 :  0.008 0.003 0.020 0.005 0.008 0.032 0.004 0.005 0.888 0.002 0.006 0.010 0.002 0.009 
251      241    (0)    4 :  0.037 0.007 0.006 0.013 0.007 0.038 0.011 0.018 0.795 0.003 0.011 0.036 0.003 0.015 
252      307    (0)    4 :  0.014 0.003 0.005 0.006 0.006 0.921 0.005 0.005 0.009 0.002 0.007 0.009 0.002 0.006 
253      318    (0)    4 :  0.019 0.002 0.007 0.011 0.005 0.529 0.010 0.010 0.344 0.004 0.016 0.031 0.002 0.009 
254      323    (0)    4 :  0.007 0.002 0.015 0.005 0.004 0.017 0.005 0.007 0.923 0.002 0.003 0.004 0.002 0.004 
255      324    (0)    4 :  0.005 0.002 0.818 0.004 0.006 0.077 0.005 0.005 0.063 0.002 0.003 0.005 0.002 0.004 
256      325    (0)    4 :  0.004 0.002 0.004 0.003 0.003 0.934 0.003 0.004 0.023 0.009 0.003 0.002 0.002 0.003 
257      326    (0)    4 :  0.006 0.004 0.075 0.007 0.007 0.432 0.006 0.008 0.347 0.002 0.040 0.016 0.001 0.049 
258      338    (0)    4 :  0.005 0.002 0.009 0.004 0.009 0.004 0.004 0.005 0.944 0.001 0.003 0.004 0.001 0.005 
259      343    (0)    4 :  0.003 0.003 0.004 0.003 0.005 0.004 0.003 0.003 0.958 0.001 0.003 0.003 0.004 0.003 
260      379    (0)    4 :  0.011 0.003 0.009 0.006 0.009 0.126 0.006 0.008 0.806 0.001 0.002 0.008 0.001 0.003 
261      383    (0)    4 :  0.020 0.003 0.167 0.011 0.016 0.679 0.008 0.007 0.064 0.003 0.007 0.006 0.002 0.009 
262      385    (0)    4 :  0.004 0.003 0.008 0.005 0.006 0.007 0.005 0.005 0.946 0.001 0.002 0.004 0.001 0.003 
263      386    (0)    4 :  0.004 0.004 0.006 0.003 0.003 0.004 0.003 0.004 0.958 0.001 0.002 0.004 0.001 0.003 
264      387    (0)    4 :  0.010 0.011 0.007 0.005 0.012 0.005 0.005 0.004 0.910 0.003 0.003 0.003 0.016 0.006 
265      554    (0)    4 :  0.034 0.011 0.043 0.003 0.008 0.830 0.003 0.004 0.045 0.001 0.005 0.005 0.002 0.005 
266      877    (0)    4 :  0.023 0.002 0.045 0.005 0.370 0.479 0.004 0.005 0.052 0.001 0.005 0.003 0.002 0.004 
267      878    (0)    4 :  0.008 0.003 0.026 0.010 0.719 0.145 0.008 0.010 0.028 0.001 0.020 0.010 0.003 0.010 
268      880    (0)    4 :  0.013 0.002 0.028 0.005 0.888 0.006 0.007 0.006 0.004 0.001 0.010 0.021 0.001 0.007 
269      122    (0)    5 :  0.018 0.009 0.012 0.060 0.008 0.008 0.037 0.025 0.011 0.005 0.046 0.170 0.001 0.590 
270      123    (0)    5 :  0.008 0.002 0.003 0.007 0.002 0.002 0.007 0.011 0.004 0.037 0.564 0.008 0.005 0.338 
271      124    (0)    5 :  0.007 0.018 0.010 0.007 0.005 0.013 0.007 0.010 0.011 0.002 0.571 0.007 0.012 0.319 
272      125    (0)    5 :  0.004 0.002 0.003 0.004 0.005 0.003 0.005 0.004 0.003 0.001 0.955 0.004 0.002 0.005 
273      126    (0)    5 :  0.016 0.001 0.004 0.005 0.003 0.007 0.005 0.005 0.003 0.001 0.009 0.238 0.001 0.701 
274      128    (0)    5 :  0.017 0.018 0.005 0.034 0.003 0.003 0.027 0.028 0.004 0.004 0.670 0.013 0.003 0.172 
275      129    (0)    5 :  0.014 0.071 0.016 0.017 0.008 0.010 0.013 0.023 0.016 0.004 0.752 0.031 0.002 0.025 
276      130    (0)    5 :  0.009 0.005 0.033 0.013 0.010 0.021 0.011 0.011 0.006 0.002 0.286 0.018 0.002 0.574 
277      131    (0)    5 :  0.004 0.002 0.006 0.005 0.005 0.003 0.005 0.006 0.004 0.001 0.154 0.005 0.002 0.800 
278      132    (0)    5 :  0.005 0.008 0.011 0.006 0.023 0.011 0.006 0.004 0.009 0.001 0.138 0.005 0.006 0.769 
279      133    (0)    5 :  0.019 0.039 0.012 0.036 0.020 0.043 0.036 0.025 0.008 0.001 0.033 0.131 0.001 0.597 
280      134    (0)    5 :  0.006 0.003 0.012 0.010 0.006 0.003 0.010 0.009 0.004 0.004 0.030 0.006 0.015 0.881 
281      135    (0)    5 :  0.015 0.005 0.004 0.036 0.013 0.016 0.030 0.033 0.003 0.045 0.746 0.012 0.002 0.040 
282      136    (0)    5 :  0.007 0.007 0.003 0.015 0.006 0.004 0.011 0.015 0.002 0.032 0.874 0.007 0.005 0.011 
283      139    (0)    5 :  0.008 0.010 0.005 0.009 0.005 0.008 0.012 0.011 0.008 0.003 0.077 0.011 0.002 0.830 
284      140    (0)    5 :  0.039 0.015 0.048 0.020 0.010 0.005 0.046 0.033 0.011 0.008 0.679 0.014 0.002 0.070 
285      141    (0)    5 :  0.029 0.005 0.018 0.024 0.012 0.007 0.029 0.032 0.009 0.004 0.568 0.014 0.005 0.245 
286      142    (0)    5 :  0.006 0.005 0.024 0.006 0.013 0.010 0.007 0.007 0.023 0.002 0.833 0.004 0.002 0.059 
287      143    (0)    5 :  0.009 0.017 0.077 0.008 0.014 0.010 0.010 0.011 0.027 0.004 0.745 0.011 0.008 0.050 
288      144    (0)    5 :  0.008 0.005 0.009 0.010 0.004 0.003 0.009 0.012 0.005 0.002 0.100 0.010 0.003 0.821 
289      145    (0)    5 :  0.016 0.004 0.003 0.013 0.005 0.003 0.013 0.015 0.003 0.003 0.325 0.008 0.031 0.559 
290      148    (0)    5 :  0.024 0.003 0.018 0.033 0.005 0.005 0.029 0.040 0.007 0.007 0.808 0.009 0.002 0.009 
291      556    (0)    5 :  0.032 0.005 0.010 0.010 0.020 0.006 0.012 0.012 0.008 0.005 0.385 0.011 0.002 0.481 
292      557    (0)    5 :  0.005 0.003 0.011 0.007 0.009 0.004 0.008 0.007 0.005 0.006 0.880 0.005 0.025 0.026 
293      558    (0)    5 :  0.007 0.006 0.003 0.013 0.006 0.004 0.013 0.009 0.003 0.003 0.627 0.009 0.010 0.287 
294      559    (0)    5 :  0.008 0.013 0.008 0.012 0.005 0.015 0.010 0.014 0.005 0.002 0.847 0.022 0.001 0.037 
295      560    (0)    5 :  0.011 0.002 0.016 0.018 0.004 0.007 0.015 0.014 0.007 0.003 0.883 0.005 0.002 0.012 
296      561    (0)    5 :  0.003 0.003 0.006 0.003 0.010 0.010 0.003 0.003 0.004 0.001 0.941 0.003 0.001 0.008 
297      562    (0)    5 :  0.018 0.006 0.007 0.051 0.028 0.003 0.061 0.023 0.005 0.005 0.322 0.015 0.004 0.452 
298      563    (0)    5 :  0.042 0.008 0.009 0.047 0.010 0.003 0.052 0.060 0.003 0.083 0.536 0.027 0.007 0.112 
299      564    (0)    5 :  0.028 0.012 0.029 0.054 0.132 0.020 0.049 0.087 0.016 0.002 0.175 0.019 0.002 0.375 
300      565    (0)    5 :  0.003 0.003 0.006 0.003 0.004 0.002 0.003 0.003 0.002 0.002 0.947 0.003 0.002 0.015 
301      566    (0)    5 :  0.027 0.002 0.021 0.028 0.043 0.005 0.055 0.036 0.007 0.004 0.598 0.020 0.002 0.151 
302      567    (0)    5 :  0.006 0.004 0.004 0.007 0.004 0.003 0.008 0.007 0.003 0.008 0.936 0.003 0.002 0.005 
303      568    (0)    5 :  0.009 0.019 0.006 0.013 0.016 0.007 0.013 0.016 0.003 0.003 0.838 0.006 0.002 0.048 
304      569    (0)    5 :  0.008 0.004 0.004 0.009 0.012 0.003 0.009 0.008 0.004 0.002 0.842 0.006 0.014 0.075 
305      570    (0)    5 :  0.005 0.002 0.013 0.004 0.004 0.004 0.004 0.004 0.009 0.001 0.933 0.004 0.001 0.011 
306      613    (0)    5 :  0.006 0.004 0.004 0.005 0.005 0.007 0.004 0.004 0.004 0.002 0.941 0.006 0.002 0.007 
307      614    (0)    5 :  0.008 0.002 0.004 0.015 0.020 0.003 0.013 0.013 0.003 0.020 0.869 0.012 0.001 0.015 
308      615    (0)    5 :  0.011 0.003 0.013 0.012 0.055 0.012 0.010 0.012 0.019 0.006 0.805 0.029 0.005 0.008 
309      616    (0)    5 :  0.007 0.037 0.013 0.009 0.008 0.010 0.009 0.010 0.005 0.002 0.843 0.006 0.001 0.040 
310      617    (0)    5 :  0.033 0.005 0.014 0.023 0.025 0.010 0.033 0.034 0.019 0.009 0.689 0.008 0.004 0.096 
311      618    (0)    5 :  0.023 0.016 0.005 0.027 0.007 0.032 0.019 0.018 0.007 0.002 0.810 0.020 0.003 0.011 
312      619    (0)    5 :  0.061 0.004 0.002 0.049 0.004 0.001 0.099 0.089 0.002 0.663 0.006 0.006 0.008 0.007 
313      620    (0)    5 :  0.012 0.003 0.004 0.009 0.021 0.006 0.008 0.009 0.007 0.002 0.893 0.014 0.004 0.008 
314      621    (0)    5 :  0.012 0.003 0.022 0.008 0.017 0.010 0.008 0.009 0.008 0.001 0.770 0.065 0.001 0.064 
315      622    (0)    5 :  0.004 0.005 0.007 0.005 0.008 0.004 0.005 0.004 0.004 0.001 0.938 0.002 0.003 0.011 
316      623    (0)    5 :  0.004 0.002 0.004 0.003 0.004 0.005 0.003 0.003 0.005 0.002 0.953 0.005 0.002 0.005 
317      624    (0)    5 :  0.015 0.006 0.017 0.022 0.015 0.018 0.021 0.030 0.009 0.004 0.264 0.034 0.004 0.542 
318      625    (0)    5 :  0.019 0.003 0.006 0.012 0.020 0.019 0.013 0.011 0.004 0.003 0.078 0.251 0.002 0.559 
319      626    (0)    5 :  0.007 0.007 0.004 0.007 0.006 0.008 0.009 0.010 0.007 0.004 0.212 0.006 0.003 0.709 
320      627    (0)    5 :  0.038 0.012 0.017 0.026 0.005 0.036 0.027 0.037 0.006 0.017 0.554 0.014 0.003 0.206 
321      628    (0)    5 :  0.010 0.004 0.008 0.008 0.004 0.005 0.008 0.009 0.003 0.002 0.705 0.004 0.005 0.224 
322      629    (0)    5 :  0.009 0.013 0.009 0.014 0.014 0.004 0.013 0.012 0.003 0.003 0.792 0.010 0.002 0.103 
323      630    (0)    5 :  0.003 0.002 0.003 0.004 0.003 0.003 0.003 0.003 0.003 0.011 0.955 0.002 0.003 0.002 
324      631    (0)    5 :  0.004 0.033 0.003 0.005 0.003 0.004 0.005 0.005 0.004 0.003 0.445 0.004 0.004 0.477 
325      632    (0)    5 :  0.057 0.015 0.008 0.017 0.009 0.032 0.016 0.021 0.013 0.004 0.655 0.084 0.004 0.064 
326      633    (0)    5 :  0.032 0.012 0.009 0.085 0.011 0.004 0.053 0.078 0.009 0.005 0.599 0.012 0.008 0.084 
327      634    (0)    5 :  0.006 0.006 0.003 0.007 0.027 0.004 0.008 0.008 0.002 0.004 0.894 0.011 0.011 0.009 
328      635    (0)    5 :  0.005 0.003 0.004 0.006 0.006 0.003 0.007 0.006 0.002 0.003 0.913 0.012 0.004 0.026 
329      636    (0)    5 :  0.004 0.003 0.006 0.005 0.006 0.008 0.005 0.004 0.004 0.002 0.942 0.004 0.003 0.006 
330      637    (0)    5 :  0.013 0.004 0.009 0.020 0.027 0.004 0.026 0.022 0.008 0.004 0.009 0.006 0.001 0.848 
331      638    (0)    5 :  0.010 0.013 0.004 0.013 0.020 0.015 0.013 0.015 0.021 0.007 0.849 0.010 0.002 0.008 
332      639    (0)    5 :  0.020 0.008 0.032 0.022 0.010 0.004 0.026 0.031 0.005 0.004 0.024 0.016 0.002 0.796 
333      640    (0)    5 :  0.009 0.006 0.027 0.012 0.054 0.012 0.011 0.011 0.007 0.002 0.386 0.007 0.001 0.455 
334      689    (0)    5 :  0.006 0.003 0.004 0.006 0.005 0.006 0.006 0.007 0.009 0.003 0.920 0.009 0.001 0.013 
335      690    (0)    5 :  0.013 0.006 0.011 0.017 0.009 0.004 0.018 0.016 0.009 0.002 0.791 0.007 0.019 0.078 
336      691    (0)    5 :  0.041 0.001 0.017 0.009 0.003 0.027 0.009 0.007 0.007 0.002 0.847 0.016 0.002 0.013 
337      692    (0)    5 :  0.010 0.007 0.003 0.071 0.006 0.003 0.047 0.024 0.003 0.008 0.747 0.042 0.007 0.023 
338      693    (0)    5 :  0.004 0.003 0.005 0.006 0.002 0.003 0.006 0.005 0.003 0.002 0.940 0.006 0.002 0.012 
339      694    (0)    5 :  0.003 0.008 0.003 0.004 0.003 0.002 0.003 0.004 0.003 0.003 0.950 0.003 0.002 0.010 
340      695    (0)    5 :  0.003 0.003 0.012 0.004 0.008 0.006 0.004 0.004 0.006 0.001 0.847 0.003 0.001 0.098 
341      696    (0)    5 :  0.004 0.002 0.004 0.004 0.004 0.008 0.004 0.004 0.003 0.002 0.943 0.004 0.003 0.012 
342      697    (0)    5 :  0.007 0.007 0.008 0.004 0.012 0.010 0.005 0.004 0.004 0.002 0.904 0.008 0.002 0.022 
343      698    (0)    5 :  0.012 0.002 0.004 0.029 0.008 0.005 0.029 0.023 0.003 0.004 0.849 0.013 0.003 0.017 
344      699    (0)    5 :  0.005 0.003 0.003 0.005 0.007 0.004 0.005 0.005 0.004 0.002 0.925 0.003 0.001 0.027 
345      700    (0)    5 :  0.004 0.004 0.005 0.005 0.003 0.005 0.004 0.004 0.010 0.002 0.013 0.004 0.003 0.935 
346      701    (2)    5 :  0.016 0.006 0.011 0.025 0.008 0.005 0.029 0.023 0.007 0.007 0.663 0.032 0.004 0.166 
347      702    (0)    5 :  0.028 0.002 0.060 0.012 0.004 0.015 0.014 0.007 0.005 0.003 0.822 0.013 0.004 0.010 
348      703    (0)    5 :  0.004 0.002 0.003 0.006 0.004 0.005 0.005 0.005 0.005 0.003 0.912 0.021 0.004 0.023 
349      704    (0)    5 :  0.008 0.012 0.009 0.012 0.007 0.005 0.010 0.013 0.004 0.007 0.890 0.005 0.001 0.017 
350      390    (0)    6 :  0.419 0.003 0.015 0.004 0.007 0.490 0.004 0.005 0.022 0.001 0.002 0.005 0.011 0.011 
351      391    (0)    6 :  0.014 0.004 0.020 0.006 0.012 0.018 0.006 0.008 0.844 0.003 0.006 0.007 0.008 0.044 
352      392    (0)    6 :  0.051 0.023 0.061 0.138 0.005 0.085 0.098 0.089 0.256 0.003 0.025 0.010 0.032 0.124 
353      393    (0)    6 :  0.252 0.002 0.014 0.012 0.006 0.631 0.011 0.012 0.036 0.003 0.004 0.007 0.003 0.007 
354      394    (0)    6 :  0.400 0.003 0.007 0.008 0.010 0.509 0.010 0.012 0.004 0.010 0.004 0.008 0.002 0.011 
355      647    (0)    6 :  0.033 0.003 0.284 0.021 0.007 0.487 0.017 0.013 0.031 0.004 0.018 0.063 0.004 0.014 
356      648    (0)    6 :  0.087 0.005 0.180 0.010 0.085 0.482 0.009 0.010 0.084 0.002 0.009 0.015 0.002 0.020 
357      007    (0)    7 :  0.005 0.919 0.007 0.005 0.003 0.007 0.006 0.006 0.004 0.007 0.007 0.004 0.006 0.014 
358      012    (0)    7 :  0.014 0.823 0.006 0.013 0.007 0.022 0.014 0.022 0.006 0.009 0.006 0.020 0.004 0.033 
359      020    (0)    7 :  0.047 0.584 0.050 0.047 0.053 0.008 0.089 0.078 0.006 0.016 0.005 0.009 0.002 0.004 
360      021    (0)    7 :  0.002 0.970 0.002 0.002 0.002 0.002 0.002 0.002 0.002 0.001 0.002 0.004 0.001 0.003 
361      022    (0)    7 :  0.012 0.820 0.004 0.019 0.004 0.004 0.017 0.019 0.005 0.003 0.004 0.063 0.018 0.010 
362      034    (0)    7 :  0.011 0.876 0.006 0.006 0.010 0.007 0.007 0.008 0.008 0.002 0.007 0.005 0.004 0.043 
363      049    (0)    7 :  0.002 0.969 0.003 0.002 0.003 0.002 0.002 0.003 0.002 0.003 0.003 0.002 0.002 0.002 
364      062    (0)    7 :  0.002 0.975 0.001 0.002 0.002 0.002 0.002 0.003 0.001 0.002 0.002 0.002 0.001 0.002 
365      089    (0)    7 :  0.002 0.976 0.002 0.002 0.002 0.002 0.002 0.002 0.003 0.001 0.002 0.002 0.001 0.002 
366      092    (0)    7 :  0.001 0.980 0.002 0.002 0.001 0.002 0.001 0.002 0.002 0.001 0.002 0.002 0.001 0.002 
367      100    (0)    7 :  0.004 0.938 0.006 0.003 0.006 0.008 0.003 0.004 0.007 0.002 0.004 0.004 0.002 0.008 
368      105    (0)    7 :  0.007 0.916 0.006 0.007 0.012 0.003 0.007 0.008 0.014 0.008 0.003 0.003 0.001 0.005 
369      205    (0)    7 :  0.007 0.912 0.004 0.011 0.004 0.003 0.010 0.011 0.005 0.009 0.006 0.008 0.004 0.006 
370      206    (0)    7 :  0.028 0.635 0.038 0.056 0.006 0.059 0.041 0.035 0.018 0.003 0.017 0.048 0.003 0.014 
371      207    (0)    7 :  0.005 0.932 0.009 0.006 0.002 0.005 0.006 0.006 0.004 0.005 0.004 0.006 0.002 0.007 
372      208    (0)    7 :  0.011 0.856 0.014 0.016 0.013 0.007 0.016 0.018 0.012 0.003 0.005 0.015 0.002 0.011 
373      209    (0)    7 :  0.031 0.691 0.002 0.069 0.007 0.005 0.069 0.087 0.003 0.010 0.003 0.017 0.002 0.004 
374      377    (0)    7 :  0.003 0.955 0.005 0.003 0.005 0.003 0.003 0.003 0.003 0.002 0.005 0.006 0.002 0.003 
375      881    (0)    7 :  0.002 0.968 0.002 0.002 0.002 0.004 0.002 0.002 0.003 0.002 0.002 0.003 0.002 0.002 
376      003    (0)    8 :  0.003 0.019 0.003 0.005 0.004 0.002 0.005 0.005 0.002 0.004 0.002 0.008 0.928 0.011 
377      108    (0)    8 :  0.002 0.002 0.001 0.002 0.001 0.001 0.002 0.002 0.001 0.002 0.002 0.001 0.980 0.002 
378      194    (0)    8 :  0.008 0.010 0.004 0.006 0.006 0.011 0.005 0.006 0.010 0.021 0.004 0.005 0.898 0.007 
379      232    (0)    8 :  0.003 0.003 0.002 0.003 0.003 0.002 0.004 0.004 0.003 0.015 0.003 0.003 0.950 0.002 
380      321    (0)    8 :  0.002 0.002 0.002 0.002 0.002 0.002 0.002 0.002 0.002 0.007 0.002 0.002 0.969 0.002 
381      322    (0)    8 :  0.002 0.005 0.001 0.002 0.002 0.001 0.002 0.002 0.001 0.001 0.002 0.001 0.977 0.001 
382      329    (0)    8 :  0.002 0.001 0.001 0.002 0.001 0.001 0.002 0.002 0.002 0.002 0.002 0.001 0.979 0.002 
383      330    (0)    8 :  0.002 0.003 0.001 0.003 0.001 0.001 0.002 0.002 0.001 0.002 0.002 0.002 0.975 0.002 
384      342    (0)    8 :  0.012 0.002 0.004 0.014 0.003 0.003 0.019 0.016 0.004 0.004 0.006 0.003 0.905 0.005 
385      347    (0)    8 :  0.006 0.056 0.004 0.007 0.007 0.002 0.007 0.008 0.006 0.003 0.008 0.008 0.869 0.008 
386      801    (0)    9 :  0.125 0.027 0.018 0.258 0.006 0.005 0.178 0.254 0.003 0.019 0.063 0.028 0.005 0.012 
387      815    (0)    9 :  0.137 0.049 0.003 0.256 0.004 0.002 0.226 0.228 0.004 0.018 0.046 0.014 0.004 0.009 
388      816    (0)    9 :  0.030 0.006 0.041 0.107 0.015 0.037 0.086 0.056 0.015 0.001 0.020 0.474 0.001 0.109 
389      817    (0)    9 :  0.144 0.006 0.006 0.140 0.003 0.004 0.380 0.268 0.005 0.010 0.006 0.006 0.013 0.011 
390      818    (0)    9 :  0.090 0.003 0.012 0.207 0.012 0.005 0.309 0.271 0.006 0.003 0.028 0.012 0.002 0.042 
391      819    (0)    9 :  0.049 0.005 0.004 0.277 0.003 0.012 0.178 0.140 0.003 0.066 0.007 0.225 0.007 0.023 
392      820    (2)    9 :  0.139 0.012 0.013 0.137 0.040 0.007 0.278 0.340 0.004 0.003 0.009 0.008 0.001 0.010 
393      821    (0)    9 :  0.083 0.003 0.003 0.162 0.023 0.004 0.198 0.286 0.014 0.008 0.004 0.193 0.002 0.017 
394      822    (0)    9 :  0.042 0.004 0.005 0.319 0.004 0.004 0.242 0.077 0.010 0.027 0.008 0.012 0.234 0.011 
395      853    (0)    9 :  0.144 0.003 0.015 0.213 0.006 0.008 0.142 0.334 0.035 0.037 0.013 0.009 0.009 0.032 


Estimated Allele Frequencies in each cluster
First column gives estimated ancestral frequencies


Locus 1 : 1 
4 alleles
0.0% missing data
  91   (0.368) 0.482 0.322 0.371 0.375 0.273 0.382 0.378 0.343 0.160 0.610 0.571 0.194 0.568 0.382 
  89   (0.494) 0.432 0.637 0.564 0.486 0.426 0.592 0.479 0.495 0.667 0.364 0.407 0.637 0.091 0.526 
  93   (0.123) 0.075 0.040 0.064 0.130 0.298 0.025 0.127 0.148 0.171 0.026 0.021 0.165 0.038 0.089 
  99   (0.016) 0.010 0.001 0.002 0.009 0.004 0.001 0.016 0.014 0.001 0.001 0.001 0.004 0.303 0.003 

Locus 2 : 2 
6 alleles
0.0% missing data
 136   (0.404) 0.421 0.538 0.670 0.369 0.761 0.400 0.376 0.371 0.371 0.562 0.560 0.296 0.061 0.373 
 138   (0.244) 0.295 0.116 0.186 0.253 0.128 0.196 0.250 0.235 0.474 0.202 0.082 0.228 0.900 0.201 
 140   (0.071) 0.049 0.008 0.030 0.100 0.013 0.086 0.087 0.097 0.113 0.068 0.008 0.021 0.008 0.016 
 142   (0.026) 0.011 0.003 0.002 0.018 0.004 0.002 0.016 0.021 0.002 0.046 0.093 0.008 0.002 0.023 
 134   (0.237) 0.209 0.333 0.111 0.243 0.091 0.315 0.247 0.245 0.038 0.122 0.256 0.443 0.026 0.383 
 132   (0.017) 0.015 0.003 0.001 0.018 0.002 0.001 0.024 0.030 0.002 0.001 0.001 0.004 0.003 0.004 

Locus 3 : 3 
6 alleles
0.0% missing data
 179   (0.316) 0.437 0.032 0.382 0.351 0.485 0.222 0.334 0.304 0.273 0.098 0.417 0.364 0.032 0.627 
 185   (0.062) 0.041 0.201 0.005 0.107 0.011 0.005 0.091 0.082 0.006 0.182 0.019 0.020 0.009 0.022 
 187   (0.353) 0.314 0.476 0.441 0.314 0.432 0.630 0.313 0.370 0.486 0.402 0.193 0.250 0.787 0.121 
 175   (0.043) 0.028 0.009 0.004 0.031 0.010 0.003 0.048 0.045 0.004 0.219 0.032 0.101 0.004 0.016 
 191   (0.038) 0.015 0.215 0.005 0.037 0.005 0.003 0.036 0.021 0.166 0.021 0.003 0.087 0.004 0.007 
 181   (0.188) 0.165 0.068 0.162 0.161 0.057 0.137 0.178 0.178 0.065 0.078 0.336 0.178 0.163 0.208 

Locus 4 : 4 
12 alleles
0.0% missing data
 245   (0.013) 0.007 0.001 0.001 0.006 0.003 0.001 0.007 0.010 0.001 0.099 0.001 0.003 0.001 0.002 
 271   (0.042) 0.027 0.004 0.081 0.074 0.006 0.005 0.078 0.036 0.007 0.170 0.007 0.012 0.009 0.011 
 241   (0.154) 0.127 0.114 0.063 0.168 0.376 0.034 0.162 0.177 0.030 0.475 0.202 0.058 0.060 0.101 
 249   (0.045) 0.025 0.004 0.076 0.024 0.007 0.081 0.025 0.032 0.244 0.077 0.004 0.012 0.091 0.009 
 253   (0.464) 0.597 0.412 0.636 0.432 0.343 0.816 0.417 0.447 0.573 0.110 0.573 0.561 0.394 0.719 
 247   (0.046) 0.036 0.378 0.004 0.067 0.007 0.004 0.067 0.075 0.004 0.044 0.004 0.025 0.005 0.009 
 269   (0.187) 0.159 0.076 0.134 0.201 0.250 0.057 0.216 0.188 0.111 0.023 0.205 0.319 0.347 0.139 
 239   (0.012) 0.005 0.007 0.001 0.005 0.002 0.001 0.006 0.007 0.001 0.001 0.001 0.004 0.087 0.002 
 265   (0.008) 0.005 0.001 0.001 0.006 0.001 0.001 0.006 0.008 0.001 0.000 0.001 0.002 0.001 0.002 
 273   (0.011) 0.007 0.001 0.001 0.011 0.001 0.001 0.011 0.011 0.001 0.000 0.001 0.002 0.002 0.002 
 235   (0.008) 0.003 0.001 0.001 0.003 0.001 0.001 0.003 0.004 0.013 0.000 0.001 0.002 0.001 0.001 
 267   (0.009) 0.003 0.001 0.001 0.003 0.001 0.001 0.003 0.004 0.013 0.000 0.001 0.002 0.001 0.002 

Locus 5 : 5 
5 alleles
0.8% missing data
 103   (0.897) 0.945 0.893 0.967 0.918 0.986 0.980 0.913 0.915 0.912 0.745 0.798 0.970 0.990 0.960 
 105   (0.041) 0.026 0.004 0.004 0.047 0.005 0.003 0.047 0.042 0.004 0.193 0.176 0.013 0.005 0.026 
 104   (0.035) 0.016 0.003 0.027 0.022 0.005 0.003 0.021 0.025 0.081 0.038 0.024 0.010 0.003 0.009 
 107   (0.013) 0.004 0.001 0.001 0.005 0.002 0.013 0.005 0.006 0.001 0.024 0.001 0.003 0.001 0.002 
 102   (0.014) 0.009 0.098 0.001 0.009 0.002 0.001 0.014 0.013 0.001 0.000 0.001 0.004 0.001 0.003 

Locus 6 : 6 
6 alleles
0.0% missing data
 135   (0.281) 0.394 0.505 0.139 0.245 0.423 0.129 0.278 0.255 0.211 0.682 0.237 0.148 0.810 0.193 
 147   (0.066) 0.029 0.149 0.071 0.032 0.111 0.006 0.037 0.044 0.057 0.132 0.035 0.018 0.006 0.108 
 137   (0.015) 0.007 0.008 0.002 0.007 0.003 0.001 0.010 0.010 0.001 0.094 0.001 0.003 0.001 0.003 
 141   (0.331) 0.373 0.136 0.570 0.292 0.382 0.701 0.322 0.315 0.488 0.081 0.419 0.223 0.034 0.300 
 145   (0.299) 0.193 0.201 0.217 0.422 0.080 0.160 0.351 0.371 0.231 0.011 0.307 0.606 0.147 0.395 
 143   (0.008) 0.003 0.001 0.001 0.003 0.001 0.002 0.003 0.004 0.011 0.000 0.001 0.002 0.001 0.002 

Locus 7 : 7 
10 alleles
0.3% missing data
  89   (0.072) 0.089 0.009 0.083 0.083 0.051 0.023 0.075 0.074 0.009 0.270 0.041 0.026 0.007 0.035 
  93   (0.257) 0.317 0.173 0.336 0.219 0.539 0.234 0.219 0.246 0.447 0.247 0.143 0.184 0.341 0.187 
  97   (0.187) 0.146 0.295 0.283 0.177 0.065 0.360 0.179 0.185 0.059 0.142 0.075 0.240 0.186 0.145 
 101   (0.016) 0.007 0.002 0.002 0.012 0.002 0.002 0.014 0.009 0.008 0.099 0.001 0.004 0.002 0.003 
 105   (0.016) 0.006 0.001 0.001 0.012 0.002 0.001 0.012 0.008 0.001 0.119 0.001 0.003 0.131 0.003 
  91   (0.048) 0.132 0.142 0.013 0.022 0.009 0.056 0.024 0.031 0.005 0.089 0.045 0.011 0.288 0.018 
  99   (0.014) 0.007 0.001 0.001 0.008 0.002 0.001 0.009 0.012 0.001 0.019 0.001 0.009 0.002 0.005 
  83   (0.035) 0.023 0.052 0.003 0.035 0.005 0.003 0.032 0.051 0.003 0.001 0.023 0.144 0.003 0.018 
 103   (0.319) 0.253 0.322 0.257 0.380 0.319 0.316 0.380 0.358 0.308 0.012 0.584 0.369 0.036 0.579 
  85   (0.036) 0.020 0.004 0.021 0.052 0.005 0.003 0.056 0.027 0.159 0.001 0.087 0.009 0.004 0.007 

Locus 8 : 8 
10 alleles
0.0% missing data
 129   (0.562) 0.702 0.617 0.684 0.631 0.356 0.559 0.638 0.617 0.653 0.296 0.539 0.684 0.371 0.417 
 143   (0.224) 0.173 0.240 0.067 0.250 0.402 0.063 0.239 0.233 0.037 0.361 0.417 0.146 0.371 0.301 
 149   (0.063) 0.049 0.043 0.138 0.039 0.022 0.245 0.039 0.045 0.089 0.306 0.005 0.057 0.006 0.013 
 127   (0.018) 0.007 0.027 0.002 0.007 0.003 0.002 0.008 0.009 0.002 0.032 0.001 0.004 0.034 0.012 
 141   (0.083) 0.047 0.068 0.103 0.046 0.208 0.127 0.045 0.061 0.196 0.003 0.028 0.068 0.008 0.246 
 133   (0.013) 0.008 0.001 0.002 0.013 0.003 0.001 0.016 0.016 0.001 0.001 0.001 0.008 0.002 0.003 
 145   (0.012) 0.004 0.001 0.001 0.005 0.003 0.001 0.005 0.006 0.001 0.000 0.007 0.027 0.001 0.002 
 131   (0.011) 0.004 0.001 0.001 0.004 0.001 0.001 0.005 0.006 0.006 0.000 0.001 0.002 0.167 0.002 
 121   (0.008) 0.003 0.001 0.001 0.003 0.001 0.001 0.003 0.004 0.013 0.000 0.001 0.002 0.001 0.001 
 128   (0.008) 0.003 0.001 0.001 0.003 0.001 0.001 0.003 0.004 0.001 0.000 0.001 0.002 0.038 0.001 

Locus 9 : 9 
4 alleles
0.0% missing data
 191   (0.404) 0.521 0.470 0.597 0.340 0.314 0.665 0.343 0.378 0.598 0.339 0.401 0.262 0.380 0.568 
 195   (0.194) 0.105 0.040 0.130 0.181 0.243 0.114 0.151 0.183 0.175 0.370 0.415 0.308 0.139 0.155 
 189   (0.390) 0.369 0.489 0.264 0.473 0.440 0.220 0.499 0.432 0.226 0.290 0.183 0.424 0.480 0.268 
 193   (0.012) 0.006 0.001 0.009 0.006 0.003 0.001 0.006 0.007 0.001 0.001 0.001 0.006 0.001 0.009 

Locus 10 : 10 
7 alleles
0.0% missing data
 232   (0.243) 0.444 0.297 0.321 0.189 0.599 0.352 0.207 0.227 0.435 0.100 0.116 0.241 0.168 0.232 
 238   (0.510) 0.402 0.216 0.511 0.584 0.228 0.497 0.557 0.547 0.446 0.676 0.626 0.664 0.323 0.513 
 250   (0.027) 0.019 0.003 0.002 0.024 0.004 0.002 0.031 0.037 0.002 0.149 0.008 0.008 0.003 0.005 
 254   (0.063) 0.038 0.304 0.007 0.048 0.046 0.014 0.045 0.053 0.028 0.021 0.072 0.019 0.491 0.043 
 252   (0.136) 0.084 0.173 0.157 0.137 0.122 0.133 0.138 0.105 0.073 0.054 0.176 0.061 0.014 0.202 
 248   (0.013) 0.011 0.007 0.001 0.015 0.002 0.001 0.018 0.027 0.001 0.000 0.001 0.006 0.001 0.003 
 240   (0.008) 0.003 0.001 0.001 0.003 0.001 0.001 0.003 0.004 0.013 0.000 0.001 0.002 0.001 0.002 

Locus 11 : 11 
5 alleles
0.0% missing data
  89   (0.220) 0.402 0.280 0.254 0.223 0.160 0.159 0.229 0.176 0.179 0.067 0.221 0.282 0.186 0.246 
  91   (0.051) 0.045 0.101 0.013 0.047 0.011 0.307 0.047 0.036 0.068 0.289 0.004 0.020 0.005 0.010 
  87   (0.708) 0.543 0.607 0.731 0.718 0.827 0.532 0.710 0.773 0.751 0.565 0.774 0.693 0.807 0.740 
  85   (0.012) 0.006 0.001 0.001 0.006 0.002 0.001 0.009 0.009 0.001 0.078 0.001 0.003 0.001 0.002 
  83   (0.008) 0.004 0.011 0.001 0.005 0.001 0.001 0.005 0.006 0.001 0.000 0.001 0.002 0.001 0.002 

Locus 12 : 12 
13 alleles
0.0% missing data
 160   (0.249) 0.294 0.647 0.117 0.277 0.134 0.281 0.257 0.266 0.152 0.515 0.061 0.368 0.483 0.142 
 161   (0.088) 0.093 0.009 0.009 0.071 0.036 0.076 0.074 0.069 0.036 0.245 0.174 0.070 0.009 0.245 
 170   (0.038) 0.027 0.003 0.027 0.045 0.006 0.008 0.050 0.061 0.004 0.081 0.003 0.020 0.003 0.008 
 158   (0.236) 0.199 0.061 0.586 0.174 0.421 0.327 0.207 0.199 0.482 0.059 0.226 0.310 0.023 0.339 
 143   (0.024) 0.011 0.002 0.002 0.014 0.003 0.002 0.013 0.015 0.002 0.071 0.007 0.006 0.278 0.023 
 154   (0.018) 0.012 0.002 0.002 0.014 0.003 0.001 0.017 0.022 0.002 0.015 0.001 0.004 0.003 0.004 
 162   (0.232) 0.188 0.266 0.139 0.295 0.055 0.198 0.302 0.262 0.262 0.009 0.364 0.155 0.190 0.197 
 134   (0.008) 0.005 0.001 0.001 0.007 0.001 0.001 0.006 0.008 0.001 0.000 0.001 0.002 0.001 0.002 
 147   (0.062) 0.152 0.006 0.113 0.058 0.334 0.095 0.040 0.054 0.036 0.002 0.158 0.018 0.006 0.031 
 159   (0.012) 0.004 0.001 0.001 0.011 0.002 0.001 0.007 0.010 0.001 0.000 0.001 0.030 0.001 0.002 
 149   (0.015) 0.009 0.001 0.001 0.026 0.002 0.001 0.016 0.023 0.001 0.001 0.001 0.012 0.002 0.003 
 164   (0.009) 0.004 0.001 0.001 0.004 0.001 0.008 0.004 0.005 0.019 0.000 0.001 0.003 0.001 0.002 
 165   (0.008) 0.004 0.001 0.001 0.005 0.001 0.001 0.007 0.007 0.001 0.002 0.001 0.002 0.001 0.002 

Locus 13 : 13 
4 alleles
0.0% missing data
 113   (0.338) 0.438 0.476 0.165 0.283 0.543 0.334 0.279 0.324 0.453 0.285 0.367 0.392 0.462 0.398 
 115   (0.481) 0.433 0.480 0.589 0.569 0.309 0.593 0.550 0.539 0.354 0.443 0.445 0.341 0.133 0.469 
 108   (0.172) 0.125 0.044 0.246 0.144 0.147 0.072 0.167 0.132 0.192 0.271 0.186 0.265 0.404 0.129 
 110   (0.008) 0.004 0.001 0.001 0.004 0.001 0.001 0.005 0.006 0.001 0.001 0.002 0.002 0.001 0.004 

Locus 14 : 14 
10 alleles
0.0% missing data
 229   (0.431) 0.549 0.402 0.645 0.461 0.243 0.512 0.464 0.500 0.383 0.417 0.344 0.442 0.073 0.297 
 233   (0.068) 0.152 0.007 0.039 0.050 0.041 0.213 0.044 0.055 0.058 0.076 0.027 0.023 0.142 0.015 
 231   (0.177) 0.101 0.422 0.114 0.138 0.080 0.069 0.156 0.134 0.134 0.450 0.411 0.052 0.413 0.510 
 225   (0.136) 0.099 0.150 0.121 0.161 0.135 0.020 0.165 0.146 0.053 0.048 0.063 0.070 0.057 0.066 
 227   (0.148) 0.079 0.015 0.079 0.166 0.496 0.182 0.144 0.136 0.360 0.006 0.151 0.379 0.310 0.103 
 203   (0.008) 0.004 0.001 0.001 0.008 0.001 0.001 0.007 0.006 0.001 0.000 0.001 0.002 0.001 0.002 
 213   (0.008) 0.005 0.001 0.001 0.005 0.001 0.001 0.006 0.008 0.001 0.001 0.001 0.002 0.001 0.002 
 221   (0.008) 0.003 0.001 0.001 0.003 0.001 0.001 0.003 0.004 0.001 0.000 0.001 0.025 0.001 0.002 
 255   (0.008) 0.004 0.001 0.001 0.003 0.001 0.001 0.003 0.004 0.010 0.000 0.001 0.003 0.001 0.002 
 223   (0.008) 0.004 0.001 0.001 0.005 0.001 0.001 0.006 0.006 0.001 0.002 0.001 0.002 0.001 0.002 

Locus 15 : 15 
5 alleles
0.3% missing data
 143   (0.908) 0.955 0.856 0.989 0.939 0.986 0.993 0.937 0.929 0.939 0.773 0.926 0.975 0.724 0.883 
 147   (0.021) 0.010 0.044 0.002 0.020 0.003 0.002 0.022 0.015 0.002 0.098 0.002 0.005 0.002 0.004 
 145   (0.051) 0.024 0.005 0.004 0.030 0.007 0.004 0.029 0.040 0.057 0.129 0.071 0.015 0.272 0.109 
 157   (0.011) 0.008 0.001 0.004 0.007 0.003 0.001 0.009 0.012 0.001 0.000 0.001 0.003 0.001 0.002 
 133   (0.009) 0.003 0.093 0.001 0.003 0.001 0.001 0.003 0.004 0.001 0.000 0.001 0.002 0.001 0.002 

Locus 16 : 16 
5 alleles
0.0% missing data
 154   (0.079) 0.046 0.080 0.023 0.048 0.089 0.036 0.063 0.067 0.079 0.345 0.081 0.025 0.078 0.024 
 158   (0.486) 0.502 0.470 0.681 0.521 0.677 0.492 0.512 0.519 0.423 0.337 0.509 0.556 0.436 0.350 
 160   (0.150) 0.098 0.071 0.109 0.147 0.133 0.224 0.133 0.159 0.170 0.103 0.147 0.122 0.015 0.125 
 156   (0.277) 0.351 0.378 0.187 0.275 0.100 0.246 0.287 0.246 0.328 0.215 0.263 0.295 0.470 0.500 
 152   (0.008) 0.003 0.001 0.001 0.009 0.001 0.001 0.005 0.009 0.001 0.000 0.001 0.002 0.001 0.001 

Locus 17 : 17 
5 alleles
0.0% missing data
  88   (0.050) 0.044 0.005 0.023 0.041 0.016 0.058 0.038 0.044 0.006 0.350 0.006 0.042 0.005 0.033 
  90   (0.687) 0.764 0.628 0.706 0.678 0.885 0.708 0.692 0.673 0.682 0.401 0.840 0.692 0.533 0.769 
 100   (0.055) 0.042 0.005 0.005 0.093 0.007 0.004 0.099 0.082 0.006 0.182 0.005 0.026 0.440 0.014 
 102   (0.199) 0.145 0.361 0.265 0.182 0.090 0.229 0.165 0.192 0.305 0.067 0.149 0.238 0.021 0.183 
 104   (0.008) 0.005 0.001 0.001 0.005 0.001 0.001 0.007 0.009 0.001 0.000 0.001 0.002 0.001 0.002 

Locus 18 : 18 
7 alleles
0.0% missing data
 127   (0.307) 0.184 0.186 0.319 0.247 0.159 0.252 0.261 0.291 0.244 0.410 0.361 0.363 0.460 0.383 
 140   (0.257) 0.201 0.046 0.102 0.313 0.490 0.155 0.306 0.247 0.037 0.256 0.464 0.271 0.488 0.304 
 150   (0.045) 0.024 0.405 0.004 0.077 0.006 0.004 0.071 0.042 0.004 0.207 0.009 0.017 0.006 0.026 
 148   (0.105) 0.070 0.240 0.122 0.112 0.026 0.148 0.089 0.116 0.013 0.111 0.042 0.071 0.011 0.061 
 142   (0.116) 0.366 0.014 0.366 0.121 0.175 0.381 0.135 0.146 0.436 0.011 0.009 0.030 0.011 0.025 
 138   (0.066) 0.060 0.007 0.025 0.044 0.038 0.016 0.050 0.062 0.059 0.002 0.056 0.194 0.006 0.070 
 146   (0.104) 0.095 0.102 0.061 0.085 0.106 0.044 0.087 0.097 0.207 0.004 0.059 0.054 0.018 0.132 

Locus 19 : 19 
6 alleles
0.0% missing data
 194   (0.590) 0.629 0.594 0.508 0.567 0.471 0.596 0.573 0.622 0.574 0.611 0.635 0.456 0.667 0.700 
 202   (0.032) 0.019 0.148 0.003 0.021 0.004 0.002 0.031 0.031 0.003 0.085 0.003 0.008 0.088 0.006 
 200   (0.072) 0.039 0.008 0.006 0.123 0.011 0.006 0.117 0.066 0.006 0.249 0.030 0.256 0.210 0.056 
 198   (0.011) 0.006 0.001 0.001 0.005 0.002 0.001 0.006 0.007 0.001 0.009 0.001 0.003 0.001 0.004 
 190   (0.159) 0.213 0.110 0.385 0.113 0.303 0.355 0.099 0.120 0.288 0.041 0.289 0.145 0.020 0.125 
 188   (0.136) 0.094 0.139 0.097 0.170 0.209 0.040 0.175 0.154 0.128 0.005 0.042 0.131 0.014 0.110 

Locus 20 : 20 
6 alleles
0.0% missing data
 244   (0.035) 0.091 0.004 0.031 0.028 0.006 0.023 0.025 0.029 0.003 0.054 0.004 0.009 0.004 0.018 
 246   (0.116) 0.058 0.298 0.020 0.090 0.265 0.010 0.094 0.092 0.016 0.185 0.264 0.216 0.038 0.168 
 252   (0.662) 0.735 0.569 0.749 0.750 0.668 0.899 0.733 0.713 0.722 0.060 0.615 0.730 0.137 0.697 
 254   (0.083) 0.060 0.076 0.016 0.073 0.013 0.049 0.077 0.081 0.118 0.282 0.095 0.021 0.010 0.030 
 250   (0.090) 0.046 0.052 0.184 0.050 0.046 0.018 0.055 0.067 0.138 0.419 0.021 0.021 0.785 0.085 
 248   (0.014) 0.009 0.001 0.001 0.010 0.002 0.001 0.016 0.017 0.001 0.000 0.001 0.003 0.027 0.003 

Locus 21 : 21 
10 alleles
0.0% missing data
 173   (0.290) 0.252 0.133 0.260 0.333 0.157 0.260 0.321 0.310 0.490 0.219 0.205 0.375 0.196 0.204 
 175   (0.118) 0.076 0.064 0.013 0.109 0.022 0.139 0.095 0.107 0.037 0.341 0.312 0.112 0.153 0.176 
 167   (0.272) 0.241 0.256 0.381 0.331 0.270 0.343 0.312 0.286 0.285 0.101 0.206 0.302 0.075 0.240 
 165   (0.055) 0.034 0.006 0.022 0.037 0.008 0.006 0.041 0.055 0.005 0.128 0.174 0.041 0.009 0.156 
 163   (0.029) 0.023 0.357 0.003 0.022 0.004 0.002 0.039 0.033 0.003 0.127 0.005 0.007 0.003 0.007 
 159   (0.008) 0.003 0.001 0.001 0.003 0.001 0.001 0.003 0.004 0.001 0.022 0.001 0.002 0.001 0.001 
 177   (0.203) 0.361 0.164 0.318 0.155 0.534 0.248 0.178 0.192 0.164 0.061 0.084 0.154 0.561 0.206 
 169   (0.008) 0.003 0.001 0.001 0.003 0.001 0.001 0.003 0.004 0.013 0.000 0.001 0.002 0.001 0.001 
 171   (0.009) 0.003 0.001 0.001 0.004 0.001 0.001 0.004 0.005 0.001 0.000 0.014 0.003 0.001 0.006 
 161   (0.009) 0.003 0.017 0.001 0.003 0.001 0.001 0.004 0.005 0.001 0.000 0.001 0.003 0.001 0.002 

Locus 22 : 22 
11 alleles
0.3% missing data
 150   (0.048) 0.024 0.040 0.013 0.028 0.043 0.015 0.033 0.040 0.005 0.165 0.026 0.023 0.039 0.015 
 158   (0.082) 0.050 0.047 0.008 0.101 0.012 0.011 0.094 0.088 0.097 0.407 0.085 0.114 0.009 0.022 
 152   (0.432) 0.416 0.432 0.488 0.434 0.568 0.619 0.433 0.461 0.570 0.064 0.457 0.572 0.266 0.507 
 142   (0.013) 0.005 0.001 0.001 0.005 0.002 0.001 0.005 0.006 0.001 0.059 0.001 0.080 0.001 0.002 
 162   (0.030) 0.019 0.078 0.003 0.022 0.004 0.002 0.020 0.034 0.003 0.175 0.009 0.023 0.004 0.007 
 156   (0.020) 0.009 0.194 0.002 0.015 0.002 0.002 0.013 0.014 0.002 0.069 0.002 0.005 0.003 0.004 
 164   (0.042) 0.026 0.005 0.017 0.030 0.007 0.003 0.039 0.045 0.004 0.047 0.030 0.027 0.004 0.077 
 148   (0.016) 0.011 0.002 0.002 0.011 0.002 0.001 0.018 0.015 0.001 0.001 0.001 0.004 0.369 0.003 
 146   (0.208) 0.281 0.191 0.344 0.267 0.055 0.208 0.261 0.204 0.254 0.008 0.294 0.112 0.150 0.269 
 166   (0.086) 0.046 0.009 0.094 0.079 0.173 0.080 0.074 0.081 0.040 0.003 0.094 0.035 0.153 0.090 
 154   (0.023) 0.113 0.002 0.029 0.008 0.132 0.058 0.009 0.011 0.023 0.001 0.002 0.005 0.002 0.004 

Locus 23 : 23 
6 alleles
0.3% missing data
 154   (0.520) 0.612 0.261 0.524 0.599 0.367 0.427 0.578 0.586 0.633 0.237 0.653 0.390 0.273 0.638 
 158   (0.020) 0.010 0.003 0.043 0.010 0.005 0.002 0.013 0.014 0.002 0.097 0.002 0.006 0.003 0.004 
 144   (0.209) 0.202 0.481 0.109 0.177 0.235 0.205 0.176 0.172 0.149 0.232 0.146 0.299 0.694 0.222 
 156   (0.112) 0.078 0.011 0.108 0.120 0.021 0.011 0.141 0.125 0.032 0.361 0.153 0.130 0.015 0.083 
 160   (0.119) 0.090 0.243 0.145 0.083 0.359 0.349 0.083 0.090 0.123 0.072 0.046 0.171 0.014 0.049 
 152   (0.020) 0.008 0.002 0.070 0.011 0.012 0.005 0.009 0.013 0.062 0.001 0.001 0.005 0.002 0.004 

Locus 24 : 24 
4 alleles
0.3% missing data
  83   (0.501) 0.431 0.930 0.335 0.455 0.570 0.605 0.453 0.479 0.504 0.629 0.584 0.479 0.610 0.664 
  81   (0.337) 0.387 0.038 0.246 0.416 0.356 0.217 0.405 0.386 0.391 0.308 0.301 0.348 0.374 0.217 
  85   (0.060) 0.043 0.006 0.079 0.039 0.035 0.029 0.044 0.040 0.008 0.060 0.084 0.074 0.006 0.028 
  77   (0.102) 0.139 0.026 0.341 0.091 0.040 0.149 0.098 0.095 0.097 0.004 0.031 0.099 0.010 0.091 

Locus 25 : 25 
6 alleles
0.3% missing data
 124   (0.517) 0.481 0.344 0.242 0.576 0.618 0.522 0.574 0.516 0.476 0.554 0.598 0.561 0.373 0.571 
 122   (0.103) 0.080 0.029 0.047 0.093 0.026 0.010 0.107 0.119 0.039 0.399 0.133 0.033 0.013 0.098 
 120   (0.016) 0.006 0.001 0.001 0.009 0.002 0.001 0.008 0.010 0.001 0.017 0.001 0.003 0.402 0.003 
 126   (0.046) 0.077 0.006 0.014 0.040 0.023 0.039 0.036 0.041 0.062 0.020 0.004 0.018 0.006 0.017 
 132   (0.307) 0.350 0.619 0.695 0.275 0.330 0.426 0.269 0.303 0.422 0.011 0.262 0.355 0.204 0.308 
 136   (0.012) 0.006 0.001 0.001 0.007 0.001 0.001 0.006 0.010 0.001 0.000 0.001 0.029 0.001 0.002 

Locus 26 : 26 
6 alleles
0.0% missing data
 181   (0.041) 0.024 0.004 0.004 0.062 0.006 0.003 0.059 0.042 0.004 0.165 0.034 0.027 0.004 0.016 
 183   (0.379) 0.281 0.700 0.397 0.341 0.413 0.489 0.354 0.405 0.626 0.293 0.288 0.183 0.193 0.394 
 179   (0.076) 0.109 0.007 0.094 0.118 0.014 0.069 0.097 0.074 0.070 0.331 0.006 0.022 0.392 0.018 
 165   (0.252) 0.276 0.059 0.146 0.242 0.145 0.201 0.243 0.236 0.160 0.080 0.328 0.387 0.387 0.369 
 185   (0.013) 0.006 0.001 0.001 0.008 0.002 0.001 0.007 0.011 0.001 0.122 0.001 0.003 0.001 0.002 
 175   (0.238) 0.304 0.228 0.357 0.227 0.421 0.237 0.240 0.233 0.140 0.009 0.342 0.379 0.023 0.200 

Locus 27 : 27 
4 alleles
0.0% missing data
 142   (0.586) 0.416 0.735 0.743 0.603 0.716 0.615 0.580 0.548 0.793 0.398 0.637 0.715 0.490 0.487 
 148   (0.238) 0.221 0.077 0.192 0.215 0.247 0.131 0.244 0.256 0.028 0.285 0.235 0.100 0.491 0.422 
 150   (0.109) 0.078 0.181 0.014 0.140 0.017 0.011 0.135 0.150 0.015 0.184 0.118 0.080 0.011 0.061 
 138   (0.067) 0.285 0.007 0.051 0.041 0.020 0.243 0.041 0.046 0.164 0.132 0.009 0.105 0.008 0.030 

Locus 28 : 28 
5 alleles
0.0% missing data
 260   (0.422) 0.456 0.248 0.384 0.430 0.511 0.329 0.458 0.479 0.263 0.231 0.334 0.528 0.178 0.374 
 262   (0.490) 0.494 0.577 0.573 0.507 0.462 0.632 0.475 0.441 0.729 0.651 0.638 0.370 0.814 0.485 
 256   (0.065) 0.036 0.173 0.041 0.047 0.024 0.037 0.046 0.058 0.006 0.117 0.027 0.020 0.006 0.137 
 258   (0.013) 0.010 0.002 0.001 0.013 0.002 0.001 0.017 0.018 0.001 0.001 0.001 0.006 0.001 0.003 
 264   (0.009) 0.003 0.001 0.001 0.003 0.001 0.001 0.003 0.004 0.001 0.000 0.001 0.077 0.001 0.002 

Locus 29 : 29 
5 alleles
0.3% missing data
 146   (0.223) 0.152 0.448 0.135 0.178 0.341 0.072 0.213 0.226 0.099 0.371 0.235 0.333 0.023 0.236 
 140   (0.151) 0.078 0.150 0.167 0.146 0.047 0.130 0.121 0.134 0.032 0.406 0.289 0.138 0.781 0.078 
 150   (0.518) 0.702 0.237 0.639 0.579 0.424 0.786 0.564 0.538 0.788 0.172 0.391 0.494 0.185 0.632 
 148   (0.090) 0.052 0.163 0.057 0.078 0.185 0.011 0.076 0.077 0.079 0.049 0.083 0.030 0.009 0.051 
 152   (0.018) 0.017 0.002 0.002 0.019 0.003 0.002 0.025 0.026 0.002 0.001 0.002 0.005 0.003 0.004 

Locus 30 : 30 
6 alleles
0.0% missing data
 127   (0.051) 0.030 0.005 0.005 0.042 0.007 0.004 0.043 0.048 0.005 0.398 0.170 0.014 0.589 0.027 
 131   (0.023) 0.012 0.002 0.002 0.015 0.003 0.002 0.017 0.022 0.002 0.179 0.002 0.107 0.002 0.005 
 129   (0.498) 0.518 0.653 0.297 0.519 0.318 0.520 0.495 0.522 0.619 0.193 0.389 0.685 0.332 0.615 
 123   (0.114) 0.219 0.088 0.100 0.152 0.034 0.182 0.137 0.102 0.024 0.060 0.146 0.060 0.013 0.048 
 125   (0.304) 0.213 0.251 0.595 0.264 0.636 0.292 0.294 0.294 0.349 0.171 0.292 0.131 0.062 0.303 
 121   (0.010) 0.008 0.001 0.001 0.008 0.001 0.001 0.014 0.012 0.001 0.000 0.001 0.002 0.001 0.002 

Locus 31 : 31 
5 alleles
0.0% missing data
 155   (0.547) 0.543 0.581 0.625 0.514 0.883 0.539 0.554 0.573 0.586 0.551 0.403 0.456 0.670 0.556 
 157   (0.224) 0.211 0.056 0.223 0.223 0.044 0.182 0.207 0.225 0.209 0.087 0.340 0.281 0.241 0.304 
 153   (0.067) 0.068 0.007 0.036 0.079 0.011 0.070 0.064 0.063 0.150 0.198 0.005 0.084 0.031 0.014 
 159   (0.138) 0.162 0.014 0.114 0.171 0.059 0.207 0.160 0.122 0.053 0.150 0.250 0.170 0.015 0.121 
 151   (0.024) 0.016 0.343 0.002 0.013 0.003 0.003 0.014 0.017 0.002 0.014 0.002 0.009 0.042 0.005 

Locus 32 : 32 
4 alleles
0.0% missing data
 150   (0.596) 0.717 0.541 0.703 0.569 0.859 0.900 0.582 0.584 0.808 0.269 0.498 0.669 0.613 0.550 
 154   (0.050) 0.024 0.005 0.004 0.067 0.007 0.004 0.068 0.039 0.012 0.051 0.079 0.018 0.030 0.064 
 146   (0.275) 0.184 0.446 0.182 0.282 0.116 0.064 0.266 0.311 0.042 0.574 0.291 0.287 0.349 0.365 
 148   (0.079) 0.075 0.008 0.111 0.082 0.018 0.031 0.084 0.066 0.138 0.106 0.131 0.026 0.008 0.021 

Locus 33 : 33 
7 alleles
0.0% missing data
 180   (0.451) 0.610 0.739 0.381 0.445 0.317 0.701 0.438 0.432 0.702 0.321 0.463 0.471 0.773 0.354 
 190   (0.023) 0.012 0.002 0.002 0.012 0.003 0.002 0.019 0.018 0.002 0.048 0.009 0.006 0.002 0.056 
 184   (0.202) 0.141 0.047 0.192 0.184 0.404 0.099 0.187 0.186 0.163 0.128 0.299 0.120 0.187 0.183 
 198   (0.047) 0.021 0.075 0.055 0.038 0.120 0.066 0.038 0.030 0.008 0.298 0.004 0.013 0.007 0.009 
 192   (0.124) 0.085 0.122 0.012 0.167 0.019 0.010 0.143 0.185 0.011 0.200 0.124 0.262 0.014 0.235 
 196   (0.141) 0.127 0.014 0.302 0.148 0.134 0.113 0.171 0.142 0.113 0.006 0.100 0.126 0.015 0.160 
 194   (0.012) 0.005 0.001 0.057 0.004 0.004 0.010 0.005 0.006 0.001 0.000 0.001 0.003 0.001 0.002 

Locus 34 : 34 
7 alleles
0.0% missing data
 108   (0.087) 0.059 0.066 0.009 0.103 0.014 0.008 0.099 0.117 0.015 0.572 0.057 0.034 0.141 0.032 
 110   (0.265) 0.311 0.065 0.302 0.218 0.208 0.231 0.229 0.239 0.522 0.147 0.358 0.175 0.254 0.293 
 106   (0.286) 0.214 0.691 0.257 0.339 0.060 0.134 0.310 0.302 0.057 0.204 0.298 0.331 0.286 0.383 
 112   (0.309) 0.371 0.103 0.426 0.310 0.704 0.618 0.318 0.298 0.393 0.076 0.282 0.418 0.030 0.184 
  94   (0.012) 0.013 0.001 0.001 0.012 0.001 0.001 0.025 0.020 0.001 0.000 0.001 0.003 0.001 0.002 
  90   (0.033) 0.030 0.004 0.005 0.015 0.012 0.007 0.016 0.020 0.012 0.001 0.004 0.038 0.287 0.104 
  96   (0.009) 0.003 0.070 0.001 0.003 0.001 0.001 0.003 0.004 0.001 0.000 0.001 0.002 0.001 0.002 

Locus 35 : 35 
8 alleles
0.0% missing data
 168   (0.045) 0.029 0.004 0.004 0.107 0.006 0.003 0.093 0.059 0.004 0.384 0.004 0.013 0.400 0.011 
 170   (0.310) 0.217 0.589 0.267 0.256 0.262 0.106 0.297 0.278 0.155 0.288 0.550 0.178 0.534 0.407 
 172   (0.296) 0.458 0.373 0.352 0.260 0.340 0.335 0.252 0.294 0.584 0.184 0.097 0.545 0.030 0.177 
 174   (0.088) 0.059 0.008 0.016 0.164 0.015 0.008 0.142 0.130 0.014 0.043 0.080 0.063 0.009 0.050 
 186   (0.018) 0.007 0.002 0.001 0.029 0.002 0.001 0.020 0.017 0.002 0.069 0.001 0.008 0.002 0.003 
 176   (0.127) 0.080 0.013 0.123 0.090 0.174 0.178 0.115 0.122 0.056 0.028 0.227 0.035 0.013 0.315 
 178   (0.039) 0.026 0.004 0.037 0.046 0.014 0.012 0.037 0.048 0.004 0.002 0.003 0.080 0.004 0.008 
 166   (0.076) 0.124 0.007 0.200 0.048 0.186 0.356 0.044 0.051 0.181 0.003 0.037 0.079 0.008 0.028 

Locus 36 : 36 
6 alleles
0.0% missing data
  83   (0.104) 0.102 0.018 0.013 0.109 0.022 0.096 0.115 0.134 0.011 0.337 0.046 0.148 0.013 0.138 
  89   (0.557) 0.515 0.780 0.684 0.536 0.487 0.696 0.519 0.544 0.839 0.591 0.662 0.607 0.284 0.432 
  85   (0.203) 0.299 0.188 0.200 0.267 0.386 0.091 0.267 0.202 0.103 0.032 0.060 0.122 0.318 0.250 
  91   (0.013) 0.005 0.001 0.001 0.005 0.002 0.001 0.006 0.007 0.001 0.013 0.001 0.003 0.373 0.002 
  95   (0.085) 0.052 0.009 0.100 0.048 0.096 0.114 0.058 0.064 0.043 0.025 0.084 0.105 0.008 0.111 
  81   (0.038) 0.026 0.004 0.003 0.035 0.007 0.003 0.036 0.049 0.003 0.001 0.148 0.015 0.004 0.067 

Locus 37 : 37 
8 alleles
0.0% missing data
 161   (0.381) 0.347 0.399 0.373 0.379 0.765 0.624 0.357 0.369 0.464 0.562 0.354 0.249 0.077 0.352 
 173   (0.250) 0.323 0.527 0.095 0.222 0.085 0.108 0.232 0.249 0.051 0.207 0.438 0.431 0.429 0.409 
 165   (0.235) 0.155 0.058 0.367 0.249 0.079 0.213 0.266 0.232 0.236 0.224 0.197 0.198 0.072 0.209 
 159   (0.012) 0.005 0.001 0.069 0.005 0.004 0.001 0.005 0.006 0.001 0.003 0.001 0.004 0.001 0.003 
 169   (0.079) 0.152 0.010 0.092 0.094 0.061 0.050 0.097 0.109 0.211 0.003 0.006 0.037 0.035 0.018 
 167   (0.022) 0.012 0.002 0.003 0.044 0.003 0.002 0.036 0.024 0.010 0.001 0.002 0.026 0.003 0.006 
 175   (0.009) 0.003 0.001 0.001 0.003 0.001 0.001 0.003 0.004 0.001 0.000 0.001 0.052 0.001 0.002 
 168   (0.013) 0.004 0.001 0.001 0.004 0.002 0.001 0.005 0.006 0.025 0.000 0.001 0.003 0.382 0.002 

Locus 38 : 38 
7 alleles
0.0% missing data
  87   (0.140) 0.079 0.201 0.174 0.135 0.021 0.196 0.134 0.114 0.229 0.369 0.066 0.037 0.764 0.081 
  91   (0.146) 0.083 0.305 0.045 0.113 0.021 0.036 0.126 0.139 0.091 0.220 0.315 0.243 0.035 0.216 
  85   (0.199) 0.255 0.273 0.088 0.198 0.103 0.063 0.198 0.188 0.033 0.146 0.269 0.299 0.147 0.212 
  89   (0.403) 0.531 0.069 0.631 0.462 0.748 0.686 0.459 0.464 0.498 0.262 0.218 0.378 0.042 0.247 
  81   (0.088) 0.045 0.149 0.060 0.083 0.103 0.015 0.073 0.082 0.055 0.003 0.129 0.037 0.010 0.170 
  93   (0.016) 0.005 0.001 0.001 0.006 0.002 0.001 0.006 0.008 0.070 0.001 0.002 0.005 0.001 0.072 
  95   (0.009) 0.003 0.001 0.001 0.004 0.001 0.002 0.004 0.005 0.024 0.000 0.001 0.002 0.001 0.002 

Locus 39 : 39 
4 alleles
0.0% missing data
 161   (0.135) 0.105 0.095 0.043 0.134 0.032 0.020 0.142 0.139 0.172 0.525 0.025 0.128 0.176 0.111 
 167   (0.829) 0.862 0.901 0.947 0.840 0.960 0.966 0.820 0.825 0.824 0.419 0.972 0.863 0.819 0.881 
 165   (0.028) 0.030 0.003 0.009 0.022 0.006 0.004 0.035 0.032 0.003 0.056 0.002 0.006 0.004 0.006 
 155   (0.008) 0.003 0.001 0.001 0.004 0.001 0.010 0.004 0.005 0.002 0.000 0.001 0.003 0.001 0.002 

Locus 40 : 40 
7 alleles
0.3% missing data
 228   (0.415) 0.588 0.181 0.497 0.366 0.544 0.676 0.387 0.394 0.552 0.330 0.321 0.590 0.493 0.302 
 240   (0.087) 0.052 0.147 0.008 0.143 0.013 0.007 0.115 0.130 0.008 0.431 0.011 0.097 0.052 0.123 
 236   (0.090) 0.050 0.619 0.154 0.042 0.023 0.032 0.050 0.058 0.117 0.127 0.116 0.024 0.151 0.099 
 238   (0.338) 0.264 0.045 0.249 0.413 0.393 0.249 0.409 0.375 0.255 0.105 0.405 0.272 0.171 0.414 
 224   (0.051) 0.037 0.006 0.090 0.028 0.025 0.035 0.028 0.031 0.054 0.007 0.145 0.013 0.005 0.059 
 242   (0.011) 0.006 0.001 0.001 0.005 0.001 0.001 0.007 0.007 0.001 0.000 0.001 0.002 0.128 0.002 
 246   (0.008) 0.003 0.001 0.001 0.003 0.001 0.001 0.003 0.004 0.013 0.000 0.001 0.002 0.001 0.002 

Locus 41 : 41 
9 alleles
0.3% missing data
 130   (0.509) 0.521 0.398 0.455 0.516 0.409 0.385 0.567 0.550 0.594 0.655 0.457 0.410 0.086 0.494 
 134   (0.099) 0.067 0.011 0.009 0.147 0.016 0.014 0.137 0.108 0.009 0.255 0.112 0.154 0.306 0.178 
 118   (0.046) 0.022 0.262 0.004 0.056 0.007 0.004 0.040 0.047 0.005 0.075 0.012 0.044 0.064 0.013 
 132   (0.135) 0.136 0.303 0.233 0.102 0.518 0.120 0.088 0.119 0.175 0.008 0.194 0.065 0.012 0.132 
 128   (0.076) 0.180 0.012 0.184 0.053 0.023 0.398 0.055 0.052 0.034 0.003 0.031 0.289 0.007 0.084 
 114   (0.102) 0.060 0.010 0.098 0.111 0.023 0.076 0.097 0.102 0.128 0.004 0.178 0.029 0.521 0.091 
 122   (0.016) 0.007 0.002 0.014 0.009 0.002 0.002 0.009 0.012 0.053 0.001 0.001 0.004 0.001 0.003 
 120   (0.008) 0.003 0.001 0.001 0.003 0.001 0.001 0.003 0.004 0.001 0.000 0.008 0.002 0.001 0.002 
 119   (0.009) 0.004 0.001 0.001 0.004 0.001 0.001 0.005 0.005 0.001 0.000 0.005 0.002 0.001 0.003 

Locus 42 : 42 
8 alleles
0.0% missing data
  92   (0.126) 0.151 0.013 0.025 0.106 0.187 0.161 0.126 0.126 0.124 0.364 0.112 0.054 0.210 0.067 
  96   (0.068) 0.223 0.007 0.030 0.044 0.024 0.081 0.042 0.052 0.075 0.176 0.059 0.022 0.165 0.028 
  98   (0.155) 0.109 0.108 0.299 0.125 0.150 0.076 0.136 0.137 0.193 0.291 0.120 0.040 0.282 0.112 
 104   (0.333) 0.297 0.313 0.250 0.416 0.064 0.116 0.401 0.394 0.294 0.157 0.297 0.558 0.070 0.351 
 102   (0.287) 0.206 0.543 0.394 0.296 0.572 0.563 0.278 0.270 0.312 0.010 0.406 0.313 0.271 0.377 
 106   (0.008) 0.005 0.001 0.001 0.005 0.001 0.001 0.007 0.009 0.001 0.000 0.001 0.002 0.001 0.002 
  94   (0.010) 0.004 0.001 0.001 0.004 0.001 0.001 0.004 0.005 0.001 0.000 0.003 0.004 0.001 0.029 
 100   (0.013) 0.005 0.014 0.001 0.005 0.002 0.001 0.005 0.007 0.001 0.000 0.002 0.007 0.002 0.035 

Locus 43 : 43 
6 alleles
0.0% missing data
  95   (0.265) 0.240 0.425 0.349 0.262 0.075 0.410 0.247 0.256 0.530 0.397 0.211 0.188 0.047 0.252 
  99   (0.071) 0.043 0.007 0.053 0.061 0.253 0.007 0.074 0.064 0.006 0.303 0.061 0.018 0.340 0.021 
 101   (0.334) 0.366 0.167 0.430 0.314 0.386 0.239 0.325 0.336 0.266 0.227 0.444 0.550 0.030 0.317 
  97   (0.027) 0.013 0.013 0.002 0.023 0.003 0.002 0.022 0.020 0.002 0.028 0.003 0.012 0.370 0.014 
 103   (0.295) 0.334 0.387 0.165 0.337 0.281 0.341 0.330 0.320 0.183 0.044 0.280 0.230 0.213 0.394 
 105   (0.008) 0.003 0.001 0.001 0.003 0.001 0.001 0.003 0.004 0.013 0.000 0.001 0.002 0.001 0.002 

Locus 44 : 44 
8 alleles
0.0% missing data
 177   (0.076) 0.062 0.010 0.043 0.057 0.151 0.185 0.046 0.068 0.124 0.065 0.029 0.097 0.007 0.016 
 191   (0.264) 0.167 0.044 0.193 0.307 0.176 0.272 0.299 0.257 0.096 0.645 0.446 0.238 0.099 0.378 
 179   (0.022) 0.009 0.002 0.002 0.048 0.003 0.002 0.046 0.012 0.002 0.090 0.002 0.005 0.305 0.004 
 181   (0.589) 0.734 0.915 0.758 0.552 0.662 0.538 0.572 0.614 0.774 0.193 0.514 0.645 0.583 0.591 
 193   (0.015) 0.009 0.004 0.001 0.009 0.002 0.001 0.013 0.014 0.001 0.006 0.001 0.005 0.003 0.004 
 183   (0.010) 0.007 0.001 0.001 0.011 0.001 0.001 0.010 0.012 0.001 0.000 0.001 0.004 0.001 0.002 
 189   (0.015) 0.010 0.024 0.001 0.011 0.003 0.001 0.009 0.016 0.001 0.001 0.001 0.004 0.001 0.003 
 187   (0.009) 0.003 0.001 0.001 0.004 0.001 0.001 0.004 0.005 0.001 0.000 0.006 0.002 0.001 0.002 

Locus 45 : 45 
6 alleles
0.5% missing data
 205   (0.436) 0.542 0.277 0.426 0.491 0.399 0.559 0.499 0.468 0.356 0.330 0.443 0.601 0.314 0.448 
 211   (0.215) 0.155 0.155 0.284 0.223 0.132 0.169 0.212 0.186 0.328 0.379 0.282 0.136 0.162 0.299 
 207   (0.178) 0.212 0.449 0.111 0.152 0.323 0.147 0.169 0.203 0.142 0.109 0.101 0.207 0.046 0.085 
 201   (0.064) 0.034 0.006 0.072 0.059 0.015 0.091 0.047 0.055 0.044 0.052 0.055 0.021 0.466 0.022 
 215   (0.094) 0.052 0.113 0.106 0.065 0.130 0.033 0.062 0.080 0.129 0.061 0.118 0.031 0.010 0.144 
 202   (0.012) 0.005 0.001 0.001 0.010 0.002 0.001 0.010 0.008 0.001 0.069 0.001 0.004 0.001 0.003 

Locus 46 : 46 
10 alleles
0.0% missing data
 158   (0.192) 0.165 0.252 0.062 0.178 0.178 0.130 0.180 0.199 0.196 0.162 0.237 0.119 0.156 0.215 
 170   (0.019) 0.012 0.004 0.004 0.010 0.004 0.002 0.014 0.015 0.009 0.075 0.002 0.005 0.002 0.005 
 168   (0.158) 0.198 0.126 0.192 0.127 0.124 0.136 0.151 0.169 0.234 0.257 0.131 0.070 0.113 0.086 
 156   (0.027) 0.012 0.003 0.003 0.034 0.004 0.002 0.020 0.032 0.002 0.115 0.007 0.009 0.144 0.010 
 164   (0.036) 0.016 0.004 0.003 0.036 0.020 0.003 0.026 0.033 0.003 0.135 0.006 0.019 0.043 0.202 
 142   (0.269) 0.168 0.299 0.193 0.345 0.356 0.261 0.327 0.285 0.091 0.160 0.363 0.453 0.030 0.267 
 144   (0.063) 0.143 0.010 0.200 0.067 0.014 0.219 0.050 0.067 0.193 0.012 0.005 0.064 0.006 0.013 
 162   (0.047) 0.026 0.005 0.004 0.039 0.007 0.004 0.039 0.041 0.004 0.057 0.184 0.019 0.375 0.048 
 166   (0.176) 0.254 0.277 0.339 0.158 0.290 0.242 0.187 0.153 0.266 0.014 0.064 0.239 0.129 0.152 
 160   (0.012) 0.005 0.020 0.001 0.005 0.002 0.001 0.005 0.006 0.001 0.014 0.001 0.003 0.001 0.002 

Locus 47 : 47 
6 alleles
0.0% missing data
 149   (0.262) 0.208 0.213 0.141 0.284 0.041 0.101 0.283 0.322 0.104 0.744 0.110 0.417 0.477 0.173 
 145   (0.250) 0.242 0.667 0.124 0.245 0.184 0.421 0.240 0.209 0.146 0.073 0.394 0.326 0.357 0.225 
 151   (0.231) 0.295 0.031 0.411 0.191 0.542 0.217 0.220 0.202 0.060 0.120 0.353 0.165 0.140 0.350 
 143   (0.016) 0.009 0.001 0.001 0.010 0.003 0.001 0.017 0.015 0.001 0.029 0.001 0.004 0.001 0.003 
 153   (0.227) 0.236 0.086 0.321 0.263 0.199 0.202 0.234 0.244 0.688 0.034 0.142 0.085 0.024 0.246 
 147   (0.015) 0.008 0.002 0.002 0.007 0.031 0.057 0.008 0.010 0.001 0.001 0.001 0.003 0.002 0.003 

Values of parameters used in structure:
DATAFILE=temp1.str,	OUTFILE=k14/temp1_k14_run1,	NUMINDS=395,	NUMLOCI=47,	MISSING=-9,	LABEL=1,	POPDATA=1,	POPFLAG=0,	PHENOTYPE=0,	EXTRACOLS=0,	MAXPOPS=14,	BURNIN=500000,	NUMREPS=750000,	USEPOPINFO=0,	INFERALPHA=1,	INFERLAMBDA=0,	POPSPECIFICLAMBDA=0,	POPALPHAS=0,	COMPUTEPROB=1,	NOADMIX=0,	ADMBURNIN=500,	UPDATEFREQ=100,	PRINTLIKES=0,	INTERMEDSAVE=0,	PRINTKLD=0,	PRINTNET=1,	PRINTLAMBDA=1,	ANCESTDIST=0,	NUMBOXES=1000,	ANCESTPINT=0.90000,	GENSBACK=2,	MIGRPRIOR=0.01000,	PRINTQHAT=0,	PRINTQSUM=1,	ALPHA=1.0000,	FREQSCORR=1,	FPRIORMEAN=0.0100,	FPRIORSD=0.0500,	ONEFST=0,	LAMBDA=1.0000,	UNIFPRIORALPHA=1,	ALPHAMAX=10.0000,	ALPHAPRIORA=1.0000,	ALPHAPRIORB=2.0000,	ALPHAPROPSD=0.0250,	STARTATPOPINFO=0,	RANDOMIZE=0,	LINKAGE=0,	METROFREQ=10,	REPORTHITRATE=0,	MARKOVPHASE=0,	PHASED=1,	PLOIDY=2,	PHASEINFO=0	LOCPRIOR=0, 	LOCPRIORINIT=1.000000, 	LOCDATA=0, 	LOCISPOP=1, 	LOCPRIORSTEP=0.100000, 	MAXLOCPRIOR=20.000000, 	SEED=880354,	
[STRAT parameters]:    NUMSIMSTATS=1000,	PHENOTYPECOL=-9,	POOLFREQ=10,	LOCUSxONLY=0,	EMERROR=0.00100,	MISSINGPHENO=-9,	