

----------------------------------------------------
STRUCTURE by Pritchard, Stephens and Donnelly (2000)
     and Falush, Stephens and Pritchard (2003)
       Code by Pritchard, Falush and Hubisz
             Version 2.3.4 (Jul 2012)
----------------------------------------------------



Command line arguments:   structure -D 755132 -K 5 -m mainparams -o k5/temp1_k5_run3 
Input File:    temp1.str

Run parameters:
   395 individuals
   47 loci
   5 populations assumed
   500000 Burn-in period
   750000 Reps
RANDOMIZE turned off


--------------------------------------------
Proportion of membership of each pre-defined
 population in each of the 5 clusters

Given    Inferred Clusters                     Number of
 Pop       1      2      3      4      5      Individuals

  1:     0.006  0.981  0.004  0.005  0.004       62
  2:     0.005  0.004  0.965  0.016  0.010       79
  3:     0.008  0.003  0.933  0.014  0.042       12
  4:     0.006  0.003  0.974  0.008  0.010       33
  5:     0.006  0.015  0.011  0.025  0.943       81
  6:     0.015  0.005  0.946  0.018  0.016        7
  7:     0.883  0.004  0.022  0.081  0.011       19
  8:     0.964  0.024  0.002  0.006  0.004       10
  9:     0.026  0.026  0.022  0.891  0.035       10
 10:     0.067  0.035  0.067  0.750  0.081       23
 11:     0.045  0.011  0.027  0.803  0.114       11
 12:     0.008  0.011  0.083  0.879  0.019       18
 13:     0.062  0.136  0.088  0.613  0.101       25
 14:     0.006  0.004  0.033  0.948  0.010        5
--------------------------------------------

Allele-freq. divergence among pops (Net nucleotide distance),
computed using point estimates of P.

      1       2       3       4       5      
 1      -    0.0780  0.0644  0.0455  0.0525  
 2   0.0780     -    0.1151  0.0763  0.0864  
 3   0.0644  0.1151     -    0.0245  0.0374  
 4   0.0455  0.0763  0.0245     -    0.0195  
 5   0.0525  0.0864  0.0374  0.0195     -    

Average distances (expected heterozygosity) between individuals in same cluster:
cluster  1  : 0.6120 
cluster  2  : 0.6419 
cluster  3  : 0.5676 
cluster  4  : 0.6282 
cluster  5  : 0.6018 

--------------------------------------------
Estimated Ln Prob of Data   = -43322.7
Mean value of ln likelihood = -42932.2
Variance of ln likelihood   = 780.8
Mean value of alpha         = 0.0335

Mean value of Fst_1         = 0.1199
Mean value of Fst_2         = 0.1589
Mean value of Fst_3         = 0.1249
Mean value of Fst_4         = 0.0302
Mean value of Fst_5         = 0.1004


Inferred ancestry of individuals:
        Label (%Miss) Pop:  Inferred clusters
  1      187    (0)    1 :  0.002 0.992 0.002 0.002 0.002 
  2      188    (0)    1 :  0.002 0.985 0.003 0.004 0.004 
  3      189    (0)    1 :  0.001 0.992 0.002 0.002 0.002 
  4      190    (0)    1 :  0.002 0.992 0.002 0.003 0.002 
  5      191    (0)    1 :  0.002 0.994 0.001 0.002 0.002 
  6      247    (0)    1 :  0.003 0.991 0.002 0.002 0.002 
  7      281    (0)    1 :  0.003 0.993 0.001 0.002 0.001 
  8      282    (0)    1 :  0.002 0.988 0.004 0.003 0.002 
  9      283    (0)    1 :  0.002 0.991 0.002 0.002 0.003 
 10      284    (0)    1 :  0.001 0.995 0.001 0.001 0.001 
 11      285    (0)    1 :  0.003 0.986 0.003 0.005 0.003 
 12      286    (0)    1 :  0.002 0.990 0.002 0.002 0.003 
 13      288    (0)    1 :  0.010 0.963 0.009 0.008 0.010 
 14      289    (0)    1 :  0.002 0.992 0.001 0.002 0.002 
 15      292    (0)    1 :  0.017 0.972 0.003 0.005 0.003 
 16      293    (0)    1 :  0.007 0.982 0.003 0.003 0.004 
 17      294    (0)    1 :  0.004 0.989 0.002 0.003 0.003 
 18      297    (0)    1 :  0.005 0.986 0.003 0.003 0.003 
 19      298    (0)    1 :  0.008 0.957 0.013 0.013 0.009 
 20      299    (0)    1 :  0.002 0.984 0.004 0.005 0.005 
 21      300    (0)    1 :  0.004 0.983 0.007 0.003 0.003 
 22      301    (0)    1 :  0.005 0.958 0.025 0.004 0.008 
 23      302    (0)    1 :  0.010 0.980 0.003 0.004 0.003 
 24      303    (0)    1 :  0.004 0.980 0.005 0.004 0.007 
 25      304    (0)    1 :  0.002 0.991 0.002 0.003 0.002 
 26      305    (0)    1 :  0.005 0.953 0.027 0.012 0.004 
 27      306    (0)    1 :  0.005 0.986 0.002 0.005 0.002 
 28      308    (0)    1 :  0.018 0.974 0.002 0.002 0.003 
 29      309    (0)    1 :  0.003 0.946 0.011 0.023 0.016 
 30      310    (0)    1 :  0.002 0.991 0.002 0.002 0.003 
 31      311    (0)    1 :  0.003 0.989 0.003 0.003 0.002 
 32      312    (0)    1 :  0.002 0.989 0.002 0.002 0.006 
 33      313    (0)    1 :  0.006 0.984 0.002 0.004 0.004 
 34      314    (0)    1 :  0.005 0.986 0.003 0.004 0.002 
 35      315    (0)    1 :  0.002 0.987 0.004 0.003 0.004 
 36      316    (0)    1 :  0.001 0.995 0.001 0.001 0.001 
 37      317    (0)    1 :  0.004 0.983 0.003 0.003 0.008 
 38      344    (0)    1 :  0.001 0.992 0.002 0.003 0.002 
 39      352    (0)    1 :  0.012 0.979 0.002 0.004 0.003 
 40      353    (0)    1 :  0.006 0.986 0.002 0.003 0.003 
 41      649    (0)    1 :  0.003 0.991 0.002 0.002 0.002 
 42      650    (0)    1 :  0.002 0.992 0.001 0.003 0.002 
 43      651    (0)    1 :  0.003 0.985 0.002 0.006 0.004 
 44      652    (0)    1 :  0.003 0.991 0.001 0.002 0.003 
 45      653    (0)    1 :  0.008 0.972 0.004 0.005 0.011 
 46      654    (0)    1 :  0.005 0.984 0.003 0.003 0.006 
 47      655    (0)    1 :  0.003 0.992 0.001 0.002 0.002 
 48      656    (0)    1 :  0.041 0.952 0.002 0.003 0.002 
 49      657    (0)    1 :  0.009 0.971 0.004 0.007 0.008 
 50      658    (0)    1 :  0.008 0.975 0.004 0.004 0.009 
 51      659    (0)    1 :  0.019 0.957 0.007 0.013 0.005 
 52      660    (0)    1 :  0.003 0.980 0.005 0.005 0.007 
 53      661    (0)    1 :  0.002 0.991 0.002 0.002 0.003 
 54      662    (0)    1 :  0.003 0.984 0.007 0.005 0.002 
 55      663    (0)    1 :  0.006 0.983 0.003 0.004 0.002 
 56      664    (0)    1 :  0.018 0.939 0.010 0.021 0.012 
 57      665    (0)    1 :  0.002 0.988 0.003 0.002 0.005 
 58      666    (0)    1 :  0.012 0.978 0.003 0.003 0.004 
 59      667    (0)    1 :  0.031 0.947 0.010 0.010 0.003 
 60      668    (0)    1 :  0.006 0.982 0.004 0.005 0.003 
 61      669    (0)    1 :  0.014 0.954 0.009 0.012 0.011 
 62      670    (0)    1 :  0.006 0.988 0.002 0.002 0.003 
 63      797    (0)   10 :  0.005 0.003 0.096 0.878 0.018 
 64      798    (0)   10 :  0.002 0.002 0.011 0.980 0.004 
 65      799    (0)   10 :  0.112 0.015 0.003 0.856 0.014 
 66      800    (0)   10 :  0.004 0.005 0.014 0.905 0.072 
 67      823    (0)   10 :  0.546 0.242 0.072 0.115 0.024 
 68      824    (0)   10 :  0.006 0.002 0.006 0.978 0.006 
 69      825    (0)   10 :  0.013 0.008 0.005 0.954 0.020 
 70      826    (0)   10 :  0.021 0.013 0.058 0.136 0.772 
 71      827    (0)   10 :  0.005 0.034 0.308 0.630 0.023 
 72      836    (0)   10 :  0.002 0.001 0.017 0.966 0.014 
 73      837    (0)   10 :  0.109 0.056 0.038 0.662 0.134 
 74      838    (0)   10 :  0.003 0.002 0.014 0.691 0.290 
 75      839    (0)   10 :  0.046 0.002 0.183 0.717 0.051 
 76      840    (0)   10 :  0.004 0.038 0.002 0.945 0.010 
 77      841    (0)   10 :  0.005 0.007 0.044 0.931 0.013 
 78      842    (0)   10 :  0.004 0.018 0.029 0.932 0.018 
 79      843    (0)   10 :  0.003 0.021 0.009 0.932 0.035 
 80      845    (0)   10 :  0.004 0.002 0.043 0.943 0.008 
 81      846    (0)   10 :  0.012 0.006 0.025 0.940 0.017 
 82      847    (2)   10 :  0.555 0.184 0.009 0.206 0.045 
 83      848    (0)   10 :  0.021 0.142 0.013 0.650 0.175 
 84      849    (0)   10 :  0.046 0.003 0.217 0.660 0.074 
 85      855    (0)   10 :  0.005 0.007 0.328 0.636 0.025 
 86      793    (0)   11 :  0.007 0.015 0.013 0.664 0.301 
 87      794    (0)   11 :  0.007 0.009 0.054 0.920 0.010 
 88      828    (0)   11 :  0.004 0.003 0.004 0.952 0.036 
 89      829    (4)   11 :  0.003 0.025 0.137 0.679 0.155 
 90      830    (0)   11 :  0.011 0.006 0.014 0.932 0.037 
 91      831    (2)   11 :  0.036 0.025 0.012 0.915 0.011 
 92      832    (0)   11 :  0.003 0.004 0.017 0.940 0.036 
 93      833    (2)   11 :  0.006 0.005 0.009 0.905 0.075 
 94      835    (0)   11 :  0.411 0.009 0.020 0.090 0.470 
 95      870    (0)   11 :  0.004 0.008 0.007 0.872 0.108 
 96      871    (0)   11 :  0.003 0.011 0.012 0.961 0.013 
 97      451    (0)   12 :  0.005 0.011 0.071 0.904 0.009 
 98      452    (4)   12 :  0.004 0.002 0.032 0.954 0.008 
 99      453    (4)   12 :  0.005 0.004 0.008 0.977 0.006 
100      454    (2)   12 :  0.023 0.027 0.021 0.876 0.054 
101      455    (4)   12 :  0.009 0.004 0.018 0.946 0.023 
102      795    (0)   12 :  0.002 0.002 0.018 0.939 0.039 
103      796    (0)   12 :  0.003 0.016 0.011 0.967 0.003 
104      802    (0)   12 :  0.002 0.004 0.076 0.912 0.006 
105      804    (0)   12 :  0.003 0.002 0.045 0.918 0.031 
106      805    (0)   12 :  0.008 0.103 0.355 0.512 0.022 
107      851    (0)   12 :  0.014 0.002 0.004 0.951 0.029 
108      852    (0)   12 :  0.003 0.001 0.023 0.954 0.018 
109      854    (0)   12 :  0.005 0.004 0.006 0.968 0.017 
110      858    (0)   12 :  0.006 0.002 0.132 0.849 0.011 
111      859    (0)   12 :  0.006 0.003 0.536 0.418 0.037 
112      860    (0)   12 :  0.041 0.006 0.050 0.897 0.007 
113      862    (0)   12 :  0.004 0.002 0.055 0.927 0.012 
114      863    (0)   12 :  0.002 0.002 0.031 0.956 0.008 
115      450    (0)   13 :  0.017 0.010 0.038 0.921 0.014 
116      791    (0)   13 :  0.006 0.051 0.013 0.911 0.018 
117      792    (0)   13 :  0.218 0.208 0.011 0.536 0.027 
118      803    (0)   13 :  0.362 0.227 0.004 0.107 0.300 
119      806    (0)   13 :  0.006 0.396 0.006 0.079 0.512 
120      807    (0)   13 :  0.005 0.021 0.005 0.960 0.009 
121      808    (0)   13 :  0.003 0.007 0.013 0.961 0.016 
122      809    (0)   13 :  0.036 0.150 0.013 0.085 0.716 
123      810    (0)   13 :  0.286 0.199 0.131 0.347 0.038 
124      811    (0)   13 :  0.008 0.355 0.017 0.600 0.021 
125      812    (0)   13 :  0.010 0.016 0.009 0.841 0.125 
126      813    (0)   13 :  0.004 0.143 0.043 0.778 0.032 
127      814    (0)   13 :  0.008 0.024 0.018 0.941 0.009 
128      834    (0)   13 :  0.003 0.053 0.043 0.893 0.008 
129      844    (0)   13 :  0.004 0.003 0.808 0.175 0.010 
130      850    (0)   13 :  0.011 0.361 0.003 0.593 0.031 
131      856    (0)   13 :  0.011 0.342 0.004 0.638 0.006 
132      857    (0)   13 :  0.057 0.377 0.016 0.485 0.064 
133      861    (0)   13 :  0.014 0.004 0.026 0.923 0.033 
134      864    (0)   13 :  0.042 0.010 0.035 0.908 0.006 
135      865    (0)   13 :  0.043 0.010 0.693 0.223 0.030 
136      866    (0)   13 :  0.004 0.036 0.005 0.874 0.081 
137      867    (0)   13 :  0.275 0.028 0.147 0.181 0.369 
138      868    (0)   13 :  0.023 0.062 0.012 0.886 0.016 
139      869    (0)   13 :  0.089 0.303 0.081 0.488 0.039 
140      004    (0)   14 :  0.006 0.003 0.031 0.950 0.009 
141      008    (0)   14 :  0.005 0.004 0.067 0.901 0.023 
142      013    (0)   14 :  0.011 0.004 0.043 0.935 0.008 
143      109    (0)   14 :  0.006 0.004 0.019 0.968 0.004 
144      348    (0)   14 :  0.003 0.003 0.004 0.985 0.005 
145      014    (0)    2 :  0.008 0.013 0.964 0.010 0.006 
146      015    (0)    2 :  0.002 0.004 0.978 0.006 0.009 
147      016    (0)    2 :  0.002 0.002 0.979 0.006 0.010 
148      017    (0)    2 :  0.004 0.002 0.971 0.011 0.012 
149      018    (0)    2 :  0.005 0.003 0.966 0.006 0.020 
150      023    (0)    2 :  0.005 0.003 0.965 0.009 0.017 
151      025    (0)    2 :  0.004 0.002 0.980 0.010 0.004 
152      026    (0)    2 :  0.002 0.001 0.990 0.003 0.003 
153      027    (0)    2 :  0.003 0.003 0.912 0.070 0.012 
154      028    (0)    2 :  0.004 0.002 0.968 0.005 0.021 
155      029    (0)    2 :  0.002 0.002 0.980 0.009 0.006 
156      030    (0)    2 :  0.004 0.004 0.968 0.011 0.013 
157      031    (0)    2 :  0.003 0.012 0.960 0.006 0.019 
158      032    (0)    2 :  0.013 0.001 0.969 0.006 0.011 
159      035    (0)    2 :  0.002 0.001 0.990 0.003 0.004 
160      037    (0)    2 :  0.003 0.002 0.981 0.005 0.010 
161      038    (0)    2 :  0.014 0.002 0.963 0.006 0.015 
162      039    (0)    2 :  0.002 0.002 0.990 0.002 0.004 
163      040    (0)    2 :  0.003 0.028 0.937 0.016 0.017 
164      041    (0)    2 :  0.002 0.003 0.981 0.005 0.009 
165      043    (0)    2 :  0.001 0.001 0.992 0.003 0.003 
166      045    (0)    2 :  0.003 0.001 0.982 0.006 0.007 
167      046    (0)    2 :  0.002 0.005 0.963 0.016 0.014 
168      047    (0)    2 :  0.002 0.002 0.982 0.006 0.008 
169      050    (0)    2 :  0.001 0.001 0.992 0.003 0.002 
170      052    (0)    2 :  0.002 0.001 0.990 0.004 0.003 
171      053    (0)    2 :  0.001 0.002 0.990 0.004 0.003 
172      054    (0)    2 :  0.007 0.006 0.936 0.020 0.030 
173      055    (0)    2 :  0.003 0.003 0.985 0.004 0.006 
174      056    (0)    2 :  0.002 0.002 0.983 0.007 0.006 
175      057    (0)    2 :  0.006 0.029 0.935 0.026 0.005 
176      058    (0)    2 :  0.013 0.003 0.946 0.020 0.018 
177      059    (0)    2 :  0.005 0.003 0.941 0.012 0.038 
178      060    (0)    2 :  0.003 0.002 0.983 0.006 0.007 
179      350    (0)    2 :  0.006 0.002 0.984 0.004 0.004 
180      351    (0)    2 :  0.002 0.001 0.978 0.009 0.010 
181      354    (0)    2 :  0.003 0.002 0.983 0.004 0.008 
182      374    (0)    2 :  0.007 0.003 0.884 0.096 0.011 
183      378    (0)    2 :  0.002 0.002 0.970 0.018 0.008 
184      381    (0)    2 :  0.002 0.002 0.985 0.005 0.007 
185      382    (0)    2 :  0.009 0.002 0.972 0.006 0.010 
186      384    (0)    2 :  0.002 0.007 0.981 0.005 0.005 
187      555    (0)    2 :  0.014 0.005 0.968 0.006 0.006 
188      671    (0)    2 :  0.060 0.003 0.745 0.171 0.021 
189      672    (0)    2 :  0.006 0.005 0.966 0.011 0.012 
190      705    (0)    2 :  0.005 0.001 0.986 0.004 0.004 
191      706    (0)    2 :  0.002 0.001 0.988 0.004 0.005 
192      707    (0)    2 :  0.005 0.002 0.985 0.004 0.004 
193      708    (0)    2 :  0.038 0.025 0.913 0.013 0.010 
194      758    (0)    2 :  0.005 0.002 0.967 0.016 0.012 
195      759    (0)    2 :  0.004 0.002 0.970 0.009 0.015 
196      760    (0)    2 :  0.002 0.001 0.977 0.010 0.010 
197      761    (0)    2 :  0.003 0.004 0.974 0.004 0.015 
198      762    (0)    2 :  0.004 0.002 0.979 0.006 0.009 
199      763    (0)    2 :  0.003 0.002 0.984 0.006 0.006 
200      764    (0)    2 :  0.004 0.001 0.989 0.003 0.003 
201      765    (0)    2 :  0.003 0.004 0.973 0.011 0.009 
202      766    (0)    2 :  0.001 0.001 0.994 0.002 0.002 
203      767    (0)    2 :  0.011 0.002 0.975 0.005 0.006 
204      768    (0)    2 :  0.002 0.003 0.988 0.003 0.004 
205      769    (0)    2 :  0.002 0.002 0.976 0.009 0.011 
206      770    (0)    2 :  0.003 0.003 0.935 0.023 0.036 
207      771    (0)    2 :  0.005 0.002 0.973 0.009 0.011 
208      772    (0)    2 :  0.003 0.002 0.660 0.305 0.030 
209      773    (0)    2 :  0.008 0.004 0.977 0.004 0.008 
210      774    (0)    2 :  0.003 0.003 0.933 0.016 0.045 
211      775    (0)    2 :  0.002 0.001 0.990 0.004 0.003 
212      776    (0)    2 :  0.003 0.002 0.985 0.004 0.006 
213      777    (0)    2 :  0.003 0.002 0.988 0.003 0.003 
214      778    (0)    2 :  0.004 0.001 0.988 0.004 0.003 
215      779    (0)    2 :  0.005 0.004 0.982 0.004 0.006 
216      780    (0)    2 :  0.002 0.003 0.986 0.007 0.003 
217      781    (0)    2 :  0.003 0.003 0.981 0.009 0.005 
218      782    (0)    2 :  0.003 0.002 0.985 0.006 0.005 
219      783    (0)    2 :  0.003 0.001 0.986 0.004 0.006 
220      784    (0)    2 :  0.006 0.010 0.933 0.046 0.005 
221      785    (0)    2 :  0.004 0.005 0.986 0.003 0.002 
222      786    (0)    2 :  0.002 0.002 0.989 0.003 0.004 
223      787    (0)    2 :  0.004 0.006 0.937 0.007 0.046 
224      115    (0)    3 :  0.002 0.002 0.987 0.004 0.005 
225      116    (0)    3 :  0.005 0.002 0.953 0.007 0.033 
226      117    (0)    3 :  0.004 0.003 0.952 0.022 0.020 
227      118    (0)    3 :  0.042 0.003 0.904 0.031 0.020 
228      119    (0)    3 :  0.007 0.003 0.878 0.012 0.100 
229      389    (0)    3 :  0.001 0.003 0.989 0.003 0.003 
230      548    (0)    3 :  0.013 0.004 0.956 0.009 0.018 
231      549    (0)    3 :  0.002 0.002 0.974 0.007 0.015 
232      550    (0)    3 :  0.013 0.007 0.713 0.027 0.240 
233      551    (0)    3 :  0.004 0.004 0.973 0.006 0.013 
234      552    (0)    3 :  0.003 0.001 0.941 0.029 0.024 
235      553    (0)    3 :  0.005 0.001 0.975 0.007 0.011 
236      009    (0)    4 :  0.002 0.002 0.990 0.003 0.003 
237      042    (0)    4 :  0.004 0.005 0.958 0.018 0.015 
238      044    (0)    4 :  0.003 0.009 0.944 0.018 0.025 
239      086    (0)    4 :  0.002 0.001 0.988 0.003 0.005 
240      087    (0)    4 :  0.004 0.003 0.978 0.010 0.006 
241      093    (0)    4 :  0.002 0.002 0.990 0.003 0.002 
242      095    (0)    4 :  0.013 0.003 0.920 0.018 0.045 
243      096    (0)    4 :  0.020 0.004 0.957 0.011 0.009 
244      097    (0)    4 :  0.003 0.001 0.988 0.004 0.004 
245      101    (0)    4 :  0.002 0.001 0.988 0.003 0.005 
246      183    (0)    4 :  0.004 0.003 0.987 0.004 0.003 
247      200    (0)    4 :  0.005 0.003 0.984 0.006 0.003 
248      210    (0)    4 :  0.003 0.002 0.986 0.005 0.004 
249      219    (0)    4 :  0.009 0.003 0.971 0.010 0.007 
250      230    (0)    4 :  0.002 0.002 0.988 0.004 0.005 
251      241    (0)    4 :  0.010 0.004 0.948 0.023 0.015 
252      307    (0)    4 :  0.003 0.002 0.980 0.006 0.008 
253      318    (0)    4 :  0.002 0.004 0.973 0.009 0.011 
254      323    (0)    4 :  0.003 0.002 0.986 0.006 0.004 
255      324    (0)    4 :  0.002 0.003 0.988 0.004 0.004 
256      325    (0)    4 :  0.003 0.014 0.976 0.004 0.004 
257      326    (0)    4 :  0.002 0.002 0.951 0.006 0.039 
258      338    (0)    4 :  0.003 0.001 0.985 0.007 0.004 
259      343    (0)    4 :  0.016 0.001 0.972 0.006 0.005 
260      379    (0)    4 :  0.002 0.002 0.985 0.008 0.003 
261      383    (0)    4 :  0.002 0.002 0.989 0.003 0.004 
262      385    (0)    4 :  0.002 0.001 0.985 0.008 0.003 
263      386    (0)    4 :  0.004 0.001 0.983 0.008 0.003 
264      387    (0)    4 :  0.053 0.002 0.938 0.004 0.003 
265      554    (0)    4 :  0.003 0.001 0.988 0.003 0.004 
266      877    (0)    4 :  0.002 0.002 0.988 0.003 0.005 
267      878    (0)    4 :  0.003 0.001 0.964 0.007 0.025 
268      880    (0)    4 :  0.004 0.002 0.937 0.014 0.043 
269      122    (0)    5 :  0.005 0.005 0.027 0.273 0.689 
270      123    (0)    5 :  0.004 0.028 0.002 0.007 0.959 
271      124    (0)    5 :  0.025 0.002 0.010 0.006 0.958 
272      125    (0)    5 :  0.002 0.001 0.003 0.004 0.989 
273      126    (0)    5 :  0.002 0.002 0.013 0.038 0.946 
274      128    (0)    5 :  0.007 0.004 0.003 0.018 0.968 
275      129    (0)    5 :  0.019 0.006 0.018 0.031 0.926 
276      130    (0)    5 :  0.003 0.001 0.017 0.008 0.971 
277      131    (0)    5 :  0.002 0.002 0.004 0.006 0.987 
278      132    (0)    5 :  0.010 0.001 0.015 0.004 0.971 
279      133    (0)    5 :  0.010 0.002 0.060 0.262 0.666 
280      134    (0)    5 :  0.015 0.007 0.005 0.015 0.957 
281      135    (0)    5 :  0.003 0.032 0.006 0.023 0.936 
282      136    (0)    5 :  0.009 0.031 0.003 0.010 0.947 
283      139    (0)    5 :  0.009 0.003 0.008 0.013 0.967 
284      140    (0)    5 :  0.016 0.010 0.012 0.015 0.947 
285      141    (0)    5 :  0.006 0.004 0.009 0.013 0.969 
286      142    (0)    5 :  0.003 0.002 0.017 0.004 0.974 
287      143    (0)    5 :  0.015 0.004 0.029 0.006 0.946 
288      144    (0)    5 :  0.005 0.001 0.008 0.013 0.972 
289      145    (0)    5 :  0.020 0.004 0.004 0.012 0.959 
290      148    (0)    5 :  0.004 0.011 0.011 0.059 0.914 
291      556    (0)    5 :  0.003 0.003 0.010 0.009 0.974 
292      557    (0)    5 :  0.007 0.005 0.005 0.006 0.976 
293      558    (0)    5 :  0.006 0.002 0.003 0.007 0.981 
294      559    (0)    5 :  0.004 0.002 0.008 0.015 0.972 
295      560    (0)    5 :  0.002 0.003 0.011 0.012 0.971 
296      561    (0)    5 :  0.002 0.001 0.006 0.003 0.988 
297      562    (0)    5 :  0.006 0.004 0.006 0.019 0.965 
298      563    (0)    5 :  0.014 0.069 0.004 0.041 0.872 
299      564    (0)    5 :  0.006 0.002 0.080 0.102 0.809 
300      565    (0)    5 :  0.002 0.003 0.003 0.003 0.989 
301      566    (0)    5 :  0.002 0.003 0.010 0.022 0.963 
302      567    (0)    5 :  0.004 0.012 0.003 0.010 0.971 
303      568    (0)    5 :  0.009 0.003 0.005 0.012 0.971 
304      569    (0)    5 :  0.006 0.002 0.004 0.005 0.983 
305      570    (0)    5 :  0.001 0.001 0.009 0.004 0.985 
306      613    (0)    5 :  0.003 0.002 0.005 0.004 0.986 
307      614    (0)    5 :  0.002 0.016 0.004 0.012 0.966 
308      615    (0)    5 :  0.004 0.006 0.033 0.013 0.944 
309      616    (0)    5 :  0.006 0.002 0.009 0.008 0.974 
310      617    (0)    5 :  0.004 0.007 0.018 0.014 0.957 
311      618    (0)    5 :  0.010 0.003 0.016 0.018 0.953 
312      619    (0)    5 :  0.009 0.724 0.003 0.252 0.013 
313      620    (0)    5 :  0.004 0.002 0.007 0.009 0.978 
314      621    (0)    5 :  0.002 0.001 0.016 0.009 0.971 
315      622    (0)    5 :  0.004 0.001 0.005 0.003 0.985 
316      623    (0)    5 :  0.002 0.002 0.004 0.004 0.988 
317      624    (0)    5 :  0.004 0.002 0.014 0.015 0.965 
318      625    (0)    5 :  0.003 0.003 0.017 0.034 0.943 
319      626    (0)    5 :  0.005 0.003 0.006 0.005 0.982 
320      627    (0)    5 :  0.007 0.018 0.016 0.020 0.938 
321      628    (0)    5 :  0.005 0.002 0.005 0.006 0.982 
322      629    (0)    5 :  0.006 0.003 0.005 0.010 0.977 
323      630    (0)    5 :  0.002 0.022 0.004 0.004 0.968 
324      631    (0)    5 :  0.012 0.002 0.003 0.004 0.979 
325      632    (0)    5 :  0.011 0.005 0.026 0.020 0.938 
326      633    (0)    5 :  0.021 0.006 0.013 0.069 0.890 
327      634    (0)    5 :  0.011 0.005 0.004 0.010 0.970 
328      635    (0)    5 :  0.003 0.002 0.003 0.006 0.986 
329      636    (0)    5 :  0.003 0.002 0.007 0.004 0.983 
330      637    (0)    5 :  0.005 0.006 0.022 0.147 0.820 
331      638    (0)    5 :  0.005 0.009 0.013 0.019 0.954 
332      639    (0)    5 :  0.007 0.007 0.020 0.043 0.923 
333      640    (0)    5 :  0.002 0.001 0.014 0.006 0.977 
334      689    (0)    5 :  0.002 0.003 0.006 0.007 0.982 
335      690    (0)    5 :  0.010 0.002 0.008 0.010 0.970 
336      691    (0)    5 :  0.002 0.003 0.018 0.008 0.969 
337      692    (0)    5 :  0.009 0.007 0.003 0.028 0.953 
338      693    (0)    5 :  0.002 0.002 0.004 0.005 0.987 
339      694    (0)    5 :  0.006 0.003 0.003 0.003 0.985 
340      695    (0)    5 :  0.002 0.001 0.007 0.003 0.987 
341      696    (0)    5 :  0.002 0.002 0.004 0.003 0.988 
342      697    (0)    5 :  0.004 0.002 0.006 0.004 0.985 
343      698    (0)    5 :  0.003 0.003 0.005 0.024 0.966 
344      699    (0)    5 :  0.002 0.001 0.004 0.003 0.989 
345      700    (0)    5 :  0.007 0.002 0.012 0.005 0.974 
346      701    (2)    5 :  0.004 0.004 0.007 0.016 0.969 
347      702    (0)    5 :  0.003 0.005 0.022 0.011 0.958 
348      703    (0)    5 :  0.002 0.003 0.004 0.007 0.984 
349      704    (0)    5 :  0.004 0.007 0.006 0.008 0.974 
350      390    (0)    6 :  0.008 0.001 0.985 0.003 0.003 
351      391    (0)    6 :  0.009 0.003 0.974 0.006 0.009 
352      392    (0)    6 :  0.080 0.005 0.772 0.073 0.070 
353      393    (0)    6 :  0.002 0.003 0.983 0.007 0.005 
354      394    (0)    6 :  0.004 0.018 0.949 0.022 0.007 
355      647    (0)    6 :  0.003 0.004 0.971 0.010 0.012 
356      648    (0)    6 :  0.003 0.001 0.985 0.005 0.006 
357      007    (0)    7 :  0.968 0.004 0.008 0.009 0.011 
358      012    (0)    7 :  0.939 0.007 0.021 0.014 0.019 
359      020    (0)    7 :  0.439 0.013 0.051 0.489 0.008 
360      021    (0)    7 :  0.982 0.002 0.004 0.007 0.005 
361      022    (0)    7 :  0.936 0.003 0.012 0.043 0.005 
362      034    (0)    7 :  0.926 0.002 0.028 0.009 0.034 
363      049    (0)    7 :  0.981 0.003 0.005 0.005 0.006 
364      062    (0)    7 :  0.978 0.003 0.004 0.011 0.004 
365      089    (0)    7 :  0.984 0.001 0.005 0.004 0.006 
366      092    (0)    7 :  0.988 0.002 0.003 0.003 0.004 
367      100    (0)    7 :  0.968 0.002 0.016 0.005 0.009 
368      105    (0)    7 :  0.915 0.009 0.046 0.019 0.011 
369      205    (0)    7 :  0.967 0.005 0.004 0.019 0.005 
370      206    (0)    7 :  0.500 0.003 0.126 0.340 0.030 
371      207    (0)    7 :  0.922 0.004 0.015 0.044 0.014 
372      208    (0)    7 :  0.856 0.003 0.048 0.082 0.011 
373      209    (0)    7 :  0.563 0.009 0.004 0.420 0.004 
374      377    (0)    7 :  0.980 0.001 0.008 0.004 0.007 
375      881    (0)    7 :  0.983 0.002 0.006 0.004 0.005 
376      003    (0)    8 :  0.989 0.004 0.002 0.003 0.002 
377      108    (0)    8 :  0.986 0.009 0.001 0.002 0.002 
378      194    (0)    8 :  0.966 0.024 0.003 0.003 0.004 
379      232    (0)    8 :  0.964 0.029 0.002 0.003 0.002 
380      321    (0)    8 :  0.878 0.117 0.002 0.002 0.002 
381      322    (0)    8 :  0.987 0.003 0.003 0.002 0.004 
382      329    (0)    8 :  0.973 0.020 0.002 0.002 0.003 
383      330    (0)    8 :  0.991 0.004 0.001 0.002 0.002 
384      342    (0)    8 :  0.914 0.033 0.006 0.035 0.012 
385      347    (0)    8 :  0.991 0.002 0.002 0.003 0.002 
386      801    (0)    9 :  0.015 0.014 0.009 0.868 0.093 
387      815    (0)    9 :  0.029 0.015 0.003 0.915 0.038 
388      816    (0)    9 :  0.003 0.001 0.098 0.799 0.098 
389      817    (0)    9 :  0.016 0.010 0.005 0.962 0.007 
390      818    (0)    9 :  0.003 0.003 0.012 0.934 0.047 
391      819    (0)    9 :  0.006 0.029 0.004 0.952 0.009 
392      820    (2)    9 :  0.003 0.003 0.015 0.969 0.011 
393      821    (0)    9 :  0.003 0.005 0.008 0.978 0.006 
394      822    (0)    9 :  0.176 0.117 0.006 0.688 0.013 
395      853    (0)    9 :  0.009 0.059 0.056 0.843 0.033 


Estimated Allele Frequencies in each cluster
First column gives estimated ancestral frequencies


Locus 1 : 1 
4 alleles
0.0% missing data
  91   (0.374) 0.400 0.602 0.325 0.313 0.516 
  89   (0.478) 0.447 0.366 0.572 0.517 0.441 
  93   (0.122) 0.044 0.031 0.103 0.153 0.042 
  99   (0.027) 0.110 0.001 0.001 0.017 0.002 

Locus 2 : 2 
6 alleles
0.0% missing data
 136   (0.382) 0.345 0.551 0.524 0.340 0.511 
 138   (0.238) 0.427 0.210 0.269 0.230 0.115 
 140   (0.071) 0.010 0.067 0.063 0.089 0.007 
 142   (0.036) 0.004 0.044 0.001 0.015 0.071 
 134   (0.251) 0.206 0.126 0.142 0.297 0.294 
 132   (0.022) 0.008 0.002 0.001 0.028 0.002 

Locus 3 : 3 
6 alleles
0.0% missing data
 179   (0.250) 0.031 0.104 0.343 0.311 0.477 
 185   (0.086) 0.132 0.174 0.002 0.098 0.020 
 187   (0.357) 0.571 0.406 0.490 0.329 0.176 
 175   (0.060) 0.009 0.209 0.002 0.064 0.030 
 191   (0.065) 0.137 0.023 0.044 0.044 0.003 
 181   (0.182) 0.120 0.084 0.119 0.153 0.294 

Locus 4 : 4 
12 alleles
0.0% missing data
 245   (0.021) 0.003 0.095 0.001 0.008 0.001 
 271   (0.061) 0.009 0.166 0.030 0.055 0.008 
 241   (0.170) 0.105 0.463 0.079 0.151 0.175 
 249   (0.049) 0.031 0.079 0.111 0.020 0.003 
 253   (0.392) 0.397 0.125 0.653 0.424 0.617 
 247   (0.059) 0.227 0.040 0.002 0.086 0.003 
 269   (0.180) 0.178 0.029 0.117 0.227 0.189 
 239   (0.014) 0.043 0.001 0.000 0.003 0.001 
 265   (0.013) 0.001 0.000 0.000 0.007 0.001 
 273   (0.016) 0.003 0.001 0.000 0.012 0.001 
 235   (0.013) 0.002 0.001 0.004 0.002 0.001 
 267   (0.013) 0.002 0.001 0.004 0.002 0.001 

Locus 5 : 5 
5 alleles
0.8% missing data
 103   (0.852) 0.920 0.754 0.964 0.924 0.849 
 105   (0.057) 0.007 0.185 0.002 0.041 0.130 
 104   (0.048) 0.005 0.038 0.031 0.019 0.019 
 107   (0.020) 0.002 0.023 0.003 0.004 0.001 
 102   (0.023) 0.066 0.001 0.001 0.012 0.001 

Locus 6 : 6 
6 alleles
0.0% missing data
 135   (0.317) 0.609 0.678 0.207 0.239 0.230 
 147   (0.082) 0.092 0.130 0.051 0.029 0.055 
 137   (0.023) 0.007 0.090 0.001 0.009 0.001 
 141   (0.286) 0.096 0.089 0.555 0.285 0.380 
 145   (0.277) 0.194 0.012 0.184 0.435 0.333 
 143   (0.014) 0.002 0.001 0.004 0.003 0.001 

Locus 7 : 7 
10 alleles
0.3% missing data
  89   (0.082) 0.011 0.262 0.045 0.070 0.039 
  93   (0.227) 0.242 0.252 0.366 0.204 0.169 
  97   (0.192) 0.263 0.144 0.210 0.195 0.091 
 101   (0.024) 0.004 0.097 0.003 0.008 0.002 
 105   (0.028) 0.044 0.119 0.001 0.008 0.001 
  91   (0.065) 0.189 0.092 0.037 0.018 0.036 
  99   (0.021) 0.003 0.019 0.001 0.011 0.001 
  83   (0.048) 0.034 0.002 0.001 0.068 0.025 
 103   (0.262) 0.204 0.012 0.287 0.382 0.573 
  85   (0.049) 0.007 0.002 0.049 0.036 0.063 

Locus 8 : 8 
10 alleles
0.0% missing data
 129   (0.515) 0.511 0.308 0.625 0.643 0.511 
 143   (0.244) 0.281 0.360 0.084 0.236 0.381 
 149   (0.064) 0.033 0.296 0.138 0.037 0.003 
 127   (0.023) 0.042 0.030 0.001 0.004 0.001 
 141   (0.074) 0.048 0.003 0.145 0.044 0.093 
 133   (0.017) 0.002 0.001 0.001 0.018 0.001 
 145   (0.019) 0.002 0.001 0.001 0.009 0.006 
 131   (0.018) 0.063 0.001 0.002 0.003 0.001 
 121   (0.013) 0.001 0.001 0.004 0.002 0.001 
 128   (0.012) 0.015 0.001 0.000 0.002 0.001 

Locus 9 : 9 
4 alleles
0.0% missing data
 191   (0.385) 0.425 0.342 0.587 0.328 0.453 
 195   (0.211) 0.075 0.363 0.143 0.186 0.341 
 189   (0.385) 0.497 0.294 0.266 0.479 0.204 
 193   (0.019) 0.003 0.002 0.004 0.007 0.001 

Locus 10 : 10 
7 alleles
0.0% missing data
 232   (0.225) 0.257 0.108 0.410 0.216 0.155 
 238   (0.489) 0.275 0.666 0.441 0.588 0.584 
 250   (0.039) 0.004 0.141 0.001 0.037 0.007 
 254   (0.084) 0.343 0.026 0.021 0.042 0.067 
 252   (0.132) 0.115 0.058 0.122 0.090 0.186 
 248   (0.019) 0.004 0.001 0.001 0.024 0.001 
 240   (0.013) 0.002 0.001 0.004 0.002 0.001 

Locus 11 : 11 
5 alleles
0.0% missing data
  89   (0.217) 0.246 0.075 0.228 0.197 0.232 
  91   (0.070) 0.064 0.278 0.104 0.038 0.004 
  87   (0.680) 0.679 0.572 0.668 0.752 0.762 
  85   (0.020) 0.002 0.075 0.001 0.007 0.001 
  83   (0.013) 0.008 0.001 0.000 0.005 0.001 

Locus 12 : 12 
13 alleles
0.0% missing data
 160   (0.275) 0.573 0.509 0.179 0.305 0.088 
 161   (0.094) 0.013 0.238 0.039 0.066 0.192 
 170   (0.049) 0.005 0.079 0.012 0.058 0.003 
 158   (0.193) 0.056 0.067 0.455 0.196 0.268 
 143   (0.038) 0.095 0.075 0.001 0.010 0.016 
 154   (0.025) 0.003 0.015 0.001 0.020 0.001 
 162   (0.201) 0.241 0.009 0.173 0.261 0.311 
 134   (0.013) 0.001 0.000 0.000 0.008 0.001 
 147   (0.053) 0.006 0.002 0.131 0.031 0.117 
 159   (0.015) 0.002 0.001 0.000 0.013 0.001 
 149   (0.018) 0.003 0.001 0.001 0.024 0.001 
 164   (0.013) 0.001 0.001 0.008 0.002 0.001 
 165   (0.013) 0.002 0.003 0.000 0.005 0.001 

Locus 13 : 13 
4 alleles
0.0% missing data
 113   (0.338) 0.465 0.293 0.345 0.312 0.377 
 115   (0.456) 0.348 0.437 0.484 0.527 0.452 
 108   (0.193) 0.185 0.267 0.171 0.158 0.167 
 110   (0.013) 0.002 0.003 0.000 0.003 0.004 

Locus 14 : 14 
10 alleles
0.0% missing data
 229   (0.396) 0.286 0.416 0.499 0.488 0.329 
 233   (0.077) 0.053 0.079 0.103 0.038 0.026 
 231   (0.184) 0.423 0.441 0.099 0.101 0.431 
 225   (0.133) 0.110 0.051 0.072 0.154 0.066 
 227   (0.146) 0.120 0.006 0.223 0.190 0.144 
 203   (0.013) 0.001 0.000 0.000 0.006 0.002 
 213   (0.013) 0.001 0.001 0.000 0.007 0.001 
 221   (0.013) 0.001 0.000 0.000 0.008 0.001 
 255   (0.013) 0.002 0.001 0.004 0.003 0.001 
 223   (0.013) 0.002 0.003 0.000 0.005 0.001 

Locus 15 : 15 
5 alleles
0.3% missing data
 143   (0.852) 0.810 0.779 0.980 0.936 0.914 
 147   (0.035) 0.026 0.093 0.001 0.020 0.002 
 145   (0.080) 0.104 0.126 0.015 0.032 0.082 
 157   (0.018) 0.002 0.001 0.003 0.010 0.001 
 133   (0.015) 0.058 0.001 0.000 0.003 0.001 

Locus 16 : 16 
5 alleles
0.0% missing data
 154   (0.095) 0.088 0.332 0.047 0.047 0.064 
 158   (0.467) 0.449 0.341 0.555 0.547 0.462 
 160   (0.147) 0.051 0.102 0.152 0.144 0.137 
 156   (0.279) 0.410 0.224 0.246 0.254 0.337 
 152   (0.013) 0.001 0.000 0.000 0.007 0.001 

Locus 17 : 17 
5 alleles
0.0% missing data
  88   (0.064) 0.007 0.333 0.027 0.045 0.013 
  90   (0.643) 0.608 0.413 0.731 0.662 0.822 
 100   (0.074) 0.158 0.181 0.002 0.099 0.005 
 102   (0.206) 0.226 0.073 0.239 0.187 0.160 
 104   (0.013) 0.001 0.001 0.000 0.008 0.001 

Locus 18 : 18 
7 alleles
0.0% missing data
 127   (0.298) 0.292 0.409 0.245 0.268 0.374 
 140   (0.276) 0.214 0.261 0.138 0.283 0.421 
 150   (0.072) 0.253 0.200 0.002 0.056 0.017 
 148   (0.126) 0.143 0.110 0.085 0.105 0.045 
 142   (0.078) 0.009 0.015 0.392 0.134 0.004 
 138   (0.063) 0.007 0.002 0.035 0.080 0.060 
 146   (0.088) 0.081 0.004 0.103 0.073 0.079 

Locus 19 : 19 
6 alleles
0.0% missing data
 194   (0.566) 0.616 0.608 0.552 0.567 0.650 
 202   (0.045) 0.121 0.082 0.001 0.032 0.002 
 200   (0.102) 0.078 0.244 0.003 0.131 0.051 
 198   (0.015) 0.002 0.013 0.000 0.003 0.002 
 190   (0.150) 0.086 0.048 0.343 0.099 0.234 
 188   (0.122) 0.097 0.005 0.101 0.168 0.061 

Locus 20 : 20 
6 alleles
0.0% missing data
 244   (0.047) 0.006 0.054 0.027 0.022 0.007 
 246   (0.161) 0.199 0.183 0.033 0.119 0.245 
 252   (0.555) 0.401 0.072 0.784 0.739 0.633 
 254   (0.109) 0.052 0.275 0.050 0.066 0.075 
 250   (0.106) 0.328 0.416 0.105 0.039 0.039 
 248   (0.022) 0.014 0.001 0.001 0.015 0.001 

Locus 21 : 21 
10 alleles
0.0% missing data
 173   (0.258) 0.159 0.221 0.312 0.325 0.204 
 175   (0.143) 0.100 0.328 0.051 0.110 0.259 
 167   (0.242) 0.178 0.108 0.328 0.298 0.221 
 165   (0.066) 0.011 0.127 0.008 0.043 0.170 
 163   (0.051) 0.222 0.124 0.001 0.032 0.007 
 159   (0.014) 0.001 0.022 0.000 0.003 0.001 
 177   (0.188) 0.312 0.069 0.296 0.181 0.125 
 169   (0.013) 0.001 0.001 0.004 0.002 0.001 
 171   (0.014) 0.002 0.001 0.000 0.003 0.012 
 161   (0.013) 0.015 0.000 0.000 0.002 0.001 

Locus 22 : 22 
11 alleles
0.3% missing data
 150   (0.064) 0.049 0.162 0.012 0.030 0.023 
 158   (0.110) 0.032 0.401 0.028 0.108 0.066 
 152   (0.369) 0.368 0.075 0.543 0.472 0.471 
 142   (0.026) 0.003 0.059 0.001 0.021 0.001 
 162   (0.049) 0.052 0.169 0.001 0.031 0.009 
 156   (0.032) 0.121 0.068 0.001 0.012 0.002 
 164   (0.054) 0.007 0.046 0.006 0.039 0.047 
 148   (0.029) 0.132 0.007 0.001 0.015 0.002 
 146   (0.174) 0.168 0.008 0.264 0.211 0.279 
 166   (0.078) 0.066 0.003 0.081 0.057 0.100 
 154   (0.015) 0.002 0.001 0.062 0.003 0.001 

Locus 23 : 23 
6 alleles
0.3% missing data
 154   (0.461) 0.264 0.248 0.520 0.557 0.642 
 158   (0.033) 0.006 0.093 0.015 0.012 0.002 
 144   (0.227) 0.558 0.236 0.165 0.181 0.175 
 156   (0.129) 0.018 0.347 0.046 0.143 0.129 
 160   (0.132) 0.151 0.075 0.211 0.101 0.051 
 152   (0.018) 0.002 0.001 0.043 0.005 0.001 

Locus 24 : 24 
4 alleles
0.3% missing data
  83   (0.515) 0.798 0.628 0.471 0.467 0.604 
  81   (0.336) 0.173 0.308 0.297 0.412 0.273 
  85   (0.065) 0.008 0.060 0.042 0.035 0.067 
  77   (0.084) 0.022 0.003 0.190 0.086 0.056 

Locus 25 : 25 
6 alleles
0.3% missing data
 124   (0.520) 0.359 0.557 0.422 0.554 0.593 
 122   (0.125) 0.034 0.385 0.029 0.105 0.120 
 120   (0.030) 0.135 0.022 0.001 0.010 0.002 
 126   (0.047) 0.010 0.025 0.041 0.031 0.004 
 132   (0.262) 0.461 0.011 0.507 0.286 0.280 
 136   (0.016) 0.002 0.001 0.000 0.014 0.001 

Locus 26 : 26 
6 alleles
0.0% missing data
 181   (0.055) 0.006 0.157 0.002 0.056 0.029 
 183   (0.373) 0.515 0.297 0.466 0.342 0.311 
 179   (0.098) 0.136 0.330 0.081 0.080 0.006 
 165   (0.244) 0.192 0.090 0.173 0.246 0.347 
 185   (0.021) 0.002 0.117 0.001 0.008 0.001 
 175   (0.210) 0.148 0.009 0.278 0.268 0.305 

Locus 27 : 27 
4 alleles
0.0% missing data
 142   (0.553) 0.633 0.405 0.698 0.572 0.594 
 148   (0.243) 0.240 0.287 0.136 0.222 0.289 
 150   (0.131) 0.117 0.180 0.008 0.156 0.100 
 138   (0.073) 0.011 0.129 0.158 0.051 0.016 

Locus 28 : 28 
5 alleles
0.0% missing data
 260   (0.385) 0.220 0.237 0.355 0.498 0.343 
 262   (0.491) 0.671 0.648 0.616 0.416 0.597 
 256   (0.091) 0.106 0.114 0.027 0.048 0.059 
 258   (0.017) 0.002 0.001 0.000 0.019 0.001 
 264   (0.017) 0.002 0.001 0.000 0.019 0.001 

Locus 29 : 29 
5 alleles
0.3% missing data
 146   (0.255) 0.291 0.363 0.121 0.251 0.237 
 140   (0.196) 0.363 0.402 0.098 0.134 0.225 
 150   (0.431) 0.239 0.181 0.717 0.532 0.454 
 148   (0.098) 0.103 0.051 0.063 0.056 0.084 
 152   (0.021) 0.004 0.002 0.001 0.028 0.001 

Locus 30 : 30 
6 alleles
0.0% missing data
 127   (0.085) 0.203 0.385 0.002 0.046 0.128 
 131   (0.034) 0.004 0.168 0.001 0.042 0.002 
 129   (0.460) 0.543 0.204 0.464 0.528 0.452 
 123   (0.132) 0.057 0.065 0.107 0.117 0.116 
 125   (0.273) 0.191 0.177 0.425 0.253 0.302 
 121   (0.015) 0.002 0.001 0.000 0.013 0.001 

Locus 31 : 31 
5 alleles
0.0% missing data
 155   (0.536) 0.601 0.553 0.609 0.564 0.453 
 157   (0.223) 0.131 0.090 0.191 0.223 0.322 
 153   (0.072) 0.020 0.191 0.075 0.071 0.004 
 159   (0.136) 0.016 0.150 0.123 0.130 0.219 
 151   (0.032) 0.232 0.016 0.002 0.012 0.002 

Locus 32 : 32 
4 alleles
0.0% missing data
 150   (0.541) 0.561 0.284 0.807 0.587 0.524 
 154   (0.066) 0.018 0.050 0.004 0.051 0.073 
 146   (0.305) 0.412 0.563 0.101 0.300 0.310 
 148   (0.088) 0.010 0.103 0.089 0.061 0.092 

Locus 33 : 33 
7 alleles
0.0% missing data
 180   (0.460) 0.741 0.333 0.570 0.438 0.421 
 190   (0.033) 0.004 0.047 0.001 0.013 0.025 
 184   (0.192) 0.105 0.132 0.175 0.166 0.266 
 198   (0.057) 0.051 0.286 0.051 0.025 0.003 
 192   (0.139) 0.084 0.195 0.004 0.206 0.167 
 196   (0.105) 0.013 0.006 0.177 0.149 0.118 
 194   (0.015) 0.002 0.001 0.022 0.003 0.001 

Locus 34 : 34 
7 alleles
0.0% missing data
 108   (0.108) 0.088 0.548 0.005 0.118 0.046 
 110   (0.236) 0.142 0.151 0.337 0.200 0.338 
 106   (0.315) 0.531 0.207 0.145 0.327 0.318 
 112   (0.259) 0.078 0.090 0.502 0.308 0.266 
  94   (0.019) 0.002 0.001 0.000 0.024 0.001 
  90   (0.050) 0.116 0.003 0.011 0.021 0.030 
  96   (0.014) 0.044 0.001 0.000 0.003 0.001 

Locus 35 : 35 
8 alleles
0.0% missing data
 168   (0.071) 0.142 0.370 0.002 0.087 0.004 
 170   (0.311) 0.578 0.290 0.186 0.233 0.510 
 172   (0.293) 0.241 0.192 0.425 0.331 0.126 
 174   (0.094) 0.011 0.043 0.010 0.145 0.069 
 186   (0.027) 0.003 0.067 0.001 0.020 0.001 
 176   (0.111) 0.015 0.033 0.118 0.090 0.250 
 178   (0.037) 0.004 0.002 0.019 0.055 0.002 
 166   (0.056) 0.007 0.002 0.240 0.038 0.036 

Locus 36 : 36 
6 alleles
0.0% missing data
  83   (0.119) 0.023 0.328 0.035 0.134 0.076 
  89   (0.545) 0.601 0.580 0.693 0.538 0.597 
  85   (0.194) 0.237 0.038 0.182 0.225 0.116 
  91   (0.025) 0.124 0.024 0.001 0.006 0.001 
  95   (0.077) 0.010 0.028 0.088 0.053 0.089 
  81   (0.039) 0.005 0.002 0.001 0.043 0.121 

Locus 37 : 37 
8 alleles
0.0% missing data
 161   (0.356) 0.289 0.553 0.501 0.327 0.363 
 173   (0.287) 0.478 0.210 0.101 0.288 0.423 
 165   (0.212) 0.068 0.225 0.247 0.226 0.206 
 159   (0.021) 0.002 0.006 0.023 0.004 0.001 
 169   (0.061) 0.021 0.002 0.119 0.100 0.004 
 167   (0.026) 0.003 0.001 0.003 0.038 0.002 
 175   (0.015) 0.002 0.001 0.000 0.013 0.001 
 168   (0.022) 0.137 0.001 0.006 0.004 0.001 

Locus 38 : 38 
7 alleles
0.0% missing data
  87   (0.161) 0.394 0.368 0.166 0.102 0.070 
  91   (0.182) 0.207 0.215 0.049 0.154 0.280 
  85   (0.212) 0.237 0.146 0.078 0.214 0.260 
  89   (0.317) 0.058 0.267 0.634 0.453 0.228 
  81   (0.089) 0.100 0.004 0.047 0.071 0.138 
  93   (0.024) 0.003 0.001 0.019 0.004 0.024 
  95   (0.014) 0.002 0.001 0.007 0.003 0.001 

Locus 39 : 39 
4 alleles
0.0% missing data
 161   (0.158) 0.135 0.505 0.071 0.143 0.048 
 167   (0.788) 0.857 0.437 0.918 0.826 0.949 
 165   (0.040) 0.006 0.057 0.007 0.029 0.003 
 155   (0.013) 0.002 0.001 0.004 0.003 0.001 

Locus 40 : 40 
7 alleles
0.3% missing data
 228   (0.411) 0.301 0.335 0.582 0.424 0.324 
 240   (0.114) 0.117 0.415 0.003 0.146 0.041 
 236   (0.093) 0.433 0.129 0.095 0.023 0.109 
 238   (0.301) 0.092 0.112 0.257 0.383 0.409 
 224   (0.049) 0.005 0.008 0.059 0.016 0.116 
 242   (0.019) 0.050 0.001 0.001 0.006 0.001 
 246   (0.014) 0.002 0.001 0.004 0.003 0.001 

Locus 41 : 41 
9 alleles
0.3% missing data
 130   (0.452) 0.288 0.653 0.472 0.517 0.464 
 134   (0.130) 0.115 0.255 0.007 0.152 0.128 
 118   (0.064) 0.184 0.073 0.002 0.053 0.013 
 132   (0.126) 0.190 0.010 0.219 0.092 0.173 
 128   (0.077) 0.012 0.003 0.191 0.089 0.060 
 114   (0.105) 0.205 0.004 0.089 0.084 0.149 
 122   (0.020) 0.002 0.001 0.019 0.008 0.001 
 120   (0.013) 0.001 0.001 0.000 0.002 0.006 
 119   (0.013) 0.002 0.001 0.000 0.003 0.006 

Locus 42 : 42 
8 alleles
0.0% missing data
  92   (0.141) 0.081 0.361 0.109 0.108 0.103 
  96   (0.085) 0.058 0.176 0.075 0.039 0.051 
  98   (0.156) 0.176 0.289 0.186 0.105 0.114 
 104   (0.328) 0.244 0.163 0.203 0.458 0.310 
 102   (0.242) 0.422 0.010 0.426 0.274 0.398 
 106   (0.013) 0.001 0.000 0.000 0.008 0.001 
  94   (0.015) 0.002 0.001 0.000 0.004 0.010 
 100   (0.020) 0.016 0.001 0.001 0.004 0.012 

Locus 43 : 43 
6 alleles
0.0% missing data
  95   (0.270) 0.288 0.384 0.376 0.240 0.219 
  99   (0.106) 0.130 0.301 0.044 0.062 0.056 
 101   (0.302) 0.107 0.226 0.333 0.363 0.415 
  97   (0.044) 0.143 0.034 0.001 0.022 0.007 
 103   (0.266) 0.330 0.054 0.241 0.310 0.303 
 105   (0.013) 0.001 0.001 0.004 0.002 0.001 

Locus 44 : 44 
8 alleles
0.0% missing data
 177   (0.077) 0.011 0.065 0.114 0.058 0.025 
 191   (0.263) 0.069 0.620 0.176 0.271 0.422 
 179   (0.043) 0.109 0.090 0.001 0.030 0.002 
 181   (0.545) 0.780 0.214 0.707 0.599 0.542 
 193   (0.022) 0.011 0.009 0.001 0.010 0.001 
 183   (0.015) 0.002 0.001 0.000 0.013 0.001 
 189   (0.022) 0.017 0.001 0.001 0.014 0.001 
 187   (0.013) 0.001 0.001 0.000 0.003 0.006 

Locus 45 : 45 
6 alleles
0.5% missing data
 205   (0.406) 0.281 0.331 0.449 0.530 0.443 
 211   (0.211) 0.154 0.374 0.237 0.179 0.284 
 207   (0.181) 0.326 0.111 0.160 0.185 0.099 
 201   (0.084) 0.166 0.056 0.060 0.042 0.046 
 215   (0.097) 0.071 0.062 0.094 0.055 0.126 
 202   (0.020) 0.002 0.066 0.001 0.009 0.001 

Locus 46 : 46 
10 alleles
0.0% missing data
 158   (0.176) 0.217 0.163 0.132 0.167 0.226 
 170   (0.027) 0.011 0.075 0.004 0.007 0.003 
 168   (0.152) 0.123 0.251 0.184 0.135 0.118 
 156   (0.044) 0.057 0.110 0.001 0.025 0.010 
 164   (0.054) 0.027 0.132 0.002 0.031 0.063 
 142   (0.259) 0.184 0.162 0.187 0.359 0.337 
 144   (0.052) 0.008 0.015 0.191 0.063 0.003 
 162   (0.066) 0.144 0.055 0.002 0.041 0.140 
 166   (0.151) 0.216 0.022 0.296 0.168 0.100 
 160   (0.019) 0.015 0.015 0.001 0.004 0.001 

Locus 47 : 47 
6 alleles
0.0% missing data
 149   (0.290) 0.316 0.726 0.105 0.347 0.127 
 145   (0.272) 0.529 0.082 0.216 0.247 0.338 
 151   (0.207) 0.082 0.124 0.281 0.178 0.363 
 143   (0.024) 0.003 0.029 0.001 0.015 0.001 
 153   (0.187) 0.065 0.038 0.378 0.207 0.170 
 147   (0.020) 0.005 0.001 0.020 0.006 0.001 

Values of parameters used in structure:
DATAFILE=temp1.str,	OUTFILE=k5/temp1_k5_run3,	NUMINDS=395,	NUMLOCI=47,	MISSING=-9,	LABEL=1,	POPDATA=1,	POPFLAG=0,	PHENOTYPE=0,	EXTRACOLS=0,	MAXPOPS=5,	BURNIN=500000,	NUMREPS=750000,	USEPOPINFO=0,	INFERALPHA=1,	INFERLAMBDA=0,	POPSPECIFICLAMBDA=0,	POPALPHAS=0,	COMPUTEPROB=1,	NOADMIX=0,	ADMBURNIN=500,	UPDATEFREQ=100,	PRINTLIKES=0,	INTERMEDSAVE=0,	PRINTKLD=0,	PRINTNET=1,	PRINTLAMBDA=1,	ANCESTDIST=0,	NUMBOXES=1000,	ANCESTPINT=0.90000,	GENSBACK=2,	MIGRPRIOR=0.01000,	PRINTQHAT=0,	PRINTQSUM=1,	ALPHA=1.0000,	FREQSCORR=1,	FPRIORMEAN=0.0100,	FPRIORSD=0.0500,	ONEFST=0,	LAMBDA=1.0000,	UNIFPRIORALPHA=1,	ALPHAMAX=10.0000,	ALPHAPRIORA=1.0000,	ALPHAPRIORB=2.0000,	ALPHAPROPSD=0.0250,	STARTATPOPINFO=0,	RANDOMIZE=0,	LINKAGE=0,	METROFREQ=10,	REPORTHITRATE=0,	MARKOVPHASE=0,	PHASED=1,	PLOIDY=2,	PHASEINFO=0	LOCPRIOR=0, 	LOCPRIORINIT=1.000000, 	LOCDATA=0, 	LOCISPOP=1, 	LOCPRIORSTEP=0.100000, 	MAXLOCPRIOR=20.000000, 	SEED=755132,	
[STRAT parameters]:    NUMSIMSTATS=1000,	PHENOTYPECOL=-9,	POOLFREQ=10,	LOCUSxONLY=0,	EMERROR=0.00100,	MISSINGPHENO=-9,	