

----------------------------------------------------
STRUCTURE by Pritchard, Stephens and Donnelly (2000)
     and Falush, Stephens and Pritchard (2003)
       Code by Pritchard, Falush and Hubisz
             Version 2.3.4 (Jul 2012)
----------------------------------------------------



Command line arguments:   structure -D 217912 -K 14 -m mainparams -o k14/temp1_k14_run4 
Input File:    temp1.str

Run parameters:
   395 individuals
   47 loci
   14 populations assumed
   500000 Burn-in period
   750000 Reps
RANDOMIZE turned off


--------------------------------------------
Proportion of membership of each pre-defined
 population in each of the 14 clusters

Given    Inferred Clusters                                                                                    Number of
 Pop       1      2      3      4      5      6      7      8      9     10     11     12     13     14      Individuals

  1:     0.004  0.004  0.942  0.004  0.008  0.006  0.004  0.005  0.004  0.004  0.003  0.004  0.005  0.003       62
  2:     0.603  0.014  0.004  0.116  0.003  0.006  0.012  0.014  0.011  0.010  0.050  0.011  0.014  0.132       79
  3:     0.240  0.009  0.002  0.169  0.002  0.014  0.009  0.008  0.014  0.008  0.483  0.015  0.008  0.018       12
  4:     0.084  0.006  0.002  0.217  0.003  0.004  0.006  0.008  0.007  0.009  0.063  0.008  0.007  0.576       33
  5:     0.010  0.016  0.014  0.009  0.004  0.008  0.016  0.018  0.211  0.636  0.012  0.023  0.017  0.007       81
  6:     0.464  0.021  0.003  0.205  0.010  0.006  0.023  0.017  0.029  0.009  0.011  0.012  0.017  0.174        7
  7:     0.009  0.015  0.004  0.007  0.003  0.877  0.013  0.015  0.009  0.005  0.008  0.012  0.016  0.006       19
  8:     0.002  0.005  0.006  0.003  0.944  0.010  0.004  0.005  0.004  0.003  0.003  0.003  0.005  0.003       10
  9:     0.011  0.202  0.017  0.014  0.028  0.011  0.166  0.187  0.026  0.020  0.013  0.095  0.199  0.010       10
 10:     0.033  0.203  0.026  0.014  0.014  0.030  0.131  0.203  0.035  0.025  0.021  0.036  0.213  0.017       23
 11:     0.016  0.212  0.008  0.016  0.007  0.017  0.313  0.103  0.084  0.030  0.010  0.066  0.110  0.009       11
 12:     0.039  0.081  0.006  0.035  0.005  0.006  0.101  0.129  0.011  0.010  0.015  0.418  0.128  0.016       18
 13:     0.028  0.165  0.115  0.014  0.026  0.011  0.153  0.169  0.048  0.035  0.020  0.039  0.153  0.026       25
 14:     0.014  0.182  0.004  0.044  0.002  0.018  0.091  0.135  0.014  0.009  0.006  0.278  0.177  0.025        5
--------------------------------------------

Allele-freq. divergence among pops (Net nucleotide distance),
computed using point estimates of P.

      1       2       3       4       5       6       7       8       9      10      11      12      13      14      
 1      -    0.0255  0.1272  0.0239  0.1456  0.0794  0.0287  0.0243  0.0428  0.0466  0.0447  0.0425  0.0246  0.0250  
 2   0.0255     -    0.0784  0.0352  0.1095  0.0583  0.0013  0.0009  0.0179  0.0217  0.0471  0.0189  0.0008  0.0356  
 3   0.1272  0.0784     -    0.1254  0.1122  0.1178  0.0821  0.0750  0.1009  0.0925  0.1379  0.1108  0.0762  0.1321  
 4   0.0239  0.0352  0.1254     -    0.1514  0.0836  0.0368  0.0335  0.0490  0.0520  0.0582  0.0465  0.0339  0.0357  
 5   0.1456  0.1095  0.1122  0.1514     -    0.1323  0.1115  0.1060  0.1216  0.1209  0.1541  0.1344  0.1080  0.1456  
 6   0.0794  0.0583  0.1178  0.0836  0.1323     -    0.0627  0.0547  0.0664  0.0724  0.0996  0.0706  0.0552  0.0854  
 7   0.0287  0.0013  0.0821  0.0368  0.1115  0.0627     -    0.0036  0.0198  0.0223  0.0513  0.0201  0.0036  0.0387  
 8   0.0243  0.0009  0.0750  0.0335  0.1060  0.0547  0.0036     -    0.0167  0.0206  0.0438  0.0182  0.0001  0.0332  
 9   0.0428  0.0179  0.1009  0.0490  0.1216  0.0664  0.0198  0.0167     -    0.0187  0.0623  0.0341  0.0171  0.0533  
10   0.0466  0.0217  0.0925  0.0520  0.1209  0.0724  0.0223  0.0206  0.0187     -    0.0611  0.0388  0.0214  0.0623  
11   0.0447  0.0471  0.1379  0.0582  0.1541  0.0996  0.0513  0.0438  0.0623  0.0611     -    0.0644  0.0448  0.0630  
12   0.0425  0.0189  0.1108  0.0465  0.1344  0.0706  0.0201  0.0182  0.0341  0.0388  0.0644     -    0.0182  0.0526  
13   0.0246  0.0008  0.0762  0.0339  0.1080  0.0552  0.0036  0.0001  0.0171  0.0214  0.0448  0.0182     -    0.0333  
14   0.0250  0.0356  0.1321  0.0357  0.1456  0.0854  0.0387  0.0332  0.0533  0.0623  0.0630  0.0526  0.0333     -    

Average distances (expected heterozygosity) between individuals in same cluster:
cluster  1  : 0.5581 
cluster  2  : 0.6312 
cluster  3  : 0.6369 
cluster  4  : 0.5491 
cluster  5  : 0.5414 
cluster  6  : 0.5464 
cluster  7  : 0.6279 
cluster  8  : 0.6386 
cluster  9  : 0.5963 
cluster 10  : 0.5935 
cluster 11  : 0.5281 
cluster 12  : 0.5836 
cluster 13  : 0.6352 
cluster 14  : 0.5423 

--------------------------------------------
Estimated Ln Prob of Data   = -43477.0
Mean value of ln likelihood = -41449.9
Variance of ln likelihood   = 4054.2
Mean value of alpha         = 0.0334

Mean value of Fst_1         = 0.1242
Mean value of Fst_2         = 0.0488
Mean value of Fst_3         = 0.1829
Mean value of Fst_4         = 0.2017
Mean value of Fst_5         = 0.3109
Mean value of Fst_6         = 0.2102
Mean value of Fst_7         = 0.0623
Mean value of Fst_8         = 0.0254
Mean value of Fst_9         = 0.0988
Mean value of Fst_10         = 0.1043
Mean value of Fst_11         = 0.2123
Mean value of Fst_12         = 0.1141
Mean value of Fst_13         = 0.0310
Mean value of Fst_14         = 0.1466


Inferred ancestry of individuals:
        Label (%Miss) Pop:  Inferred clusters
  1      187    (0)    1 :  0.002 0.002 0.974 0.002 0.002 0.002 0.002 0.002 0.002 0.002 0.002 0.002 0.002 0.002 
  2      188    (0)    1 :  0.003 0.004 0.951 0.007 0.002 0.003 0.004 0.005 0.003 0.005 0.002 0.003 0.005 0.003 
  3      189    (0)    1 :  0.002 0.003 0.973 0.002 0.002 0.001 0.003 0.003 0.002 0.002 0.001 0.002 0.002 0.003 
  4      190    (0)    1 :  0.002 0.003 0.972 0.001 0.001 0.002 0.002 0.003 0.002 0.002 0.002 0.004 0.003 0.002 
  5      191    (0)    1 :  0.001 0.002 0.978 0.001 0.004 0.001 0.002 0.002 0.001 0.002 0.002 0.001 0.002 0.001 
  6      247    (0)    1 :  0.002 0.002 0.970 0.004 0.003 0.003 0.002 0.002 0.002 0.002 0.002 0.003 0.002 0.003 
  7      281    (0)    1 :  0.001 0.002 0.976 0.001 0.003 0.003 0.002 0.002 0.002 0.001 0.002 0.001 0.002 0.001 
  8      282    (0)    1 :  0.005 0.003 0.958 0.003 0.001 0.002 0.003 0.003 0.002 0.002 0.002 0.005 0.003 0.008 
  9      283    (0)    1 :  0.002 0.002 0.973 0.002 0.002 0.002 0.002 0.002 0.003 0.003 0.002 0.001 0.002 0.002 
 10      284    (0)    1 :  0.001 0.001 0.984 0.001 0.001 0.001 0.001 0.001 0.001 0.001 0.001 0.001 0.001 0.001 
 11      285    (0)    1 :  0.003 0.005 0.955 0.003 0.003 0.003 0.004 0.004 0.003 0.003 0.002 0.004 0.005 0.003 
 12      286    (0)    1 :  0.002 0.003 0.968 0.002 0.002 0.002 0.003 0.003 0.003 0.003 0.003 0.002 0.003 0.002 
 13      288    (0)    1 :  0.007 0.006 0.915 0.004 0.002 0.012 0.005 0.007 0.004 0.009 0.013 0.004 0.007 0.005 
 14      289    (0)    1 :  0.002 0.003 0.966 0.002 0.012 0.001 0.003 0.002 0.002 0.002 0.001 0.002 0.002 0.001 
 15      292    (0)    1 :  0.003 0.005 0.937 0.002 0.004 0.022 0.004 0.005 0.004 0.002 0.002 0.004 0.004 0.003 
 16      293    (0)    1 :  0.003 0.003 0.952 0.005 0.005 0.006 0.004 0.004 0.004 0.004 0.003 0.002 0.004 0.003 
 17      294    (0)    1 :  0.002 0.003 0.965 0.002 0.003 0.004 0.003 0.003 0.003 0.002 0.003 0.002 0.003 0.002 
 18      297    (0)    1 :  0.004 0.003 0.958 0.003 0.003 0.006 0.003 0.003 0.003 0.003 0.005 0.002 0.003 0.003 
 19      298    (0)    1 :  0.010 0.017 0.858 0.007 0.002 0.014 0.014 0.018 0.005 0.006 0.014 0.009 0.020 0.007 
 20      299    (0)    1 :  0.005 0.005 0.946 0.006 0.002 0.003 0.005 0.005 0.004 0.005 0.002 0.005 0.005 0.004 
 21      300    (0)    1 :  0.009 0.003 0.945 0.009 0.005 0.003 0.003 0.003 0.003 0.004 0.003 0.003 0.003 0.004 
 22      301    (0)    1 :  0.049 0.005 0.890 0.005 0.003 0.004 0.004 0.007 0.010 0.007 0.003 0.004 0.006 0.005 
 23      302    (0)    1 :  0.002 0.004 0.926 0.002 0.034 0.005 0.004 0.004 0.003 0.003 0.002 0.005 0.004 0.003 
 24      303    (0)    1 :  0.005 0.004 0.930 0.006 0.003 0.004 0.004 0.006 0.016 0.007 0.004 0.003 0.005 0.003 
 25      304    (0)    1 :  0.002 0.002 0.972 0.002 0.002 0.002 0.002 0.002 0.002 0.002 0.002 0.003 0.002 0.002 
 26      305    (0)    1 :  0.011 0.008 0.885 0.013 0.003 0.006 0.006 0.008 0.004 0.003 0.010 0.008 0.009 0.026 
 27      306    (0)    1 :  0.002 0.005 0.956 0.003 0.003 0.005 0.006 0.004 0.003 0.003 0.001 0.003 0.004 0.002 
 28      308    (0)    1 :  0.002 0.003 0.933 0.003 0.030 0.008 0.002 0.003 0.002 0.003 0.001 0.004 0.003 0.003 
 29      309    (0)    1 :  0.006 0.018 0.851 0.010 0.002 0.003 0.019 0.016 0.006 0.014 0.016 0.017 0.016 0.006 
 30      310    (0)    1 :  0.002 0.002 0.970 0.002 0.002 0.002 0.002 0.003 0.002 0.005 0.003 0.002 0.003 0.002 
 31      311    (0)    1 :  0.002 0.003 0.966 0.003 0.002 0.003 0.003 0.003 0.002 0.003 0.002 0.002 0.003 0.003 
 32      312    (0)    1 :  0.002 0.003 0.960 0.002 0.003 0.001 0.002 0.003 0.010 0.006 0.002 0.002 0.003 0.001 
 33      313    (0)    1 :  0.002 0.004 0.946 0.002 0.015 0.003 0.003 0.004 0.003 0.004 0.002 0.005 0.004 0.002 
 34      314    (0)    1 :  0.003 0.004 0.956 0.003 0.002 0.007 0.003 0.004 0.002 0.002 0.003 0.002 0.004 0.004 
 35      315    (0)    1 :  0.005 0.004 0.953 0.003 0.001 0.002 0.004 0.004 0.003 0.005 0.004 0.002 0.004 0.005 
 36      316    (0)    1 :  0.001 0.001 0.984 0.001 0.002 0.001 0.001 0.001 0.001 0.001 0.001 0.001 0.001 0.001 
 37      317    (0)    1 :  0.003 0.004 0.941 0.003 0.012 0.002 0.004 0.003 0.009 0.008 0.003 0.002 0.003 0.003 
 38      344    (0)    1 :  0.003 0.003 0.972 0.003 0.001 0.001 0.003 0.003 0.002 0.002 0.002 0.002 0.003 0.002 
 39      352    (0)    1 :  0.002 0.004 0.892 0.002 0.071 0.003 0.004 0.004 0.003 0.003 0.003 0.002 0.004 0.002 
 40      353    (0)    1 :  0.002 0.003 0.953 0.003 0.007 0.004 0.003 0.004 0.003 0.003 0.004 0.004 0.004 0.003 
 41      649    (0)    1 :  0.002 0.002 0.969 0.002 0.002 0.002 0.002 0.002 0.002 0.002 0.002 0.003 0.002 0.003 
 42      650    (0)    1 :  0.001 0.003 0.975 0.002 0.001 0.002 0.002 0.003 0.002 0.002 0.002 0.002 0.003 0.002 
 43      651    (0)    1 :  0.002 0.006 0.945 0.003 0.004 0.002 0.006 0.006 0.004 0.003 0.002 0.008 0.006 0.003 
 44      652    (0)    1 :  0.001 0.002 0.972 0.002 0.003 0.003 0.002 0.002 0.003 0.003 0.001 0.002 0.002 0.001 
 45      653    (0)    1 :  0.003 0.006 0.922 0.004 0.004 0.010 0.006 0.006 0.005 0.015 0.004 0.005 0.006 0.004 
 46      654    (0)    1 :  0.002 0.003 0.951 0.006 0.003 0.005 0.004 0.004 0.005 0.007 0.002 0.002 0.003 0.002 
 47      655    (0)    1 :  0.001 0.002 0.953 0.002 0.028 0.001 0.002 0.002 0.002 0.002 0.001 0.001 0.002 0.002 
 48      656    (0)    1 :  0.002 0.003 0.861 0.002 0.110 0.003 0.002 0.003 0.003 0.002 0.002 0.002 0.003 0.002 
 49      657    (0)    1 :  0.004 0.007 0.912 0.004 0.019 0.004 0.008 0.007 0.004 0.010 0.004 0.004 0.007 0.003 
 50      658    (0)    1 :  0.004 0.004 0.930 0.003 0.004 0.011 0.004 0.005 0.006 0.015 0.003 0.003 0.005 0.003 
 51      659    (0)    1 :  0.005 0.010 0.898 0.006 0.013 0.010 0.009 0.010 0.006 0.004 0.005 0.006 0.011 0.006 
 52      660    (0)    1 :  0.006 0.007 0.930 0.004 0.002 0.003 0.008 0.007 0.004 0.010 0.006 0.004 0.006 0.004 
 53      661    (0)    1 :  0.002 0.002 0.967 0.002 0.007 0.001 0.002 0.003 0.003 0.003 0.001 0.003 0.002 0.002 
 54      662    (0)    1 :  0.006 0.004 0.953 0.006 0.002 0.003 0.004 0.004 0.002 0.003 0.003 0.002 0.004 0.005 
 55      663    (0)    1 :  0.003 0.005 0.945 0.003 0.003 0.009 0.005 0.005 0.003 0.002 0.008 0.003 0.004 0.002 
 56      664    (0)    1 :  0.006 0.015 0.842 0.016 0.003 0.013 0.012 0.021 0.008 0.010 0.010 0.019 0.019 0.006 
 57      665    (0)    1 :  0.003 0.003 0.965 0.002 0.002 0.002 0.003 0.003 0.003 0.005 0.002 0.002 0.003 0.002 
 58      666    (0)    1 :  0.002 0.003 0.935 0.004 0.021 0.008 0.003 0.003 0.005 0.004 0.004 0.002 0.003 0.002 
 59      667    (0)    1 :  0.008 0.006 0.879 0.004 0.003 0.055 0.006 0.006 0.003 0.002 0.004 0.012 0.006 0.008 
 60      668    (0)    1 :  0.004 0.006 0.941 0.004 0.002 0.008 0.005 0.006 0.004 0.003 0.004 0.004 0.006 0.004 
 61      669    (0)    1 :  0.006 0.012 0.878 0.008 0.003 0.018 0.014 0.009 0.017 0.007 0.005 0.009 0.009 0.007 
 62      670    (0)    1 :  0.002 0.002 0.965 0.002 0.004 0.007 0.002 0.002 0.003 0.003 0.001 0.002 0.002 0.002 
 63      797    (0)   10 :  0.022 0.285 0.004 0.015 0.002 0.013 0.102 0.153 0.007 0.016 0.004 0.030 0.263 0.084 
 64      798    (0)   10 :  0.009 0.254 0.002 0.011 0.001 0.003 0.130 0.185 0.006 0.004 0.005 0.071 0.306 0.011 
 65      799    (0)   10 :  0.002 0.262 0.007 0.004 0.003 0.038 0.086 0.303 0.006 0.008 0.006 0.006 0.265 0.003 
 66      800    (0)   10 :  0.034 0.162 0.005 0.015 0.005 0.003 0.124 0.209 0.026 0.085 0.007 0.098 0.224 0.003 
 67      823    (0)   10 :  0.012 0.067 0.157 0.013 0.017 0.385 0.032 0.122 0.015 0.007 0.020 0.035 0.107 0.010 
 68      824    (0)   10 :  0.003 0.312 0.001 0.003 0.003 0.003 0.646 0.004 0.003 0.003 0.002 0.006 0.004 0.005 
 69      825    (0)   10 :  0.003 0.228 0.008 0.005 0.004 0.012 0.090 0.234 0.031 0.011 0.002 0.057 0.306 0.007 
 70      826    (0)   10 :  0.058 0.057 0.015 0.023 0.029 0.004 0.039 0.116 0.369 0.131 0.017 0.042 0.094 0.006 
 71      827    (0)   10 :  0.082 0.109 0.008 0.035 0.002 0.003 0.221 0.235 0.014 0.006 0.005 0.006 0.221 0.052 
 72      836    (0)   10 :  0.019 0.350 0.001 0.007 0.001 0.003 0.126 0.167 0.014 0.008 0.007 0.008 0.285 0.005 
 73      837    (0)   10 :  0.006 0.175 0.012 0.004 0.041 0.004 0.064 0.344 0.017 0.017 0.020 0.005 0.282 0.011 
 74      838    (0)   10 :  0.008 0.209 0.002 0.013 0.002 0.003 0.289 0.129 0.047 0.105 0.022 0.036 0.130 0.006 
 75      839    (0)   10 :  0.129 0.202 0.002 0.022 0.004 0.013 0.099 0.239 0.039 0.013 0.005 0.022 0.203 0.009 
 76      840    (0)   10 :  0.002 0.240 0.063 0.003 0.002 0.012 0.097 0.164 0.019 0.012 0.002 0.123 0.259 0.002 
 77      841    (0)   10 :  0.021 0.174 0.009 0.024 0.002 0.006 0.099 0.203 0.036 0.008 0.009 0.107 0.240 0.061 
 78      842    (0)   10 :  0.008 0.200 0.024 0.017 0.002 0.005 0.135 0.190 0.016 0.014 0.037 0.019 0.308 0.027 
 79      843    (0)   10 :  0.014 0.261 0.014 0.004 0.002 0.003 0.119 0.293 0.024 0.017 0.006 0.014 0.225 0.004 
 80      845    (0)   10 :  0.020 0.248 0.002 0.008 0.002 0.004 0.131 0.261 0.007 0.006 0.011 0.012 0.253 0.033 
 81      846    (0)   10 :  0.014 0.185 0.008 0.007 0.005 0.009 0.068 0.234 0.014 0.012 0.166 0.071 0.201 0.005 
 82      847    (2)   10 :  0.006 0.099 0.176 0.005 0.130 0.139 0.037 0.158 0.045 0.025 0.002 0.025 0.146 0.006 
 83      848    (0)   10 :  0.008 0.219 0.066 0.006 0.009 0.006 0.077 0.301 0.024 0.036 0.017 0.003 0.225 0.003 
 84      849    (0)   10 :  0.195 0.150 0.003 0.022 0.037 0.004 0.052 0.251 0.021 0.031 0.045 0.011 0.171 0.008 
 85      855    (0)   10 :  0.088 0.213 0.004 0.046 0.007 0.002 0.139 0.170 0.017 0.010 0.058 0.027 0.180 0.039 
 86      793    (0)   11 :  0.019 0.296 0.005 0.003 0.004 0.002 0.515 0.013 0.005 0.072 0.004 0.008 0.051 0.003 
 87      794    (0)   11 :  0.047 0.225 0.007 0.013 0.008 0.003 0.122 0.219 0.006 0.010 0.036 0.009 0.262 0.034 
 88      828    (0)   11 :  0.003 0.188 0.004 0.034 0.005 0.003 0.286 0.203 0.013 0.057 0.006 0.036 0.160 0.003 
 89      829    (4)   11 :  0.046 0.279 0.007 0.004 0.001 0.002 0.497 0.034 0.015 0.015 0.005 0.006 0.079 0.010 
 90      830    (0)   11 :  0.011 0.257 0.008 0.009 0.004 0.027 0.391 0.067 0.039 0.020 0.012 0.053 0.097 0.007 
 91      831    (2)   11 :  0.007 0.295 0.010 0.013 0.006 0.010 0.590 0.016 0.005 0.006 0.003 0.020 0.016 0.005 
 92      832    (0)   11 :  0.011 0.088 0.008 0.011 0.005 0.002 0.073 0.084 0.055 0.020 0.019 0.498 0.118 0.008 
 93      833    (2)   11 :  0.007 0.258 0.005 0.028 0.007 0.003 0.384 0.101 0.031 0.060 0.013 0.005 0.091 0.005 
 94      835    (0)   11 :  0.014 0.037 0.017 0.014 0.036 0.122 0.031 0.079 0.548 0.011 0.005 0.017 0.063 0.006 
 95      870    (0)   11 :  0.008 0.207 0.009 0.010 0.002 0.006 0.245 0.093 0.202 0.049 0.004 0.053 0.107 0.005 
 96      871    (0)   11 :  0.005 0.207 0.012 0.033 0.002 0.003 0.303 0.221 0.009 0.009 0.004 0.019 0.161 0.011 
 97      451    (0)   12 :  0.039 0.253 0.009 0.017 0.007 0.003 0.211 0.175 0.008 0.007 0.004 0.004 0.204 0.058 
 98      452    (4)   12 :  0.021 0.007 0.002 0.009 0.002 0.005 0.008 0.008 0.004 0.004 0.003 0.903 0.009 0.015 
 99      453    (4)   12 :  0.006 0.012 0.002 0.007 0.002 0.006 0.016 0.008 0.005 0.004 0.003 0.916 0.009 0.003 
100      454    (2)   12 :  0.007 0.101 0.017 0.087 0.007 0.010 0.225 0.242 0.010 0.014 0.004 0.048 0.224 0.004 
101      455    (4)   12 :  0.010 0.122 0.004 0.062 0.002 0.018 0.245 0.225 0.009 0.011 0.005 0.065 0.217 0.006 
102      795    (0)   12 :  0.007 0.009 0.002 0.006 0.001 0.005 0.010 0.012 0.008 0.012 0.008 0.904 0.011 0.004 
103      796    (0)   12 :  0.009 0.237 0.017 0.025 0.003 0.003 0.204 0.204 0.006 0.002 0.005 0.023 0.254 0.008 
104      802    (0)   12 :  0.027 0.014 0.005 0.067 0.001 0.003 0.012 0.015 0.013 0.004 0.023 0.797 0.013 0.006 
105      804    (0)   12 :  0.027 0.090 0.002 0.050 0.002 0.006 0.145 0.216 0.055 0.017 0.012 0.142 0.220 0.018 
106      805    (0)   12 :  0.112 0.092 0.036 0.063 0.002 0.011 0.150 0.231 0.007 0.019 0.009 0.012 0.239 0.018 
107      851    (0)   12 :  0.002 0.004 0.001 0.003 0.008 0.003 0.005 0.004 0.009 0.005 0.003 0.945 0.004 0.003 
108      852    (0)   12 :  0.006 0.006 0.001 0.008 0.002 0.003 0.007 0.009 0.004 0.006 0.019 0.916 0.009 0.004 
109      854    (0)   12 :  0.004 0.183 0.005 0.008 0.002 0.008 0.097 0.298 0.018 0.011 0.104 0.028 0.232 0.004 
110      858    (0)   12 :  0.030 0.098 0.001 0.048 0.002 0.007 0.198 0.279 0.005 0.005 0.021 0.011 0.276 0.018 
111      859    (0)   12 :  0.347 0.089 0.002 0.112 0.002 0.010 0.074 0.124 0.009 0.035 0.020 0.021 0.129 0.025 
112      860    (0)   12 :  0.028 0.118 0.005 0.039 0.038 0.005 0.198 0.256 0.006 0.006 0.024 0.013 0.236 0.030 
113      862    (0)   12 :  0.017 0.006 0.002 0.014 0.001 0.007 0.006 0.007 0.007 0.005 0.006 0.906 0.007 0.008 
114      863    (0)   12 :  0.011 0.008 0.002 0.008 0.001 0.003 0.010 0.008 0.006 0.005 0.006 0.872 0.009 0.051 
115      450    (0)   13 :  0.027 0.215 0.008 0.009 0.004 0.018 0.294 0.201 0.008 0.011 0.006 0.019 0.164 0.017 
116      791    (0)   13 :  0.016 0.195 0.056 0.010 0.003 0.007 0.114 0.292 0.022 0.011 0.004 0.054 0.212 0.005 
117      792    (0)   13 :  0.004 0.136 0.127 0.007 0.138 0.012 0.100 0.215 0.007 0.013 0.010 0.004 0.221 0.006 
118      803    (0)   13 :  0.004 0.073 0.094 0.006 0.274 0.012 0.075 0.067 0.270 0.052 0.002 0.009 0.059 0.003 
119      806    (0)   13 :  0.004 0.078 0.305 0.002 0.003 0.007 0.034 0.167 0.108 0.113 0.004 0.013 0.153 0.009 
120      807    (0)   13 :  0.004 0.286 0.009 0.004 0.002 0.006 0.100 0.283 0.006 0.005 0.007 0.008 0.277 0.004 
121      808    (0)   13 :  0.007 0.219 0.007 0.034 0.003 0.003 0.300 0.212 0.008 0.021 0.011 0.007 0.159 0.011 
122      809    (0)   13 :  0.008 0.067 0.110 0.007 0.025 0.008 0.045 0.078 0.175 0.272 0.012 0.101 0.083 0.009 
123      810    (0)   13 :  0.024 0.150 0.130 0.008 0.032 0.037 0.057 0.238 0.028 0.012 0.067 0.010 0.195 0.012 
124      811    (0)   13 :  0.009 0.180 0.295 0.009 0.004 0.006 0.093 0.161 0.022 0.009 0.006 0.015 0.186 0.006 
125      812    (0)   13 :  0.014 0.239 0.024 0.009 0.004 0.017 0.085 0.212 0.082 0.080 0.003 0.016 0.211 0.004 
126      813    (0)   13 :  0.019 0.127 0.222 0.037 0.003 0.004 0.186 0.061 0.009 0.035 0.016 0.201 0.067 0.014 
127      814    (0)   13 :  0.020 0.274 0.023 0.012 0.005 0.007 0.452 0.077 0.005 0.011 0.025 0.015 0.061 0.012 
128      834    (0)   13 :  0.009 0.235 0.027 0.022 0.004 0.002 0.097 0.335 0.006 0.005 0.007 0.007 0.237 0.009 
129      844    (0)   13 :  0.335 0.111 0.002 0.042 0.003 0.004 0.121 0.085 0.014 0.007 0.010 0.036 0.093 0.138 
130      850    (0)   13 :  0.002 0.089 0.362 0.018 0.005 0.009 0.156 0.103 0.011 0.024 0.003 0.119 0.094 0.004 
131      856    (0)   13 :  0.003 0.065 0.358 0.021 0.003 0.015 0.105 0.151 0.004 0.008 0.005 0.097 0.161 0.004 
132      857    (0)   13 :  0.007 0.052 0.380 0.006 0.006 0.017 0.040 0.103 0.184 0.006 0.038 0.074 0.083 0.003 
133      861    (0)   13 :  0.044 0.234 0.005 0.022 0.004 0.015 0.316 0.120 0.026 0.028 0.003 0.025 0.150 0.009 
134      864    (0)   13 :  0.009 0.188 0.007 0.003 0.006 0.018 0.058 0.268 0.005 0.004 0.141 0.007 0.278 0.009 
135      865    (0)   13 :  0.079 0.104 0.004 0.030 0.006 0.009 0.126 0.094 0.066 0.018 0.039 0.007 0.099 0.321 
136      866    (0)   13 :  0.004 0.231 0.048 0.007 0.007 0.003 0.162 0.108 0.018 0.107 0.003 0.108 0.186 0.008 
137      867    (0)   13 :  0.016 0.136 0.009 0.005 0.015 0.021 0.036 0.367 0.090 0.018 0.030 0.007 0.238 0.013 
138      868    (0)   13 :  0.005 0.284 0.031 0.009 0.023 0.003 0.588 0.014 0.006 0.005 0.005 0.007 0.012 0.008 
139      869    (0)   13 :  0.020 0.159 0.233 0.008 0.063 0.006 0.076 0.201 0.013 0.008 0.055 0.005 0.149 0.006 
140      004    (0)   14 :  0.024 0.133 0.004 0.047 0.002 0.042 0.081 0.100 0.030 0.008 0.005 0.361 0.126 0.037 
141      008    (0)   14 :  0.014 0.184 0.005 0.085 0.002 0.023 0.144 0.184 0.019 0.025 0.006 0.033 0.220 0.057 
142      013    (0)   14 :  0.023 0.246 0.004 0.078 0.005 0.009 0.094 0.194 0.008 0.008 0.014 0.052 0.255 0.011 
143      109    (0)   14 :  0.008 0.340 0.004 0.006 0.002 0.010 0.131 0.186 0.007 0.002 0.004 0.004 0.277 0.019 
144      348    (0)   14 :  0.002 0.007 0.003 0.004 0.001 0.004 0.006 0.008 0.004 0.004 0.004 0.941 0.008 0.003 
145      014    (0)    2 :  0.867 0.016 0.011 0.008 0.003 0.008 0.014 0.015 0.005 0.004 0.017 0.004 0.016 0.011 
146      015    (0)    2 :  0.295 0.015 0.005 0.010 0.001 0.003 0.008 0.019 0.013 0.008 0.427 0.004 0.015 0.177 
147      016    (0)    2 :  0.914 0.007 0.002 0.018 0.003 0.002 0.006 0.007 0.005 0.011 0.005 0.005 0.006 0.010 
148      017    (0)    2 :  0.785 0.019 0.002 0.011 0.002 0.006 0.019 0.011 0.011 0.009 0.010 0.006 0.013 0.095 
149      018    (0)    2 :  0.825 0.008 0.002 0.085 0.004 0.004 0.008 0.007 0.008 0.014 0.008 0.004 0.007 0.017 
150      023    (0)    2 :  0.816 0.012 0.003 0.067 0.004 0.004 0.015 0.010 0.008 0.017 0.018 0.007 0.011 0.009 
151      025    (0)    2 :  0.564 0.009 0.002 0.350 0.002 0.004 0.011 0.009 0.004 0.004 0.005 0.015 0.010 0.010 
152      026    (0)    2 :  0.660 0.003 0.001 0.302 0.001 0.002 0.003 0.003 0.004 0.003 0.007 0.003 0.003 0.005 
153      027    (0)    2 :  0.649 0.057 0.003 0.024 0.003 0.002 0.033 0.066 0.020 0.008 0.011 0.006 0.074 0.046 
154      028    (0)    2 :  0.922 0.006 0.002 0.007 0.002 0.003 0.006 0.006 0.005 0.017 0.006 0.003 0.006 0.009 
155      029    (0)    2 :  0.726 0.010 0.002 0.014 0.002 0.003 0.008 0.010 0.007 0.006 0.005 0.116 0.009 0.083 
156      030    (0)    2 :  0.796 0.011 0.004 0.096 0.002 0.006 0.010 0.011 0.010 0.008 0.024 0.006 0.011 0.005 
157      031    (0)    2 :  0.883 0.008 0.005 0.026 0.002 0.002 0.012 0.005 0.006 0.024 0.006 0.004 0.006 0.011 
158      032    (0)    2 :  0.488 0.009 0.001 0.054 0.006 0.015 0.009 0.018 0.029 0.007 0.250 0.032 0.013 0.069 
159      035    (0)    2 :  0.906 0.003 0.001 0.040 0.001 0.002 0.003 0.003 0.004 0.004 0.007 0.004 0.003 0.017 
160      037    (0)    2 :  0.864 0.007 0.002 0.034 0.002 0.004 0.006 0.006 0.006 0.008 0.041 0.005 0.006 0.010 
161      038    (0)    2 :  0.530 0.008 0.002 0.352 0.003 0.026 0.009 0.009 0.010 0.018 0.004 0.006 0.008 0.013 
162      039    (0)    2 :  0.797 0.004 0.002 0.011 0.002 0.002 0.003 0.004 0.005 0.004 0.113 0.002 0.003 0.048 
163      040    (0)    2 :  0.770 0.025 0.041 0.012 0.002 0.002 0.024 0.022 0.023 0.015 0.016 0.009 0.019 0.019 
164      041    (0)    2 :  0.463 0.011 0.005 0.017 0.002 0.002 0.014 0.010 0.011 0.016 0.024 0.005 0.009 0.410 
165      043    (0)    2 :  0.685 0.003 0.001 0.277 0.001 0.002 0.003 0.004 0.003 0.003 0.006 0.003 0.004 0.005 
166      045    (0)    2 :  0.847 0.007 0.002 0.039 0.003 0.005 0.006 0.008 0.007 0.009 0.039 0.011 0.008 0.009 
167      046    (0)    2 :  0.728 0.027 0.005 0.120 0.003 0.002 0.024 0.016 0.010 0.012 0.019 0.013 0.014 0.007 
168      047    (0)    2 :  0.839 0.008 0.002 0.071 0.001 0.003 0.007 0.008 0.007 0.009 0.007 0.003 0.009 0.027 
169      050    (0)    2 :  0.651 0.002 0.001 0.320 0.001 0.002 0.002 0.002 0.002 0.002 0.003 0.003 0.002 0.006 
170      052    (0)    2 :  0.025 0.006 0.001 0.009 0.001 0.003 0.005 0.006 0.005 0.004 0.020 0.006 0.006 0.902 
171      053    (0)    2 :  0.245 0.007 0.002 0.024 0.001 0.002 0.006 0.007 0.003 0.004 0.011 0.008 0.006 0.673 
172      054    (0)    2 :  0.296 0.023 0.005 0.451 0.009 0.003 0.020 0.025 0.049 0.015 0.044 0.009 0.026 0.025 
173      055    (0)    2 :  0.620 0.008 0.003 0.047 0.002 0.004 0.006 0.010 0.008 0.008 0.015 0.004 0.010 0.253 
174      056    (0)    2 :  0.506 0.013 0.002 0.043 0.003 0.002 0.011 0.007 0.009 0.005 0.351 0.032 0.008 0.009 
175      057    (0)    2 :  0.566 0.031 0.026 0.041 0.003 0.005 0.030 0.028 0.007 0.004 0.008 0.009 0.027 0.217 
176      058    (0)    2 :  0.474 0.023 0.002 0.263 0.003 0.040 0.016 0.028 0.028 0.013 0.036 0.024 0.030 0.020 
177      059    (0)    2 :  0.223 0.027 0.004 0.217 0.002 0.007 0.027 0.025 0.061 0.035 0.313 0.013 0.027 0.018 
178      060    (0)    2 :  0.939 0.005 0.001 0.010 0.001 0.003 0.004 0.005 0.004 0.006 0.004 0.005 0.005 0.007 
179      350    (0)    2 :  0.681 0.003 0.002 0.281 0.004 0.003 0.003 0.003 0.003 0.003 0.002 0.004 0.003 0.005 
180      351    (0)    2 :  0.314 0.018 0.001 0.200 0.001 0.002 0.015 0.017 0.007 0.026 0.073 0.008 0.019 0.297 
181      354    (0)    2 :  0.652 0.005 0.002 0.095 0.002 0.004 0.004 0.006 0.006 0.008 0.197 0.003 0.006 0.010 
182      374    (0)    2 :  0.524 0.098 0.002 0.020 0.002 0.011 0.037 0.094 0.008 0.008 0.069 0.018 0.086 0.022 
183      378    (0)    2 :  0.786 0.020 0.002 0.015 0.001 0.004 0.024 0.019 0.012 0.008 0.010 0.028 0.022 0.047 
184      381    (0)    2 :  0.868 0.007 0.002 0.019 0.002 0.003 0.007 0.006 0.010 0.006 0.031 0.004 0.007 0.029 
185      382    (0)    2 :  0.934 0.006 0.002 0.006 0.004 0.005 0.005 0.005 0.008 0.005 0.007 0.003 0.005 0.003 
186      384    (0)    2 :  0.625 0.004 0.007 0.325 0.002 0.002 0.005 0.005 0.005 0.004 0.004 0.003 0.005 0.005 
187      555    (0)    2 :  0.642 0.025 0.008 0.044 0.009 0.014 0.018 0.029 0.010 0.008 0.024 0.003 0.028 0.139 
188      671    (0)    2 :  0.483 0.045 0.002 0.149 0.004 0.034 0.041 0.045 0.054 0.009 0.009 0.067 0.048 0.010 
189      672    (0)    2 :  0.486 0.009 0.004 0.386 0.002 0.006 0.008 0.009 0.005 0.009 0.021 0.037 0.010 0.007 
190      705    (0)    2 :  0.468 0.003 0.001 0.473 0.002 0.013 0.004 0.003 0.003 0.003 0.010 0.006 0.003 0.007 
191      706    (0)    2 :  0.852 0.012 0.001 0.023 0.001 0.003 0.008 0.008 0.008 0.007 0.012 0.004 0.008 0.053 
192      707    (0)    2 :  0.859 0.006 0.002 0.058 0.005 0.005 0.006 0.006 0.011 0.003 0.006 0.005 0.006 0.023 
193      708    (0)    2 :  0.062 0.024 0.014 0.052 0.017 0.004 0.031 0.033 0.015 0.015 0.005 0.005 0.031 0.691 
194      758    (0)    2 :  0.716 0.033 0.002 0.037 0.005 0.005 0.032 0.029 0.012 0.014 0.030 0.013 0.029 0.044 
195      759    (0)    2 :  0.394 0.010 0.002 0.357 0.002 0.008 0.012 0.013 0.009 0.038 0.047 0.052 0.011 0.045 
196      760    (0)    2 :  0.755 0.010 0.001 0.023 0.002 0.002 0.013 0.009 0.006 0.011 0.043 0.018 0.009 0.096 
197      761    (0)    2 :  0.313 0.007 0.005 0.266 0.002 0.005 0.007 0.006 0.014 0.033 0.053 0.005 0.006 0.277 
198      762    (0)    2 :  0.737 0.005 0.002 0.200 0.002 0.007 0.005 0.006 0.005 0.009 0.008 0.005 0.006 0.005 
199      763    (0)    2 :  0.931 0.005 0.001 0.017 0.001 0.004 0.005 0.005 0.006 0.004 0.003 0.006 0.005 0.007 
200      764    (0)    2 :  0.652 0.003 0.001 0.294 0.003 0.003 0.003 0.003 0.003 0.003 0.012 0.003 0.003 0.012 
201      765    (0)    2 :  0.407 0.030 0.004 0.119 0.002 0.003 0.021 0.050 0.010 0.015 0.050 0.007 0.048 0.232 
202      766    (0)    2 :  0.739 0.003 0.001 0.036 0.001 0.003 0.002 0.003 0.003 0.002 0.049 0.003 0.003 0.153 
203      767    (0)    2 :  0.539 0.007 0.002 0.222 0.007 0.036 0.008 0.008 0.006 0.010 0.038 0.005 0.009 0.103 
204      768    (0)    2 :  0.669 0.005 0.004 0.052 0.002 0.003 0.005 0.005 0.004 0.006 0.036 0.003 0.005 0.199 
205      769    (0)    2 :  0.560 0.056 0.002 0.013 0.001 0.002 0.020 0.038 0.023 0.012 0.017 0.006 0.038 0.210 
206      770    (0)    2 :  0.032 0.027 0.002 0.039 0.003 0.002 0.037 0.027 0.025 0.043 0.013 0.006 0.030 0.713 
207      771    (0)    2 :  0.830 0.008 0.002 0.013 0.003 0.005 0.006 0.011 0.033 0.009 0.007 0.009 0.010 0.054 
208      772    (0)    2 :  0.504 0.099 0.001 0.010 0.002 0.004 0.071 0.062 0.040 0.009 0.008 0.090 0.057 0.043 
209      773    (0)    2 :  0.937 0.004 0.003 0.010 0.002 0.010 0.004 0.003 0.007 0.005 0.005 0.003 0.003 0.005 
210      774    (0)    2 :  0.821 0.012 0.003 0.009 0.003 0.003 0.013 0.011 0.010 0.033 0.058 0.005 0.011 0.009 
211      775    (0)    2 :  0.632 0.005 0.001 0.184 0.002 0.004 0.005 0.006 0.004 0.003 0.015 0.011 0.005 0.122 
212      776    (0)    2 :  0.955 0.004 0.002 0.004 0.002 0.003 0.003 0.004 0.003 0.004 0.005 0.004 0.004 0.004 
213      777    (0)    2 :  0.023 0.007 0.003 0.050 0.003 0.005 0.008 0.006 0.003 0.006 0.070 0.004 0.006 0.806 
214      778    (0)    2 :  0.560 0.003 0.001 0.403 0.002 0.004 0.003 0.003 0.003 0.003 0.004 0.004 0.003 0.004 
215      779    (0)    2 :  0.498 0.006 0.005 0.281 0.006 0.004 0.006 0.006 0.005 0.009 0.027 0.005 0.006 0.137 
216      780    (0)    2 :  0.735 0.010 0.003 0.149 0.001 0.002 0.008 0.013 0.003 0.003 0.038 0.004 0.012 0.019 
217      781    (0)    2 :  0.653 0.009 0.003 0.235 0.001 0.004 0.010 0.009 0.010 0.005 0.005 0.009 0.013 0.033 
218      782    (0)    2 :  0.519 0.013 0.002 0.045 0.001 0.010 0.012 0.008 0.011 0.005 0.023 0.015 0.010 0.328 
219      783    (0)    2 :  0.077 0.007 0.001 0.009 0.002 0.003 0.007 0.006 0.010 0.019 0.008 0.006 0.006 0.839 
220      784    (0)    2 :  0.158 0.018 0.006 0.038 0.002 0.005 0.016 0.017 0.008 0.004 0.013 0.008 0.016 0.690 
221      785    (0)    2 :  0.360 0.005 0.003 0.029 0.001 0.005 0.004 0.005 0.002 0.002 0.023 0.004 0.005 0.552 
222      786    (0)    2 :  0.557 0.004 0.002 0.382 0.001 0.003 0.004 0.004 0.006 0.004 0.011 0.003 0.004 0.014 
223      787    (0)    2 :  0.013 0.006 0.003 0.017 0.001 0.003 0.005 0.006 0.013 0.010 0.866 0.003 0.006 0.049 
224      115    (0)    3 :  0.525 0.005 0.002 0.332 0.001 0.002 0.004 0.005 0.006 0.005 0.004 0.007 0.005 0.096 
225      116    (0)    3 :  0.304 0.005 0.002 0.190 0.002 0.003 0.005 0.006 0.007 0.015 0.446 0.005 0.005 0.005 
226      117    (0)    3 :  0.036 0.012 0.002 0.011 0.001 0.003 0.012 0.013 0.006 0.005 0.855 0.007 0.013 0.023 
227      118    (0)    3 :  0.032 0.008 0.001 0.031 0.002 0.128 0.008 0.009 0.012 0.005 0.727 0.023 0.009 0.005 
228      119    (0)    3 :  0.004 0.003 0.001 0.004 0.003 0.003 0.003 0.003 0.004 0.005 0.958 0.002 0.003 0.004 
229      389    (0)    3 :  0.425 0.004 0.003 0.505 0.001 0.002 0.004 0.004 0.003 0.003 0.009 0.004 0.005 0.028 
230      548    (0)    3 :  0.008 0.003 0.001 0.004 0.002 0.004 0.003 0.003 0.003 0.003 0.955 0.002 0.003 0.006 
231      549    (0)    3 :  0.524 0.007 0.002 0.358 0.002 0.002 0.007 0.007 0.011 0.016 0.026 0.023 0.007 0.006 
232      550    (0)    3 :  0.033 0.019 0.004 0.084 0.004 0.007 0.016 0.022 0.047 0.019 0.686 0.018 0.021 0.018 
233      551    (0)    3 :  0.010 0.003 0.003 0.005 0.002 0.002 0.002 0.003 0.003 0.003 0.955 0.002 0.003 0.004 
234      552    (0)    3 :  0.435 0.031 0.001 0.152 0.003 0.003 0.037 0.017 0.055 0.011 0.158 0.068 0.017 0.012 
235      553    (0)    3 :  0.541 0.008 0.001 0.356 0.003 0.005 0.008 0.006 0.013 0.010 0.021 0.015 0.006 0.006 
236      009    (0)    4 :  0.157 0.003 0.002 0.105 0.004 0.002 0.003 0.004 0.002 0.004 0.010 0.003 0.004 0.696 
237      042    (0)    4 :  0.038 0.007 0.004 0.809 0.001 0.005 0.009 0.019 0.007 0.009 0.005 0.011 0.011 0.064 
238      044    (0)    4 :  0.028 0.015 0.006 0.074 0.002 0.003 0.017 0.012 0.011 0.024 0.005 0.008 0.012 0.783 
239      086    (0)    4 :  0.199 0.004 0.001 0.736 0.002 0.002 0.006 0.004 0.005 0.005 0.003 0.006 0.003 0.023 
240      087    (0)    4 :  0.004 0.003 0.001 0.004 0.001 0.002 0.003 0.004 0.003 0.003 0.003 0.004 0.004 0.961 
241      093    (0)    4 :  0.139 0.004 0.002 0.018 0.003 0.003 0.004 0.004 0.003 0.003 0.014 0.003 0.004 0.797 
242      095    (0)    4 :  0.104 0.026 0.002 0.187 0.004 0.008 0.020 0.036 0.026 0.072 0.017 0.006 0.038 0.453 
243      096    (0)    4 :  0.014 0.009 0.002 0.004 0.005 0.026 0.007 0.008 0.005 0.009 0.004 0.005 0.008 0.894 
244      097    (0)    4 :  0.125 0.007 0.001 0.031 0.002 0.003 0.007 0.007 0.009 0.010 0.009 0.007 0.007 0.777 
245      101    (0)    4 :  0.016 0.005 0.001 0.034 0.003 0.002 0.005 0.005 0.005 0.005 0.010 0.002 0.004 0.903 
246      183    (0)    4 :  0.005 0.002 0.001 0.004 0.001 0.002 0.002 0.002 0.002 0.002 0.002 0.004 0.003 0.965 
247      200    (0)    4 :  0.003 0.003 0.003 0.004 0.005 0.002 0.003 0.003 0.003 0.002 0.002 0.002 0.003 0.961 
248      210    (0)    4 :  0.011 0.004 0.001 0.115 0.003 0.002 0.005 0.005 0.003 0.003 0.006 0.005 0.005 0.833 
249      219    (0)    4 :  0.003 0.003 0.001 0.005 0.003 0.003 0.003 0.003 0.004 0.003 0.002 0.004 0.003 0.960 
250      230    (0)    4 :  0.017 0.004 0.001 0.081 0.002 0.003 0.005 0.005 0.007 0.005 0.008 0.010 0.005 0.848 
251      241    (0)    4 :  0.016 0.013 0.003 0.034 0.003 0.007 0.011 0.021 0.016 0.011 0.006 0.047 0.019 0.795 
252      307    (0)    4 :  0.056 0.005 0.002 0.849 0.002 0.004 0.007 0.007 0.006 0.007 0.012 0.014 0.008 0.020 
253      318    (0)    4 :  0.022 0.009 0.003 0.540 0.002 0.002 0.010 0.011 0.009 0.017 0.006 0.036 0.011 0.320 
254      323    (0)    4 :  0.014 0.006 0.002 0.034 0.002 0.002 0.005 0.006 0.004 0.003 0.004 0.004 0.007 0.908 
255      324    (0)    4 :  0.340 0.010 0.003 0.500 0.002 0.002 0.005 0.009 0.006 0.004 0.010 0.005 0.009 0.095 
256      325    (0)    4 :  0.049 0.004 0.008 0.829 0.002 0.002 0.003 0.005 0.003 0.003 0.004 0.004 0.005 0.079 
257      326    (0)    4 :  0.051 0.006 0.001 0.617 0.001 0.004 0.006 0.007 0.033 0.027 0.006 0.011 0.007 0.224 
258      338    (0)    4 :  0.007 0.004 0.001 0.004 0.001 0.003 0.004 0.006 0.005 0.003 0.010 0.004 0.005 0.943 
259      343    (0)    4 :  0.004 0.003 0.001 0.005 0.004 0.003 0.003 0.003 0.003 0.003 0.004 0.003 0.003 0.957 
260      379    (0)    4 :  0.025 0.006 0.001 0.141 0.001 0.003 0.006 0.010 0.003 0.002 0.009 0.007 0.009 0.777 
261      383    (0)    4 :  0.122 0.006 0.002 0.775 0.002 0.003 0.007 0.005 0.006 0.005 0.012 0.004 0.005 0.046 
262      385    (0)    4 :  0.007 0.005 0.001 0.010 0.001 0.003 0.005 0.005 0.003 0.002 0.007 0.005 0.005 0.942 
263      386    (0)    4 :  0.005 0.003 0.001 0.003 0.001 0.004 0.003 0.005 0.003 0.002 0.003 0.004 0.004 0.958 
264      387    (0)    4 :  0.008 0.005 0.003 0.004 0.015 0.012 0.006 0.005 0.006 0.003 0.012 0.003 0.005 0.916 
265      554    (0)    4 :  0.566 0.003 0.001 0.357 0.001 0.007 0.003 0.004 0.006 0.004 0.007 0.006 0.003 0.031 
266      877    (0)    4 :  0.461 0.004 0.002 0.196 0.002 0.002 0.004 0.005 0.003 0.005 0.280 0.004 0.004 0.030 
267      878    (0)    4 :  0.126 0.010 0.001 0.055 0.003 0.003 0.010 0.011 0.010 0.023 0.697 0.011 0.011 0.029 
268      880    (0)    4 :  0.030 0.007 0.001 0.004 0.001 0.002 0.006 0.007 0.008 0.011 0.887 0.025 0.007 0.005 
269      122    (0)    5 :  0.014 0.038 0.005 0.008 0.001 0.009 0.048 0.033 0.556 0.052 0.008 0.187 0.028 0.012 
270      123    (0)    5 :  0.003 0.008 0.036 0.002 0.005 0.002 0.007 0.016 0.337 0.558 0.003 0.008 0.013 0.004 
271      124    (0)    5 :  0.011 0.007 0.002 0.009 0.013 0.017 0.006 0.008 0.351 0.544 0.005 0.007 0.009 0.011 
272      125    (0)    5 :  0.003 0.004 0.001 0.003 0.001 0.002 0.005 0.005 0.005 0.954 0.005 0.004 0.005 0.003 
273      126    (0)    5 :  0.005 0.006 0.001 0.006 0.001 0.001 0.005 0.005 0.672 0.009 0.003 0.276 0.005 0.004 
274      128    (0)    5 :  0.004 0.031 0.004 0.003 0.003 0.018 0.036 0.022 0.172 0.664 0.003 0.013 0.022 0.004 
275      129    (0)    5 :  0.012 0.016 0.004 0.023 0.002 0.066 0.013 0.025 0.015 0.752 0.008 0.027 0.024 0.014 
276      130    (0)    5 :  0.026 0.012 0.001 0.023 0.001 0.005 0.012 0.011 0.582 0.279 0.010 0.022 0.011 0.006 
277      131    (0)    5 :  0.004 0.005 0.001 0.003 0.002 0.002 0.005 0.006 0.797 0.156 0.005 0.004 0.006 0.004 
278      132    (0)    5 :  0.013 0.006 0.001 0.008 0.005 0.008 0.007 0.005 0.745 0.158 0.025 0.005 0.004 0.010 
279      133    (0)    5 :  0.013 0.039 0.001 0.052 0.001 0.039 0.052 0.031 0.561 0.028 0.019 0.124 0.032 0.007 
280      134    (0)    5 :  0.008 0.009 0.003 0.003 0.015 0.003 0.011 0.011 0.882 0.029 0.005 0.006 0.010 0.004 
281      135    (0)    5 :  0.005 0.033 0.043 0.011 0.002 0.005 0.030 0.030 0.034 0.751 0.012 0.011 0.029 0.004 
282      136    (0)    5 :  0.003 0.010 0.031 0.006 0.005 0.006 0.012 0.015 0.010 0.871 0.006 0.007 0.016 0.002 
283      139    (0)    5 :  0.005 0.012 0.003 0.010 0.002 0.010 0.009 0.013 0.805 0.094 0.005 0.012 0.013 0.008 
284      140    (0)    5 :  0.028 0.032 0.007 0.004 0.002 0.015 0.016 0.064 0.061 0.693 0.010 0.014 0.041 0.012 
285      141    (0)    5 :  0.013 0.036 0.004 0.014 0.005 0.005 0.018 0.037 0.240 0.557 0.011 0.014 0.038 0.009 
286      142    (0)    5 :  0.017 0.007 0.002 0.014 0.002 0.005 0.005 0.008 0.040 0.855 0.012 0.003 0.007 0.022 
287      143    (0)    5 :  0.047 0.012 0.004 0.009 0.008 0.017 0.008 0.011 0.036 0.784 0.013 0.012 0.011 0.028 
288      144    (0)    5 :  0.006 0.009 0.002 0.003 0.003 0.005 0.008 0.010 0.847 0.079 0.004 0.010 0.009 0.004 
289      145    (0)    5 :  0.004 0.013 0.003 0.003 0.030 0.004 0.011 0.016 0.589 0.296 0.004 0.008 0.016 0.003 
290      148    (0)    5 :  0.013 0.030 0.007 0.007 0.002 0.003 0.028 0.041 0.013 0.790 0.005 0.009 0.045 0.007 
291      556    (0)    5 :  0.013 0.013 0.005 0.006 0.002 0.005 0.010 0.016 0.509 0.370 0.018 0.011 0.015 0.008 
292      557    (0)    5 :  0.007 0.007 0.006 0.006 0.024 0.003 0.007 0.008 0.024 0.883 0.009 0.005 0.007 0.005 
293      558    (0)    5 :  0.003 0.012 0.003 0.003 0.009 0.006 0.016 0.008 0.297 0.615 0.007 0.009 0.009 0.003 
294      559    (0)    5 :  0.008 0.012 0.002 0.010 0.001 0.013 0.010 0.014 0.042 0.843 0.006 0.020 0.015 0.004 
295      560    (0)    5 :  0.014 0.013 0.003 0.008 0.002 0.002 0.017 0.014 0.010 0.887 0.004 0.005 0.015 0.007 
296      561    (0)    5 :  0.005 0.003 0.001 0.011 0.001 0.003 0.003 0.003 0.008 0.941 0.009 0.003 0.003 0.004 
297      562    (0)    5 :  0.005 0.055 0.005 0.004 0.004 0.005 0.089 0.028 0.379 0.348 0.030 0.017 0.026 0.005 
298      563    (0)    5 :  0.006 0.057 0.072 0.006 0.007 0.008 0.043 0.078 0.085 0.543 0.009 0.024 0.058 0.003 
299      564    (0)    5 :  0.023 0.043 0.002 0.023 0.002 0.011 0.039 0.069 0.382 0.165 0.138 0.018 0.068 0.016 
300      565    (0)    5 :  0.004 0.004 0.002 0.002 0.002 0.004 0.003 0.003 0.018 0.944 0.004 0.004 0.004 0.002 
301      566    (0)    5 :  0.014 0.043 0.003 0.007 0.002 0.002 0.027 0.052 0.124 0.615 0.043 0.021 0.039 0.007 
302      567    (0)    5 :  0.004 0.008 0.008 0.003 0.002 0.004 0.006 0.007 0.005 0.935 0.003 0.004 0.008 0.003 
303      568    (0)    5 :  0.007 0.013 0.003 0.005 0.002 0.019 0.010 0.015 0.037 0.850 0.015 0.006 0.015 0.003 
304      569    (0)    5 :  0.004 0.008 0.002 0.003 0.015 0.004 0.009 0.008 0.073 0.842 0.013 0.006 0.008 0.004 
305      570    (0)    5 :  0.008 0.004 0.001 0.005 0.001 0.002 0.004 0.004 0.010 0.938 0.004 0.004 0.004 0.009 
306      613    (0)    5 :  0.005 0.004 0.001 0.005 0.002 0.004 0.005 0.004 0.007 0.944 0.005 0.005 0.004 0.004 
307      614    (0)    5 :  0.003 0.013 0.020 0.004 0.001 0.002 0.013 0.013 0.015 0.867 0.019 0.012 0.014 0.003 
308      615    (0)    5 :  0.013 0.010 0.006 0.017 0.005 0.003 0.011 0.013 0.007 0.809 0.046 0.028 0.014 0.019 
309      616    (0)    5 :  0.010 0.009 0.002 0.011 0.001 0.038 0.007 0.010 0.047 0.834 0.008 0.006 0.011 0.005 
310      617    (0)    5 :  0.015 0.033 0.008 0.009 0.004 0.004 0.016 0.044 0.066 0.713 0.023 0.010 0.037 0.019 
311      618    (0)    5 :  0.011 0.018 0.002 0.030 0.002 0.016 0.026 0.018 0.011 0.816 0.007 0.017 0.018 0.007 
312      619    (0)    5 :  0.002 0.068 0.656 0.002 0.007 0.003 0.035 0.115 0.006 0.005 0.003 0.005 0.090 0.002 
313      620    (0)    5 :  0.006 0.008 0.002 0.005 0.004 0.003 0.008 0.009 0.012 0.892 0.022 0.014 0.009 0.007 
314      621    (0)    5 :  0.017 0.009 0.001 0.025 0.001 0.003 0.008 0.009 0.038 0.789 0.015 0.067 0.009 0.007 
315      622    (0)    5 :  0.006 0.005 0.001 0.003 0.003 0.005 0.005 0.004 0.010 0.940 0.008 0.002 0.004 0.004 
316      623    (0)    5 :  0.004 0.003 0.002 0.004 0.002 0.002 0.003 0.003 0.005 0.954 0.004 0.005 0.003 0.005 
317      624    (0)    5 :  0.015 0.024 0.004 0.021 0.004 0.005 0.017 0.034 0.511 0.281 0.013 0.032 0.031 0.009 
318      625    (0)    5 :  0.010 0.013 0.003 0.017 0.002 0.003 0.012 0.013 0.514 0.087 0.021 0.291 0.011 0.004 
319      626    (0)    5 :  0.004 0.010 0.004 0.014 0.003 0.007 0.007 0.011 0.679 0.231 0.005 0.006 0.011 0.007 
320      627    (0)    5 :  0.029 0.036 0.016 0.022 0.003 0.011 0.026 0.033 0.235 0.524 0.005 0.014 0.039 0.006 
321      628    (0)    5 :  0.007 0.008 0.002 0.005 0.005 0.004 0.008 0.008 0.274 0.660 0.004 0.004 0.008 0.003 
322      629    (0)    5 :  0.007 0.013 0.003 0.005 0.002 0.012 0.013 0.013 0.090 0.804 0.014 0.011 0.011 0.003 
323      630    (0)    5 :  0.003 0.003 0.011 0.002 0.003 0.002 0.003 0.003 0.002 0.957 0.003 0.002 0.003 0.003 
324      631    (0)    5 :  0.003 0.006 0.003 0.003 0.004 0.030 0.005 0.005 0.510 0.415 0.003 0.004 0.005 0.004 
325      632    (0)    5 :  0.024 0.020 0.004 0.019 0.005 0.015 0.017 0.023 0.051 0.685 0.010 0.090 0.024 0.014 
326      633    (0)    5 :  0.007 0.061 0.005 0.009 0.008 0.012 0.060 0.061 0.060 0.615 0.009 0.012 0.072 0.009 
327      634    (0)    5 :  0.004 0.007 0.004 0.003 0.010 0.006 0.007 0.009 0.010 0.893 0.025 0.011 0.009 0.002 
328      635    (0)    5 :  0.004 0.007 0.003 0.003 0.003 0.003 0.007 0.006 0.028 0.910 0.006 0.012 0.006 0.002 
329      636    (0)    5 :  0.006 0.005 0.002 0.010 0.003 0.003 0.005 0.004 0.005 0.941 0.005 0.004 0.004 0.004 
330      637    (0)    5 :  0.008 0.017 0.003 0.004 0.001 0.004 0.015 0.023 0.849 0.008 0.031 0.006 0.021 0.009 
331      638    (0)    5 :  0.005 0.014 0.007 0.016 0.002 0.013 0.012 0.016 0.008 0.845 0.019 0.009 0.015 0.019 
332      639    (0)    5 :  0.019 0.030 0.004 0.004 0.002 0.007 0.019 0.031 0.806 0.021 0.010 0.015 0.029 0.004 
333      640    (0)    5 :  0.022 0.012 0.002 0.010 0.001 0.005 0.011 0.012 0.418 0.426 0.054 0.007 0.012 0.006 
334      689    (0)    5 :  0.005 0.007 0.003 0.007 0.001 0.003 0.006 0.007 0.014 0.919 0.005 0.009 0.007 0.009 
335      690    (0)    5 :  0.009 0.018 0.002 0.004 0.019 0.005 0.020 0.015 0.073 0.797 0.008 0.007 0.015 0.009 
336      691    (0)    5 :  0.037 0.009 0.002 0.020 0.002 0.001 0.011 0.007 0.016 0.854 0.003 0.022 0.007 0.008 
337      692    (0)    5 :  0.003 0.041 0.007 0.006 0.008 0.006 0.069 0.025 0.022 0.740 0.005 0.042 0.023 0.003 
338      693    (0)    5 :  0.005 0.006 0.002 0.003 0.002 0.003 0.006 0.005 0.014 0.938 0.002 0.006 0.005 0.003 
339      694    (0)    5 :  0.003 0.003 0.003 0.003 0.002 0.008 0.003 0.004 0.010 0.949 0.003 0.003 0.003 0.003 
340      695    (0)    5 :  0.009 0.004 0.001 0.005 0.001 0.003 0.004 0.004 0.070 0.880 0.007 0.003 0.004 0.006 
341      696    (0)    5 :  0.004 0.004 0.002 0.010 0.003 0.002 0.004 0.004 0.012 0.941 0.004 0.003 0.004 0.003 
342      697    (0)    5 :  0.010 0.005 0.002 0.012 0.002 0.007 0.004 0.005 0.027 0.897 0.012 0.008 0.005 0.004 
343      698    (0)    5 :  0.004 0.032 0.004 0.006 0.003 0.002 0.039 0.017 0.016 0.833 0.008 0.014 0.021 0.003 
344      699    (0)    5 :  0.004 0.005 0.002 0.004 0.001 0.003 0.005 0.005 0.025 0.927 0.007 0.003 0.005 0.004 
345      700    (0)    5 :  0.005 0.004 0.001 0.006 0.003 0.004 0.004 0.004 0.934 0.015 0.003 0.004 0.004 0.009 
346      701    (2)    5 :  0.008 0.032 0.006 0.004 0.004 0.006 0.029 0.028 0.154 0.654 0.008 0.031 0.029 0.007 
347      702    (0)    5 :  0.084 0.011 0.003 0.009 0.004 0.002 0.016 0.008 0.009 0.824 0.004 0.014 0.007 0.005 
348      703    (0)    5 :  0.003 0.006 0.003 0.017 0.003 0.002 0.006 0.005 0.025 0.896 0.004 0.021 0.005 0.005 
349      704    (0)    5 :  0.008 0.010 0.006 0.006 0.001 0.012 0.010 0.012 0.014 0.893 0.007 0.005 0.012 0.004 
350      390    (0)    6 :  0.623 0.004 0.001 0.297 0.018 0.003 0.004 0.004 0.009 0.002 0.006 0.005 0.004 0.020 
351      391    (0)    6 :  0.031 0.007 0.003 0.012 0.009 0.004 0.006 0.008 0.040 0.006 0.012 0.007 0.008 0.849 
352      392    (0)    6 :  0.124 0.101 0.003 0.046 0.033 0.023 0.112 0.063 0.116 0.026 0.005 0.011 0.068 0.269 
353      393    (0)    6 :  0.556 0.010 0.003 0.327 0.004 0.002 0.011 0.015 0.007 0.004 0.007 0.007 0.014 0.032 
354      394    (0)    6 :  0.611 0.010 0.008 0.300 0.003 0.003 0.007 0.010 0.011 0.004 0.010 0.008 0.011 0.004 
355      647    (0)    6 :  0.655 0.012 0.003 0.216 0.003 0.003 0.012 0.009 0.010 0.013 0.005 0.038 0.008 0.014 
356      648    (0)    6 :  0.647 0.006 0.001 0.237 0.002 0.004 0.007 0.007 0.011 0.006 0.030 0.009 0.006 0.028 
357      007    (0)    7 :  0.006 0.006 0.006 0.007 0.006 0.918 0.006 0.006 0.014 0.007 0.003 0.004 0.006 0.004 
358      012    (0)    7 :  0.006 0.012 0.009 0.022 0.004 0.811 0.011 0.029 0.033 0.006 0.007 0.021 0.023 0.006 
359      020    (0)    7 :  0.035 0.093 0.014 0.009 0.002 0.581 0.039 0.070 0.004 0.005 0.058 0.009 0.075 0.006 
360      021    (0)    7 :  0.002 0.002 0.001 0.002 0.001 0.971 0.002 0.002 0.003 0.002 0.002 0.004 0.002 0.002 
361      022    (0)    7 :  0.005 0.018 0.003 0.003 0.017 0.822 0.019 0.016 0.010 0.004 0.004 0.059 0.017 0.005 
362      034    (0)    7 :  0.007 0.007 0.003 0.007 0.004 0.876 0.006 0.008 0.046 0.007 0.010 0.005 0.008 0.008 
363      049    (0)    7 :  0.002 0.003 0.003 0.002 0.002 0.969 0.002 0.003 0.002 0.002 0.003 0.002 0.003 0.002 
364      062    (0)    7 :  0.001 0.003 0.002 0.002 0.001 0.976 0.002 0.003 0.002 0.002 0.002 0.002 0.003 0.001 
365      089    (0)    7 :  0.002 0.002 0.001 0.002 0.001 0.977 0.002 0.002 0.002 0.002 0.002 0.002 0.002 0.002 
366      092    (0)    7 :  0.002 0.001 0.001 0.002 0.001 0.981 0.001 0.002 0.002 0.002 0.001 0.002 0.002 0.002 
367      100    (0)    7 :  0.007 0.003 0.002 0.009 0.002 0.936 0.003 0.004 0.008 0.004 0.006 0.004 0.004 0.008 
368      105    (0)    7 :  0.005 0.007 0.007 0.004 0.001 0.917 0.006 0.008 0.004 0.003 0.013 0.003 0.008 0.014 
369      205    (0)    7 :  0.003 0.009 0.009 0.003 0.004 0.910 0.010 0.010 0.006 0.006 0.004 0.008 0.011 0.006 
370      206    (0)    7 :  0.066 0.037 0.003 0.033 0.003 0.632 0.050 0.033 0.012 0.017 0.005 0.056 0.034 0.020 
371      207    (0)    7 :  0.009 0.006 0.004 0.005 0.002 0.932 0.006 0.006 0.007 0.004 0.003 0.006 0.006 0.004 
372      208    (0)    7 :  0.010 0.018 0.003 0.008 0.002 0.856 0.015 0.016 0.010 0.005 0.012 0.015 0.016 0.012 
373      209    (0)    7 :  0.003 0.062 0.009 0.005 0.002 0.686 0.060 0.068 0.004 0.003 0.006 0.014 0.073 0.003 
374      377    (0)    7 :  0.004 0.003 0.002 0.003 0.002 0.956 0.003 0.003 0.003 0.006 0.005 0.006 0.003 0.003 
375      881    (0)    7 :  0.003 0.002 0.001 0.004 0.002 0.968 0.002 0.002 0.002 0.002 0.002 0.003 0.002 0.003 
376      003    (0)    8 :  0.002 0.004 0.003 0.002 0.930 0.018 0.005 0.005 0.011 0.002 0.004 0.007 0.004 0.002 
377      108    (0)    8 :  0.001 0.002 0.002 0.001 0.980 0.002 0.002 0.002 0.002 0.002 0.001 0.001 0.001 0.001 
378      194    (0)    8 :  0.006 0.005 0.022 0.008 0.900 0.010 0.005 0.007 0.006 0.004 0.006 0.004 0.006 0.010 
379      232    (0)    8 :  0.002 0.004 0.015 0.002 0.950 0.003 0.003 0.004 0.002 0.003 0.003 0.003 0.004 0.002 
380      321    (0)    8 :  0.002 0.002 0.007 0.002 0.969 0.002 0.002 0.002 0.002 0.002 0.002 0.002 0.002 0.002 
381      322    (0)    8 :  0.001 0.002 0.001 0.001 0.977 0.005 0.002 0.002 0.001 0.002 0.002 0.001 0.002 0.001 
382      329    (0)    8 :  0.001 0.002 0.002 0.001 0.978 0.001 0.002 0.002 0.002 0.002 0.001 0.002 0.002 0.002 
383      330    (0)    8 :  0.001 0.002 0.002 0.001 0.975 0.003 0.003 0.002 0.002 0.002 0.001 0.002 0.002 0.001 
384      342    (0)    8 :  0.004 0.018 0.004 0.003 0.905 0.002 0.016 0.014 0.004 0.006 0.003 0.003 0.014 0.004 
385      347    (0)    8 :  0.003 0.007 0.003 0.005 0.871 0.052 0.006 0.008 0.008 0.008 0.007 0.008 0.008 0.006 
386      801    (0)    9 :  0.011 0.249 0.017 0.007 0.005 0.026 0.201 0.177 0.011 0.070 0.006 0.028 0.189 0.003 
387      815    (0)    9 :  0.002 0.176 0.018 0.008 0.004 0.045 0.192 0.253 0.008 0.041 0.004 0.012 0.233 0.004 
388      816    (0)    9 :  0.040 0.080 0.001 0.032 0.001 0.006 0.102 0.059 0.098 0.020 0.015 0.477 0.053 0.015 
389      817    (0)    9 :  0.005 0.307 0.009 0.004 0.012 0.006 0.127 0.256 0.011 0.005 0.003 0.007 0.245 0.005 
390      818    (0)    9 :  0.010 0.192 0.003 0.016 0.002 0.003 0.145 0.238 0.047 0.026 0.014 0.011 0.287 0.006 
391      819    (0)    9 :  0.005 0.168 0.060 0.023 0.006 0.005 0.207 0.137 0.022 0.007 0.003 0.218 0.136 0.003 
392      820    (2)    9 :  0.012 0.305 0.003 0.008 0.001 0.012 0.110 0.208 0.009 0.009 0.046 0.007 0.266 0.004 
393      821    (0)    9 :  0.004 0.151 0.007 0.015 0.002 0.003 0.121 0.201 0.016 0.004 0.025 0.169 0.269 0.014 
394      822    (0)    9 :  0.005 0.194 0.025 0.012 0.237 0.005 0.315 0.091 0.012 0.008 0.004 0.012 0.072 0.009 
395      853    (0)    9 :  0.011 0.204 0.032 0.016 0.008 0.003 0.140 0.255 0.027 0.012 0.006 0.008 0.245 0.033 


Estimated Allele Frequencies in each cluster
First column gives estimated ancestral frequencies


Locus 1 : 1 
4 alleles
0.0% missing data
  91   (0.366) 0.404 0.366 0.610 0.304 0.570 0.322 0.406 0.350 0.383 0.573 0.275 0.198 0.349 0.165 
  89   (0.493) 0.544 0.486 0.363 0.664 0.091 0.637 0.466 0.495 0.525 0.405 0.419 0.635 0.494 0.662 
  93   (0.124) 0.051 0.134 0.026 0.030 0.038 0.040 0.120 0.136 0.089 0.021 0.302 0.163 0.142 0.172 
  99   (0.016) 0.001 0.013 0.001 0.002 0.301 0.002 0.008 0.018 0.003 0.001 0.004 0.004 0.016 0.001 

Locus 2 : 2 
6 alleles
0.0% missing data
 136   (0.398) 0.601 0.374 0.562 0.461 0.060 0.539 0.371 0.384 0.373 0.561 0.761 0.295 0.375 0.366 
 138   (0.241) 0.208 0.239 0.202 0.161 0.899 0.114 0.260 0.234 0.205 0.081 0.126 0.226 0.238 0.481 
 140   (0.074) 0.033 0.086 0.067 0.108 0.008 0.008 0.084 0.095 0.016 0.008 0.013 0.021 0.094 0.111 
 142   (0.027) 0.002 0.016 0.045 0.005 0.003 0.003 0.015 0.023 0.024 0.092 0.004 0.007 0.022 0.002 
 134   (0.243) 0.155 0.256 0.122 0.263 0.027 0.334 0.255 0.240 0.378 0.257 0.093 0.447 0.245 0.038 
 132   (0.017) 0.001 0.028 0.001 0.002 0.003 0.003 0.014 0.023 0.004 0.001 0.002 0.004 0.027 0.002 

Locus 3 : 3 
6 alleles
0.0% missing data
 179   (0.316) 0.348 0.324 0.098 0.330 0.033 0.032 0.364 0.315 0.625 0.420 0.508 0.369 0.315 0.278 
 185   (0.065) 0.004 0.087 0.181 0.012 0.009 0.201 0.102 0.084 0.021 0.019 0.012 0.020 0.078 0.006 
 187   (0.350) 0.482 0.333 0.402 0.549 0.787 0.476 0.275 0.355 0.122 0.192 0.404 0.246 0.359 0.476 
 175   (0.044) 0.003 0.044 0.220 0.006 0.004 0.009 0.028 0.052 0.015 0.033 0.011 0.102 0.047 0.004 
 191   (0.037) 0.003 0.031 0.021 0.005 0.004 0.215 0.047 0.025 0.007 0.003 0.005 0.087 0.023 0.169 
 181   (0.187) 0.159 0.181 0.078 0.098 0.162 0.067 0.183 0.169 0.210 0.333 0.060 0.176 0.178 0.068 

Locus 4 : 4 
12 alleles
0.0% missing data
 245   (0.013) 0.001 0.008 0.100 0.001 0.001 0.001 0.005 0.010 0.002 0.001 0.003 0.003 0.009 0.001 
 271   (0.044) 0.059 0.066 0.170 0.007 0.010 0.004 0.100 0.039 0.012 0.007 0.006 0.012 0.036 0.008 
 241   (0.159) 0.061 0.169 0.474 0.036 0.061 0.114 0.159 0.169 0.102 0.202 0.371 0.059 0.171 0.032 
 249   (0.044) 0.051 0.027 0.076 0.218 0.089 0.004 0.022 0.034 0.009 0.004 0.007 0.011 0.033 0.235 
 253   (0.457) 0.708 0.427 0.111 0.658 0.395 0.412 0.422 0.444 0.724 0.573 0.339 0.564 0.450 0.576 
 247   (0.049) 0.003 0.070 0.043 0.009 0.005 0.380 0.059 0.066 0.010 0.004 0.008 0.022 0.072 0.004 
 269   (0.188) 0.114 0.203 0.023 0.065 0.347 0.075 0.208 0.203 0.132 0.206 0.259 0.319 0.193 0.114 
 239   (0.012) 0.001 0.006 0.001 0.001 0.087 0.006 0.005 0.008 0.002 0.001 0.002 0.003 0.008 0.001 
 265   (0.008) 0.001 0.007 0.000 0.001 0.001 0.001 0.005 0.007 0.001 0.001 0.001 0.002 0.007 0.001 
 273   (0.011) 0.001 0.010 0.000 0.001 0.002 0.001 0.010 0.010 0.002 0.001 0.001 0.002 0.011 0.001 
 235   (0.009) 0.001 0.004 0.000 0.001 0.001 0.001 0.003 0.005 0.002 0.001 0.001 0.002 0.005 0.013 
 267   (0.008) 0.001 0.003 0.000 0.001 0.001 0.001 0.003 0.005 0.001 0.001 0.001 0.002 0.004 0.013 

Locus 5 : 5 
5 alleles
0.8% missing data
 103   (0.895) 0.981 0.906 0.746 0.964 0.990 0.892 0.904 0.914 0.959 0.799 0.986 0.970 0.911 0.904 
 105   (0.043) 0.003 0.052 0.192 0.007 0.005 0.004 0.060 0.036 0.026 0.175 0.006 0.014 0.042 0.004 
 104   (0.035) 0.014 0.024 0.038 0.006 0.003 0.003 0.023 0.026 0.010 0.024 0.005 0.010 0.025 0.089 
 107   (0.013) 0.001 0.005 0.023 0.021 0.001 0.001 0.005 0.008 0.002 0.001 0.002 0.003 0.007 0.002 
 102   (0.015) 0.001 0.013 0.000 0.002 0.001 0.099 0.008 0.016 0.003 0.001 0.002 0.004 0.014 0.001 

Locus 6 : 6 
6 alleles
0.0% missing data
 135   (0.286) 0.172 0.274 0.682 0.115 0.812 0.506 0.264 0.270 0.192 0.239 0.422 0.152 0.263 0.218 
 147   (0.068) 0.047 0.040 0.132 0.010 0.006 0.151 0.032 0.052 0.110 0.035 0.119 0.018 0.049 0.059 
 137   (0.015) 0.001 0.010 0.094 0.002 0.001 0.008 0.007 0.012 0.003 0.001 0.003 0.003 0.011 0.001 
 141   (0.321) 0.603 0.312 0.081 0.573 0.033 0.135 0.299 0.312 0.306 0.418 0.378 0.223 0.314 0.489 
 145   (0.302) 0.175 0.361 0.011 0.296 0.147 0.200 0.395 0.349 0.387 0.307 0.076 0.602 0.357 0.222 
 143   (0.008) 0.001 0.004 0.000 0.005 0.001 0.001 0.003 0.005 0.002 0.001 0.001 0.002 0.005 0.011 

Locus 7 : 7 
10 alleles
0.3% missing data
  89   (0.075) 0.067 0.076 0.270 0.049 0.008 0.009 0.078 0.080 0.037 0.040 0.058 0.024 0.078 0.010 
  93   (0.252) 0.339 0.218 0.247 0.174 0.339 0.173 0.197 0.255 0.186 0.145 0.522 0.187 0.242 0.452 
  97   (0.188) 0.280 0.183 0.143 0.333 0.185 0.296 0.171 0.186 0.146 0.074 0.066 0.243 0.184 0.058 
 101   (0.016) 0.001 0.014 0.098 0.003 0.002 0.001 0.020 0.010 0.003 0.001 0.002 0.003 0.010 0.007 
 105   (0.016) 0.001 0.010 0.119 0.002 0.131 0.001 0.015 0.010 0.003 0.001 0.002 0.003 0.009 0.001 
  91   (0.046) 0.048 0.024 0.090 0.038 0.290 0.142 0.019 0.032 0.018 0.045 0.009 0.011 0.030 0.005 
  99   (0.014) 0.001 0.009 0.018 0.002 0.002 0.001 0.008 0.012 0.004 0.001 0.002 0.008 0.013 0.001 
  83   (0.036) 0.002 0.042 0.001 0.005 0.003 0.052 0.032 0.040 0.016 0.023 0.005 0.142 0.048 0.003 
 103   (0.323) 0.248 0.372 0.012 0.389 0.036 0.321 0.379 0.351 0.578 0.583 0.328 0.370 0.359 0.300 
  85   (0.035) 0.012 0.051 0.001 0.006 0.004 0.003 0.082 0.025 0.007 0.087 0.005 0.008 0.027 0.162 

Locus 8 : 8 
10 alleles
0.0% missing data
 129   (0.563) 0.686 0.643 0.296 0.450 0.372 0.620 0.646 0.602 0.412 0.542 0.355 0.684 0.610 0.662 
 143   (0.226) 0.067 0.233 0.360 0.079 0.372 0.240 0.246 0.233 0.303 0.416 0.414 0.143 0.234 0.035 
 149   (0.060) 0.140 0.037 0.307 0.303 0.006 0.041 0.036 0.049 0.013 0.005 0.022 0.059 0.046 0.086 
 127   (0.018) 0.001 0.008 0.032 0.002 0.033 0.026 0.007 0.012 0.012 0.001 0.003 0.004 0.011 0.002 
 141   (0.081) 0.102 0.051 0.003 0.158 0.008 0.067 0.040 0.061 0.250 0.026 0.196 0.070 0.061 0.193 
 133   (0.013) 0.001 0.012 0.001 0.002 0.002 0.001 0.010 0.019 0.003 0.001 0.003 0.007 0.017 0.001 
 145   (0.012) 0.001 0.005 0.000 0.001 0.001 0.001 0.004 0.007 0.002 0.007 0.003 0.027 0.007 0.001 
 131   (0.012) 0.001 0.005 0.000 0.002 0.167 0.001 0.005 0.008 0.002 0.001 0.002 0.003 0.007 0.006 
 121   (0.008) 0.001 0.003 0.000 0.001 0.001 0.001 0.003 0.005 0.002 0.001 0.001 0.002 0.004 0.013 
 128   (0.008) 0.000 0.003 0.000 0.001 0.038 0.001 0.003 0.005 0.001 0.001 0.001 0.002 0.004 0.001 

Locus 9 : 9 
4 alleles
0.0% missing data
 191   (0.396) 0.632 0.369 0.340 0.591 0.382 0.471 0.333 0.362 0.572 0.402 0.306 0.264 0.365 0.604 
 195   (0.197) 0.118 0.159 0.369 0.132 0.139 0.040 0.161 0.187 0.147 0.416 0.240 0.307 0.187 0.170 
 189   (0.396) 0.244 0.466 0.290 0.276 0.478 0.488 0.501 0.443 0.271 0.181 0.451 0.424 0.440 0.224 
 193   (0.012) 0.006 0.006 0.001 0.002 0.001 0.001 0.006 0.009 0.009 0.001 0.003 0.006 0.008 0.002 

Locus 10 : 10 
7 alleles
0.0% missing data
 232   (0.236) 0.362 0.195 0.100 0.412 0.169 0.297 0.163 0.244 0.231 0.117 0.603 0.240 0.230 0.432 
 238   (0.516) 0.480 0.567 0.676 0.454 0.320 0.216 0.592 0.537 0.516 0.624 0.233 0.665 0.545 0.450 
 250   (0.027) 0.002 0.035 0.149 0.004 0.003 0.003 0.021 0.032 0.005 0.008 0.004 0.008 0.035 0.002 
 254   (0.066) 0.009 0.051 0.021 0.015 0.493 0.304 0.047 0.052 0.044 0.072 0.047 0.019 0.053 0.027 
 252   (0.133) 0.146 0.125 0.054 0.112 0.014 0.172 0.161 0.113 0.200 0.178 0.111 0.062 0.109 0.074 
 248   (0.013) 0.001 0.023 0.000 0.002 0.001 0.007 0.013 0.018 0.003 0.001 0.002 0.004 0.025 0.001 
 240   (0.008) 0.001 0.003 0.000 0.001 0.001 0.001 0.003 0.005 0.002 0.001 0.001 0.002 0.005 0.013 

Locus 11 : 11 
5 alleles
0.0% missing data
  89   (0.215) 0.270 0.211 0.068 0.150 0.187 0.280 0.260 0.193 0.246 0.221 0.155 0.288 0.182 0.186 
  91   (0.052) 0.078 0.044 0.289 0.273 0.005 0.102 0.055 0.040 0.010 0.004 0.009 0.020 0.038 0.061 
  87   (0.713) 0.651 0.733 0.565 0.575 0.806 0.607 0.675 0.749 0.740 0.774 0.833 0.688 0.764 0.751 
  85   (0.012) 0.001 0.008 0.078 0.001 0.001 0.001 0.005 0.011 0.002 0.001 0.002 0.003 0.009 0.001 
  83   (0.008) 0.000 0.005 0.000 0.001 0.001 0.010 0.005 0.006 0.002 0.001 0.001 0.002 0.006 0.001 

Locus 12 : 12 
13 alleles
0.0% missing data
 160   (0.248) 0.183 0.270 0.515 0.171 0.485 0.648 0.274 0.248 0.144 0.062 0.145 0.366 0.256 0.147 
 161   (0.093) 0.016 0.074 0.246 0.115 0.009 0.009 0.071 0.084 0.245 0.175 0.041 0.079 0.075 0.038 
 170   (0.038) 0.022 0.045 0.081 0.010 0.004 0.003 0.035 0.054 0.008 0.003 0.007 0.017 0.064 0.004 
 158   (0.237) 0.494 0.203 0.059 0.400 0.023 0.060 0.186 0.222 0.337 0.228 0.419 0.313 0.211 0.483 
 143   (0.025) 0.002 0.015 0.071 0.003 0.277 0.002 0.014 0.018 0.023 0.007 0.003 0.006 0.017 0.002 
 154   (0.018) 0.001 0.020 0.015 0.002 0.003 0.002 0.012 0.018 0.004 0.001 0.003 0.004 0.020 0.002 
 162   (0.230) 0.147 0.298 0.009 0.158 0.190 0.265 0.321 0.248 0.198 0.361 0.055 0.153 0.254 0.271 
 134   (0.008) 0.001 0.007 0.000 0.001 0.001 0.001 0.005 0.007 0.002 0.001 0.001 0.002 0.007 0.001 
 147   (0.058) 0.133 0.038 0.002 0.112 0.005 0.005 0.045 0.056 0.030 0.159 0.319 0.015 0.052 0.033 
 159   (0.012) 0.001 0.007 0.000 0.002 0.001 0.001 0.009 0.011 0.002 0.001 0.002 0.029 0.010 0.001 
 149   (0.016) 0.001 0.015 0.001 0.004 0.002 0.001 0.020 0.022 0.004 0.001 0.002 0.011 0.023 0.001 
 164   (0.009) 0.001 0.004 0.000 0.020 0.001 0.001 0.003 0.006 0.002 0.001 0.001 0.002 0.005 0.017 
 165   (0.008) 0.000 0.006 0.001 0.001 0.001 0.001 0.004 0.007 0.002 0.001 0.001 0.002 0.006 0.001 

Locus 13 : 13 
4 alleles
0.0% missing data
 113   (0.339) 0.249 0.282 0.285 0.238 0.463 0.478 0.256 0.329 0.405 0.366 0.556 0.395 0.332 0.455 
 115   (0.485) 0.549 0.560 0.442 0.694 0.133 0.479 0.569 0.521 0.461 0.446 0.314 0.336 0.525 0.344 
 108   (0.167) 0.201 0.153 0.272 0.067 0.403 0.042 0.172 0.144 0.130 0.187 0.129 0.267 0.137 0.200 
 110   (0.008) 0.000 0.005 0.001 0.001 0.001 0.001 0.004 0.006 0.004 0.001 0.001 0.002 0.006 0.001 

Locus 14 : 14 
10 alleles
0.0% missing data
 229   (0.428) 0.618 0.477 0.417 0.481 0.073 0.403 0.440 0.474 0.297 0.345 0.256 0.444 0.490 0.386 
 233   (0.065) 0.094 0.044 0.077 0.221 0.143 0.007 0.042 0.058 0.015 0.029 0.034 0.020 0.055 0.056 
 231   (0.175) 0.101 0.153 0.449 0.046 0.411 0.423 0.161 0.147 0.509 0.410 0.079 0.050 0.140 0.136 
 225   (0.141) 0.089 0.162 0.049 0.045 0.058 0.149 0.168 0.149 0.068 0.064 0.125 0.071 0.147 0.055 
 227   (0.150) 0.095 0.137 0.006 0.201 0.311 0.015 0.166 0.141 0.102 0.149 0.501 0.379 0.139 0.355 
 203   (0.008) 0.000 0.007 0.000 0.001 0.001 0.001 0.009 0.006 0.002 0.001 0.001 0.002 0.006 0.001 
 213   (0.008) 0.001 0.007 0.001 0.001 0.001 0.001 0.005 0.007 0.002 0.001 0.001 0.002 0.007 0.001 
 221   (0.008) 0.000 0.003 0.000 0.001 0.001 0.001 0.003 0.005 0.002 0.001 0.001 0.025 0.005 0.001 
 255   (0.008) 0.001 0.004 0.000 0.002 0.001 0.001 0.003 0.005 0.002 0.001 0.001 0.004 0.005 0.010 
 223   (0.008) 0.000 0.006 0.001 0.001 0.001 0.001 0.004 0.007 0.002 0.001 0.001 0.002 0.007 0.001 

Locus 15 : 15 
5 alleles
0.3% missing data
 143   (0.906) 0.991 0.935 0.773 0.987 0.724 0.856 0.935 0.927 0.881 0.927 0.986 0.976 0.926 0.938 
 147   (0.022) 0.001 0.020 0.098 0.003 0.002 0.044 0.029 0.016 0.004 0.002 0.003 0.005 0.016 0.002 
 145   (0.052) 0.003 0.032 0.129 0.008 0.272 0.005 0.026 0.042 0.111 0.070 0.007 0.015 0.042 0.058 
 157   (0.011) 0.003 0.010 0.000 0.002 0.001 0.001 0.006 0.010 0.003 0.001 0.004 0.003 0.011 0.001 
 133   (0.009) 0.001 0.003 0.000 0.001 0.001 0.094 0.003 0.005 0.002 0.001 0.001 0.002 0.005 0.001 

Locus 16 : 16 
5 alleles
0.0% missing data
 154   (0.081) 0.017 0.062 0.345 0.068 0.077 0.080 0.045 0.076 0.025 0.081 0.086 0.025 0.072 0.080 
 158   (0.485) 0.642 0.525 0.337 0.442 0.436 0.471 0.509 0.509 0.355 0.508 0.677 0.556 0.509 0.422 
 160   (0.149) 0.127 0.121 0.103 0.218 0.015 0.071 0.123 0.164 0.121 0.148 0.132 0.114 0.163 0.171 
 156   (0.277) 0.213 0.287 0.215 0.271 0.471 0.378 0.317 0.242 0.498 0.263 0.103 0.303 0.248 0.326 
 152   (0.008) 0.001 0.005 0.000 0.002 0.001 0.001 0.006 0.009 0.001 0.001 0.001 0.002 0.009 0.001 

Locus 17 : 17 
5 alleles
0.0% missing data
  88   (0.048) 0.037 0.038 0.350 0.032 0.004 0.005 0.038 0.042 0.034 0.006 0.013 0.042 0.044 0.005 
  90   (0.687) 0.732 0.685 0.401 0.660 0.532 0.629 0.684 0.687 0.768 0.840 0.888 0.696 0.677 0.680 
 100   (0.058) 0.004 0.096 0.182 0.009 0.442 0.006 0.104 0.075 0.014 0.005 0.008 0.025 0.080 0.006 
 102   (0.199) 0.227 0.173 0.067 0.298 0.021 0.360 0.169 0.188 0.183 0.148 0.090 0.235 0.191 0.309 
 104   (0.008) 0.001 0.008 0.000 0.001 0.001 0.001 0.005 0.008 0.002 0.001 0.002 0.002 0.008 0.001 

Locus 18 : 18 
7 alleles
0.0% missing data
 127   (0.314) 0.253 0.270 0.410 0.372 0.461 0.185 0.236 0.305 0.377 0.363 0.162 0.366 0.303 0.243 
 140   (0.257) 0.128 0.282 0.255 0.105 0.488 0.045 0.334 0.264 0.308 0.462 0.485 0.270 0.250 0.036 
 150   (0.047) 0.003 0.064 0.207 0.007 0.006 0.406 0.099 0.043 0.025 0.009 0.007 0.017 0.044 0.004 
 148   (0.101) 0.131 0.098 0.111 0.073 0.011 0.240 0.096 0.107 0.060 0.042 0.026 0.067 0.109 0.012 
 142   (0.113) 0.397 0.147 0.012 0.364 0.011 0.014 0.116 0.125 0.025 0.009 0.183 0.029 0.134 0.442 
 138   (0.065) 0.020 0.056 0.002 0.031 0.006 0.006 0.041 0.060 0.073 0.056 0.041 0.197 0.061 0.061 
 146   (0.103) 0.068 0.084 0.004 0.047 0.018 0.103 0.079 0.096 0.133 0.059 0.097 0.053 0.098 0.201 

Locus 19 : 19 
6 alleles
0.0% missing data
 194   (0.592) 0.514 0.582 0.612 0.720 0.670 0.594 0.521 0.621 0.705 0.634 0.476 0.454 0.623 0.575 
 202   (0.033) 0.002 0.029 0.085 0.004 0.087 0.148 0.019 0.035 0.006 0.003 0.004 0.008 0.032 0.003 
 200   (0.075) 0.005 0.103 0.248 0.012 0.209 0.008 0.155 0.069 0.052 0.030 0.012 0.258 0.068 0.007 
 198   (0.011) 0.001 0.006 0.008 0.001 0.001 0.001 0.005 0.008 0.003 0.001 0.002 0.003 0.008 0.001 
 190   (0.148) 0.400 0.098 0.042 0.213 0.019 0.110 0.100 0.125 0.126 0.291 0.304 0.145 0.119 0.289 
 188   (0.140) 0.078 0.182 0.005 0.050 0.015 0.139 0.200 0.142 0.107 0.042 0.201 0.131 0.150 0.126 

Locus 20 : 20 
6 alleles
0.0% missing data
 244   (0.032) 0.045 0.025 0.054 0.017 0.004 0.003 0.024 0.028 0.019 0.004 0.005 0.008 0.028 0.003 
 246   (0.118) 0.013 0.092 0.184 0.018 0.038 0.300 0.085 0.108 0.165 0.265 0.273 0.223 0.097 0.016 
 252   (0.656) 0.795 0.730 0.060 0.803 0.137 0.567 0.769 0.685 0.694 0.616 0.658 0.723 0.703 0.726 
 254   (0.084) 0.017 0.075 0.282 0.108 0.010 0.076 0.065 0.086 0.032 0.093 0.013 0.021 0.083 0.112 
 250   (0.095) 0.128 0.062 0.419 0.052 0.785 0.053 0.048 0.077 0.088 0.022 0.049 0.022 0.072 0.142 
 248   (0.014) 0.001 0.017 0.000 0.002 0.027 0.001 0.010 0.015 0.003 0.001 0.002 0.003 0.016 0.001 

Locus 21 : 21 
10 alleles
0.0% missing data
 173   (0.291) 0.252 0.309 0.219 0.251 0.197 0.133 0.343 0.303 0.204 0.205 0.150 0.370 0.307 0.503 
 175   (0.124) 0.038 0.106 0.341 0.108 0.154 0.064 0.105 0.110 0.182 0.310 0.025 0.116 0.111 0.037 
 167   (0.268) 0.339 0.313 0.101 0.481 0.074 0.255 0.346 0.274 0.240 0.206 0.264 0.298 0.280 0.279 
 165   (0.056) 0.016 0.049 0.128 0.009 0.009 0.006 0.035 0.052 0.155 0.174 0.008 0.043 0.054 0.005 
 163   (0.031) 0.002 0.033 0.127 0.004 0.003 0.358 0.019 0.040 0.007 0.005 0.004 0.007 0.036 0.003 
 159   (0.009) 0.001 0.004 0.022 0.001 0.001 0.001 0.003 0.006 0.002 0.001 0.001 0.002 0.005 0.001 
 177   (0.195) 0.350 0.175 0.062 0.142 0.560 0.164 0.139 0.199 0.201 0.086 0.545 0.157 0.191 0.158 
 169   (0.008) 0.001 0.003 0.000 0.001 0.001 0.001 0.003 0.005 0.002 0.001 0.001 0.002 0.005 0.013 
 171   (0.009) 0.001 0.004 0.000 0.001 0.001 0.001 0.003 0.006 0.006 0.013 0.001 0.003 0.005 0.001 
 161   (0.008) 0.001 0.004 0.000 0.001 0.001 0.016 0.003 0.005 0.002 0.001 0.001 0.002 0.005 0.001 

Locus 22 : 22 
11 alleles
0.3% missing data
 150   (0.048) 0.013 0.033 0.165 0.012 0.039 0.038 0.025 0.042 0.015 0.025 0.045 0.023 0.041 0.005 
 158   (0.085) 0.006 0.092 0.407 0.026 0.009 0.048 0.102 0.091 0.023 0.084 0.012 0.114 0.091 0.097 
 152   (0.433) 0.490 0.437 0.065 0.672 0.266 0.432 0.411 0.452 0.505 0.458 0.571 0.571 0.454 0.568 
 142   (0.013) 0.001 0.005 0.060 0.002 0.001 0.001 0.005 0.008 0.002 0.001 0.002 0.081 0.007 0.001 
 162   (0.031) 0.002 0.028 0.174 0.004 0.004 0.078 0.019 0.029 0.007 0.009 0.004 0.021 0.033 0.003 
 156   (0.020) 0.001 0.014 0.069 0.003 0.003 0.195 0.015 0.015 0.004 0.002 0.002 0.005 0.015 0.002 
 164   (0.043) 0.010 0.045 0.047 0.006 0.004 0.005 0.031 0.043 0.072 0.031 0.008 0.031 0.044 0.005 
 148   (0.016) 0.001 0.016 0.001 0.002 0.369 0.002 0.009 0.019 0.003 0.001 0.002 0.004 0.017 0.001 
 146   (0.206) 0.326 0.243 0.008 0.196 0.150 0.191 0.296 0.208 0.279 0.291 0.053 0.112 0.206 0.255 
 166   (0.087) 0.085 0.078 0.003 0.047 0.153 0.009 0.080 0.082 0.087 0.097 0.171 0.034 0.081 0.044 
 154   (0.019) 0.065 0.008 0.001 0.032 0.002 0.002 0.007 0.012 0.004 0.001 0.130 0.004 0.010 0.020 

Locus 23 : 23 
6 alleles
0.3% missing data
 154   (0.521) 0.518 0.582 0.238 0.378 0.273 0.261 0.590 0.568 0.653 0.650 0.374 0.384 0.581 0.649 
 158   (0.021) 0.031 0.013 0.097 0.004 0.003 0.003 0.009 0.017 0.004 0.002 0.005 0.006 0.016 0.002 
 144   (0.207) 0.151 0.170 0.233 0.179 0.693 0.481 0.181 0.180 0.211 0.149 0.223 0.300 0.175 0.144 
 156   (0.117) 0.080 0.143 0.360 0.017 0.016 0.012 0.131 0.124 0.083 0.154 0.022 0.135 0.123 0.032 
 160   (0.116) 0.166 0.083 0.071 0.418 0.013 0.242 0.080 0.097 0.046 0.045 0.369 0.172 0.093 0.111 
 152   (0.018) 0.055 0.008 0.001 0.004 0.002 0.002 0.009 0.014 0.004 0.001 0.006 0.004 0.012 0.062 

Locus 24 : 24 
4 alleles
0.3% missing data
  83   (0.505) 0.389 0.460 0.628 0.587 0.609 0.930 0.442 0.480 0.668 0.583 0.565 0.477 0.488 0.503 
  81   (0.340) 0.243 0.407 0.308 0.313 0.375 0.038 0.419 0.371 0.210 0.302 0.357 0.347 0.371 0.388 
  85   (0.058) 0.066 0.040 0.060 0.019 0.006 0.005 0.043 0.046 0.028 0.084 0.037 0.075 0.043 0.009 
  77   (0.097) 0.301 0.093 0.003 0.081 0.009 0.026 0.096 0.103 0.095 0.031 0.042 0.100 0.097 0.100 

Locus 25 : 25 
6 alleles
0.3% missing data
 124   (0.520) 0.299 0.542 0.554 0.570 0.374 0.343 0.588 0.540 0.569 0.597 0.635 0.562 0.523 0.471 
 122   (0.108) 0.026 0.119 0.399 0.035 0.014 0.029 0.097 0.110 0.104 0.131 0.030 0.034 0.122 0.044 
 120   (0.016) 0.001 0.008 0.017 0.002 0.401 0.001 0.008 0.012 0.003 0.001 0.002 0.003 0.011 0.001 
 126   (0.045) 0.029 0.039 0.020 0.030 0.006 0.005 0.037 0.039 0.017 0.004 0.023 0.017 0.039 0.063 
 132   (0.299) 0.644 0.284 0.011 0.362 0.204 0.620 0.264 0.290 0.305 0.265 0.309 0.355 0.296 0.420 
 136   (0.012) 0.001 0.008 0.000 0.001 0.001 0.001 0.006 0.009 0.002 0.001 0.001 0.029 0.010 0.001 

Locus 26 : 26 
6 alleles
0.0% missing data
 181   (0.043) 0.003 0.058 0.165 0.006 0.004 0.004 0.073 0.041 0.017 0.034 0.007 0.026 0.041 0.004 
 183   (0.381) 0.393 0.374 0.292 0.502 0.194 0.700 0.324 0.381 0.395 0.287 0.418 0.176 0.398 0.619 
 179   (0.075) 0.080 0.088 0.331 0.137 0.393 0.007 0.123 0.078 0.018 0.006 0.015 0.021 0.072 0.073 
 165   (0.256) 0.166 0.238 0.081 0.210 0.386 0.060 0.252 0.249 0.374 0.326 0.142 0.386 0.245 0.163 
 185   (0.013) 0.001 0.008 0.122 0.002 0.001 0.001 0.008 0.011 0.002 0.001 0.002 0.003 0.010 0.001 
 175   (0.233) 0.357 0.234 0.009 0.143 0.022 0.228 0.221 0.240 0.193 0.346 0.416 0.388 0.234 0.141 

Locus 27 : 27 
4 alleles
0.0% missing data
 142   (0.579) 0.674 0.576 0.398 0.660 0.490 0.734 0.636 0.547 0.477 0.640 0.713 0.709 0.551 0.786 
 148   (0.243) 0.167 0.246 0.285 0.175 0.491 0.077 0.206 0.257 0.433 0.233 0.251 0.101 0.254 0.030 
 150   (0.114) 0.010 0.138 0.184 0.024 0.012 0.182 0.120 0.144 0.062 0.118 0.019 0.077 0.148 0.015 
 138   (0.063) 0.148 0.040 0.133 0.142 0.007 0.007 0.039 0.051 0.029 0.009 0.017 0.113 0.048 0.169 

Locus 28 : 28 
5 alleles
0.0% missing data
 260   (0.426) 0.375 0.463 0.231 0.347 0.179 0.249 0.408 0.464 0.373 0.334 0.520 0.536 0.478 0.257 
 262   (0.489) 0.582 0.471 0.651 0.627 0.813 0.577 0.537 0.455 0.483 0.638 0.456 0.363 0.444 0.735 
 256   (0.063) 0.042 0.046 0.117 0.023 0.006 0.172 0.040 0.059 0.139 0.027 0.021 0.018 0.056 0.006 
 258   (0.014) 0.001 0.016 0.001 0.002 0.001 0.002 0.012 0.017 0.003 0.001 0.002 0.005 0.017 0.001 
 264   (0.009) 0.001 0.003 0.000 0.001 0.001 0.001 0.003 0.005 0.002 0.001 0.001 0.078 0.005 0.001 

Locus 29 : 29 
5 alleles
0.3% missing data
 146   (0.230) 0.097 0.220 0.371 0.149 0.023 0.448 0.174 0.231 0.241 0.233 0.352 0.333 0.230 0.103 
 140   (0.150) 0.150 0.125 0.406 0.090 0.782 0.150 0.126 0.141 0.077 0.289 0.050 0.138 0.138 0.031 
 150   (0.510) 0.710 0.559 0.173 0.738 0.184 0.237 0.605 0.520 0.629 0.392 0.413 0.494 0.525 0.781 
 148   (0.091) 0.041 0.073 0.049 0.020 0.009 0.163 0.077 0.084 0.050 0.084 0.182 0.031 0.080 0.083 
 152   (0.019) 0.002 0.024 0.001 0.003 0.003 0.002 0.017 0.024 0.004 0.002 0.003 0.005 0.026 0.002 

Locus 30 : 30 
6 alleles
0.0% missing data
 127   (0.054) 0.004 0.046 0.398 0.007 0.589 0.005 0.037 0.053 0.025 0.171 0.008 0.015 0.049 0.005 
 131   (0.023) 0.001 0.019 0.179 0.003 0.002 0.002 0.014 0.020 0.005 0.002 0.003 0.108 0.023 0.002 
 129   (0.499) 0.377 0.493 0.193 0.354 0.333 0.653 0.495 0.520 0.619 0.388 0.328 0.690 0.521 0.630 
 123   (0.111) 0.138 0.123 0.060 0.212 0.013 0.088 0.167 0.107 0.050 0.145 0.029 0.058 0.102 0.021 
 125   (0.303) 0.479 0.307 0.171 0.423 0.062 0.251 0.281 0.286 0.300 0.293 0.630 0.127 0.292 0.341 
 121   (0.010) 0.001 0.012 0.000 0.001 0.001 0.001 0.006 0.014 0.002 0.001 0.001 0.002 0.013 0.001 

Locus 31 : 31 
5 alleles
0.0% missing data
 155   (0.555) 0.599 0.572 0.551 0.484 0.669 0.582 0.504 0.569 0.564 0.403 0.885 0.460 0.573 0.595 
 157   (0.222) 0.201 0.199 0.087 0.324 0.242 0.054 0.202 0.227 0.301 0.339 0.044 0.277 0.225 0.198 
 153   (0.066) 0.043 0.063 0.199 0.073 0.031 0.007 0.080 0.061 0.014 0.005 0.011 0.083 0.061 0.153 
 159   (0.133) 0.155 0.152 0.150 0.116 0.015 0.013 0.201 0.122 0.115 0.252 0.057 0.171 0.122 0.052 
 151   (0.025) 0.003 0.014 0.013 0.004 0.043 0.343 0.012 0.020 0.006 0.002 0.003 0.009 0.019 0.002 

Locus 32 : 32 
4 alleles
0.0% missing data
 150   (0.585) 0.772 0.573 0.269 0.829 0.613 0.541 0.571 0.584 0.545 0.500 0.860 0.673 0.580 0.800 
 154   (0.050) 0.003 0.060 0.051 0.008 0.030 0.005 0.085 0.042 0.062 0.080 0.007 0.017 0.040 0.011 
 146   (0.289) 0.134 0.287 0.574 0.130 0.350 0.447 0.250 0.307 0.373 0.289 0.115 0.287 0.314 0.046 
 148   (0.076) 0.091 0.081 0.106 0.032 0.007 0.008 0.094 0.067 0.020 0.131 0.018 0.024 0.065 0.143 

Locus 33 : 33 
7 alleles
0.0% missing data
 180   (0.447) 0.474 0.440 0.321 0.707 0.774 0.739 0.453 0.426 0.359 0.463 0.313 0.473 0.428 0.703 
 190   (0.024) 0.001 0.017 0.047 0.003 0.003 0.002 0.011 0.022 0.055 0.010 0.004 0.006 0.020 0.002 
 184   (0.206) 0.158 0.177 0.127 0.174 0.187 0.047 0.174 0.200 0.181 0.299 0.397 0.118 0.194 0.158 
 198   (0.045) 0.056 0.035 0.298 0.029 0.006 0.075 0.045 0.033 0.009 0.003 0.128 0.012 0.032 0.008 
 192   (0.131) 0.009 0.159 0.199 0.024 0.015 0.123 0.147 0.164 0.235 0.123 0.020 0.263 0.178 0.012 
 196   (0.137) 0.256 0.168 0.006 0.059 0.015 0.013 0.165 0.148 0.159 0.100 0.135 0.127 0.143 0.117 
 194   (0.010) 0.046 0.004 0.000 0.005 0.001 0.001 0.004 0.007 0.002 0.001 0.002 0.002 0.006 0.001 

Locus 34 : 34 
7 alleles
0.0% missing data
 108   (0.093) 0.007 0.103 0.571 0.016 0.140 0.067 0.087 0.113 0.033 0.056 0.015 0.035 0.115 0.015 
 110   (0.258) 0.311 0.224 0.147 0.182 0.254 0.063 0.205 0.245 0.296 0.361 0.200 0.174 0.240 0.525 
 106   (0.288) 0.222 0.308 0.204 0.122 0.287 0.693 0.343 0.299 0.386 0.295 0.061 0.328 0.301 0.057 
 112   (0.307) 0.452 0.323 0.076 0.670 0.029 0.102 0.336 0.292 0.177 0.282 0.710 0.421 0.296 0.391 
  94   (0.013) 0.001 0.022 0.000 0.001 0.001 0.001 0.011 0.023 0.003 0.001 0.002 0.003 0.021 0.001 
  90   (0.033) 0.007 0.017 0.002 0.007 0.288 0.004 0.014 0.024 0.104 0.004 0.011 0.037 0.022 0.012 
  96   (0.008) 0.001 0.003 0.000 0.001 0.001 0.070 0.003 0.005 0.002 0.001 0.001 0.002 0.005 0.001 

Locus 35 : 35 
8 alleles
0.0% missing data
 168   (0.048) 0.003 0.092 0.383 0.008 0.402 0.004 0.118 0.058 0.012 0.004 0.006 0.013 0.056 0.004 
 170   (0.314) 0.220 0.292 0.287 0.098 0.534 0.588 0.275 0.296 0.401 0.551 0.264 0.180 0.287 0.159 
 172   (0.293) 0.393 0.267 0.185 0.289 0.030 0.374 0.253 0.281 0.174 0.098 0.328 0.550 0.290 0.583 
 174   (0.092) 0.011 0.138 0.043 0.018 0.009 0.009 0.163 0.118 0.054 0.079 0.016 0.062 0.126 0.015 
 186   (0.018) 0.001 0.018 0.069 0.004 0.002 0.002 0.029 0.018 0.003 0.001 0.002 0.006 0.018 0.002 
 176   (0.126) 0.132 0.110 0.028 0.091 0.013 0.013 0.079 0.134 0.320 0.227 0.182 0.034 0.127 0.057 
 178   (0.040) 0.028 0.041 0.002 0.012 0.004 0.004 0.041 0.044 0.008 0.003 0.014 0.077 0.047 0.005 
 166   (0.070) 0.212 0.043 0.003 0.479 0.007 0.007 0.043 0.052 0.027 0.037 0.187 0.078 0.050 0.176 

Locus 36 : 36 
6 alleles
0.0% missing data
  83   (0.108) 0.042 0.123 0.336 0.051 0.013 0.018 0.097 0.127 0.136 0.046 0.022 0.155 0.126 0.011 
  89   (0.555) 0.659 0.519 0.592 0.770 0.283 0.780 0.513 0.551 0.427 0.663 0.477 0.603 0.554 0.836 
  85   (0.200) 0.196 0.252 0.032 0.081 0.319 0.188 0.313 0.198 0.250 0.060 0.406 0.120 0.199 0.107 
  91   (0.013) 0.001 0.006 0.014 0.002 0.372 0.001 0.005 0.010 0.003 0.001 0.002 0.003 0.008 0.001 
  95   (0.084) 0.099 0.059 0.025 0.091 0.008 0.009 0.043 0.071 0.115 0.083 0.087 0.106 0.065 0.042 
  81   (0.040) 0.002 0.041 0.001 0.006 0.005 0.004 0.029 0.043 0.070 0.147 0.007 0.013 0.048 0.003 

Locus 37 : 37 
8 alleles
0.0% missing data
 161   (0.374) 0.425 0.341 0.562 0.593 0.075 0.399 0.357 0.373 0.343 0.357 0.772 0.243 0.371 0.462 
 173   (0.254) 0.115 0.247 0.206 0.122 0.431 0.527 0.226 0.241 0.425 0.434 0.086 0.435 0.247 0.056 
 165   (0.239) 0.306 0.264 0.224 0.238 0.071 0.058 0.272 0.241 0.201 0.199 0.076 0.203 0.234 0.231 
 159   (0.013) 0.051 0.005 0.003 0.002 0.001 0.001 0.005 0.008 0.003 0.001 0.003 0.004 0.007 0.002 
 169   (0.078) 0.100 0.101 0.003 0.038 0.035 0.010 0.089 0.097 0.017 0.006 0.056 0.034 0.106 0.214 
 167   (0.022) 0.002 0.033 0.001 0.005 0.003 0.002 0.045 0.026 0.006 0.002 0.003 0.026 0.023 0.009 
 175   (0.009) 0.001 0.003 0.000 0.001 0.001 0.001 0.003 0.005 0.002 0.001 0.001 0.053 0.005 0.001 
 168   (0.013) 0.001 0.005 0.000 0.001 0.383 0.001 0.004 0.008 0.002 0.001 0.002 0.003 0.007 0.025 

Locus 38 : 38 
7 alleles
0.0% missing data
  87   (0.139) 0.139 0.131 0.368 0.341 0.762 0.201 0.152 0.116 0.078 0.066 0.022 0.036 0.115 0.225 
  91   (0.151) 0.028 0.129 0.219 0.122 0.037 0.305 0.102 0.148 0.219 0.311 0.022 0.245 0.145 0.085 
  85   (0.202) 0.104 0.198 0.146 0.062 0.148 0.274 0.198 0.197 0.208 0.272 0.103 0.307 0.187 0.032 
  89   (0.392) 0.687 0.459 0.263 0.419 0.041 0.068 0.467 0.429 0.250 0.219 0.748 0.370 0.454 0.508 
  81   (0.090) 0.040 0.072 0.003 0.047 0.010 0.149 0.072 0.093 0.171 0.129 0.103 0.036 0.084 0.058 
  93   (0.016) 0.001 0.006 0.001 0.003 0.001 0.001 0.005 0.010 0.073 0.002 0.002 0.005 0.009 0.070 
  95   (0.009) 0.001 0.004 0.000 0.007 0.001 0.001 0.004 0.006 0.002 0.001 0.001 0.002 0.006 0.022 

Locus 39 : 39 
4 alleles
0.0% missing data
 161   (0.138) 0.038 0.136 0.524 0.030 0.177 0.095 0.129 0.148 0.110 0.025 0.033 0.128 0.142 0.174 
 167   (0.824) 0.951 0.832 0.420 0.943 0.819 0.901 0.849 0.811 0.882 0.972 0.960 0.863 0.820 0.822 
 165   (0.029) 0.010 0.028 0.056 0.005 0.004 0.003 0.019 0.035 0.006 0.002 0.005 0.007 0.033 0.003 
 155   (0.008) 0.001 0.004 0.000 0.023 0.001 0.001 0.003 0.005 0.002 0.001 0.001 0.002 0.005 0.001 

Locus 40 : 40 
7 alleles
0.3% missing data
 228   (0.411) 0.563 0.389 0.331 0.640 0.494 0.180 0.364 0.398 0.300 0.324 0.542 0.598 0.392 0.553 
 240   (0.090) 0.006 0.106 0.430 0.020 0.052 0.147 0.114 0.134 0.121 0.012 0.014 0.094 0.130 0.008 
 236   (0.088) 0.125 0.049 0.126 0.026 0.152 0.620 0.039 0.067 0.105 0.114 0.021 0.022 0.060 0.116 
 238   (0.346) 0.227 0.419 0.105 0.283 0.170 0.046 0.449 0.354 0.415 0.402 0.402 0.270 0.374 0.257 
 224   (0.046) 0.078 0.027 0.007 0.028 0.004 0.005 0.027 0.033 0.056 0.147 0.019 0.011 0.030 0.052 
 242   (0.012) 0.001 0.006 0.000 0.001 0.127 0.001 0.004 0.009 0.002 0.001 0.001 0.002 0.008 0.001 
 246   (0.008) 0.001 0.003 0.000 0.001 0.001 0.001 0.003 0.005 0.002 0.001 0.001 0.002 0.005 0.013 

Locus 41 : 41 
9 alleles
0.3% missing data
 130   (0.517) 0.453 0.564 0.656 0.333 0.087 0.397 0.527 0.550 0.486 0.460 0.409 0.409 0.559 0.596 
 134   (0.104) 0.008 0.146 0.255 0.021 0.305 0.011 0.176 0.096 0.187 0.109 0.017 0.153 0.105 0.009 
 118   (0.048) 0.003 0.040 0.075 0.010 0.065 0.262 0.047 0.050 0.013 0.012 0.007 0.042 0.047 0.005 
 132   (0.130) 0.215 0.088 0.008 0.100 0.012 0.305 0.086 0.117 0.135 0.195 0.521 0.061 0.116 0.174 
 128   (0.071) 0.221 0.052 0.002 0.479 0.007 0.011 0.054 0.055 0.081 0.031 0.021 0.301 0.053 0.030 
 114   (0.098) 0.093 0.093 0.003 0.048 0.521 0.010 0.095 0.108 0.090 0.178 0.020 0.026 0.098 0.126 
 122   (0.015) 0.006 0.010 0.001 0.007 0.001 0.002 0.009 0.012 0.003 0.001 0.002 0.004 0.012 0.058 
 120   (0.008) 0.001 0.003 0.000 0.001 0.001 0.001 0.003 0.005 0.002 0.008 0.001 0.002 0.005 0.001 
 119   (0.008) 0.001 0.004 0.000 0.001 0.001 0.001 0.004 0.006 0.003 0.005 0.001 0.002 0.005 0.001 

Locus 42 : 42 
8 alleles
0.0% missing data
  92   (0.130) 0.059 0.120 0.364 0.139 0.207 0.013 0.098 0.142 0.064 0.115 0.197 0.056 0.131 0.130 
  96   (0.066) 0.080 0.042 0.177 0.058 0.167 0.006 0.038 0.056 0.028 0.060 0.017 0.021 0.054 0.078 
  98   (0.150) 0.246 0.130 0.291 0.053 0.281 0.108 0.128 0.138 0.114 0.119 0.156 0.038 0.138 0.190 
 104   (0.343) 0.209 0.410 0.157 0.149 0.072 0.312 0.423 0.376 0.353 0.294 0.069 0.560 0.386 0.300 
 102   (0.280) 0.405 0.279 0.010 0.597 0.270 0.545 0.298 0.266 0.376 0.407 0.557 0.312 0.270 0.298 
 106   (0.008) 0.001 0.008 0.000 0.001 0.001 0.001 0.005 0.008 0.002 0.001 0.001 0.002 0.008 0.001 
  94   (0.010) 0.001 0.005 0.000 0.001 0.001 0.001 0.004 0.006 0.029 0.003 0.001 0.004 0.006 0.001 
 100   (0.012) 0.001 0.006 0.000 0.002 0.002 0.013 0.005 0.008 0.035 0.002 0.002 0.008 0.007 0.001 

Locus 43 : 43 
6 alleles
0.0% missing data
  95   (0.259) 0.356 0.251 0.396 0.391 0.046 0.426 0.249 0.254 0.241 0.215 0.074 0.183 0.251 0.531 
  99   (0.074) 0.036 0.071 0.304 0.012 0.340 0.007 0.066 0.070 0.022 0.061 0.262 0.018 0.068 0.007 
 101   (0.334) 0.376 0.326 0.227 0.352 0.030 0.167 0.321 0.332 0.317 0.441 0.380 0.552 0.338 0.266 
  97   (0.028) 0.002 0.021 0.028 0.004 0.369 0.013 0.025 0.021 0.015 0.003 0.004 0.012 0.020 0.002 
 103   (0.297) 0.230 0.328 0.045 0.240 0.214 0.385 0.336 0.317 0.404 0.279 0.280 0.232 0.318 0.182 
 105   (0.008) 0.001 0.003 0.000 0.001 0.001 0.001 0.003 0.005 0.002 0.001 0.001 0.002 0.005 0.013 

Locus 44 : 44 
8 alleles
0.0% missing data
 177   (0.076) 0.069 0.049 0.065 0.178 0.007 0.009 0.048 0.067 0.016 0.029 0.161 0.099 0.067 0.117 
 191   (0.272) 0.182 0.294 0.644 0.382 0.099 0.044 0.336 0.263 0.372 0.446 0.169 0.235 0.263 0.085 
 179   (0.022) 0.001 0.037 0.090 0.003 0.306 0.002 0.067 0.015 0.004 0.002 0.003 0.005 0.013 0.002 
 181   (0.582) 0.745 0.580 0.194 0.431 0.582 0.915 0.522 0.610 0.597 0.514 0.659 0.646 0.610 0.791 
 193   (0.014) 0.001 0.013 0.005 0.002 0.003 0.004 0.008 0.016 0.004 0.001 0.002 0.005 0.015 0.001 
 183   (0.011) 0.001 0.011 0.000 0.001 0.001 0.001 0.009 0.011 0.002 0.001 0.001 0.004 0.012 0.001 
 189   (0.015) 0.001 0.013 0.001 0.002 0.001 0.024 0.008 0.013 0.003 0.001 0.003 0.004 0.015 0.001 
 187   (0.008) 0.001 0.004 0.000 0.001 0.001 0.001 0.004 0.006 0.002 0.006 0.001 0.002 0.005 0.001 

Locus 45 : 45 
6 alleles
0.5% missing data
 205   (0.435) 0.490 0.484 0.330 0.385 0.313 0.276 0.492 0.468 0.452 0.443 0.420 0.607 0.464 0.366 
 211   (0.215) 0.238 0.213 0.379 0.226 0.162 0.155 0.244 0.192 0.301 0.281 0.123 0.137 0.189 0.328 
 207   (0.176) 0.143 0.170 0.109 0.100 0.046 0.449 0.133 0.191 0.083 0.101 0.308 0.201 0.201 0.140 
 201   (0.063) 0.051 0.047 0.052 0.207 0.466 0.006 0.057 0.057 0.024 0.053 0.015 0.019 0.057 0.039 
 215   (0.097) 0.076 0.076 0.061 0.080 0.011 0.113 0.061 0.083 0.137 0.121 0.132 0.031 0.081 0.126 
 202   (0.013) 0.001 0.010 0.069 0.002 0.001 0.001 0.013 0.008 0.003 0.001 0.002 0.004 0.008 0.001 

Locus 46 : 46 
10 alleles
0.0% missing data
 158   (0.197) 0.070 0.179 0.162 0.193 0.156 0.251 0.175 0.198 0.215 0.237 0.178 0.118 0.200 0.190 
 170   (0.020) 0.003 0.013 0.074 0.003 0.002 0.004 0.009 0.018 0.005 0.002 0.004 0.005 0.016 0.009 
 168   (0.156) 0.175 0.152 0.257 0.180 0.114 0.125 0.114 0.170 0.085 0.132 0.131 0.066 0.173 0.235 
 156   (0.027) 0.002 0.019 0.115 0.006 0.144 0.003 0.026 0.032 0.010 0.007 0.004 0.008 0.031 0.002 
 164   (0.037) 0.002 0.025 0.134 0.009 0.043 0.004 0.029 0.037 0.204 0.006 0.020 0.017 0.034 0.003 
 142   (0.274) 0.178 0.327 0.160 0.328 0.031 0.299 0.357 0.278 0.266 0.363 0.361 0.457 0.279 0.085 
 144   (0.058) 0.230 0.053 0.013 0.105 0.006 0.009 0.053 0.064 0.012 0.004 0.012 0.067 0.062 0.201 
 162   (0.049) 0.003 0.041 0.056 0.007 0.374 0.005 0.037 0.045 0.051 0.183 0.007 0.018 0.045 0.004 
 166   (0.169) 0.335 0.184 0.014 0.168 0.129 0.279 0.195 0.151 0.149 0.066 0.281 0.241 0.152 0.269 
 160   (0.012) 0.001 0.006 0.014 0.002 0.001 0.020 0.005 0.008 0.002 0.001 0.002 0.003 0.007 0.001 

Locus 47 : 47 
6 alleles
0.0% missing data
 149   (0.266) 0.133 0.295 0.743 0.083 0.477 0.213 0.261 0.298 0.179 0.107 0.041 0.415 0.314 0.102 
 145   (0.250) 0.180 0.221 0.073 0.473 0.357 0.668 0.257 0.226 0.225 0.393 0.180 0.328 0.217 0.140 
 151   (0.230) 0.369 0.219 0.120 0.226 0.140 0.030 0.213 0.215 0.345 0.355 0.543 0.167 0.209 0.061 
 143   (0.016) 0.001 0.013 0.029 0.002 0.001 0.001 0.009 0.019 0.003 0.001 0.003 0.004 0.015 0.001 
 153   (0.224) 0.296 0.243 0.034 0.199 0.023 0.086 0.255 0.230 0.245 0.143 0.204 0.083 0.233 0.694 
 147   (0.015) 0.021 0.008 0.001 0.018 0.002 0.002 0.006 0.011 0.003 0.001 0.029 0.003 0.010 0.001 

Values of parameters used in structure:
DATAFILE=temp1.str,	OUTFILE=k14/temp1_k14_run4,	NUMINDS=395,	NUMLOCI=47,	MISSING=-9,	LABEL=1,	POPDATA=1,	POPFLAG=0,	PHENOTYPE=0,	EXTRACOLS=0,	MAXPOPS=14,	BURNIN=500000,	NUMREPS=750000,	USEPOPINFO=0,	INFERALPHA=1,	INFERLAMBDA=0,	POPSPECIFICLAMBDA=0,	POPALPHAS=0,	COMPUTEPROB=1,	NOADMIX=0,	ADMBURNIN=500,	UPDATEFREQ=100,	PRINTLIKES=0,	INTERMEDSAVE=0,	PRINTKLD=0,	PRINTNET=1,	PRINTLAMBDA=1,	ANCESTDIST=0,	NUMBOXES=1000,	ANCESTPINT=0.90000,	GENSBACK=2,	MIGRPRIOR=0.01000,	PRINTQHAT=0,	PRINTQSUM=1,	ALPHA=1.0000,	FREQSCORR=1,	FPRIORMEAN=0.0100,	FPRIORSD=0.0500,	ONEFST=0,	LAMBDA=1.0000,	UNIFPRIORALPHA=1,	ALPHAMAX=10.0000,	ALPHAPRIORA=1.0000,	ALPHAPRIORB=2.0000,	ALPHAPROPSD=0.0250,	STARTATPOPINFO=0,	RANDOMIZE=0,	LINKAGE=0,	METROFREQ=10,	REPORTHITRATE=0,	MARKOVPHASE=0,	PHASED=1,	PLOIDY=2,	PHASEINFO=0	LOCPRIOR=0, 	LOCPRIORINIT=1.000000, 	LOCDATA=0, 	LOCISPOP=1, 	LOCPRIORSTEP=0.100000, 	MAXLOCPRIOR=20.000000, 	SEED=217912,	
[STRAT parameters]:    NUMSIMSTATS=1000,	PHENOTYPECOL=-9,	POOLFREQ=10,	LOCUSxONLY=0,	EMERROR=0.00100,	MISSINGPHENO=-9,	